data_set
babi-q1
num_classes
6
data_points
1000
model
saved_models/babi-q1-e0057.ckpt
color_schema
#4E79A7,#F28E2B,#E15759,#76B7B2,#59A14F,#EDC948,#B07AA1,#FF9DA7,#9C755F,#BAB0AC
test_accuracy
0.51
test_loss
1.1669134016036988
train_accuracy
0.570875
train_loss
1.0414997308254241
val_accuracy
0.5315
val_loss
1.1605154161453246
labels
12,9,15,12,15,12,11,12,17,17,15,11,17,10,10,15,11,15,17,15,12,17,17,12,10,10,10,15,15,15,12,17,15,15,9,17,9,11,15,10,9,11,9,12,11,15,12,9,17,10,10,17,11,11,15,10,15,12,11,12,12,17,9,11,11,15,15,9,17,17,11,12,11,10,9,15,15,15,12,17,11,9,10,11,17,11,11,12,15,15,9,9,12,9,9,15,15,15,10,10,10,9,17,11,11,12,10,9,17,10,9,9,15,12,15,11,17,15,9,17,10,9,10,12,10,17,11,11,11,9,11,12,9,11,15,9,17,15,9,9,17,12,12,17,10,15,15,15,15,15,11,11,9,17,10,9,11,10,17,12,10,10,10,11,9,11,11,11,15,10,17,17,11,9,9,17,15,10,17,17,12,12,12,12,10,9,17,11,15,17,12,15,11,12,12,11,17,15,9,10,12,17,17,10,12,9,15,12,9,12,9,10,12,10,9,10,9,12,12,9,9,12,15,12,10,17,12,11,9,9,17,11,12,17,12,10,10,10,10,17,12,15,11,11,15,15,11,11,11,11,10,17,9,9,10,10,17,17,15,11,11,17,12,17,17,9,11,10,9,10,15,17,17,15,9,17,15,12,17,9,9,11,17,17,11,17,9,17,11,9,15,15,10,15,15,11,11,12,12,9,9,9,9,17,12,11,9,17,17,15,11,11,17,10,11,17,10,17,17,11,11,15,15,11,11,9,10,11,11,10,15,17,15,10,10,17,12,17,12,12,12,11,17,15,11,17,12,12,15,15,10,11,11,10,10,9,17,12,11,12,11,9,11,11,11,11,11,12,12,12,12,12,11,11,17,10,15,9,9,10,9,10,10,17,17,15,17,17,17,15,15,12,9,10,17,17,10,17,9,11,10,11,10,15,17,15,12,10,11,15,10,11,9,12,17,10,10,15,12,9,12,12,9,12,10,15,15,17,10,10,17,15,15,15,17,11,15,9,10,11,10,12,9,11,10,11,10,12,11,15,15,15,15,11,9,15,10,12,11,12,9,11,10,17,11,11,10,10,10,17,12,17,17,9,15,11,9,15,11,9,10,10,12,12,11,10,9,12,10,9,15,10,10,11,11,15,15,10,12,12,15,11,9,12,9,15,10,17,17,10,10,17,10,10,17,9,9,10,12,11,17,17,12,12,11,12,17,11,11,12,11,11,11,17,9,11,10,12,12,10,11,17,12,12,15,11,15,15,12,10,10,9,17,10,15,12,15,10,10,10,11,10,11,15,10,9,9,15,10,10,10,10,15,15,17,9,10,12,10,10,12,12,11,15,10,10,11,12,10,10,17,12,17,11,9,9,17,17,11,10,10,10,15,15,17,11,15,12,11,10,15,17,9,11,9,17,15,12,15,17,11,17,17,15,9,10,9,9,10,10,9,10,10,15,11,11,11,15,12,9,11,11,10,17,11,11,12,17,15,15,9,11,15,15,11,9,15,15,11,15,15,15,11,10,10,9,17,17,17,17,10,10,17,9,15,9,17,12,12,12,15,15,15,17,9,11,9,17,9,12,11,9,9,17,11,11,11,10,15,10,12,12,9,9,17,12,12,9,17,12,11,11,15,15,12,11,12,17,12,17,11,12,11,17,17,11,17,9,11,9,10,10,12,17,10,12,9,9,9,15,11,11,15,17,9,10,9,12,17,15,17,17,12,10,12,11,11,17,15,9,17,10,9,11,12,15,9,15,12,10,9,10,17,17,15,15,9,9,9,17,10,17,17,9,12,17,17,12,12,11,11,11,11,17,11,17,17,17,17,17,12,9,17,10,17,11,10,10,12,12,11,11,17,12,12,17,17,15,11,17,11,11,9,12,9,17,9,10,9,15,11,9,11,15,10,9,9,9,17,12,11,11,17,15,15,10,10,11,11,17,10,12,9,10,10,10,10,10,15,17,9,11,17,15,12,11,10,10,15,12,10,11,12,12,11,11,11,15,12,17,10,12,17,17,12,10,10,12,17,10,11,17,11,12,17,17,11,12,11,17,9,9,11,17,11,11,15,15,17,17,10,10,17,12,11,15,12,11,11,10,9,12,12,15,10,9,17,15,17,9,17,17,10,17,15,12,12,11,10,10,10,17,17,15,12,17,9,9,15,10,12,15,15,15,17,17,15,11,15,10,12,9,9,10,11,11,9,9,12,15,9,15,9,12,12,10,17,17,10,12,15,9,10,17,11,11,11,17,9,9,11,15,11,11,11,15,12,17,9,10
pred_labels
9,10,15,11,15,12,11,12,17,9,15,17,15,11,10,15,11,15,12,11,12,17,9,12,17,15,10,10,11,15,17,17,15,15,9,17,12,15,12,11,9,11,12,15,10,12,12,9,17,10,10,17,11,12,15,9,11,10,15,17,12,17,9,10,9,15,9,9,17,9,10,17,15,12,9,15,17,17,17,17,11,11,10,17,17,11,11,10,17,15,9,9,12,9,17,15,15,15,10,15,10,9,17,11,10,12,10,9,17,10,9,15,15,12,17,17,15,9,15,17,10,9,15,9,17,17,11,17,11,11,11,17,15,10,10,9,17,17,9,9,17,12,17,9,10,15,10,15,15,17,10,11,17,17,17,10,10,10,17,17,12,9,10,17,9,11,11,15,15,15,17,11,11,9,12,17,15,12,17,17,12,17,12,17,17,9,9,9,9,17,12,17,11,10,17,11,10,9,9,10,17,17,10,10,10,12,11,12,10,15,11,10,12,10,10,12,11,12,9,11,12,12,10,15,15,17,17,17,9,17,17,15,11,17,17,10,9,15,10,17,12,9,11,12,17,15,15,9,15,15,10,15,9,10,10,10,10,11,15,11,11,17,12,17,11,11,15,9,10,10,15,17,17,10,11,15,15,10,12,9,9,11,17,15,11,17,11,12,11,9,15,12,10,15,15,11,12,11,12,10,9,12,17,17,17,11,9,9,9,17,11,10,11,10,15,17,10,17,15,15,11,15,15,11,17,9,10,17,9,17,15,17,17,17,15,11,12,11,12,17,12,11,17,17,10,17,15,12,15,15,11,10,11,10,9,17,17,12,11,12,11,9,11,11,10,11,15,12,17,15,12,12,10,15,17,17,15,17,11,11,9,12,12,17,15,9,17,17,17,12,15,12,11,10,17,17,11,11,10,11,10,11,10,15,17,10,17,17,10,10,10,10,9,12,17,10,9,11,11,9,15,12,9,12,9,9,15,17,10,9,15,11,15,12,17,11,9,10,11,11,11,12,11,11,10,10,9,12,11,15,15,10,15,15,9,15,15,10,11,12,17,10,17,17,17,11,15,9,10,17,12,17,17,11,15,17,10,15,11,10,10,17,12,12,15,10,9,12,15,17,15,15,10,10,10,15,15,10,17,15,15,11,10,15,10,15,10,9,9,10,10,10,10,9,12,9,10,9,12,11,17,17,12,12,11,12,17,11,17,12,11,17,10,12,9,11,10,12,11,10,11,10,12,12,9,11,15,12,12,10,10,9,15,11,10,12,17,10,17,9,11,10,10,15,11,9,15,17,17,12,10,12,15,17,17,9,10,9,9,9,15,15,10,11,10,10,12,9,10,10,17,17,17,11,11,9,12,11,12,10,10,10,10,15,17,10,17,11,10,10,15,17,9,11,9,9,15,9,17,12,11,10,9,17,10,10,10,11,12,10,9,10,15,15,9,11,17,12,11,9,11,17,10,17,11,15,12,17,9,10,9,11,10,15,15,9,15,11,11,15,12,12,12,17,9,17,17,17,10,10,10,11,17,17,17,9,17,12,10,9,15,15,15,17,11,11,9,17,17,12,11,9,9,17,17,11,10,12,10,11,12,17,9,9,17,11,17,17,12,12,11,11,15,15,10,10,12,17,17,17,10,12,17,17,10,17,17,17,15,9,10,12,12,17,12,12,9,9,9,10,11,15,9,15,9,17,9,12,9,15,17,10,12,10,11,11,15,9,11,9,9,9,17,11,12,9,10,17,12,10,9,17,17,15,10,15,15,15,12,9,10,17,12,12,11,9,9,10,10,12,11,10,17,17,11,17,9,17,11,9,11,10,10,15,17,11,10,11,12,17,11,10,11,12,15,17,17,15,17,9,11,10,9,17,9,17,12,15,15,15,10,15,12,15,10,9,9,11,17,10,11,17,17,15,15,17,10,17,12,11,15,12,9,10,10,10,17,17,10,17,9,12,12,15,15,11,15,15,15,17,9,11,12,12,11,11,15,15,11,17,10,17,15,12,15,10,10,12,9,9,17,17,11,12,15,17,11,12,17,10,9,17,11,11,9,11,15,11,9,17,12,17,17,9,11,15,12,11,9,17,15,11,17,15,10,11,9,9,17,10,9,10,11,17,15,12,12,10,10,15,10,17,17,17,12,17,9,15,11,15,12,15,15,17,11,9,9,10,11,10,12,9,15,15,17,17,10,9,9,15,9,15,15,9,11,9,10,10,9,9,10,9,10,11,15,15,10,9,9,9,11,15,11,9,17,15,12,10,9,11
pred_correctness
False,False,True,False,True,True,True,True,True,False,True,False,False,False,True,True,True,True,False,False,True,True,False,True,False,False,True,False,False,True,False,True,True,True,True,True,False,False,False,False,True,True,False,False,False,False,True,True,True,True,True,True,True,False,True,False,False,False,False,False,True,True,True,False,False,True,False,True,True,False,False,False,False,False,True,True,False,False,False,True,True,False,True,False,True,True,True,False,False,True,True,True,True,True,False,True,True,True,True,False,True,True,True,True,False,True,True,True,True,True,True,False,True,True,False,False,False,False,False,True,True,True,False,False,False,True,True,False,True,False,True,False,False,False,False,True,True,False,True,True,True,True,False,False,True,True,False,True,True,False,False,True,False,True,False,False,False,True,True,False,False,False,True,False,True,True,True,False,True,False,True,False,True,True,False,True,True,False,True,True,True,False,True,False,False,True,False,False,False,True,True,False,True,False,False,True,False,False,True,True,False,True,False,True,False,False,False,True,False,False,False,True,True,True,False,False,False,True,False,False,False,True,False,False,False,True,False,False,True,False,True,False,False,True,False,True,False,False,True,True,True,False,True,False,False,True,False,False,False,False,True,False,True,False,True,True,False,False,True,True,True,True,True,True,False,False,False,False,False,True,True,True,True,False,False,False,True,False,False,True,True,True,True,False,True,True,False,False,True,True,True,False,True,True,True,True,False,False,True,False,True,False,False,True,False,True,True,False,False,False,True,False,False,True,False,True,True,True,False,False,True,True,True,True,False,True,True,False,False,False,True,True,False,False,False,False,True,False,True,False,True,True,True,False,False,True,False,True,True,True,False,False,True,True,False,False,True,True,True,True,True,True,True,True,False,True,False,True,False,False,True,True,False,False,True,False,True,False,False,False,True,False,False,True,False,False,True,True,True,False,True,True,False,True,True,True,False,False,False,True,True,True,True,True,True,False,False,False,False,False,True,False,True,True,True,True,False,False,False,True,False,True,True,True,False,False,True,True,True,False,False,False,True,False,True,True,False,False,False,True,False,True,False,True,True,False,False,True,True,True,True,False,True,False,True,True,False,False,True,True,False,False,False,True,False,True,False,False,True,True,True,True,True,False,True,False,False,True,True,False,True,False,True,True,False,True,True,True,False,False,True,False,True,False,False,True,True,True,False,False,True,True,False,False,False,True,True,False,False,True,True,False,True,False,False,True,False,False,True,True,True,True,True,True,True,True,True,True,False,True,True,False,False,False,True,True,True,True,False,True,True,False,True,True,False,True,True,False,True,True,True,True,False,False,False,True,False,True,False,False,True,True,False,True,False,True,False,False,False,False,True,False,True,False,True,True,True,False,False,False,False,False,False,False,True,True,False,False,True,True,True,False,True,True,False,True,False,False,False,True,True,True,False,True,True,False,False,False,False,True,True,True,True,True,True,False,True,False,False,False,True,False,False,False,False,True,False,False,False,True,True,True,False,True,False,True,False,False,False,True,True,False,True,True,True,False,True,True,False,False,True,True,False,True,False,True,True,False,True,True,False,False,False,False,False,False,True,True,False,False,True,False,True,False,False,True,True,True,False,False,True,True,True,True,False,True,True,True,False,True,True,True,True,True,False,True,False,False,False,False,True,False,True,True,True,False,False,False,False,True,True,True,True,True,False,False,True,True,False,True,False,True,False,True,False,False,True,False,False,True,True,False,True,True,False,True,True,True,True,False,True,False,False,False,True,False,True,True,False,True,True,False,True,True,False,True,False,False,False,True,False,False,False,True,True,False,False,False,True,True,True,False,True,False,False,True,False,False,False,False,True,True,False,False,False,False,False,False,False,False,True,False,False,True,True,True,False,True,False,False,False,False,False,False,True,True,True,False,True,False,True,False,False,True,False,True,True,True,False,False,True,False,True,False,True,True,False,False,False,True,False,False,False,True,True,True,True,False,True,False,True,False,True,True,True,False,True,False,False,False,False,True,True,True,True,True,False,False,False,True,True,False,False,True,False,True,False,False,True,False,False,True,True,True,True,True,False,True,False,True,True,False,False,False,False,True,True,True,False,False,False,True,True,True,False,True,True,True,False,False,True,False,True,False,False,True,True,False,False,True,False,False,True,False,True,True,True,True,False,False,False,False,False,True,True,False,False,False,True,False,False,False,False,True,True,True,True,False,True,False,True,True,True,False,True,True,True,False,False,False,True,True,True,False,False,False,False,False,False,True,True,True,False,False,False,False,False,True,False,True,True,True,False,False,False,False,False,False,False,False,False,True,True,False,False,False,False,False,True,True,True,True,True,False,False,True,True,False,True,False
p2d-kl
0.768679678440094
p2d-iter
599
p2d
-1.3670579,0.34773034;-0.1368346,1.4746388;0.6830649,1.232229;-1.2641665,-0.7688113;-0.25460073,0.41339797;0.3946097,-0.1870667;-0.55072296,0.47069493;-0.19677494,-0.7826746;0.5315012,0.26567313;-0.7877401,1.010176;-0.92793643,-1.4457662;0.10027747,-0.21243912;-1.4768784,-1.0006605;0.10048365,-1.7223465;0.6281416,-0.45282945;-1.2255886,-1.0754545;-1.4334761,-0.70502925;-1.2284161,-1.0281851;-0.16336069,-0.88759804;0.26708347,-0.10109577;0.45465147,-0.050294165;0.5376669,0.23605566;-0.72224045,0.9918392;1.2881606,1.1871352;0.028074143,-0.3935689;0.042220913,-1.3258126;0.38834396,-0.93899244;1.4579428,1.1179909;0.030892247,-0.2883322;-1.0159886,0.038580917;-1.0508,-1.6313243;-0.9341778,-1.5122436;1.5916759,0.7540888;0.58412117,1.156276;-1.0309565,0.37261197;-0.7286073,-1.9549915;1.3774954,0.88737524;0.26812962,0.056531686;1.1142752,1.1962758;-0.9683005,-1.0213315;-1.4333515,0.33661354;-0.029448686,1.0469542;0.36526376,-0.5803959;-0.2929905,-1.6548495;-0.19817096,-1.9120847;0.47763076,-0.024203219;0.20367096,-0.7362765;-0.8237548,0.5403433;1.3580275,1.3568618;0.5621534,-0.850564;-0.60871387,-2.0029771;-0.62132174,-2.041786;0.5152743,-0.36114275;0.42817098,-0.03855697;-1.2796195,-1.0201427;-0.25315708,1.4612738;0.27915022,0.49925005;1.2634398,1.1468502;-0.9851434,-1.4296947;0.35592157,0.28026393;-0.24070232,-0.88377523;-0.74468637,1.0490171;-1.4101473,0.53919506;-0.2842719,-1.980667;-0.8287961,0.7645796;-1.5212504,-0.9396406;0.7516184,1.0234047;1.0570899,1.4295568;-1.0057669,-1.1926414;-0.35623428,1.0062149;-0.118116885,-1.9608941;0.69089067,0.03402435;-0.4054201,-0.37483442;0.6038977,-0.16469526;-1.1800802,0.5494405;-1.70289,-0.8029404;-0.29966787,-0.44938338;-1.2794293,-1.1378742;0.16573437,-0.8027292;0.05231569,-0.3363922;-1.2267337,-0.500666;-1.3002683,-0.042353556;1.7143122,1.193038;0.57668895,0.10672382;-0.37619117,-1.3369737;-1.174605,-0.47964817;-0.94328547,-0.86246413;0.81477195,-0.012694305;0.0021034104,-0.692571;-1.2012056,-1.0101739;-0.6901689,0.24447569;-0.3269694,1.4913828;1.4657183,1.4261196;-1.3200912,0.06780158;0.1723567,0.6804099;-1.6476774,-0.8663076;-0.13643731,-1.0094204;0.026287694,-1.2940975;1.6910089,1.2423725;-0.44266298,-1.5551925;0.6545117,-0.60593915;-1.6236937,-0.3319677;0.8824573,1.0994643;-0.3631857,-0.36836118;0.1259259,-1.7097031;0.17762636,-0.5038921;-0.6519127,-1.9472665;1.4848877,0.995759;-0.9305618,-0.8266818;0.057058338,-1.2701408;-1.4520166,0.34614426;1.7578647,1.1076063;0.5684002,0.0144406045;0.3817267,-0.31697112;1.7467781,0.7506465;-0.39293227,-0.77790314;0.65822273,1.0072722;-1.5847802,-0.28877562;0.42715392,0.15241675;-0.77535075,-1.1805797;0.2541555,-1.2357761;-1.587325,-0.22925171;1.7861992,0.9876074;-0.4417347,0.84812284;0.76534534,1.3345182;-0.3122292,-1.2282103;-0.9207923,-0.56023633;-0.44039652,-1.1405741;1.2661784,1.0299767;-0.6261359,0.52245075;-0.7586292,-0.91833746;-0.58895993,-1.9337842;1.8394842,0.918746;1.9837996,1.1203473;0.8710325,-0.08963832;-0.12250812,0.6186402;0.897406,1.0213687;2.2527719,1.1508795;-1.2539825,0.36493626;-1.3949804,-0.037251472;-0.03680619,-0.2956938;-0.18851641,-0.821678;-0.660574,-1.2045804;-0.5878303,0.24437028;2.1720085,1.0998003;-0.3679206,-1.6875552;1.6946013,1.3556658;-0.35137084,-1.7902415;1.7445571,0.90031326;-0.51968515,-0.033358343;-1.373736,-0.59281945;-1.2369992,0.024793504;0.19574143,1.1921604;0.19517845,1.1527741;1.1469451,0.38195223;1.4871771,1.3329918;0.6981962,-0.6826428;0.4833691,1.3767122;0.791076,1.3099425;0.6638047,0.08144383;-1.6699046,-1.0270602;-0.2637158,0.89792514;2.1436672,1.160417;1.1208172,0.652966;-1.4797788,0.019825637;-0.71594465,-0.92638296;-0.6475337,-0.82772785;-0.24953434,-1.7193826;0.20781247,-0.89955044;1.0090343,0.59734774;-1.2476594,-1.1712084;-0.8259813,-1.0407541;-0.6527453,-0.9063431;-0.9149275,0.8405092;2.234867,1.0961819;-0.35614952,-1.2788274;-0.88906,-1.4447279;0.5074155,0.030313246;0.8846123,0.2807395;0.6657473,0.3439626;0.16289477,-0.5241264;-0.980309,-1.6938794;-1.136201,-1.6009967;1.099986,0.4860869;2.1272995,1.085977;-0.35324192,0.40174106;-1.49325,0.12765105;1.3787335,1.199344;0.5991694,1.0568583;0.93197674,0.98924947;-1.0558153,-1.548021;-0.42909205,-1.3903924;-0.52733237,0.26995856;1.9118903,1.0196393;0.13991168,-0.67507017;-0.8905051,-0.89707345;0.5841486,-0.39675775;-0.5989613,1.2167414;1.8103219,0.85584813;1.3611827,1.3489532;-0.989227,-1.6401912;-0.31621718,-0.94703305;0.13881806,-1.2157204;1.063813,0.2833747;0.5534499,-0.68513805;-1.3512502,0.36301145;-0.525177,0.14605954;0.6343272,1.5339638;1.4473778,1.3576674;1.3565558,1.0623562;-0.997743,0.31235507;2.0703669,1.1665626;-0.4190961,1.2094975;-0.23644741,1.4947625;2.266149,1.200353;-0.56375134,-2.0182068;-0.523599,0.596427;0.96808416,0.84812045;-0.29412502,0.78871787;-0.5951164,0.5701903;-0.48923165,1.1651679;-1.0119932,-1.6079372;1.4805468,1.0604638;0.9458886,0.16770187;0.30058438,-0.9883111;-1.175348,-1.5696659;-0.7676648,1.0442034;0.14722128,0.67598253;-0.7514539,0.20723066;1.7668854,0.726653;-0.7805265,1.0966822;-0.280458,0.31987548;-1.4124528,-0.7734626;-1.1346834,-1.4386827;0.95384985,1.0561222;0.87253135,-0.116289265;-1.6239119,-0.2960827;1.8553292,0.8534389;0.17672046,-1.1673627;0.9211018,0.60243946;-1.5703592,-1.1301851;1.8104272,0.79517245;-0.47170138,-0.3326198;1.0269042,0.78969604;1.2910457,0.58292717;-1.6627864,-0.8452671;-0.99316466,-0.65457964;0.57113445,0.940284;0.055433005,-0.029107904;-0.16184016,0.4015075;0.21924534,-1.2211344;1.0313435,0.18808056;-0.8242112,0.32305378;1.3544497,1.1543452;0.5657109,-0.8002022;0.11227761,-1.8746883;0.23794185,-1.1831334;0.42851225,0.8370837;-0.9580542,-0.53969646;-1.029183,-0.79341054;0.061198153,-1.8426299;0.7592607,1.1806445;0.64752764,1.4675834;-0.6988628,-1.060084;-0.32971022,0.7840682;-0.98271954,0.3454021;-0.2756883,0.32149413;0.56577575,1.0867343;1.4433362,1.2549763;1.1605473,1.0788187;-0.6772647,0.19355823;0.41465238,0.2862643;-0.40275317,-0.69861877;-0.3426965,-1.9211578;-0.94641435,0.21599118;-0.4626903,-1.4727249;-1.6187336,-0.78888494;0.47767085,-0.4579446;-1.2334213,-1.4857731;0.04336672,0.8510172;-1.3924414,0.4733836;-0.0040320256,1.0725687;0.9440399,1.0813801;1.7253964,0.8435612;-0.10919419,0.38703904;-0.64787894,-1.9951159;0.47827724,0.86445284;1.0580851,1.2676505;-0.91429365,-0.63715386;-1.4941758,-0.17172672;-1.6024312,-0.8662594;2.1154194,0.9595553;0.68738073,-0.60601646;0.52659297,-0.24416386;-1.5720409,-0.8981202;-0.9467848,-0.46829194;-0.15557486,-0.16512921;0.082972854,0.696624;0.58701974,1.548625;1.5515205,1.356634;-1.7701501,-0.51481307;1.0258024,1.2133859;0.28859797,-0.16871971;0.15069167,0.25557676;0.0038430875,-0.77227175;-1.3586317,-0.042802498;-1.2107023,0.4796924;-1.3209707,0.4785167;-1.3402039,0.056560744;1.7761974,0.81086564;-1.6531185,-0.678221;0.9167524,0.29139024;-0.46273175,-0.8875739;0.7954468,-0.060225114;-1.4261209,-1.0589576;-0.43305156,-0.7440852;-0.6943988,-1.902903;1.0300046,0.52409405;0.20974137,-1.006502;-0.4049144,-0.15092926;-1.4662458,-0.6458036;-0.7535837,0.15556875;-1.124728,-0.16755238;-0.9382946,-0.7604684;0.3576804,-0.46151355;-0.34022838,1.4219772;1.7637248,1.1025236;0.052998357,-0.22622566;-0.09483724,0.6023205;1.6904366,0.96826434;-0.50443625,-1.4713812;-0.38057455,-1.2030505;1.7107991,0.7450607;-1.2146038,-1.6005366;-1.5587618,-0.9046671;-0.89775926,-0.9299965;-1.0296464,-1.5457191;0.04952805,0.74563026;2.0098112,0.90944654;1.3306324,0.56903505;0.56277585,1.5079533;0.054469965,-1.7946001;0.19840974,-0.64137065;2.0436938,1.0761346;1.2384524,0.96044457;-0.8328971,-1.2370247;-1.4970211,-0.9264063;-0.29466096,-1.5615653;0.27233255,-0.015020581;-0.7327945,0.17267868;-0.06584584,-1.9433722;0.5940984,-0.6202995;0.10683599,-0.3543091;1.7489421,1.3324188;-0.4079912,0.3999484;-0.576077,1.0407559;0.39508978,0.29860127;0.18038236,-0.53592056;0.020564284,-1.7573006;0.13785611,0.34424955;-1.0661112,-0.6162541;-1.6891917,-0.4980877;-0.82845825,0.41308844;-0.057992764,-0.059683844;-0.008284299,1.1653426;-0.80043113,-0.91923636;-0.32033098,-1.8307362;-0.19585072,-0.89496934;-0.33538544,-0.89302045;0.26136318,0.013680297;-1.0901777,-1.5906415;-0.4497907,1.1200148;1.1284604,1.0590438;0.47144696,-0.39156917;-0.43740773,-1.0565404;1.2455837,0.47809148;-0.07094143,-1.2588388;-0.33934474,0.68749744;-0.6757293,-0.9562054;-1.3072933,-0.64662915;-1.0708059,0.76248014;1.0162705,1.3929139;0.10649693,-0.65499467;-0.3257216,-0.7626034;-1.4573833,-0.9864417;-0.060450986,0.6289211;0.3028722,0.73078126;-0.5965466,-1.8972622;1.3250314,0.5257821;-0.7813091,-1.744941;-0.47934967,-0.2279157;-0.30185083,-1.5836335;1.0696768,1.1460351;1.1206473,0.94276756;-1.4713343,0.17765331;-1.3057046,-1.1382477;-0.22709496,-1.9668807;-1.328975,-0.7658897;1.5360093,1.2256124;0.04172482,0.49390438;0.07694182,-1.9261875;-1.1195291,0.27187243;0.73224705,-0.16544983;2.2419093,1.2346644;0.82239556,1.2907121;0.0093221795,-1.2841629;-0.45936,-1.1341276;0.7322788,0.3205571;2.1829762,1.1598713;2.1813002,1.2069943;1.2782743,1.4100062;1.1634357,1.1349666;-1.3248813,0.11710796;0.54730755,1.4726074;-0.60389984,-1.8508557;-1.3079726,-1.4905918;-0.8697237,0.5381215;0.26896876,0.5122632;0.13249175,0.4518185;0.23422956,0.84722614;-0.8510746,-1.4063104;1.8186934,0.7132806;-0.42278895,0.95964825;-1.356823,-1.4361266;2.2115455,1.0707526;-0.38805926,0.36802566;-1.1058555,-0.14454867;0.0884528,-0.11893047;1.114488,0.77380633;-0.38441423,1.4348676;-0.44438672,-1.4590492;-0.43836194,-0.369046;0.34650177,-0.8736108;0.76785403,0.24181852;-1.6284546,-1.0715662;-0.8544258,-0.53257847;0.12293979,0.910931;1.5993217,1.2663285;-0.024006756,-1.9598658;-0.056911364,-1.7743199;0.0034950054,-1.8761408;-1.0949892,-1.3731925;-0.95704126,0.47256982;-1.2794296,0.021583939;0.6869923,-0.70796686;0.09319414,-1.8059548;-0.58904165,1.2069328;0.84829384,0.67500067;-0.342139,-0.20533264;-1.3723471,-0.9554221;0.635823,1.0137167;1.6715319,1.2887484;-1.3777814,-0.957152;-0.8403156,0.16306923;-1.1547192,0.079533234;-0.42937917,-1.4591517;0.2507521,-1.0083852;0.9820694,0.25356102;0.70462537,-0.34915832;0.1347667,1.387999;-0.8050602,1.0449414;1.177874,0.87786466;0.92528623,0.33335522;1.1235644,0.3984394;-0.9484063,-0.99647325;-0.9435791,-0.6491558;-0.02476284,-1.4213756;-1.0849442,0.35931355;2.3034472,1.1404285;0.60326123,0.044747487;-0.5706389,-2.0357985;-0.13612612,1.2396734;0.87781477,1.0974728;0.69640726,0.89401466;0.614911,0.95994705;-0.4112922,-0.7712916;-0.22608604,1.4079715;0.6457419,1.1929321;0.23823741,-0.07017613;1.5563905,1.2866802;-0.3453855,-1.7168084;0.5487007,0.19165595;-1.5098902,-1.1498044;0.15753062,1.3957424;0.9093485,0.8643659;-0.118926816,-2.004494;-1.2895474,0.40378475;0.24662395,-0.7714442;0.28548303,-0.9331546;-0.22618298,0.8957568;-1.7208797,-0.7526748;-0.36139995,-1.8880725;1.2189745,0.81233805;0.9136644,-0.050605323;1.7552204,1.1797578;0.43496406,-0.91246986;-0.37514478,-1.3924274;1.7301528,1.3457258;1.3735634,0.5858832;-0.8611387,-1.4465464;-1.685486,-0.7841155;-1.2290794,-0.42613837;0.82599545,1.428366;1.0481814,0.8282283;-0.36167935,1.2738727;1.4703768,0.8393448;1.2003328,0.84387267;-0.09044235,1.2937684;-0.1779066,1.2700999;0.9707304,0.18592578;-0.70876825,-2.0947797;-0.70729476,-1.9996914;-0.0767902,-1.838415;0.75447667,1.2706258;0.44548082,1.4480757;-1.7154372,-0.53648335;1.4035732,1.2184881;-1.0550747,0.37685186;0.69087434,1.5458822;-0.82678413,-0.7041086;-0.62396514,1.0605412;-0.9190592,-1.1020883;-0.65697825,-1.1194104;1.4067498,1.4244256;-0.45809814,-0.7550373;0.43682522,-0.07446989;-0.9703163,-1.5682982;-0.9089479,-0.726014;-0.7313065,-1.0926163;-0.676882,-1.7002681;-0.92210925,-0.92375714;0.33096352,-0.44906637;0.0885948,-1.8630189;1.0799066,0.78653693;-0.85773313,0.45459417;-0.8564475,-0.5350547;1.3623741,1.278858;0.6635361,0.13103496;-0.45332798,-0.83682686;1.932457,1.2489594;-0.86734414,-0.9471375;1.2484074,0.5727312;-0.5361393,-0.99986744;0.7354098,-0.30353892;0.68144614,1.1484574;-0.47091886,-0.37957293;-1.1399052,-0.88380396;0.9392189,0.7019483;1.0636419,0.6910358;-0.6806366,-1.8900142;-1.2969229,-1.5978642;-0.21430035,1.3235786;0.9305954,0.58576;-0.20646848,-1.9320307;-0.046389237,-1.4560181;0.18764865,1.3690774;0.118440144,-0.14280371;0.5361139,-0.78887165;-0.14550985,1.2693089;-0.61465067,1.1609753;-1.0671244,-0.6181779;2.1513956,1.2481352;1.1545308,1.0751002;-0.8121484,0.2786457;1.2869351,1.0503614;-1.3902289,-0.1029592;-0.02428267,0.64815706;0.8713253,0.769058;0.7806427,0.10599908;2.0464916,0.9928374;-1.3237108,-0.60643715;-0.12383462,-0.97308093;-1.1804582,-0.93761015;0.13481039,-0.108791135;-0.067589544,-0.31649017;-1.3810933,0.32313085;2.1819901,1.2396587;-1.2545503,0.51878047;-0.6580108,1.2450669;-0.19008318,1.470434;-0.49675733,-1.4321581;-0.36049834,-1.7816125;-0.16735674,-1.8368471;-1.28715,-0.1291887;1.9522809,1.1342298;-0.6951643,-2.0946114;0.39587206,-0.59134454;-0.29345435,1.2706184;1.2087646,0.78052884;-0.4010131,1.4160973;-0.46133417,1.016511;-1.0330443,-1.6999233;-0.34459203,-0.71562845;-0.65992796,-0.79859674;-0.9808542,0.21451636;-1.7667774,-0.5778114;0.21820681,1.2626994;0.14958219,0.40645003;-0.934599,0.55318683;0.6636592,-0.67059654;1.2755742,1.4138799;1.868256,1.2414249;0.56358,-0.44285807;-0.17987418,0.51274174;-0.3454338,-1.2271769;0.027170826,-1.9304163;0.12266784,-0.28456843;-0.039730802,-0.24229021;1.3304608,0.6942185;-0.08126196,1.0205193;-1.6399261,-0.9144567;0.01797031,-0.7676744;0.2928082,0.8050719;-0.8613422,-0.8586802;-1.2435541,0.098000824;-1.3142244,0.57201743;-0.98991734,-0.00040156342;0.63773507,1.3195809;0.92075086,1.2589564;1.3814691,0.51301455;-0.7579891,0.45694867;2.1112206,1.1728275;-1.2601931,0.462973;0.6999296,1.0732464;1.5097711,1.1287355;0.07777248,-1.3354691;1.0331426,1.3980855;0.4110041,0.8213359;1.9297193,1.0165031;0.06256498,-1.9002821;-1.3901887,-0.102042794;1.6063341,1.1848009;0.5772528,-0.10484485;-0.22409217,0.48431078;-1.0155824,0.23977958;-1.4441006,-0.64571244;0.70659053,-0.13915366;0.94035894,0.6261437;0.23073603,-0.03266772;0.2290828,0.859746;-1.6971103,-0.64051217;-0.10675855,-1.747685;0.5560785,-0.85881466;0.8762163,0.20508592;1.9234152,0.9132672;-1.0901847,-0.7768674;0.870127,0.5757153;-0.77177924,0.9623453;0.16777143,0.8018888;1.6486568,1.1917322;-1.4279065,-0.11171469;-0.81241184,0.48014268;-1.1435382,-1.1538731;0.57514006,-0.026764076;0.7008717,0.8341266;-1.7455572,-0.5433697;0.7367556,1.0055836;-0.31431818,-0.37820208;-1.4188895,-0.7798543;-1.5062321,-0.6778913;0.4506636,-0.07452182;-0.37330535,0.9800681;1.9207823,0.6968365;0.6888121,-0.23816139;0.6811236,1.2880226;-0.6614228,1.0495999;-0.89810485,-1.1169189;-0.34726477,-0.9331599;1.339875,0.63564134;0.41683662,-0.51453096;1.1360847,0.34948435;-0.18541181,-1.791405;0.008726613,-0.71721023;1.5257497,0.85437727;-0.014418076,-0.31640851;-1.3335534,0.38336608;0.16425009,1.2190206;0.19984457,1.2845812;2.1024272,1.2122831;-0.72937995,1.1378151;-0.19629207,0.5643036;0.3356229,-0.91450036;-0.4313977,-0.18079151;1.556525,0.8636371;-0.97481173,0.29294413;-0.6072625,-0.8617161;-0.4780457,0.93255794;-0.10391974,-0.4901594;-1.3719851,0.5594906;0.96602464,0.9873963;-0.04550011,-1.9147763;-0.89305663,0.6206134;-0.8758597,0.9727049;-0.4339211,1.0338302;-0.40337017,-1.1041216;-0.8149476,0.44966462;-0.15726246,1.5018531;1.3541137,0.9088966;1.3778993,0.6559717;-0.23704347,-1.9618472;-0.21993887,-0.8941768;-0.9215204,-1.6887115;0.16399738,0.7830161;-1.3226185,-0.098687746;-0.35550982,0.72660404;-1.0166976,-0.97033715;-0.030998072,-0.2848421;-0.84389806,1.0268327;1.9812827,0.8398128;-1.0539984,-0.91923326;-1.0342572,0.2785813;0.28202465,0.73351747;0.5895248,-0.36677626;0.44265252,-0.3257804;-0.16094257,-1.6075779;0.025940951,-1.8589702;0.27158043,-0.59591484;-0.53179216,-1.3099974;0.58556706,0.1374532;0.81095403,1.2022544;-1.3198773,-0.5962106;1.1034863,0.8414218;-0.22291078,1.186578;0.71018875,1.0776125;0.7344941,-0.120780125;-0.6399308,-1.029064;-1.3581874,-1.3142575;0.71983665,1.1429791;0.6254087,0.9401955;-0.48668742,0.28527847;-0.32200795,1.4502171;0.1868771,1.4006907;1.4177109,0.51954126;0.57430947,0.16895172;-0.50711554,-0.9565201;-1.3342443,-1.4601115;-0.5898551,1.0939553;-1.0540742,0.19269444;-1.4526932,-0.11803431;2.223238,1.2034084;-1.005254,0.30172986;-0.25816277,0.2799242;-0.8740403,0.89649075;1.6162264,0.7331426;-1.7242936,-0.5103436;-1.4037663,-1.3827903;-0.28579313,0.9343198;2.0258327,0.8726441;-0.81987435,0.91151744;0.39927137,0.06742654;-0.8091305,-1.9164747;1.726362,1.2330456;-0.53645,-0.9408034;0.88982415,-0.027091911;-0.35779196,-0.13504888;-1.3817111,-0.7411581;-1.2886592,-1.0869563;-0.14419407,0.67199755;-0.52848816,0.30205053;-1.4706386,-0.026719775;-1.4729595,0.2186383;-1.2270375,0.5563581;0.8483444,1.3170234;-0.41946793,0.66039693;-1.0542862,-0.9067617;-0.15097293,0.5571256;1.0250537,1.3525352;0.15067914,-0.79292285;-0.17241152,-1.0139827;-0.48348832,1.3005191;-1.4284073,-0.061924204;1.1482134,0.66197914;-0.2710515,-1.2183274;1.8225263,0.8840549;1.7871011,1.2598231;-1.5624086,-0.80542904;-0.6399193,0.22455302;-0.34122974,0.37232065;0.61703813,1.4731945;-0.48822328,1.0243454;-0.6770014,-1.8538432;-1.1294427,-1.537613;-1.0126007,-1.4776403;-0.38352835,0.91996837;0.12351609,0.6605675;-1.4341661,0.40585205;-1.0925877,0.08685985;1.8637563,1.0771623;1.3235593,1.095908;0.26056957,-0.5146946;-0.86759686,-0.921464;1.4947644,1.2285681;-0.51480645,1.1023611;-0.010806093,-0.7235377;0.5246644,0.86858135;-1.4136351,-1.3211159;-1.4000196,0.55304927;2.2728689,1.0971981;0.3875632,0.749192;-0.45549762,0.7790437;-0.71641505,-0.87824184;-0.17353554,1.5645248;1.8419956,1.2106081;-0.21710777,-1.7538289;-0.079323776,-0.46420565;-1.468108,-0.6346943;1.2132856,0.62838364;-0.005924602,1.0782439;-0.4312265,1.3861071;-0.32992923,-0.06041658;-0.8766997,-0.5585521;2.0302677,1.177494;-1.2852613,-0.73600334;0.28974995,-0.6454874;0.9832587,0.7081428;-1.4043844,-1.3841612;-0.14467333,1.2156508;-0.42782393,-1.6430256;1.0458592,0.59100074;-0.10989897,1.2909663;-0.55927384,0.5461677;0.7040151,-0.6408831;-0.67717874,1.2131853;1.6647018,0.8890565;-0.1674774,1.4507319;-0.61704105,-1.0190908;1.853094,0.692777;2.065829,1.1091056;2.008595,1.046805;-1.2485106,-1.0239342;0.0189945,-1.9121206;-0.17250544,0.4512143;1.0694501,1.2293457;1.4828458,0.8790927;2.1590433,1.13662;-1.3634554,0.40428388;-0.27263173,1.3882025;0.9889292,1.2263026;-0.88116586,-1.0849112;0.4641008,-0.5594975;-1.192989,-0.483482;-0.37811545,0.76838267;-0.3298283,-0.46144652;-1.3783199,-1.1195762;1.4843118,0.93427515;-0.80655867,-1.9178851;0.50443566,-0.8594627;0.38826042,-0.4278018;-0.4013503,0.85241973;0.7186034,0.8550165;-1.3991109,-1.1447251;0.6849874,1.366458;-0.34150174,0.8014533;1.1960913,1.2251616;-0.67083275,-1.7126721;-1.2967592,-1.5122815;0.24111727,-1.215803;1.2661625,0.49368012;0.26518992,-0.8986613;1.1258208,0.5774929;-1.7367346,-0.48087022;1.8820275,0.6708944;-0.65983814,-1.083707;-0.47134578,-1.4024181;0.25758776,-0.833063;-0.81097853,-0.92368174;0.61902547,-0.35420564;0.33680624,-0.82165414;-0.18494882,0.43449837;-0.060814247,-0.5778774;-1.0640992,0.77661127;0.11073141,0.5182216;1.5585254,0.59161854;0.7842083,0.32454246;-1.2487147,-0.7572713;-0.117114075,-1.9729885;0.5987897,1.0084531;0.86346054,0.74535817;0.8774767,0.14559695;0.91251355,0.8113053;0.44608665,-0.8946915;-0.7297021,-1.8201612;1.5184678,0.9633017;1.5903007,0.5803974;-1.0949373,-0.8311057;0.65066475,-0.56589055;-0.6483404,-2.0399084;-0.60787004,-1.823826;1.4287628,1.4092119;1.8399186,1.0441816;-0.4168776,-0.80512154;-0.33169955,-0.68670505;0.0776311,-1.7072136;-0.9424349,0.6688364;1.6260928,0.7075799;-0.4117874,-1.2612925;-0.104815304,-0.07679717;-0.18234888,-0.22452119;0.30322877,-0.1462666;-0.10319153,1.36577;-1.3393811,0.5321671;-1.0395125,-1.7279094;-0.09876827,-0.103899896;-0.5469836,-0.86709523;0.3392772,0.8788504;-0.543702,0.5419301;-0.7678266,0.16747706;0.3151053,0.7670693;0.06401434,0.87583965;1.6170614,0.89868844;-1.6679667,-1.0276891;-0.76159525,-1.936108;0.8659001,1.1725154;-0.5827555,0.45757285;-0.550029,0.018934961;-0.46825135,-0.21928461;0.41836682,-0.11691488;0.55133295,-0.42429775;1.8499112,0.7405497;-0.8610432,-1.8659842;-0.2298866,0.52371657;-0.8319361,-0.6990722;-1.3651774,-0.81415516;-0.47351065,-1.3484752;0.1861885,-1.1183304;-0.56436944,0.5214008;0.20418623,0.80049884;1.8697225,0.9079042;0.7039399,0.3644629;-0.39918792,1.3397362;-1.4139345,0.42228556;1.6107134,1.4034332;0.54685885,-0.29265314;0.6850445,-0.13611768;0.13826297,-0.20821331;0.22338858,1.3522242;0.97808194,1.0965285;1.5580863,1.3016182;-0.23585467,0.026050191;-0.04732684,1.320784;0.4598604,-0.8809137;-0.2790059,-1.2705032;-0.3237301,1.0910977;1.9792359,0.9504274;-0.35106415,0.86761606;-0.3304844,-1.2500827;1.4878795,1.089032;1.7800596,0.8806583;-0.54227173,-0.024265097;0.042565033,-1.2336818;-1.1905481,-1.5073575;-1.4245687,-1.0041173;-1.1414952,-0.8120321;0.73564047,0.3759042;0.2177484,-0.1106704;-0.81695855,0.987125;-1.1100264,0.069322154;1.905127,1.1389157;0.8988661,0.08891784;0.70333475,-0.19691063;0.57673913,1.4817007;-1.2234939,0.5156276;2.1389704,1.0455426;0.5793318,-0.05125684;0.88807106,0.19619946;-0.90579736,-0.9820479;-0.08911086,1.4491075;1.5453069,0.9711564;1.8574512,0.8030363;1.7039667,0.8194385;-1.7841582,-0.5484384;-1.1272733,-0.10153051;-0.31056002,0.4329931;0.63477165,1.3685992;-1.5139592,-0.5739235;-1.0844294,0.73923004;2.210923,1.1309296;0.94261795,-0.034065396;1.4228804,1.0684942;-0.45652637,1.2264771;0.36688718,-0.98201907;-1.6139929,-0.29947153;0.010709296,1.1918529;-0.019979933,-1.6946396;-0.11099137,-0.016701955;-1.1381869,-0.79462534;1.9323338,1.1278929;0.46988684,1.3411428;-1.6830837,-0.44492295;-1.494228,0.10178155;-0.74871445,-0.9046718;-1.6171992,-0.84971136;-0.9213958,-0.5439811;-0.8689778,0.8719449;-0.3342925,-0.40876454;-1.6437392,-0.8181718;0.39094844,-0.12448096;1.9957559,1.2779894;-0.3477047,1.3431898;-0.57189286,0.06775506
p3d-kl
0.6456045508384705
p3d-iter
599
p3d
-1.3749118,0.8541737,-0.56517494;-0.05993324,0.2006488,-1.4857646;0.5429212,-0.3089273,-1.3925577;-1.2672331,-0.6653434,0.9365659;-0.24003132,-0.92016625,-0.40212288;0.65064263,1.6146796,0.30950502;-0.45609573,0.79340667,-0.22398427;-0.09892255,0.7021708,1.0936292;0.7028744,0.72390544,0.6706774;-0.8043957,1.24417,-0.9333438;-0.9570741,1.2786281,1.2285044;0.16574137,0.93752164,0.3916705;-1.4889169,1.1199756,0.92001504;0.068594374,-0.7707,1.8079917;0.54822326,-1.5919621,0.054403596;-1.1696258,1.0352911,0.948905;-1.4870267,0.09889644,0.6816182;-1.1863052,1.0384802,0.89079297;-0.090954795,0.26640204,1.0273074;0.36724633,0.110636055,0.051785603;0.7486783,1.3487424,0.19567254;0.70938396,0.67113364,0.6402406;-0.7322347,1.5601639,-1.0433692;1.1947025,-0.5860591,-1.1097846;0.02256925,1.5364547,0.31637442;0.030714288,-1.5609641,1.1941797;0.33218724,-1.710714,0.8141578;1.3848414,-1.5034001,-1.4304166;0.050808087,1.0373546,0.30778363;-0.9452093,-0.5018418,-0.35905787;-1.0472522,0.31310588,1.5142463;-0.93658566,0.9644333,1.3197097;1.5650303,-1.0124677,-1.8301883;0.519059,-1.0459946,-1.3584666;-0.96015084,0.5044547,-0.3001614;-0.6601565,0.47054753,1.8854731;1.2386513,0.26685223,-1.3636489;0.26750183,-0.248352,0.036502715;1.0762722,-0.6304593,-1.0235788;-1.0710701,-1.0729518,1.0835495;-1.4731327,1.2725147,-0.4597413;0.3001942,-2.5012271,-0.065541245;0.31763265,-0.4467284,0.4946842;-0.27965358,-1.4948528,1.3088491;-0.3022111,-1.8047999,1.7071472;0.78797424,1.2273287,0.14461783;0.29009596,-0.26780844,1.091328;-0.69135493,1.105533,-0.28591928;1.2283405,-1.0605974,-1.4813304;0.65396756,-1.4321597,0.77337706;-0.49104232,0.1367837,1.9128215;-0.51114374,0.53781307,1.9635413;0.42391342,-0.929969,0.14029549;0.7245003,1.3614064,0.190344;-1.2597513,1.0407453,0.895198;-0.20709737,0.3573466,-1.413524;0.31201062,-1.2729669,-0.2628067;1.1617683,-0.5941364,-1.0032455;-1.0356616,1.150967,1.2339734;0.44921798,1.1192356,0.7014193;-0.16949497,0.5411102,1.2195243;-0.7542425,1.500638,-0.9620715;-1.3947647,1.4958491,-0.7332846;-0.4343412,-2.1311204,1.6349584;-0.83016765,0.52750945,-0.7112025;-1.5455567,1.2224065,0.86966544;0.5969535,0.20490211,-1.0785639;0.9556592,-0.8348033,-1.411049;-0.9104437,-1.3440509,1.4710381;-0.2107154,1.3001037,-0.81760997;-0.20970996,-1.9429412,1.8788147;0.7702279,-0.6523647,0.42452407;-0.37247035,-0.10103936,0.39560518;0.76795834,-0.08567184,0.06639906;-1.1035541,1.5579265,-0.45117903;-1.8304788,1.275925,0.7735267;-0.28485107,0.535881,0.4715707;-1.2527901,1.2667296,1.0471321;0.24315625,-0.017947907,0.9014691;0.0608025,1.2541231,0.32129472;-1.2642223,-0.3207077,0.42004132;-1.3025725,0.2721947,0.03622676;1.646142,-0.5218475,-1.064262;0.72785497,0.25654644,0.5072657;-0.530295,1.9271613,1.239837;-1.1826946,-0.35971394,0.36323446;-0.98706484,-1.2560267,0.84220785;0.8158119,-0.83266586,-0.018825797;0.1665193,1.3319917,0.9164306;-1.1782737,1.0690066,0.8203782;-0.6239244,-0.6346318,-0.41270882;-0.32208854,0.3344179,-1.3666495;1.2851653,-0.17480622,-1.3638577;-1.3339014,0.4839124,-0.14461936;0.12971355,-0.10671849,-0.4976383;-1.7402167,1.3440083,0.83311;-0.06319706,-0.25967395,1.015035;0.013878634,-1.5320992,1.192808;1.5946257,-0.28287563,-1.0230359;-0.6685498,1.5720149,1.3881272;0.45694187,-2.2111585,0.1881841;-1.7353075,0.87412727,0.1947158;0.8578738,0.96390927,-1.2907761;-0.3402073,0.24027346,0.37094572;0.10734811,-0.75113595,1.7998136;0.4022191,0.91662556,0.9054698;-0.5406154,0.08271551,1.9042374;1.3789424,-1.3441143,-1.6390765;-0.9798341,-1.0648443,0.84179646;0.054328706,-1.5239509,1.1887206;-1.4717065,1.3434044,-0.44030637;1.7118726,-0.9161093,-1.1589268;0.67246944,0.30650875,0.34899008;0.47080636,-0.4469444,0.67893946;1.7178882,-0.3313428,-1.6239698;-0.39661437,0.41115004,0.82883286;0.49730995,-0.42521784,-1.055305;-1.7011988,0.86413944,0.17314132;0.6081233,0.75658965,-0.008491763;-0.79602087,0.14175752,1.1772153;0.33595783,-0.7128031,1.2527593;-1.6857756,0.87216127,0.10681222;1.7924433,-1.0271863,-1.4200879;-0.33202186,1.2039993,-0.6426129;0.69663393,-0.00020757387,-1.4444253;-0.4179644,1.8661356,1.1723245;-0.88751537,-0.6876982,0.50540537;-0.53991485,0.9502059,1.0249561;1.2067673,-1.1012264,-0.8725788;-0.5301751,1.0127411,-0.1580033;-0.7130587,-1.1292253,1.036517;-0.5065664,0.6856208,1.8588784;1.8943727,-0.83708304,-1.5280219;2.0005772,-0.2407258,-1.0448073;0.7631079,-1.4712346,-0.18757446;-0.014996313,-0.9053358,-0.6586422;0.8920519,0.99889773,-1.185357;2.3617773,-0.62612706,-1.0326642;-1.2854042,1.4182534,-0.34199148;-1.4375455,0.49317855,0.034620363;-0.05043563,0.997779,0.3968293;-0.1056241,0.56448305,1.0629853;-0.6256314,-0.09783479,1.3418729;-0.5155412,-0.714603,-0.34871194;2.2407722,-0.64835304,-1.0507053;-0.23433578,-2.0718637,1.2159536;1.5563519,-0.34646404,-0.82642996;-0.33656305,-2.1706688,1.3111622;1.7223266,-0.9559493,-1.5750569;-0.46607512,0.23932162,0.22450063;-1.4590714,-0.6477502,0.6209845;-1.1855546,0.35055798,-0.03701601;0.17899017,1.6467092,-0.97060513;0.15480475,1.68648,-0.9431183;1.2220845,0.3276407,-0.31411323;1.3596357,-0.68342716,-1.2933081;0.37044305,-2.5328288,0.09583883;0.24672887,0.421675,-1.4496193;0.7179774,-0.23673528,-1.3794279;0.77385575,-0.5028533,0.5067229;-1.7803212,0.7376444,1.0311365;-0.21248113,0.19511823,-0.77430475;2.1976292,-0.60856676,-0.9914961;1.1129863,-0.34014943,-0.5788208;-1.5591002,0.86989677,-0.082439;-0.6530744,-0.98490083,1.0284251;-0.61511797,-0.38600373,0.81931555;-0.2070993,-1.7934836,1.37684;0.095725216,-0.6406054,0.88826376;1.005013,-0.034468893,-0.54929143;-1.1976973,1.4233439,1.0497603;-0.8512564,-0.64711887,1.0376339;-0.63173455,-0.32468417,0.92745996;-1.0056598,0.6807642,-0.73940283;2.321977,-0.68883777,-0.9139984;-0.47695896,1.8022823,1.1839246;-0.8776573,1.2905847,1.2220157;0.8225983,0.8156824,0.24926879;0.88765514,-0.29714364,-0.29080182;0.6599721,0.6084165,-0.12805781;0.38813645,0.9210999,0.9290025;-0.9351155,0.21924126,1.4712324;-1.1671962,0.58042496,1.5123974;1.1190069,1.0638348,-0.6732916;2.202962,-0.7447827,-1.1392094;-0.3872984,-0.89827836,-0.4609925;-1.5667609,1.0838044,-0.21044005;1.264552,-1.551524,-1.2077874;0.49886125,-0.9500238,-1.1699176;0.9411832,0.82280284,-1.1203392;-1.0433806,0.6000035,1.5986181;-0.6371529,1.8798405,1.2279607;-0.46575275,-0.14321779,-0.19816227;1.8493488,0.09205542,-1.1666886;0.24840285,0.25423074,1.1005547;-0.926652,-1.3943629,0.95270574;0.54130816,-1.1652633,0.07568641;-0.54023033,1.0568486,-0.96587884;1.8381804,-0.7034175,-1.5825474;1.2110181,-1.0312757,-1.4040972;-0.9470439,0.3524196,1.4786438;-0.28987256,0.9604234,1.0709604;0.18419844,-1.208822,1.2634465;1.1423101,-0.6348049,-0.22056228;0.5017872,-1.652913,0.54193646;-1.3574876,0.81571007,-0.610362;-0.47703072,-0.12117157,-0.026432779;0.5516555,1.2381408,-1.2934668;1.307409,-0.54494137,-1.2948058;1.1743921,-1.8236468,-1.1098439;-0.9669503,0.5115824,-0.099894345;2.0924828,-0.79063714,-1.0656108;-0.33827487,1.1275294,-1.0497205;-0.19402988,0.29709288,-1.4506608;2.3751585,-0.4205688,-0.97835934;-0.42776194,0.06117276,1.8441364;-0.38583228,1.1274316,-0.26321894;0.9618788,0.6194462,-0.89827514;-0.09952561,0.8716905,-0.52160543;-0.48768678,1.1474122,-0.23174019;-0.40268195,1.7026857,-1.0680503;-0.9666034,0.64604557,1.5969751;1.3471409,-1.2968609,-1.5559756;0.9563228,-0.85435,-0.18851796;0.24103075,-1.4856495,0.9065156;-1.2294335,0.48019087,1.4784703;-0.7837211,1.4935436,-0.97893953;0.15039189,0.17198056,-0.48826936;-0.7360628,-0.57107157,-0.35682172;1.7442279,-0.28609082,-1.6558484;-0.78984225,1.5712554,-0.9378693;-0.28314945,-0.87139475,-0.273217;-1.4972106,-0.07121948,0.83877546;-1.1708467,-0.2857227,1.3722374;0.9708351,0.7215835,-1.2031903;0.7534432,-1.549833,-0.18536508;-1.731555,0.8792193,0.18216339;1.8612401,-0.42737055,-1.4972371;0.22038235,-1.1366738,1.2030754;0.93709856,0.8859809,-0.5541024;-1.6425394,0.5155989,1.1438261;1.8551816,-0.5777383,-1.7016408;-0.44023776,-0.5251483,0.3400123;1.009462,0.008553388,-0.79014945;1.3138868,0.3286661,-0.7390581;-1.7544898,1.3156118,0.8174806;-1.0099721,-1.1362044,0.5540119;0.44833988,-0.5595986,-0.954875;0.19836874,1.2950194,0.69476277;-0.11858008,-0.5790351,-0.39441606;0.30244112,-0.76558965,1.2506065;1.0727638,-0.703154,-0.04663752;-0.7466933,0.21751755,-0.34190285;1.2677015,-1.4197831,-1.1017383;0.66001266,-1.4141301,0.7370184;0.09559958,-1.2399583,1.9515679;0.31412855,-0.56228286,1.2336698;0.4455697,-0.41996777,-0.65123636;-0.92236227,-0.3316395,0.51110345;-1.0456264,-0.34252492,0.62480396;0.03781885,-1.1065689,1.9975467;0.6881069,-0.40993375,-1.1247799;0.58014715,1.0570672,-1.2905297;-0.69045997,-0.3557136,1.1323919;-0.17191145,0.8573965,-0.49834138;-0.942377,0.5667476,-0.11851822;-0.27283815,-0.8574373,-0.26738623;0.47077262,-1.0768411,-1.2436525;1.3385965,-1.208273,-1.2609335;1.0133696,-1.4283543,-0.8386021;-0.6064373,-0.7952613,-0.43561652;0.5522944,1.0482736,0.59647727;-0.40043044,0.40693283,0.73635477;-0.44398028,-2.3461828,1.4454346;-0.92141867,0.09205625,-0.23836559;-0.7090111,1.6886517,1.2784489;-1.7106929,1.2885872,0.753948;0.4321168,-1.059705,0.36849353;-1.2939494,0.20155145,1.4664177;0.016477091,0.73900783,-0.6063897;-1.4016999,1.439269,-0.60349554;0.2628778,-2.3745863,-0.17817542;0.94457,0.66633856,-1.1992106;1.6988176,-0.6700247,-1.6218965;-0.044871345,0.08163395,-0.3550233;-0.5625411,0.51744026,1.9305435;0.49606514,-0.4993556,-0.73039293;0.9957997,-0.4457613,-1.0756845;-0.89996403,-1.2386407,0.52564716;-1.581075,0.60519254,0.15339111;-1.6803497,1.3183247,0.8211599;2.171771,-0.2930779,-1.2941556;0.42987242,-2.3130589,0.158049;0.48021433,-0.40007192,0.08577904;-1.6253544,1.2622167,0.84418404;-0.9356952,-0.38961145,0.43104386;-0.0845292,-0.030679103,0.2858316;0.056256924,0.333577,-0.453877;0.4652165,1.3605996,-1.2936437;1.4332715,-0.3152536,-1.1913155;-1.9552671,1.1060603,0.4533934;0.9223086,-0.6859781,-1.0755492;0.421459,0.01963009,0.15414853;0.33191472,0.50072306,0.4813956;0.16776551,1.487524,0.9688088;-1.395779,0.35520422,0.018564496;-1.1595573,1.4748818,-0.43157822;-1.3349127,1.4854006,-0.46400994;-1.3514444,0.517131,-0.13025428;1.7927577,-0.70454496,-1.635485;-1.7782879,0.86675704,0.6410703;0.9329081,-0.38752034,-0.31403327;-0.36535558,-0.14985451,1.0776234;0.7785244,-0.9140507,0.035941884;-1.448392,0.9068977,0.96869683;-0.4559198,0.35556197,0.8286198;-0.6227744,-0.06083683,1.8827412;1.0533221,0.0480122,-0.45717347;0.14120242,-1.2657278,1.0120864;-0.30031672,-0.7993298,0.18286884;-1.5420192,0.11865193,0.60608757;-0.72770846,-0.6411098,-0.35452983;-1.1330334,0.92399967,0.41715127;-0.9567099,-1.021419,0.724486;0.43829158,-0.3540616,0.5307445;-0.33946452,0.5732093,-1.300676;1.710047,-0.95963657,-1.162897;0.099843174,0.8426343,0.29150498;0.012887379,-1.051506,-0.63962144;1.6466469,-0.2532983,-1.4426643;-0.744929,1.6657145,1.1962042;-0.4794026,1.5214474,1.1083288;1.6830292,-0.67235976,-1.7178637;-1.2918742,0.6390015,1.499431;-1.6127201,1.2286067,0.85151505;-0.9425753,-1.3730365,0.97820604;-1.0422999,0.7748201,1.4905305;-0.0026930165,0.62597346,-0.49411273;2.0219023,-0.14919126,-1.3422745;1.3737426,0.30460864,-0.76690924;0.42790565,1.2796125,-1.2925752;0.03441779,-0.9191933,2.0283425;0.36372396,0.09746803,0.9055904;2.0553377,-0.75565803,-1.2100922;1.1971375,-1.3334534,-0.74110585;-0.8828986,0.1346511,1.2688805;-1.5236338,1.2408168,0.84780735;-0.3397015,-0.9491977,1.3374089;0.2810493,-0.20332882,0.113840476;-0.7196629,-0.61957264,-0.33830038;-0.14717992,-1.6836183,1.9304684;0.4849484,-1.7037712,0.3869199;0.14095743,1.1565415,0.17377196;1.6402007,-0.16439648,-0.8750935;-0.46199572,-0.8080004,-0.52900016;-0.5277646,1.7677363,-0.94548994;0.51502174,1.1053861,0.58590835;0.3783672,0.86489624,0.9033422;-0.040548418,-0.72344196,1.969147;0.2259749,0.9439346,-0.2414562;-1.1130196,-1.1351036,0.53162694;-1.8455813,1.0074914,0.39027488;-0.7293123,0.68614674,-0.2638155;0.029138183,0.2570033,0.10749036;0.2700465,-2.3972814,-0.24742396;-0.7874581,-1.2546694,1.0374146;-0.36828938,-2.1318877,1.3665662;-0.13461076,0.36081856,1.0862359;-0.3071461,0.78712845,0.9982777;0.2706648,-0.08802288,0.095432386;-1.1017731,0.6645361,1.5307868;-0.32717815,1.8159173,-1.0244132;1.0086128,-1.245633,-0.8154599;0.3631583,-0.938259,0.265023;-0.5214454,0.78887606,0.9363371;1.3421456,0.23044921,-0.515974;-0.110776015,-1.3981216,1.026613;-0.24644557,0.404695,-0.5999721;-0.6858686,-0.33909732,0.924765;-1.3621852,-0.6891673,0.6855396;-0.9596973,2.079442,-0.53591734;0.935624,-0.67655617,-1.3548334;0.19154322,0.42504016,1.1884694;-0.28659695,0.69763124,0.8056014;-1.4537139,1.2668488,0.9188775;0.08576287,-1.1346034,-0.6552639;0.300959,-0.19270214,-0.55218697;-0.5308003,0.6157327,1.8005313;1.3797128,0.43169165,-0.75352424;-0.8613571,0.7786294,1.6928606;-0.3742679,-1.1156107,0.35419244;-0.3595812,-1.016621,1.3522809;0.9243214,-1.0820073,-1.0027112;1.0344213,-0.87510175,-0.70413464;-1.5419803,1.1331068,-0.27774778;-1.2768322,1.3890029,1.0244169;-0.3574878,-1.9112877,1.718017;-1.3826963,-0.4028475,0.8795957;1.4787579,-1.1198068,-1.2376559;-0.050666686,1.4025352,-0.49548304;0.045506544,-1.3956488,1.9588807;-1.1156814,0.4685466,-0.056768008;0.6977584,-0.98681235,0.2464765;2.3445203,-0.3582812,-1.0278034;0.7575238,-0.35142726,-1.3262278;0.0028980046,-1.6468483,1.2040131;-0.53142095,0.81352663,1.0480859;0.70759255,0.25191933,-0.21804838;2.24113,-0.6128556,-0.9311298;2.2468472,-0.35954788,-0.9934299;1.0875944,-1.1244003,-1.4525831;0.9713274,-1.6166916,-0.81233525;-1.333904,0.65234905,-0.16414924;0.4105947,1.1882585,-1.3009051;-0.5451672,0.5963002,1.7432457;-1.3898259,0.077180654,1.5185854;-0.7568509,1.1349186,-0.34629023;0.28966644,-1.332335,-0.28270078;0.1870865,0.5843169,-0.26286325;0.22349995,-0.019646749,-0.7417991;-0.87056345,1.3338896,1.138691;1.800454,-0.0477416,-1.5886841;-0.2753224,1.7734268,-0.7591187;-1.4492171,0.23252603,1.4227641;2.2995236,-0.7629747,-0.93008137;-0.45377025,-0.8536053,-0.45573696;-1.1273499,0.99989426,0.43315735;0.19330944,1.0502543,0.6561769;1.0480745,-0.6078006,-0.6107961;-0.3853085,0.23636252,-1.2283891;-0.68277043,1.8093938,1.2902229;-0.4188863,-0.26260757,0.37716106;0.25687513,-1.534907,0.68927467;0.80854386,0.36873904,-0.08451279;-1.720129,0.673469,1.090893;-0.8025918,-1.109615,0.45771465;0.16488706,0.45657977,-0.7647724;1.5180184,-0.91769165,-1.1488017;-0.1040965,-1.5742579,2.0262222;-0.14763871,-1.0219175,1.7966979;-0.04737739,-1.32307,1.9865116;-1.1685011,-0.3451276,1.2349935;-0.896545,1.1390727,-0.21296585;-1.2691114,0.33752286,-0.05135063;0.3624675,-2.5223534,0.09499641;0.056367844,-1.1211925,1.8738052;-0.5337266,1.1102997,-0.987282;0.8234233,0.8970598,-0.6211126;-0.31202546,0.5032931,0.10693218;-1.3927909,0.5775055,0.8359636;0.4663691,-0.57553095,-1.08115;1.543899,-0.060477898,-0.9415247;-1.396109,0.6467489,0.82244;-0.8159964,-0.34937978,-0.28379038;-1.1695905,0.106741145,-0.2743621;-0.6572856,1.7925601,1.2987579;0.1947561,-1.3921112,0.9681485;1.0118864,-0.65613043,-0.2017748;0.6127006,-1.4059942,0.33370462;0.17855343,1.9335555,-1.2815889;-0.8278921,1.4098967,-0.94733775;1.1082838,-1.2159946,-0.5082598;0.9515874,-0.21955402,-0.3206688;1.2028602,0.4130347,-0.31109974;-1.0377316,-1.2722702,1.0628283;-0.93580604,-1.1526387,0.5491746;-0.08157033,-1.6985416,1.3268341;-1.0263005,0.75114465,-0.26412985;2.4366984,-0.6778843,-0.97654605;0.6833978,0.026971733,0.41583303;-0.42628172,0.17899732,1.8780634;0.0032323056,1.0742412,-1.2461828;0.85075605,0.9834001,-1.2902784;0.6242637,-0.40220305,-0.8600384;0.49846253,-0.852407,-1.0522228;-0.4036432,0.33458263,0.8326413;-0.16241862,0.48472682,-1.3580427;0.49910337,-0.15740263,-1.3250853;0.31206176,0.19266763,0.068053134;1.4556373,-0.6270767,-1.1937456;-0.24658634,-2.072106,1.2605125;0.7240217,0.55059105,0.5898174;-1.5556722,0.36268634,1.1415936;0.19456153,1.9365212,-1.2551838;0.83662766,0.1705825,-0.8835057;-0.21024622,-2.0089834,1.8878778;-1.2546208,1.0498371,-0.49001518;0.22331744,-0.50567234,0.82124114;0.23262069,-1.2596823,0.86817783;-0.14196657,0.5832316,-0.8087517;-1.8656013,1.2623494,0.74250144;-0.4365715,-2.371811,1.3905855;1.2007443,-1.0253237,-0.51918477;0.82690346,-1.5778587,-0.37635162;1.7082171,-0.45790654,-1.102221;0.42510965,-1.6563157,0.8104789;-0.5459953,1.8973688,1.2814865;1.6080993,-0.13926034,-0.85440385;1.4460429,0.3534327,-0.85458845;-0.86573035,1.4196875,1.1894567;-1.8175664,1.2877907,0.7744311;-1.2606641,-0.07138124,0.33444428;0.8094792,-1.5896723,-0.6321456;1.0319467,-0.21416096,-0.7944816;-0.32446125,0.7613548,-1.1528696;1.3931507,-1.6152275,-1.8490278;1.1679392,-1.1560673,-0.4824422;0.06638693,0.7049475,-1.3153534;-0.06102375,1.0088594,-1.2646296;0.9719731,-0.761809,-0.11033035;-0.6278945,-0.2610259,2.0612686;-0.64271224,0.3925016,1.9493659;-0.156893,-1.3498505,1.8141041;0.6722245,-0.11327228,-1.3386168;0.260063,0.8328736,-1.4129685;-1.8902098,1.0525525,0.41958642;1.303253,-1.385324,-1.2123185;-0.97825164,0.4975187,-0.3197688;0.6375897,1.2784172,-1.321158;-0.81545025,-0.4668949,0.70465463;-0.59511685,1.6906289,-0.9851098;-1.0050853,-0.6444647,1.0702788;-0.63620085,-0.25585806,1.2411594;1.2277037,-0.33423582,-1.3345244;-0.41831076,0.037887804,0.8346792;0.7295735,1.4007525,0.21162777;-0.9785629,0.7314637,1.4136698;-0.91412,-0.7894781,0.69078124;-0.7354237,-0.20598951,1.1228375;-0.6082955,-0.6171423,1.6801685;-0.97076917,-1.4366946,0.96646816;0.43631268,-0.16951641,0.6042118;0.06283375,-1.1825408,1.9412178;1.0995576,-0.017220644,-0.79872906;-0.7665789,0.77210146,-0.23322755;-0.8037268,-1.0932237,0.46053505;1.2223237,-1.1945903,-1.2682796;0.80707586,-0.47531858,0.5685322;-0.3607873,-0.06433596,0.9491517;1.8181049,0.019445816,-1.0080768;-0.9070382,-1.3733172,0.9909492;1.3133258,0.122330666,-0.6196911;-0.4305687,-0.5250209,1.2887092;0.69759727,-1.4858627,0.35451633;0.57116663,-0.12459448,-1.2068416;-0.4497043,-0.5019817,0.40163484;-1.0782914,0.7493005,0.65295833;0.93885446,0.7323928,-0.69252837;1.0952922,0.61621726,-0.6876027;-0.6026427,-0.105028674,1.8585039;-1.3670992,-0.24745262,1.6760033;-0.11943344,0.7628953,-1.2581826;0.93777376,0.8727455,-0.54547495;-0.32717773,-1.7451605,1.7216027;-0.10852865,-1.7211066,1.3537996;0.23321448,1.8154016,-1.2209768;0.2162542,0.86797935,0.4239434;0.6139379,-1.4145838,0.7234091;-0.0102688465,1.0069911,-1.2498842;-0.5634888,1.2907649,-0.97052735;-1.1134919,-1.1249404,0.53118414;2.2007296,-0.31296334,-0.91804117;1.0088631,-1.4423963,-0.81484985;-0.71631134,0.106965855,-0.43228784;1.2230531,-1.3372339,-0.91616225;-1.445279,0.3894353,0.040378794;0.16378456,-1.1740133,-0.6557858;0.82032436,0.4764492,-0.7394098;0.9074008,-0.48092836,0.0057315165;2.0517006,-0.64297706,-1.273196;-1.3873192,-0.7968316,0.66030383;-0.03964892,-0.27639586,0.9805906;-1.1387372,0.9060123,0.7215342;0.23861344,0.65987027,0.40227535;-0.0996423,0.9494168,0.4420293;-1.3968987,0.8413431,-0.5364482;2.2432249,-0.3083167,-0.99257636;-1.2010865,1.514257,-0.49090275;-0.6062804,0.8683457,-0.84953696;-0.123421066,0.21003601,-1.457712;-0.70950776,1.7032043,1.1622659;-0.33514193,-2.165456,1.3061129;-0.19969532,-1.8617687,1.6256061;-1.2929375,0.23121738,0.16096604;1.9459256,-0.21610437,-1.0074798;-0.61263865,-0.20385079,2.0675867;0.34518576,-0.7216433,0.49675345;-0.22241975,0.8005971,-1.1621577;1.2036184,-1.0133054,-0.42646214;-0.39553633,0.152804,-1.178255;-0.33330885,1.9098079,-0.8538401;-1.009081,0.113305576,1.5193442;-0.29773033,0.6002633,0.7413776;-0.633762,-0.39075366,0.77615935;-0.9266398,0.12654379,-0.18249993;-1.9599066,1.1101445,0.46504137;0.24575484,1.6223176,-1.0564406;0.2271365,0.641512,-0.22814946;-0.8446782,1.3865329,-0.31761113;0.40721294,-2.4097202,0.17307824;1.0831687,-1.1264341,-1.4564509;1.8897002,-1.0933405,-1.1204401;0.49489227,-1.1808137,0.082584664;-0.13240997,-1.0041258,-0.52342147;-0.44861796,1.8056678,1.1727567;-0.031156441,-1.3964269,1.9479502;0.17597687,1.07041,0.37063402;-0.04489211,0.8749837,0.37518886;1.4808087,-0.18664552,-0.7801883;0.31536502,-2.7342043,0.040826313;-1.7326982,1.331883,0.90061307;0.17448227,1.482669,0.97019583;0.28235054,-0.38098985,-0.6480705;-0.8893231,-1.05507,0.92751837;-1.2289363,0.31499994,-0.17369255;-1.2846031,1.7180835,-0.60627097;-0.9000679,-0.6756424,-0.3673286;0.55361044,0.49099904,-1.2300127;0.82963234,-0.44213453,-1.2125096;1.3054625,0.60587627,-0.9055548;-0.6314246,0.71345353,-0.15794747;2.1419628,-0.6560123,-0.99382293;-1.2347485,1.4792337,-0.44733843;0.5953311,-0.25359544,-1.0808363;1.406775,-1.1604724,-1.4475206;0.07878635,-1.52529,1.2650181;0.9433096,-0.7556142,-1.3626469;0.43041167,-0.37211952,-0.6096653;1.8498359,0.13401881,-1.136092;0.032942373,-1.3159612,1.943108;-1.4452784,0.38942745,0.040377107;1.5040655,-0.85034007,-1.0157615;0.7056467,0.1506353,0.16408251;-0.19711651,-0.91245925,-0.52672744;-0.98757905,0.3028912,-0.19088332;-1.5175318,0.06657608,0.61173195;0.6845108,-0.86625695,0.2743588;0.94587374,0.7928466,-0.5765174;0.29595903,0.20435217,0.046533704;0.21988717,0.06284331,-0.7424576;-1.8498064,0.96609163,0.59251565;-0.22773673,-0.9787234,1.7391025;0.65407413,-1.4138035,0.7823934;0.8518828,-0.57161456,-0.27833652;1.8807322,0.28991848,-1.2656927;-1.0201901,0.21529807,0.6128587;0.87723047,1.0195084,-0.46208584;-0.8152337,1.3802427,-1.0253773;0.09156758,-0.3903924,-0.69817674;1.5579269,-0.53270274,-1.1188465;-1.4953964,0.47085112,0.059999984;-0.7038105,0.8823122,-0.21678829;-0.50120294,-2.5135212,1.4239259;0.6837937,0.27569547,0.24963106;0.66132224,-0.4110504,-0.8137135;-1.9297212,1.0841876,0.4329585;0.56997985,0.14956449,-1.0421125;-0.28253216,0.47034103,0.40314665;-1.5017964,-0.046716955,0.83797634;-1.5558627,0.49107134,0.531197;0.738964,1.3494763,0.21924333;-0.23262563,1.359692,-0.7712166;1.8706788,0.5259661,-1.499348;0.7094694,-0.9585012,0.45517543;0.53703815,-0.13261148,-1.4302918;-0.6458036,1.675746,-0.9882024;-0.97498834,-0.5410402,1.0755125;-0.33431205,0.86366415,1.0216348;1.4443244,0.07835956,-0.7919292;0.43641084,-0.74305487,0.49704158;1.2176256,0.18301934,-0.2870704;-0.20060878,-1.8284359,1.5705987;0.1685057,1.373461,0.9331282;1.4361539,-1.0877342,-1.7988973;-0.030044762,1.0570097,0.37903333;-1.3270495,0.8548979,-0.6143157;0.15694611,1.6907014,-1.0029188;0.2280968,1.6794796,-1.0841923;2.1188555,-0.5440912,-0.96288806;-0.7316852,1.4465976,-0.73523724;-0.14347172,-0.9772901,-0.6004733;0.2427482,-1.6240946,0.73580295;-0.32865113,-0.94544387,0.25922406;1.4545126,-0.80343795,-1.7624688;-0.9463546,0.47731286,-0.13269274;-0.56638354,-0.84507287,0.9874485;-0.37481937,1.5617604,-0.7585616;0.060471907,1.2733003,0.7251382;-1.3618647,1.5856433,-0.70084345;1.0029117,0.8908745,-1.1349344;-0.12355941,-1.5804944,1.9315518;-0.77339685,1.4226918,-0.45324868;-0.9334884,1.0657854,-0.8567696;-0.29028386,2.0628185,-0.8623675;-0.4835742,1.0884948,0.99531496;-0.72001845,0.7799205,-0.19563495;-0.089218765,0.13966091,-1.4966966;1.2258288,0.2500926,-1.301067;1.4722673,0.12071848,-0.865396;-0.36667904,-1.9258794,1.705261;-0.150964,0.46402997,1.1707106;-0.79636675,0.1912217,1.4711272;0.092770495,-0.3923655,-0.680385;-1.340501,0.37850395,0.09057849;-0.24091366,0.6084565,-0.5873172;-1.1638387,-0.7763074,0.9545269;-0.046272773,1.0031675,0.39621168;-0.87850463,1.297522,-0.897795;1.9792826,0.14901617,-1.3952755;-1.1059177,-0.2528458,0.8469798;-1.0217721,0.46215943,-0.08700842;0.2924243,-0.115288235,-0.53704506;0.5517469,-1.1633465,0.046847407;0.2741072,-1.1651759,0.37447757;-0.35298926,-0.32999164,1.6714922;-0.024512274,-1.2565932,1.9638647;0.2650846,-0.12636136,0.65341765;-0.70909965,0.9668396,1.1705301;0.73997873,0.21483132,0.5583068;0.728974,0.40230033,-1.3419507;-1.3846871,-0.82903486,0.6486526;1.1537482,-0.046418544,-0.8921254;-0.10988686,0.86355704,-1.0789344;0.6083963,-0.17397434,-1.0881742;0.6979049,-0.89617765,0.16808215;-0.6301038,-0.037313554,1.0632207;-1.3606879,0.5839447,1.3598211;0.63351935,-0.33793786,-1.211578;0.50121546,-0.88334465,-1.0512297;-0.46216574,-0.51034075,-0.29785177;-0.31875753,0.42960793,-1.3488868;0.22871825,1.8018196,-1.2502111;1.293734,0.6654234,-0.96767235;0.743242,0.32716513,0.582703;-0.4337743,-0.27900255,1.1929802;-1.4205271,0.14744556,1.4701579;-0.5439904,1.6479383,-0.99071205;-1.0319163,0.22803898,-0.38656253;-1.5186498,0.5333512,0.085995555;2.3215616,-0.36486658,-0.96454734;-0.9738707,0.5040188,-0.10201174;-0.25474048,-0.8851653,-0.21677756;-0.93686527,0.77668685,-0.81557333;1.5961771,-0.8949366,-1.8123561;-1.8991035,1.055149,0.41562876;-1.4759794,0.57723796,1.3790919;-0.20323513,0.2869573,-0.8146459;2.0406804,-0.18803322,-1.4032489;-0.8868437,0.9810942,-0.9725237;0.59090316,1.1217947,0.21716827;-0.7931321,0.33041134,1.886684;1.6533778,-0.42895484,-1.0375317;-0.40013114,-0.7007264,1.2473067;0.81185806,-1.4301424,-0.28478637;-0.29411453,0.44606203,0.018667355;-1.4694608,-0.2450651,0.83735275;-1.2693533,1.21235,0.9801802;-0.020374695,-0.7005665,-0.7146608;-0.4620612,-0.031482894,-0.2090478;-1.5465771,0.7666338,-0.030460019;-1.5345798,1.1598841,-0.30664575;-1.1710546,1.6029205,-0.47923204;0.78232497,-0.33367333,-1.380467;-0.2402845,0.91563153,-0.33647156;-1.0870438,-0.19469054,0.8316875;-0.08400852,-0.9968761,-0.5870625;0.9291724,-0.68048,-1.3143682;0.24225745,0.12291738,0.9331284;-0.11881582,-0.16047524,1.065615;-0.43855718,0.90985775,-1.1329306;-1.4889323,0.4975566,0.042557;1.162926,-0.32821143,-0.6370706;-0.36564147,1.9117972,1.1907936;1.879297,-0.8150325,-1.5896301;1.7307658,-0.13639624,-1.0156592;-1.629303,1.0429952,0.7359761;-0.56723887,-0.7228994,-0.37198028;-0.37612483,-0.8551894,-0.43621904;0.5183274,1.0688744,-1.3024586;-0.3623966,1.4244882,-0.8646341;-0.598273,-0.29390314,1.870456;-1.1519237,0.20548317,1.5064124;-1.0479822,0.9106299,1.3396773;-0.22658902,1.5282805,-0.68787056;0.1364298,0.3217128,-0.45554134;-1.4555415,1.365685,-0.5144581;-1.0940449,-0.10297728,-0.39143422;1.8424672,-0.48672852,-1.2359769;1.2348628,-1.4173571,-1.0163357;0.30238953,0.23887298,0.62821394;-0.90587187,-1.3536202,0.980243;1.4106605,-1.1756868,-1.2813479;-0.42366973,1.6655508,-0.9868261;0.15706512,1.3819146,0.92916936;0.5477454,-0.4777048,-0.78570235;-1.4785572,0.6391419,1.3349534;-1.3864719,1.5500467,-0.7256587;2.3914933,-0.7587827,-0.9816013;0.41121203,-0.17368509,-0.5100474;-0.350846,1.1460909,-0.4989926;-0.6442374,-1.0390224,1.0168381;0.2872176,-2.8574843,-0.0677571;1.8353312,-1.0363983,-1.1690205;-0.2073686,-1.7985519,1.4667156;0.06375448,1.0861351,0.6794622;-1.547831,0.10553259,0.6085452;1.2422014,-0.045511078,-0.65190893;0.27006894,-2.3453684,-0.17366153;-0.4084638,0.11307703,-1.098085;-0.24597436,0.64777416,-0.15275021;-0.83309966,-1.093054,0.4712227;2.0301385,-0.898303,-1.1078912;-1.3117123,-0.63092685,0.88879013;0.25333333,-0.38535678,0.66637;0.9512616,0.27742448,-0.6742249;-1.4770724,0.57686496,1.3791616;0.0024415026,1.1636366,-1.2050484;-0.64735657,1.4863976,1.5243889;1.0458497,-0.056322984,-0.5366996;0.027952245,0.7712806,-1.2682918;-0.44950825,1.0006653,-0.24375314;0.3953204,-2.4142234,0.09170597;-0.6339972,0.91533923,-0.814933;1.6000662,-0.17543587,-1.5081774;-0.091358095,0.21024011,-1.4596541;-0.5912143,0.042363457,1.0325519;1.8189219,0.16892944,-1.5605232;2.087536,-0.6851892,-1.1328173;1.9935514,-1.0122148,-1.3950187;-1.2142411,1.0342969,0.88101923;-0.034638632,-1.3883355,1.9511503;-0.13003981,-0.80237186,-0.43347874;0.9793527,-0.74374217,-1.082958;1.4036142,-1.5000362,-1.7894301;2.2206213,-0.6528083,-1.014892;-1.3643689,0.92394,-0.62747216;-0.22348423,0.60832417,-1.338142;0.8408355,-0.8771638,-1.024517;-0.94647557,-0.62042683,1.0559435;0.51195586,-0.8498602,0.5770144;-1.2164185,-0.3447886,0.37244514;-0.26218167,0.80279,-0.6092784;-0.30467758,0.6114907,0.45241234;-1.3837237,0.97507554,1.0707352;1.4153781,-1.5263937,-1.6958251;-0.7906737,0.3298599,1.8869574;0.5601745,-1.5482221,0.8054922;0.47625414,-0.47280458,0.3897209;-0.26490867,1.267715,-0.5962559;0.6630112,-0.30899584,-0.8239472;-1.4158077,0.90752125,1.1095245;0.5651354,0.37633651,-1.4019396;-0.18264003,0.91900176,-0.5391981;1.0674894,-1.7431577,-1.0771911;-0.5989971,-0.65556604,1.708369;-1.3746403,0.027951999,1.5464082;0.32156554,-0.6085962,1.2454683;1.3658422,0.22346346,-0.5686622;0.27733672,-0.9817096,0.8937343;1.1641105,0.3377377,-0.6235344;-1.906008,1.0590314,0.4065654;1.8157917,0.42568275,-1.5467412;-0.6221849,-0.31715706,1.1938885;-0.67829555,1.5291009,1.2228514;0.19894595,-0.7481802,0.80403256;-0.80130994,-1.2733473,1.0399209;0.59500206,-1.2954472,-0.028790597;0.22763772,-1.4255598,0.59928703;-0.14092539,-0.71341395,-0.4493191;0.07782135,0.98600745,0.83530164;-0.9501963,2.103765,-0.5423813;0.11433476,0.5066435,-0.25712934;1.5457991,0.34077933,-1.6843007;0.7912856,0.2899695,-0.24449222;-1.252719,-0.6458025,0.94076866;-0.21239068,-1.9636213,1.8885394;0.4765471,-0.80952686,-1.098617;0.82251656,0.50586605,-0.70794404;0.8445041,-0.7452016,-0.25419235;0.8528435,0.27566326,-0.8265934;0.43375012,-1.6963677,0.79103136;-0.67473805,0.4037468,1.6502571;1.4377244,-1.2684311,-1.6690168;1.5758799,0.33953172,-1.645132;-1.044719,0.28783414,0.669873;0.48405385,-2.1091824,0.18093967;-0.5390472,0.28141028,1.9953403;-0.52160156,0.41156223,1.7088144;1.2509606,-0.31446972,-1.3650427;1.8110605,-0.48236847,-1.3264879;-0.42711806,0.34301177,0.8574289;-0.29829258,0.67128205,0.7175492;0.044763956,-0.66763204,1.8277549;-0.825467,1.7016121,-0.4859839;1.6101868,-0.8483136,-1.8355504;-0.54090667,1.5247529,1.1333299;-0.055839412,0.19411814,0.12647118;-0.09160717,-0.1640756,0.40931234;0.44289812,-0.04325428,0.10406776;0.024793455,0.497661,-1.3458077;-1.3315691,1.6194414,-0.5797513;-1.0120151,-0.007880385,1.5331554;-0.05058401,0.27898633,0.15315472;-0.43694428,-0.7505928,1.0800774;0.2987068,-0.84771043,-0.72090214;-0.43613327,0.9961114,-0.24829996;-0.74254614,-0.6263034,-0.36030504;0.31817088,-0.28303233,-0.5987841;0.066891335,0.6856583,-0.6355707;1.5183002,-0.3392737,-1.6304299;-1.7774475,0.73932177,1.0324466;-0.7201473,0.3554526,1.893443;0.8093864,0.64998496,-1.3181142;-0.49552897,0.7401579,-0.26943117;-0.51882136,0.19928147,0.13912903;-0.3614585,-1.0826999,0.33738524;0.68992245,1.4454446,0.23969348;0.49696276,-1.0770551,0.13088465;1.7928286,0.017790057,-1.5336334;-0.8732008,0.2618751,1.8316958;-0.20041619,-0.9969519,-0.5623188;-0.83121103,-0.42038682,0.6918169;-1.4404277,-0.19681801,0.95621175;-0.65678525,1.4836689,1.125004;0.21449614,-1.313171,1.1243068;-0.45716995,0.95895535,-0.24286301;0.17000997,-0.010264883,-0.68864524;1.9324052,-0.79049253,-1.5201409;0.62900674,0.23719248,-0.23084064;-0.3774771,0.48997205,-1.1460445;-1.4354804,1.3497188,-0.5441384;1.495248,0.07757021,-1.2179002;0.454969,-0.80107397,-0.030761842;0.6581894,-0.76874596,0.2937637;0.18242751,0.77430105,0.2552547;0.28694952,1.6227764,-1.1953923;0.97271794,0.5136722,-1.1826309;1.457478,-0.5604631,-1.1968727;0.12824883,0.46090305,1.3951011;0.06214422,0.20778939,-1.2656054;0.453889,-1.691569,0.7842097;-0.38397175,1.9729542,1.2173074;-0.22908992,0.9691176,-0.9363741;2.0137625,0.024075566,-1.2332805;-0.20011047,1.1136845,-0.5982797;-0.4408292,1.8276987,1.1722659;1.3296678,-1.1788927,-1.5427763;1.7999532,-0.89477426,-1.6076502;-0.50225365,0.11976431,0.19576938;0.052856173,-1.4370264,1.153909;-1.2271776,0.3129154,1.4952428;-1.399299,1.1911496,0.92832476;-1.1052593,0.5534056,0.6304752;0.69621634,0.27391934,-0.27586654;0.298048,0.38259086,0.07980915;-0.86716723,1.3658884,-0.97598803;-1.1208627,-0.11056393,-0.38429928;1.8605444,-0.29826254,-1.0306026;0.8381183,-1.0532044,-0.23717198;0.67789274,-0.9776827,0.3258352;0.44664705,1.2158312,-1.3007675;-1.1587406,1.563822,-0.48203465;2.204161,-0.5436668,-1.1640961;0.68422484,0.1826963,0.25473875;0.8557691,-0.59869945,-0.27422097;-0.9686326,-1.3356372,1.0426215;0.056480717,0.27863264,-1.4610076;1.473434,-1.2000861,-1.6352423;1.8468848,-0.2407121,-1.5207862;1.6703273,-0.19147106,-1.6124042;-1.968545,1.1189486,0.46413493;-1.1458389,1.0077372,0.34248278;-0.31977433,-0.9317227,-0.49510083;0.5111527,0.4902145,-1.3694277;-1.6312238,0.1686596,0.5854929;-0.9804472,2.0246978,-0.5277922;2.296777,-0.8304488,-1.0063896;0.8284214,-1.6115541,-0.51960313;1.3540438,-1.7212342,-1.4452156;-0.39338353,1.1112535,-1.034394;0.3373504,-1.5548296,0.87299246;-1.7303901,0.88386303,0.18352586;0.28010765,-2.4287539,-0.29931694;-0.08584939,-0.66442937,1.7611778;-0.050017044,0.010555887,0.078812286;-1.1011993,0.51424253,0.63281804;1.9208204,-0.23035279,-1.01171;0.20992017,0.34469116,-1.4526116;-1.8266151,0.98946536,0.33675945;-1.5733532,1.0597695,-0.18384184;-0.6992341,-1.1191905,1.0340312;-1.7024626,1.310517,0.8159398;-0.8853079,-0.63182247,0.5042917;-0.92630863,0.82232773,-0.80985224;-0.31005442,0.4753601,0.4107115;-1.7404752,1.3326466,0.81050324;0.6597923,1.6178253,0.2766224;1.9785562,-1.1275843,-1.0208526;-0.29936942,0.1865341,-1.1033468;-0.5597205,0.31288671,0.038208
