data_set
babi-q1
num_classes
6
data_points
1000
model
saved_models/babi-q1-e0172.ckpt
color_schema
#4E79A7,#F28E2B,#E15759,#76B7B2,#59A14F,#EDC948,#B07AA1,#FF9DA7,#9C755F,#BAB0AC
test_accuracy
0.907
test_loss
0.3651743383407593
train_accuracy
0.967875
train_loss
0.09381914820102975
val_accuracy
0.9275
val_loss
0.26623941466212275
labels
12,9,15,12,15,12,11,12,17,17,15,11,17,10,10,15,11,15,17,15,12,17,17,12,10,10,10,15,15,15,12,17,15,15,9,17,9,11,15,10,9,11,9,12,11,15,12,9,17,10,10,17,11,11,15,10,15,12,11,12,12,17,9,11,11,15,15,9,17,17,11,12,11,10,9,15,15,15,12,17,11,9,10,11,17,11,11,12,15,15,9,9,12,9,9,15,15,15,10,10,10,9,17,11,11,12,10,9,17,10,9,9,15,12,15,11,17,15,9,17,10,9,10,12,10,17,11,11,11,9,11,12,9,11,15,9,17,15,9,9,17,12,12,17,10,15,15,15,15,15,11,11,9,17,10,9,11,10,17,12,10,10,10,11,9,11,11,11,15,10,17,17,11,9,9,17,15,10,17,17,12,12,12,12,10,9,17,11,15,17,12,15,11,12,12,11,17,15,9,10,12,17,17,10,12,9,15,12,9,12,9,10,12,10,9,10,9,12,12,9,9,12,15,12,10,17,12,11,9,9,17,11,12,17,12,10,10,10,10,17,12,15,11,11,15,15,11,11,11,11,10,17,9,9,10,10,17,17,15,11,11,17,12,17,17,9,11,10,9,10,15,17,17,15,9,17,15,12,17,9,9,11,17,17,11,17,9,17,11,9,15,15,10,15,15,11,11,12,12,9,9,9,9,17,12,11,9,17,17,15,11,11,17,10,11,17,10,17,17,11,11,15,15,11,11,9,10,11,11,10,15,17,15,10,10,17,12,17,12,12,12,11,17,15,11,17,12,12,15,15,10,11,11,10,10,9,17,12,11,12,11,9,11,11,11,11,11,12,12,12,12,12,11,11,17,10,15,9,9,10,9,10,10,17,17,15,17,17,17,15,15,12,9,10,17,17,10,17,9,11,10,11,10,15,17,15,12,10,11,15,10,11,9,12,17,10,10,15,12,9,12,12,9,12,10,15,15,17,10,10,17,15,15,15,17,11,15,9,10,11,10,12,9,11,10,11,10,12,11,15,15,15,15,11,9,15,10,12,11,12,9,11,10,17,11,11,10,10,10,17,12,17,17,9,15,11,9,15,11,9,10,10,12,12,11,10,9,12,10,9,15,10,10,11,11,15,15,10,12,12,15,11,9,12,9,15,10,17,17,10,10,17,10,10,17,9,9,10,12,11,17,17,12,12,11,12,17,11,11,12,11,11,11,17,9,11,10,12,12,10,11,17,12,12,15,11,15,15,12,10,10,9,17,10,15,12,15,10,10,10,11,10,11,15,10,9,9,15,10,10,10,10,15,15,17,9,10,12,10,10,12,12,11,15,10,10,11,12,10,10,17,12,17,11,9,9,17,17,11,10,10,10,15,15,17,11,15,12,11,10,15,17,9,11,9,17,15,12,15,17,11,17,17,15,9,10,9,9,10,10,9,10,10,15,11,11,11,15,12,9,11,11,10,17,11,11,12,17,15,15,9,11,15,15,11,9,15,15,11,15,15,15,11,10,10,9,17,17,17,17,10,10,17,9,15,9,17,12,12,12,15,15,15,17,9,11,9,17,9,12,11,9,9,17,11,11,11,10,15,10,12,12,9,9,17,12,12,9,17,12,11,11,15,15,12,11,12,17,12,17,11,12,11,17,17,11,17,9,11,9,10,10,12,17,10,12,9,9,9,15,11,11,15,17,9,10,9,12,17,15,17,17,12,10,12,11,11,17,15,9,17,10,9,11,12,15,9,15,12,10,9,10,17,17,15,15,9,9,9,17,10,17,17,9,12,17,17,12,12,11,11,11,11,17,11,17,17,17,17,17,12,9,17,10,17,11,10,10,12,12,11,11,17,12,12,17,17,15,11,17,11,11,9,12,9,17,9,10,9,15,11,9,11,15,10,9,9,9,17,12,11,11,17,15,15,10,10,11,11,17,10,12,9,10,10,10,10,10,15,17,9,11,17,15,12,11,10,10,15,12,10,11,12,12,11,11,11,15,12,17,10,12,17,17,12,10,10,12,17,10,11,17,11,12,17,17,11,12,11,17,9,9,11,17,11,11,15,15,17,17,10,10,17,12,11,15,12,11,11,10,9,12,12,15,10,9,17,15,17,9,17,17,10,17,15,12,12,11,10,10,10,17,17,15,12,17,9,9,15,10,12,15,15,15,17,17,15,11,15,10,12,9,9,10,11,11,9,9,12,15,9,15,9,12,12,10,17,17,10,12,15,9,10,17,11,11,11,17,9,9,11,15,11,11,11,15,12,17,9,10
pred_labels
12,9,15,12,15,12,11,12,17,17,15,11,17,10,10,15,11,15,15,12,12,17,17,12,10,10,10,15,15,15,12,17,15,15,9,17,9,11,15,11,9,11,11,12,11,15,12,9,17,10,10,17,11,15,15,10,15,12,12,12,12,17,9,11,11,15,15,9,17,15,11,12,11,10,9,15,11,15,12,17,11,9,10,15,17,11,11,12,15,15,9,9,12,9,9,15,15,15,10,10,10,9,17,11,11,12,10,9,17,10,9,9,15,12,15,11,17,15,9,17,10,9,9,12,10,17,11,15,11,9,11,10,9,11,15,9,17,15,9,9,17,12,17,17,10,15,15,15,15,11,11,11,9,17,10,9,11,10,17,12,10,10,10,11,9,11,11,11,15,10,17,17,11,9,9,17,15,10,17,17,12,12,12,12,10,9,17,11,15,17,12,15,11,12,11,11,17,11,9,10,12,17,12,10,12,9,15,12,9,9,9,10,12,10,11,10,9,12,12,9,9,12,15,15,10,17,17,11,9,9,17,11,12,17,12,10,10,12,10,10,12,15,11,11,15,15,11,11,9,11,10,17,9,9,10,10,17,17,15,11,11,17,12,17,17,9,11,10,9,10,15,17,15,15,15,17,15,12,17,9,9,11,17,12,11,17,9,9,11,9,15,15,10,15,15,11,11,12,12,9,9,11,11,17,17,11,9,17,9,15,11,11,17,10,12,17,10,17,15,11,11,15,15,11,17,9,10,11,11,10,15,17,15,10,10,17,12,11,12,11,12,11,17,15,11,17,17,12,10,15,10,11,11,10,10,9,17,12,11,12,11,9,11,11,11,11,11,12,12,12,12,12,11,11,17,10,15,9,11,10,9,10,10,17,17,15,17,17,10,15,15,12,9,10,17,17,10,17,9,11,10,11,10,15,17,15,15,12,11,15,10,11,9,12,17,10,10,15,12,9,12,12,9,12,10,15,15,17,10,10,17,15,15,11,17,11,15,9,11,15,10,12,9,11,10,11,10,12,11,15,15,15,15,11,9,15,10,12,11,12,9,11,10,17,11,11,10,10,10,17,12,17,17,9,15,11,9,15,11,9,10,10,12,12,11,10,9,12,10,9,15,10,10,11,11,15,15,10,12,12,15,11,9,12,9,15,10,17,17,10,10,17,10,10,12,9,9,10,12,11,17,17,12,12,11,12,17,11,15,12,11,11,11,12,9,11,10,12,12,10,11,17,12,12,15,11,15,15,12,10,10,9,17,10,15,12,15,10,10,9,11,10,11,15,10,9,9,15,10,15,10,10,15,15,17,9,10,12,10,9,12,12,11,11,10,10,11,12,10,9,17,12,17,11,9,9,17,17,12,10,10,10,15,15,17,11,15,12,12,10,15,15,9,11,9,17,15,12,11,17,11,17,10,15,9,10,9,9,10,10,9,10,10,15,11,11,11,15,17,9,11,11,10,17,11,11,12,17,15,11,9,11,15,15,11,9,15,15,11,15,15,12,11,10,10,9,17,17,17,15,10,10,17,9,15,9,17,12,12,9,15,15,15,17,9,11,9,17,9,12,11,9,9,17,11,11,11,11,15,10,12,12,9,9,17,12,12,9,9,12,11,11,15,15,12,11,12,17,15,17,11,12,12,17,17,11,17,9,11,9,10,10,12,17,10,12,9,9,9,15,11,11,15,17,9,10,9,12,17,15,17,17,12,10,10,11,11,17,11,9,17,10,9,11,12,15,9,15,12,10,9,10,17,17,11,15,9,9,9,17,10,17,17,9,12,17,17,12,12,11,11,11,9,17,11,17,17,9,17,17,12,9,17,10,17,11,10,10,12,17,11,11,12,12,12,17,17,15,11,17,11,11,9,12,11,17,9,10,9,15,11,9,11,15,10,9,9,9,17,17,11,11,17,15,15,10,10,11,9,15,10,12,9,10,10,10,10,10,15,17,9,11,17,15,12,11,10,10,15,12,10,11,12,12,12,11,11,15,15,17,10,12,17,15,12,10,10,12,12,12,11,17,11,12,17,17,11,12,11,17,9,9,11,15,11,11,15,15,12,17,10,10,17,10,11,15,12,11,11,10,9,12,12,15,10,9,17,15,17,9,17,17,10,17,15,12,12,11,10,10,10,17,17,15,12,17,9,9,15,10,12,15,15,15,17,17,15,11,15,10,12,9,9,10,11,11,9,9,12,15,9,15,9,12,9,10,17,9,10,12,15,9,9,17,11,11,11,12,9,9,11,15,11,12,11,15,12,17,9,11
pred_correctness
True,True,True,True,True,True,True,True,True,True,True,True,True,True,True,True,True,True,False,False,True,True,True,True,True,True,True,True,True,True,True,True,True,True,True,True,True,True,True,False,True,True,False,True,True,True,True,True,True,True,True,True,True,False,True,True,True,True,False,True,True,True,True,True,True,True,True,True,True,False,True,True,True,True,True,True,False,True,True,True,True,True,True,False,True,True,True,True,True,True,True,True,True,True,True,True,True,True,True,True,True,True,True,True,True,True,True,True,True,True,True,True,True,True,True,True,True,True,True,True,True,True,False,True,True,True,True,False,True,True,True,False,True,True,True,True,True,True,True,True,True,True,False,True,True,True,True,True,True,False,True,True,True,True,True,True,True,True,True,True,True,True,True,True,True,True,True,True,True,True,True,True,True,True,True,True,True,True,True,True,True,True,True,True,True,True,True,True,True,True,True,True,True,True,False,True,True,False,True,True,True,True,False,True,True,True,True,True,True,False,True,True,True,True,False,True,True,True,True,True,True,True,True,False,True,True,False,True,True,True,True,True,True,True,True,True,True,False,True,False,True,True,True,True,True,True,True,True,False,True,True,True,True,True,True,True,True,True,True,True,True,True,True,True,True,True,True,True,True,True,True,True,False,True,False,True,True,True,True,True,True,True,True,False,True,True,True,False,True,True,True,True,True,True,True,True,True,True,True,True,True,False,False,True,False,True,True,True,False,True,True,True,True,True,False,True,True,True,False,True,True,True,True,True,False,True,True,True,True,True,True,True,True,True,True,True,True,False,True,False,True,True,True,True,True,True,False,True,False,True,True,True,True,True,True,True,True,True,True,True,True,True,True,True,True,True,True,True,True,True,True,True,True,True,True,True,True,True,False,True,True,True,True,True,True,True,True,True,False,True,True,True,True,True,True,True,True,True,True,True,True,True,True,True,True,True,False,False,True,True,True,True,True,True,True,True,True,True,True,True,True,True,True,True,True,True,True,True,True,True,True,True,True,False,True,True,True,True,False,False,True,True,True,True,True,True,True,True,True,True,True,True,True,True,True,True,True,True,True,True,True,True,True,True,True,True,True,True,True,True,True,True,True,True,True,True,True,True,True,True,True,True,True,True,True,True,True,True,True,True,True,True,True,True,True,True,True,True,True,True,True,True,True,True,True,True,True,True,True,True,True,True,True,True,False,True,True,True,True,True,True,True,True,True,True,True,True,True,False,True,True,True,True,False,True,True,True,True,True,True,True,True,True,True,True,True,True,True,True,True,True,True,True,True,True,True,True,True,True,False,True,True,True,True,True,True,True,True,True,False,True,True,True,True,True,True,True,True,True,False,True,True,True,False,True,True,True,True,True,False,True,True,True,True,True,True,True,True,False,True,True,True,True,True,True,True,True,True,False,True,True,False,True,True,True,True,True,True,False,True,True,True,False,True,True,True,True,True,True,True,True,True,True,True,True,True,True,True,False,True,True,True,True,True,True,True,True,True,True,False,True,True,True,True,True,True,True,True,True,True,True,False,True,True,True,True,True,True,True,False,True,True,True,True,True,True,True,True,True,False,True,True,True,True,True,True,True,True,True,True,True,True,True,True,True,True,True,False,True,True,True,True,True,True,True,True,True,True,False,True,True,True,True,True,True,True,True,True,False,True,True,True,False,True,True,True,True,True,True,True,True,True,True,True,True,True,True,True,True,True,True,True,True,True,True,True,True,True,True,True,True,True,True,True,False,True,True,True,False,True,True,True,True,True,True,True,True,True,True,True,True,True,True,True,False,True,True,True,True,True,True,True,True,True,True,True,True,True,True,True,True,True,False,True,True,True,True,False,True,True,True,True,True,True,True,True,True,True,True,False,True,True,False,True,True,True,True,True,True,True,True,True,True,True,False,True,True,True,True,True,True,True,True,True,True,True,True,True,True,False,True,True,True,True,True,True,True,True,False,False,True,True,True,True,True,True,True,True,True,True,True,True,True,True,True,True,True,True,True,True,True,True,True,True,False,True,True,True,False,True,True,True,True,False,True,True,True,True,False,False,True,True,True,True,True,True,True,True,True,True,True,True,True,False,True,True,True,True,False,True,True,True,True,False,True,True,True,True,True,True,True,True,True,True,True,True,True,True,True,True,True,True,True,True,True,True,True,True,True,True,True,True,True,True,True,True,True,True,True,True,True,True,True,True,True,True,True,True,True,True,True,True,True,True,True,True,True,True,True,True,True,True,True,True,False,True,True,False,True,True,True,True,False,True,True,True,True,False,True,True,True,True,True,False,True,True,True,True,True,False
p2d-kl
0.5318882465362549
p2d-iter
599
p2d
0.74490345,1.8831066;0.10552871,-1.4966606;1.6205882,-0.5186493;0.71322155,1.8702976;1.9356292,-0.6109655;0.47669983,1.7625581;-1.2734942,0.80778635;0.19050518,1.2199147;-0.24129088,-0.061540794;0.19105323,-0.26421496;1.8651532,-0.5441941;-0.93987155,0.486653;0.38931218,0.5506138;-1.6020082,-0.46976912;0.10350386,-0.6315692;1.637411,-0.50491154;-1.1277571,0.7623788;2.1820705,-0.68663245;-0.28457475,-0.062187556;-0.17739661,-0.059416108;0.44252712,1.7054503;1.1568438,0.59248406;0.78850496,0.8652851;0.26486975,-0.61377054;-0.34078708,-0.2868408;-1.7263161,-0.5262651;-1.9237244,-0.37330347;2.1169798,-0.5234798;-0.36767226,0.46088505;0.036977172,-0.73241025;0.58607614,1.6887378;1.2030369,0.7602027;2.037898,-0.6061918;2.0718277,-0.65665144;0.4223236,-2.2932158;1.0968802,0.42478755;0.2534155,-1.5049143;-0.802435,0.18676792;-0.12810187,0.7869871;-0.4135642,-0.16430487;0.39342433,-2.21146;-0.9096122,0.2598073;-0.10803019,-0.727894;0.31510332,0.89116776;-0.93488884,0.35587978;-0.09754104,0.43755952;-0.3810666,0.5103137;0.49268818,-2.1880286;1.1817994,0.44686717;-1.2603515,-0.99278647;-1.3704565,-0.9014197;1.0893095,0.66351444;-0.79933643,0.26251838;-0.009858706,-0.6471249;0.0039308867,-0.6307035;-1.9026227,-0.37103388;-0.09957321,0.5683317;0.29356897,1.5818466;0.4503409,0.88043356;0.77406806,1.3621829;0.6891305,1.8271942;1.2089547,0.48506728;0.47121263,-2.3113606;-0.13665268,-0.90648115;-0.21620078,-0.13627899;2.1665523,-0.62481636;-0.20044242,0.5699386;0.31903422,-0.89770794;1.1495895,0.9430286;0.604432,1.125836;-1.4521228,0.8772605;0.59616303,1.5946442;-1.0820425,0.6756549;-1.2114702,-1.0788943;0.55171585,-2.2901893;2.2252119,-0.5787868;-0.3937417,0.10956433;2.0187984,-0.54710186;0.64917356,1.2750586;1.2277663,0.8165278;-1.3778471,0.93024653;0.3038874,-1.5004137;-1.4661934,-0.8962345;-0.33135608,0.29152486;1.2285893,0.5661847;-1.3807003,0.8515654;-1.319135,0.7976365;0.69395065,1.8029535;2.1942272,-0.6315631;2.1908534,-0.5162059;0.4391645,-2.194641;0.3473287,-1.9996862;0.31593597,1.4529685;0.29731056,-1.7881039;0.18071245,-0.9734471;-0.03137364,0.7139715;-0.10307663,0.7652537;1.6713668,-0.5251873;-1.5353369,-0.51131594;0.146957,-0.62945217;-1.6616447,-0.75229746;0.3002895,-1.4517833;1.0558684,1.0478191;-0.84804136,0.19744453;-0.03665679,-0.825139;0.34394553,1.7248127;-1.211704,-1.0237827;0.22424692,-0.9540262;0.74015015,0.6388922;-1.4157152,-0.9202517;0.17794147,-1.6965702;0.07785507,-0.99378663;2.2053146,-0.68795794;0.44286337,1.8509192;-0.20979965,0.6478917;-0.8838634,0.4208906;0.51306206,0.8626796;-0.0026296915,0.7579801;0.14509618,-0.89027435;0.93303597,0.29791543;-1.4716372,-0.7894107;0.41105753,-2.0840602;0.31165722,-0.9064351;0.5052759,0.90574807;-1.8068069,-0.4746548;1.165345,0.64515954;-1.0926583,0.6542639;-0.24723242,-0.0096050715;-1.4011393,1.0616589;0.29302984,-1.4961972;-1.5323778,1.0120438;-0.56721485,-0.34412685;0.2224312,-1.319934;-0.69780326,0.06346079;-0.02051805,-0.6210459;0.46968433,-2.2962751;1.1123971,1.1071517;2.102112,-0.59252083;0.34954104,-1.5447973;0.022194648,-1.3667527;1.0393221,0.25712368;0.6340157,1.5549322;0.17026664,-0.2538084;0.97351176,1.1422969;-1.1764011,-1.1028522;2.0923915,-0.61048454;-0.09601057,0.8053472;1.772943,-0.4723638;1.7674091,-0.5816931;-0.44022274,0.20497626;-1.2195044,0.74006325;-0.94711316,0.6170927;0.054420937,-1.304566;1.0177375,1.0723978;-1.2600778,-0.9590928;0.2601828,-1.7180778;-0.07863056,-0.8272782;-1.63024,-0.4169383;0.9633866,0.25626847;0.27024,1.2364501;-1.8439565,-0.37262326;-0.5264804,-0.32128647;-1.3734874,-0.9206154;-0.8549174,0.34024048;0.094406426,-1.0567522;-1.3765597,0.97246176;-0.5157275,0.5533026;-0.41594177,0.17596559;-0.05722151,0.68114734;-1.4253637,-0.8615572;1.1642367,0.5635153;0.42715716,0.5698853;-0.54757875,0.5438734;0.2501633,-1.7380952;0.034929533,-1.4109905;1.1246736,0.63391227;1.929159,-0.5346262;-1.6484364,-0.56071395;1.0262868,0.48972893;0.6439106,0.75562024;0.43518892,1.7532947;0.31033558,0.7298527;0.24142304,1.7052819;0.30157676,1.6518855;-1.3503844,-0.85605437;0.4513108,-2.259381;1.14408,1.165385;-0.93861014,0.3687482;1.6557685,-0.58831114;1.0875707,1.1656882;0.40552384,1.7414086;2.119189,-0.5926683;-1.2683717,1.0371562;0.6472314,1.6000878;-0.4216402,-0.02576228;-1.5181831,1.1001791;0.11614763,-0.09101329;-0.42155996,0.14684717;0.2792909,-1.5699607;-1.3932726,-0.94396955;0.57302105,1.6980643;1.1177275,0.35854816;0.35284513,0.6717413;-1.1802157,-1.0142473;0.40358135,1.2229834;0.4188531,-2.1844583;-0.10081185,0.67017853;0.7471269,1.8676472;0.34958497,-1.5345602;0.36334878,-1.1282815;0.23062669,-1.4412222;-1.2273555,-1.0763412;0.57860845,1.2651399;-0.68459517,-0.4295479;-0.15211569,-0.6907283;-1.5416816,-0.52666676;0.23712619,-1.4473538;0.38673133,1.612631;0.6760336,1.77936;0.036616325,-1.0122269;0.22755185,-1.3755491;0.47999683,0.8735412;2.020995,-0.4869681;-0.35613516,0.46304604;-1.4307777,-0.85481954;1.1043633,0.37630668;0.041428432,-0.054091424;-1.1501063,0.69757956;0.24721552,-1.7962687;0.014198875,-1.3695433;1.1518561,0.46328348;-0.069329225,-0.892882;0.5966933,1.56348;1.0963962,0.7872512;0.132512,-0.0059405654;-1.5949732,-0.76075226;-1.7046891,-0.32065955;0.36871055,-0.844614;-1.2575622,-1.1445725;-0.34549138,-0.17787518;0.25897312,1.4375538;2.1106713,-0.5583399;-1.2395715,1.0032972;-0.17404142,-0.65524393;1.5895028,-0.51980054;2.1186137,-0.6321566;-1.209009,0.7014248;-0.5993446,0.27762178;0.19094658,-0.3468057;-0.61079866,0.30661157;-1.2956052,-1.0376487;-0.046635028,-0.082174666;0.27450436,-1.8746778;0.23013914,-0.9286126;-1.5907292,-0.7647322;-1.5882004,-0.79541665;1.1015003,0.6893015;0.75823456,0.74126875;-0.1487612,0.35407674;-1.3511906,0.92168707;-1.5458666,1.1229802;0.98029256,0.20330162;0.27238688,1.5003248;1.0279055,0.2655291;0.7743041,0.72563446;0.23292388,-1.5028715;-0.8773469,0.4882729;-1.9167496,-0.35208398;0.08499537,-1.407692;-1.1685755,-1.1591711;2.1332262,-0.5539837;0.8473589,0.7360487;-0.2432015,-0.013421466;2.2452292,-0.5274253;-0.06277849,0.10916241;0.8990042,0.66825473;-0.24194086,0.42242894;0.6817991,1.8783404;1.0981697,1.2362733;0.21417305,-1.5386568;0.39039737,-2.2118607;-0.9336907,0.33238697;0.9427574,0.18064567;0.4631281,0.9018139;-1.1808748,0.78241026;1.1346614,0.48906183;0.21586263,-1.1852865;0.24233136,-0.7908683;-1.0447538,0.63163185;0.27633083,-1.383276;2.2160828,-0.65618885;-0.32608402,0.4174568;-1.3803881,-0.9470824;1.830851,-0.5346455;2.0887184,-0.47069243;-0.92280084,0.5263096;-0.5948794,0.012393762;0.33244267,0.74272853;0.5402445,1.2484261;0.25023103,-1.3303424;0.50473905,-2.2634304;0.008227332,-0.84587234;-0.10943767,-0.60444754;1.1114836,0.40442327;0.6412048,0.6846432;-0.90914416,0.28242064;0.3261544,-1.8253683;0.70842177,0.6758671;0.31721404,-0.8025924;1.7624065,-0.5553619;-0.9869056,0.49267855;-0.5621898,-0.0014111777;0.14324476,-0.13624232;-1.7354614,-0.56591266;-0.34122673,-0.14826915;1.0742311,0.40771094;-1.1894019,-0.96058166;1.0515386,0.52086645;0.5931214,1.0586472;-0.61970294,0.5492627;-1.4253376,0.9832137;2.0153246,-0.60167587;-0.40315226,0.18614581;-1.127513,0.8432153;-0.08585709,-0.052863836;0.4231814,-2.2381184;-1.687183,-0.50198025;-1.5532173,1.0490034;-0.45389336,0.559061;-1.6737543,-0.30912006;1.6018507,-0.5100975;1.0881242,0.36027688;-0.0010674554,0.75381714;-1.6243101,-0.32524982;-0.6198669,-0.34234488;1.0902349,0.9875711;0.23683062,1.3945643;0.060629543,-0.75427574;0.27198657,1.6718626;0.055537555,-0.650201;0.45918897,1.7735195;-1.5082406,1.01312;0.9437709,0.1504679;2.0424712,-0.50643075;-1.2362,0.74592775;1.1006043,0.48783913;0.97984344,1.2466;0.24984604,1.5919925;-0.40855247,-0.25251645;2.2321777,-0.64131624;-1.912712,-0.397329;-0.6758675,0.21648076;-1.3128968,1.004755;-1.4428428,-0.9293052;-0.570852,-0.2791833;0.19833547,-1.452384;1.1852089,0.87267447;0.5614842,1.2413995;-1.5089902,1.0916699;0.3498712,1.6631021;-1.0924058,0.5904705;0.18144487,-1.2884151;-0.8107647,0.13428657;-0.62697625,0.5585542;-0.67217183,0.104095474;-1.5662862,1.0842237;-0.60103863,0.8031421;0.20531483,1.3151844;0.6194437,1.7391988;-0.022440476,0.090465605;0.3222085,1.5493146;0.45992687,0.79400325;-0.7919626,0.17065744;-0.46180734,0.33993888;1.028593,0.2412664;-1.4860365,-0.81884545;2.0361216,-0.60340464;0.12254631,-1.463019;0.08381021,-0.7773829;-1.483785,-0.53352314;0.46564698,-2.264463;-0.33182594,-0.30057675;0.34935546,-0.7775745;0.85582775,1.0698632;0.89637023,0.9279413;-0.118951686,0.50028527;1.0354724,0.5739191;0.97301984,0.18545142;-0.37987742,-0.38822296;1.6956509,-0.4792268;2.0404234,-0.5796328;0.280252,1.6249528;0.2677502,-1.2846229;-1.1395017,-1.1124936;1.0908984,1.1559163;1.1650623,0.56791306;-1.693454,-0.2555699;1.1183791,1.2268888;0.28083512,-1.7789035;-0.8029648,0.10617426;-1.5869887,-0.7890527;-1.4601613,1.1175053;-1.5616164,-0.48420948;1.7247039,-0.60293883;1.1836438,0.8451068;-0.17274618,0.38933855;0.24466372,0.83596826;0.45516345,0.780809;-0.072579585,0.025356663;-0.015496196,0.72669536;-1.7172751,-0.7131156;-1.2837353,0.7807837;0.4780673,-2.2188668;0.08174836,-0.2552029;1.158061,0.7095925;-1.1928887,-1.1174834;-0.62528294,-0.38422802;-0.05675702,0.6761269;0.41453224,0.9380994;0.28025463,-1.3926984;0.4034605,0.9323585;0.6605776,1.4526484;0.31156346,-1.8688301;-0.13546288,-0.17509975;-1.2790347,-1.0855144;-0.09439186,0.59446466;-0.2973556,0.37674087;0.9201201,0.10745483;-1.72,-0.67464083;-0.5667147,-0.37976533;0.9645673,0.71455765;-0.09296836,0.7107008;-0.05269165,0.64315397;-0.35959423,-0.12751296;1.2023559,0.8257597;-1.4529436,0.9772935;-0.09284077,-0.62209296;0.15595011,-1.2384014;-0.068880685,-0.73149115;-0.37224156,0.1176386;-1.8523306,-0.4416458;0.7331833,1.8196845;0.40747607,-1.1892301;-0.76526445,0.3511048;-1.660624,-0.6439128;-0.7453706,0.136875;-1.429964,-0.51522243;0.2679709,1.2232352;-0.7139707,0.15511867;2.2808616,-0.7100011;1.9595555,-0.58238083;-0.15938652,0.6409195;2.2843626,-0.7140052;-0.95305955,0.54490316;0.29345095,-1.4105735;1.8516592,-0.53744775;-1.271409,-1.0059716;0.655703,1.836991;-1.3525277,0.87947726;0.49639803,1.7168515;0.21586642,-1.4182712;-0.038870834,-0.9427876;-1.4195982,-0.517291;1.1907921,0.52405447;-1.1137223,0.8579301;-1.2800064,0.8529193;-1.510893,-0.8816707;-0.566548,-0.26738834;-1.2111045,-1.1311591;1.1560714,0.78432286;0.61664206,1.7850871;0.9445453,0.6241284;0.16896498,-0.21303838;0.18222247,-1.784652;2.186405,-0.5960138;-0.9695205,0.5911546;0.53208584,-2.3252614;1.6308234,-0.54156584;-1.1614057,0.8063048;0.14320987,-1.4932309;-1.823658,-0.46748635;-0.50789243,-0.30294847;0.65750176,1.7046179;0.6300449,1.2494287;-0.8248519,0.48775858;-1.2319744,-1.1026803;0.43551227,-2.106913;0.25533497,1.4025534;-1.83384,-0.3016184;0.039422717,-1.3511426;2.210257,-0.59703547;-1.3408133,-0.9768267;-1.5752355,-0.43297845;-0.17227387,-0.7290156;-0.42687717,-0.09699527;-0.08641909,0.5484206;-0.035745934,-0.6099031;-1.7089928,-0.6581969;0.23105492,1.3880527;-0.058383048,-0.06679158;1.7411667,-0.5220804;-0.69783956,0.44312593;0.2144217,-1.1437594;0.6444404,1.8595866;0.2566405,-1.920165;1.9664357,-0.57224476;-1.531415,-0.58310294;0.9163471,0.20258991;0.12498933,-0.15624474;-1.3920195,-0.8927687;-1.665904,-0.7240693;0.99202377,0.19616549;-1.604381,-0.5137037;-0.33877507,-0.39924163;0.6220896,1.2815927;0.5216476,-2.3134558;0.20017481,-0.8942535;-1.7152979,-0.32698402;0.23447329,1.276111;-0.7731456,0.034655143;1.0370426,0.43407282;1.1137085,1.1995021;0.5736335,1.5824655;-0.15665354,-0.23536883;-1.2635226,0.9782631;0.40696365,1.6624455;1.1786968,0.8144767;-1.0976493,0.84224856;-0.26735878,0.03273006;0.39574656,1.7725207;-1.5330132,1.1464996;-0.6113575,0.37288007;-1.267867,0.7111227;-0.33298498,-0.37674809;0.24608685,-1.1532953;-1.480587,1.0040421;-1.6764162,-0.6718275;0.3967996,1.5357113;0.29420164,0.72831506;-1.7109205,-0.59640825;-1.4916066,1.0957253;0.8334201,0.697341;0.3095243,1.6244091;0.4047876,1.6233479;1.6495801,-0.47457168;-1.4573541,0.9400082;-0.11367022,0.38153598;-0.079931974,-0.6361626;0.63639677,1.5139358;-1.1638194,-1.0595514;-1.9160409,-0.41267738;0.29457155,-1.3133799;0.72849035,0.67650443;-1.7023245,-0.26288927;1.709646,-0.54957795;0.40250692,1.7267473;-0.2885359,0.19782701;-1.6585109,-0.3238458;-0.4621741,-0.40263426;0.332942,-1.0642781;-1.0556297,0.5348728;-1.2795008,-1.1218057;-0.72694266,0.4402139;1.7899679,-0.5064321;-1.292821,-0.8646196;0.3971294,-2.1442883;0.15781847,-1.2015241;-0.32626066,0.5282348;-1.2597054,-0.8998061;-0.3732171,0.47904724;-1.9407408,-0.33120334;-0.50083727,-0.2670515;-0.019364305,-0.59214324;-0.30119935,0.08882607;0.8519774,1.0681902;0.3860161,-2.1014535;-1.6860108,-0.71303445;0.55640304,1.3170863;-0.5550521,-0.43543205;0.30640453,-0.84291935;0.70886636,1.888978;0.4634795,0.83308136;-1.2173729,1.0126659;-0.5752795,0.16466196;-1.2299857,-1.0590428;-1.812426,-0.5014887;-0.7799516,0.12661123;0.45259935,1.0521988;-1.6224614,-0.66110903;0.37531248,-0.92619073;1.2019446,0.6730108;0.52352107,1.5712804;1.144224,0.5201543;-1.2795697,0.9957743;0.55146354,-2.339421;0.49322546,-2.3543828;1.1053783,1.1210573;0.17878558,-0.28049478;-0.12482409,0.048503447;-1.1474231,-1.142057;-1.6787227,-0.7408864;-1.2781241,-1.0704541;-0.16121478,0.28444982;2.1307404,-0.6945518;0.9787011,0.28264764;-1.4745406,0.9647695;-0.14891922,0.41826496;0.30365488,0.8867765;0.6032123,1.3406947;-0.3050977,-0.29079202;2.0176713,-0.56417334;-0.29728633,0.5903207;0.06753725,-0.88378817;-0.50694126,0.12855126;0.4474785,-2.2095847;1.1173084,1.1778153;-0.13153134,0.45127138;0.19475117,1.3030818;-0.44167614,-0.06949877;0.75782704,0.7448982;-1.2537167,0.8920954;1.0376179,1.0145195;-0.39348435,-0.27027008;-0.19375308,0.34805152;0.27056518,-1.8235961;-1.3090426,-0.38697144;0.22571692,-1.4720489;0.26764628,-0.8755883;-1.2487059,-1.0423647;-0.5780099,-0.36916175;0.39712936,-2.1442885;-1.5621606,-0.8035202;-0.37408742,-0.34610182;-0.07180649,0.78615624;-1.3337746,1.095194;-0.938411,0.5647184;-0.6641591,0.15044564;-0.1249503,0.6652431;0.5206597,0.80601925;0.23721638,-1.6856496;-0.7725102,0.16142918;-0.40691233,-0.108840294;-1.4514763,-0.7396281;0.7034416,0.79471207;-0.5414769,0.08008103;-0.8998003,0.505319;0.30039528,1.6450537;1.1486595,0.8520843;-0.10198638,0.6425342;-0.0077991993,-0.74732363;0.3091964,-1.8416494;-1.0165365,0.5244536;1.7843962,-0.47733775;1.7667657,-0.5266747;-1.2418287,0.8035224;0.49079147,-2.2640743;1.5679288,-0.46978217;-0.24230981,0.34098092;-1.3718631,0.75342166;2.0818708,-0.4819756;-0.09248201,0.4457768;-0.08478405,-0.59485424;-0.84366137,0.42834347;-1.7019477,-0.42099822;-0.5206652,-0.43015662;0.20366637,-1.5075498;0.15189889,-0.11857532;0.9795223,0.266459;0.81122375,1.0920315;-0.25154248,-0.027416864;-1.6250857,-0.7972604;-1.309922,-0.32234782;1.0773015,1.0974153;0.23688807,-0.8930537;-0.2242355,0.6246052;0.37978527,-2.121999;1.1228627,0.52696323;0.5047332,1.8020719;0.24324381,0.8529136;0.31421787,-0.8639766;2.0734367,-0.53904366;-0.27220145,0.6229282;2.165313,-0.49034423;0.9770642,0.75145704;-0.011166002,-1.0296932;-1.3579143,0.9356244;0.34038654,-1.957083;0.020242795,-0.16736023;0.21350573,-1.2666855;0.24688195,1.4453931;-1.4675297,0.9031467;0.40201676,-2.0914466;0.12544703,-1.1500427;1.0760535,1.0835656;-0.8575254,0.38332555;-1.369141,0.79896224;-0.64199024,0.12324664;-0.40328252,-0.07322478;1.9041679,-0.5568254;-0.57489765,-0.26952025;0.6480061,1.7892014;-0.0829698,-0.14127482;0.45426694,-2.1607463;0.055906117,-1.2934679;0.9165644,0.1037857;0.6974721,1.8462572;-0.17079155,-0.14910479;0.4122348,-1.1587285;0.12388868,-0.7699043;0.28173113,0.8835076;-1.2996583,0.7704121;-1.1471175,0.6742543;-0.18086196,0.29267234;1.6990386,-0.52470464;0.41487068,1.2664547;-1.5140065,1.0467768;0.2219122,1.2699196;1.0668029,0.5991681;-0.25568438,0.6297913;0.64584017,0.6920048;-1.2630434,0.7667515;0.3456094,1.5595288;0.45756632,1.0532987;1.1817018,0.9944798;0.8794482,0.9229299;-0.8974781,0.4669546;0.4608254,0.7604055;0.49857175,-2.3163733;-0.76621866,0.23801892;0.23995034,-1.8683629;-1.8658164,-0.42300308;-0.31423798,-0.339143;0.3481893,0.7365656;1.1560328,0.7281974;-0.57999516,-0.38547006;0.45941284,1.785801;0.26728117,-1.7041932;0.32425916,-1.9078337;0.143296,-1.1413413;-0.1943233,0.586934;-1.4098126,0.8818471;-0.6112058,0.4576932;-0.37727502,0.22950321;0.17916153,-0.2500414;0.20596671,-1.873473;-1.6367998,-0.51237786;0.45302364,-2.1370416;0.3407461,1.6707095;1.0811774,1.2432231;1.6445761,-0.4912086;1.0680014,0.4046045;0.11731777,-0.044380344;0.27756685,1.5144502;-1.660241,-0.6022372;-1.2691661,-0.36073852;-1.0627415,0.5002987;-0.42065883,0.52422166;1.0836748,1.0147691;0.0043536476,-0.7565771;0.337256,-1.6899688;0.88410354,0.7208133;-1.5562277,-0.5270343;0.27469498,-1.2165483;-0.11316954,-0.9231429;0.60242623,1.3798558;-0.1154049,0.5104729;0.14567451,-0.9485151;-0.19403775,0.36728448;0.29269466,1.6864932;-1.5062914,-0.5581403;0.2637336,-1.1500666;-1.8237071,-0.41056663;1.144985,0.5521186;1.0488331,0.9874383;-0.061020203,-0.6532185;1.9723114,-0.5457807;0.36023167,-2.0205305;0.1366444,-1.1913874;0.20161985,-0.88781303;1.098045,0.79013413;-1.7803259,-0.50922376;1.0457708,0.3036687;0.758275,0.8483035;0.21056245,-1.6030766;-0.17776154,0.09518726;0.8556747,0.6677866;0.025691472,-0.044506706;0.6040527,1.3694342;0.32214954,-0.7880554;-0.66807467,0.4173279;-1.5584675,1.1278588;-0.45590332,0.15064597;0.24450941,-0.9128236;0.706444,0.81515056;-1.3374374,0.96928126;1.1304649,1.1209459;1.0554397,1.2217689;0.27123484,-0.6247519;0.9979961,1.0459945;0.39246956,-0.76969767;0.6503007,1.6676843;0.26029617,-1.2820221;0.8757836,0.65804595;-1.3038813,-0.37588477;0.80901855,0.74034685;-1.2836753,0.8990819;-1.6625851,-0.8121297;-1.3590461,-0.37374365;0.067407824,-0.25538722;0.48597077,0.75612587;-1.4418335,0.9578628;-0.5068171,0.28151006;-0.10209801,-0.067160696;0.2985163,1.7274214;0.3167167,0.91330594;1.0325469,0.37223816;1.0090852,0.23707351;1.6075408,-0.46748066;-0.77299505,0.47738323;0.41334686,0.6097741;-1.4537876,1.0188768;-0.56842947,0.31960577;0.21490654,-1.6517361;0.26952633,1.2114041;0.13021116,-0.81825626;1.1201109,0.54666746;0.24602993,-1.2523595;-1.7981039,-0.6047064;0.31002358,-1.1216831;2.1079783,-0.4942927;-1.4266791,0.8886606;0.31133914,-1.805742;-0.025356459,-1.0161042;-0.23364858,0.24944669;-1.3628856,-0.9419483;0.36922508,-2.1007273;0.2221067,-1.2058169;0.2498167,-0.9784038;0.77452606,1.7839931;0.1951208,-0.20831612;-1.3745508,0.8560454;-0.65727156,0.48224917;0.022384139,-0.14814629;1.9866971,-0.5246091;-0.35528332,0.48105714;-1.797813,-0.4936545;-1.6631773,-0.50183743;-0.0006973844,-0.8359371;0.10620169,-0.89956635;-0.1541511,-0.005426034;-1.8837339,-0.37245256;0.21982364,1.2248387;0.36732712,-1.1101412;-1.173853,-1.1465768;-0.6232587,-0.39948317;-1.3113338,-0.92283034;-1.6722145,-0.29494616;-1.3453271,-0.9886956;1.608378,-0.47986734;1.1896774,0.5448557;0.2906367,-1.6458297;-0.7754167,0.11949143;1.1006643,0.71145743;-0.14267226,0.67717;0.64158005,1.7284677;-1.5684375,1.0875909;-1.3936867,-0.86181355;-1.2564188,-0.34504825;-0.2799481,0.33708957;0.35143018,1.770824;-1.8542233,-0.39318126;-1.5057853,1.1375939;0.4847237,1.7638738;0.56396085,1.2477287;-0.16154242,-0.11628099;-1.3233742,0.75172293;-0.5146024,0.07227378;-0.27604693,0.34883052;-0.36336097,0.534219;0.22132212,-0.17916404;-1.625917,-0.76750875;0.5790954,1.5185543;0.98265415,1.245437;0.025011474,-0.68299615;0.3283033,0.8173113;-1.5962939,-0.83534104;-1.6682546,-0.51751035;0.3179674,1.4203986;-0.11154127,-0.122139074;0.30858827,-0.80467844;-0.9687898,0.59222496;1.217246,0.55009645;-1.3276188,1.017649;0.40142074,1.216046;0.7919012,1.0915066;1.1349775,0.58613515;-0.7453022,0.20999408;0.37787983,1.6219876;-0.3538249,0.15068358;0.41742888,0.5950502;0.17309125,-1.6870185;0.21443404,-0.39035913;-1.1608953,0.68327206;-0.12437868,-0.60114807;-0.6004737,0.80596507;-1.4357116,0.85125905;2.1594162,-0.6590788;-0.27946126,0.3152127;-0.03306483,-0.76697665;0.95350164,0.16293149;-1.8293208,-0.37939298;-1.7428806,-0.4923787;0.6795227,0.5671137;0.38158777,-0.80448097;-1.4224751,0.9134881;2.077102,-0.5792765;0.36680025,1.5282048;-1.1690233,0.74011284;-0.47302485,0.19422662;-1.6069019,-0.3619532;0.23290114,-1.1202738;0.6310656,1.4865047;0.6615189,1.7329024;2.2700412,-0.6189695;-1.7450632,-0.54359627;0.24687338,-1.4793189;0.33210427,-0.6561163;2.2546487,-0.54436606;1.0032738,0.38953325;0.48054382,-2.2337523;0.89277375,0.733949;1.0696657,1.1844022;-1.6545079,-0.3483981;1.1980861,0.63880855;-0.15325896,0.73446554;0.43839335,1.7565491;0.397951,0.84595174;-0.4484071,0.09338742;-0.51770866,-0.3727132;0.4259461,-0.8889296;-1.6174146,-0.8087206;0.9773451,0.55118114;0.95656073,0.7845922;-0.06501122,0.70949787;0.48137742,0.9429759;1.1305337,0.60616523;0.37122518,-2.0541325;0.28983036,-1.5818659;-0.26320043,0.27017075;-1.4193509,-0.7391021;0.66953284,1.8095862;2.2623813,-0.5941136;-0.38053077,0.43696484;-0.1790619,0.7291371;0.836493,1.0562949;0.91168123,0.74088395;-0.01843601,0.71024483;-0.7732959,0.36290577;-0.17168196,0.36986035;-1.2025089,-1.0418509;0.39953178,1.6863405;0.27950796,-0.8848515;0.25564924,-0.95109564;-1.201585,-0.890398;-0.7404646,0.4956372;-0.7788395,0.22435886;0.5173848,-2.3488216;0.36196184,-1.0330471;0.25044233,1.4808592;-0.0045913905,-0.6818569;0.28202078,-1.8307806;1.6542959,-0.5487941;0.29899913,-1.7462993;0.24886942,1.6638273;-0.15844643,-0.2523497;-1.8452877,-0.36077163;1.0643587,0.9791609;0.25217545,-0.77838;-1.313684,-0.39873195;0.31523672,1.5076406;-0.07643093,0.6206266;0.2701787,-1.4499305;0.401994,-0.9445743;1.0623593,1.1466161;-0.9120472,0.5772537;-0.9167509,0.5499824;-0.10752461,-0.6774218;0.6208005,0.83664346;0.43417513,-2.23298;0.45736498,-2.3360121;-1.5574648,1.0683124;2.2823515,-0.7086674;-0.97241926,0.46417174;-0.05199082,0.043689128;-0.5253113,0.5049549;2.1904075,-0.64504373;0.5890077,1.5077494;0.80653083,0.70445246;0.32874334,-1.8805966;-0.70661443,0.3371249
p3d-kl
0.40916571021080017
p3d-iter
599
p3d
-1.4700729,1.8309046,1.0853217;1.2978802,0.40516213,-0.7947491;-1.3237026,-0.29102698,-0.47599187;-1.4598736,1.7487439,1.0640543;-1.851224,-0.49278724,-0.39062238;-1.305315,1.128488,1.2528785;-0.30008176,-0.28304878,-1.9085557;-0.46986026,0.22169201,0.95647395;0.18780777,-0.39690757,0.08707059;0.68238485,0.23821117,0.2575617;-1.735116,-0.37873757,-0.50500417;0.0036694088,-0.24324484,-1.2093627;0.1114402,0.68528044,0.28358874;-0.30409935,-1.1923214,1.2963256;0.903989,-0.8889221,0.102228746;-1.3520889,-0.3003623,-0.5184533;-0.29215917,-0.18418345,-1.6129332;-2.2818365,-0.8080499,-0.48988667;0.21277814,-0.56315106,0.010133329;0.2782279,-0.114079736,0.06451877;-1.1897053,1.0634495,1.3183346;0.2438491,2.1029818,0.70442826;-0.14379272,1.3007882,0.6207603;0.94740915,-0.017034302,0.026667127;0.50195366,-0.63644654,0.29177508;-0.42078584,-1.4609374,1.4339815;-0.75510937,-1.3656775,1.6488987;-2.095143,-0.5963236,-0.6456877;-0.18357134,-0.07388498,-0.08133947;0.9741278,-0.83818907,-0.18073842;-1.1669471,1.326156,1.0388634;-0.052311964,2.1917856,0.7490582;-1.9984694,-0.5905576,-0.48451725;-2.0729,-0.72803986,-0.43228745;2.4176953,0.6818978,-1.5571226;0.45637578,1.7089696,0.6378604;1.5137371,0.4535039,-0.68447083;0.40356338,-0.5305434,-0.9285998;-0.76166016,0.08009531,-0.33253095;0.27680826,-0.73507845,0.17229946;2.220423,0.5426734,-1.5857625;0.39799178,-0.23986894,-1.0934591;0.7283355,-0.7039766,-0.16005757;-0.3690236,0.42079654,0.32711306;0.22736976,-0.12042287,-1.1529751;-0.5137746,-0.7097103,-0.27242422;-0.15991017,0.052538913,0.0141601125;2.286215,0.79679817,-1.5998988;0.37359193,1.8551805,0.4670859;0.49201083,-1.7525704,1.1525724;0.22740524,-1.8195721,1.189467;0.119393244,1.9327604,0.8653789;0.26442307,-0.5527566,-0.9850913;0.84626704,-1.0806416,-0.11861963;0.8762367,-1.1473145,-0.19803889;-0.7334413,-1.3395507,1.6481539;-0.6312103,-0.47204393,-0.37949482;-1.0037643,0.6281408,1.1571993;-0.31780306,0.47095078,0.59879494;-0.8541333,1.3147454,1.019979;-1.39701,1.6465179,1.0641068;0.33003914,1.9845867,0.4753346;2.4059162,0.5324762,-1.7165675;0.73374,-0.5658736,-0.6908077;0.40845108,-0.2330411,-0.1097962;-2.2471807,-0.6512265,-0.49579024;-0.4432056,-0.1759631,-0.5694977;1.3076215,-0.5121588,0.031941917;-0.4227864,1.9456027,0.75629073;-0.85778254,0.8399127,0.41697738;-0.41307253,-0.41519243,-2.2421837;-1.0581342,1.2520429,0.8954527;-0.1743179,-0.26123312,-1.519399;0.61785764,-1.806502,0.99448043;2.4944358,0.7194681,-1.6855872;-2.3309832,-0.5219589,-0.5763863;0.15693918,-0.61435574,-0.26201847;-1.9966176,-0.372977,-0.57558876;-0.7397204,1.0969942,0.61344147;-0.15366516,2.211293,0.6291476;-0.5017025,-0.31914705,-2.0999699;1.6110867,0.5109195,-0.67952275;0.11173337,-1.9697647,1.1036347;-0.088360764,-0.5242197,-0.27145022;0.21107967,2.0810158,0.5216622;-0.37438414,-0.40616393,-2.101384;-0.28453887,-0.42112732,-1.9423002;-1.3554978,1.6446292,1.040911;-2.2894497,-0.64706856,-0.4843665;-2.1889155,-0.32629368,-0.6567487;2.2567024,0.65423906,-1.555766;1.9377912,0.70364463,-1.3674715;-0.7726115,0.6093441,1.2332486;1.7110925,0.7445061,-1.0911444;1.3948044,-0.60287225,-0.2894916;-0.90368974,-0.2556276,-0.40320927;-0.78607565,-0.006847432,-0.41284692;-1.4081447,-0.28510743,-0.45046443;-0.18334585,-1.2285442,1.2418551;0.9703734,-0.84313107,0.1903272;-0.24617825,-1.9613854,1.3273784;1.6312481,0.36637786,-0.6363164;-0.3399026,1.8024315,1.0815424;0.425294,-0.43467465,-1.0000886;0.9021428,-0.75111187,-0.38198072;-1.2445878,0.7580103,1.2493178;0.5472394,-1.6905727,0.98654854;1.3870125,-0.5441788,-0.160454;0.1308592,0.9855895,0.9572716;0.21073727,-1.9177833,1.1489003;1.4636184,0.69447654,-1.0626196;0.98545593,-0.030486438,-0.114067286;-2.3210897,-0.7959836,-0.4934092;-1.1707902,1.2099423,1.385919;-0.5645983,-0.16137639,-0.29648694;0.16991523,-0.48165563,-1.1315548;-0.20942034,0.66590285,0.6335481;-0.9783082,-0.18847717,-0.40550655;1.2814356,-0.7763946,-0.27554724;0.46079654,1.1921409,0.43982697;0.022661356,-1.719535,1.1804527;2.0841749,0.73478866,-1.4551282;1.3620985,-0.54550046,0.04033098;-0.25640458,0.71567047,0.619866;-0.4645909,-1.3853885,1.6368066;0.11811242,1.9756639,0.70449585;-0.13292187,-0.2533403,-1.5279846;0.13927473,-0.3913452,0.06597319;-0.7205663,-0.1946547,-2.1667044;1.5107183,0.53127927,-0.60867316;-0.67194843,-0.46501604,-2.381518;0.17711377,-0.75154656,0.62649375;1.4120638,0.114340626,-0.43048534;0.5889474,-0.5870229,-0.6502828;0.84214187,-1.1630896,-0.22445604;2.3911788,0.5448712,-1.6969956;-0.45150763,1.9816597,1.0812175;-2.135828,-0.4265847,-0.4322439;1.579569,0.7258524,-0.63615483;1.1116822,0.24281132,-0.6568217;0.6116767,1.313744,0.593815;-1.0996084,1.1211869,0.81303114;0.65719664,0.22022346,0.2826428;-0.48866752,1.8509918,0.8043725;0.7110984,-1.8777136,1.040999;-2.116727,-0.5343886,-0.4524569;-0.8225288,0.09552897,-0.42228743;-1.5682043,-0.27889603,-0.60885173;-1.5991431,-0.36021438,-0.37558278;0.1549615,-0.3036098,-0.34036648;-0.20477542,-0.26319766,-1.7957782;-0.050095107,-0.58652467,-1.3911904;1.1275486,0.14379777,-0.52613556;-0.3746099,1.721039,1.1674286;0.45053723,-1.6757845,1.1997405;1.6140807,0.62328464,-1.0240637;0.8231758,-0.6742221,-0.40280327;-0.43003556,-1.1893342,1.2497685;0.5711263,1.222064,0.4687408;-0.4802401,0.4276903,1.0680119;-0.6551064,-1.2257684,1.612742;0.21171659,-0.67263836,0.5487244;0.25536513,-1.8482368,1.1188439;0.2543529,-0.39450938,-1.0903887;1.0984815,-0.15656084,-0.23492004;-0.582194,-0.33879432,-2.091455;-0.22580855,0.03156367,-0.5600947;0.10810439,-0.5365471,-0.37717918;-0.80278265,-0.23908249,-0.44757083;0.13560069,-1.8185999,1.0576003;0.27035797,2.0602043,0.6633728;0.14325671,0.67972344,0.371407;-0.2718668,-0.058075227,-0.63494915;1.6198953,0.5730108,-1.0788492;1.1530663,0.28638744,-0.72259015;0.16864799,1.9609126,0.786347;-1.8478892,-0.32258588,-0.4922565;-0.2721011,-1.5243793,1.379518;0.39144453,1.670911,0.81564295;-0.029797768,0.85508966,0.65762085;-1.3023689,1.015684,1.2466234;-0.10271454,0.3077299,0.24814461;-1.1959271,0.46866125,1.2672918;-1.1271889,0.64042675,1.1485944;0.2172639,-1.7397014,0.9878663;2.3235972,0.5995163,-1.6647519;-0.54072773,2.0907168,1.1249249;0.21267755,-0.1313696,-1.1738623;-1.387257,-0.30842263,-0.30949697;-0.55539876,1.9607449,1.1032405;-1.2834506,0.9423681,1.2271726;-2.1508293,-0.49654517,-0.47121298;-0.64634585,-0.04601696,-1.9676911;-1.1530092,1.2283028,0.8375785;0.37471202,-0.468368,-0.17572202;-0.80570155,-0.31705022,-2.3952172;0.35350597,0.09203297,0.49410486;0.12899785,-0.5331531,-0.3667847;1.4302218,0.68443733,-0.7184805;0.26083648,-1.901575,1.0964496;-1.179495,1.3016688,1.0627179;0.540194,1.6735716,0.55717033;-0.051240314,0.45561302,0.26096943;0.6054072,-1.6658154,1.120002;-0.50278115,0.8365526,1.020947;2.209693,0.6505304,-1.5844982;-0.73080915,-0.29740798,-0.33129808;-1.4550824,1.8282896,1.0788634;1.5561843,0.7221261,-0.61220133;1.0511477,0.0826668,-0.21097633;1.5175791,0.28559324,-0.6473914;0.61945957,-1.8644118,1.0514119;-0.6890098,0.92161304,0.6768938;0.19750184,-1.1279908,0.75643694;0.6787315,-0.805619,-0.27813008;-0.16910207,-1.252805,1.2729346;1.4981868,0.32899258,-0.6198442;-1.0517753,0.8342997,1.3199797;-1.3209978,1.581458,1.0518982;0.9865911,-0.17048506,-0.24710582;1.4918269,0.1850085,-0.52895314;-0.2877446,0.5116481,0.6303142;-2.0518541,-0.24541146,-0.46307924;-0.21914943,-0.10623587,-0.14911604;0.1170796,-1.8141664,1.0863615;0.5189024,1.6659889,0.6013046;0.26614523,0.28540054,0.32080477;-0.16399992,-0.25653392,-1.6471686;1.6594269,0.68574196,-1.1745685;1.0988799,0.24518949,-0.66717523;0.370028,1.8503723,0.5490145;0.8398777,-0.56243205,-0.50906163;-1.018839,1.2419785,0.86715466;-0.09331738,1.9961914,0.53277934;0.1304697,0.17633736,0.5568683;-0.13472392,-1.9220884,1.2881442;-0.6213612,-1.103318,1.276113;1.152932,-0.54215074,0.065665655;0.5940037,-1.8389021,0.856646;0.28283823,-0.62475914,0.2044395;-0.78259236,0.47412717,1.1286423;-2.118717,-0.50917786,-0.56683445;-0.6127724,-0.043549076,-1.9060308;0.6096588,-0.8304399,-0.25512522;-1.2983607,-0.3182125,-0.53621405;-2.1578176,-0.63288563,-0.4451478;-0.14758651,-0.27435106,-1.7607906;0.10598823,-0.4402817,-0.6800635;0.8321176,0.14196546,0.034457196;0.05584089,-0.4632861,-0.72742534;0.49336195,-1.9078032,1.0746326;0.23457853,-0.280239,0.42516786;1.7623432,0.63639677,-1.2541621;1.405416,-0.6432784,-0.1314398;-0.13605954,-1.930155,1.2506125;-0.108690836,-1.9683719,1.2591171;0.09476749,2.0595262,0.8787703;-0.083124675,1.0654413,0.9204252;-0.3682963,-0.7727344,-0.41083577;-0.5145733,-0.3891983,-2.0403552;-0.818317,-0.30186424,-2.460544;0.64879954,1.1233237,0.5123534;-0.8741734,0.5328612,1.1765913;0.61008567,1.3334969,0.56065273;-0.060422953,1.105176,0.9396378;1.5403115,0.38345152,-0.7344856;0.047260743,-0.41571322,-1.1646054;-0.7697259,-1.3517914,1.632877;1.2266202,0.2866073,-0.681747;0.74896646,-1.8104242,0.90581703;-2.1436012,-0.5314209,-0.59217125;-0.039907366,1.3221505,0.9506551;0.1462989,-0.39286706,0.027726846;-2.3315854,-0.4176822,-0.6766682;0.11515998,0.2152309,-0.038227804;0.093230434,1.4381745,0.92723995;-0.32623526,-0.43076137,-0.19478904;-1.4735851,1.6857029,1.0369987;-0.67284095,2.0164957,1.07265;1.5499187,0.26175383,-0.7823126;2.2184515,0.53511983,-1.5855244;0.27987257,-0.15984353,-1.1608202;0.64349544,1.0020247,0.480442;-0.27908865,0.6238683,0.60203874;-0.30101922,-0.17358378,-1.722857;0.3564991,1.8753453,0.6234312;1.4996041,-0.19670987,-0.33803168;1.4160953,-0.9125201,0.102887325;-0.12402477,-0.26989564,-1.4387956;1.5992615,0.20426264,-0.53084356;-2.328881,-0.6986345,-0.47949308;-0.18526676,-0.2514004,-0.086756945;0.27770925,-1.8908293,1.1200702;-1.6861908,-0.37181407,-0.51467246;-2.0229752,-0.6088731,-0.71684873;0.02620321,-0.45959663,-1.2678761;0.5681331,-0.66130257,-0.4543493;-0.13114654,0.36352062,0.28037342;-0.6542194,0.8677063,0.7533409;1.4734651,0.14970313,-0.41565046;2.3793273,0.6508252,-1.6926664;0.9967328,-0.73728144,-0.38355678;0.67893475,-1.0186123,-0.15578876;0.48130032,1.7106737,0.6093753;0.059768956,0.76876336,0.8337361;0.37119603,-0.21805531,-1.1111735;1.7804987,0.7545411,-1.1293346;0.0646403,0.9182446,0.92971605;1.2552414,-0.6873652,0.12893197;-1.5782923,-0.33814216,-0.43211356;0.0997477,-0.28023854,-1.3156227;0.5250934,-0.6450853,-0.3784284;0.45008904,0.3167367,0.3815914;-0.40199378,-1.5922616,1.4356912;0.29538867,-0.59905285,0.14475912;0.46087307,1.6372364,0.63497263;0.49268493,-1.5210918,0.9752391;0.34427917,1.7706268,0.8102111;-0.7545696,0.735683,0.32899526;-0.27522412,-0.12905021,-0.77142507;-0.58469445,-0.34096187,-2.2134173;-1.9695948,-0.5646854,-0.48252726;0.09490253,-0.5224819,-0.34708017;-0.43437552,-0.123748444,-1.6240318;0.17210604,-0.21833889,0.27861947;2.2602205,0.60429746,-1.6525952;-0.28817284,-1.3561264,1.4555868;-0.77799046,-0.4723412,-2.3687823;-0.23808071,0.10001872,-0.3375212;-0.62269807,-1.1773102,1.2206068;-1.3013564,-0.29209074,-0.50629765;0.5216354,1.619979,0.57633096;-0.9686462,-0.19794883,-0.40400854;-0.5578344,-1.1151072,1.1552807;0.1437718,-0.8659818,0.6136458;-0.29265833,1.9111763,0.9456488;-0.74758244,0.43643174,1.0454913;1.0124589,-0.8494184,-0.16492847;-1.1585947,0.55929846,1.205183;0.9020475,-0.9843728,-0.04052864;-1.3154621,1.0954536,1.24357;-0.66342515,-0.4337809,-2.3453004;0.6753107,0.94756496,0.4780548;-2.0888922,-0.3079871,-0.44698548;-0.21954942,-0.2888404,-1.8185067;0.3714335,1.8224767,0.6911584;-0.6685711,1.85,0.8354929;-1.0301012,0.49986652,1.1368412;0.36738193,-0.6391923,0.33588612;-2.3485487,-0.64676595,-0.47890654;-0.72216135,-1.3836124,1.6584632;0.2496703,-0.5978517,-0.7026772;-0.6316219,-0.17583837,-2.0003252;0.1829712,-1.9931095,1.1091253;0.07037684,-0.6413717,0.57529694;1.4933729,0.27896217,-0.6886011;-0.20731044,2.1483943,0.77868974;-0.64696866,0.9489328,0.74694747;-0.7923875,-0.3141203,-2.3749392;-1.1280551,0.788753,1.157583;-0.07022529,-0.096521504,-1.4945128;1.5816678,-0.12022289,-0.5339614;0.49826452,-0.4989406,-0.8914689;-0.27657828,-0.11353195,-0.79729325;0.4506183,-0.5532875,-0.6491809;-0.7907989,-0.42010185,-2.4553347;-0.51610917,0.16227385,-0.96988964;-0.6317333,0.29331788,0.970321;-1.2547382,1.4243315,1.0197872;0.04873737,0.30624965,0.11205957;-0.94328815,0.6693048,1.2627167;-0.116604835,0.4213984,0.61352617;0.4272249,-0.55438393,-0.90338033;-0.028752383,-0.23926224,-0.41804972;0.62434775,1.296627,0.5697403;0.06687166,-1.8236951,1.2447485;-1.9981428,-0.5749562,-0.47990975;1.3193187,0.3463833,-0.7580107;1.0657423,-0.8189548,-0.15877667;-0.09733624,-1.2407191,1.1829294;2.3334844,0.60924584,-1.6926686;0.52571213,-0.65663314,0.3147407;1.2107416,-0.70653754,0.21278824;-0.44978702,1.5091153,0.73878384;-0.24360028,1.5336565,0.67805123;-0.5345338,-0.60993046,-0.41340572;0.18013054,1.6838111,0.548885;0.65914357,1.0748482,0.5034665;0.4727728,-0.4772956,0.541122;-1.445808,-0.151233,-0.44661626;-2.0090485,-0.4980632,-0.48074353;-1.0922374,0.6336387,1.0922593;1.570567,0.025100963,-0.4027682;0.7606629,-1.7759352,0.98655474;-0.537972,1.9569474,1.1237434;0.25831425,2.0415452,0.66132945;-0.7136892,-1.122254,1.2121434;-0.6543848,2.0587769,1.0811282;1.6949137,0.677625,-1.1080693;0.533641,-0.48751935,-0.8532613;-0.11146695,-1.9605719,1.2612548;-0.81114304,-0.19530466,-2.2996292;-0.22999847,-1.1676626,1.2891583;-1.5344176,-0.34985492,-0.30168292;-0.18324028,2.136186,0.7268432;-0.365702,-0.70432365,-0.3280945;-0.34927887,0.18049893,0.40994173;-0.08202635,0.38005385,0.61638075;0.23624595,0.13190068,0.015766338;-0.9212737,-0.22584115,-0.4245671;-0.35922307,-1.9270294,1.3309948;-0.25489783,-0.32134968,-1.9243618;2.3317351,0.6954554,-1.5793711;0.62401605,0.13542168,0.52430683;0.06419505,2.1491482,0.73629946;0.70003986,-1.8716993,0.99171025;0.19004825,-0.93000835,0.67101413;-0.81008685,-0.28882852,-0.41331062;-0.37917894,0.626694,0.5327452;1.6003375,0.21240877,-0.53712434;-0.3810797,0.6015438,0.51050085;-1.009707,0.969344,0.57572067;1.7959654,0.7283285,-1.218322;0.38350326,-0.23680408,0.31481022;0.517764,-1.8551124,0.94041395;-0.66230035,-0.42262128,-0.46130824;-0.17551768,-0.4178163,-0.16643521;0.71944827,0.8237645,0.45435828;-0.39949518,-1.8451679,1.3184485;0.18746588,-0.7615025,0.7115872;0.025472915,1.5952204,0.82310253;-0.80515665,-0.24787916,-0.29900238;-0.7753399,-0.3549586,-0.4404743;0.28848046,-0.6536166,0.07879347;-0.1602022,2.1694114,0.67863065;-0.57333094,-0.3709145,-2.261751;0.7155444,-1.0200899,-0.16941491;1.3493849,-0.027759755,-0.4615371;0.7831778,-0.6851312,-0.14889355;0.13258095,-0.6720855,-0.26241857;-0.58399194,-1.3751216,1.6336553;-1.3666466,1.77354,1.0680585;1.0142819,0.24341746,-0.26748616;0.23468953,-0.086902365,-0.8907633;-0.38446373,-1.7179955,1.1922029;0.45455024,-0.59202635,-0.80787545;-0.082761675,-1.1697912,1.0681733;-0.45889825,0.41499153,1.0719676;0.39156598,-0.58042747,-0.7484973;-2.4761198,-0.8126844,-0.50947136;-1.8830642,-0.45337597,-0.46903092;-0.63480914,-0.13729173,-0.49165434;-2.4812295,-0.8196325,-0.51287353;0.014834337,-0.5075864,-1.327377;1.6166773,0.27217275,-0.55150545;-1.7085242,-0.35977677,-0.5093667;0.48548624,-1.7873766,1.1145182;-1.4114985,1.5920154,1.0222305;-0.42751062,-0.3943998,-2.0448391;-1.2177868,1.1658703,1.1970344;1.492375,0.23740292,-0.61684173;0.94412434,-0.416625,-0.4862216;-0.0573879,-1.1510651,1.0540309;0.27027738,1.9699359,0.546595;-0.461125,-0.115202114,-1.6072426;-0.38330656,-0.25508767,-1.9169679;0.014154025,-1.9848737,1.0547515;0.05406709,-0.65710306,0.56109893;0.6835002,-1.8950925,0.9636584;-0.076836154,2.054447,0.7108104;-1.3365104,1.4396607,1.0078721;0.18333109,1.5322318,0.85119545;0.6190733,0.27492434,0.36099565;1.5775281,0.94353515,-1.1457683;-2.274667,-0.5286268,-0.48927787;-0.062852286,-0.45165777,-1.3761005;2.5122085,0.61242956,-1.6925523;-1.3378631,-0.29565096,-0.42171967;-0.35572442,-0.19081526,-1.686639;1.3669416,0.37894186,-0.78204757;-0.5163868,-1.4100256,1.6018643;0.2108266,-0.61890006,0.5106574;-1.17587,1.5139327,1.0038923;-0.6864324,1.0627729,0.62794465;-0.013108901,-0.25957403,-1.0809121;0.6284289,-1.9022406,0.9982697;2.1354244,0.78409266,-1.4738146;-0.72624207,0.4332639,1.1143281;-0.7549316,-1.2400594,1.4502403;1.125538,0.220332,-0.62397605;-2.3051333,-0.5431248,-0.52417815;0.3620292,-1.8848196,1.1074752;-0.33417597,-1.1436626,1.1927816;0.6975806,-0.7433491,-0.3782636;0.3808769,-0.6159562,-0.04579382;-0.625724,-0.51832503,-0.34569666;0.8047798,-1.1621758,-0.18156278;-0.40204102,-1.8042464,1.2985295;-0.7329597,0.3965418,1.0590152;0.20187557,-0.09237762,0.3022695;-1.541559,-0.29183796,-0.47539926;-0.012318791,-0.27856463,-0.8643773;1.4710243,-0.2582144,-0.28905377;-1.44824,1.5822189,0.9794601;1.7316175,0.8964858,-1.3202342;-1.888963,-0.45096797,-0.49264547;-0.09570022,-1.3529055,1.3347228;0.5836588,0.96655685,0.487429;0.47069675,0.23283114,0.35904622;0.21388112,-1.816144,1.0882185;-0.2895624,-1.9241459,1.2884288;0.6510373,1.1157024,0.53191584;-0.2758423,-1.3128088,1.2918876;0.5521821,-0.4400845,0.5053715;-0.768316,0.97147006,0.56416124;2.4896638,0.612163,-1.6935384;1.3612536,-0.7292419,-0.15856208;-0.60715353,-1.0350364,1.2950296;-0.5591356,0.34344533,1.0112818;0.69409704,-0.55934036,-0.7334568;0.35607007,1.5890127,0.5813262;-0.6092583,2.0305781,1.1052961;-1.0243837,1.2317364,0.94406486;0.41287595,0.03693766,-0.22900511;-0.6379882,-0.15602584,-1.8949796;-1.1213261,0.9294912,1.2895632;-0.12690914,2.1374044,0.7373495;-0.4382831,-0.111360796,-1.5687557;0.092647046,-0.45240888,-0.051078476;-1.2867813,0.9331786,1.1497804;-0.85608226,-0.26775816,-2.4394703;0.012495093,-0.2877287,-0.6877817;-0.1476667,-0.3430722,-1.8669322;0.5406052,-0.49093005,0.4616578;1.3948789,-0.07341526,-0.25191554;-0.623574,-0.3762168,-2.3203704;-0.36475554,-1.8107479,1.2421966;-0.9006627,0.88063276,1.3275695;-0.096335016,0.23545507,0.24551077;-0.46760756,-1.5764221,1.2830907;-0.79005593,-0.28114885,-2.3558393;0.019673346,1.2738304,0.9649856;-1.0858471,0.6426273,1.1856561;-1.0536257,0.90290105,1.3272388;-1.3516066,-0.21127191,-0.4928765;-0.5320969,-0.45385894,-2.2494037;-0.39426503,-0.7718845,-0.2126062;0.74670047,-1.0762427,-0.25412586;-1.073192,1.025136,0.7655601;0.6256344,-1.6774327,0.9268731;-0.70981026,-1.4170988,1.671548;1.5373731,0.16453844,-0.36768085;0.06094616,0.9777687,0.9172938;-0.71055716,-1.1551918,1.2357361;-1.4888752,-0.2921514,-0.41172814;-1.2536051,0.93104035,1.244565;-0.03290408,-0.82767475,-0.29197693;-0.59365374,-1.1499543,1.2100383;0.38799304,-0.61136043,0.64933926;1.2108011,-0.061715852,-0.09979068;0.018195938,-0.111674465,-1.415214;0.54415935,-1.9075676,0.8984547;0.00972339,-0.1299416,-0.8825978;-1.6046302,-0.3123774,-0.5497116;0.2704845,-1.5308955,1.0336447;2.1361895,0.6563765,-1.5145227;1.3400588,-0.122136295,-0.42974025;-0.30853578,-0.07334302,-0.19678152;0.34382296,-1.5477022,1.0094403;-0.21798459,-0.051741064,0.009635925;-0.8308843,-1.3570722,1.6282672;0.20291118,-0.68043405,0.453751;0.82671136,-1.227073,-0.21765041;0.09910152,-0.7528816,-0.13751438;-0.45299432,1.5150093,0.7408971;2.0832553,0.6962086,-1.4726964;-0.3186337,-1.9050905,1.3029238;-0.7593235,0.8269063,0.685495;0.31919166,-0.8600697,0.74793136;1.349222,-0.6625539,0.1266762;-1.4815891,1.7549278,1.0599921;-0.21788242,0.4152323,0.61323696;-0.63030773,0.02722666,-1.8946047;0.29343984,-0.36484057,-0.5613841;0.5922261,-1.8127509,1.0434985;-0.45572984,-1.440602,1.6213491;0.49737972,-0.550083,-0.85400826;-0.5606799,0.5852455,0.5408776;-0.32767117,-1.7371477,1.1309398;1.2300272,-0.34082922,0.06797778;0.03377488,1.8628342,0.65592366;-0.95718324,1.1810625,1.0280628;0.32474577,1.9590497,0.65771234;-0.6511493,-0.22499748,-1.8798565;2.5392911,0.63434047,-1.7220759;2.482678,0.5264268,-1.750836;-0.47052488,1.9705877,1.114041;0.6966209,0.19493937,0.24909742;0.2910901,0.051086005,-0.18279369;0.7687872,-1.8101326,0.9464797;-0.28199473,-1.9487225,1.3096046;0.56208855,-1.9596233,1.0574509;-0.22792605,-0.9278783,-0.28908148;-2.1758642,-0.86375695,-0.52560663;0.55336237,1.2975469,0.472835;-0.55704314,-0.3772597,-2.2920709;-0.43212822,-0.6958983,-0.30321386;-0.37723503,0.40909117,0.30275127;-0.8291464,0.84840584,0.5787264;0.57181317,-0.69210535,0.23119129;-1.9711853,-0.47697645,-0.5319303;-0.40258956,-0.0630651,-0.11804802;1.1257236,-0.66314816,-0.3285603;0.25119123,-0.60640717,-0.47627035;2.2847567,0.6414174,-1.5657973;-0.5680491,2.0310142,1.0895977;-0.4808617,-0.67774945,-0.35863364;-0.609742,0.26944187,0.94410944;0.40929833,-0.6128426,-0.12119162;-0.056866806,1.086889,0.8919218;-0.450079,-0.16764449,-1.8855146;-0.2982151,1.7632872,1.041483;0.3167523,-0.4559539,0.40046358;-0.30191374,-0.7287149,-0.3542367;1.708758,0.8761708,-1.1402928;-0.17386028,-0.85039157,0.8408046;1.4692967,0.40457425,-0.5886025;1.3391815,-0.6503452,-0.011880145;0.5564995,-1.8237376,1.0709301;0.22042999,-0.8154706,0.6427111;2.1361895,0.6563765,-1.5145227;-0.07179526,-1.9932404,1.2995623;0.47605187,-0.5627836,0.45049882;-0.862049,0.013456047,-0.443977;-0.80594385,-0.26468912,-2.0093355;-0.03593814,-0.4477068,-1.310727;0.38422394,-0.40649632,-0.7034563;-0.68758726,-0.26239967,-0.329879;-0.12039136,0.56427485,0.6595078;1.5543008,0.60336614,-0.99560803;0.43360814,-0.5510198,-0.86931676;0.3482851,-0.66209036,-0.017940369;-0.037394486,-1.6499882,1.0631852;-0.06064521,1.0206839,0.67641777;0.35468566,-0.5183048,-0.443196;0.046208847,-0.46051487,-1.2102803;-1.108575,0.6291745,1.1924266;-0.15929331,2.0523667,0.80065763;-0.7138954,-0.25765085,-0.4629316;0.90338266,-0.7423397,-0.14863886;1.7676574,0.7217941,-1.1757834;0.020293191,-0.20430854,-1.3719753;-1.588309,-0.28842416,-0.6032407;-1.5713657,-0.3250572,-0.49765217;-0.30029875,-0.23428807,-1.8535122;2.3692527,0.62938225,-1.6742777;-1.1870965,-0.23705979,-0.45153597;-0.2366734,-0.6269085,-0.28907916;-0.25640357,-0.5758576,-2.0048559;-1.9954464,-0.6787553,-0.6682365;-0.5299205,-0.6877562,-0.26381725;0.7108335,-1.0788014,-0.13825203;0.10819768,-0.36699754,-1.0651231;-0.40297562,-1.0602528,1.4561279;0.34584653,-0.77981776,0.74470484;1.5093495,0.37147525,-0.7712163;0.41147012,0.37077755,0.39763507;0.59826094,1.309198,0.45161676;-0.50242394,1.3758365,0.7314617;0.16734554,-0.41419694,0.04453097;-0.15017214,-2.0186396,1.2745469;-0.222249,-0.64824116,0.84744745;-0.4291842,1.8909036,1.1232804;1.3668028,-0.66678035,-0.095078096;-0.5015353,-0.10375393,-0.37803748;2.100998,0.6986631,-1.4915787;0.31570643,1.925095,0.6695646;-1.3801552,1.1802498,1.1948935;-0.3847489,0.20525481,0.33987105;1.3385565,-0.61312264,0.08962321;-2.0305204,-0.5750856,-0.5948598;-0.47333053,-0.084020294,-0.19975363;-2.175208,-0.7826527,-0.6837654;-0.040508717,1.6156424,0.7633085;0.93315566,-0.1688141,-0.29609892;-0.52855885,-0.36945257,-2.0488045;1.9062122,0.7389263,-1.321291;0.45124295,0.19873358,0.04714058;1.5786191,-0.11713264,-0.46285653;-0.78864574,0.44533905,1.1366702;-0.45266077,-0.44472906,-2.2674258;2.0836213,0.7102502,-1.4627281;1.2726884,-0.2567617,-0.42852893;-0.40456465,1.8743665,1.1269617;0.19083177,-0.38139468,-1.0684592;-0.27250442,-0.42362255,-2.076775;0.408224,-0.46165457,-0.6263759;0.41797045,-0.46185353,-0.06491181;-1.7976104,-0.38219148,-0.47997954;0.052440178,-0.6343125,0.565398;-1.332297,1.5318007,1.0544918;0.24751931,0.045403194,0.30836487;2.2111328,0.75529313,-1.5569812;1.108627,0.13556841,-0.48035607;0.7201059,0.8044003,0.45002872;-1.4253663,1.6871903,1.0604707;0.37253127,-0.23706017,0.17261896;0.97353685,0.19855034,-0.22692956;1.1073364,-0.778762,-0.10162607;-0.41034397,0.35585722,0.345565;-0.24455202,-0.32986587,-1.9513539;-0.13282576,-0.2679566,-1.638036;-0.23281838,-0.89741105,-0.29945818;-1.4592392,-0.31342465,-0.47482112;-0.5837773,0.8993727,1.0595722;-0.6909672,-0.37003538,-2.419444;-0.55254906,0.30665293,1.0007576;0.2909492,2.103854,0.8485012;-0.4924451,-0.110406555,-0.24340083;0.051650975,0.79802257,0.81018955;-0.22984293,-0.27754325,-1.8936095;-0.95190525,0.733585,1.2812246;-0.5666516,0.57374036,0.54819643;-0.3630402,2.1361294,0.838571;-0.23734659,1.4955348,0.6535323;0.0938672,-0.440678,-1.1836683;-0.034656003,0.31869873,0.6214499;2.464433,0.57263434,-1.684194;0.2838059,-0.6157547,-0.92278224;1.6950909,0.68647593,-1.2833875;-0.62276745,-1.354029,1.6390573;0.5552554,-0.5579908,0.3763769;-0.103449725,0.38463297,0.28270113;0.028745998,2.1551857,0.75679284;0.18607554,-0.7965874,0.7146875;-1.3443242,1.0854381,1.2265412;1.61931,0.6290475,-0.9958604;1.8426414,0.72429466,-1.2606958;1.2858309,-0.23170526,-0.3879337;-0.48596683,-0.1556783,-0.5549305;-0.4151413,-0.35581756,-2.182509;-0.10811086,-0.23071413,-0.7249648;0.0061786864,-0.5197654,-0.34614268;0.6572138,0.24017125,0.2703938;1.6615136,0.55908287,-1.3199801;-0.3532221,-1.369917,1.2942299;2.1988919,0.7735945,-1.4995468;-1.1460342,0.75863135,1.1603442;-0.681053,2.004641,1.0555397;-1.3520103,-0.25909886,-0.5047216;0.47801197,1.6143196,0.6811992;0.20732716,0.13570635,0.54505813;-0.88576907,0.5528814,1.201801;-0.3949988,-1.5729865,1.2231599;-0.16912778,-0.7496195,0.7735261;0.08803235,-0.114664264,-1.4413188;-0.18436117,0.10213117,-0.15956195;-0.307979,1.8768944,1.0064371;0.93465686,-0.7704306,-0.20007873;1.7001379,0.71984017,-0.88102126;-0.013407104,1.4390054,0.99033314;-0.186099,-1.2708697,1.2813205;1.5773748,-0.18738219,-0.3113027;0.8770759,-0.59754795,-0.65075225;-0.88905853,0.91810846,0.656029;-0.54891497,-0.59091735,-0.42036083;1.3035393,-0.60439485,-0.32720253;-0.32336077,-0.7017934,-0.3363459;-1.163416,0.60794073,1.2362516;-0.07993428,-1.2481991,1.2822105;1.3802294,-0.04577222,-0.24336362;-0.58379525,-1.2311318,1.6494713;0.28111777,1.9981533,0.67450064;-0.29669324,1.8019054,0.93766737;0.7761475,-1.0136226,-0.18194017;-1.912302,-0.38860148,-0.50943923;1.9679426,0.71723896,-1.384213;1.3587468,-0.24246314,-0.47091523;1.357733,-0.7417111,-0.15035091;-0.096381985,1.9897472,0.5367566;-0.44271335,-1.4510032,1.5640614;0.55934495,1.3743519,0.6503883;-0.1062806,1.1924299,0.6050744;1.4615818,0.5478746,-0.88933176;-0.07539459,-0.020833706,0.046578005;0.083818346,1.3297986,0.95153636;0.2432434,0.28036618,0.2884169;-0.86846215,0.9548285,0.66585654;1.2569308,-0.7165545,0.17094156;-0.0063542784,-0.18244775,-0.79809165;-0.84382105,-0.32849845,-2.459556;0.1663625,-0.53907657,-0.4203657;1.3940372,-0.66916573,-0.09124614;-0.09962485,1.026488,0.65717125;-0.5690009,-0.21289194,-2.0552554;-0.47225156,2.0339718,1.064003;-0.62121636,1.9884281,0.9708211;0.96319395,-0.031719286,0.049944896;-0.3344625,1.6513585,1.124134;1.0777589,-0.5927345,0.20177852;-1.2056224,1.3935066,0.89859;1.5503477,0.023715481,-0.40039793;0.10704283,1.3797601,0.9480097;-0.16952261,-0.81381154,0.83643454;-0.05404526,1.2030537,0.93877584;-0.46001154,-0.21255276,-1.9382249;-0.20836607,-2.0358992,1.1726947;-0.2588735,-0.8813839,0.9124922;0.6159419,0.11334907,0.5544994;-0.11481182,0.26959628,0.67198694;-0.5444657,-0.3765403,-2.243586;0.03947142,-0.42717764,-0.5204138;0.21649054,-0.19881505,0.26750356;-1.2039257,0.6552703,1.3382418;-0.37516335,0.43966362,0.3324905;0.4460544,1.5110812,0.5563645;0.62024474,1.2515774,0.54668;-1.2725763,-0.2234316,-0.47988275;-0.025783777,-0.21142665,-0.9952328;0.096942164,0.552975,0.37521785;-0.64112556,-0.32374582,-2.274533;0.023321766,-0.38845673,-0.6378018;1.4972206,0.5878484,-0.96159;-0.43707055,0.41650105,1.0695723;1.1972606,-1.0132997,-0.23956467;0.25499043,1.8741573,0.6663229;1.5577767,-0.076211214,-0.38585111;-0.47513407,-1.7569937,1.4848856;1.24064,-0.00770393,-0.20589751;-2.0457654,-0.65225095,-0.68848866;-0.42937604,-0.38416207,-2.2043626;1.7475544,0.7044621,-1.1231401;0.90443623,-0.2608958,-0.30803058;-0.1684239,-0.78732884,-0.50092334;0.2885756,-1.8696704,1.1004295;2.0733192,0.6928615,-1.469779;1.4115596,-0.04057002,-0.34852406;1.4450965,-0.5016484,-0.14713852;-1.2614096,1.875733,1.0380888;0.63229614,0.3618348,0.35011572;-0.3801568,-0.3940989,-2.0929835;-0.11844928,-0.19017424,-0.81583273;0.42038125,0.18754913,0.09037373;-1.9553943,-0.3170899,-0.543649;-0.23555993,-0.07670206,-0.048999675;-0.44427764,-1.4202808,1.6133966;-0.3479385,-1.3565136,1.3722831;0.9723664,-0.73579204,-0.36510944;1.2081056,-0.66212666,-0.3078214;0.31460664,0.110046014,0.013008238;-0.7091516,-1.3223591,1.6201582;-0.47170132,0.29952005,1.002468;1.0395412,0.07433463,-0.16716073;0.732209,-1.8110721,0.92171913;0.21496683,-0.950029,0.6804348;0.33134487,-1.7119441,1.0487466;-0.6344091,-1.097946,1.2093565;0.3719285,-1.911216,1.1268878;-1.2819648,-0.24143934,-0.48092142;0.24692377,1.9916189,0.5657531;1.633475,0.5650123,-0.85901564;0.50830454,-0.56836444,-0.85127676;0.08418641,2.114849,0.858;-0.6902869,-0.121327795,-0.4363705;-1.2241623,1.4815127,1.0022111;-0.7939195,-0.41697013,-2.458689;0.16773817,-1.78302,1.1446266;-0.14740144,-0.69048035,0.74781764;-0.19651693,-0.5395837,-0.2869317;-1.3260771,0.7866078,1.2175936;-0.6433271,-1.2704402,1.6259948;-0.84732914,-0.25608435,-2.38897;-1.3137527,1.1372718,1.2286167;-0.6529316,0.90084434,0.7051247;0.35008925,-0.094039455,0.047617152;-0.21679036,-0.3982497,-1.9836125;0.32191172,-0.5474775,-0.38786563;-0.21215537,-0.52752155,-0.29554707;-0.26008943,0.040860433,-0.10705397;0.628299,0.52211666,0.40406722;-0.17349754,-1.9738091,1.2895181;-0.97995865,1.1235847,0.8395987;-0.66136795,1.8797407,0.8294065;0.947504,-1.108075,-0.21989349;-0.24776305,0.36907825,0.33249664;-0.08151554,-2.049509,1.23795;-0.33553955,-1.3901448,1.3900583;-0.7086854,0.5779963,1.2417102;0.27583188,-0.073562816,0.24717;1.2992189,-0.72723013,0.1613859;-0.06324736,-0.4559703,-1.3772599;0.23747763,2.036582,0.53688484;-0.6675425,-0.27325302,-1.9846536;-0.4814058,0.8399341,1.0231556;-0.49939665,1.3198969,0.7419785;0.22753398,1.9686923,0.7051186;0.3189428,-0.63120735,-0.8616311;-1.0767398,0.80251855,1.344854;0.09327504,-0.6858572,-0.3166178;0.097537145,0.6294577,0.3743313;1.4473548,0.68634903,-1.0513694;0.9097087,0.0756549,0.042546544;-0.14487514,-0.26689053,-1.6617457;0.65203696,-0.9836101,-0.14725237;-0.52339894,0.16386008,-0.9710911;-0.37574401,-0.45129725,-2.208931;-2.237232,-0.74661297,-0.49216145;-0.18400818,-0.5990328,-0.29303965;0.8971148,-0.49862957,-0.14867288;0.6677437,0.9905459,0.48553672;-0.6335225,-1.2174706,1.6020662;-0.3872452,-1.3871539,1.5278559;0.18383938,0.8452575,0.6375524;1.1257051,-0.5801061,0.15333286;-0.47265846,-0.5292158,-2.1653001;-2.0797532,-0.51432896,-0.5043612;-0.8942152,0.7855054,1.3002844;-0.23800918,-0.24200523,-1.6921868;0.22144781,-0.24722365,-0.36979762;-0.48506948,-1.1556205,1.1552217;1.4588727,-0.24527943,-0.23986803;-1.0319216,1.0119538,0.7249842;-1.2383577,1.5159122,0.9971581;-2.3825574,-0.4872779,-0.4391615;-0.4235172,-1.5291525,1.4608345;1.5277742,0.3769585,-0.6827435;0.9563641,-0.12038153,0.27609885;-2.3557858,-0.44657707,-0.6493421;0.37994227,1.4986929,0.4957674;2.3268492,0.6765256,-1.644746;-0.03379544,1.4627079,0.97174513;-0.5932502,1.9108336,1.1288254;-0.5571376,-1.1386611,1.2169034;0.101736054,1.9257345,0.63155216;-0.7230604,-0.10545313,-0.23898116;-1.3005127,1.029866,1.2509289;-0.23833649,0.5049392,0.47503802;0.26593974,-0.4274386,-0.31352168;0.2575208,-0.6551561,0.67175585;1.1058711,-0.34691083,0.13218234;-0.13589652,-2.0264723,1.26151;0.33366463,1.8676167,0.996004;-0.09110197,1.5394742,0.7980188;-0.8295201,-0.2321245,-0.39678514;-0.33712912,0.7012068,0.73646426;0.2030742,1.9570527,0.7356242;2.0168478,0.70029926,-1.4242119;1.4847839,0.6992776,-0.7445441;-0.13911471,-0.7374107,-0.32633856;-0.0029956836,-1.5991917,1.0177509;-1.3663881,1.5969868,1.0435603;-2.3684518,-0.4448484,-0.49104726;-0.19126177,-0.10952199,-0.1411361;-0.68623775,-0.10143669,-0.19699134;-0.4399382,1.4630094,0.7302376;-0.05200877,1.5441573,0.99136513;-0.9147811,-0.24807532,-0.42476553;0.2093057,-0.09059739,-0.92132884;-0.3459235,-0.75601846,-0.33079976;0.59269667,-1.722014,1.0295118;-1.1667752,0.9214991,1.2718174;1.3275644,-0.5893288,-0.013966108;1.4423904,-0.5800623,-0.109738044;0.37578616,-1.3539107,0.9378064;-0.08016254,-0.1875866,-0.95190376;0.3148526,-0.58993655,-0.92463744;2.5048692,0.5719523,-1.736472;1.1940691,-0.11091473,-0.05567618;-0.84973305,0.47216326,1.1507384;0.88708806,-0.9839753,-0.14933369;1.7263167,0.7961964,-1.1692715;-1.3819735,-0.29846963,-0.40313604;1.6853918,0.60117155,-1.0619307;-1.1578401,0.50734985,1.1588601;0.48934633,0.010144621,-0.23514023;-0.6677885,-1.2069734,1.6083657;-0.26019663,1.8296058,0.9691509;1.3877014,-0.9056677,0.052999586;-0.17295137,-0.87978446,0.8555766;-0.8706665,0.63536406,1.2319942;-0.71345586,-0.3957094,-0.3793935;1.5852758,0.33144337,-0.6481397;1.1777403,-0.24835135,0.06401882;-0.52599597,1.8892627,1.1022712;-0.068795264,-0.4658488,-1.282681;-0.023213532,-0.45554197,-1.2751225;0.7561133,-0.95496196,-0.38143334;-0.18902962,0.8985891,0.9155442;2.300064,0.59642047,-1.5789669;2.4388573,0.4718846,-1.671601;-0.768876,-0.42838755,-2.4451911;-2.4768915,-0.8105169,-0.51140714;0.02332636,-0.1513678,-1.2575368;0.17165594,0.196967,0.03986176;-0.25893968,-0.12640071,-0.5879702;-2.2899847,-0.67528933,-0.4685532;-0.9952883,1.0960679,0.8025106;0.0035409692,1.2022473,0.95091444;1.8083026,0.8402333,-1.2255541;0.32558456,0.05649712,-0.43050718
