data_set
babi-q1
num_classes
6
data_points
1000
model
saved_models/babi-q1-e0153.ckpt
color_schema
#4E79A7,#F28E2B,#E15759,#76B7B2,#59A14F,#EDC948,#B07AA1,#FF9DA7,#9C755F,#BAB0AC
test_accuracy
0.891
test_loss
0.37290181863307953
train_accuracy
0.9565
train_loss
0.1255969380615279
val_accuracy
0.9105
val_loss
0.31033837160468103
labels
12,9,15,12,15,12,11,12,17,17,15,11,17,10,10,15,11,15,17,15,12,17,17,12,10,10,10,15,15,15,12,17,15,15,9,17,9,11,15,10,9,11,9,12,11,15,12,9,17,10,10,17,11,11,15,10,15,12,11,12,12,17,9,11,11,15,15,9,17,17,11,12,11,10,9,15,15,15,12,17,11,9,10,11,17,11,11,12,15,15,9,9,12,9,9,15,15,15,10,10,10,9,17,11,11,12,10,9,17,10,9,9,15,12,15,11,17,15,9,17,10,9,10,12,10,17,11,11,11,9,11,12,9,11,15,9,17,15,9,9,17,12,12,17,10,15,15,15,15,15,11,11,9,17,10,9,11,10,17,12,10,10,10,11,9,11,11,11,15,10,17,17,11,9,9,17,15,10,17,17,12,12,12,12,10,9,17,11,15,17,12,15,11,12,12,11,17,15,9,10,12,17,17,10,12,9,15,12,9,12,9,10,12,10,9,10,9,12,12,9,9,12,15,12,10,17,12,11,9,9,17,11,12,17,12,10,10,10,10,17,12,15,11,11,15,15,11,11,11,11,10,17,9,9,10,10,17,17,15,11,11,17,12,17,17,9,11,10,9,10,15,17,17,15,9,17,15,12,17,9,9,11,17,17,11,17,9,17,11,9,15,15,10,15,15,11,11,12,12,9,9,9,9,17,12,11,9,17,17,15,11,11,17,10,11,17,10,17,17,11,11,15,15,11,11,9,10,11,11,10,15,17,15,10,10,17,12,17,12,12,12,11,17,15,11,17,12,12,15,15,10,11,11,10,10,9,17,12,11,12,11,9,11,11,11,11,11,12,12,12,12,12,11,11,17,10,15,9,9,10,9,10,10,17,17,15,17,17,17,15,15,12,9,10,17,17,10,17,9,11,10,11,10,15,17,15,12,10,11,15,10,11,9,12,17,10,10,15,12,9,12,12,9,12,10,15,15,17,10,10,17,15,15,15,17,11,15,9,10,11,10,12,9,11,10,11,10,12,11,15,15,15,15,11,9,15,10,12,11,12,9,11,10,17,11,11,10,10,10,17,12,17,17,9,15,11,9,15,11,9,10,10,12,12,11,10,9,12,10,9,15,10,10,11,11,15,15,10,12,12,15,11,9,12,9,15,10,17,17,10,10,17,10,10,17,9,9,10,12,11,17,17,12,12,11,12,17,11,11,12,11,11,11,17,9,11,10,12,12,10,11,17,12,12,15,11,15,15,12,10,10,9,17,10,15,12,15,10,10,10,11,10,11,15,10,9,9,15,10,10,10,10,15,15,17,9,10,12,10,10,12,12,11,15,10,10,11,12,10,10,17,12,17,11,9,9,17,17,11,10,10,10,15,15,17,11,15,12,11,10,15,17,9,11,9,17,15,12,15,17,11,17,17,15,9,10,9,9,10,10,9,10,10,15,11,11,11,15,12,9,11,11,10,17,11,11,12,17,15,15,9,11,15,15,11,9,15,15,11,15,15,15,11,10,10,9,17,17,17,17,10,10,17,9,15,9,17,12,12,12,15,15,15,17,9,11,9,17,9,12,11,9,9,17,11,11,11,10,15,10,12,12,9,9,17,12,12,9,17,12,11,11,15,15,12,11,12,17,12,17,11,12,11,17,17,11,17,9,11,9,10,10,12,17,10,12,9,9,9,15,11,11,15,17,9,10,9,12,17,15,17,17,12,10,12,11,11,17,15,9,17,10,9,11,12,15,9,15,12,10,9,10,17,17,15,15,9,9,9,17,10,17,17,9,12,17,17,12,12,11,11,11,11,17,11,17,17,17,17,17,12,9,17,10,17,11,10,10,12,12,11,11,17,12,12,17,17,15,11,17,11,11,9,12,9,17,9,10,9,15,11,9,11,15,10,9,9,9,17,12,11,11,17,15,15,10,10,11,11,17,10,12,9,10,10,10,10,10,15,17,9,11,17,15,12,11,10,10,15,12,10,11,12,12,11,11,11,15,12,17,10,12,17,17,12,10,10,12,17,10,11,17,11,12,17,17,11,12,11,17,9,9,11,17,11,11,15,15,17,17,10,10,17,12,11,15,12,11,11,10,9,12,12,15,10,9,17,15,17,9,17,17,10,17,15,12,12,11,10,10,10,17,17,15,12,17,9,9,15,10,12,15,15,15,17,17,15,11,15,10,12,9,9,10,11,11,9,9,12,15,9,15,9,12,12,10,17,17,10,12,15,9,10,17,11,11,11,17,9,9,11,15,11,11,11,15,12,17,9,10
pred_labels
12,9,15,12,15,12,11,12,17,17,15,11,17,10,10,15,11,15,15,12,12,17,17,12,10,10,10,15,11,17,12,17,15,15,9,17,9,11,15,10,9,11,11,12,11,15,12,9,17,10,10,17,11,12,11,10,15,12,12,12,12,17,9,11,11,15,15,9,17,17,11,12,11,10,9,15,11,15,12,17,11,9,10,15,17,11,11,12,15,15,9,9,12,9,9,15,15,15,10,10,10,9,17,11,11,12,10,9,17,10,9,9,15,12,15,11,12,15,9,17,10,9,9,12,10,17,11,15,11,9,11,10,9,11,15,9,17,15,9,9,17,12,17,17,10,15,15,15,15,11,11,11,9,17,10,9,11,10,17,12,10,10,10,11,9,11,11,11,15,10,17,17,11,9,9,17,15,10,17,17,12,12,12,12,10,9,17,11,15,17,12,15,11,12,11,11,17,11,9,10,12,17,12,10,12,9,15,12,9,9,9,10,12,10,11,10,9,12,12,9,9,17,15,11,10,17,17,11,9,9,17,11,12,17,17,10,10,9,10,10,12,15,11,11,15,15,11,11,9,11,10,10,9,9,10,10,17,17,15,11,11,17,12,17,17,9,11,10,9,10,15,17,17,15,15,17,15,12,17,9,9,11,17,12,11,17,9,9,11,9,15,15,10,15,15,11,11,12,12,9,9,11,12,17,17,11,9,17,9,15,11,11,17,10,12,17,10,17,15,11,11,15,15,11,17,9,10,11,11,10,15,17,15,10,10,17,12,9,12,11,12,11,17,15,11,17,17,12,12,15,10,11,11,10,10,9,17,12,11,12,11,9,11,11,11,11,11,12,12,12,12,12,11,11,17,10,15,9,11,10,9,10,10,17,17,15,17,17,10,15,15,12,9,10,17,17,10,17,9,11,10,11,10,15,17,15,15,12,17,15,10,11,9,12,17,10,10,15,12,9,12,12,9,12,10,15,15,17,10,10,17,15,15,10,17,11,12,9,11,11,10,12,9,11,10,11,10,12,11,15,15,15,15,11,9,15,10,12,11,12,9,11,10,17,11,11,10,10,10,17,12,17,17,9,15,11,9,15,11,9,10,10,12,12,11,10,9,12,10,9,15,10,10,10,10,15,17,10,12,12,15,11,9,12,9,15,10,17,12,10,10,17,10,17,9,9,9,10,12,11,17,17,12,12,11,12,17,11,15,12,11,11,11,12,9,11,10,12,12,10,11,17,12,12,15,11,15,15,12,10,10,9,17,10,15,12,15,10,10,9,11,10,11,15,10,9,9,15,10,15,10,10,15,15,17,9,10,12,10,9,12,17,11,11,10,10,11,12,10,9,17,12,17,11,9,9,17,17,12,10,10,10,15,15,17,11,15,12,12,10,15,15,9,11,9,17,15,12,11,17,11,17,17,15,9,10,9,9,10,10,9,10,10,15,11,11,11,15,12,9,11,11,10,17,11,11,12,17,15,11,9,11,15,15,11,9,15,15,11,15,15,12,11,10,10,9,17,17,17,12,10,10,17,9,15,9,17,12,12,9,15,15,15,17,9,11,9,9,9,12,11,9,9,17,11,11,11,9,15,10,12,12,9,9,17,12,12,9,9,12,11,11,15,15,12,11,12,17,17,17,11,12,10,17,17,11,12,9,11,9,10,10,12,17,12,12,9,9,9,11,11,11,11,17,9,10,9,12,17,15,17,17,12,10,10,11,11,17,9,9,17,10,9,11,12,15,9,15,12,10,9,10,17,17,12,15,9,9,9,17,10,17,17,9,12,17,17,12,12,11,11,11,9,17,11,17,17,9,17,17,12,9,17,10,17,11,10,10,12,17,11,11,12,12,12,17,17,15,11,17,11,11,9,12,11,17,9,10,9,15,11,9,9,15,10,9,9,9,17,17,11,11,17,15,15,10,10,11,11,15,10,12,9,10,10,10,10,10,15,17,9,11,17,15,12,11,10,10,11,12,10,11,12,12,12,11,10,15,15,17,10,12,17,15,12,10,10,12,12,9,11,17,11,12,17,17,11,12,11,17,9,9,11,15,11,11,15,15,9,17,10,10,17,9,11,15,12,11,11,10,9,12,12,15,10,9,17,15,17,9,17,17,10,17,15,12,12,11,10,10,10,17,17,15,12,17,9,9,15,10,12,15,15,15,17,17,15,11,15,10,12,9,9,10,11,11,9,9,12,17,9,15,9,12,9,10,17,9,10,12,15,9,9,17,11,11,11,17,9,9,11,15,11,9,11,15,12,17,9,9
pred_correctness
True,True,True,True,True,True,True,True,True,True,True,True,True,True,True,True,True,True,False,False,True,True,True,True,True,True,True,True,False,False,True,True,True,True,True,True,True,True,True,True,True,True,False,True,True,True,True,True,True,True,True,True,True,False,False,True,True,True,False,True,True,True,True,True,True,True,True,True,True,True,True,True,True,True,True,True,False,True,True,True,True,True,True,False,True,True,True,True,True,True,True,True,True,True,True,True,True,True,True,True,True,True,True,True,True,True,True,True,True,True,True,True,True,True,True,True,False,True,True,True,True,True,False,True,True,True,True,False,True,True,True,False,True,True,True,True,True,True,True,True,True,True,False,True,True,True,True,True,True,False,True,True,True,True,True,True,True,True,True,True,True,True,True,True,True,True,True,True,True,True,True,True,True,True,True,True,True,True,True,True,True,True,True,True,True,True,True,True,True,True,True,True,True,True,False,True,True,False,True,True,True,True,False,True,True,True,True,True,True,False,True,True,True,True,False,True,True,True,True,True,True,False,True,False,True,True,False,True,True,True,True,True,True,True,False,True,True,False,True,False,True,True,True,True,True,True,True,True,False,True,True,False,True,True,True,True,True,True,True,True,True,True,True,True,True,True,True,True,True,True,True,True,True,True,False,True,True,True,True,True,True,True,True,False,True,True,True,False,True,True,True,True,True,True,True,True,True,True,True,True,True,False,False,True,False,True,True,True,False,True,True,True,True,True,False,True,True,True,False,True,True,True,True,True,False,True,True,True,True,True,True,True,True,True,True,True,True,False,True,False,True,True,True,True,True,True,False,True,False,True,True,True,True,True,True,True,True,True,True,True,True,True,True,True,True,True,True,True,True,True,True,True,True,True,True,True,True,True,False,True,True,True,True,True,True,True,True,True,False,True,True,True,True,True,True,True,True,True,True,True,True,True,True,True,True,True,False,False,False,True,True,True,True,True,True,True,True,True,True,True,True,True,True,True,True,True,True,True,True,True,True,True,True,False,True,True,False,True,False,True,True,True,True,True,True,True,True,True,True,True,True,True,True,True,True,True,True,True,True,True,True,True,True,True,True,True,True,True,True,True,True,True,True,True,True,True,True,True,True,True,True,True,True,True,True,True,True,True,True,True,True,True,True,False,False,True,False,True,True,True,True,True,True,True,True,True,True,True,False,True,True,True,True,False,False,True,True,True,True,True,True,True,True,True,True,True,True,True,False,True,True,True,True,False,True,True,True,True,True,True,True,True,True,True,True,True,True,True,True,True,True,True,True,True,True,True,True,True,True,False,True,True,True,True,True,True,True,True,True,False,True,True,True,True,True,True,True,True,True,False,True,False,True,False,True,True,True,True,True,False,True,True,True,True,True,True,True,True,False,True,True,True,True,True,True,True,True,True,False,True,True,False,True,True,True,True,True,True,False,True,True,True,True,True,True,True,True,True,True,True,True,True,True,True,True,True,True,True,True,True,True,True,True,True,True,True,True,True,True,False,True,True,True,True,True,True,True,True,True,True,True,False,True,True,True,True,True,True,True,False,True,True,True,True,True,True,True,True,True,False,True,True,True,True,True,True,True,False,True,True,True,True,True,True,True,True,True,False,True,True,True,True,True,True,True,True,True,True,False,True,True,True,True,True,True,True,True,True,False,True,True,True,False,True,True,True,False,True,True,True,True,True,True,True,False,True,True,True,True,False,True,True,False,True,True,True,True,True,True,True,True,True,True,True,False,True,True,True,False,True,True,True,True,True,True,True,True,True,True,True,True,True,True,True,False,True,True,True,True,True,True,True,True,True,True,True,True,True,True,True,True,True,False,True,True,True,True,False,True,True,True,True,True,True,True,True,True,True,True,False,True,True,False,True,True,True,True,True,True,True,True,True,True,True,False,True,True,True,True,True,True,True,False,True,True,True,True,True,True,False,True,True,True,True,True,True,True,True,True,False,True,True,True,True,True,True,True,True,True,True,True,True,True,True,True,True,True,True,False,True,True,True,True,True,False,True,False,True,False,True,True,True,True,False,True,True,True,True,False,False,True,True,True,True,True,True,True,True,True,True,True,True,True,False,True,True,True,True,False,True,True,True,True,False,True,True,True,True,True,True,True,True,True,True,True,True,True,True,True,True,True,True,True,True,True,True,True,True,True,True,True,True,True,True,True,True,True,True,True,True,True,True,True,True,True,True,True,True,True,True,True,True,True,True,True,True,True,True,True,False,True,True,True,True,False,True,True,False,True,True,True,True,False,True,True,True,True,True,True,True,True,True,True,False,True,True,True,True,True,False
p2d-kl
0.583267092704773
p2d-iter
599
p2d
0.11947779,1.8370256;-0.77610564,-1.56047;1.3952262,-0.10498409;0.13910456,1.6864219;1.6437123,-0.20046613;-0.0074861357,1.652943;0.59319,-1.1111138;0.005963893,0.68732536;-0.4802054,-0.12464243;-0.67210823,-0.13799348;1.967616,-0.0880279;0.4857657,-0.93914115;-0.017340908,-0.12117957;-1.1361479,0.79601264;-0.5041449,-0.35781005;1.5075543,-0.109750584;0.7791246,-1.1590319;2.2594957,-0.19142744;-0.5895073,-0.32461616;-0.022593996,0.15432519;-0.025690133,1.6335924;1.3181698,1.1554681;0.5085876,0.8632289;-0.8580364,-0.53570503;-0.5189966,0.027460061;-1.334001,1.2001687;-1.3199648,1.2403824;1.7238929,-0.10889186;0.28474817,0.0813066;-0.6758235,-0.55363554;0.14921458,1.4154835;1.23857,1.2795391;2.156608,-0.14245208;2.0310848,-0.062435906;-1.1516111,-2.0711935;1.130973,0.8555421;-0.9984842,-1.7028008;0.23429498,-0.7153261;0.8522638,0.055964954;-0.43234232,0.3132978;-1.0241582,-2.1229794;-0.07849862,-0.74477005;-0.519703,-0.41156617;0.3074139,0.09511868;0.23115419,-0.860254;0.61590356,-0.12035714;0.016466063,0.113607556;-1.1722984,-2.253335;1.2436798,0.7908967;-1.5122849,0.46696803;-1.5380466,0.74525356;1.0892825,1.1007411;0.43258762,-0.7726413;-0.59530073,-0.3049023;-1.2379562,-0.4878723;-1.3464423,1.1944937;0.83928484,-0.13480961;0.043673463,1.0111436;0.33319008,0.8775812;0.2777467,1.3425719;0.11032123,1.7984393;1.2521317,0.82338446;-1.0675542,-2.298556;-0.38141847,-0.6356073;-0.33743653,-0.4641123;2.3410914,-0.17041096;0.119296916,-0.3565105;-1.1256356,-0.6167878;1.0897053,1.356672;0.6540681,0.22342491;0.7989272,-1.3832804;0.18660426,1.3721823;0.5491804,-0.99386656;-1.5302997,0.47462863;-1.1724001,-2.2165594;2.2053916,-0.12588286;-0.0733122,-0.2738916;2.1948771,-0.112442054;0.45775607,0.33741528;1.3095537,1.3246279;0.8294366,-1.2998453;-0.9033524,-1.6461804;-1.4905694,0.8746666;0.05247849,0.007985307;1.3392687,1.2361425;0.68172914,-1.2561615;0.6422754,-1.2558868;0.10486499,1.7395968;2.3780184,-0.14411852;2.3154576,-0.2302826;-1.1103296,-2.2236805;-0.9814172,-1.9404631;-0.05421533,1.0448967;-0.9470991,-1.5392507;-0.91703546,-0.79713446;1.4393023,-0.09360715;0.7824853,-0.21280618;1.4641083,-0.14369386;-1.1807716,0.8670102;-0.89832413,-0.20980644;-1.5547864,1.0028721;-0.88923216,-1.5232226;0.86453426,1.07918;-1.3300908,-0.78406173;-1.0681247,-0.53394973;-0.07643138,1.4877019;-1.4477662,0.3874151;-1.144082,-0.7140536;0.74048346,0.96994716;-1.5746568,0.61896646;-1.0614564,-1.7201724;-0.7694362,-0.5500255;2.262673,-0.19296467;-0.121850535,1.5649421;0.81699896,0.13032314;0.3437577,-0.7911879;0.4015641,0.9005989;0.6846287,0.0752539;-1.2617667,-0.6960183;1.0676907,0.5469814;-1.490988,0.72679013;-1.0703673,-2.0281754;-1.0746986,-0.65297353;0.41790387,0.826801;-1.2778604,1.2313235;1.190272,1.2710164;0.48224697,-0.9461271;0.14297548,0.016076557;0.74603397,-1.2098244;-0.8221996,-1.6288763;0.7587148,-1.3606187;-0.43173975,0.47218385;-0.9724581,-1.6945956;0.057107236,-0.55117595;-0.59718466,-0.4983524;-1.0900018,-2.2806344;0.85116655,1.3096896;2.1100047,-0.07283339;-0.8539051,-1.610261;-0.67584264,-0.8189148;1.0690792,0.8362986;0.1656097,1.5235714;-0.6291761,-0.10146063;0.9259478,1.3551224;-1.6128397,0.37107447;2.091245,-0.10196382;0.69923395,-0.26892766;1.7041109,-0.072517596;1.549931,-0.16326621;0.20675665,-0.20124179;0.31759894,-0.8706981;0.55953485,-0.85315645;-0.76547885,-0.7972642;0.692412,1.0347357;-1.4651836,0.7239511;-0.9985639,-1.7589347;-0.42461488,-0.552842;-1.0302625,1.0266756;1.0490366,0.5500394;0.129981,1.1257625;-1.102765,1.0664369;-0.4474337,0.087143265;-1.4958566,0.5465428;0.38623536,-0.77643913;-0.7809415,-0.7050607;0.89937407,-1.3197591;0.6223842,-0.48353255;0.17516646,-0.22232139;0.8350538,-0.17164934;-1.4181236,0.79644424;1.3075315,1.1185999;0.13765799,0.3427056;0.6662058,-0.40061602;-0.9216319,-1.7681487;-0.67186475,-0.86772007;1.2002983,1.2000182;1.467444,-0.16147672;-1.2967235,0.960779;1.0290009,0.8764405;0.034131482,0.40706882;-0.014776865,1.5857133;0.22911778,0.2670219;0.03130519,1.2549139;-0.071457155,1.4407516;-1.4314198,0.68207926;-1.0616186,-2.2575917;0.791922,1.4304509;0.12723924,-0.60798466;0.90958375,-0.21923919;0.7921098,1.3901967;0.0178109,1.5938511;2.0831847,-0.07262085;0.8369556,-1.1667589;0.13327028,1.7988766;-0.32513443,-0.016838785;0.9858924,-1.4420924;-0.3519216,0.17746627;-0.003324705,-0.27488807;-0.78431165,-1.6070226;-1.5520859,0.49836826;0.10606831,1.6513689;1.2138742,0.85874826;0.35746425,0.30613244;-1.6163338,0.32267255;-0.010777022,0.58223057;-1.0680534,-2.110045;1.0297383,-0.06472756;0.09891211,1.8625995;-0.9233118,-0.7002315;-0.88645476,-0.5754706;-1.0111583,-1.7884667;-1.5615518,0.38460773;0.15883014,0.57324415;-0.5838112,0.50730205;-0.4973456,-0.37515143;-1.2498902,1.0059001;-0.95922846,-1.626007;0.012563571,1.5274183;0.14611433,1.7945697;-0.8058646,-0.6079249;-1.0048261,-1.5031606;0.42371318,0.8734268;2.0340185,-0.24830271;0.23364514,-0.083996415;-1.5068327,0.7841177;1.1831564,0.8768998;-0.19122797,0.21503021;0.28075123,-0.8722762;-1.0436465,-1.6582965;-0.69329363,-0.84715825;1.1630235,0.80763465;-0.4387417,-0.57311636;0.2449186,1.3977987;1.410051,1.1909465;-0.13615218,0.30038273;-1.5555193,0.7602568;-0.9665136,1.1326774;-1.4339923,-0.57292116;-1.6067456,0.50685376;-0.48238203,0.23694937;0.020917766,0.96091944;2.0359282,-0.14532338;1.0345877,-1.3618886;-0.4382102,-0.35062003;1.4539582,-0.052781627;2.1918402,-0.15360574;0.5549125,-1.1233506;0.07645051,-0.5277276;-0.80228144,-0.53152126;0.39267564,-0.58178425;-1.5566387,0.4586555;-0.45946285,0.20897305;-0.8755889,-1.7444317;-1.2283254,-0.66634053;-1.4967442,1.0892788;-1.5554609,0.66569483;1.1472347,1.1218469;0.016501697,0.4987228;0.71400565,-0.1943523;0.88931125,-1.321676;0.9671092,-1.4856056;1.0032082,0.5789268;-0.008873544,1.3880593;1.0945209,0.81302774;0.6977842,0.91727823;-1.02229,-1.8489832;0.5100585,-0.8408779;-1.2965168,1.296718;-0.7572626,-1.6269854;-1.5565718,0.27044424;2.0773282,-0.18144265;0.87107784,0.95480937;-0.53985155,-0.19270428;2.2300658,-0.26863202;0.14052624,-0.14535366;0.9660738,0.88739496;0.09723504,-0.1786983;0.13755801,1.725098;0.74599224,1.4195855;-0.99217683,-1.3814719;-1.020072,-2.107766;-0.06780339,-0.73027253;0.9817471,0.5263255;0.08943284,0.5557606;0.7192463,-1.0811226;1.3009979,1.0376676;-0.8965868,-1.3515933;-1.5022329,-0.6171785;0.50013417,-0.9742171;-0.9305812,-1.5879295;2.3633828,-0.1543065;0.17309242,0.063870735;-1.5522534,0.6412785;2.1008687,-0.1876846;2.059005,-0.19047622;0.43423164,-0.84228194;-0.38557923,-0.47949344;0.059630055,0.1774625;0.28453508,1.0054055;-0.98280615,-1.4323331;-1.1148897,-2.2538502;-1.2625586,-0.72327733;-0.47346368,-0.20433456;1.2986283,1.0664208;0.24678685,0.38536096;-0.06150041,-0.7812287;-0.907178,-1.7218165;0.7042558,0.9854144;-1.2226351,-0.58470535;1.5212375,-0.1411002;-0.033873767,-0.7592409;-0.37789774,-0.39776176;-0.19194652,0.22338602;-1.3708487,0.99321604;-0.4426717,0.169774;1.2762185,1.046376;-1.4776322,0.42187792;1.2343005,1.1804907;0.9537993,0.11947943;0.47358534,-0.49393168;0.88125354,-1.3621966;2.1199427,-0.14103411;0.0022522314,-0.38837373;0.7721401,-1.0489485;0.12050328,0.11218431;-1.0219846,-2.0602057;-1.2710792,1.0541226;0.92506474,-1.3734047;0.337779,-0.061879534;-0.982,1.1300871;1.4754087,-0.08053975;1.1526076,0.8291348;0.7663448,0.124562606;-1.0411844,0.96875167;0.14335324,0.15920238;1.0392615,1.2834362;0.05972995,0.9379423;-1.2934622,-0.58636063;-0.010327356,1.2716585;-1.2478387,-0.47796753;-0.0065480745,1.621396;0.9084936,-1.3951601;0.96422356,0.5366871;2.241931,-0.09407991;0.61143947,-1.1197186;1.301587,1.0588154;0.9198772,1.4566741;0.10273762,0.9954783;-0.42055094,0.12640342;2.3176289,-0.14135928;-1.3236288,1.2689003;0.27692276,-0.5889942;0.99986863,-1.3642019;-1.5839348,0.8191304;-0.5145902,0.24683182;-1.0308346,-1.5471685;1.1937406,1.3135781;0.37986648,0.9238336;0.63216484,-1.1679428;0.007077516,1.4812438;0.44732553,-1.0264564;-0.8037228,-1.3968422;-0.09760087,-0.6879903;0.50205773,-0.48102662;-0.3730412,-0.6112493;0.9166613,-1.4766217;0.6326939,-0.5884138;0.03819995,0.93105286;0.07527801,1.7589601;-0.02191715,-0.07450947;0.009999028,1.3685586;-0.11019306,0.35463995;0.021408118,-0.6793727;-0.11073943,-0.22126152;1.1384256,0.86673397;-1.4093003,0.90896946;2.028986,-0.11671528;-0.8092621,-1.536269;-1.2000688,-0.5424388;-1.155433,0.799158;-1.0639447,-2.2363129;-0.81352454,-0.03207442;-1.4607571,-0.54163057;0.48887938,0.8159219;1.0035359,1.2204776;0.8666482,-0.16723616;1.2029023,1.066454;1.0113924,0.56113356;-0.6935717,0.032794047;1.5626613,-0.02406365;2.1130617,-0.11813372;0.03297488,1.3261096;-0.9158265,-1.3634323;-1.5114678,0.33533356;0.77574044,1.3965569;1.2909902,1.1398139;-0.8831437,1.1362709;0.781058,1.3962065;-1.052795,-1.964419;-0.29057747,-0.6567279;-1.5568888,0.68055624;1.0228966,-1.4742714;-1.2203016,1.0307087;1.6245917,-0.20869236;1.2350258,1.3112954;0.21991166,-0.27560684;0.2972495,0.15794826;-0.014518954,0.45600557;0.09273988,0.23624565;1.3483961,-0.15128586;-1.5291748,1.0709532;0.57376915,-1.0562965;-1.1266663,-2.1299155;-0.2381343,0.30836734;1.2818484,1.2308402;-1.531674,0.36329326;-0.5358379,0.49109992;0.9771878,-0.09461181;0.3374388,0.9721884;-0.8542388,-1.4277799;0.062517226,0.5626452;0.6118954,0.23385765;-0.9665992,-1.8370613;-0.89841443,-0.47332242;-1.4972596,0.6216241;1.3666642,-0.14567494;0.071255274,-0.13039395;0.9691645,0.4542341;-1.5238979,1.0905256;-0.5091042,0.101211555;0.9693307,1.0640371;1.0178825,-0.063298166;1.2656066,-0.13593738;-0.4228789,-0.22984165;1.3902758,1.2486657;0.8447502,-1.3759955;-0.5960296,-0.31567892;-0.8577268,-0.84610534;-1.11457,-0.56614614;-0.09602428,-0.23434542;-1.3003334,1.1975449;0.21545611,1.5892286;-0.2859991,-0.12541719;0.23159955,-0.642718;-1.412472,0.79354477;-0.045840185,-0.6569261;-0.45197108,0.41503435;-0.06568389,0.83481854;0.052333016,-0.616893;2.4451275,-0.12818779;2.0430243,-0.101060726;0.5156117,-0.44715667;2.4454756,-0.15073377;0.6862193,-0.9408345;-0.882042,-1.5567565;1.941214,-0.0911809;-1.5708023,0.4171435;0.08146261,1.8104751;0.62526214,-1.2384127;0.052204307,1.4759338;-1.0227505,-1.584114;-0.46730098,-0.5716607;-1.1025269,0.78520834;1.2556882,0.9266353;0.88445085,-1.1236995;0.82209337,-1.2674296;-1.4517039,0.8285964;0.012061331,0.002392001;-1.57805,0.30904928;1.2091353,1.1449504;0.05071981,1.8041575;1.0028392,0.788732;0.02049802,0.45797035;-1.1647006,-1.7798065;2.3190207,-0.1285297;0.60280865,-0.935454;-1.1637061,-2.3314383;0.98602134,-0.17198224;0.6475779,-1.0351613;-0.9669384,-1.6055998;-1.3187833,1.2048862;-0.46209773,0.15174699;0.26746878,1.5608783;0.4983813,1.0537133;0.5272784,-0.64793664;-1.5602272,0.33312657;-1.1492747,-2.1718688;-0.036365554,0.8925166;-1.3698273,1.1136612;0.662064,-0.59040844;2.2682607,-0.11556433;-1.5790863,0.52082276;-1.0749235,0.93226475;-0.5244464,-0.41474035;-0.47037023,0.087430105;0.9302371,-0.11546512;-0.48262894,-0.13393201;-1.457037,0.97361153;0.019995652,0.8638064;0.14145543,0.24617322;1.5994917,-0.14938098;0.16281907,-0.52880573;-1.0697486,-0.8091877;0.07500002,1.8387682;-0.7729771,-1.6792666;2.1070037,-0.12738582;-1.2128781,0.8001982;0.9633237,0.5779725;-0.23366567,0.14414497;-1.1623555,0.9271462;-1.5146505,0.9348518;0.98257893,0.6160191;-1.2590225,0.94835705;-0.6962844,0.047887124;0.46391228,0.26806554;-1.1427191,-2.335166;-1.244509,-0.64620215;-0.96174806,1.0924222;0.039155226,0.8990542;-1.3290324,-0.8000889;1.0710247,0.77473277;0.80260384,1.3548412;0.20899487,1.388967;-0.19939424,-0.011733989;0.9406522,-1.2490283;-0.0061423047,1.5040035;1.2549952,1.2725369;0.881313,-1.0968865;0.15072417,0.036925163;-0.064975746,1.3391944;1.005934,-1.4649645;0.56987476,-0.5246266;0.70491195,-1.2238826;-0.68327,0.0025302188;-1.135507,-0.7702601;0.8562283,-1.3971466;-1.4954679,0.94989896;-0.09944245,1.5454209;-0.12688361,0.0938821;-1.4121859,0.9692439;0.9851222,-1.417124;0.89525354,0.9808601;0.047059182,1.0751144;-0.04182866,1.5398798;1.5609828,-0.062323738;0.5825608,-1.1490278;0.79062545,-0.09598131;-0.64914364,-0.399725;0.14803554,1.5140764;-1.3757219,0.39869422;-1.3267345,1.2817458;-0.9318778,-1.3656763;0.76191795,0.92413354;-0.9027048,1.0249082;1.6437539,-0.12161362;-0.06406235,1.3762971;0.13272755,-0.32402813;-0.39359918,0.47522584;-0.69980574,0.05562963;-0.8880819,-0.6728288;0.25104758,-0.8810786;-1.6003368,0.47980776;0.3727188,-0.68499;1.6308914,-0.06390337;-1.4228444,0.57154703;-1.0531563,-2.196619;-0.79708624,-0.8266114;0.21415482,-0.050719537;-1.4324255,0.49194697;0.28404176,0.16292024;-1.2732811,1.3233893;-0.39067987,0.076913394;-0.66266394,-0.36593315;-0.63389826,-0.3488389;0.45239928,0.88028455;-1.0558044,-2.1263528;-1.520219,0.97874165;0.3829062,1.0212238;-0.66255087,0.10420863;-1.435249,-0.59598863;0.08608959,1.8810346;-0.1404559,0.48815706;0.8078762,-1.0975779;-0.0039327038,-0.4626134;-1.5884662,0.34649038;-1.2662079,1.0747831;-0.085852504,-0.66322494;-0.8172447,1.089803;-1.379835,0.79165554;-1.0465313,-0.6429083;1.0598642,1.2092717;0.19422403,1.3319206;1.301841,1.1791652;0.90041286,-1.1581471;-1.1895841,-2.2865925;-1.0974454,-2.3295846;0.86462235,1.230601;-0.853113,-0.5094461;-0.27436218,-0.033501692;-1.5307752,0.3141399;-1.5565422,0.9667181;-1.6100328,0.42562664;0.5821897,-0.13241744;2.168129,-0.21317175;1.197223,0.81761307;0.8869953,-1.4204452;0.815031,-0.119038105;0.2566306,0.9251949;0.5946202,0.27202293;-0.82397264,-0.039770328;2.0639334,-0.15207796;0.23783694,0.091415405;-0.7244256,-0.6373215;-0.0786085,-0.3633103;-1.1171875,-2.1758657;0.80031973,1.3228073;1.0071723,-0.11354383;0.04726452,0.8063804;-0.40644133,-0.39277196;-0.00645273,0.40888163;0.7730961,-1.134241;0.8621285,1.2310207;-0.29347152,0.44067657;0.6179266,-0.21700862;-1.1230563,-1.8863314;-0.39796105,0.059106722;-1.0043925,-1.6838497;-1.1679356,-0.630491;-1.5380896,0.41156664;-0.52078325,0.046785127;-1.0531563,-2.1966193;-1.5964601,0.96492046;-0.74005395,0.11820535;1.5842429,-0.03287251;1.8715764,-0.26339415;0.5655746,-0.8962507;0.18832952,-0.6390039;0.7768037,-0.14198521;-0.09846942,0.50089526;-0.9784599,-1.525771;-0.32631284,-0.6425296;-0.3950396,-0.0007061809;-1.3459135,0.9039482;0.5522472,0.8147792;-0.47116575,-0.47761136;0.36397377,-0.8030351;-0.07166108,1.4422618;1.1128904,1.2918851;0.91844463,-0.16472867;-0.60525405,-0.44668913;-1.0096838,-1.9232762;0.4419066,-0.9636823;1.6702573,-0.049324766;1.6757165,-0.09647557;0.6040191,-0.9781467;-1.1148461,-2.2459548;1.0012879,-0.13942862;0.1880416,-0.28362578;0.9949969,-1.5319468;2.0122118,-0.21552849;0.67327994,-0.115158975;-0.6416903,-0.30207077;0.29451364,-0.6926931;-1.1403364,1.0138673;-0.6399802,0.12628041;-1.0096236,-1.5527976;-0.22052135,0.21373343;1.1944958,0.79589146;0.42067537,0.9483262;-0.086375356,0.08651325;-1.565681,0.8598352;-0.87018895,0.9666026;0.81964916,1.246475;-1.2922564,-0.6488143;0.689713,-0.34833172;-1.068074,-2.0554357;1.2704127,1.074311;0.023411259,1.6379573;-0.30815196,0.41892353;-1.4344963,-0.6050641;1.6498489,-0.12344932;0.097670704,-0.15776789;2.3484485,-0.22005877;1.0047983,1.2775367;-0.7117681,-0.7591595;0.846717,-1.3001188;-0.98773336,-1.8294246;-0.7026287,-0.5864789;-0.981728,-1.4561344;0.025008745,1.0875049;0.71190536,-1.2867148;-1.0333802,-1.9244424;-0.67630744,-0.81328917;0.83292794,1.2589965;0.30987808,-0.7250751;0.30136916,-0.99446505;0.18930693,-0.6134313;-1.1239252,-0.5716772;1.9723556,-0.1165492;-0.3778879,0.4105999;0.093813635,1.7323887;-0.11270556,0.16783938;-1.0929813,-2.1061466;-0.6368734,-0.7691615;0.97622895,0.47395802;0.093377784,1.7885548;-0.24758112,0.070858955;-0.780991,-0.75659674;-1.2469296,-0.5755995;0.5561618,0.22590072;0.5350354,-1.1475046;0.3130142,-0.89477855;0.8601806,-0.11764827;1.6425421,-0.09989883;-0.09953321,1.163748;0.83824587,-1.4340726;0.0026842537,0.92835087;1.3563266,1.157722;0.67764205,0.10954181;0.28768146,0.4135873;0.38004833,-0.96128166;0.033501748,1.386212;-0.8606823,1.0812756;0.94124514,1.4239924;0.28326267,0.35066873;0.40034178,-0.7996056;0.021045556,0.5456185;-1.1424537,-2.2898371;0.4568965,-0.78111094;-0.82858413,-1.732595;-1.3142093,1.1478875;-0.88661546,-0.42116776;-0.05479435,0.120961815;1.2719545,1.2433649;-0.38266465,0.15428431;-0.09676629,1.410463;-0.9863552,-1.5483514;-0.9730874,-1.8128866;-0.8496253,-0.79424745;0.7985999,-0.40616688;0.5843787,-1.1944156;0.043394864,-0.5205909;-0.3566365,-0.482717;-1.0046626,-0.4947931;-0.9135544,-1.9172965;-1.160588,1.076109;-1.1065496,-2.0398467;-0.03174443,1.4729476;0.8436535,1.428395;1.5047694,-0.0769324;1.0635574,0.86416584;-0.40912154,0.20608908;0.00217989,1.1512727;-1.4224427,0.9949139;-0.39153802,0.51891714;0.47682804,-1.1332215;0.63233906,-0.45485044;0.90446264,1.2776495;-1.0066544,-0.5396069;-0.8510233,-1.6309421;0.9089946,1.1093607;-1.1785485,0.7603306;-0.9692728,-0.8210802;-1.333553,-0.7653407;0.2425548,1.4634407;0.86141026,-0.17795058;-1.22758,-0.68770367;0.6514633,-0.1933531;0.060895644,0.982912;-1.2093084,0.89390916;-0.9973034,-0.76513267;-1.2639993,1.2032611;1.287287,1.1678447;0.91921294,1.300966;-1.1613625,-0.5128913;1.5828717,-0.14984266;-1.0164983,-1.9874682;-0.73234546,-0.8373846;-1.2850386,-0.6368568;1.4120386,1.2538989;-1.2916393,1.1457957;1.0299823,0.83251816;0.49878922,0.7531856;-0.9528675,-0.8801934;-0.12978458,0.114500895;0.9287569,1.0351053;0.116996944,0.2533945;0.21503983,1.5265706;-1.4146274,-0.53800267;0.28559107,-0.5514798;0.9735306,-1.4919219;0.0082343845,-0.28701985;-1.4513942,-0.634808;0.5279024,0.8145404;0.8926468,-1.2744439;0.8219288,1.3131584;0.8955628,1.4182309;-1.112503,-0.739318;0.7942474,1.1317654;-1.0795162,-0.45303375;0.15427785,1.6800234;-1.0077099,-0.85866994;0.96671253,1.0916903;-0.9333838,0.98505086;0.90144485,1.1889521;0.8645424,-1.2580546;-1.5439911,0.9320515;-0.88717586,1.0933421;-0.2528411,0.30420426;-0.23891953,0.47231525;0.7961515,-1.3405001;0.006031883,-0.2944049;-0.35886195,-0.092187956;0.05067363,1.2927167;-0.09223576,0.7753675;1.1229391,0.7825037;0.96869445,0.58295375;1.3580239,-0.091130264;0.54935795,-0.6108071;0.14271933,0.2693103;0.8236339,-1.3424156;0.42545992,-0.51633686;-1.0163884,-1.601908;-0.09788633,0.7759294;-1.266396,-0.51363707;1.2628887,1.1368976;-0.9777535,-0.8795467;-1.4769622,1.1201823;-1.0682238,-0.7137754;1.9942985,-0.17684115;0.76864856,-1.3132169;-0.8933122,-1.6890438;-1.0043035,-0.6141755;0.67321,-0.20845237;-1.5266818,0.71138084;-1.0403831,-2.0292718;-0.88445306,-0.84514177;-1.0448112,-0.7477967;0.75036496,1.2254537;-0.6555749,-0.107539065;0.6724749,-1.2385603;0.5440031,-0.55338347;-0.6925561,-0.5614496;1.9397138,-0.12390394;0.11301771,-0.0066939583;-1.2914132,1.1573888;-1.3412949,1.1377491;-0.44178253,-0.48974282;-0.52435917,-0.589094;0.011423173,-0.105599955;-1.1846522,1.1889135;-0.063418776,0.81188935;-0.8969499,-0.6163311;-1.5459393,0.3231147;-0.5341768,0.4913764;-1.5174013,0.50348115;-0.91254056,1.0735489;-1.5498384,0.5512274;1.4718975,-0.091014355;1.2525238,1.0940855;-1.0385295,-1.8351358;-0.03596921,-0.6634872;1.1865797,1.136088;0.79547733,-0.20531063;0.3243727,1.4708253;0.9103514,-1.4720707;-1.530294,0.5983804;-0.4071095,0.46268818;0.1507125,-0.26514155;-0.06929702,1.605526;-1.2939639,1.0790229;0.9452576,-1.411927;0.025273027,1.6732554;0.17804518,0.9467278;0.0027579414,0.17348081;0.57106024,-1.1640445;-0.38972336,0.015757838;0.19667749,-0.2618653;-0.05010671,-0.20608823;0.88241774,0.53011173;-1.561302,0.8107684;0.2107567,1.4219878;0.41815314,1.4787575;-1.1718773,-0.45671368;0.56562096,0.24019404;-1.576083,0.92440844;-1.3394735,1.0147407;-0.023863474,1.1693122;-0.13900106,0.15564312;-1.432256,-0.56743556;0.5952126,-0.92791057;1.3459501,1.0873572;0.9639472,-1.3009406;0.16939856,1.116242;0.4550586,0.93170005;1.2498447,1.2081698;0.13070142,-0.69361514;0.05932479,1.4113877;-0.059693325,-0.33322704;0.11130354,0.3370548;-1.0642507,-1.7214357;-0.8409203,-0.49300274;0.59670794,-1.0770438;-0.66203004,-0.3407195;0.83984345,0.16812965;0.23820692,-0.9572195;2.2836027,-0.16480924;-0.1663543,-0.35522297;-1.1070136,-0.5585347;0.9838877,0.53878206;-1.0965327,1.0480729;-1.2913442,1.0468278;-0.03820442,0.4033645;-1.4172125,-0.54337126;0.6370928,-1.2108713;2.1546013,-0.11481597;0.05903479,1.3682616;0.65943986,-1.0373898;0.0070565785,-0.34643832;-0.9872176,0.9515118;-0.99699134,-0.7973091;0.16216436,1.5482217;0.18659799,1.6319046;2.3109584,-0.09514915;-1.3463147,1.0140898;-0.93231696,-1.4726664;-1.3529987,-0.4647434;2.0653398,-0.22907661;1.1483061,0.7508173;-1.1230245,-2.2039092;0.90726024,1.0377855;0.7569848,1.2267423;-0.8680572,1.1500055;1.2369974,1.0053325;0.89408606,0.019130947;-0.034235623,1.3779427;0.3299433,0.85103875;-0.16912048,-0.16115557;-0.48477036,0.20219357;-0.7788595,0.011848687;-1.5757931,0.9002419;0.9215167,0.9149653;1.1187286,1.0350481;0.92777294,-0.15070206;-0.02960121,0.5070101;1.2195028,1.2295235;-0.9822705,-1.8789797;-0.8041902,-1.6651845;-0.17754526,-0.37337103;-1.3223768,0.6011447;0.06738744,1.8034794;2.3150103,-0.08554061;0.10567797,-0.040308923;0.22689377,0.036642883;0.48937985,0.8185627;0.9247062,1.0857427;1.5544947,-0.09563674;0.58262086,-0.6103708;0.64023453,-0.1675435;-1.5191349,0.40806362;-0.008768321,1.4257324;-1.3599141,-0.61323726;-1.3460418,-0.665009;-1.1987668,0.82680887;0.62002826,-0.6536446;0.16588132,-0.70475113;-1.1252779,-2.3117073;-0.9709385,-0.66723704;0.0061704013,0.9961801;-1.0826828,-0.4841664;-0.99710935,-1.781741;1.4081516,-0.15643679;-0.85667986,-1.7552202;0.1037585,0.97368306;-0.2784246,-0.10331317;-1.0974227,1.0474193;0.91684747,1.1619658;-1.3521409,-0.56493324;-1.0135005,1.0170307;0.0028393907,1.4560708;0.96071196,-0.11857608;-0.9126646,-1.5780231;-1.0657691,-0.661386;0.8274597,1.149777;0.4428617,-0.7527891;0.51718706,-0.85679704;-0.65074193,-0.4389207;0.81466836,0.88422537;-1.0891169,-2.1928012;-1.072118,-2.3334646;0.85387707,-1.4199162;2.4493926,-0.13591118;0.45442724,-0.99348515;-0.32129827,-0.13392635;0.48925275,-0.52853125;2.2714643,-0.14051221;0.18555655,1.3877413;0.926963,0.8389609;-1.1111922,-1.8832991;-0.1842018,-0.024616225
p3d-kl
0.46458491683006287
p3d-iter
599
p3d
-1.7431539,1.941885,0.56170416;1.3290056,0.17957002,-1.0604707;-1.1722009,-0.43967885,-0.34558275;-1.5044852,1.7380676,0.5335647;-1.454351,-0.5626769,-0.6741331;-1.4902412,1.7045907,0.82881016;-0.006479981,-1.2216946,-1.4823183;0.17178696,0.66622096,0.8992884;0.55244964,0.04263978,0.53205043;0.7830733,0.34690702,0.5388058;-1.7423863,-0.46248382,-0.817565;0.025841143,-1.1383584,-1.1330885;0.34501228,-0.032143872,-0.07143627;-0.26015988,-0.29091546,1.4406203;0.75322115,-0.9774404,0.40075827;-1.338836,-0.41903433,-0.4169782;-0.28835166,-1.3350686,-1.486257;-2.0603757,-0.22168691,-1.2090976;0.82280266,-0.70588225,0.46804827;0.19101278,0.17238742,0.26879948;-1.4625543,1.6895022,0.85761523;-0.06539419,2.302228,-0.15770982;-0.40438154,0.9223229,0.24945994;1.0395054,0.0743312,0.37721846;0.54256564,-0.392094,0.721835;-0.94108593,-0.5986716,1.7255403;-1.010056,-0.60913366,1.6946464;-1.4971124,-0.21944726,-0.7136394;-0.17376444,-0.013343776,0.16408582;0.8607347,-0.21734093,0.19509265;-1.099524,1.4426644,0.5866726;-0.2644453,2.525868,-0.14220262;-1.9292799,-0.43617356,-1.0723314;-1.8493912,-0.25981507,-0.8455544;2.0113797,-0.13594773,-1.879372;0.24836776,1.7566303,0.21633764;1.6571333,0.15396197,-1.2365745;0.31986293,-0.91496205,-0.7198424;-0.77381873,-0.029700339,0.12793827;0.087041125,-0.31368032,0.7602798;2.047079,-0.43593767,-1.8263928;0.68409425,-1.1112843,-0.55884945;0.8389973,-0.983549,0.2921593;-0.20123696,-0.013664593,0.20955664;0.11471302,-1.2909775,-0.7963513;-0.38913038,-0.7999268,0.07563826;0.1279864,-0.018068975,0.34040105;2.2134976,-0.39545593,-2.1674795;0.33977237,1.7615579,0.000991869;0.2633044,-0.7359142,1.7156878;-0.19615957,-0.9207449,1.7281843;-0.12480187,2.0419352,0.15894912;0.19392031,-0.77702695,-0.9655831;0.8163993,-0.7318776,0.50586385;1.2887156,-0.9654497,0.38434252;-0.93532616,-0.6088232,1.7410133;-0.6479035,-0.6183547,-0.122940734;-0.7208883,0.9269338,0.93027145;-0.6696275,0.5039731,0.39230642;-0.967233,1.496048,0.45219073;-1.6920244,1.8957953,0.5708623;0.3132407,1.8261137,0.009287275;2.2714176,-0.5973469,-2.1291528;0.93184435,-0.9485245,-0.17624784;0.69796723,-0.49565607,0.021898847;-2.132394,-0.3610984,-1.3009275;0.18573788,-0.9056734,0.008153705;1.4255759,-0.36115494,0.44045046;-0.49791655,2.3353622,-0.03669939;-0.65230227,0.21514025,0.21758905;-0.31737474,-1.4125208,-1.9897405;-1.0535043,1.3024417,0.5244199;-0.083178215,-1.1844659,-1.1571109;0.2611119,-0.77283,1.6516182;2.1564481,-0.35528338,-2.1196494;-1.9728314,-0.4566623,-1.1426959;0.23519325,-0.7031269,0.18463947;-1.9870304,-0.45128936,-1.1007888;-0.49593824,0.38471186,0.09131295;-0.31057325,2.4893866,-0.32833216;-0.35701677,-1.3948065,-1.8015244;1.4638687,-0.1574912,-1.136953;-0.4082596,-1.0772626,1.5693014;0.029384464,-0.40590963,0.50801617;-0.13547784,2.424471,-0.29058418;-0.12495811,-1.3253696,-1.7460047;-0.12654752,-1.2184851,-1.7355621;-1.5945762,1.8153806,0.5773684;-2.1830163,-0.37791148,-1.3250122;-2.0194705,-0.43299165,-1.3839519;2.1878154,-0.4430087,-2.0506732;1.8386873,-0.28853402,-1.5596874;-0.62421304,1.167563,0.9699173;1.4982457,0.09271637,-0.9156463;1.3348788,-0.33262214,-0.062474735;-1.220117,-0.3141911,-0.41534656;-0.5083984,-0.51226383,-0.2025733;-1.2368774,-0.45949364,-0.4765486;-0.38251856,-0.37794283,1.5047218;0.88366985,-0.86031336,0.87980735;-0.601737,-1.1008459,1.7585621;1.4034965,-0.1371982,-0.96310973;-0.27738887,1.6627271,0.2334541;1.3529269,-1.0339148,0.055330686;1.1691417,-0.7139612,0.28718027;-1.3435796,1.4200797,0.9693842;0.4087508,-0.6037278,1.4739556;1.4852883,-0.42352864,0.16316688;-0.088530034,1.2271584,0.09730778;0.030672755,-0.93021655,1.7272363;1.7512296,0.13583739,-1.2378589;0.97227544,-0.09546015,0.28837654;-2.061662,-0.22162466,-1.2126064;-1.2639092,1.839049,0.9033791;-0.7865012,0.132249,-0.014428469;0.28465268,-0.9026297,-0.91400796;-0.57630235,0.8658741,0.3654104;-0.5260709,0.047975272,-0.040409707;1.4121792,-0.8341492,0.22227104;0.5296012,1.0820495,0.3453753;-0.17062882,-0.84147114,1.6677393;1.9578744,-0.27045655,-1.7433245;1.469509,-0.20255569,0.37363738;-0.42645645,0.7957652,0.36247042;-0.996445,-0.5465106,1.7128309;-0.30905604,2.4072857,-0.11858327;0.011143087,-1.1569227,-1.0911735;0.026280914,-0.26627028,0.23282802;-0.21611899,-1.3631598,-1.6270534;1.4566625,0.28482974,-1.1778138;-0.2653961,-1.4293836,-1.9469665;-0.13627309,-0.10740803,0.91372645;1.6123447,0.19265334,-1.2475702;0.40917316,-0.8665202,-0.3090597;0.81887066,-0.52336085,0.23192841;2.2514136,-0.5480101,-2.1108942;-0.6210912,1.8786147,0.012983074;-1.928825,-0.4443852,-0.9034047;1.459361,0.29928392,-1.0982378;1.0128217,-0.10239995,-0.27303264;0.22127886,1.6275811,0.2776006;-1.3166727,1.387591,0.53264123;0.685946,0.36307535,0.5941035;-0.6466735,2.1241066,0.06910035;0.47800767,-0.80570656,1.7216774;-1.8845612,-0.4805853,-0.9536053;-0.36332336,-0.456136,-0.15713656;-1.4704338,-0.152329,-0.6599733;-1.3341696,-0.47381,-0.5693454;0.029757038,-0.5305825,-0.08017123;0.27200168,-1.1870927,-0.93693054;0.1071198,-0.8012633,-1.2143537;1.1201397,-0.21283999,-0.18055685;-0.32271472,1.3064706,0.05977688;-0.18053761,-0.7585528,1.6813569;1.6978135,0.008789283,-1.3324004;0.87219745,-0.85306096,-0.04265102;-0.65994054,-0.45267373,1.2591898;0.5487718,1.1165956,0.38442698;-0.7008806,1.2235222,0.7334356;-0.7188586,-0.28377458,1.3979021;0.39144865,-0.29270142,0.684807;0.12676635,-0.76277566,1.6212198;0.21839659,-0.8618855,-0.92708623;1.0719506,-0.017122736,0.00725209;-0.44726878,-1.4249759,-1.8289974;-0.1857577,-0.3471917,-0.56853205;0.073014095,-0.56660223,-0.065231375;-0.62096226,-0.5891611,-0.20217057;-0.29582265,-0.93619055,1.451754;-0.011523246,2.2278078,-0.16684;-0.03649631,0.56635666,0.29911888;-0.31392512,-0.34244365,-0.47888365;1.6205541,-0.18429232,-1.2537493;1.0814884,-0.05780796,-0.3689231;-0.17962539,2.358479,-0.018378427;-1.253231,-0.5301013,-0.45263827;-0.5193159,-0.5633511,1.675485;0.15746504,1.6405101,0.36011058;0.068519704,0.67265815,0.484495;-1.4319999,1.5846016,0.8922441;-0.19318455,0.3081009,0.23604992;-0.95424825,1.1425734,0.9038105;-1.2714756,1.3222418,0.9551808;-0.11696545,-0.83640665,1.503862;2.216763,-0.5475741,-2.0610738;-0.8308441,1.8985928,-0.030368967;0.35424185,-0.98343086,-0.4520557;-0.6494852,-0.54854375,-0.3619626;-0.7992771,1.9134684,0.006725874;-1.4581504,1.5618238,0.86146563;-1.9081067,-0.43837148,-0.8779322;-0.37724522,-1.3933368,-1.4695636;-1.6850958,1.8968096,0.5474796;0.40617883,-0.39159063,0.38560602;-0.6041186,-1.4558426,-2.098064;0.48511282,0.13527122,0.6918073;0.3334379,-0.46264634,0.06410278;1.4306569,0.30552974,-1.153317;0.22987999,-0.81920385,1.666623;-1.4532952,1.7050563,0.61291903;0.30338922,1.8679024,0.128622;-0.34350616,0.37696657,0.20888096;0.56207967,-0.77060807,1.690379;-0.1344001,0.80169445,0.70748776;2.043257,-0.37044713,-1.8515816;-0.9163596,-0.3483722,-0.17846075;-1.7896852,1.965723,0.5566671;1.297067,0.0087266695,0.15506822;1.1365416,-0.030737743,0.35805976;1.7156894,-0.040299315,-1.3735389;0.42993835,-0.8069018,1.633594;-0.30861098,0.5434846,0.420894;-0.07822164,-0.10658918,1.171587;0.76505256,-0.9494834,0.34877145;-0.598753,-0.45655662,1.6293844;1.5665883,0.087452926,-1.080646;-1.2713327,1.626461,0.847897;-1.6646721,1.9312434,0.5513261;1.0486819,-0.024435326,0.17896974;1.5391871,0.057041,-0.82278043;-0.49602264,0.9237862,0.39152378;-1.6963367,-0.41778326,-1.1443003;-0.039812848,-0.35328546,-0.0222005;-0.24091768,-0.9851242,1.6452402;0.27144268,1.874738,0.1874607;0.45813057,0.41581625,0.5348432;0.26186904,-1.2276584,-0.8807646;1.6895173,-0.011174727,-1.1339064;1.0464015,-0.11219409,-0.34204718;0.29552218,1.7119673,0.13143739;0.8938235,-0.82727313,-0.052190438;-1.0750593,1.3028628,0.43815273;-0.14729276,2.116501,-0.3430253;0.3218974,0.44048727,0.6139168;-0.20115079,-0.9736177,1.7354072;-0.87773895,-0.3508334,1.154285;1.6788952,-0.64818114,0.57845485;0.22107103,-0.9027597,1.5760671;0.2210007,-0.20484214,0.87222195;-0.635441,0.89033264,0.9496831;-1.7887893,-0.47644553,-0.9876076;-0.65833527,-1.4203957,-1.8880844;0.65680313,-0.9249829,0.3314361;-1.3095227,-0.39438176,-0.3002214;-1.999829,-0.3550508,-1.0635699;0.03604438,-1.306852,-1.4888146;0.37298283,-0.90284514,-0.2787335;0.99449015,0.008359385,0.3494955;0.014287542,-1.1878539,-0.6844086;0.2938064,-0.79983425,1.6701297;0.26260382,-0.10284459,0.8463858;1.5056435,-0.18164685,-1.3171754;1.5001574,-0.6111484,0.2421271;-0.7643376,-1.0187606,1.7298487;-0.047207996,-0.93598,1.7188722;-0.10560097,2.173159,0.11885337;-0.034015354,0.82253677,0.5804443;-0.4476577,-0.7243891,-0.15744439;-0.43258902,-1.4399656,-1.8348634;-0.5929375,-1.459621,-2.1862159;0.5513686,1.1917526,0.46814725;-1.1267525,1.3372184,0.90824497;0.3227784,1.6248475,0.30461386;-0.20952742,1.2396188,0.29088053;1.7719184,-0.098105945,-1.457454;0.10447809,-0.8384682,-1.1414716;-1.109743,-0.6221638,1.6550978;1.3772949,0.20547329,-1.2399956;0.6306343,-0.7966254,1.5766305;-1.8132522,-0.27929285,-1.0388975;-0.12170347,1.5066644,0.36388117;0.70770305,-0.09896272,0.3644525;-1.878401,-0.49817806,-1.3438032;0.13561435,-0.269564,-0.081929535;0.041081555,1.551842,0.3251225;0.20161721,-0.26310775,-0.109514974;-1.5775552,1.7385706,0.5407682;-0.8657996,1.9193622,0.025940293;1.4354316,-0.0015855153,-0.52116513;2.0359867,-0.4308323,-1.8080124;0.65584105,-1.1047297,-0.54341686;0.5848075,1.0479813,0.48198304;-0.2105033,0.5860825,0.5322248;-0.22085026,-1.3047125,-1.3434745;0.08822552,2.2181334,-0.008411299;1.2882606,-0.0054742363,-0.54544747;1.7499597,-0.8038397,0.5251726;-0.021879725,-1.1789567,-1.0703856;1.4947257,-0.029929789,-1.0284016;-2.1667266,-0.3664799,-1.3047967;-0.060550537,-0.17283389,0.27424172;-0.008772946,-0.91971606,1.707239;-1.8289105,-0.22840379,-1.0034814;-1.7856203,-0.35410243,-1.0728475;0.1977796,-0.913121,-1.0681854;0.70749193,-0.7577159,0.0449536;0.009662856,0.1479094,0.29573572;-0.74897456,0.9528014,0.5155259;1.4653301,0.059944592,-0.68475693;2.1842237,-0.5149408,-2.1162329;1.3401285,-0.87995535,0.2001134;0.6338374,-0.49505016,0.46674854;0.058390655,2.2392945,-0.00015914107;-0.0401898,0.5918499,0.047688004;0.6848016,-1.14422,-0.62947065;1.5398886,-0.09877196,-1.3205402;-0.18544938,1.2053463,0.10916934;1.4550701,-0.55522627,0.483251;-1.3191411,-0.450598,-0.49936387;0.6413884,-1.1117686,-0.612938;0.6187278,-0.7556451,0.21046695;0.5029281,0.46620402,0.54920346;-0.58723307,-0.7463012,1.6317002;0.31748807,-0.14687854,0.7908943;0.06297653,2.2035549,0.012268461;0.3494788,-0.6552996,1.5683259;-0.15723543,2.2704945,-0.10602479;-0.94427186,0.06173072,-0.117793374;-0.13158703,-0.7177952,-0.486456;-0.43983865,-1.4162556,-1.9394636;-1.906032,-0.3821916,-1.0046191;0.41907743,-0.6138951,-0.08150518;-0.28971928,-1.2758409,-1.2462362;0.04567482,-0.04859545,0.21628095;1.9790541,-0.35817915,-1.7440343;-0.6734342,-0.476922,1.7009891;-0.44015273,-1.5937471,-1.9940969;-0.17839721,-0.2982156,-0.25424606;-0.8615627,-0.38906717,1.1694585;-1.3118665,-0.40470004,-0.35583922;0.32478395,1.7467978,0.21758163;-0.6850185,0.14016584,-0.0043105287;-0.5819059,-0.2595607,1.237043;-0.06280682,-0.043997016,0.53855103;-0.42614967,2.110917,-0.008661072;-0.6294277,0.8189055,0.93436867;1.5033046,-0.76409096,0.41470817;-0.9776795,1.2002299,0.96380854;1.2847521,-0.98692095,0.41216317;-1.464692,1.6595292,0.8544198;-0.4667538,-1.4742833,-2.0065222;0.5925639,1.0969567,0.5029536;-2.043762,-0.5014637,-1.1477778;-0.023016749,-1.3034867,-1.4717911;0.050612822,2.2459948,0.030579532;-0.77072895,2.2156074,-0.14574175;-0.75266075,0.8040956,0.8767654;0.32519525,-0.22313695,0.6952642;-2.125882,-0.39579648,-1.2437544;-1.0659455,-0.618971,1.6994476;0.26922238,-0.6635212,-0.56684244;-0.61037695,-1.4295102,-1.9046266;-0.28489864,-1.0950305,1.7517793;0.17026462,-0.35993612,0.81830764;1.5856112,-0.0014060023,-0.8988357;-0.36554354,2.475026,-0.15077366;-0.60401595,0.9448376,0.43371654;-0.048048984,-1.2278368,-1.586659;-1.2487218,1.5078775,0.86091614;-0.026388885,-1.3610924,-1.0360929;1.191554,-0.098109,-0.7295539;0.69305354,-0.9901264,-0.45502308;-0.15728393,-0.6704956,-0.5004627;0.8782827,-0.9146846,-0.18030606;-0.51444376,-1.5086071,-2.1771533;-0.12381036,-0.41899508,-0.7933626;-0.6091382,0.83266884,0.95108277;-1.635223,1.8430225,0.59448195;0.27408332,0.048572656,0.0066985446;-1.0918417,1.3538562,0.89554566;0.23631619,0.49859905,0.6376184;0.5394136,-0.926203,-0.5468832;0.19371526,-0.6577759,0.37515038;0.27309868,1.7915307,0.25611377;-0.4335126,-0.78581,1.7582769;-1.80912,-0.40799457,-0.89977384;1.3386436,-0.042782318,-1.1595938;1.3281301,-0.77309287,0.3640235;-0.2625607,-0.3220578,1.4654219;2.181858,-0.5258192,-2.0431654;0.78636867,-0.29740027,0.85979295;1.6823605,-0.5963677,0.63949656;-0.35271746,0.9146588,0.33069217;-0.3913492,1.819857,-0.27009115;-0.64817244,-0.6032427,-0.2005011;-0.038621,2.0452394,-0.20427825;0.575613,1.1729686,0.46347702;0.65856373,0.03260099,0.9492246;-1.2941428,-0.1034343,-0.47782978;-1.8831959,-0.47671103,-0.99942786;-1.0386658,1.239721,0.8221004;1.3217609,0.033046536,-0.58169293;0.5265845,-0.7225883,1.5913533;-0.8148748,1.9057915,0.008361227;-0.04727285,2.3070123,-0.12828353;-0.8791378,-0.22325207,1.0209421;-0.81071013,1.9079504,0.005645755;1.889608,-0.19998312,-1.6328562;0.82452095,-0.9747158,-0.31926465;-0.069501705,-0.9430629,1.7202146;-0.64350086,-1.4624093,-2.1593015;-0.6446159,-0.4047006,1.5995778;-1.4113343,-0.5705231,-0.6851082;-0.33548966,2.459245,-0.16985886;-0.02553934,-0.7858315,-0.009112723;-0.25916648,-0.13688202,0.5047393;0.05323496,0.6185915,0.60480756;0.04016165,0.30651897,0.20539336;-1.0987586,-0.38606232,-0.46818122;-0.7419319,-1.0736992,1.7336259;0.012050463,-1.1310167,-1.4112331;2.0752132,-0.29011562,-1.9343314;0.32341373,0.63044065,0.9150955;-0.18678209,2.414568,-0.16677152;0.47027946,-0.76559585,1.6079949;-0.08524921,-0.08365855,1.0925335;-0.8387476,-0.44464397,-0.19269909;-0.72675383,0.88416606,0.39306146;1.2849189,-0.033081077,-0.7714443;-0.1916351,0.5893653,0.6101452;-0.6875593,0.31806555,0.3386103;1.7540585,-0.15084277,-1.3957741;1.0609815,-0.099469714,0.50816923;0.014232268,-0.8824269,1.602465;-1.107333,-0.46019807,-0.4150089;0.19766462,-0.16714126,-0.02825971;0.7501013,1.0303577,0.5460145;-0.77546597,-1.0671501,1.7101331;0.4474237,-0.26520646,0.800215;-0.18420346,1.8369592,0.22449923;-0.8994085,-0.35111982,-0.16269726;-0.99259186,-0.4771958,-0.3359999;0.5286103,-0.6548819,0.5021787;-0.17395343,2.2820194,-0.39386573;-0.3889209,-1.4098436,-1.9792315;0.82447577,-0.75244975,0.49362302;1.270942,-0.16202092,-0.20500548;1.2696753,-0.6117154,0.34524363;0.20727658,-0.66822374,0.3046118;-0.94041914,-0.5700884,1.7313973;-1.2938569,1.5730433,0.44183734;0.76324546,0.099435605,0.016269933;0.22971272,-0.9715493,-0.5597664;-0.2914626,-0.94266456,1.4267743;0.6179201,-0.9175926,-0.4502048;-0.08065328,-0.30440333,0.93802774;-0.3624596,0.86684686,0.9481793;0.45299548,-0.80468285,-0.4614897;-2.2842758,-0.3330612,-1.3739865;-1.837556,-0.43784693,-0.88714343;-0.2115746,-0.64595747,-0.42356735;-2.278832,-0.32630628,-1.3753088;-0.018787328,-0.8605794,-1.4968773;1.4129598,-0.03351737,-1.0230795;-1.7183338,-0.48399755,-0.8001052;0.37837195,-0.7757625,1.6942784;-1.707527,1.8981985,0.57398415;-0.089050256,-1.1970575,-1.7121937;-1.2289104,1.4768173,0.7735338;1.609559,0.055625163,-0.96496916;0.8886799,-0.73053753,-0.04213871;-0.24347956,-0.26598483,1.3524269;0.2167888,2.002253,0.017845476;-0.42008683,-1.2722739,-1.3886632;-0.34663254,-1.3934028,-1.7373011;-0.32477057,-1.0597818,1.461596;0.09410957,-0.4635476,0.570865;0.5516573,-0.81448346,1.6294281;-0.12311426,2.1890502,-0.052595578;-1.7133639,1.8771752,0.57406664;0.12521516,1.4537848,0.14213338;0.030097123,0.7567644,0.5550711;1.6531802,0.38985232,-1.4480249;-2.1084077,-0.44678262,-1.2600485;0.022972716,-0.94461,-1.3331974;2.3218176,-0.5150636,-2.2373934;-0.7889438,-0.50698495,-0.3088914;-0.14001806,-1.2388319,-1.2351311;1.5468389,-0.039892476,-1.0648944;-0.9483902,-0.5830703,1.7370762;0.3330589,-0.18759973,0.7800347;-1.2959316,1.5856059,0.38356704;-0.6330849,1.1009289,0.04011544;-0.020540059,-0.6740747,-0.81794035;0.5330154,-0.7818741,1.6227263;2.1114893,-0.3362521,-2.0204291;-0.48877838,0.9063252,0.971312;-0.79340315,-0.6982959,1.6998795;-0.1150792,-0.34389383,-0.8343507;-2.0801387,-0.44522333,-1.1766;0.21087934,-0.88407356,1.7121711;-0.49011004,-0.38336036,1.2682834;0.8502635,-1.0903627,0.30839634;0.3700066,-0.38495627,0.7428475;-0.7794946,-0.5288721,-0.18040626;0.5779813,0.022454433,0.51713836;-0.5618187,-0.9245493,1.6160252;-0.5164965,0.77048236,1.0157101;-0.066041164,0.24624166,0.32993132;-1.3236,-0.38401484,-0.6462997;0.25778013,-0.81828004,-0.33365932;1.4619808,-0.34858102,-0.019399788;-1.7500185,1.9309521,0.5644612;1.5245377,0.3329613,-1.3045148;-1.8869637,-0.4421331,-1.0008304;-0.261649,-0.39682537,1.5547061;0.5248566,1.1364008,0.4753291;0.4658284,0.33631083,0.3454877;-0.47306895,-0.54897875,1.3909328;-0.50023276,-1.0415415,1.699904;0.49171057,1.2567707,0.47425237;-0.49758866,-0.50104785,1.6288273;0.6466094,0.032047354,0.9215762;-0.4881327,0.26346725,0.15632062;2.3149192,-0.5329949,-2.226466;1.4905922,-0.6841771,0.24801812;-0.8179434,-0.2926046,1.1623937;-0.5562418,0.8052632,0.9569486;1.3374984,-1.0490566,0.024653602;0.21247363,1.5450383,0.11265432;-0.73299533,1.8682401,0.017510075;-1.0703416,1.3236428,0.5045456;0.5131274,0.3154876,0.07189871;-0.51405746,-1.4080904,-1.6684003;-1.2859732,1.5142102,0.87162954;-0.26089463,2.4666378,-0.15951104;-0.40572208,-1.2503622,-1.3251696;0.0072732633,-0.2078826,0.23104045;-1.1495001,1.1567352,0.9450362;-0.62765783,-1.4579976,-2.1491177;-0.14533219,-0.50724536,-0.6154653;-0.1232584,-1.3958274,-1.692664;0.6831786,0.06433264,0.9508223;1.5368168,-0.39796215,0.0993222;-0.4097183,-1.4110309,-2.0248237;-0.5286883,-1.0373262,1.6449617;-1.2375966,1.7736243,0.897878;0.3426895,0.058688205,0.3139435;-0.5751921,-0.8623555,1.4578441;-0.5907927,-1.4411354,-2.0412393;-0.12337738,1.5825256,0.32563844;-0.82306176,1.0454433,0.91272867;-1.2986113,1.6591872,0.8984754;-1.3422227,-0.22581908,-0.47853044;0.016925588,-1.2879417,-1.5422795;-0.61287963,-0.52738863,-0.023190754;0.9822451,-0.83388984,0.40765247;-1.301116,1.3990525,0.57398725;0.3797124,-0.46359766,1.3048214;-1.0856538,-0.6275535,1.6915934;1.3429041,0.07534248,-0.5889327;-0.11311194,1.2820778,0.25888833;-0.69830084,-0.25459605,1.0258693;-1.3980416,-0.2881569,-0.65341383;-1.1744499,1.2120948,0.9043012;0.15801159,-0.9015492,0.047840234;-0.1679452,-0.09959742,0.8792159;0.6452434,-0.01887579,0.9425523;1.2390059,0.035158172,0.18573274;0.1950819,-1.3063331,-0.85308814;0.26920763,-0.90455925,1.6653384;0.23354994,-0.6687158,-0.76367223;-1.3529476,-0.16495423,-0.64761925;0.025158023,-0.5791931,1.569304;2.1351879,-0.48950642,-1.9796088;1.1868635,-0.14144102,-0.225517;-0.04786467,-0.32947895,0.07970562;0.19048342,-0.59290946,1.5388259;-0.23450524,-0.12795213,0.5177297;-1.1583226,-0.6159201,1.602829;0.21434383,-0.43514964,0.67478025;0.9509161,-0.8059205,0.4920459;0.89359343,-0.7591998,0.49484894;-0.5008466,0.93252,0.34069777;2.0501142,-0.40230435,-1.853761;-0.56556135,-1.0530269,1.7041148;-0.7458318,0.8127344,0.26883683;0.55342895,-0.16649663,1.0006621;1.6998975,-0.65097374,0.5457256;-1.8194745,1.987142,0.55380833;-0.058939215,0.39001003,0.7375657;-0.35354373,-1.4992489,-1.3750331;0.47249812,-0.72736925,-0.15505408;0.519292,-0.7769581,1.665054;-0.68069667,-0.44801426,1.7564324;0.6705183,-0.9471158,-0.42816266;-0.83090144,-0.06666003,0.9290889;-0.3039187,-0.85596097,1.4143001;1.46355,-0.15610248,0.38167182;-0.29789028,1.9402275,-0.25792822;-0.9795707,1.3613688,0.5671596;-0.047869574,2.440866,-0.09591932;-0.44214755,-1.2706963,-1.4754038;2.2672317,-0.39791197,-2.2149048;2.2983992,-0.60130984,-2.1848586;-0.4934804,1.773873,0.024094403;1.0032799,0.08296868,0.4239349;0.5489979,0.09384854,0.1513147;0.54469323,-0.77290815,1.5982138;-0.54281896,-1.1066476,1.7456422;0.3700363,-0.8680169,1.7202402;-0.33009622,-0.82358456,0.07243233;-1.9253399,-0.14509575,-1.1231248;0.28678742,1.7493732,0.07880127;-0.44695973,-1.4214007,-2.0562677;-0.63201636,-0.62380534,-0.07626663;-0.74407005,0.5456943,0.49766037;-0.6789505,0.3670368,0.28755736;0.79140455,-0.34328866,0.86610705;-1.8311493,-0.31630868,-0.9757271;-0.1435251,-0.058980115,0.22896487;1.0663611,-0.3730668,0.10045352;0.4103413,-0.7501669,0.03069163;2.1370552,-0.36253652,-1.9979616;-0.6800847,1.8181912,0.01595927;-0.85857356,-0.46980602,-0.220202;-0.48504958,0.6663594,1.0639073;0.65270984,-0.7937489,0.25675613;0.13332158,0.6664456,0.55223507;-0.29200533,-1.369098,-1.4683071;-0.5002765,1.7869887,0.0475009;-0.09954849,-0.016091917,0.7073971;-0.29202202,-0.7503752,-0.11618407;1.8200076,0.08328105,-1.6280876;0.25961238,-0.4669361,0.6499899;1.6550391,0.22047281,-1.2011192;1.4570727,-0.46283957,0.35322428;0.38453117,-0.7362735,1.6584494;0.5286273,-0.33572447,0.7494081;2.135188,-0.48950648,-1.9796088;-0.5233339,-1.0797491,1.8145033;0.52619606,-0.3207131,1.137514;-1.3288302,-0.11467704,-0.49815217;-1.5290844,-0.13172536,-1.0585995;0.064214,-0.8923601,-1.2523884;0.28673884,-0.98851675,-0.5363308;-0.5686704,-0.63229954,-0.0884265;-0.056336656,0.48612136,0.7097356;1.5294764,0.065446116,-0.89230454;0.85774904,-0.9471331,-0.2539234;0.38573965,-0.51948714,0.5215706;-0.42526293,-0.6642353,1.7582387;-0.32420745,1.061572,0.37280667;0.8358024,-0.86506563,0.13138555;0.26761976,-0.9005561,-0.9421737;-1.2764252,1.3213514,0.94779116;-0.4049357,2.2541692,-0.105930865;-0.71740115,-0.5359835,-0.24306962;0.9917061,-0.82560754,0.25773615;1.8390125,-0.22444776,-1.5664805;0.08294014,-1.2168217,-1.1664648;-1.4367739,-0.12542452,-0.59451485;-1.4533285,-0.24006778,-0.6307;-0.0029267007,-1.0102164,-1.3467733;2.1963358,-0.48359424,-2.090329;-0.8357951,-0.46723413,-0.24175537;0.032935306,-0.7863014,0.007615144;-0.623549,-1.5358393,-2.2795796;-1.7088426,-0.27099976,-1.0640839;-0.46800596,-0.7418103,0.04550034;0.8565425,-0.7911342,0.55267346;0.22739385,-0.8532742,-0.70710033;-0.64337146,-0.25877786,1.4671977;0.49498612,-0.18126938,1.0144476;1.5719968,0.037540577,-0.90886635;0.57964635,0.4499693,0.5409087;0.3479415,1.7444507,0.12436739;-0.62179416,0.9333534,0.3120507;0.2817084,1.3959922e-05,0.32773063;-0.357783,-1.047514,1.7689545;-0.57817173,-0.22296886,0.91402215;-0.54700184,1.7336671,0.045643575;1.5378491,-0.68475646,0.28230017;-0.3777276,-0.40380237,-0.372346;1.9780767,-0.2735501,-1.7743508;0.044605225,2.201916,-0.04051376;-1.5019082,1.6484247,0.81788754;-0.07032248,-0.11439029,0.66056067;1.7083864,-0.65257496,0.53254944;-1.4216797,-0.2980884,-0.6449685;0.181123,-0.26743534,-0.05649947;-2.062206,-0.27563646,-1.3918667;-0.45420328,2.0633044,-0.09064138;1.0348164,-0.29787335,-0.1610019;-0.37508914,-1.4050225,-1.7924243;1.7308804,-0.11881253,-1.425217;0.91535,-0.17213388,0.17364016;1.4695005,0.03536079,-0.7253235;-0.8006848,1.0658253,0.9495396;-0.15680385,-1.3712378,-1.8089193;1.8495243,-0.19081709,-1.5783275;1.0150989,-0.11508757,-0.26206285;-0.5549,1.7608536,0.021504806;0.19758861,-0.92300606,-0.75795645;0.2898393,-1.3501992,-1.1890576;0.2731681,-0.9471082,-0.48405454;1.3217647,-0.50801265,0.402825;-1.7440597,-0.49487883,-0.84168315;-0.10058323,-0.28979066,0.7213285;-1.5916531,1.8026488,0.5852445;0.32298633,0.27781013,0.36243552;2.0426848,-0.333255,-1.8652549;0.8869625,-0.038961127,-0.10050028;0.70800406,1.0543381,0.52742493;-1.6891258,1.8856769,0.571991;0.40442017,-0.09039984,0.43146732;1.1108181,-0.04449104,-0.099609196;1.4395912,-0.7002143,0.42056543;-0.6703329,0.3001595,0.38542208;0.06172824,-1.3148323,-1.5230417;0.22549902,-1.2305245,-0.9445878;-0.6805102,-0.5979708,-0.11833775;-1.4328557,-0.2728962,-0.60594183;-0.88194907,0.11831071,0.9195973;-0.39379528,-1.4225023,-2.0933433;-0.58437973,0.8527916,0.97508985;-0.081202894,2.198638,-0.23855619;-0.5262054,0.16043942,0.015355877;-0.10811803,0.8734858,0.08938907;0.17890406,-1.2667458,-1.1626334;-1.0876607,1.4218524,0.88020164;-0.8097355,-0.14213173,0.9826188;-0.69692224,2.2004628,-0.13233359;-0.14597717,0.5907995,0.15471596;0.22191088,-0.86629444,-0.96315503;-0.12911402,0.6184907,0.64990675;2.2763765,-0.4850467,-2.167181;0.16862375,-0.7733456,-0.9892374;1.4733506,-0.031363897,-1.3273537;-0.8497045,-0.5566776,1.7314522;0.9464366,-0.13240913,0.67988354;0.24293604,0.1594158,0.22886506;-0.21465538,2.4156742,-0.1626719;0.4217431,-0.015378502,0.72007775;-1.2769357,1.2225605,0.89147717;1.558954,0.02816712,-0.90593886;1.7372674,-0.114803694,-1.3720827;1.2137197,-0.33867347,-0.10506725;-0.47667834,-0.50022715,-0.64349777;-0.006495104,-1.3388026,-1.6323682;0.4124239,-0.84138364,-0.25430673;0.6909985,-0.6299979,0.028300732;1.2416853,-0.26794147,0.50908804;1.7444553,-0.41578728,-1.5103759;-0.7145835,-0.4980459,1.419026;1.9734898,-0.205605,-1.7903621;-1.2802628,1.4256413,0.9025909;-0.8040943,2.0265093,-0.066730574;-1.3366058,-0.35910055,-0.38587785;0.20457146,1.6654038,0.32271633;0.32745,0.03660823,0.7947648;-0.8437509,1.1911224,0.9865151;-0.5944394,-0.8473546,1.526521;-0.25548804,-0.24105652,0.7963085;0.14662948,-1.3721303,-1.4500324;-0.2190609,-0.3132256,-0.5245432;-0.5265484,1.9528451,0.054147765;1.1715641,-0.44001088,0.32751653;1.4253012,0.13906406,-1.1766529;-0.28899056,1.7816502,0.20393288;-0.19689703,-0.33590046,1.5067642;1.423797,-0.022751162,-0.072604574;1.3968393,-1.0049763,0.07072063;-1.201623,1.2153189,0.3939128;-0.6370611,-0.614793,-0.2095203;1.437019,-0.7053008,0.19739182;-0.36176598,-0.7083805,-0.10968912;-0.7056849,0.8682034,0.9197898;-0.4429351,-0.34462112,1.5800188;1.4201729,-0.10025304,0.06661324;-0.9503398,-0.5112654,1.7077931;-0.054656547,2.3998632,-0.09691475;-0.5455878,1.9767007,0.022549564;1.2735773,-0.71602577,0.4367168;-1.4159867,-0.4592317,-0.563192;1.9010895,-0.28889197,-1.648396;1.0860528,-0.14792491,-0.2864241;1.5356643,-0.693232,0.30334613;-0.17582296,2.2274704,-0.429755;-0.84812605,-0.53368276,1.764779;0.23418736,1.559152,0.34459385;-0.20379576,0.8333306,0.32349613;1.4123242,-0.15179953,-0.21368992;0.3646195,0.13486254,0.31702936;-0.17409733,1.7231791,0.27075693;-0.00795117,0.3566392,0.19240376;-1.3192168,1.3747553,0.4440665;1.6340233,-0.6088029,0.6213307;0.1517703,-0.7312385,-0.47251976;-0.59907573,-1.4865328,-2.1928492;0.30797413,-0.5093389,0.023423946;1.7365128,-0.74001586,0.48400816;-0.3293291,1.0077372,0.36653557;-0.43437302,-1.4109365,-1.741011;-0.6512224,1.8347605,0.01062321;-0.74027824,2.1140513,-0.09271764;1.492913,-0.31229168,0.16199078;-0.4003898,1.5584638,0.13740498;1.3411238,-0.3998132,0.6256895;-1.4921243,1.7244993,0.5130774;1.4565301,-0.19100194,-0.13954498;-0.22110645,1.8612125,0.233544;-0.5953294,-0.2975376,1.0563258;-0.4098098,1.8353499,0.09510059;-0.40364665,-1.3986803,-1.7051204;-0.5000353,-1.1172023,1.7008502;-0.8264879,-0.19347107,1.0319806;0.3673387,0.6260712,0.9378894;-0.1217836,0.1424916,0.7323068;-0.30500498,-1.3942609,-1.9057599;0.32427752,-0.51065797,0.016125422;0.5496548,-0.13329373,0.2903809;-0.9713053,1.2822211,0.8698405;-0.264439,0.8011655,0.9190112;0.2814706,1.601604,0.15733583;0.5475258,1.1899155,0.4977389;-1.1109327,-0.4131891,-0.30446732;-0.07291842,-0.6003977,-0.76705784;-0.07398225,0.3238577,0.3187218;-0.34299543,-1.3924949,-1.9029306;-0.015163795,-0.6972767,-0.48676613;1.6124898,0.039989427,-1.0098122;-0.25644878,0.8132247,0.9366676;1.3557978,-0.9459458,0.36814636;-0.03141951,2.3732345,-0.1037072;1.4396142,-0.14278647,-0.20302556;-0.811924,-0.9664379,1.745734;1.4586099,-0.23210946,0.20337802;-1.7507948,-0.21333982,-0.9450685;-0.26494932,-1.3992893,-1.85772;1.4885857,-0.1574223,-1.206838;1.0958269,-0.83195156,-0.0074980273;-0.38031393,-0.7248829,-0.14977421;-0.1329464,-0.9042448,1.6905347;1.9519944,-0.2800553,-1.7266235;1.3033167,-0.13331346,-0.1786043;1.4506851,-0.24357519,0.092404515;-0.57787704,1.5595624,0.05065444;0.724547,0.39015475,0.59193057;-0.11244324,-1.3171957,-1.7226582;-0.15636127,-0.6353643,-0.67307246;0.883469,-0.1890612,0.20392562;-1.702068,-0.48038572,-0.83090186;-0.027021464,-0.3877801,0.3712734;-0.8618368,-0.5244459,1.7805784;-0.83419997,-0.61053765,1.7143167;0.8075778,-0.819361,0.08770609;0.941801,-0.60054016,-0.01200993;0.27083448,-0.029440036,-0.04659379;-0.9311276,-0.47352457,1.4956136;-0.33955383,0.83071035,0.94815713;1.1943197,-0.024369024,0.2936491;0.5384956,-0.7702316,1.6137012;-0.08902809,-0.08118331,1.0960181;0.22653605,-0.7910756,1.6245786;-0.7817115,-0.23454821,1.0610726;0.14494096,-0.8483,1.7054863;-1.2851777,-0.38001123,-0.37860435;0.012519598,2.1694772,-0.10407147;1.7322184,-0.0966977,-1.4803046;0.61081076,-0.9210402,-0.47013938;-0.12188806,2.1675282,0.008565633;-0.53144884,-0.556777,-0.21801236;-1.1114389,1.6132897,0.39249644;-0.5044231,-1.5094852,-2.1714108;0.052017525,-0.8773367,1.6640353;-0.17408442,-0.17385833,0.8692639;0.062785394,-0.74115884,0.055101056;-1.4591674,1.5245154,0.97096777;-0.71433806,-0.51433814,1.6847125;-0.53462607,-1.455135,-2.0259485;-1.5254647,1.7145872,0.7755825;-0.67735326,0.7726946,0.6731226;0.13872142,0.19023716,0.30456156;0.017389875,-1.329725,-1.5640626;0.3199665,-0.562926,0.584254;0.008173591,-0.7417489,0.005670535;0.139913,-0.5522891,0.27165127;0.56880254,0.82827514,0.5757129;-0.28269985,-1.0360625,1.7521191;-1.1244369,1.3426174,0.48042557;-1.0599649,1.7776718,0.256486;1.2122334,-0.83695805,0.47854847;-0.67507696,0.34208047,0.37687543;-0.47742707,-1.1293921,1.7553473;-0.6187118,-0.6652864,1.6505945;-0.81832856,1.3018787,0.99474835;0.3410797,0.20466246,0.4325152;1.6740283,-0.63972276,0.5854452;0.033213347,-0.93426263,-1.3205203;0.07013824,2.3438559,-0.07311177;-0.54662144,-1.4087445,-1.7548987;-0.62842053,1.2360616,0.6521119;-0.5481166,0.9962201,0.30462027;-0.15627617,2.4257216,-0.09503456;0.42488053,-0.8202625,-0.63947266;-1.0839852,1.5351403,0.8643344;0.32125834,-0.74556655,0.049012538;-0.004331533,0.5244638,0.33919904;1.7546719,0.14047478,-1.2400799;1.0170872,0.021868657,0.43917757;-0.030990599,-1.2654356,-1.3687936;0.9193745,-0.83508563,0.5145425;-0.8450559,0.23966347,-0.01921664;0.38041607,-1.3361509,-1.0135778;-2.0868516,-0.320265,-1.2153046;0.28069156,-0.9590958,0.13639821;1.282306,-0.5362336,0.37894896;0.5842452,1.104875,0.4845624;-0.68709874,-0.26571083,1.3893679;-0.662936,-0.5103915,1.7056793;0.18484952,0.8173073,0.55401236;1.6443114,-0.5939171,0.613102;-0.07554154,-1.2112731,-1.6855711;-1.928785,-0.47428307,-1.056339;-1.0494437,1.4264631,0.8486454;-0.15258381,-1.242021,-1.241832;0.39647225,-0.51077724,-0.048468843;-0.5048967,-0.3115051,1.1246705;1.4244046,-0.13627814,-0.016707895;-1.363561,1.413105,0.52434623;-1.416775,1.6339145,0.46653208;-2.1313274,-0.5014316,-1.212229;-0.6328091,-0.6800521,1.5532377;1.4262686,0.012531977,-0.79623044;1.4404237,-0.58345026,0.7091106;-1.7394387,-0.45622098,-1.1113973;0.30603835,1.5724761,0.06674091;2.1569874,-0.41476735,-2.034221;-0.19265863,1.6900834,0.26957265;-0.5676969,1.5637524,0.03245799;-0.91462326,-0.17736548,1.0085335;0.10688309,2.0314658,-0.1302721;-0.81221145,-0.18634714,0.027259232;-1.144479,1.2869648,0.9277492;-0.60742956,0.6364552,0.35449204;0.4011838,-0.3622931,0.21445358;0.29710904,-0.13319439,0.87172896;0.7641649,-0.15034729,0.8764063;-0.43493217,-1.1220375,1.7594036;0.024440447,1.5787839,0.47334862;-0.1190604,1.8608356,-0.23933369;-0.74057007,-0.5330685,-0.22572193;0.002248183,0.6292915,0.68476903;-0.2120358,2.409598,-0.08557622;1.7807192,-0.20537125,-1.4753319;1.5180663,0.27962545,-1.2552497;0.29606616,-0.9977381,0.1208581;0.01586931,-0.6583035,1.2747662;-1.7067738,1.8937197,0.57705086;-2.143502,-0.5171299,-1.200978;0.05675786,-0.50072384,0.31291136;-0.16166967,-0.28081226,0.24909915;-0.36260405,0.93190324,0.34837124;-0.24535006,1.7831386,0.2251624;-1.2794342,-0.2673932,-0.52126366;-0.103914976,-0.5569384,-0.7885848;-0.36892056,-0.76618284,-0.052263398;0.37903976,-0.74855465,1.6056904;-1.176336,1.4219202,0.91894424;1.616072,-0.66131955,0.4339932;1.6246126,-0.52653843,0.2975379;-0.29446456,-0.38866484,1.5204674;-0.195548,-0.65813136,-0.84437877;0.39762953,-0.85714847,-0.6729493;2.2955272,-0.53943205,-2.1905594;1.3308604,-0.07118831,0.2784701;-0.66509116,0.9721049,0.95606846;1.316635,-0.42549923,0.5620204;1.7048266,-0.032431826,-1.3732555;-1.1566724,-0.51005507,-0.43155006;1.4952366,-0.15532514,-1.3424667;-0.7148509,0.8024042,0.86107945;0.7251885,0.103445664,0.03393203;-0.6866283,-0.2581632,1.3925126;-0.3651378,1.8483553,0.12257102;1.561826,-0.7120265,0.5632406;-0.6397583,-0.45659074,1.2163672;-1.2028605,1.5113212,0.9005922;-0.81702095,-0.5101985,-0.2071091;1.4589936,-0.07397996,-1.0282015;1.4659916,-0.175233,0.36693865;-0.4078142,1.6445924,0.14990318;0.16759774,-0.7585469,-0.94154364;0.11032301,-0.84566444,-1.1505545;1.0632801,-0.84985024,0.30417562;-0.044698317,1.2286793,0.4244832;2.1626027,-0.43609777,-1.9846615;2.3219404,-0.61244434,-2.161642;-0.39793015,-1.5029417,-2.052122;-2.284621,-0.32930434,-1.3774328;-0.0075173774,-1.2718745,-1.0078958;0.7533278,0.019984059,0.0948782;-0.09001164,-0.6623329,-0.56863153;-2.0990093,-0.371514,-1.1732185;-1.0843241,1.2751961,0.5211449;0.06175109,1.3745669,0.29028893;1.8149875,0.06140441,-1.6141027;0.5213215,0.3486723,0.013123373
