data_set
babi-q1
num_classes
6
data_points
1000
model
saved_models/babi-q1-e0092.ckpt
color_schema
#4E79A7,#F28E2B,#E15759,#76B7B2,#59A14F,#EDC948,#B07AA1,#FF9DA7,#9C755F,#BAB0AC
test_accuracy
0.792
test_loss
0.5604465885162353
train_accuracy
0.84875
train_loss
0.4148091212809086
val_accuracy
0.8015
val_loss
0.5132586374282837
labels
12,9,15,12,15,12,11,12,17,17,15,11,17,10,10,15,11,15,17,15,12,17,17,12,10,10,10,15,15,15,12,17,15,15,9,17,9,11,15,10,9,11,9,12,11,15,12,9,17,10,10,17,11,11,15,10,15,12,11,12,12,17,9,11,11,15,15,9,17,17,11,12,11,10,9,15,15,15,12,17,11,9,10,11,17,11,11,12,15,15,9,9,12,9,9,15,15,15,10,10,10,9,17,11,11,12,10,9,17,10,9,9,15,12,15,11,17,15,9,17,10,9,10,12,10,17,11,11,11,9,11,12,9,11,15,9,17,15,9,9,17,12,12,17,10,15,15,15,15,15,11,11,9,17,10,9,11,10,17,12,10,10,10,11,9,11,11,11,15,10,17,17,11,9,9,17,15,10,17,17,12,12,12,12,10,9,17,11,15,17,12,15,11,12,12,11,17,15,9,10,12,17,17,10,12,9,15,12,9,12,9,10,12,10,9,10,9,12,12,9,9,12,15,12,10,17,12,11,9,9,17,11,12,17,12,10,10,10,10,17,12,15,11,11,15,15,11,11,11,11,10,17,9,9,10,10,17,17,15,11,11,17,12,17,17,9,11,10,9,10,15,17,17,15,9,17,15,12,17,9,9,11,17,17,11,17,9,17,11,9,15,15,10,15,15,11,11,12,12,9,9,9,9,17,12,11,9,17,17,15,11,11,17,10,11,17,10,17,17,11,11,15,15,11,11,9,10,11,11,10,15,17,15,10,10,17,12,17,12,12,12,11,17,15,11,17,12,12,15,15,10,11,11,10,10,9,17,12,11,12,11,9,11,11,11,11,11,12,12,12,12,12,11,11,17,10,15,9,9,10,9,10,10,17,17,15,17,17,17,15,15,12,9,10,17,17,10,17,9,11,10,11,10,15,17,15,12,10,11,15,10,11,9,12,17,10,10,15,12,9,12,12,9,12,10,15,15,17,10,10,17,15,15,15,17,11,15,9,10,11,10,12,9,11,10,11,10,12,11,15,15,15,15,11,9,15,10,12,11,12,9,11,10,17,11,11,10,10,10,17,12,17,17,9,15,11,9,15,11,9,10,10,12,12,11,10,9,12,10,9,15,10,10,11,11,15,15,10,12,12,15,11,9,12,9,15,10,17,17,10,10,17,10,10,17,9,9,10,12,11,17,17,12,12,11,12,17,11,11,12,11,11,11,17,9,11,10,12,12,10,11,17,12,12,15,11,15,15,12,10,10,9,17,10,15,12,15,10,10,10,11,10,11,15,10,9,9,15,10,10,10,10,15,15,17,9,10,12,10,10,12,12,11,15,10,10,11,12,10,10,17,12,17,11,9,9,17,17,11,10,10,10,15,15,17,11,15,12,11,10,15,17,9,11,9,17,15,12,15,17,11,17,17,15,9,10,9,9,10,10,9,10,10,15,11,11,11,15,12,9,11,11,10,17,11,11,12,17,15,15,9,11,15,15,11,9,15,15,11,15,15,15,11,10,10,9,17,17,17,17,10,10,17,9,15,9,17,12,12,12,15,15,15,17,9,11,9,17,9,12,11,9,9,17,11,11,11,10,15,10,12,12,9,9,17,12,12,9,17,12,11,11,15,15,12,11,12,17,12,17,11,12,11,17,17,11,17,9,11,9,10,10,12,17,10,12,9,9,9,15,11,11,15,17,9,10,9,12,17,15,17,17,12,10,12,11,11,17,15,9,17,10,9,11,12,15,9,15,12,10,9,10,17,17,15,15,9,9,9,17,10,17,17,9,12,17,17,12,12,11,11,11,11,17,11,17,17,17,17,17,12,9,17,10,17,11,10,10,12,12,11,11,17,12,12,17,17,15,11,17,11,11,9,12,9,17,9,10,9,15,11,9,11,15,10,9,9,9,17,12,11,11,17,15,15,10,10,11,11,17,10,12,9,10,10,10,10,10,15,17,9,11,17,15,12,11,10,10,15,12,10,11,12,12,11,11,11,15,12,17,10,12,17,17,12,10,10,12,17,10,11,17,11,12,17,17,11,12,11,17,9,9,11,17,11,11,15,15,17,17,10,10,17,12,11,15,12,11,11,10,9,12,12,15,10,9,17,15,17,9,17,17,10,17,15,12,12,11,10,10,10,17,17,15,12,17,9,9,15,10,12,15,15,15,17,17,15,11,15,10,12,9,9,10,11,11,9,9,12,15,9,15,9,12,12,10,17,17,10,12,15,9,10,17,11,11,11,17,9,9,11,15,11,11,11,15,12,17,9,10
pred_labels
12,9,15,12,15,12,11,12,17,9,15,11,11,10,11,15,11,15,11,12,12,17,17,17,11,10,10,15,17,15,12,17,15,15,9,17,9,11,15,17,9,11,11,11,11,15,12,9,17,10,10,17,11,15,15,10,15,12,12,17,12,17,9,11,12,15,15,9,17,11,11,12,11,10,9,15,11,15,15,17,11,9,10,15,17,11,11,12,15,15,9,9,12,9,11,15,15,15,10,10,10,9,17,11,11,12,10,9,17,10,9,17,15,12,17,11,15,9,15,17,10,9,9,12,10,17,11,15,11,9,11,10,9,15,11,9,17,15,9,9,17,12,17,15,10,15,15,15,15,11,11,11,9,17,10,9,11,10,17,12,10,12,10,11,9,11,12,15,15,10,17,17,17,9,17,17,15,10,17,17,12,12,12,12,10,9,17,11,15,17,12,15,11,12,12,11,15,10,9,10,12,17,17,10,12,9,15,12,9,11,9,10,12,10,15,10,9,12,12,11,9,17,15,17,10,17,17,11,9,17,17,11,12,17,17,10,9,12,10,17,12,15,11,15,15,15,11,15,17,11,10,10,9,11,10,10,17,17,15,11,11,17,12,17,15,9,11,10,9,10,15,17,17,15,15,17,15,12,17,9,9,11,17,12,11,17,9,10,11,9,15,15,10,15,15,11,11,17,12,9,9,9,17,17,17,11,9,17,12,15,11,10,17,10,12,17,10,17,15,11,11,15,15,11,10,9,10,11,15,10,15,17,17,17,15,17,12,9,12,10,12,11,17,15,11,17,15,12,12,15,10,12,11,10,15,9,17,12,11,12,11,9,11,15,11,11,11,12,12,17,12,12,11,11,17,10,15,9,11,10,9,9,12,17,17,15,17,17,17,15,15,12,9,10,17,17,10,17,9,11,10,11,10,15,17,15,17,17,17,15,10,11,9,12,17,10,12,15,12,9,12,15,9,10,10,15,15,17,10,10,17,15,15,10,17,11,12,9,10,12,10,12,12,11,10,11,17,12,11,15,15,15,15,11,9,15,10,10,11,12,9,11,10,17,11,11,10,11,10,17,12,17,17,17,15,11,9,15,11,9,10,15,17,12,11,10,9,12,10,9,15,10,10,10,10,15,17,10,12,15,15,15,11,12,9,15,10,17,17,10,10,17,10,17,10,9,9,15,12,11,17,17,12,12,11,12,17,11,12,12,11,10,11,12,9,11,10,12,12,10,11,17,12,12,15,11,15,15,12,10,10,9,17,10,15,12,15,10,10,9,11,10,11,15,10,9,11,15,10,15,10,15,15,12,17,9,10,12,10,10,12,10,11,11,10,10,11,12,10,9,17,12,17,11,9,9,17,12,12,10,10,10,15,15,17,11,15,12,17,10,15,15,17,11,9,17,15,12,11,17,11,17,9,15,9,15,9,9,10,10,9,10,15,15,15,11,11,15,12,9,11,10,10,17,15,11,12,17,17,15,9,11,15,15,11,9,15,12,11,15,15,12,11,10,12,9,17,17,17,10,10,10,17,17,15,9,17,12,17,12,15,15,15,17,9,11,9,15,9,12,11,9,9,17,11,11,10,12,15,10,12,12,9,15,17,12,11,9,12,11,11,11,15,15,12,11,12,17,17,17,11,12,10,17,17,11,12,9,11,9,10,12,12,17,12,12,9,9,11,15,11,11,9,9,9,10,9,12,17,15,17,11,12,10,15,11,17,17,9,9,17,10,9,11,12,15,9,15,12,10,9,10,17,17,17,15,9,15,12,17,10,17,12,9,9,17,15,12,17,11,11,15,9,17,11,17,17,17,17,12,12,11,17,10,17,11,10,10,12,10,11,17,12,12,17,17,17,15,11,17,11,11,9,12,10,17,9,10,9,15,11,9,10,15,10,9,10,9,17,12,11,11,11,15,15,10,10,11,12,17,10,12,9,10,10,10,17,10,15,17,9,11,17,15,12,11,10,11,11,12,10,11,12,12,12,11,11,15,15,17,10,12,15,15,12,10,10,12,12,10,11,17,11,12,17,17,15,12,15,10,9,17,11,11,15,11,15,15,12,17,10,10,17,9,11,15,12,11,11,10,9,12,12,15,10,9,17,15,17,9,17,17,10,17,15,12,11,12,12,15,10,17,17,15,12,17,9,9,17,15,12,15,11,11,17,17,15,11,15,10,12,9,17,10,11,11,9,9,12,17,9,15,9,12,9,10,17,10,9,12,15,9,9,17,11,11,11,17,9,9,11,15,11,17,11,15,12,17,9,9
pred_correctness
True,True,True,True,True,True,True,True,True,False,True,True,False,True,False,True,True,True,False,False,True,True,True,False,False,True,True,True,False,True,True,True,True,True,True,True,True,True,True,False,True,True,False,False,True,True,True,True,True,True,True,True,True,False,True,True,True,True,False,False,True,True,True,True,False,True,True,True,True,False,True,True,True,True,True,True,False,True,False,True,True,True,True,False,True,True,True,True,True,True,True,True,True,True,False,True,True,True,True,True,True,True,True,True,True,True,True,True,True,True,True,False,True,True,False,True,False,False,False,True,True,True,False,True,True,True,True,False,True,True,True,False,True,False,False,True,True,True,True,True,True,True,False,False,True,True,True,True,True,False,True,True,True,True,True,True,True,True,True,True,True,False,True,True,True,True,False,False,True,True,True,True,False,True,False,True,True,True,True,True,True,True,True,True,True,True,True,True,True,True,True,True,True,True,True,True,False,False,True,True,True,True,True,True,True,True,True,True,True,False,True,True,True,True,False,True,True,True,True,False,True,False,True,False,True,True,False,True,True,False,True,True,True,True,False,True,False,False,True,True,True,True,True,False,True,True,True,False,False,True,True,False,True,False,True,True,True,True,True,True,True,True,True,True,False,True,True,True,True,True,True,True,True,True,False,True,True,True,True,True,True,True,True,False,True,True,True,False,True,True,True,True,True,True,True,True,True,False,True,True,True,True,False,True,False,True,True,True,False,True,True,False,True,True,False,True,True,True,False,True,True,True,True,True,False,True,True,True,False,True,True,True,False,False,False,True,True,False,True,False,True,True,True,True,True,True,False,True,False,True,True,False,True,True,False,True,True,True,True,True,True,True,True,False,True,True,True,True,True,False,True,True,True,True,True,True,True,True,False,True,True,False,False,True,True,True,True,True,True,True,True,True,True,True,True,True,True,True,True,True,True,True,True,True,True,True,False,False,False,True,True,True,True,True,True,True,False,True,True,True,True,False,True,False,True,True,True,True,True,True,True,True,True,False,True,True,False,True,True,False,True,True,False,True,True,True,False,True,True,True,True,True,True,True,True,True,True,False,True,True,True,True,True,True,True,True,True,False,True,True,True,True,True,False,True,True,True,True,True,True,True,False,False,True,True,True,True,True,True,True,True,True,True,False,False,True,False,True,True,False,True,False,False,True,True,True,True,True,True,True,True,True,True,False,False,True,True,False,True,True,True,True,True,True,True,True,True,True,False,True,True,False,True,False,True,True,True,True,True,True,True,True,True,True,True,True,True,True,True,True,True,True,True,True,True,True,True,True,True,False,True,True,True,True,True,True,False,True,True,False,True,False,True,False,True,True,True,True,True,True,True,False,True,False,True,True,True,True,True,False,True,True,True,True,True,True,True,False,False,True,True,True,True,True,True,True,True,True,False,True,True,False,False,True,True,True,True,True,False,True,True,True,False,True,True,False,True,True,True,True,True,True,False,True,False,True,True,True,True,True,True,False,True,True,False,True,True,True,False,True,True,True,True,True,True,True,True,False,True,True,True,False,True,True,False,True,True,True,True,False,True,True,True,False,True,True,True,True,False,True,True,True,True,True,True,True,True,False,True,True,True,True,True,True,True,True,False,False,True,True,True,True,True,False,True,True,False,True,False,False,True,True,True,True,True,True,True,True,False,True,True,True,False,True,True,True,False,True,True,True,True,False,True,True,False,True,True,True,False,True,True,True,False,False,True,True,True,True,True,True,True,False,True,True,False,True,False,True,False,True,True,True,True,True,True,True,True,True,True,True,True,True,True,True,False,True,True,False,False,True,True,True,False,True,False,True,False,True,False,True,True,False,False,True,True,True,True,True,True,False,True,False,True,True,True,True,True,True,True,False,True,False,False,True,False,True,True,True,True,True,True,True,True,True,False,True,True,True,True,True,True,True,False,True,True,True,False,True,True,True,True,True,False,True,True,True,True,True,False,True,True,True,True,True,True,True,False,True,True,True,True,True,True,True,True,True,True,False,False,True,True,True,True,True,False,True,True,True,False,True,True,True,False,False,True,True,True,True,False,True,True,True,True,True,True,True,False,True,False,False,True,False,True,False,False,True,True,True,False,True,True,True,True,False,True,True,True,True,True,True,True,True,True,True,True,True,True,True,True,True,True,True,True,True,True,True,False,False,False,False,True,True,True,True,True,True,True,True,False,False,True,True,False,False,True,True,True,True,True,True,True,True,False,True,True,True,True,True,True,False,True,True,True,True,False,True,True,False,False,True,True,True,False,True,True,True,True,True,True,True,True,True,True,False,True,True,True,True,True,False
p2d-kl
0.6069077849388123
p2d-iter
599
p2d
-1.4720117,0.08592102;0.84637713,-0.1079436;-1.2855325,-1.1357404;-1.5166857,-0.023984691;-1.5166144,-1.5966475;-1.7319843,-0.13836364;0.45879653,-1.6914625;-1.5751742,0.12473007;0.22446814,0.22369196;0.9504936,0.080244;-1.3125814,-1.1429716;0.37685415,-0.4495057;-0.1546811,-0.32722086;0.13982204,1.082795;1.4332492,1.1943783;-1.4916955,-1.5472875;0.486417,-1.7398287;-1.4280118,-1.5330807;0.3676572,-0.045349948;1.1468188,0.70977384;-1.6980441,0.0003764354;-1.0727439,0.66191465;1.2991751,0.7632326;1.9905607,1.4100244;1.4136462,1.0665895;0.049158517,1.1399502;-0.5708304,1.3724345;-1.2160168,-1.0021749;-0.75722045,-0.15348247;1.3299528,0.48982465;-1.2267725,0.07298331;-1.349011,0.6582558;-1.5239128,-1.5364869;-1.5014634,-1.6370293;0.9751361,-0.050021138;-1.2756214,0.67938775;-0.29579672,-0.7996696;0.51150477,-0.2898096;1.0375001,0.5829962;-0.5674386,-0.12728225;-0.58344316,-1.5870745;1.3410015,0.22435561;0.686773,0.1923503;0.2320602,-0.16852497;0.41025937,-1.4814205;0.20412907,-0.34591323;0.84985757,0.59877473;-0.55211586,-1.6338551;-0.67887986,0.6116921;0.33079165,1.2360663;-0.3133099,1.3904171;-0.8936352,0.70435053;0.95348704,0.4571307;1.1212094,0.78960484;-0.7396209,-0.22870013;-0.48037773,1.3151736;0.31751072,-0.18504682;-1.154712,-0.16058022;-1.5381256,-0.06968143;-1.3416742,0.25841448;-1.2197772,0.065857075;-0.72166914,0.62995964;-0.46785992,-1.4144865;1.82772,1.2781345;-0.056109615,-0.28310525;-1.411494,-1.4291908;1.528874,1.0460266;1.921514,1.1663969;-1.3540424,0.50777006;0.8134866,0.22781396;0.41401353,-1.9364717;-0.8673503,-0.08068412;0.46211818,-1.3782438;0.22805102,1.3168381;-0.3099892,-1.1928449;-1.4620254,-1.5519234;0.21610768,-0.54821897;-1.562724,-1.7299504;-0.74696064,-0.20284472;-0.84671575,0.6212157;0.4104142,-2.1427047;0.63534415,-0.3573789;-0.57951456,1.4792435;0.053091872,-0.37348393;-1.1423608,0.7150479;0.4365807,-2.0253959;0.29575902,-2.3740332;-1.4494306,0.062791295;-1.5220886,-1.479083;-1.2967058,-1.046546;-0.48326176,-1.3980423;-0.42817056,-1.3341852;-1.6785142,0.18164383;-0.44892383,-1.441135;0.6566338,0.06508256;-1.2225692,-0.90057003;0.20340334,-0.32483238;-1.4508197,-1.4839154;0.6746998,0.6052667;1.3810947,1.170847;-0.64910805,1.5262464;-0.31191224,-1.0566493;-0.89931196,0.2634982;1.3506105,0.26343206;0.922301,0.52753335;-1.7184004,0.068485245;0.27588308,1.2735807;1.7040397,0.97211033;-1.1326694,0.24353088;-0.32112446,1.4580235;-0.6160031,-1.5780172;1.8610829,1.4809227;-1.4067726,-1.5051115;-1.729316,0.1293347;0.2908938,0.035193082;0.59675074,-0.06610268;1.530151,1.0095541;0.88704306,-0.023188865;1.2796087,0.59292805;0.17435592,0.19269183;-0.053108413,1.3624845;-0.107961595,-1.0146224;0.83720106,0.029084934;-0.840106,-0.13733084;-0.6714392,1.3771974;-1.3499424,0.6489784;0.4704422,-1.4347664;0.3807513,0.019776143;0.48418227,-1.4059684;-0.09352024,-0.37736514;0.3862663,-2.163462;1.1830144,1.0174289;1.6281792,0.67282057;0.6376989,0.07773069;0.2701226,-0.48526505;-0.5484716,-1.5489151;-0.9085843,0.27874053;-1.3292454,-1.1902018;0.7780576,-0.17830087;1.3342595,0.51837796;-1.4220954,0.6205844;-1.3445611,0.108388364;1.3435093,0.788157;-0.76251143,-0.32456917;0.41010416,1.2733144;-1.4715904,-1.4882218;1.1412338,0.911509;-1.4186282,-1.6634398;-1.3014462,-1.094392;0.330476,-1.2454982;0.5510385,-0.54880166;0.56786793,-1.6715984;-0.39207065,-0.39825276;-1.2289374,0.2913613;-0.19641441,1.4225867;-0.38348874,-1.1315739;0.72062093,0.16089936;0.8385646,0.28698677;-0.7878324,0.63739526;-0.5957036,0.113385506;-0.6552181,1.3617487;0.80249214,0.26664743;-0.14166169,1.3023561;0.43442228,-0.4148204;0.7391972,-0.2616992;0.4225156,-1.8271445;-0.8001371,-0.122738495;0.16673437,-0.27663654;0.2310454,-0.4020098;-0.32296598,1.2996987;-1.1040186,0.7140902;0.2448582,0.06213702;-0.5892472,-0.14263138;-0.1589859,-1.0276687;1.96194,1.5364758;-1.3292352,0.6332474;-1.4616683,-1.4174403;-0.11922702,1.313567;-0.62370104,0.68090534;1.151361,0.75686806;-1.6755916,0.062335238;0.26578447,0.111346856;-1.0408329,-0.133944;-1.7494153,-0.095133275;-0.32523793,1.1927838;-0.5001194,-1.437233;-1.3724511,0.3522485;1.3448732,0.2361588;-1.1600245,-0.9108969;-1.1390396,0.26352742;-1.2393568,-0.19483545;-1.4500283,-1.385713;0.4757902,-2.1304626;-1.4559416,0.0012630589;1.2456483,0.85292804;0.45708364,-2.0804656;0.6926357,0.43034908;0.025498655,-0.050187953;-0.2444744,-0.7325133;1.4289161,1.3388494;-1.2590024,0.06532458;-0.95984054,0.69957846;0.23092072,0.19361886;0.17799638,1.2097594;-0.8889104,0.019105356;-0.5006523,-1.5333529;-0.67591166,-0.3543361;-1.4615,0.03168528;2.0114644,1.3346981;1.1812601,0.37048033;-0.26889476,-0.8947632;-0.23758553,1.3336884;-1.2992816,0.1372625;1.962907,1.2075579;1.8271685,1.3306881;-0.29632443,1.1934751;0.7952144,-0.21865179;-1.7315402,-0.0662846;-1.3829749,0.042223036;1.4948691,0.7669467;-0.3327541,-1.0191337;-0.42967814,-0.06816188;-1.2521173,-0.95997435;0.4774083,0.1157234;-0.28843394,1.4313618;-0.73254,0.69739556;0.9071348,0.1652144;0.46391234,-1.577582;-0.50314504,-1.383535;0.15889913,-0.068822645;-0.7547191,0.630943;1.8707988,1.3366864;-1.4067333,0.04397666;-0.7975032,0.5822339;1.6273768,1.0398111;-0.13185313,1.4170643;1.0803894,0.20001589;1.5399119,0.794697;-0.42231357,1.444195;1.1573135,0.8595254;-1.0873507,-0.17245951;-1.3765451,-1.252402;0.51402587,-1.7765238;1.4302741,1.1588048;-1.157434,-0.80496997;-1.4237926,-1.4885765;0.38711625,-2.2849512;0.6115757,0.05717249;0.7779541,0.40878612;0.4654752,-0.5249915;0.15319118,1.3138686;1.4239463,1.2568848;-0.10629113,-0.89927495;1.8331208,1.3792973;-0.42564246,1.4463919;0.037292026,1.3475331;-1.0152467,0.6309765;1.8992777,1.5597059;0.28674173,-0.29758954;0.3704935,-2.2215483;0.3975547,-2.059733;-0.8813834,0.62648964;-1.0987216,-0.15279081;-1.1041425,0.6307112;0.37732124,-0.030252451;-0.3565624,-1.0773427;0.5442488,-0.30746284;0.3510002,-0.36572608;0.9383186,0.21040726;0.25723645,1.3001168;-1.392209,-1.3606131;-0.988195,0.28514946;0.85563046,0.73482454;-1.2359861,-0.9452654;0.5283355,0.032280684;-1.0534102,0.49057052;1.4292825,0.56716037;-1.3178297,0.081257656;-0.9963525,0.19471167;-0.5182988,-1.4978206;-0.5864256,-1.5975325;0.5186567,-1.2618675;-0.5597094,0.6624107;1.7011927,1.2353004;0.48023015,-1.857897;-0.8752365,0.6958889;1.0139037,0.046484653;1.158629,0.3601451;0.46868476,-1.4804755;-0.3111179,-1.0116321;-1.4429946,-1.5230931;1.5201356,1.002437;0.016901696,1.323184;-1.1643765,-0.9476587;-1.4015026,-1.2870978;0.38258162,-1.2886965;0.8660624,0.48521382;1.8006186,1.3754758;0.23523113,0.081258;0.77644557,-0.24535474;-0.2735048,-1.1754185;1.9106048,1.5911044;1.1962045,0.7918854;-0.7120104,0.67825204;-0.46282113,-0.27665576;1.3268437,0.17622647;-0.40686944,-1.4067792;-0.2689701,-0.21078447;1.5896837,0.86422694;-1.1768633,-0.8916984;0.5014309,-1.3417013;1.0002064,0.67444706;1.6832063,1.2834947;0.13448016,1.2521265;1.2594482,0.85391915;-0.9847822,0.6935556;0.32794613,1.2704315;-1.1655464,0.6097668;1.030855,0.62891006;0.39592603,-0.4163122;0.423133,-2.1447728;-1.5475175,-1.75872;0.81864154,0.1687392;0.5417954,-1.877096;0.6112404,0.34100306;-0.33308774,-1.227614;0.49112377,0.46950725;0.55976695,-1.9378256;0.1623445,-0.38047183;0.04642174,0.006906199;-1.2719572,-1.118354;-1.1670427,0.685307;0.14903964,-0.096249044;-0.8606534,0.23183283;0.701241,0.34949863;-1.3162615,0.37183005;-1.6287168,0.09277151;1.9427983,1.6180112;-1.7065712,-0.07056;1.8257703,1.4841403;-1.7283574,-0.16026396;0.49192345,-1.3614867;-0.6907605,0.65195787;-1.5044785,-1.4618363;0.45005375,-1.4645028;-0.8633583,0.7145517;0.092639945,-0.23113959;-1.2586904,-0.1310874;1.829434,1.533814;-1.5584596,-1.7723302;-0.6750311,1.4190177;0.84559107,0.6052645;0.4466744,-2.186714;-0.21066794,1.4493198;1.5283525,0.97482103;-0.49714655,-1.3046268;-1.3708309,0.64503646;0.24801297,0.25279662;0.448912,-1.7716335;-1.079376,-0.12957667;0.5060058,-1.8271028;-0.045698572,-0.8953763;0.580113,-0.41226533;-0.73074895,-0.24114385;1.8487203,1.3033714;0.2839562,-2.3716605;0.3665481,-0.07310957;-0.49495152,0.11467102;-1.6575712,-0.18024904;1.5752088,1.0963796;-1.758045,-0.03082719;1.548519,0.86301416;0.29463983,-0.7288831;1.4567865,1.1451036;-1.187621,0.696213;-0.54703313,1.4122248;-1.5221282,-1.6615533;-0.16485651,-0.8598339;0.3088925,0.025596304;-0.3085361,1.1633425;-0.52272826,-1.5596775;1.9382443,1.1958964;1.6917856,1.1237128;1.6562732,1.2936814;0.782753,0.50895363;-0.7299867,-0.38038164;-1.2978153,0.5481088;-0.78761774,0.662492;0.98151404,0.90264785;0.07597716,-0.37351987;-1.3499198,-1.2055557;-1.1381619,-0.13407439;1.0614686,0.14315806;0.20455468,1.3148535;-0.7693778,0.20484011;-1.0816194,0.7092757;-0.80267555,0.022113726;-1.662755,-0.23657383;-0.062194463,-0.9313765;0.56603205,-0.41737783;0.012855963,1.3549005;0.28856668,-2.3373277;-0.492526,1.3004568;-1.1346979,-0.89971846;-1.2310491,0.506653;0.14765455,-0.36115575;-0.5508077,-0.10931495;0.9140008,0.77003795;1.6503887,1.2870398;0.11001583,-0.2939697;-0.6137516,1.5025702;0.48578185,-1.5221965;-0.2239574,-0.9884095;-0.49554494,0.15325631;-1.0408463,0.56140995;0.22292116,1.3350688;1.0783548,0.33865568;0.25534555,-0.3424378;0.14333437,0.029752875;-0.14562969,-0.8107042;1.4610791,0.8388813;1.357428,0.61110735;-0.49837857,-1.4775932;0.49966893,0.4029524;-0.49228203,1.3565648;-0.741635,-0.3935344;1.3610858,0.540669;-0.5331623,0.6575848;-0.5343896,1.4595263;1.1024023,0.337346;-1.3070114,0.4039988;0.19377361,-0.22576393;-1.1252842,-0.8750826;1.4782594,1.2193701;-1.1334784,0.6564739;0.46093827,-1.9655914;1.48165,1.0703173;0.92631745,0.06896913;0.98198175,0.37158364;0.13703051,0.051513586;-0.2370038,1.1299269;-1.5619016,-0.06647333;1.6862139,0.97465277;0.5681966,-0.23586354;-0.20289372,1.2654682;0.44407818,-0.1629864;0.23316664,0.28366974;-0.55407083,0.14010794;0.947941,0.5655493;-1.5598502,-1.7748985;-1.4894291,-1.5295373;1.315589,0.52291197;-1.4654402,-1.5976796;0.27076548,-0.7291761;-0.13632268,-0.7800039;-1.3538659,-1.1997099;-0.05671546,1.3873507;-0.8162201,-0.006627799;0.4290782,-1.3035872;-1.722557,-0.02921683;-0.40498912,-1.0951517;1.7907927,1.1656009;1.057935,0.82096887;-1.1432544,0.6715709;0.5153306,-1.723378;0.46187574,-1.6495068;-0.48010406,1.477632;1.2344664,0.40141135;0.22570924,1.2937018;-1.2927388,0.6086308;-1.4164386,0.104170196;-1.3389769,0.5523588;-0.29227012,-0.2447603;0.33778438,0.3215245;-1.4958261,-1.6724648;0.38847256,-1.2741816;0.81872064,-0.3821133;-0.7842424,-0.4391463;0.48757958,-1.5834527;0.61764956,-0.2859751;-0.27283093,1.1272732;0.6759399,0.44093886;-1.3794408,0.22012141;0.3610549,0.25748593;0.51757413,-0.42254066;0.3667512,1.2776204;-0.44184387,-1.4619794;-0.5413799,0.1469662;0.10505663,1.1608309;-1.3694974,-0.11471138;-1.4103001,-1.4592985;-0.1006719,1.401508;1.0812826,0.8843859;-0.14965093,1.0467134;1.045635,0.33293203;-0.74290013,-0.4025484;0.15909204,0.29240304;-0.110005796,1.3711963;-1.6469312,0.23087513;0.8124629,0.5046866;-1.2174134,-0.86836;0.6422685,0.07454782;0.91830474,0.077536464;-0.78723395,-0.07332448;-0.16732801,-0.82097393;-1.4299062,-1.3916699;-0.23259258,1.2105243;-0.49904698,0.65648973;-0.23349588,-0.2021718;0.3469208,1.2490431;-0.3265344,1.4296137;-0.7807931,0.7239887;0.030940842,1.1460497;0.20906115,0.2890052;1.0059173,0.31499904;-0.15521948,-0.9728167;1.8475727,1.2213949;1.2109891,0.4734753;-0.46431056,0.13359922;0.5107294,-0.52523893;-1.3759457,0.6004922;-1.3413126,0.31883013;-0.8971899,-0.083540075;1.6644877,1.0526303;0.40830365,-0.619598;-1.6698234,0.1266159;-1.0052812,0.72737634;0.5475803,-1.8387346;-0.12820162,-0.27741;-1.676492,0.16097341;0.36573115,-2.278138;1.3328928,1.1307606;0.43930215,-1.8607231;1.0484645,0.74939597;-0.14673924,-0.4595595;0.46248114,-2.0315325;-0.35710344,1.3852545;-1.7784837,0.0329772;0.88251865,0.68236125;-0.18771595,1.3017261;0.48994774,-1.9601579;-1.3308022,0.44010794;-0.35624847,0.1137395;-1.7518164,0.062850565;-1.510747,-1.409219;0.4259565,-2.0539699;0.17882,-0.431414;1.1268705,0.72112435;-0.1822261,0.033350907;0.20756644,1.2620121;-0.7197759,1.5002325;0.766602,-0.20361069;-0.16612417,-0.10289102;-0.49552506,-0.10281478;-1.3929081,-1.6168637;-1.7080929,0.011477485;0.2007458,-0.39021412;0.6334158,0.36426643;0.0040268954,0.018711232;-0.11430125,-0.57875526;0.44502354,-1.6210551;0.14214088,1.2752371;0.45121288,-0.38953122;-1.164622,-0.9968567;1.2163708,1.0315232;-0.6521456,-1.7040868;1.7860925,1.1305501;0.615423,0.1217129;1.4532089,1.2864928;1.2168373,0.65313494;-0.55043286,1.3207933;0.61626416,0.31492585;0.77667785,0.46334845;1.2348514,0.69609916;0.19159806,0.14120115;-0.60687387,-1.6441215;-0.1339653,1.3893248;-1.1679523,0.057526845;0.49628675,0.4554334;1.6677709,0.77741814;-1.2788497,0.097553685;0.995321,0.6590488;0.53207934,-1.3951329;1.1392753,0.48480186;0.26122266,1.2353928;-0.61701727,1.41665;0.9653022,0.45386332;-0.68808347,0.0752146;-0.1709033,1.3083949;1.6728615,0.75401515;-1.3824908,0.62412924;-1.3085011,0.12129381;-0.8557612,0.67744607;0.4395416,-1.3913417;-0.42987394,-1.2513416;-0.38770768,-1.2803775;-1.2206012,0.2981258;1.3691307,0.7789957;1.139928,0.22019464;0.32405236,1.2744554;-0.6496287,1.515298;-0.054858264,1.3329413;0.6357689,0.42395714;-1.4103013,-1.5863261;-0.87817264,0.62667125;0.44072273,-1.9072179;0.16006558,-0.5064395;0.30829343,0.17162324;-0.18664064,-0.24378087;0.92382556,0.3434004;-1.5406266,-1.6862671;0.21026334,-0.2377458;1.3178364,0.62269664;-0.003893244,-0.25406483;-0.31979078,-1.1139098;-1.186073,0.2971774;-1.1546041,-0.8703481;-0.20441492,0.055092596;1.4094567,1.086058;1.6777186,1.4360195;0.4813853,-1.7631428;-0.13296908,-0.060672343;1.6295835,0.9106254;0.35054946,-0.26091135;-0.25042987,-0.7533471;1.2702644,0.98207444;-0.34209058,-1.0539051;1.8659481,1.2195137;-0.22309498,1.3186256;0.61324674,0.66403365;-0.65214324,-1.7041234;-0.49709746,1.4628507;1.7311109,1.3385783;0.56052625,0.29188415;0.22108449,-0.70821804;0.5680451,-1.6606458;0.9450717,0.42960107;-0.6027159,-0.32609123;0.27090973,0.15423787;-0.17676957,-1.018025;0.54199535,-0.21390642;0.6336994,0.31884527;-0.09302963,1.3361753;-1.0841001,0.17534359;1.891389,1.5100784;0.33102503,-0.6328017;-1.2190976,-0.14647149;-1.2615566,0.63691145;0.09076105,-0.1855011;1.1316928,0.53085154;-0.45096895,-1.3716968;0.42396322,-1.8628951;-1.2021359,-0.9582548;-1.1769711,-0.9499129;0.41360277,-0.61253154;-0.33595413,-1.2235875;-1.4693657,-1.4100263;1.1479912,0.68990225;0.32985166,-2.3491771;-1.4292407,-1.6520103;-0.6976619,-0.36475974;1.4576719,0.8701954;0.5172674,-0.40586245;0.6155021,0.5847776;1.6391386,1.1172115;-0.3671902,-1.0540116;-0.23110369,-0.29965556;-0.68757445,0.68673956;1.3386717,0.7469817;1.5410564,1.2868968;-0.16563381,1.3771858;1.1573399,0.93900156;-1.0554819,0.2740575;1.4533541,0.66808236;0.18032077,-0.19709906;-0.38186166,-1.3225124;-0.5438269,0.6621649;-1.7275113,-0.006767485;1.3743724,0.9152367;1.5350419,0.8283834;-1.3124259,-1.2312009;1.1825175,0.4816108;-1.4040025,-1.1679869;-1.1924176,0.6010152;0.66433907,-0.017050507;0.42340085,-1.7665173;-0.21475972,-0.9499272;1.3390226,0.5553529;-0.5089934,-1.2895069;-0.5596206,0.11405645;0.30398282,-2.3269088;-0.5511878,-1.6043862;0.89779776,-0.048693825;-1.2223272,0.30457845;0.25188854,-0.6136433;0.3933111,-1.9864743;1.6211771,0.7395452;1.9812825,1.4878049;-1.3753383,-1.1412734;0.047945656,-0.42258394;-1.4397606,0.088488504;0.90636736,0.6996947;-0.5290632,-1.4652686;1.3529185,0.606916;-0.67769814,0.5607551;-1.5934325,-0.09380591;0.4128648,-0.1322208;-0.12505874,-0.47574547;1.9058657,1.4887831;0.9960213,0.5321515;0.33444262,-2.2281108;0.36249608,-2.2478087;0.2500156,-0.29464194;-1.2561015,-1.0552163;-1.3609606,0.010923373;0.38689995,-2.0462332;-0.55605906,0.09269555;-1.053623,0.70603687;0.089860395,-0.13073063;0.90347373,0.18171577;0.50116444,-1.3302591;-1.6509609,0.15980105;-0.6887267,0.14243414;-1.6443557,-0.29187787;1.9387337,1.4904832;0.36573175,-0.55722564;0.12717475,0.1144631;-0.232184,-0.79521;0.5699672,-0.29655364;-0.11128703,-0.8835851;-0.0013161004,1.1554248;1.5274954,0.85326415;0.9520427,0.7046493;-0.7429286,0.66622615;0.8741697,0.61910516;-1.6166741,0.13341226;-0.37235057,-1.2947316;-0.5645155,-1.6072776;0.5209623,-0.35607314;0.20726132,-0.5641766;0.32174727,-2.2705376;1.4540626,0.7517068;-0.16855508,-0.4284654;1.8854946,1.389532;-0.104313105,-0.96236914;-0.52499765,1.2901276;-0.07479687,-0.9724937;-1.2108215,-0.15036826;-0.29770032,-0.26320383;-1.1634842,-0.8632703;-0.9969573,0.6195087;1.798406,1.4606489;-1.2424268,-0.13442823;-0.33755565,1.3912394;1.2842896,0.47983706;0.40886107,-1.7900872;-1.559866,-0.12744929;-0.4622116,-0.26191488;1.9265838,1.4005411;-0.38854346,-1.0839056;-0.99053824,0.2667954;-0.60880375,1.2593925;1.9427054,1.2456688;1.8304535,1.1058447;-0.9016021,-0.10552723;-0.729343,-0.38042557;1.8954242,1.4349446;0.89091253,0.43946424;-0.3085332,0.10290109;-0.301725,1.0951246;1.0362701,0.058235236;-0.20603655,1.1224734;-1.1959459,0.65335125;1.3818234,0.9036018;1.7742603,1.507702;-1.3591157,-1.2840651;-0.52743953,-1.4233053;0.54282767,0.058024053;1.6728948,1.1757909;-1.0609192,0.7424525;-0.29197332,1.2578899;-0.51444566,0.6597644;0.28905493,0.18200172;-0.1701673,-1.0293999;0.6531135,-0.14898665;-1.2935176,0.38693345;1.3539429,0.5702311;-0.8617452,-0.12931524;1.8335624,1.4939526;1.1020144,0.617102;0.2544143,-2.40671;1.7359588,1.2937895;1.5581365,0.77524203;0.9051286,0.8025545;0.46474704,-2.160123;-1.3625133,0.40812758;0.29571548,0.29682624;1.9558774,1.5174488;-0.9683901,0.1981297;1.1462994,0.23140924;-1.6129833,-0.13729917;1.5316314,0.7182543;-1.3032056,0.3861825;1.5234178,1.272861;-1.3515872,0.2815113;0.4651993,-1.9334342;-0.28970417,1.3790804;1.8673046,1.4447988;-0.9452564,-0.13628906;0.074112415,0.03870105;0.4457876,-1.9938934;0.35251912,0.13293798;0.7874872,0.25300443;-0.39459243,0.12007895;0.19518453,0.25322074;-0.8489367,0.56505996;-0.910512,0.7020935;-1.2707726,-1.0022609;0.4229918,-0.4286983;-0.19491787,-0.24579564;0.47091982,-2.0182054;0.66888905,0.092092365;-0.35974437,-1.1601956;-1.1177361,-0.10404589;1.5903891,0.76877207;-1.2183487,0.69443977;0.89143455,-0.09124572;-0.21152477,1.3803446;1.6592517,0.72766334;-1.368953,-1.6128465;0.43934622,-1.7379504;-0.0837317,-0.8989326;1.7477123,1.3876848;0.22075142,-0.27842742;0.32237682,1.2314057;-0.47907656,-1.472264;0.9462481,0.22236255;1.6685592,0.84860724;-0.16058803,-0.08199762;1.0231619,0.729511;0.43219626,-2.079329;0.29805413,-0.48064753;1.3147854,0.5806517;-1.5583335,-1.6564589;1.8253552,1.4247802;-0.703139,1.4507692;0.12838623,1.1505721;1.6207955,0.8306234;-0.36689743,-0.3825947;1.9768984,1.4170161;-0.5869668,1.3455089;-0.50052917,0.14277785;1.6910297,0.9362721;0.23901719,1.3589579;-0.6039713,1.3179266;0.10658776,1.3379519;-0.4321603,-0.05237978;-0.33909988,1.4571276;-1.3355601,-1.1367898;-0.6467862,0.5986576;-0.27095956,-0.9227685;0.57889795,-0.2482396;-0.6160079,0.6592809;0.11475273,-0.19092897;-1.5446286,-0.10221127;0.28327677,-2.3715124;0.1658602,1.2799315;1.4555653,1.1762825;0.526664,-0.26586032;-0.5329399,0.1004445;-0.2743167,1.1339458;0.34942287,-2.2877476;-1.6978317,0.043649007;1.6763903,1.33444;1.4099438,0.8165942;0.3962624,-2.117567;0.69827163,0.14781971;0.18074477,-0.5089478;1.141948,0.8201096;-0.66745967,0.24090838;-0.24517308,1.4364359;-1.280413,0.015848877;0.74194515,0.41323975;1.7886871,1.3481145;1.0940558,0.70459586;-0.5328471,1.4960657;-0.07637807,1.3973014;-1.130428,-0.16795793;1.6490709,1.2437705;1.8505329,1.4194405;0.3837012,-1.2902191;-0.8195658,0.6751101;0.4800255,-1.734542;-0.6935779,0.09356114;0.30705473,0.31520778;-1.2726485,0.6591446;1.3871728,0.682367;-1.7208601,-0.1059748;0.34074485,-0.11703093;0.86481124,0.26555756;-0.5997156,-1.5217656;0.34160033,0.26319537;0.4612482,-1.5450659;1.0867639,0.7665838;0.19480342,-0.658001;0.35826862,-2.170069;-1.4922457,-1.6616943;0.13756394,-0.14820316;-0.036747526,-0.23410928;0.92114764,0.91762865;-0.5915174,1.2965249;-0.62183744,1.3795217;1.3341687,0.9153276;1.9331807,1.4180504;0.23742531,-2.423618;-1.3150057,-1.1482279;-1.733214,-0.19512324;0.44806358,-1.3508482;1.0723419,0.5910956;-0.0021680477,-0.0871967;0.95558184,0.021454511;-1.4981627,-0.042437024;-1.3495786,0.0631856;-1.3318537,-1.0982605;-0.26823965,1.2094356;0.87914693,-0.13035554;-0.72535175,0.54152477;-1.1934708,-0.8414621;0.8840638,0.8916259;-0.120654985,-0.96981585;-0.74159217,0.2513767;0.7940588,-0.06380377;1.2843721,1.0746493;-0.9385922,0.6641859;-1.2268265,-0.7820795;-1.7023935,0.08638178;0.5044908,-0.13199554;1.6143782,1.1677685;1.586072,1.2064178;0.8224699,0.36241943;-0.46287027,1.4612418;-0.891707,0.47587684;-0.69339645,0.57463044;0.7217948,0.37197137;-1.3377373,0.040932816;-1.2519046,0.6702621;-0.09588785,-0.9993335;-0.36737376,-1.016554;0.031630848,-0.19509962;-0.79974633,-0.0088562295;-1.6816548,-0.20582676;-1.4186379,-1.3370904;1.4276155,1.1020654;1.0542235,0.6443567;1.5586381,1.0870428;-0.7630973,0.3002734;-0.73313224,-0.32998577;0.3162004,-0.46054408;0.12878154,-0.40347746;0.049959242,1.3106127;-1.6673479,0.09074508;1.0922949,0.20123723;1.5917445,0.9743031;1.165163,0.9958238;0.361558,-0.5071169;0.38625443,-0.50527203;0.8199451,-0.38943493;0.86443615,0.010523659;-0.4411574,0.12782383;0.91648835,0.7857655;-0.24099475,-1.0039893;-1.2750121,-1.206004;-0.26792842,-1.0853424;-1.1654527,-0.15847576;0.94572747,0.098710895;-0.25569868,1.0864912;-0.8103864,0.25388294;1.6082152,0.9562316;1.794884,1.2242634;-1.1515878,-0.18917489;-1.1010671,-0.8389815;0.77970374,-0.20465955;1.9265546,1.3219624;-1.3112125,0.20852543;0.42285514,-0.3460099;0.31884906,-0.65714806;1.4556262,0.99458146;-0.6887206,0.24186385;-0.44222718,-1.333584;-0.6116229,-1.5782775;0.37692407,-2.1301768;-1.5225337,-1.5818887;0.4832556,-1.6715585;-0.28272906,-0.33528265;0.24343577,-0.7293712;-1.438884,-1.4766132;-0.8025331,-0.14323257;-0.8717447,0.29764023;-0.4688385,-1.5038086;-0.1486116,-0.43113154
p3d-kl
0.47676125168800354
p3d-iter
599
p3d
-0.82970333,0.72837174,-1.7905253;0.54303324,0.7372221,0.7034023;-1.404765,0.2200025,-0.2996758;-0.93291503,0.7287276,-1.8926946;-1.9360566,0.2901763,0.27319738;-0.9328147,0.744266,-2.4179049;-0.88469666,-0.99448156,0.90143037;-0.6160511,0.54358727,-2.0001128;0.5300091,0.21431766,-0.15941809;0.7860624,0.3900531,0.8887246;-1.4325277,0.28910127,-0.29167846;0.022702593,-0.44402617,0.59219176;-0.2678898,0.22245541,0.038448334;0.46039674,-0.6678812,-0.5004521;1.5748066,-1.4064218,0.90017474;-1.9077003,0.25323948,0.16193844;-0.9357604,-1.0924292,0.88783514;-1.8457534,0.087790884,0.11375898;0.3665398,-0.16780363,0.29378232;1.2574257,-0.2638057,0.71725947;-0.7501821,0.6377076,-2.3363962;-0.31840405,1.8243351,-1.2268173;1.4590433,-0.066690594,0.8836301;2.1794248,-1.3989613,1.2779677;1.5110995,-1.2611684,1.1450766;0.30625308,-0.74183935,-0.64129037;-0.53774184,-0.6527868,-1.2546791;-1.2456628,0.037777457,-0.4879906;-0.500722,0.15395285,-0.7242693;1.1610426,-0.45882636,1.3400171;-0.6256557,0.52526504,-1.3917071;-0.6608471,1.9390569,-1.6411066;-1.9148548,0.3352109,0.17018887;-1.9491262,0.22935717,0.36041132;0.68827194,0.65478784,0.99210465;-0.55614364,1.9430972,-1.5013907;-0.26399323,1.222231,0.29602432;0.20706895,-0.18002816,0.8310587;1.0242798,-0.7100208,0.6926449;-0.28732458,0.057501495,-0.51966053;-1.0302078,2.3010333,0.66402626;0.7894468,-0.69725835,1.3535022;0.56188554,-0.44412807,0.7329367;0.19877505,-0.19389354,0.19836146;-0.6933438,-0.7816407,0.63161385;0.00946088,-0.5655135,0.067310475;0.935478,-0.2839163,0.5011602;-1.0259495,2.3284087,0.7384778;0.09621953,1.3584867,-0.67574143;0.70781827,-1.3017868,-0.47065333;-0.2100552,-1.0826942,-1.094687;-0.06410502,1.661106,-1.0515575;0.7980348,-0.60955703,0.74932206;1.2372206,-0.6932041,0.79393303;-0.5502595,0.15309076,-0.6128178;-0.39296302,-0.68321234,-1.1372691;0.30535755,-0.5600444,0.26269698;-0.35518143,0.3398317,-1.7705237;-0.9654308,0.7762747,-1.954584;-0.7904265,1.0808412,-1.4882987;-0.6316506,0.4807049,-1.3837934;0.07381236,1.5019292,-0.7049;-0.7629109,2.042656,0.67119366;1.8850935,-1.9603134,1.3419896;-0.054817814,0.45829758,0.1631501;-1.766436,0.15457965,-0.014454163;1.6877846,-0.88933486,1.0119604;1.9358276,-1.3289781,1.5597734;-0.7599381,1.7184334,-1.4937819;0.7812633,0.09294244,0.658355;-1.1683639,-1.006713,1.0505359;-0.4934594,0.30658337,-1.0107424;-0.54657996,-0.7766668,0.80220294;0.53145975,-1.3507329,-0.59669036;-0.47343245,1.6876469,0.74769354;-1.9108224,0.14996918,0.12369774;-0.21980199,-0.27976346,0.26031265;-2.1004472,0.22661717,0.45387024;-0.52837753,0.1866595,-0.6455529;-0.12204049,1.6514359,-0.8385994;-1.4242818,-1.1055251,1.0422417;0.11292813,0.38076356,0.88382506;-0.5724515,-0.90936685,-1.3828373;-0.13003583,-0.08759219,-0.18070261;-0.40887567,1.9413764,-1.2630908;-1.2758696,-1.1421102,1.0251043;-1.7207928,-0.8176776,0.8875314;-0.8565652,0.7519916,-1.7357103;-1.8395983,0.4111171,0.10872719;-1.3665622,0.14921084,-0.42279363;-0.7430669,2.1394947,0.6423677;-0.64205265,2.0303285,0.68133295;-0.59765124,0.3321371,-2.167783;-0.7756593,2.0318465,0.7038103;0.5850175,-0.083416834,0.79402775;-1.1567115,0.2770934,-0.41548976;0.026421772,-0.44162697,0.09929626;-1.810403,0.13556288,0.09965586;0.9046496,-0.715067,0.21633571;1.5836554,-1.295338,0.82399577;-0.6664557,-0.90985817,-1.5201976;-0.4101924,1.4700817,0.54482746;-0.38315412,0.9316139,-0.8654436;0.8347409,-0.7199777,1.3623585;0.885171,-0.29772493,0.77086335;-0.6919463,0.52994806,-2.3095155;0.6030468,-1.2932965,-0.5037004;1.7874379,-1.0491756,1.4367023;-0.67172855,0.9035054,-1.1305251;-0.20705982,-1.0788581,-1.1961905;-1.053708,2.2998478,0.60090595;2.1513183,-1.8759569,1.1863512;-1.8636295,0.090949476,0.022235313;-0.66799515,0.34823668,-2.286074;0.3619622,0.19541983,0.15707234;0.4028641,-0.3766652,0.8684879;1.6593816,-0.9626703,1.0851731;0.66576123,0.65359783,0.75740147;1.2141422,-0.30809826,1.1651402;0.4571929,0.40167052,-0.27636078;0.15158953,-1.210215,-0.90209997;-0.13089983,1.2719263,0.8308694;0.69933397,0.6838345,0.5851006;-0.50206465,0.28796157,-0.89130664;-0.6567816,-0.51049846,-1.4077922;-0.66330916,1.9322698,-1.6416506;-0.6285203,-0.8126353,0.8148482;0.45180255,-0.07116444,0.28533378;-0.60371315,-0.732618,0.8528413;0.07604506,0.76186323,0.32101938;-1.4503775,-1.0383724,1.0604609;1.3802471,-1.0348616,0.55321014;1.435077,-0.9110295,1.5900497;0.59415996,-0.093598664,0.77522904;-0.099965654,-0.25310212,0.3946615;-0.9482073,2.2878602,0.6897122;-0.38065362,0.9509988,-0.89007473;-1.4973893,0.2567477,-0.24694964;0.36356032,0.8137494,0.5692843;1.2025224,-0.4304561,1.3274369;-0.7570112,1.8792953,-1.8122144;-0.7503232,0.66073304,-1.5542353;1.4963974,-0.30491152,0.9859469;-0.6710965,0.19878721,-0.50196487;0.81775576,-1.3911773,-0.4062934;-1.8277214,0.23493433,0.109752335;1.30183,-0.90972006,0.6677812;-1.8987806,-0.057683043,0.34582692;-1.4029598,0.18020026,-0.3388503;-0.54821914,-0.5071193,0.41087297;0.24365498,-0.5411267,0.9420952;-0.92538273,-1.0288044,0.6032706;-0.40514973,0.52901435,-0.23491476;-0.74251187,1.1575404,-1.2139671;-0.037947185,-1.1211783,-1.0916132;-0.5170856,1.659051,0.5146272;0.54419947,-0.39945623,0.7929804;0.84505725,-0.5025401,0.21884419;-0.008358728,1.4979016,-0.8470589;-0.18067002,0.32939976,-1.5019388;-0.63396037,-0.4992064,-1.3675449;0.8130731,0.060802504,0.5869994;0.026069213,-0.99828464,-0.87933517;0.059338294,-0.21091282,0.6576;0.15292747,0.8061434,0.43289477;-1.0759953,-0.9890104,0.8759093;-0.5110802,0.18304025,-0.8480168;0.07328037,-0.15923628,0.22403562;-0.038913757,-0.3987385,0.22802706;-0.21912105,-0.8917434,-0.9326474;-0.37288165,1.9039812,-1.182709;0.35645446,0.34365717,-0.013951898;-0.3357743,0.119465455,-0.5300828;-0.23367985,1.338975,0.84565544;2.2999074,-1.6870074,1.2687361;-0.6528415,1.919586,-1.5947031;-1.7713269,0.32904267,0.020019125;0.060334634,-1.1012158,-0.85577196;0.22922342,1.3548892,-0.7006856;1.2911929,-0.3445074,0.68927085;-0.6664218,0.5818645,-2.2602715;0.44835684,0.4463201,0.014979149;-0.22462445,0.33456296,-1.5585858;-0.9009829,0.6656769,-2.3796835;-0.18927447,-0.60145015,-0.8827889;-0.79844505,2.14408,0.64700073;-0.8220519,1.3017912,-1.4809204;0.80215746,-0.7004255,1.358855;-1.1007729,0.16706099,-0.40902054;-0.62805045,0.98432785,-1.1722584;-0.4543041,0.4621473,-1.9795849;-1.7486706,0.3195827,-0.009675878;-1.3875966,-1.3207257,1.0200471;-0.93105316,0.775952,-1.7303618;1.381841,-0.7668781,0.8893402;-1.3297383,-1.1846449,0.9878826;0.6899302,-0.2969825,0.40685663;0.17523767,0.57432634,0.20509064;-0.17642927,1.0454861,0.30075145;1.6775352,-1.6088803,0.6915591;-0.65812165,0.53585535,-1.4577681;-0.17786661,1.7933828,-1.083517;0.50543445,0.20259446,-0.11719914;0.5107447,-1.0489264,-0.7019571;-0.5755647,-0.22826609,-1.1788319;-0.89258176,2.1719537,0.72575957;-0.6136226,0.030008199,-0.35931435;-0.8955937,0.78525496,-1.7416399;2.1519754,-1.3523035,1.4601278;1.054752,-1.0251964,1.0290333;-0.23915736,1.3189819,0.45410156;-0.13587041,-1.1889678,-0.8865351;-0.7045911,0.68650573,-1.5064818;1.9861482,-1.5029343,1.6459584;1.9671959,-1.8325423,1.2658836;-0.1340998,-0.64459753,-0.90658915;0.3448092,0.84117174,0.5905634;-0.8490545,0.66610056,-2.3902586;-0.83886606,0.5611436,-1.6050506;1.4718189,-0.7680991,1.2231972;-0.3987452,1.4886568,0.49511403;-0.09745516,0.19153655,-0.4447804;-1.2387315,0.18198395,-0.505238;0.5531569,0.083494484,0.36026505;-0.16051078,-1.0409113,-1.1327507;0.09764887,1.5696495,-0.7871163;0.8603012,0.45964083,0.70580965;-0.77470934,-0.9135867,0.824199;-0.73896563,2.1685233,0.5966039;0.22450536,0.28832084,0.11155582;0.025935339,1.4812033,-0.78581643;2.0214498,-1.8078183,1.3470926;-0.8581746,0.6593099,-1.6444616;-0.077053174,1.5094882,-0.7564428;1.7989491,-0.63188,1.203187;0.056659885,-1.2346303,-0.99402523;1.0017799,0.47389215,1.0505788;1.5528721,-0.7604249,1.3311244;-0.38119334,-1.103301,-1.1784661;1.3467982,-0.684081,0.6373782;-0.25841177,0.32650426,-1.6429725;-1.5873176,0.27644,-0.18127577;-0.95261306,-1.1871737,0.92705697;1.5165404,-1.3982295,0.9380215;-1.0234615,0.052124884,-0.55963004;-1.8339851,0.11591613,0.047843542;-1.6021692,-1.0745512,0.9728959;0.555632,-0.056431297,0.7377271;0.867158,0.0626826,0.41336253;0.0860221,-0.5294251,0.7842183;0.43690678,-1.2566688,-0.6896013;1.6357651,-1.446535,0.79125243;-0.18909682,0.9970132,0.82068825;2.0339794,-1.7236414,1.2255883;-0.37260464,-1.0798334,-1.202695;0.28210574,-1.2300773,-0.8161352;-0.23573552,1.6749129,-1.2260759;2.2642996,-1.9160864,1.2565327;0.11094589,-0.5431088,0.2746352;-1.5429493,-1.0263697,1.018238;-1.3260267,-1.0552733,1.0861348;-0.12569135,1.5929481,-0.94112414;-0.28089067,0.33969066,-1.6683147;-0.357312,1.7860402,-1.3151704;0.39177445,-0.16644692,0.30233702;-0.45763567,1.5498997,0.4836124;0.18312377,-0.050883405,0.8884848;0.06494359,-0.0959608,0.44119617;0.89459866,0.5835753,0.6877219;0.5533111,-1.323693,-0.5221584;-1.6858635,0.18341312,-0.07821309;-0.45908773,0.9919794,-1.0147254;1.0995746,-0.008363286,0.41574353;-1.2105432,0.16633256,-0.50565934;0.4811916,0.049502157,0.5386765;-0.42060322,1.3073127,-1.1221993;1.3114091,-0.35902214,1.4870228;-0.75431156,0.616299,-1.4840248;-0.46565926,0.7552351,-1.1119043;-0.87163484,2.177549,0.66886437;-1.033271,2.3039248,0.6654563;-0.43164992,-0.5474749,0.87858677;0.30925557,1.2370899,-0.6198091;1.9197016,-1.3098218,1.1396513;-1.0493253,-1.1322483,1.0293945;-0.06179029,1.6804643,-1.007473;0.8192508,0.5683098,1.0045611;1.0936105,-1.0184132,0.97681874;-0.66905725,-0.869811,0.80630624;-0.39005542,1.4126581,0.51192296;-1.8557299,0.11404418,0.09593504;1.6380104,-0.9905942,1.0808083;0.26420224,-1.212028,-0.8150751;-1.1434635,0.089719884,-0.4036428;-1.6400433,0.1954255,-0.18037036;-0.54141897,-0.57629883,0.544101;0.752204,-0.24773282,0.733563;2.0419931,-1.5551337,1.1621618;0.37161168,0.35089716,-0.040425397;0.2839346,0.8594998,0.53877515;-0.41735718,1.6247399,0.79576635;2.2675974,-1.9814161,1.3537337;1.3551307,-0.4927631,0.7814911;0.11097607,1.5011898,-0.7569614;-0.31065854,0.6777897,-0.38699493;0.7230399,-0.6322096,1.3295963;-0.65324926,2.2250235,0.69580853;-0.11502866,0.76700294,-0.29282436;1.6059699,-0.89248556,1.3403416;-1.0944635,0.14673166,-0.45949915;-0.5389925,-0.67838526,0.86919165;1.0626645,-0.6689433,0.52632874;1.9562263,-1.3198137,1.0514712;0.4244843,-1.1173148,-0.6710098;1.3925188,-0.78675634,0.93875206;-0.21247444,1.8094451,-1.0993885;0.6963232,-1.3159517,-0.4870035;-0.47821173,1.7457771,-1.2807467;1.0613889,-0.438542,0.6902516;0.061356973,-0.38087824,0.62971014;-1.4228668,-1.1404095,1.026862;-2.112467,0.21393067,0.4801971;0.79902434,0.2738913,0.50417316;-1.0594817,-1.3872769,0.9415059;0.60712945,-0.56368744,0.3146499;-0.5091541,1.7425785,0.75247186;0.7781723,-0.519965,-0.13440154;-1.1268281,-1.4276478,0.84167737;-0.06896604,-0.27468237,0.11908383;0.24798849,0.59360266,0.24135205;-1.371496,0.29463288,-0.3047791;-0.44125685,1.9148144,-1.307639;0.21701004,0.19336702,0.08810517;-0.3752381,0.8367993,-0.826472;0.66617274,-0.06810109,0.32692942;-0.7038381,1.3131441,-1.499047;-0.5948422,0.5845772,-2.1441472;2.3321073,-1.9607377,1.3569342;-0.85431755,0.69187206,-2.368214;2.1300592,-1.8726318,1.114883;-0.9590918,0.77115744,-2.421983;-0.5555685,-0.6751139,0.86880666;0.10345848,1.3890694,-0.796325;-1.889085,0.32683593,0.014525372;-0.65052646,-0.83835447,0.75863504;-0.08298022,1.7630044,-0.9605545;0.05882169,-0.03060178,-0.07670304;-0.49798325,0.40537262,-1.9156634;2.1942976,-1.779764,1.0693718;-2.1232376,0.21466738,0.49242002;-0.6717835,-0.59817797,-1.4563217;0.93511945,-0.39175054,0.47815463;-1.4544111,-1.2663305,1.005226;-0.064523265,-1.2555506,-1.0792475;1.6021768,-1.0989307,1.1496972;-0.70016706,1.9330165,0.4948367;-0.6842455,1.9256605,-1.6665316;0.5885546,0.20323105,-0.1479117;-0.98281294,-0.9805609,0.8982242;-0.26103988,0.35628095,-1.6351479;-0.996397,-1.2207859,1.0075353;-0.0899894,0.9006311,0.8292133;0.041464724,0.17129795,0.86300373;-0.5492099,0.1759219,-0.5777157;1.9602009,-1.7728862,1.3308874;-1.725089,-0.8081658,0.8841475;0.3398615,-0.21768394,0.29993618;-0.04840016,0.3093268,-1.3170348;-1.017157,0.8479507,-2.2660253;1.7921802,-0.7453394,0.9810906;-0.82321584,0.58050776,-2.3900807;1.6640078,-0.6217343,1.3917089;-0.3472642,-0.34010574,0.58018494;1.5417587,-1.3838912,0.9780383;-0.45727217,1.943376,-1.3507639;-0.50307,-0.7907439,-1.2993472;-2.0020125,0.21135716,0.34752572;-0.3080265,1.0076405,0.64720154;0.37671712,0.142432,0.19770946;-0.16116928,-0.53385526,-0.8334661;-0.9325045,2.2512283,0.7178996;1.9574574,-1.4729062,1.6071234;1.875284,-1.1108369,1.2519132;1.9771485,-1.2339685,1.0031904;0.96610487,0.017754707,0.40520257;-0.7066665,0.06393358,-0.42729336;-0.6816094,1.7439214,-1.4551115;0.0045497534,1.5589094,-0.8484705;1.345796,-0.019906128,0.59684265;-0.12966102,-0.123258255,-0.08781196;-1.520697,0.25106013,-0.2342161;-0.34409168,0.34249243,-1.7238563;0.94671386,0.5143946,1.0333265;0.5063406,-1.3271991,-0.6075526;-0.28392082,0.6536483,-0.82326955;-0.34264997,1.8848724,-1.1602906;-0.53293765,-0.27445987,-0.9723472;-1.0549318,0.92633,-2.2978284;-0.08347916,1.031611,0.82108325;0.02508456,0.1378749,0.8523519;0.25841224,-1.2376143,-0.8338097;-1.7070117,-0.84023714,0.90203077;-0.40647876,-0.63481504,-1.125298;-1.0539504,0.14493796,-0.40592062;-0.5863299,1.5454305,-1.3693434;-0.056269765,-0.25101727,0.0836643;-0.25339434,0.045848366,-0.54040974;1.1598302,0.020924056,0.5365369;1.9717299,-1.213187,0.997001;-0.0038019416,-0.03239846,0.09506276;-0.6186275,-0.91120994,-1.4512624;-0.7198139,-0.8493011,0.8859442;-0.27453303,1.3402596,0.6682439;-0.043525904,0.31152755,-1.2683965;-0.3397189,1.4962616,-1.1725687;0.5250361,-1.375295,-0.5966055;0.9375937,-1.0222617,0.837645;0.040537633,-0.45092416,0.2471099;0.2868279,-0.0834902,-0.07165937;-0.22679591,0.9557609,0.5900205;1.5855584,-0.60649127,1.0931016;1.3017713,-0.3975359,1.2504237;-0.83981043,2.142318,0.67701834;0.7698567,-0.41665164,-0.018494863;-0.4255375,-0.7507704,-1.1636808;-0.7252092,0.061251808,-0.4304078;1.2257493,-0.35799325,1.3243262;0.3367716,1.1970783,-0.5958944;-0.50915486,-0.938529,-1.3184267;0.96902794,-1.0354817,0.8949039;-0.7003038,1.370981,-1.4754974;0.12666103,-0.2992738,0.026404921;-1.0320437,0.16021381,-0.41508183;1.6423324,-1.4053237,0.9133414;-0.4293419,1.8567508,-1.2423806;-1.1906619,-1.1632398,1.0032238;1.6092733,-0.8659472,0.97394997;0.7502407,0.33861583,0.8678315;0.8664505,-0.8507449,0.6871834;0.3219418,-0.12582152,-0.07979174;-0.05159533,-0.5441026,-0.7838296;-0.9627518,0.7625744,-1.99815;1.7811855,-0.8822668,1.409202;0.26644364,0.0084105395,0.86520416;-0.11971338,-1.185928,-0.7212975;0.26458663,-0.17115603,0.5607017;0.54854625,0.35282692,-0.13767606;-0.1159938,0.3048535,-1.3818427;0.9570855,-0.2971065,0.7679818;-2.1255243,0.21441862,0.49560192;-1.8748535,0.26655608,0.16841228;1.1896944,-0.44823092,1.297761;-1.9358511,0.1089423,0.21080592;-0.3664843,-0.39861998,0.531003;-0.19238403,0.8851997,0.5492828;-1.5206679,0.2671793,-0.23702212;0.15987185,-1.196271,-0.93846995;-0.5354354,-0.23232949,-1.0130808;-0.48696637,-0.62499017,0.65950954;-0.8122828,0.60783404,-2.344547;-0.5120829,1.6311814,0.43602097;1.81963,-1.5648636,1.3590727;1.2063122,-0.73506606,0.52637625;-0.4019537,1.8761898,-1.3208143;-0.910052,-1.1652395,0.8398418;-0.83482146,-0.986007,0.90525264;-0.45351902,-1.055932,-1.257755;1.1195835,-0.9815988,1.1430238;0.52500397,-1.3210788,-0.58671516;-0.6297496,1.863,-1.4877554;-0.8075426,0.74370635,-1.6802425;-0.6750111,1.6684242,-1.5786835;-0.13838625,0.8490849,-0.2399952;0.6761805,0.44115344,0.05847994;-1.9849294,0.17724147,0.35036805;-0.5043311,-0.5469182,0.54939896;0.12731458,0.916133,0.92638224;-0.83882266,0.09340268,-0.4456189;-0.78627604,-0.91211677,0.7677941;0.21714194,0.22948718,0.8983446;-0.07349934,-0.52892506,-0.8657906;0.70460486,-0.38932222,0.35577238;-0.80570865,1.0037415,-1.5874548;0.5548623,0.6058456,0.102080196;-0.013133186,-0.009423272,0.8399791;0.7462313,-1.3559506,-0.45158648;-0.78433025,2.0570755,0.7479925;-0.10292754,0.29681405,-1.3438652;0.39379504,-0.8489417,-0.613795;-0.91346985,0.8046654,-1.2455871;-1.8029236,0.11604573,0.0076232674;0.09681621,-1.209225,-0.97924334;1.1205727,-0.9137031,0.65695184;-0.12736173,-1.0589354,-0.48093092;0.944153,-0.9657232,0.7761748;-0.7367951,0.05831761,-0.43049207;0.53539145,0.12234773,-0.34488094;0.09115476,-1.1200476,-0.98978955;-0.50177383,0.24158221,-2.0952976;0.9294663,-0.0695117,0.47273877;-1.1129137,0.29685858,-0.48462886;0.5886954,-0.11439535,0.78577197;0.75055224,0.30309418,0.8528965;-0.46227852,0.073114514,-0.8872737;-0.26897967,0.98554224,0.56817454;-1.7322996,0.27902207,-0.004998188;-0.09176681,-0.8020738,-0.7937167;0.3741378,1.1450936,-0.56744677;-0.09024002,0.64556307,-0.2841101;0.7171955,-1.3114557,-0.4632914;-0.22913936,-1.1194614,-1.145324;0.05637189,1.5063723,-0.9555233;0.27484965,-0.7442575,-0.664924;0.564448,0.1966948,-0.23195122;0.89392763,-0.97507364,0.7232048;-0.19845948,1.2676079,0.7983378;1.9472187,-1.5044769,1.3602154;1.0826353,-0.7232233,1.1263369;-0.006564256,0.30722442,-1.2418175;0.18857501,-0.48743495,0.8769445;-0.7038643,1.8573242,-1.6711633;-0.7672389,1.2021258,-1.5162027;-0.54451317,0.2966942,-1.0529695;1.8182706,-0.85837847,1.2762748;-0.13500312,-0.52408606,0.7501022;-0.60779506,0.45506296,-2.1931517;-0.24470174,1.8676381,-1.0608743;-1.0143663,-1.358194,0.89654833;-0.18169688,0.24216306,-0.026192596;-0.5953684,0.3717826,-2.1555471;-1.593908,-1.0218432,0.97797763;1.5048243,-1.2355218,0.74878836;-1.0786715,-0.9907726,0.9913267;1.186667,-0.5735679,0.57406324;-0.111610614,0.7160246,0.26123753;-1.2685481,-1.1859204,1.0169853;-0.26598936,-1.0289966,-1.1001843;-0.78636956,0.40002352,-2.3929884;1.0782564,-0.16098934,0.46023548;-0.062133126,-1.1796398,-0.80515975;-1.181097,-1.2144258,0.949339;-0.7325198,1.4568034,-1.4914232;0.10003767,0.30932269,-1.0797229;-0.73935485,0.42625195,-2.341789;-1.8784797,0.23994236,-0.10362402;-1.3090218,-1.1238134,1.0501266;-0.10312743,-0.40654784,0.13182643;1.2330476,-0.43223545,0.76161677;0.23720236,0.4335279,-0.24301934;0.5222273,-1.219169,-0.6063554;-0.7416358,-0.7300973,-1.6085883;0.33288774,0.8183836,0.5779695;0.061165396,0.67091304,-0.23606862;-0.17078848,-0.072191484,-0.4137552;-1.8414599,-0.08905261,0.2815001;-0.74726593,0.6205379,-2.3262587;-0.043620914,-0.48779362,0.13013196;0.6739499,-0.5423228,0.27759296;0.25371373,0.728839,0.17218375;0.08130268,0.85296834,0.40823302;-0.80307364,-0.94894326,0.9362353;0.4317677,-1.1718886,-0.6830341;0.08285483,-0.045781877,0.6219505;-1.1777468,-0.06723903,-0.49125254;1.3983647,-1.0840659,0.6312471;-1.2124002,2.3637629,0.7283606;1.7688663,-1.5519179,1.3958781;0.62906003,-0.10062061,0.67589194;1.6768192,-1.5221406,0.8048412;1.2407875,-0.30143207,0.97506064;-0.50955653,-0.5496938,-1.158328;0.5839849,-0.55984807,0.3732287;0.89311713,-0.04690241,0.33049563;1.299787,-0.36592346,0.9534906;0.4079362,0.11572325,-0.16119629;-1.0980774,2.3338876,0.6914852;0.05413817,-1.1768038,-0.9863889;-0.6071571,0.30335173,-1.302895;0.7800634,-0.49641755,-0.105085365;1.5115443,-1.151293,1.5256724;-0.6902033,0.59087116,-1.4740939;1.0457305,-0.6435738,0.53337157;-0.5209036,-0.8946183,0.84858423;0.94457644,-0.5308621,1.0940006;0.6166428,-1.2213737,-0.5660711;-0.6008063,-0.68893194,-1.3717672;0.77756333,-0.64202994,0.7811731;-0.24997018,0.0450522,-0.7976528;-0.02734155,-1.0494882,-0.8576703;1.495527,-1.1424052,1.5453322;-0.6994353,1.8990483,-1.6870823;-0.6972965,0.6766165,-1.5192858;-0.07715891,1.7004305,-0.93955964;-0.5713398,-0.780213,0.74416506;-0.55891687,1.9852704,0.60788065;-0.5866506,1.8909308,0.72637963;-0.7451975,1.1776011,-1.1751059;1.5162599,-0.26861885,0.97795784;1.0248466,0.31703877,1.1200825;0.68978536,-1.3195001,-0.48234135;-0.66440094,-0.8840736,-1.5119913;0.13033779,-1.2377378,-0.8609622;0.6769374,-0.5715286,0.34716627;-1.836074,-0.006291385,0.23950563;-0.14115697,1.6584936,-0.90081936;-1.1275016,-1.0526477,1.0171585;-0.21097367,-0.40029493,0.1505746;0.54432994,0.12974297,0.052108884;-0.10446709,0.48182678,-0.14015804;0.7778597,-0.7964039,0.60492784;-2.0445538,0.23701815,0.36708093;0.12420174,-0.36238512,0.065660425;1.2856756,-0.2830858,1.2104175;-0.006205424,0.23378311,0.17497209;-0.462836,1.5292033,0.61858165;-0.6620945,1.1144519,-1.2450949;-1.060695,0.20011617,-0.43710905;0.24079408,0.4122063,-0.2950316;1.5216261,-1.228086,1.0295192;2.0766103,-1.459608,0.88851625;-0.9427353,-1.0734203,0.9293703;0.14452334,0.64032674,-0.21011487;1.6810201,-1.0008868,1.4683001;0.16114226,-0.49964318,0.3986669;-0.20443442,1.0994592,0.33188617;1.3180578,-1.0799104,0.9139625;-0.43818086,1.4917809,0.47641578;1.971814,-1.4163934,1.3812022;-0.12467012,-1.2115948,-0.84094113;0.7334344,-0.9290912,0.4254533;-1.2124002,2.3637717,0.7283606;-0.4623999,-1.008167,-1.2836908;1.8945234,-1.605383,1.0391605;0.4859152,-0.5324779,0.2717085;-0.38247642,-0.39121273,0.3952804;-0.9178884,-1.0109189,0.5948311;0.78129923,-0.5953444,0.7527788;-0.49817488,0.041607805,-0.29282203;0.48575914,0.18946743,0.0040318733;-0.25519988,1.3268826,0.82009465;0.278898,-0.089412384,0.8091411;0.6439725,-0.67970294,0.42953336;0.1270764,-1.0504655,-0.960198;-0.5320888,0.7911311,-1.2730327;2.1909103,-1.9193796,1.2997348;-0.22464688,-0.404845,0.61066526;-0.4466816,0.38571456,-1.9124051;-0.5666432,1.9041616,-1.4716228;0.07733357,0.11869356,0.02171229;1.0060327,-0.45350295,1.0174152;-0.6983285,2.048713,0.6631522;-1.0876099,-0.9798687,0.9621026;-1.1749007,0.048767563,-0.5286426;-1.1389459,0.029831598,-0.4660448;-0.12046566,-0.5257614,0.7536742;-0.5135139,1.726611,0.7486817;-1.7743821,0.31027842,-0.013586557;1.2353671,-0.3234295,0.7883974;-1.6872938,-0.8947684,0.918478;-1.8844213,-0.0134165,0.35604736;-0.6535489,0.04551099,-0.39339945;1.6067934,-0.6584898,1.042109;0.015339747,-0.038917936,0.8607035;0.84320027,-0.6768976,0.09903275;1.7804161,-1.1209337,1.1538794;-0.44446388,1.5609035,0.47730866;-0.1540161,0.63404423,-0.10310127;0.14057557,1.4755439,-0.7560052;1.461846,-0.25910422,1.0438265;1.7714967,-1.5278088,0.9269182;-0.0010922162,-1.1785506,-0.96335566;1.3414087,-0.98188347,0.6551392;-0.5361439,0.99268836,-1.0940646;1.4713727,-0.3994072,1.340969;0.14570817,-0.16062738,0.110876985;-0.64207876,1.8556606,0.7235145;0.32685715,1.2185508,-0.6072487;-0.78762776,0.60942036,-2.3366735;1.6390256,-0.24382295,1.315555;1.6342044,-0.56782526,1.427558;-1.5021455,0.13872069,-0.19467977;1.0436254,-0.6917568,1.072729;-1.547157,0.090876065,-0.3667738;-0.52781117,1.7986358,-1.2698296;0.49310198,0.14210083,0.77055883;-1.0029584,-0.94560635,0.84097433;-0.19585419,1.3672017,0.64563704;1.2301991,-0.33297205,1.308532;-0.6935093,1.9380934,0.44267383;-0.13026889,0.31093535,-1.4275964;-1.6879877,-0.86751866,0.9189546;-1.0121673,2.3030908,0.70529383;0.6289747,0.60873485,0.81205785;-0.7371069,1.1774176,-1.2027601;-0.28013134,0.008570098,0.19643635;-1.2414929,-0.9702692,1.0731851;1.4334213,-1.0938543,1.4570433;2.2630155,-1.6400268,1.3482747;-1.531201,0.3235777,-0.34740236;-0.123165935,-0.23630098,-0.27730307;-0.82865196,0.73064876,-1.7331588;1.1317306,-0.18713677,0.4730505;-0.85180765,2.1408367,0.6241189;1.2924361,-0.3575959,1.2653869;0.048198134,1.2896354,-0.6294445;-0.96614546,0.7706406,-2.0718317;0.28484923,-0.18804161,0.4487865;-0.052931838,0.7452446,0.32722247;2.2129319,-1.7082449,1.1940829;0.9339182,-0.4393278,0.845982;-1.567072,-0.969333,1.020291;-1.573956,-1.0176748,0.996518;0.08809696,-0.51765615,0.16439858;-1.3187621,0.15727969,-0.3799425;-0.78794944,0.477118,-1.635217;-1.31759,-1.0189242,1.095055;-0.13385028,0.30562058,-1.4351971;-0.32379285,1.8504273,-1.1207213;0.13296829,0.23603827,0.0037203452;0.8606516,0.4113419,0.70156676;-0.5177082,-0.68905413,0.8550367;-0.5722547,0.4015416,-2.1447434;-0.20215386,0.032713383,-0.7884001;-0.7977207,1.8495164,-1.8963697;2.2373557,-1.5774028,1.1818258;-0.1209162,-0.34657395,0.64289284;0.38851622,-0.09639707,-0.19794926;-0.11125555,1.200746,0.46618646;0.22425836,-0.08803907,0.9631467;-0.18892078,0.98001444,0.7787635;0.21454576,-0.743245,-0.7021717;1.6600214,-0.5888373,1.3552768;1.119382,-0.20053385,0.5876379;0.06800758,1.552073,-0.7746491;0.9754158,-0.3017576,0.51783293;-0.5400964,0.48717037,-2.0786142;-0.6214863,1.8154749,0.7043575;-1.0205034,2.3123188,0.6986627;0.08751261,-0.02782955,0.8419166;-0.23744248,-0.3384857,0.30390126;-1.6160587,-0.94280344,0.98035973;1.4409224,-0.7192434,1.1450254;-0.13079645,0.70409644,0.18021029;2.112503,-1.5452859,1.2394661;-0.15426713,1.1486535,0.8778958;-0.46155697,-0.53119385,-1.1158363;-0.09405915,1.136125,0.8473598;-0.4361488,0.37371176,-1.8940499;-0.16594565,0.8446295,-0.22911644;-1.0616673,0.11589617,-0.46585888;-0.2095481,1.6340301,-1.2177813;2.1044276,-1.7618102,1.0729833;-0.4759302,0.37993857,-1.9265038;-0.21795723,-0.987912,-1.125855;1.166934,-0.6718748,1.2653465;-1.0364664,-0.9673142,0.7909571;-1.0111104,0.81527096,-2.0275235;-0.2814059,0.80318487,-0.48665574;2.1526291,-1.8613088,1.4192442;-0.49250317,1.5937887,0.44712883;-0.44768855,0.96407765,-1.0497053;-0.5459653,-0.38026506,-1.2272283;2.0151467,-1.5450011,1.5738587;1.7843264,-1.91295,1.3888868;-0.53708726,0.29076365,-1.0940142;-0.70645905,0.06515436,-0.42529997;2.1353676,-1.7989893,1.3122593;0.8293843,-0.6529307,0.5150693;0.1347507,0.31518176,-1.0135646;-0.12740979,-0.35093537,-0.82309294;0.8473768,0.54964036,1.0508155;-0.020845808,-0.65168786,-0.75500405;-0.4801721,1.8736954,-1.3628819;1.6154863,-0.25360242,1.3087499;2.1477113,-1.6508001,0.9803761;-1.5933334,0.20339957,-0.15008181;-0.7957472,2.2384484,0.607787;0.51171154,0.059019253,0.5638544;1.8472109,-1.2021255,1.1532303;-0.36162052,1.8437392,-1.0543169;-0.13757338,-0.79250336,-0.9618233;0.35746312,1.1756346,-0.5839819;0.5333306,0.22191164,0.0099978745;-0.25133547,1.3390679,0.84812224;0.38426676,0.29883412,0.74387103;-0.6871694,1.3278079,-1.458703;1.252663,-0.34792176,1.3047783;-0.50717974,0.30792373,-0.9617157;2.1552942,-1.8112313,1.1112547;1.0890931,-0.45363072,0.85551894;-1.770361,-0.7148391,0.83293855;1.9315444,-1.4897649,1.1162769;1.5473683,-0.7804428,1.4068309;1.1820823,0.085008614,0.5234051;-1.4254353,-1.303903,1.0109211;-0.7759238,1.427443,-1.5281733;0.62172157,0.46763092,-0.03288644;2.27885,-1.6507118,1.2438966;-0.4391982,0.7435828,-1.0516835;1.0394391,0.29030922,1.1313828;-0.9997667,0.81281376,-2.1466868;1.5165131,-0.7420452,1.381325;-0.6968253,1.331687,-1.479179;1.7447473,-1.5235269,0.92865866;-0.7926063,1.1158559,-1.5071347;-1.1576544,-1.142337,0.9908455;-0.22367573,-1.1893677,-1.0377524;2.1218553,-1.8616155,1.2594333;-0.49477902,0.22997592,-1.2167137;0.3003376,0.5403778,0.23565188;-1.2342997,-1.155154,1.018573;0.55249804,0.05533719,0.16068229;0.78519076,-0.027470397,0.5944227;0.06869081,0.3041572,-1.1276;0.54227304,0.12561005,-0.23523892;-0.124222524,1.4208277,-0.90677404;-0.08802222,1.7029678,-1.0685165;-1.3064029,0.16239755,-0.4752059;0.05530062,-0.2860359,0.6650963;-0.10005802,0.5507313,-0.13349602;-1.2503331,-1.1916115,1.0146757;0.61930627,-0.1290439,0.7909234;-0.5086857,1.6675215,0.6031894;-0.30961603,0.40372133,-1.7156665;1.454489,-1.013187,1.3482666;-0.479233,1.9513648,-1.419309;0.5863137,0.6927411,0.8064296;-0.063650645,-1.0735444,-1.0086956;1.4965167,-1.0341004,1.5661772;-1.8133698,-0.13279712,0.2979316;-0.96063036,-0.96282446,0.95385134;-0.15960199,0.9652731,0.8620306;1.8927603,-1.7886212,1.0732027;0.08343242,-0.35872313,0.15939377;0.695504,-1.2880502,-0.4682733;-0.8278991,2.0857563,0.70252025;0.926595,0.5828335,0.6935704;1.5955008,-1.2150074,1.4288934;0.09146829,0.6400848,-0.25274128;1.146672,-0.5067643,0.54017776;-1.3316013,-1.1374084,1.0370603;-0.085819304,-0.1537051,0.46751374;1.2359023,-0.31711298,1.2528062;-2.0482392,0.24289997,0.3235493;2.067708,-1.8231285,1.15486;-0.7109033,-0.6372727,-1.5330577;0.42996395,-0.84856886,-0.58869797;1.5198377,-1.1394283,1.3049424;-0.37992418,0.491773,-0.21204859;2.1761112,-1.4449421,1.2655642;-0.54944754,-0.56476486,-1.2504934;-0.04846903,0.29949525,-1.277718;1.7499509,-0.87459546,1.4688867;0.52443844,-1.4520035,-0.58730114;-0.5676153,-0.47389367,-1.2330308;0.36927605,-1.3033582,-0.73903644;-0.09591689,0.18933764,-0.485352;-0.22011128,-1.0724287,-1.2065663;-1.4558771,0.25259033,-0.31128672;0.12595567,1.2795495,-0.6291729;-0.25111815,1.3730018,0.48893028;0.2698554,-0.020271383,0.911714;0.22342753,1.3361917,-0.6753889;0.109313495,-0.008877267,-0.058324758;-0.9928132,0.79623157,-1.9856783;-1.7257346,-0.806894,0.88365716;0.45535347,-1.2062668,-0.6621857;1.547088,-1.4736644,0.9576879;0.2181946,-0.064502105,0.8815729;-0.10229462,0.27545142,-1.3349273;-0.077968985,-0.5564294,-0.88665324;-1.6093849,-0.9885922,0.9729457;-0.7107344,0.56651545,-2.2899776;2.013117,-1.3282291,1.0093566;1.5558316,-0.47262025,1.0245728;-1.4103675,-1.0772432,1.0538968;0.53407234,-0.39834642,0.807713;-0.19505641,-0.28467867,0.1742454;1.2956953,-0.6388828,0.6888067;-0.11729561,0.6061831,-0.47883242;-0.09928706,-1.1513325,-1.1203564;-0.71677136,0.27060166,-1.4432021;0.7976754,-0.04641764,0.266181;1.978781,-1.7041687,1.1510725;1.1922748,-0.42445615,0.72113067;-0.5154866,-1.0098633,-1.3421234;0.13498978,-1.2081298,-0.9560807;-0.3243916,0.34034044,-1.7504193;1.9001656,-1.2524728,1.0328498;2.0843952,-1.813161,1.2312877;-0.5397987,-0.5774052,0.54908675;-0.024472546,1.6270308,-0.89222246;-0.94595486,-1.0699927,0.8407359;-0.26555556,0.15825213,-0.92952985;0.6586106,0.41612443,0.0022004137;-0.5618201,1.9312874,-1.4903674;1.3315923,-0.6699123,1.0989289;-0.899039,0.7063986,-2.385502;0.3954107,-0.45535812,0.28550044;0.84836066,-0.2563722,0.12351463;-0.99139345,2.233026,0.5447218;0.55832416,0.5501606,0.060202133;-0.74075615,-0.8796306,0.8207941;1.2097589,-0.6690382,0.71745604;-0.33866295,-0.37315693,0.29263735;-1.4798366,-1.0126934,1.0587883;-1.9806578,0.1736968,0.34213984;0.14402014,0.08086657,0.078012265;0.054548692,0.5170798,0.2560029;1.3455706,0.13963166,0.54752827;-0.5472336,-0.44466022,-1.2163073;-0.5963148,-0.600799,-1.3462217;1.6567184,-0.16930898,1.2533897;2.1746058,-1.8616315,1.4336921;-1.7956963,-0.65695775,0.8025373;-1.4390876,0.28654537,-0.2891265;-0.9939063,0.8137424,-2.444305;-0.54099995,-0.7068493,0.74606365;1.0599289,-0.60497665,0.79702294;0.1304265,0.6311505,0.24600223;0.75048476,0.54508626,0.9004851;-0.9497095,0.744251,-1.8622346;-0.8261599,0.55423975,-1.4751427;-1.4283466,0.27614087,-0.35413995;-0.17420566,-0.71541184,-0.7793938;0.53301257,0.7304535,0.79272395;-0.024264246,1.263938,-0.64705575;-1.0940583,0.13386251,-0.5690226;1.2896287,0.21128169,0.487015;-0.16670078,1.1868212,0.8594863;-0.21142846,0.71879745,-0.73961395;0.5884504,0.80053777,0.4386862;1.4424915,-1.145808,0.7259374;-0.16070299,1.7173179,-1.0644063;-1.0766474,0.29392353,-0.69792116;-0.6779681,0.50075704,-2.2676506;0.3365506,-0.09095521,0.65581447;1.8381265,-1.0245746,1.0203859;1.7837422,-1.2625806,1.0127958;0.8792426,-0.14972833,0.18315244;-0.41536674,-1.0449352,-1.2645721;-0.23651387,1.2761717,-0.9598711;0.05103374,1.2837698,-0.6617591;0.72225136,-0.05427781,0.3371189;-0.78869057,0.5138613,-1.5378027;-0.54646,1.9428717,-1.4670032;-0.11289116,1.2303567,0.82565;-0.43181786,1.4836564,0.4230737;0.014751395,0.37115285,0.030285154;-0.53967893,-0.21132226,-0.9397997;-1.0279094,0.87120444,-2.330479;-1.6819696,0.26464126,-0.092610754;1.487349,-1.2278572,0.97054636;1.0900383,-0.42907545,0.7268562;1.7694397,-0.8081416,0.97172326;-0.21577138,0.8612764,-0.6881609;-0.6577385,0.1277698,-0.45951825;-0.071142666,-0.006808422,0.56195486;-0.08596258,-0.32106242,0.019228691;0.29666886,-1.1877096,-0.791369;-0.6399641,0.5344607,-2.2153037;1.0130588,0.46202695,1.0714846;1.6884202,-1.1004162,1.2579825;1.3672588,-0.9336652,0.53258455;-0.06653656,-0.32287118,0.5922484;-0.062360615,-0.21582597,0.64938504;0.11357899,0.934372,0.92986894;0.69817936,0.6528292,0.68236834;0.019670704,0.30553126,-1.2043812;1.1790167,0.030730333,0.53656965;-0.29512426,1.3906386,0.6573086;-1.4324931,0.09737279,-0.18243727;-0.41224235,1.3778843,0.69136673;-0.37902018,0.32887036,-1.7622812;0.7898039,0.3650659,0.87259996;-0.060612194,-0.5019975,-0.82738066;-0.29502752,0.818393,-0.7690609;1.6719481,-1.149424,1.311057;1.8483374,-1.6831658,1.3207195;-0.3561822,0.31565088,-1.7857562;-0.9438473,0.119239196,-0.4290214;0.34532246,0.82155645,0.5974698;2.0764794,-1.7669915,1.491588;-0.7483189,0.91680056,-1.4407712;0.13101856,-0.3425176,0.64776945;-0.26760003,-0.4007132,0.5950842;1.4405186,-1.104259,1.0819918;-0.14188124,0.628746,-0.5570709;-0.6404341,2.075424,0.64548403;-1.0489496,2.3013675,0.6091584;-1.428963,-1.0488869,1.0642982;-1.9562665,0.27927616,0.22048716;-0.8653815,-1.0126559,0.8849377;-0.25505346,0.58430815,-0.1641606;-0.38333243,-0.3820723,0.46934763;-1.8307357,0.13877606,0.044726517;-0.5183696,0.19968878,-0.8393235;-0.33250588,0.87232935,-0.932298;-0.817532,2.2417877,0.711794;-0.1066375,0.66537094,0.20139469
