data_set
babi-q1
num_classes
6
data_points
1000
model
saved_models/babi-q1-e0184.ckpt
color_schema
#4E79A7,#F28E2B,#E15759,#76B7B2,#59A14F,#EDC948,#B07AA1,#FF9DA7,#9C755F,#BAB0AC
test_accuracy
0.911
test_loss
0.34150611796975133
train_accuracy
0.9745
train_loss
0.07282030914118513
val_accuracy
0.934
val_loss
0.25879254304617644
labels
12,9,15,12,15,12,11,12,17,17,15,11,17,10,10,15,11,15,17,15,12,17,17,12,10,10,10,15,15,15,12,17,15,15,9,17,9,11,15,10,9,11,9,12,11,15,12,9,17,10,10,17,11,11,15,10,15,12,11,12,12,17,9,11,11,15,15,9,17,17,11,12,11,10,9,15,15,15,12,17,11,9,10,11,17,11,11,12,15,15,9,9,12,9,9,15,15,15,10,10,10,9,17,11,11,12,10,9,17,10,9,9,15,12,15,11,17,15,9,17,10,9,10,12,10,17,11,11,11,9,11,12,9,11,15,9,17,15,9,9,17,12,12,17,10,15,15,15,15,15,11,11,9,17,10,9,11,10,17,12,10,10,10,11,9,11,11,11,15,10,17,17,11,9,9,17,15,10,17,17,12,12,12,12,10,9,17,11,15,17,12,15,11,12,12,11,17,15,9,10,12,17,17,10,12,9,15,12,9,12,9,10,12,10,9,10,9,12,12,9,9,12,15,12,10,17,12,11,9,9,17,11,12,17,12,10,10,10,10,17,12,15,11,11,15,15,11,11,11,11,10,17,9,9,10,10,17,17,15,11,11,17,12,17,17,9,11,10,9,10,15,17,17,15,9,17,15,12,17,9,9,11,17,17,11,17,9,17,11,9,15,15,10,15,15,11,11,12,12,9,9,9,9,17,12,11,9,17,17,15,11,11,17,10,11,17,10,17,17,11,11,15,15,11,11,9,10,11,11,10,15,17,15,10,10,17,12,17,12,12,12,11,17,15,11,17,12,12,15,15,10,11,11,10,10,9,17,12,11,12,11,9,11,11,11,11,11,12,12,12,12,12,11,11,17,10,15,9,9,10,9,10,10,17,17,15,17,17,17,15,15,12,9,10,17,17,10,17,9,11,10,11,10,15,17,15,12,10,11,15,10,11,9,12,17,10,10,15,12,9,12,12,9,12,10,15,15,17,10,10,17,15,15,15,17,11,15,9,10,11,10,12,9,11,10,11,10,12,11,15,15,15,15,11,9,15,10,12,11,12,9,11,10,17,11,11,10,10,10,17,12,17,17,9,15,11,9,15,11,9,10,10,12,12,11,10,9,12,10,9,15,10,10,11,11,15,15,10,12,12,15,11,9,12,9,15,10,17,17,10,10,17,10,10,17,9,9,10,12,11,17,17,12,12,11,12,17,11,11,12,11,11,11,17,9,11,10,12,12,10,11,17,12,12,15,11,15,15,12,10,10,9,17,10,15,12,15,10,10,10,11,10,11,15,10,9,9,15,10,10,10,10,15,15,17,9,10,12,10,10,12,12,11,15,10,10,11,12,10,10,17,12,17,11,9,9,17,17,11,10,10,10,15,15,17,11,15,12,11,10,15,17,9,11,9,17,15,12,15,17,11,17,17,15,9,10,9,9,10,10,9,10,10,15,11,11,11,15,12,9,11,11,10,17,11,11,12,17,15,15,9,11,15,15,11,9,15,15,11,15,15,15,11,10,10,9,17,17,17,17,10,10,17,9,15,9,17,12,12,12,15,15,15,17,9,11,9,17,9,12,11,9,9,17,11,11,11,10,15,10,12,12,9,9,17,12,12,9,17,12,11,11,15,15,12,11,12,17,12,17,11,12,11,17,17,11,17,9,11,9,10,10,12,17,10,12,9,9,9,15,11,11,15,17,9,10,9,12,17,15,17,17,12,10,12,11,11,17,15,9,17,10,9,11,12,15,9,15,12,10,9,10,17,17,15,15,9,9,9,17,10,17,17,9,12,17,17,12,12,11,11,11,11,17,11,17,17,17,17,17,12,9,17,10,17,11,10,10,12,12,11,11,17,12,12,17,17,15,11,17,11,11,9,12,9,17,9,10,9,15,11,9,11,15,10,9,9,9,17,12,11,11,17,15,15,10,10,11,11,17,10,12,9,10,10,10,10,10,15,17,9,11,17,15,12,11,10,10,15,12,10,11,12,12,11,11,11,15,12,17,10,12,17,17,12,10,10,12,17,10,11,17,11,12,17,17,11,12,11,17,9,9,11,17,11,11,15,15,17,17,10,10,17,12,11,15,12,11,11,10,9,12,12,15,10,9,17,15,17,9,17,17,10,17,15,12,12,11,10,10,10,17,17,15,12,17,9,9,15,10,12,15,15,15,17,17,15,11,15,10,12,9,9,10,11,11,9,9,12,15,9,15,9,12,12,10,17,17,10,12,15,9,10,17,11,11,11,17,9,9,11,15,11,11,11,15,12,17,9,10
pred_labels
12,9,15,12,15,12,11,12,15,17,15,11,17,10,10,15,11,15,15,12,12,17,17,12,10,10,10,15,15,15,12,17,15,15,9,17,9,11,15,11,9,11,11,12,11,15,12,9,17,10,10,17,11,12,11,10,15,12,12,12,12,17,9,11,11,15,15,9,17,10,11,12,11,10,9,15,11,15,12,17,11,9,10,15,17,11,11,12,15,15,9,9,12,9,9,15,15,15,10,10,10,9,17,11,11,12,10,9,17,10,9,9,15,12,15,11,17,15,9,17,10,9,9,12,10,17,11,15,11,9,11,10,9,11,15,9,17,15,9,11,17,12,12,17,10,15,15,15,15,15,11,11,9,17,10,9,11,10,17,12,10,10,10,11,9,11,11,11,15,10,17,17,11,9,9,17,15,10,17,17,12,12,12,12,10,9,17,11,15,17,12,15,11,12,11,11,17,11,9,10,12,17,12,10,12,9,15,12,9,9,9,10,12,10,11,10,9,12,12,11,9,12,15,11,10,17,17,11,9,9,17,11,12,17,12,10,10,12,10,10,12,15,11,11,15,15,11,11,17,11,10,17,9,9,10,10,17,17,15,11,11,17,12,17,17,9,11,10,9,10,15,17,11,15,11,17,15,12,17,9,9,11,17,12,11,17,9,9,11,9,15,15,10,15,15,11,11,12,12,9,9,11,11,17,17,11,9,17,12,15,11,11,17,10,11,17,10,17,15,11,11,15,15,11,17,9,10,11,11,10,15,17,15,10,10,17,12,11,12,11,12,11,17,15,11,17,17,12,10,15,10,11,11,10,10,9,17,12,11,12,11,9,11,11,11,11,11,12,12,12,12,12,11,11,17,10,15,9,11,10,9,10,10,17,17,15,17,17,10,15,15,12,9,10,17,17,10,17,9,11,10,11,10,15,17,15,12,12,11,15,10,11,9,12,17,10,10,15,12,9,12,12,9,12,10,15,15,17,10,10,17,15,15,15,17,11,15,9,12,11,10,12,9,11,10,11,10,12,11,15,15,15,15,11,9,15,10,12,11,12,9,11,10,17,11,11,10,10,10,17,12,17,17,9,15,11,9,15,11,9,10,10,12,12,11,10,9,12,10,9,15,10,10,11,11,15,15,10,12,12,15,11,9,12,9,15,10,17,17,10,10,17,10,10,12,9,9,10,12,11,17,17,12,11,11,12,17,11,11,12,11,11,11,12,9,11,10,12,12,10,11,17,12,12,15,11,15,11,12,10,10,9,17,10,15,12,15,10,10,9,11,10,11,15,10,9,9,15,10,12,10,10,15,15,17,9,10,12,10,9,12,12,11,11,10,10,11,12,10,10,17,12,17,11,9,9,17,17,11,10,10,10,15,15,17,11,15,12,12,10,15,17,9,11,9,17,15,12,11,17,11,17,10,15,9,10,9,11,10,10,9,10,10,15,11,11,11,15,12,9,11,11,10,17,11,11,12,17,15,11,9,11,15,15,11,9,15,15,11,15,15,12,11,10,10,9,17,17,17,12,10,10,17,9,15,9,17,12,15,9,15,15,15,17,9,11,9,17,9,12,11,9,9,17,11,11,11,11,15,10,12,12,9,9,17,12,12,9,12,12,11,11,15,15,12,11,12,17,15,17,11,12,10,17,17,11,12,9,11,9,10,10,12,17,10,12,9,9,9,15,11,11,15,17,9,10,9,12,17,15,17,17,12,10,10,11,11,17,11,9,17,10,9,11,12,15,9,15,12,10,9,10,17,17,11,15,9,9,9,17,10,17,17,9,12,17,17,12,12,11,11,11,11,17,11,17,17,9,17,10,12,9,17,10,17,11,10,10,12,17,11,11,11,12,12,17,17,15,11,17,11,11,9,12,11,17,9,10,9,15,11,9,9,15,10,9,9,9,17,17,11,11,17,15,15,10,10,11,11,12,10,12,9,10,10,10,10,10,15,17,9,11,17,15,12,11,10,10,15,12,10,11,12,12,12,11,11,15,11,17,10,12,17,15,12,10,10,12,12,10,11,17,11,12,17,17,11,12,11,17,9,9,11,15,11,11,15,15,12,17,10,10,17,10,11,15,12,11,11,10,9,12,12,15,10,9,17,15,17,9,17,17,10,17,15,12,12,11,10,10,10,17,17,15,12,17,9,9,15,10,12,15,15,15,17,17,15,11,15,10,12,9,9,10,11,11,9,9,12,12,9,15,9,12,11,10,17,17,10,12,15,9,10,17,11,11,11,12,9,9,11,15,11,9,11,15,12,17,9,11
pred_correctness
True,True,True,True,True,True,True,True,False,True,True,True,True,True,True,True,True,True,False,False,True,True,True,True,True,True,True,True,True,True,True,True,True,True,True,True,True,True,True,False,True,True,False,True,True,True,True,True,True,True,True,True,True,False,False,True,True,True,False,True,True,True,True,True,True,True,True,True,True,False,True,True,True,True,True,True,False,True,True,True,True,True,True,False,True,True,True,True,True,True,True,True,True,True,True,True,True,True,True,True,True,True,True,True,True,True,True,True,True,True,True,True,True,True,True,True,True,True,True,True,True,True,False,True,True,True,True,False,True,True,True,False,True,True,True,True,True,True,True,False,True,True,True,True,True,True,True,True,True,True,True,True,True,True,True,True,True,True,True,True,True,True,True,True,True,True,True,True,True,True,True,True,True,True,True,True,True,True,True,True,True,True,True,True,True,True,True,True,True,True,True,True,True,True,False,True,True,False,True,True,True,True,False,True,True,True,True,True,True,False,True,True,True,True,False,True,True,True,True,False,True,True,True,False,True,True,False,True,True,True,True,True,True,True,True,True,True,False,True,False,True,True,True,True,True,True,True,True,False,True,True,True,True,True,True,True,True,True,True,True,True,True,True,True,True,True,True,True,True,True,True,True,False,True,False,True,True,True,True,True,True,True,True,False,True,True,True,False,True,True,True,True,True,True,True,True,True,True,True,True,True,False,False,True,False,True,True,True,False,True,True,True,True,True,True,True,True,True,False,True,True,True,True,True,False,True,True,True,True,True,True,True,True,True,True,True,True,False,True,False,True,True,True,True,True,True,False,True,False,True,True,True,True,True,True,True,True,True,True,True,True,True,True,True,True,True,True,True,True,True,True,True,True,True,True,True,True,True,False,True,True,True,True,True,True,True,True,True,False,True,True,True,True,True,True,True,True,True,True,True,True,True,True,True,True,True,True,False,True,True,True,True,True,True,True,True,True,True,True,True,True,True,True,True,True,True,True,True,True,True,True,True,True,True,True,True,True,True,False,True,True,True,True,True,True,True,True,True,True,True,True,True,True,True,True,True,True,True,True,True,True,True,True,True,True,True,True,True,True,True,True,True,True,True,True,True,True,True,True,True,True,True,True,True,True,True,True,True,True,True,True,True,True,True,True,True,True,True,True,True,True,True,True,True,True,True,True,True,True,True,True,True,True,True,False,True,True,True,True,True,True,True,True,False,True,True,True,True,True,True,True,True,True,False,True,True,True,True,True,True,True,True,True,True,True,True,True,False,True,True,True,True,True,True,True,True,True,True,True,False,True,True,True,True,True,True,True,True,True,False,True,True,True,True,True,True,True,True,True,False,True,True,True,False,True,True,True,True,True,True,True,True,True,True,True,True,True,True,True,True,True,True,True,True,True,True,True,True,False,True,True,True,True,True,True,True,True,True,False,True,True,True,False,True,True,True,True,False,True,True,True,True,True,True,True,True,True,True,True,True,True,True,True,True,True,True,True,True,True,False,True,True,True,True,True,True,True,True,True,True,True,False,True,True,True,True,True,True,True,False,True,True,True,True,True,True,True,True,False,False,True,True,True,True,True,True,True,True,True,True,True,True,True,True,True,True,True,False,True,True,True,True,True,True,True,True,True,True,False,True,True,True,True,True,True,True,True,True,False,True,True,True,False,True,True,True,False,True,True,True,True,True,True,True,True,True,True,True,True,True,True,True,True,True,True,True,True,True,True,True,True,True,True,True,False,True,True,True,False,True,True,True,True,True,True,True,True,True,True,True,True,True,True,True,False,True,True,True,True,True,True,True,True,True,True,True,True,True,True,True,True,True,True,True,True,True,True,False,True,False,True,True,True,True,True,True,True,True,True,False,True,True,False,True,True,True,True,True,True,True,True,True,True,True,False,True,True,True,True,True,True,True,False,True,True,True,True,True,True,False,True,True,True,True,True,True,True,True,True,False,True,True,True,True,True,True,True,True,True,True,True,True,True,True,True,True,True,True,True,True,True,True,True,True,False,True,True,True,False,True,True,True,True,False,True,True,True,True,False,True,True,True,True,True,True,True,True,True,True,True,True,True,True,False,True,True,True,True,False,True,True,True,True,False,True,True,True,True,True,True,True,True,True,True,True,True,True,True,True,True,True,True,True,True,True,True,True,True,True,True,True,True,True,True,True,True,True,True,True,True,True,True,True,True,True,True,True,True,True,True,True,True,True,True,True,True,True,True,True,False,True,True,True,True,False,True,True,True,True,True,True,True,True,True,True,True,True,False,True,True,True,True,True,False,True,True,True,True,True,False
p2d-kl
0.5010016560554504
p2d-iter
599
p2d
1.2693498,0.88203675;-0.47055483,-1.8581654;2.1048312,-0.06601026;1.2079949,0.94446415;2.2192218,-0.09327896;0.98022896,1.1394926;-1.6867222,-0.047250405;0.6117395,1.2593759;-0.35349348,-0.519142;0.32305187,-0.48063314;2.149696,-0.08301087;-0.9775328,-0.41117105;0.9207455,-0.15837775;-0.37390274,1.5957719;-0.3189633,-0.7434129;2.119451,-0.027255937;-1.395898,-0.09189794;2.4941635,-0.30261332;-0.36435732,-0.50372523;0.020815404,-0.13819145;0.9452095,1.1477437;0.82875025,-0.4898978;0.65781885,0.3182588;-0.47477648,-0.9782403;-0.57624096,0.87396365;-0.37940177,1.7352837;-0.28374106,1.7987332;2.4594924,-0.3073923;-0.065794125,0.5151379;-0.1662831,-0.15097839;1.1070893,0.8658638;0.93587834,-0.36111754;2.1836772,-0.14995636;2.3693483,-0.17050768;-0.116763555,-2.495015;0.71303993,-0.5566306;-0.3793541,-1.5201334;-0.8833004,-0.44343612;-0.114300504,0.51715475;-0.548544,0.17680463;-0.12144637,-2.2893994;-1.2692049,-0.20176551;-0.43256378,-0.7237724;0.56813264,0.53625846;-1.2976403,-0.1806314;-0.27748635,0.091257215;0.36432725,0.36457995;-0.1875993,-2.3766286;0.86776865,-0.51716495;-1.1099043,1.2333301;-0.93603706,1.3588061;0.7642065,-0.2726901;-0.9286128,-0.32776695;-0.36252794,-0.7198883;-0.41721782,-0.6490996;-0.3268376,1.7775482;-0.17493054,0.2755243;0.75686324,1.2524266;0.47305638,0.59523964;0.8232451,0.66584355;1.2427654,0.86958075;0.9280505,-0.43957555;-0.08950423,-2.3865318;-0.97284985,-0.4343236;-0.028032763,-0.25505883;2.4101279,-0.2804859;-0.28315306,0.43681714;-0.35956907,-1.0293648;0.8699521,0.41093;0.4448419,0.67009836;-1.6941147,-0.16229883;0.9000166,0.8978967;-1.3405626,-0.121741764;-1.0607533,1.3021498;-0.09886226,-2.4908707;2.5002568,-0.40361136;-0.56336874,0.087071724;2.3030753,-0.297722;0.6269855,0.7618152;1.0475688,-0.29441643;-1.7592825,-0.06264849;-0.46719807,-1.6430968;-0.97427994,1.4383503;-0.49143168,0.27518073;0.8887927,-0.5254967;-1.7238481,-0.14312522;-1.4740146,-0.15068503;1.0995666,0.8656876;2.4215553,-0.32943198;2.3335366,-0.344269;-0.1487356,-2.3174143;-0.24489163,-2.2126236;0.600489,1.245644;-0.3120164,-1.9490849;-0.37392342,-1.3068427;-0.07330024,0.32189575;-0.19874898,0.44452736;1.9738808,0.010923487;-0.6392409,1.2832916;-0.2735142,-0.73698133;-0.7453352,1.5414829;-0.45026144,-1.6868559;0.88414663,0.12808934;-1.1151667,-0.25505328;-0.5994773,-0.67914575;0.93668747,1.2231281;-1.0540614,1.2769195;-0.40377033,-1.2442212;0.9319458,0.18743603;-0.99009603,1.4195694;-0.32046086,-1.7628509;-0.44778404,-1.1421458;2.4985723,-0.30946907;0.9035555,1.0281214;-0.31393832,0.21034724;-0.9615943,-0.32598;0.6898986,0.38755456;-0.056620028,0.40855443;-0.26299393,-1.0547675;0.839387,-0.5486955;-0.88062215,1.3967154;-0.19263548,-2.2243733;-0.32241476,-0.9285647;0.7801954,0.6475753;-0.45448872,1.7407151;0.85088634,-0.3636789;-1.3514204,-0.15331922;0.0022275972,-0.050482225;-1.6494522,0.022193413;-0.4007358,-1.509145;-1.7851117,-0.17570606;-0.61732966,0.9318217;-0.34759295,-1.5348305;-0.7271637,-0.3117492;-0.43514246,-0.57392544;-0.07046999,-2.4134955;0.8909801,0.1434791;2.3425877,-0.23140179;-0.23175582,-1.7032919;-0.5525467,-1.3107874;0.6359045,-0.57942355;0.94848734,0.85441506;0.21783961,-0.5133344;0.7794048,0.39519095;-1.2194626,1.2210356;2.3262565,-0.23212847;-0.13787824,0.5235787;2.2557766,-0.28291428;2.0467155,-0.11869185;-0.30283302,0.3578342;-1.7032388,-0.03223604;-1.0794305,-0.19866353;-0.31622845,-1.5902947;0.97521615,0.1299576;-1.0319333,1.2295238;-0.37196717,-1.7600679;-0.64363664,-0.58445567;-0.4109595,1.565448;0.7303194,-0.59976447;0.5764477,1.256946;-0.27018568,1.7514554;-0.6211716,0.8736894;-0.94052166,1.356826;-0.87696517,-0.4800415;-0.402679,-1.2266041;-1.8863688,-0.018025411;-0.92992485,0.18053924;-0.81542206,0.03633155;-0.09187248,0.35043186;-0.9150612,1.3145014;0.9120105,-0.41522896;0.4834952,0.031120397;-0.9358214,0.18348086;-0.38595474,-1.8648491;-0.5192075,-1.4024512;0.8363922,-0.34368077;2.1616418,-0.03842165;-0.5457804,1.6365693;0.69323325,-0.45949867;0.5399215,0.02976595;0.96878445,1.2084643;0.39947578,0.37830767;0.92458624,1.2667881;0.80640435,1.3040296;-1.0554209,1.3929789;-0.10760397,-2.3995516;1.0244392,0.4060916;-1.0251244,-0.41042414;1.9669987,-0.052684803;0.9700665,0.43471256;0.9658178,1.2153182;2.3793259,-0.31715322;-1.6893646,0.12172341;0.912257,0.850627;-0.19478454,-0.3683777;-1.8434744,-0.102333516;0.29894584,-0.5281712;-0.6379533,0.032592677;-0.2698984,-1.6087599;-1.0174223,1.3754559;1.1284952,0.8538145;0.75073296,-0.58358335;0.41448918,0.35316566;-1.1252128,1.2157325;0.8729802,0.9207367;-0.17204122,-2.3046825;-0.1249875,0.3218703;1.1437762,0.80434686;-0.21950051,-1.7662054;-0.039146338,-0.31343684;-0.39879227,-1.6374465;-1.1347377,1.2661606;0.81641024,0.80412185;-0.6121189,1.0960441;-0.49364614,-0.65735704;-0.47142303,1.6556423;-0.3630591,-1.7128952;0.9034975,1.171259;1.0704834,0.89336705;-0.06849316,-0.32883728;-0.34851885,-1.455562;0.46217895,0.5643373;2.4076767,-0.3775947;-0.47188842,0.30659837;-1.0003691,1.3425169;0.6982897,-0.5668183;0.37711903,0.08396268;-1.5904717,-0.059997417;-0.33381197,-1.8746846;-0.58069927,-1.3842175;0.8379072,-0.48928124;-0.65488756,-0.74654853;1.0563798,0.87918174;0.950423,-0.23183855;0.33119062,0.10333988;-0.74310845,1.5117792;-0.32862425,1.6150864;-0.34608975,-0.8798875;-1.062133,1.3381431;-0.30875078,-0.38080457;0.69177926,1.2994286;2.3893547,-0.3067456;-1.6709884,0.107505746;-0.508369,-0.612379;2.0463119,0.03291311;2.3151958,-0.21908216;-1.4006469,-0.15775196;-0.796469,-0.0033482302;0.2619567,-0.47604355;-0.74107873,-0.29174715;-1.0105059,1.3990902;0.08406355,-0.03208478;-0.31352943,-2.1062925;-0.29881698,-1.0678359;-0.7020568,1.5706137;-0.7852985,1.499192;0.75275296,-0.31801483;0.6655486,0.14501707;-0.38585696,0.040251207;-1.5621388,-0.10045627;-1.957658,-0.019790404;0.5393577,-0.6204607;0.6939595,1.2878597;0.6800113,-0.6042678;0.7097323,0.16218275;-0.41205403,-1.6810099;-0.9658497,-0.27096856;-0.3330219,1.7733788;-0.47937936,-1.8703443;-1.0429413,1.3706317;2.4651814,-0.3398161;0.820089,0.14632773;-0.21028827,-0.22080794;2.4955556,-0.4428272;-0.15476851,-0.22278887;0.7998754,-0.009282658;-0.25681832,0.33278647;1.1219568,0.96126544;0.9942409,0.5054332;-0.33915272,-1.8243023;-0.12099057,-2.284087;-1.0352443,-0.4091412;0.47204778,-0.6237808;0.6493949,0.5133079;-1.7516755,0.10825725;0.80771387,-0.4898509;-0.36825737,-1.4051354;-0.22041139,-0.98139614;-1.3111035,-0.109289244;-0.43660402,-1.6056468;2.460064,-0.3391079;0.028457174,-0.019669307;-0.9849665,1.3800428;2.136978,-0.12450199;2.4666214,-0.2022865;-1.0210129,-0.2905161;-0.6329822,-0.64045614;0.52460706,0.59962106;0.7188187,0.70492035;-0.3243839,-1.3985187;-0.10071483,-2.4433968;-0.54949814,-0.7518883;-0.37529013,-0.4829777;0.78287375,-0.5122318;0.5964495,0.0049538817;-1.5474427,-0.21661133;-0.3154277,-2.0513206;0.969721,0.14287066;-0.3323852,-0.8645933;2.1580899,-0.13239717;-1.7294528,-0.026982449;-0.5640212,-0.6402749;0.33704236,-0.527394;-0.57536584,1.6296773;-0.29610637,-0.41711363;0.79108715,-0.44482228;-0.83915526,1.1933017;0.77270526,-0.3639975;0.42665896,0.54840326;-0.86908275,0.05399409;-1.8498158,-0.040155023;2.199178,-0.1422641;-0.5841601,0.043745726;-1.3771653,-0.058612444;0.09768176,-0.005255164;-0.097909376,-2.3753865;-0.6705028,1.3475527;-1.9544457,-0.088823825;-0.7727739,0.14566383;-0.3370113,1.5488926;2.032893,0.01705534;0.7623492,-0.55283785;-0.029189067,0.421756;-0.34563783,1.5331882;-0.50554675,0.47054943;0.8637693,0.15678422;0.65198046,1.3363117;-0.38586792,-0.6906711;0.7396552,1.3173597;-0.41345325,-0.68203795;1.0160447,1.1403555;-1.8687502,-0.08312272;0.503946,-0.63564014;2.3207095,-0.18274583;-1.5416207,-0.11829636;0.7071167,-0.49718204;1.0486614,0.60215455;0.78724724,1.3025086;-0.19399047,-0.43309852;2.3981037,-0.23133686;-0.30427417,1.7939749;-0.78805935,-0.10927693;-1.6525713,0.05082491;-0.9483069,1.480301;-0.5817244,0.9980926;-0.43096426,-1.5632055;1.0492529,-0.24523672;0.72144616,0.65591055;-1.8439456,-0.010685658;0.90454555,1.1921554;-1.297201,-0.18360867;-0.51806253,-1.5521741;-0.91484565,-0.39030418;-0.8615718,0.04985896;-0.72730327,-0.22917092;-1.9171171,-0.11381378;-0.91616184,0.15159532;0.5560685,1.3465703;1.170021,0.87329984;0.61364657,0.76112294;0.65038985,1.2948073;0.5224836,0.45015424;-0.8387796,-0.4641904;-0.60649484,0.07776849;0.58999884,-0.6033898;-0.8077994,1.4048048;2.2953322,-0.18520035;-0.5587005,-1.5636871;-0.42058575,-0.74791294;-0.6740529,1.2660236;-0.09066874,-2.4097373;-0.5631878,0.8824247;-0.2564095,-0.8802134;0.774808,0.33724615;0.69782114,-0.014772505;-0.24399535,0.20676228;0.89287794,-0.2563569;0.52229935,-0.6264716;-0.7011258,0.8483995;2.0776663,-0.17442772;2.2970812,-0.22621717;0.7831569,1.2355999;-0.40398505,-1.4623427;-1.2097679,1.1774871;1.0022827,0.44147396;0.9565338,-0.37097993;-0.13998823,1.5977163;1.0253181,0.47345525;-0.36780086,-1.7815229;-0.7943688,-0.5423918;-0.7901006,1.4965252;-1.890811,0.072341934;-0.6543703,1.3057867;2.0328066,-0.121262014;1.0193715,-0.2437551;-0.34101194,0.0693615;0.44713193,0.6029412;0.33200443,0.06508948;-0.13027339,-0.200768;-0.10148532,0.34296942;-0.60686105,1.6725591;-1.6297791,-0.115347646;-0.14019088,-2.393853;0.52172285,1.3110265;0.8908022,-0.43511727;-1.1542647,1.2907567;-0.5588526,1.2399684;-0.12171916,0.31350702;0.543246,0.5164117;-0.46021453,-1.5219419;0.5336817,0.5008072;0.43246794,0.65610564;-0.2909001,-2.0269892;-0.0025029301,-0.1317571;-1.1574155,1.1838032;-0.123698786,0.27314565;-0.16354989,-0.16652837;0.4676348,-0.65183353;-0.6667195,1.5479798;-0.6362737,0.9401489;0.79786164,0.0029023523;-0.05371976,0.3635921;-0.22527786,0.21730632;-0.31510565,-0.35053945;0.9912249,-0.3144665;-1.8208683,-0.06411826;-0.39640954,-0.6267125;-0.47733542,-1.3896377;-0.03129262,-0.1591592;-0.57536036,0.071878724;-0.3432931,1.7417358;1.1635789,0.84409475;-0.20928574,-1.6783661;-0.89820236,-0.09699784;-0.61023706,1.5183637;-0.80784035,-0.4983543;-0.56902194,1.3274492;0.5352197,1.2527485;-0.88909936,-0.2946543;2.561343,-0.41573584;2.204645,-0.11965954;-0.16807903,0.52955467;2.562648,-0.40875006;-1.1217709,-0.18225005;-0.4699639,-1.5879831;2.1357996,-0.06418153;-1.0701782,1.2385588;1.1579167,0.89214057;-1.7250414,-0.06829731;0.98115766,1.0952367;-0.4033143,-1.5488975;-0.65361917,-0.77197033;-0.7289694,1.0938882;0.9103313,-0.46872213;-1.6291465,0.097950876;-1.6541927,-0.045565933;-0.9224286,1.4382819;-0.5821843,0.99466574;-1.213588,1.204062;1.0257027,-0.22947964;1.2422327,0.8960197;0.84240854,-0.26315683;0.33296403,-0.50350094;-0.21329336,-1.9793397;2.3331983,-0.27904996;-1.0840774,-0.22807668;-0.061826933,-2.5065658;2.0001159,0.0060552103;-1.6217021,0.033942036;-0.44708154,-1.84522;-0.3515039,1.7844725;-0.6280031,0.8656432;1.0710983,0.84034055;1.0904453,0.7751064;-0.92075086,-0.111050285;-1.1155224,1.3125106;-0.16554984,-2.2302873;0.63834846,1.3043741;-0.2765326,1.7720702;-0.49440655,-1.3329067;2.4868505,-0.389521;-1.076698,1.3499384;-0.37129393,1.5817052;-0.62218916,-0.59905213;-0.5496602,0.16706003;-0.15042697,0.28266266;-0.4132789,-0.601886;-0.6551364,1.56435;0.6219347,1.342234;0.3781075,0.34829226;2.1375883,-0.17261368;-0.9333119,-0.21776319;-0.380825,-1.4986781;1.1958133,0.8979988;-0.20835392,-2.1492121;2.2147937,-0.14888036;-0.72346616,1.3109168;0.44216523,-0.57460433;0.42636016,0.06877368;-0.99520725,1.3172824;-0.7190284,1.5417646;0.5301249,-0.59879357;-0.48572192,1.5809492;-0.12519604,-0.68326515;0.45485914,0.6200959;-0.067905195,-2.4904513;-0.26778793,-1.0539962;-0.3999138,1.496539;0.5225546,1.2749072;-1.1363205,-0.27448437;0.759878,-0.48592067;1.0136375,0.4314414;0.92537373,0.9079839;-0.74175227,0.18247549;-1.7773192,0.11354238;0.92638683,1.16084;1.0084009,-0.2885357;-1.3459938,-0.044386063;-0.0080166245,-0.025845377;0.9975653,1.1682631;-1.9418505,0.0015262482;-0.8414075,-0.0075960318;-1.4353544,-0.16770582;-0.20552985,-0.6491657;-0.37014288,-1.5413475;-1.8482662,-0.06562395;-0.67475045,1.5348989;0.828432,1.1271051;0.33752283,0.35362497;-0.5488382,1.5370891;-1.8941451,-0.010036806;0.77284056,0.017289154;0.7580599,1.2786783;0.8040409,1.184288;2.0498233,-0.037429463;-1.683467,-0.11201479;-0.17955528,0.3097351;-0.46334234,-0.57437813;1.1534818,0.91823035;-1.1814704,1.1650679;-0.33360356,1.8252146;-0.36618152,-1.470567;0.73065203,0.028469078;-0.13493186,1.5915174;2.1437936,-0.1278147;0.9455355,1.1943918;-0.37883368,-0.03815374;-0.30986547,1.659617;-0.6689362,0.8946543;-0.44872296,-1.137745;-1.3921098,-0.12370148;-1.1474198,1.3358902;-0.9156703,-0.0045717102;2.2382123,-0.2174122;-0.7066822,1.2519723;-0.17604633,-2.2765207;-0.46492428,-1.3043218;-0.24235307,0.38804692;-0.70615274,1.2814245;-0.48671535,0.3875949;-0.20956251,1.7931513;-0.59971684,0.87217146;-0.39043468,-0.65100724;-0.39218634,-0.46502447;0.7433595,0.36506215;-0.17203858,-2.2511551;-0.64499855,1.5798144;0.73515016,0.7851188;-0.68955594,1.205428;-0.32512492,-1.0138398;1.2876533,0.8868444;0.43162674,0.4137498;-1.8354775,0.11447618;-0.6984151,-0.33993706;-1.0937365,1.2227297;-0.4104492,1.7862358;-0.7938363,-0.51859385;0.52729326,0.65208966;-0.5977088,1.4889644;-0.19152987,-0.80302936;0.8822936,-0.2738358;0.96526885,0.9052999;0.8586266,-0.42355642;-1.637348,0.09517464;-0.087117426,-2.5270386;-0.036923867,-2.4617665;0.944994,0.1885216;0.19511211,-0.5194435;-0.7486695,0.16859037;-1.1650738,1.2742074;-0.6311891,1.6200336;-1.1377959,1.3071107;-0.342367,-0.017783856;2.437952,-0.19330454;0.57504374,-0.6259716;-1.7933589,-0.09170426;-0.3061253,0.11462694;0.59804666,0.69797516;0.4935292,0.68806005;-0.17990568,-0.76597285;2.3789332,-0.28937158;0.056667913,-0.022565389;-0.48352382,-1.2138232;-0.70274454,-0.051855836;-0.1956385,-2.213514;1.0074887,0.43963367;-0.27704263,0.18302353;0.54272825,1.3353269;-0.5480857,-0.5887563;0.69669217,0.09229361;-1.6895336,0.049387522;0.75416154,-0.034003776;-0.6686977,0.8045528;-0.4188084,0.009701802;-0.25491685,-1.9599986;-0.45310843,1.4476857;-0.3301723,-1.5509819;-0.3736277,-0.8807118;-1.1100746,1.2647187;-0.61624455,1.0146991;-0.17604633,-2.2765207;-0.9489459,1.3980178;-0.7262908,0.85203964;-0.17475271,0.45492667;-1.626142,0.23730399;-1.0293831,-0.2721376;-0.93032897,-0.44124734;-0.15752086,0.31288877;0.54608935,0.39264837;-0.37944686,-1.8265681;-0.97994334,-0.3277616;-0.547291,0.14087273;-0.58866507,1.6027011;0.6561187,0.08899532;-0.7246112,0.063411474;-0.976476,-0.33647797;0.8195886,1.2745981;0.8492985,0.31972975;-0.21170963,0.26764125;-0.45420155,-0.70635444;-0.29940417,-2.0331745;-1.3555694,-0.17136137;2.2007375,-0.22258407;2.0831206,-0.12451269;-1.539897,-0.07433286;-0.10780819,-2.4352021;2.0078034,0.030087654;-0.3183187,0.2162561;-1.4501868,-0.1689946;2.4767463,-0.27502435;-0.264674,0.12543617;-0.39579883,-0.5530025;-0.9380609,-0.23570175;-0.39832038,1.6507077;-0.695334,0.8771243;-0.41056547,-1.5782022;0.49825835,-0.010518701;0.7223286,-0.61873853;0.7664779,0.45452875;-0.06479782,-0.10845821;-0.7733984,1.541392;-0.36713976,1.5171708;0.9296901,0.21266355;-0.31407464,-1.0480261;-0.26254648,0.3718592;-0.22164346,-2.2689164;0.8369839,-0.40077785;1.0407108,1.1234531;-0.08341382,0.53419155;-0.30955067,-0.9612186;2.5014317,-0.35839108;-0.014819394,0.43139312;2.509748,-0.20882978;0.75315195,-0.08211723;-0.4792231,-1.253659;-1.6406543,-0.06246621;-0.22745661,-2.2274585;-0.12949455,-0.18407571;-0.3562196,-1.3418496;0.6543609,1.3123096;-1.6965709,-0.14690214;-0.19805531,-2.2803993;-0.5143832,-1.2915035;0.9535657,0.15704979;-0.9494557,-0.40155435;-1.7353674,-0.2244017;-0.751103,-0.13632886;-0.18326513,-0.40360972;2.1762445,-0.09533201;-0.56817275,0.747191;1.1856835,0.8567884;0.061450154,-0.16652611;-0.20385629,-2.3305972;-0.5894027,-1.3348942;0.46891832,-0.65187114;1.2438997,0.88724667;-0.21683198,-0.50140417;-0.19948797,-1.6602747;-0.31960416,-0.617029;0.5336739,0.57121897;-1.6561723,-0.13019045;-1.5224284,-0.13125506;-0.32555762,0.03212328;2.082493,-0.09303771;0.92666465,0.9601762;-1.9061021,-0.06687037;0.511592,1.3270544;0.7967125,-0.32256743;-0.05224378,0.45577538;0.65467495,0.019548945;-1.8169938,-0.04492448;0.7373412,1.2286152;0.47916624,0.67698866;0.9092942,0.36178637;0.73025715,0.28538367;-0.9930812,-0.28988135;0.51867795,0.16946916;-0.075791456,-2.4433918;-0.8992273,-0.30488572;-0.34922394,-2.041175;-0.377728,1.7707667;-0.14175467,-0.65835816;0.36630413,0.3138018;0.87870055,-0.39139858;-0.6265003,0.9509539;0.98656374,1.1833336;-0.3969946,-1.7490809;-0.30923674,-2.003052;-0.5901949,-1.2757912;-0.30811265,0.40802252;-1.7215477,-0.11205305;-0.82603675,0.0041638105;-0.5910394,-0.023887381;0.278962,-0.5101669;-0.39837626,-2.012228;-0.48902842,1.6283332;-0.14159194,-2.4324894;0.87702405,1.2139573;1.0412115,0.5263732;2.08353,-0.03900278;0.6652343,-0.5552622;0.557045,0.13994932;0.73837346,1.2981169;-0.6152396,1.4577461;-0.51281613,0.43517777;-1.3899289,-0.2251392;-0.76938784,0.13276845;0.8895088,0.17859732;-0.44905344,-0.6967988;-0.37232795,-1.9499662;0.8649864,0.12176762;-0.7411515,1.2377508;-0.3685417,-1.3470272;-0.95633537,-0.4356211;0.73148745,0.7877957;-0.24344696,0.20574658;-0.4610104,-1.2991925;-0.3059505,0.08219476;0.83691555,1.2924156;-0.70370203,1.2411091;-0.3478962,-1.5524163;-0.42086866,1.7198353;0.8639399,-0.4343596;0.72375476,-0.028948529;-0.4405065,-0.5241331;2.4128294,-0.3286808;-0.2589622,-2.1261213;-0.46039346,-1.3386608;-0.42123878,-0.9347928;0.95952517,-0.25340232;-0.4342584,1.7598222;0.6930721,-0.54116696;0.78431714,0.3219739;-0.35478222,-1.8893732;0.014121784,-0.077032015;0.80825835,0.038694628;0.36742273,0.040931936;0.7742177,0.77987146;-0.23553272,-0.9377047;-0.85912144,-0.07335675;-1.9337724,-0.04632253;-0.72901,-0.06024603;-0.31518823,-0.9967737;0.69429326,0.3293296;-1.7492151,0.108926095;0.990917,0.41971382;0.9963615,0.48925072;-0.4412362,-0.9914461;0.8782714,0.25382823;-0.27379546,-0.8078829;1.1266388,0.8941083;-0.44572303,-1.4996433;0.78873533,-0.048644137;-0.54649615,1.3309228;0.80788314,0.2994028;-1.6794496,0.0056002527;-0.6845815,1.521559;-0.41877556,1.4697665;0.55582714,1.289269;0.4560671,0.47872457;-1.8129863,-0.06858476;-0.7970762,-0.062350057;-0.044814285,-0.1357881;0.8936201,1.264354;0.57466155,0.5682794;0.65106815,-0.6146302;0.62242144,-0.60603607;2.077759,-0.011858312;-0.9191248,-0.07713869;0.4341121,0.034072258;-1.8609862,-0.0363257;-0.7617583,-0.01806124;-0.35665336,-1.6427726;0.48070264,1.2399021;-0.4328203,-0.7975089;0.80150115,-0.43504465;-0.33012334,-1.3669677;-0.61673605,1.6301597;-0.44356412,-1.1580372;2.530768,-0.3502374;-1.6737843,-0.14456657;-0.33214626,-1.9688259;-0.36043578,-0.9317543;-0.43029088,-0.019852212;-0.90852207,1.3320001;-0.22056276,-2.2575512;-0.36397895,-1.5943813;-0.32615873,-1.0913594;1.0415925,0.5405698;0.32888,-0.52624214;-1.7421477,-0.12212964;-0.8234484,-0.015084487;0.43908495,0.045345787;2.2130876,-0.2051103;-0.43663564,0.33587494;-0.48193714,1.7360172;-0.36453936,1.7391257;-0.5583127,-0.7284604;-0.53128904,-0.84014094;-0.1308987,-0.14918816;-0.262316,1.790823;0.52198887,1.2934347;-0.21885468,-1.6002635;-1.1797212,1.2576959;-0.5700606,0.8988673;-1.0153337,1.3197378;-0.36366737,1.4628755;-1.0942392,1.3383197;2.014882,0.019211937;0.87838244,-0.4813063;-0.4183503,-1.7703966;-0.82708603,-0.47929084;0.75071365,-0.3320335;-0.61717004,-0.01633552;1.0931492,0.8078458;-1.9141846,-0.11764004;-0.8434047,1.3857527;-0.5649996,1.2804682;-0.27573758,0.36227256;1.0389489,1.2074221;-0.33100644,1.7356905;-1.9341302,0.019029059;0.9671665,1.1421537;0.71789926,0.6906905;-0.0015705646,-0.20821582;-1.5933286,-0.15748163;-0.7525602,0.03135288;-0.34037814,0.08525535;-0.042709805,0.5399513;0.3893868,-0.55213684;-0.7966749,1.5054251;0.94323236,0.911296;1.0449834,0.5851758;-0.37037352,-0.6203754;0.33372927,0.35460663;-0.77861136,1.5297496;-0.5063018,1.6006455;0.7264342,1.345879;0.050500493,-0.15605633;-0.19170626,-0.7189252;-1.083117,-0.22612493;0.9684263,-0.33308306;-1.9016515,0.029790463;0.788568,0.5713651;0.7270793,0.22233391;0.84876883,-0.40190852;-0.8785549,-0.3396706;0.87748855,1.164226;-0.46354854,-0.49532965;0.4702802,0.064241566;-0.30896276,-1.6697611;-0.45624736,-1.1051413;-1.3938593,-0.15868254;-0.36718673,-0.56055886;-1.6162696,0.2512219;-1.7191175,-0.21141292;2.4580624,-0.29762164;-0.35797173,0.2866188;-0.30674437,-0.6156806;0.5075277,-0.6198381;-0.2755212,1.7493567;-0.4278253,1.7076873;0.5036398,-0.019040579;-0.15551649,-0.6822551;-1.8207542,-0.1299187;2.35081,-0.2527211;0.7232262,1.2083985;-1.3213218,-0.15296516;-0.11979618,-0.28683394;-0.37754714,1.5573009;-0.33069912,-1.3713152;0.59850186,0.7059248;1.101491,0.8701166;2.4298332,-0.22532421;-0.5263814,1.658688;-0.39588588,-1.7202207;0.44678083,-0.6212915;2.5282352,-0.4569222;0.9566833,-0.28184482;-0.12831761,-2.423961;0.83052224,0.09081026;0.8576923,0.510237;-0.30606458,1.6282609;0.8848463,-0.30682218;-0.14838599,0.42842913;0.9957608,1.1767608;0.5722997,0.611546;-0.5594634,0.0030405847;-0.726224,1.0900968;-0.16820753,-0.7284063;-0.8171987,1.5118585;0.7196602,-0.2996404;0.6453641,0.12621449;-0.08102205,0.33024773;0.8153037,0.5567081;0.808344,-0.38379797;-0.18588382,-2.3358645;-0.34715503,-1.7003778;-0.42100224,0.011254768;-0.86157537,1.4212875;1.2255628,0.86807585;2.4344459,-0.385602;-0.4084723,0.298632;-0.109512925,0.41825336;0.6778276,0.3364271;0.81785077,0.043528218;-0.063106135,0.33261755;-0.8918916,-0.07956852;-0.3331115,0.06501655;-1.0812203,1.2504771;0.9624011,1.1723685;-0.359772,-1.0351617;-0.31072333,-1.0905796;-0.69370806,1.2655045;-0.89134103,-0.015620777;-0.9308665,-0.32588208;-0.050144076,-2.4862578;-0.20374507,-1.5819781;0.7276571,1.3035645;-0.38221672,-0.73838246;-0.28370973,-2.012261;2.2562482,-0.13172695;-0.359328,-1.9737797;0.77741915,1.3413198;-0.06240804,-0.30017123;-0.24653973,1.769713;0.84480256,0.10992656;-0.2346179,-0.9327291;-0.40859544,1.5339432;0.65988976,1.2378486;-0.16957039,0.26201043;-0.4379928,-1.6568807;-0.18664795,-0.8050428;0.91722417,0.17260009;-1.1114712,-0.18712324;-1.0330703,-0.26188004;-0.5297277,-0.54492986;0.66266066,0.3797638;-0.14559896,-2.3307576;-0.04891734,-2.4106648;-1.8589238,-0.15251811;2.5335107,-0.4003136;-1.2252924,-0.18598619;-0.111230694,-0.32986397;-0.64543533,-0.021469962;2.402213,-0.2804336;0.8795754,0.8522338;0.77506554,0.09499052;-0.26053828,-2.0220506;-0.05599026,-0.31139317
p3d-kl
0.39731428027153015
p3d-iter
599
p3d
-2.3486605,0.45617938,-0.03904152;1.0798242,0.31969652,-1.3348868;-0.3663118,0.13451633,1.7649808;-2.266659,0.4483634,0.1203064;-0.51338893,0.18029882,1.9861412;-2.0985608,-0.097576976,0.46102268;0.61089665,2.2040365,0.46038428;-1.5048105,-0.45984098,0.9040482;0.89048076,-0.58365697,0.09730136;-0.066728346,0.13360664,-0.8602801;-0.33373052,0.15457274,1.8750873;1.1877892,0.6943614,0.0756641;-0.84400254,0.69181854,-0.47331452;-0.70917636,-1.3544327,0.13659102;1.155175,-0.96778774,-0.0473711;-0.3019623,0.18325011,1.7517911;0.7679203,1.5931863,0.4386111;-0.34276307,0.06414349,2.6836789;0.87973195,-0.54282784,0.1170759;0.1819245,0.014067228,-0.2946883;-2.0433762,-0.14316665,0.48238763;-0.6076173,1.0125337,-1.1234837;-0.8930687,0.35359904,-0.2125882;1.0870234,-0.4543665,-0.5117784;0.28551543,-0.8762111,0.030453222;-0.8351534,-1.7534658,0.12107598;-1.0721575,-1.724299,0.13317843;-0.40897062,0.15456754,2.6724164;-0.32615674,0.11565066,0.6187945;0.32229713,-0.18196903,-0.51251525;-2.0374713,0.28068215,0.02507889;-0.9073472,0.99959916,-0.9237809;-0.37652653,0.12910265,2.0012963;-0.510415,0.05892436,2.3478243;1.052933,-0.52160704,-2.6344728;-0.40420344,0.8380656,-1.2552783;1.5184176,-0.021922631,-1.0515777;1.2810986,0.46225286,0.08294309;-0.33825383,0.05418071,0.71348536;0.3763081,-0.33667096,0.06415328;0.95554763,-0.21311788,-2.343066;0.97574675,1.33458,0.33327264;1.1242704,-0.61522084,-0.14161055;-0.920963,0.13751827,0.160508;0.9314153,1.4015508,0.3580438;0.46263376,-0.17245373,0.82327765;-0.4877033,0.06524774,0.13607202;1.1480511,-0.3222269,-2.3722308;-0.6793976,1.102191,-1.170065;0.66211575,-2.0167832,0.04143331;0.20975372,-2.0091379,0.1052011;-0.5862423,0.7307182,-0.81961745;1.230828,0.5938747,0.31982943;1.1961365,-0.7930738,-0.018846441;1.233085,-0.6680449,0.12713614;-0.9746676,-1.7552575,0.10585692;0.093759835,0.031149996,0.94884145;-1.7815492,-0.42406136,0.7613546;-0.9621263,-0.13921359,0.16340578;-1.4785585,0.19447406,0.024700388;-2.303078,0.43968362,-0.029969884;-0.7928339,1.1243048,-1.0028027;1.0239103,-0.30958927,-2.5485897;1.1750237,0.6668082,0.034824036;0.42577904,0.18599685,-0.3264449;-0.33705023,0.13586336,2.526854;0.031000791,0.28383467,0.60879374;1.4036843,-0.63763434,-0.53545123;-1.3525506,0.56354314,-0.30724546;-1.0082504,-0.32472637,0.24871552;0.80818635,2.271897,0.5792407;-1.6983827,0.043837853,0.17592603;0.85840726,1.4671012,0.49016473;0.44731092,-2.0553303,-0.10374901;1.1114862,-0.4571659,-2.6812859;-0.3021719,0.24539919,2.8381836;0.4913666,-0.12270326,0.118882425;-0.24347997,0.20092553,2.3640924;-1.1888639,0.2654866,0.3959626;-1.1102324,0.9746867,-0.6867556;0.59362537,2.3804033,0.5334272;1.4249802,0.28051922,-1.1736614;0.22580197,-2.165875,0.16917887;0.21152107,-0.17804526,0.19059177;-0.67156214,1.1513835,-1.1668165;0.7606158,2.3211935,0.5880415;0.9034414,1.7696831,0.49323225;-2.0143688,0.3324389,0.05819148;-0.34242073,0.2312364,2.6059089;-0.24073158,0.32847813,2.4617343;1.0337602,-0.22802126,-2.3484187;1.0805293,-0.023704372,-2.136183;-1.478686,-0.48850116,0.89063424;1.1839966,0.08237541,-1.7076175;1.6249602,-0.1576929,-0.6906007;-0.10976406,0.10249307,1.0823804;-0.15204093,0.071111016,0.7059674;-0.29805252,0.1289918,1.3936409;-0.17327088,-1.4714264,0.046704408;1.0758883,-1.0996944,-0.100343086;-0.17887032,-2.0055943,0.34398937;1.4304479,0.27546692,-1.2629375;-1.1695462,0.15168004,-0.71306723;1.0456393,1.0540607,0.3222885;1.2515836,-0.13092369,-0.108053796;-2.072528,-0.18955784,0.59790194;0.49406624,-1.9833326,-0.024474738;1.475617,-0.25037605,-0.67174715;-1.3103764,0.12378556,-0.68274146;0.26463163,-2.1678255,0.15535636;1.4655919,-0.023693226,-1.4700189;1.2627149,-0.39716017,-0.685751;-0.31234485,0.066144094,2.6868825;-1.8494331,-0.21121986,0.25915033;0.27505735,-0.039168186,0.6724438;1.2256188,0.67243826,0.28234798;-1.0298182,0.25448474,-0.15086035;-0.25633866,0.14373882,1.0112964;1.6178167,-0.7036445,-0.41750556;-0.62613547,1.0692457,-1.2452193;0.14433004,-1.9395874,0.20277713;1.0498813,-0.14074518,-2.167306;1.2034744,-0.76748955,-0.48011932;-1.3667761,0.16705282,0.044225786;-0.7011311,-1.7808138,-0.025793293;-0.7590172,0.82737577,-0.9823762;0.90216863,1.5027326,0.44021764;0.08733837,-0.062425476,-0.122220136;0.47287244,2.0688334,0.48279795;1.437393,0.025400331,-0.9904048;0.7664207,2.4755018,0.68821925;0.088129215,-0.8564264,0.021851221;1.4167484,-0.06383849,-1.044241;0.9915657,0.24013902,0.08598068;1.0664046,-0.5158286,0.16273944;1.0164163,-0.3273483,-2.6011858;-1.2006373,0.16776267,-0.70719194;-0.411685,0.22446513,2.3522844;1.0458913,-0.027345477,-1.213301;1.2715074,0.12000539,-0.5005767;-0.28257787,0.7139278,-1.2840647;-1.7912465,0.21398246,0.2692542;0.13570884,0.0199215,-0.85001457;-1.1936029,0.4288997,-0.23553541;0.8009656,-2.027304,-0.17327102;-0.3908928,0.18631572,2.3282351;-0.34122404,0.019976536,0.7388485;-0.20053011,0.17172219,2.2646928;-0.5359034,0.10667927,1.7410034;0.07664554,0.13737,0.5789796;0.57977736,2.241281,0.45428595;1.0647815,0.99230236,0.4502561;1.2820169,-0.038798213,-1.0815667;-1.2594144,-0.0729646,-0.6419538;0.54538524,-1.888437,0.092020005;1.390903,0.11409168,-1.4265846;1.1861297,0.015640946,0.012374857;-0.6713968,-1.4681551,0.27799466;-0.44285005,0.8462672,-1.33724;-1.4364996,-0.48131803,0.9313784;-1.0773151,-1.6721382,0.14944264;0.19009832,-0.77854973,-0.022624351;0.23764834,-1.9849569,0.118600905;1.334836,0.4322235,0.042652372;1.4543446,-0.28625062,-0.6700107;0.4355136,2.655131,0.59723043;0.28550336,1.0896902,0.33387956;0.48654687,0.6066008,0.30060726;-0.12004264,0.08116629,1.0610784;0.18601134,-1.9812816,0.009830128;-0.7644352,1.0871108,-0.9595945;-0.4059909,0.23141958,-0.44743574;0.28623548,1.1004599,0.3427237;1.2366941,0.2188682,-1.5438695;1.3112013,0.1886967,-0.7585103;-0.72047406,0.7871598,-0.9375134;-0.2682676,0.20868681,1.8522339;-0.5287067,-1.8287331,0.20914558;-0.38926685,0.8245662,-1.0445088;-0.534344,0.17071812,-0.5064728;-2.1047804,-0.14327607,0.5487084;-0.56825715,0.08013175,0.109622754;-2.0960789,-0.3238512,0.6146472;-1.8787462,-0.31832692,0.8401841;0.33079007,-2.1350107,-0.057026856;1.0481178,-0.30968407,-2.555564;-1.5689409,0.32569417,-0.5148427;1.127824,0.8184521,0.052033186;-0.39711466,0.09602293,1.3415653;-1.5123168,0.2926487,-0.43711194;-2.0573714,-0.067722514,0.59927344;-0.38856313,0.29082373,2.518815;0.2721923,2.087776,0.43456602;-1.7162552,0.1734662,0.25838426;0.5755617,-0.24343883,-0.1478085;0.575674,2.5520122,0.65767944;-0.0016243113,0.11442648,-0.9176427;0.49930575,0.1747075,0.20724578;1.1476233,-0.015581466,-1.0787197;0.3303587,-2.1483388,0.07347288;-2.0662239,0.3069879,-0.005783652;-0.4438093,0.920806,-1.3102114;-0.5624127,0.11033899,0.0590388;0.7113741,-2.004108,0.012712586;-1.6586534,-0.053783312,0.13718913;1.0588073,-0.17243291,-2.3251903;-0.028821684,0.09763536,1.0082467;-2.0111887,0.48153588,0.010420954;0.985853,0.02280471,-1.3521198;0.57889086,0.15140368,-0.4419282;1.4738512,0.08578423,-1.2371889;0.6350594,-2.0892904,-0.05292335;-1.5584873,0.22781466,0.3112819;0.15519196,-1.2207844,0.13943334;1.1270496,-0.40576717,-0.0381978;-0.5831029,-1.6796082,0.07474925;1.2633408,0.12941833,-1.3007486;-1.9873949,-0.23471278,0.53408474;-1.9906683,0.23207286,0.07107497;0.6409135,0.10462474,-0.49942768;1.640384,-0.09253734,-1.0025002;-0.9491134,-0.13143,0.09334293;-0.29547098,0.33431694,2.6459897;0.15348284,-0.08165314,0.24551265;0.33110985,-2.0513496,0.043607883;-0.37055564,0.84260166,-1.2601757;-0.30547473,0.05195418,-0.21523562;0.6664901,1.9802238,0.46080062;1.2863185,0.119094975,-1.6256685;1.1306719,0.26851648,-0.8351742;-0.6242929,1.024678,-1.1268953;1.3161663,0.0370577,-0.2622627;-1.9581671,0.22923353,0.064535044;-0.8770786,0.9879329,-0.6398619;-0.36678755,-0.09658636,-0.2697078;-0.17240109,-1.9946482,0.31152675;-0.8273825,-1.447286,0.25782856;1.2439036,-0.7022012,-0.34505385;0.43757573,-2.136854,-0.003948584;0.5147377,-0.593205,-0.04389326;-1.7041035,-0.4251108,0.9083482;-0.3981272,0.25513184,2.5303628;0.31052485,2.0499494,0.40459913;1.0853891,-0.3327066,0.022945464;-0.27152428,0.16561857,1.5448906;-0.39509383,0.13911091,2.307343;0.90458745,1.6183997,0.4242594;0.5332001,0.57713044,0.35798186;0.063445084,0.061493658,-0.79971045;0.95472544,0.3277647,0.07557081;0.3237579,-2.1721811,0.11953157;-0.09491386,-0.03478999,-0.1958668;1.0118098,0.13814859,-1.9446261;1.5742576,-0.6419562,-0.48204902;-0.2678735,-1.947277,0.35050872;-0.07422944,-2.0196521,0.3187541;-0.5423617,0.8519423,-0.82746804;-0.7889386,0.033354115,-0.46286774;0.5954056,-0.06811026,0.6399305;0.74788564,1.9152857,0.5129929;0.38178596,2.8229506,0.63827384;-0.1401504,0.50329775,-1.2802536;-1.6980428,-0.43690497,0.88917214;-0.33576328,0.7859974,-1.3244385;-0.9024894,0.08771894,-0.46910957;1.4515353,0.15371838,-1.299234;1.1054523,0.71636635,0.2988539;-0.9585749,-1.7560258,0.11155915;1.0431207,0.32083845,-1.3329868;0.35376975,-2.142126,-0.0051956796;-0.33278576,0.16301621,2.6917775;-1.0858787,0.23666202,-0.6500092;0.38865358,-0.23925537,-0.36851642;-0.25710052,0.31324723,2.871538;0.44410306,-0.11585838,-0.5447157;-0.83664435,0.20510437,-0.8323577;0.06443584,0.08715846,0.6941691;-2.097478,0.34494668,0.22885258;-1.6181686,0.3204274,-0.34005442;1.3467085,0.10253174,-1.5566413;0.9504167,-0.20904163,-2.3395195;1.1288282,0.8501436,0.050518584;-0.060133595,0.37444988,-1.2548559;-1.0974854,0.097744316,0.005254407;0.26938403,2.2656813,0.4804904;-0.61130375,0.9443416,-1.1611989;1.6376343,-0.11597568,-0.87303764;1.5300556,-0.93852717,-0.31757987;0.8340649,1.3873863,0.48262024;1.5320549,0.16324084,-1.1592104;-0.40491974,0.20337164,2.6975143;0.005667916,-0.07769366,-0.10218464;0.32958022,-2.093436,0.15501985;-0.40885654,0.0936463,1.8975016;-0.583808,0.104294464,2.5729816;1.1710119,0.8306192,0.33221653;1.2310578,-0.02592362,-0.07424434;-0.9835707,-0.007502999,0.22927177;-1.3555077,0.07966946,0.22705011;1.6910504,-0.18894511,-0.89004546;1.0880642,-0.34080377,-2.615723;1.3614528,-0.33405876,-0.16162172;0.86376727,-0.49444512,0.12691137;-0.54403,0.9253154,-1.1758187;-0.5791904,0.33254945,-0.4047844;1.0043695,1.9873496,0.5498357;1.0372609,0.11513697,-1.8087434;-1.2656019,-0.041965604,-0.62441605;1.221346,-0.7457812,-0.33287433;-0.4070867,0.10737425,1.9333767;0.565824,2.298545,0.44722724;1.1833953,-0.21257587,-0.028542167;-0.032318395,0.16821204,-0.9540655;-0.49355268,-1.8685768,0.2659985;0.6365014,-0.4742588,-0.042482514;-0.612805,0.85839224,-1.0879164;0.22611964,-1.6027023,-0.064357266;-0.57664067,0.85524154,-0.89710766;-0.9261341,-0.19208823,0.033495214;0.4878624,0.7408713,0.41982573;0.50821966,2.5936983,0.5649117;-0.40954244,0.14069188,2.0202298;0.4811486,0.033950727,0.23538777;0.69633746,1.5271071,0.41902864;-0.1297888,0.0060753445,-0.17186655;1.03689,-0.2671567,-2.5391436;-0.31634623,-1.6577295,-0.028377926;0.50817615,2.8248858,0.73308855;0.3607047,0.48406222,-0.010330286;-0.7178535,-1.3228949,0.22483635;-0.2916243,0.15394865,1.530377;-0.48685694,0.92405224,-1.2511915;-0.30875745,0.17640501,1.0081781;-0.66267705,-1.3055804,0.20846908;-0.09252225,-0.4830115,0.17095518;-1.1839162,0.23446882,-0.6969268;-1.646449,-0.42167166,0.9945503;1.1533642,-0.67321503,-0.009142492;-1.7997898,-0.46585009,0.8751871;1.1655885,-0.6713944,0.024455247;-2.131919,-0.016071511,0.44663447;0.57367426,2.665658,0.5886627;-0.0958829,0.43515864,-1.2737083;-0.45009798,0.25698096,2.2730796;0.79683244,1.9093274,0.4675665;-0.41139615,0.83894247,-1.128504;-1.769508,0.46542236,-0.23287287;-1.8342036,-0.33932742,0.8524636;0.58060133,-0.50089055,-0.18440141;-0.46632665,0.13975374,2.4724507;-1.0327371,-1.7397729,0.1133037;0.77632344,0.49822477,0.24554282;0.4193907,2.0534074,0.46488297;0.12561521,-2.1921237,0.19009548;0.0010089988,-0.8958474,0.12227803;1.6157092,0.07094854,-1.1178203;-1.1337775,0.81845266,-0.60276234;-1.2952791,0.089608595,0.12733655;0.46835092,2.577772,0.5449243;-1.9610592,-0.15385818,0.5857678;0.93229395,1.4052284,0.35039228;1.3524574,0.31867397,-0.99116653;1.2724962,0.56822264,0.17166176;0.4812687,0.7472488,0.3735769;0.8773581,0.27458695,0.1815688;0.5778288,2.7632504,0.7129041;0.33462092,1.0289831,0.30684337;-1.4636878,-0.47552532,1.1242105;-2.153525,0.37455213,0.008662783;-1.1501395,0.2733415,0.40453026;-1.6215754,-0.46457034,0.9454253;-0.81222606,0.10553741,0.06562127;1.2812444,0.34297162,0.06973007;0.48145184,0.0074760728,0.15990503;-0.20982732,0.61867404,-1.2936857;0.015738929,-1.8882426,0.17920893;-0.43411437,0.13838486,2.2420049;1.1935152,0.36044604,-1.011522;1.2174332,-0.59664917,-0.12815836;-0.102179945,-1.5209612,0.007818451;1.0681908,-0.2990768,-2.5903747;0.28555158,-0.8938202,0.06292722;1.3288151,-0.9805241,-0.2736764;-1.1108053,0.44986933,-0.32023686;-0.8143661,0.406593,-0.576022;0.2646332,-0.019656254,0.85839057;-0.87418514,0.7435663,-0.8039261;-0.11930896,0.47054398,-1.2751919;0.31393424,-0.8867141,-0.2074377;-0.536705,-0.041885212,1.8240159;-0.3722018,0.17843403,2.279546;-1.8348706,-0.45784417,0.70185924;1.5915277,0.021348285,-0.9504111;0.78928554,-1.9402429,-0.20867084;-1.5675321,0.32508206,-0.4500394;-0.8866152,1.06577,-0.8723101;-1.0513716,-0.7040646,0.25557894;-1.6272959,0.37094775,-0.41540033;1.379943,0.119201876,-1.468278;1.3233725,0.21542503,-0.042270716;-0.06710109,-2.019707,0.31551194;0.25500423,2.6110852,0.56284565;-0.21501525,-1.548912,0.018447444;-0.55685234,0.1077303,1.7200018;-1.0753605,0.8763331,-0.6607539;0.518019,-0.117544815,0.7088169;-0.915118,-0.18195616,0.20613275;-0.33418688,-0.09957646,-0.32868508;0.36356398,-0.113558024,-0.46134648;-0.09485178,0.0785182,1.0548297;-0.5638566,-1.8772646,0.39707842;0.7695519,2.118292,0.48407897;1.0869008,-0.33399668,-2.4906454;-1.3751959,-0.49160784,1.0870211;-0.7352032,1.06467,-1.0108448;0.6407639,-2.1632981,-0.059901282;-0.16327001,-1.1776872,0.13341998;-0.023303265,0.078062676,1.0182668;-0.8539651,0.16538253,0.26858544;1.4929079,0.19642945,-0.999796;-0.8186951,0.15390456,0.23629999;-0.9953783,-0.32743135,0.22215757;1.1238879,0.052630432,-1.8271879;0.18483599,-0.096910715,-0.24074431;0.63042367,-1.9809813,-0.20730631;0.02813892,0.017421307,1.0236269;0.33298916,-0.18099906,-0.49128458;-0.04323084,0.36464468,-1.2815549;-0.28440684,-1.8626103,0.42294127;0.11256731,-0.9408284,-0.02117201;-0.84070295,0.17734365,-0.8217197;-0.14932758,0.20017074,1.0341823;0.24220145,-0.012420221,0.88245595;0.513176,-0.345236,0.00702568;-0.9834468,1.0151563,-0.7683898;0.5681889,2.549742,0.55296826;1.1111524,-0.66303307,0.096124075;1.37972,0.07278072,-0.7710014;0.2770403,-0.11478436,-0.24363044;0.48691705,-0.05570956,0.14872241;-0.91367763,-1.7121282,0.098338686;-2.117056,0.3931065,-0.01291868;0.9957398,0.034104705,-1.1635901;0.7493647,0.78483,0.25516364;-0.33213767,-1.692641,0.41146857;1.30132,0.25512722,0.026579525;-0.21321683,-1.3501033,0.21001056;-1.3530349,-0.50181323,0.9748243;1.100729,0.5197024,0.2787001;-0.29759574,0.18642454,2.958467;-0.38005063,0.1925953,2.0078545;-0.3637396,0.08918345,1.1864128;-0.30053508,0.177457,2.9544463;1.019503,1.0831479,0.4582152;1.4705493,0.24516468,-1.0936214;-0.32473752,0.16230795,1.8239937;0.5890617,-1.970652,0.054952946;-2.1325421,0.3759542,0.04168007;0.604151,2.2793117,0.56510526;-2.0246623,-0.015786508,0.38762194;1.6019666,-0.013800826,-1.1018809;1.3051381,0.03260262,-0.35439846;0.10717648,-1.2780069,-0.14220335;-0.76799953,1.1181966,-1.0669309;0.34330085,1.9652523,0.44623262;0.6141732,2.1184397,0.48830724;0.24640879,-2.0326612,0.29949605;-0.0009780661,-0.89777094,0.11707644;0.78558666,-1.9992291,-0.19697975;-1.0988243,0.8376497,-0.6414229;-2.3048637,0.44831434,-0.030713292;-0.80306184,0.6427309,-0.8947216;-0.05490728,0.1469033,-0.91074556;0.9399255,-0.084147885,-1.7028546;-0.3441584,0.26210576,2.3858767;1.0745877,1.0001622,0.4028636;1.0557789,-0.4861276,-2.724081;-0.30877864,0.13921694,1.4636327;0.4585463,1.9938667,0.505716;1.1387054,0.30126333,-1.3700067;-0.9383568,-1.7694659,0.08694429;0.19228569,-0.774112,-0.037767675;-1.9450437,0.3171146,0.049490146;-1.9087237,0.41498408,-0.07793738;0.784779,0.79622525,0.29014707;0.56641054,-2.163414,-0.0037549294;1.0526001,-0.21374503,-2.1895854;-1.609867,-0.46062797,0.96617925;-1.0684507,-1.6817986,0.1588577;1.3489171,0.046574734,-0.6774614;-0.3287233,0.24377695,2.804768;0.46920174,-2.155287,0.07979162;-0.7410107,-1.4291834,0.2637342;1.1967272,-0.061345164,0.00827294;0.37251738,-0.3257258,0.043312833;0.058539663,0.04257727,0.98641604;1.1389169,-0.6234724,0.19250672;-0.31862435,-1.8723199,0.38913736;-1.6063954,-0.4424813,1.0411699;-0.49297762,0.056583293,0.06997892;-0.4988736,0.03465004,1.9630663;0.97398865,0.67528987,0.3091487;1.4850866,-0.024475865,-0.9895211;-2.1969697,0.4520945,0.009675853;1.0238663,-0.13309716,-2.0082438;-0.39453164,0.15631832,2.049377;-0.10579622,-1.6727647,-0.017504612;-0.08793517,0.3406844,-1.1320342;-0.3835434,0.14979178,-0.30240533;0.39731294,-1.9949397,0.12509911;-0.20543508,-1.9485543,0.38956708;-0.14031537,0.49460238,-1.2601892;-0.52355814,-1.5904044,0.19623654;0.7413663,-0.90032864,-0.32594416;-0.93095005,-0.19448522,0.22633968;1.0565999,-0.46276954,-2.7099986;1.6069354,-0.69985884,-0.4284481;-0.64712226,-1.3333224,0.3675153;-1.3516598,-0.49855122,1.0259993;1.0317482,1.0946254,0.25974673;-0.6177085,0.7833496,-1.2390679;-1.5624099,0.30325255,-0.4622906;-1.7540897,0.061380483,0.18780728;0.35538828,0.39692232,-0.13996546;0.24885179,2.3192027,0.48884982;-1.9979335,-0.14968045,0.5178344;-1.0325301,0.966685,-0.722545;0.66633487,1.4452752,0.42706746;0.07905365,-0.035057176,-0.052386608;-2.0811706,-0.02730328,0.5153006;0.35376135,2.7758918,0.62349766;0.54789674,0.6643306,0.2273184;0.92653847,1.7136698,0.43949378;0.8329863,-0.7591619,-0.21688995;1.3966893,0.020435618,-1.0179853;0.5553021,2.6114175,0.5631742;-0.25690353,-1.8582212,0.4136754;-1.7924919,-0.30408645,0.47652826;-0.4427866,0.043223042,0.12915465;-0.44297504,-1.6299372,0.34449393;0.41388193,2.6739929,0.5869635;-0.799718,0.13067245,-0.79176164;-1.8318046,-0.5408982,0.7799108;-1.7931583,-0.32916543,0.61120915;-0.3621872,0.120695546,1.625838;0.74817157,2.2358358,0.51939946;0.05348887,0.04659536,0.9110632;1.1045396,-0.43771884,0.16357921;-2.1431813,0.37610912,0.10067642;0.72807515,-1.9146764,-0.21420497;-1.0116625,-1.8338941,0.060267996;1.5906446,-0.07070315,-0.996893;-0.78152806,0.1932486,-0.68562526;-1.0477117,-0.68960035,0.2570953;-0.44013083,0.115962036,1.9081316;-2.0467937,-0.10765435,0.5759245;0.7027001,-0.20847821,0.5690748;-0.8989249,-1.5025966,0.215484;0.19198094,-0.91696733,-0.12504551;1.2474514,-0.41168585,-0.7242198;0.8450254,1.5873238,0.41188508;0.55997676,-2.1935496,-0.10339444;0.56408966,0.7366032,0.11674599;-0.2996934,0.12726937,2.1602328;-0.06514459,-1.5608405,-0.032821406;1.0438384,-0.12285158,-2.2857125;1.3655597,-0.045770977,-0.7204215;-0.055194058,0.098057695,0.624984;-0.077751935,-1.5874155,0.0017679468;0.0033567876,-0.2558438,0.14470652;-1.2157934,-1.6593617,0.16821258;0.22972986,-0.80432934,0.012869779;1.1998215,-0.7107382,0.1355853;0.857307,-0.46495926,0.19709085;-1.0949557,0.3768518,-0.24406879;1.0276577,-0.1502495,-2.2293255;-0.36189762,-1.8644086,0.4067136;-1.39986,0.23113838,0.37397164;-0.031112466,-1.4403249,-0.042663924;1.4622705,-0.6768258,-0.46825618;-2.3844554,0.4696578,-0.048144016;-0.6591461,0.03322197,0.07082944;0.20540711,2.4563785,0.506093;0.98444986,0.21891458,-0.015277593;0.6351791,-1.9646964,0.014384809;-0.82137334,-1.8454473,0.02765493;1.313141,0.21449125,-0.010140024;-1.0667323,-0.11060997,0.28027433;-0.30945385,-1.615773,0.4036554;1.0410877,-0.84509206,-0.44972894;-0.8780717,0.729872,-0.86591566;-1.8119653,0.10852763,0.14793299;-0.7471996,0.95924765,-1.033556;0.34379947,1.9878931,0.45213273;1.0876217,-0.52813464,-2.725128;1.0370635,-0.38330665,-2.7293777;-1.3153447,0.111163005,-0.6634173;0.1775664,-0.007357487,-0.84812325;0.35576874,0.4208636,-0.093269765;0.6868397,-2.1452835,-0.053786095;-0.44622737,-1.894644,0.37845197;0.6166486,-2.1827474,-0.008456468;0.6735313,-0.2473671,0.6658253;-0.5429131,0.05202561,2.5156517;-0.18936454,0.5773209,-1.2994151;0.63196486,2.4982479,0.56808347;0.43266022,-0.114806704,0.76029134;-1.1284378,0.09645611,0.40412474;-1.025874,-0.19358613,0.34561035;0.9607899,-0.8936787,-0.40658596;-0.32678467,0.17306986,2.498352;-0.05032873,-0.03258751,-0.14519705;1.2993281,-0.1615113,-0.5842055;0.65038246,0.30874044,0.23843244;1.0414121,-0.12435185,-2.1549191;-1.5735029,0.3407447,-0.45662406;0.32683897,-0.031142514,0.7881629;-1.426064,-0.48104033,1.1132444;1.0187256,-0.217283,-0.01851905;-0.79883236,0.121125065,-0.56495434;0.4195652,2.1360319,0.41878945;-0.8626508,0.33392,-0.74959064;0.3179552,-0.6634916,-0.1695819;0.62657684,-0.05447983,0.55580914;0.9840324,0.018420955,-1.6583817;-0.46026134,-1.318248,0.34127915;1.4810739,-0.112562805,-1.1388966;1.3305848,-0.63323456,-0.28551516;0.6054749,-2.038132,-0.03126102;-0.014992189,-1.0357292,0.0744793;1.0438384,-0.12285153,-2.2857125;0.34832165,-2.0142446,0.25534758;0.38037965,-0.92425716,-0.2108955;-0.18961531,0.033049483,0.7907588;0.20492005,1.592048,0.42592734;1.1457039,0.85494334,0.34546003;1.1483052,0.56609565,0.022431903;0.02398858,0.055274818,0.955419;-0.7999418,0.14569668,-0.0577242;1.2855158,0.18053026,-1.4999917;1.2359375,0.70474017,0.28826842;0.38961506,-0.23211303,0.04756836;-0.43758014,-1.912414,0.25575477;-0.7069204,0.05452846,-0.5480427;0.5117831,0.44774607,0.07500219;1.2480508,0.6985729,0.27547228;-1.8873935,-0.3150116,0.7835477;-1.1833289,0.6517667,-0.49984398;0.13690664,0.020945383,0.88115764;1.1408592,-0.53151417,-0.10245411;1.0962638,0.0689723,-1.8174946;0.9352514,1.5089536,0.43596384;-0.23656395,0.14692336,2.0906143;-0.4755424,0.027202839,1.7785411;0.719747,1.8775277,0.44740447;1.0758326,-0.33829352,-2.594737;-0.2874532,0.15233332,1.4736634;0.2805038,-0.018110158,0.6601225;0.9289975,1.7472523,0.4581222;-0.4565567,0.14163746,2.6811147;0.39300627,-0.14202403,0.8469074;0.99873275,-0.6158627,0.15750608;1.001732,0.67986953,0.2848518;-0.7289701,-1.4781077,-0.001260858;0.2853056,-0.93322784,-0.16367762;1.5974745,0.025597481,-1.1553301;-0.41648203,0.124219745,-0.5442061;-0.41207075,0.85224265,-1.3662555;-1.2348725,0.28215396,-0.1419501;0.31759042,-0.29158217,-0.15610716;-0.11918975,-2.0267506,0.36418894;-0.70582676,-1.341092,0.32748803;-1.3130064,0.11899967,-0.60377014;1.5514212,-0.6072186,-0.4508791;0.009524556,0.115126416,0.6313076;1.0808508,-0.09600102,-2.2265131;-0.7342484,0.8764074,-1.0208211;-2.1476955,0.061572574,0.41055948;-0.3485236,0.08846155,0.6203247;1.3989338,-0.7537585,-0.3934283;-0.33034325,0.16479334,2.7835739;-0.34295487,0.1976879,0.9927183;-0.5776396,-0.0008140649,2.6450272;-0.77516407,0.42873642,-0.7699581;1.2619386,-0.124522164,-0.6946805;0.6355329,2.0933943,0.56088686;1.0723163,-0.068456545,-2.155986;0.29243207,-0.11502424,-0.57987356;1.703408,-0.1135387,-0.75712425;-1.6307328,-0.48767516,0.9596592;0.79675144,2.281599,0.5469231;1.0707202,-0.14718696,-2.2578433;1.3131423,0.030277237,-0.56269383;-1.2893773,0.028580086,-0.68152463;1.2469269,0.66204447,0.10137067;0.913849,2.3943846,0.6576987;0.78374803,0.38248247,0.22609942;0.5894527,-0.35304618,-0.19512455;-0.38834438,0.18343607,1.9228936;0.07191173,-0.60665387,0.12028636;-2.173435,0.381346,-0.024464754;0.15276413,0.121550635,-0.30482328;1.1058757,-0.2732172,-2.287115;0.9483342,0.08678446,-0.76448566;-0.04205874,0.36465216,-1.2826351;-2.308159,0.4436836,-0.023436554;0.709302,-0.5632835,-0.15993667;0.9665124,0.047137484,-1.0957224;1.0058262,-0.53304213,-0.15019535;-0.9400222,0.051094867,0.21344747;0.77411014,2.177669,0.5364745;0.82794166,1.8785784,0.4893822;0.5715285,-0.19008374,0.72219497;-0.43119285,0.07663273,1.747474;-1.8118535,-0.06468206,0.17222437;0.52204823,2.76361,0.602837;-1.3771563,-0.490233,1.1185538;-0.6248104,1.0611585,-0.8085418;-0.30102587,0.20127405,0.85570294;-0.70849276,0.2992823,-0.52058476;0.56908435,2.5779142,0.5053403;-1.7214924,-0.3887006,0.7351192;-1.0383595,-0.28113604,0.28141153;-1.314946,0.6348323,-0.47296613;-0.92895037,0.4730481,-0.372892;1.1649764,0.7672825,0.31756902;-0.5812942,-0.062551424,-0.3027691;1.0190111,-0.41869378,-2.6004503;1.1547195,0.52311856,0.32186073;1.022302,0.17920536,-1.7995198;-0.8749939,-1.7817653,0.067575924;0.7012915,-0.8602299,-0.29782328;-0.42742842,0.06788684,0.046268266;-0.67167574,1.0417849,-0.9092545;0.08320498,-0.94299895,0.0015289962;-2.0938356,-0.055791784,0.52530783;1.3895451,0.16516995,-1.4062084;1.1484997,0.07635335,-1.8021626;0.82808995,0.056675434,-0.6587655;0.0775627,0.2434753,0.5695266;0.72165793,2.3287067,0.53712595;0.5553627,0.6396142,0.30738455;0.5325661,0.13385634,0.39819112;0.042074457,0.09338956,-0.88629955;1.0357499,0.32060018,-1.7112682;-0.56773776,-1.6825747,0.15780494;1.0477288,-0.40731162,-2.5142276;-1.9386452,-0.18273064,0.64952016;-1.7125598,0.3879495,-0.3394102;-0.34032413,0.13989972,1.6936173;-0.33252525,0.7826637,-1.2359287;-0.6282137,-0.014675358,-0.39761102;-1.7925044,-0.49240008,0.84249115;-0.24476734,-1.5950191,0.36614597;0.008376031,-0.509392,0.15320718;1.0499423,1.6245631,0.41711077;0.37156606,0.4805432,0.023944875;-1.2612084,0.22971268,-0.69945097;1.1704401,-0.5432769,-0.052284595;1.0618479,0.18321562,-1.598676;-1.1380004,0.18982859,-0.72464895;0.014284098,-1.565139,-0.044431772;1.707084,-0.08202423,-0.75759155;1.2152351,0.64706504,0.040705245;-1.3921803,0.21564667,0.38291192;0.2679958,-0.019716758,0.8595969;1.3749291,-0.056497917,-0.7065375;0.48427433,-0.14657661,0.7553077;-1.9271408,-0.29340345,0.8080603;-0.058456182,-1.5411689,-0.03847145;1.4245648,-0.058517408,-1.0839295;-0.75523454,-1.7013946,-0.014827813;-0.72364783,0.99689883,-1.0309907;-0.76655394,0.32101235,-0.68893206;1.0047115,-0.43586344,0.19671388;-0.33981246,0.23662615,2.5893178;1.0924414,0.0044823736,-1.9844612;1.465806,0.046768464,-0.61813223;1.2189547,-0.5755526,-0.42258754;-0.88964814,1.0210217,-0.6768279;-0.7469356,-1.8234811,0.033620518;-0.3588593,0.8557406,-1.2170645;-1.0981336,0.58250743,-0.3998969;1.2340273,0.1648822,-1.6092637;0.09800956,-0.079091236,-0.16390221;-0.9186066,0.16291767,-0.7898952;-0.2379364,0.053437803,-0.26734403;-1.4532137,0.22071642,0.3168815;1.4376512,-0.96616334,-0.31206942;0.67669684,0.72313195,0.17285362;0.4451144,2.7841458,0.6561387;0.63710207,0.36756316,0.27760527;1.4860836,-0.6252352,-0.37592375;-0.97991616,0.29080138,-0.24403125;0.2698698,2.2603614,0.48225027;-1.545961,0.35046366,-0.47034085;-1.601663,0.44856626,-0.3676278;1.1904666,-0.5295449,-0.53564715;-1.2497607,0.072176546,-0.42446914;1.1723056,-0.95620924,-0.23501207;-2.0757113,0.358608,0.07250541;1.5188476,0.16157188,-0.9739036;-0.8360655,0.32329008,-0.82195336;-0.22854783,-1.282095,0.24390732;-1.163517,0.33059695,-0.38232982;0.5093165,2.142396,0.4439517;-0.23334883,-1.8737549,0.45646134;-0.5608923,-1.3030275,0.37282896;-1.4168708,-0.48960108,1.0177546;-0.82766336,-0.07962063,0.007383498;0.5800929,2.5343983,0.5522722;0.66200197,0.5427221,0.25478312;0.28555366,-0.18777359,-0.17055525;-2.0365684,-0.33744475,0.6525504;-0.94627726,0.14581792,0.29553178;-0.2884499,0.737422,-1.3172888;-0.25479767,0.6826393,-1.2997823;-0.31043813,0.15382476,1.6546698;0.7365444,0.80746675,0.25638953;-0.35623997,0.143075,-0.3739747;0.49559644,2.626295,0.5563064;0.5562705,0.4698918,0.31396338;1.3812948,-0.0038150642,-1.2458434;-1.2340283,-0.5213434,0.9945471;1.3855877,-0.6984197,0.028074173;-0.6629671,0.83428264,-1.0905361;1.7049767,-0.17586945,-0.82702845;-0.46478513,-1.9079312,0.33427808;1.2746013,-0.3756533,-0.7412436;-0.38321778,0.14268973,2.834329;0.78187126,2.2192063,0.5705848;1.126745,0.13344793,-1.7023363;1.3378927,-0.5487988,-0.3531588;0.6926126,-0.054895647,0.538107;0.18404485,-1.9411092,0.055718467;1.0705243,-0.08714895,-2.2124462;1.3617059,0.026168218,-1.0970621;1.547546,-0.5962068,-0.5508412;-1.7348266,0.37744927,-0.3090598;-0.021383904,0.15822785,-0.94794154;0.7138595,2.3571112,0.58139825;0.55849665,0.6368454,0.30433643;-0.36375976,0.18874174,-0.35217774;-0.26665583,0.17643285,2.0914245;0.09358292,-0.16515173,0.28351283;-0.6275313,-1.8086197,-0.017694077;-0.8700963,-1.736741,0.11539304;1.3116301,-0.27810958,-0.13354118;1.2429876,-0.2419932,-0.3302609;0.27510375,-0.13718973,-0.4852754;-1.1001649,-1.6951848,0.14881532;-1.3665977,-0.49548614,1.0571296;1.0372456,-0.06599613,-1.0225139;0.68237996,-2.1140933,-0.13367164;0.25023708,-0.9191329,0.06254162;0.38105226,-2.0248134,0.04522317;-0.6465986,-1.2137042,0.37290713;0.5060763,-2.1654477,0.06122688;-0.2933994,0.14847398,1.4917895;-0.71118844,1.07484,-1.117321;1.3470722,0.24912907,-1.4250543;1.2942865,0.30608794,0.056950945;-0.5360653,0.8954697,-0.8206098;0.48604652,0.18348673,0.38878807;-1.9483918,0.34635946,-0.06667585;0.5845086,2.7576163,0.7140107;0.08544502,-1.8831754,0.18143034;-0.19545242,-1.266387,0.15574929;0.025867786,0.09844698,0.60508025;-2.2411296,-0.08101849,0.51088434;-0.9281472,-1.6995841,0.11757591;0.33405837,2.747844,0.62983555;-2.0728118,-0.09948739,0.47113958;-1.3281326,0.0861182,0.19606625;0.30259836,0.10163531,-0.3103137;0.85862154,2.0378778,0.5274111;0.5507022,0.58038056,0.11852871;0.4873971,-0.10283892,0.6768892;-0.3146354,0.09257486,0.45181596;-0.06383612,0.25391573,-1.0476774;-0.065607086,-2.0301235,0.32186806;-1.7972713,0.07563965,0.17331181;-1.7418747,0.47301275,-0.2644003;1.1914911,-0.6831022,0.24238105;-0.44026104,0.03246778,0.13026205;-0.10519179,-2.0310206,0.34836704;-0.4883265,-1.6599404,0.1269978;-1.7978326,-0.60081077,0.8412648;0.15950105,0.09854367,-0.28415713;0.9181667,-0.8353151,-0.3201779;1.0784463,1.0001502,0.40902302;-0.961302,0.9975259,-0.84151995;0.33113346,2.6651525,0.5936379;-1.3588785,0.039793547,-0.07685774;-1.0233077,0.114779204,-0.36457813;-0.7415106,0.90310454,-1.0160298;1.1814739,0.46259493,0.25548884;-1.9376198,-0.26748875,0.5325117;0.97288764,-0.3336634,0.20520355;-0.39150313,0.29437837,-0.36386853;1.5426494,-0.11087303,-1.3664924;1.2034397,-0.4463305,-0.6944634;0.905478,1.6111573,0.44925424;0.9744194,-0.5610375,0.039656512;0.19477114,1.5353991,0.41964352;0.89763904,2.35324,0.6384702;-0.34864184,0.09761913,2.6389544;0.18309465,0.00801016,0.5166009;0.99147004,-0.50501776,-0.19107427;-0.1062274,0.44865677,-1.2706971;-1.0682273,-1.669725,0.1502902;-0.727758,-1.7241443,0.0550251;-0.4261164,0.08938495,-0.5656522;0.7792597,-0.85560095,-0.30762026;0.6939997,2.618131,0.52317065;-0.377433,0.192933,2.3899672;-1.6792853,-0.39797536,0.7007094;0.8990955,1.427624,0.41899028;0.62407005,0.030002384,-0.5295622;-0.68612766,-1.4090729,0.25154737;1.6746303,-0.20205653,-0.8336206;-1.140337,0.09793298,0.43131638;-2.0269272,0.29578963,0.040421374;-0.53951234,0.27756748,2.5424597;-0.5754918,-1.808123,0.19540319;1.3493074,0.16742669,-1.3392857;-0.044203926,0.33486423,-1.2250952;-0.25132215,0.29476053,2.9405706;-0.94871587,0.9182083,-0.7503945;1.0935423,-0.34986755,-2.5507116;-1.0370377,0.18276952,-0.72264236;-1.3829166,0.12210922,-0.2858689;-0.8758168,-1.4538453,0.24815871;-0.84816647,0.79489636,-0.8855789;-0.1769186,0.12054193,0.78291136;-2.112767,-0.06356174,0.5076811;-1.0999123,0.0008739586,0.14430553;0.4965635,0.08624406,0.14723751;0.10814125,-1.2616694,-0.13317654;0.89061165,-0.869372,-0.3642942;-0.040189493,-2.0615141,0.31677994;-0.50989014,0.9790206,-0.7436669;-0.76222724,0.030136393,-0.49344912;-0.120996185,0.076251894,1.0724502;-1.3682561,0.09478529,-0.13857816;-0.65829647,0.83277756,-0.97281134;1.1191906,-0.1728438,-2.3649101;1.2231156,0.10897277,-1.2567998;0.61638755,-0.051950812,0.54930156;0.15923633,-1.8344929,0.3039648;-2.2724566,0.42745996,-0.023650331;-0.41929388,0.34094024,2.6944118;0.14987703,-0.026788682,0.36768413;-0.18372093,0.23601069,0.87015015;-0.9512502,0.31686342,-0.20805475;-0.94715285,0.18306242,-0.78661525;-0.1356118,0.102237135,1.096613;0.71119046,0.7820208,0.26223463;0.5190317,-0.12997432,0.7168432;0.58427864,-1.9729829,-0.000552129;-2.073083,-0.09546595,0.5212818;1.4361998,-0.5915255,-0.49918446;1.5762627,-0.61389565,-0.53010905;-0.08747471,-1.5442983,-0.02149029;0.5904075,0.8223724,0.27888128;1.195866,0.5996819,0.28201059;1.054555,-0.43721914,-2.728843;1.0448579,-0.12124811,-1.0034252;-1.7724532,-0.46953505,0.8696;1.2311506,-0.7260345,-0.04668146;1.0612607,0.051965974,-1.7839121;-0.50636363,0.14037807,2.099572;1.1410314,0.2161524,-1.7041107;-1.8485409,-0.35850224,0.9265518;0.58215564,0.10987646,-0.45687214;-1.119374,-1.6724399,0.1562664;-1.0860225,0.19601229,-0.71802115;1.4275315,-0.97495157,-0.3098992;-0.6408734,-1.4058077,0.31029388;-1.576114,-0.4305554,0.8221518;0.10637673,0.025192183,0.9647907;1.4510014,0.21884769,-1.2309006;1.0357457,-0.8497245,-0.4607514;-1.248023,0.09212093,-0.633549;1.032711,1.0662322,0.46542838;1.1313397,0.86544156,0.3539389;1.0896376,-0.21362472,0.12939636;-0.99854434,0.19783808,-0.17031072;1.0362271,-0.23566055,-2.3721254;0.96337277,-0.3822563,-2.5958922;0.68580234,2.618164,0.70558673;-0.3068597,0.19759433,2.8989613;0.9506691,1.2457014,0.3597017;0.7630474,0.05009339,-0.63296396;0.56298625,0.22260301,0.30894518;-0.36942,0.17912358,2.5210457;-1.6455362,0.13206692,0.2588584;-0.9487069,0.1535445,-0.63799506;1.0587919,-0.005357989,-1.8023665;0.58995605,0.123248175,-0.43756172
