data_set
babi-q1
num_classes
6
data_points
1000
model
saved_models/babi-q1-e0103.ckpt
color_schema
#4E79A7,#F28E2B,#E15759,#76B7B2,#59A14F,#EDC948,#B07AA1,#FF9DA7,#9C755F,#BAB0AC
test_accuracy
0.82
test_loss
0.4822992172241211
train_accuracy
0.8795
train_loss
0.3249119688272476
val_accuracy
0.8495
val_loss
0.412975665807724
labels
12,9,15,12,15,12,11,12,17,17,15,11,17,10,10,15,11,15,17,15,12,17,17,12,10,10,10,15,15,15,12,17,15,15,9,17,9,11,15,10,9,11,9,12,11,15,12,9,17,10,10,17,11,11,15,10,15,12,11,12,12,17,9,11,11,15,15,9,17,17,11,12,11,10,9,15,15,15,12,17,11,9,10,11,17,11,11,12,15,15,9,9,12,9,9,15,15,15,10,10,10,9,17,11,11,12,10,9,17,10,9,9,15,12,15,11,17,15,9,17,10,9,10,12,10,17,11,11,11,9,11,12,9,11,15,9,17,15,9,9,17,12,12,17,10,15,15,15,15,15,11,11,9,17,10,9,11,10,17,12,10,10,10,11,9,11,11,11,15,10,17,17,11,9,9,17,15,10,17,17,12,12,12,12,10,9,17,11,15,17,12,15,11,12,12,11,17,15,9,10,12,17,17,10,12,9,15,12,9,12,9,10,12,10,9,10,9,12,12,9,9,12,15,12,10,17,12,11,9,9,17,11,12,17,12,10,10,10,10,17,12,15,11,11,15,15,11,11,11,11,10,17,9,9,10,10,17,17,15,11,11,17,12,17,17,9,11,10,9,10,15,17,17,15,9,17,15,12,17,9,9,11,17,17,11,17,9,17,11,9,15,15,10,15,15,11,11,12,12,9,9,9,9,17,12,11,9,17,17,15,11,11,17,10,11,17,10,17,17,11,11,15,15,11,11,9,10,11,11,10,15,17,15,10,10,17,12,17,12,12,12,11,17,15,11,17,12,12,15,15,10,11,11,10,10,9,17,12,11,12,11,9,11,11,11,11,11,12,12,12,12,12,11,11,17,10,15,9,9,10,9,10,10,17,17,15,17,17,17,15,15,12,9,10,17,17,10,17,9,11,10,11,10,15,17,15,12,10,11,15,10,11,9,12,17,10,10,15,12,9,12,12,9,12,10,15,15,17,10,10,17,15,15,15,17,11,15,9,10,11,10,12,9,11,10,11,10,12,11,15,15,15,15,11,9,15,10,12,11,12,9,11,10,17,11,11,10,10,10,17,12,17,17,9,15,11,9,15,11,9,10,10,12,12,11,10,9,12,10,9,15,10,10,11,11,15,15,10,12,12,15,11,9,12,9,15,10,17,17,10,10,17,10,10,17,9,9,10,12,11,17,17,12,12,11,12,17,11,11,12,11,11,11,17,9,11,10,12,12,10,11,17,12,12,15,11,15,15,12,10,10,9,17,10,15,12,15,10,10,10,11,10,11,15,10,9,9,15,10,10,10,10,15,15,17,9,10,12,10,10,12,12,11,15,10,10,11,12,10,10,17,12,17,11,9,9,17,17,11,10,10,10,15,15,17,11,15,12,11,10,15,17,9,11,9,17,15,12,15,17,11,17,17,15,9,10,9,9,10,10,9,10,10,15,11,11,11,15,12,9,11,11,10,17,11,11,12,17,15,15,9,11,15,15,11,9,15,15,11,15,15,15,11,10,10,9,17,17,17,17,10,10,17,9,15,9,17,12,12,12,15,15,15,17,9,11,9,17,9,12,11,9,9,17,11,11,11,10,15,10,12,12,9,9,17,12,12,9,17,12,11,11,15,15,12,11,12,17,12,17,11,12,11,17,17,11,17,9,11,9,10,10,12,17,10,12,9,9,9,15,11,11,15,17,9,10,9,12,17,15,17,17,12,10,12,11,11,17,15,9,17,10,9,11,12,15,9,15,12,10,9,10,17,17,15,15,9,9,9,17,10,17,17,9,12,17,17,12,12,11,11,11,11,17,11,17,17,17,17,17,12,9,17,10,17,11,10,10,12,12,11,11,17,12,12,17,17,15,11,17,11,11,9,12,9,17,9,10,9,15,11,9,11,15,10,9,9,9,17,12,11,11,17,15,15,10,10,11,11,17,10,12,9,10,10,10,10,10,15,17,9,11,17,15,12,11,10,10,15,12,10,11,12,12,11,11,11,15,12,17,10,12,17,17,12,10,10,12,17,10,11,17,11,12,17,17,11,12,11,17,9,9,11,17,11,11,15,15,17,17,10,10,17,12,11,15,12,11,11,10,9,12,12,15,10,9,17,15,17,9,17,17,10,17,15,12,12,11,10,10,10,17,17,15,12,17,9,9,15,10,12,15,15,15,17,17,15,11,15,10,12,9,9,10,11,11,9,9,12,15,9,15,9,12,12,10,17,17,10,12,15,9,10,17,11,11,11,17,9,9,11,15,11,11,11,15,12,17,9,10
pred_labels
12,9,15,12,15,12,11,12,17,9,15,11,11,10,11,15,11,15,11,12,12,17,17,17,11,10,10,15,15,15,12,17,15,15,9,17,9,11,15,11,9,11,11,11,11,15,12,9,17,10,10,17,11,15,11,10,15,12,12,12,12,17,9,11,12,15,15,9,17,11,11,12,11,10,9,15,11,15,12,17,11,9,10,15,17,11,11,12,15,15,9,9,12,9,11,15,15,15,10,10,10,9,17,11,11,12,10,9,17,10,9,15,15,12,17,11,15,9,15,17,10,9,9,12,10,17,11,12,11,9,11,10,9,11,11,9,17,15,9,9,17,12,12,15,10,15,15,15,15,11,11,11,9,12,10,9,11,10,17,12,10,12,10,11,9,11,11,11,15,10,17,17,12,9,9,17,15,10,17,17,12,12,12,12,10,9,17,11,15,17,12,15,11,12,11,11,15,10,9,10,12,17,17,10,12,9,15,12,9,11,9,10,12,10,11,10,9,12,12,9,9,17,15,17,10,17,12,11,9,9,17,11,12,17,17,10,9,9,10,17,12,15,11,15,15,15,11,11,9,11,10,10,9,11,10,10,17,10,15,11,11,17,12,17,12,9,11,10,9,10,15,17,17,15,15,17,15,12,17,9,9,11,17,12,11,17,9,9,11,9,15,15,10,15,15,11,11,12,12,9,9,9,12,17,17,11,9,17,9,15,11,11,17,10,12,17,10,17,15,11,11,15,9,11,10,9,10,11,15,10,15,17,17,10,15,17,12,9,12,10,12,11,17,15,11,17,17,12,12,15,10,12,11,10,10,9,17,12,11,12,11,9,11,11,11,11,11,12,12,17,12,12,11,11,17,10,15,9,11,10,9,9,12,17,17,15,17,17,17,15,15,12,9,10,17,17,10,17,9,11,10,11,10,15,17,15,12,17,17,15,10,11,9,12,17,10,10,15,12,9,12,11,9,10,10,15,9,17,10,10,17,15,15,10,17,11,12,9,10,12,10,12,9,11,10,11,17,12,11,15,15,11,15,11,9,15,10,12,11,12,9,11,10,17,11,11,10,11,10,17,12,17,9,17,15,11,9,15,11,9,10,10,12,12,11,10,9,12,10,9,15,10,10,10,10,15,17,10,12,15,15,11,9,12,9,15,10,17,17,10,10,17,10,17,10,9,9,10,12,11,17,17,12,12,11,12,17,11,12,12,11,10,11,12,9,11,10,12,12,10,11,17,12,12,15,11,15,15,12,10,10,9,17,10,15,12,15,10,17,9,11,10,11,15,10,9,9,15,10,17,10,11,15,12,17,9,10,12,10,10,12,10,11,11,10,10,11,12,10,9,17,12,17,11,9,9,17,12,9,10,10,10,15,15,17,11,15,12,12,10,15,15,17,11,9,17,15,12,10,17,11,17,10,15,9,10,9,9,10,10,9,10,10,15,11,11,11,15,12,9,11,10,10,17,11,11,12,17,15,11,9,11,15,15,11,9,15,15,11,15,15,12,11,10,12,9,17,17,17,10,10,10,17,9,15,9,17,12,17,12,15,11,15,17,9,11,9,15,9,12,11,9,9,17,11,11,10,9,15,10,12,12,9,17,17,12,11,9,12,11,11,11,15,15,12,11,12,17,17,12,11,12,17,17,17,11,12,9,11,9,10,12,12,17,12,12,9,9,11,11,11,11,11,9,9,10,9,12,17,15,17,11,12,10,10,11,12,17,9,9,17,10,9,11,12,15,11,15,12,10,9,10,17,17,12,15,9,15,9,17,10,17,12,9,9,17,15,12,10,11,11,11,9,17,11,17,17,9,17,9,12,9,17,10,17,11,10,10,12,10,11,15,12,12,12,17,17,15,11,17,11,11,9,12,10,17,9,10,9,15,11,9,10,15,10,9,9,9,17,12,11,11,11,15,15,10,10,11,12,9,10,12,9,10,10,10,17,10,15,17,9,11,17,15,12,11,10,15,11,12,10,11,12,12,12,11,11,15,15,17,10,12,15,15,12,10,10,12,12,9,11,17,11,12,17,17,11,12,15,10,9,12,11,11,15,11,15,15,12,17,10,10,17,9,11,15,12,11,11,10,9,12,12,15,10,9,17,15,17,9,17,17,10,17,15,12,11,12,10,10,10,17,17,15,12,17,9,9,15,10,12,15,11,11,17,17,15,11,15,10,12,9,9,10,11,11,9,9,12,12,9,15,9,12,9,10,17,10,9,12,15,9,9,17,11,11,11,17,9,9,11,15,11,17,11,15,12,17,9,9
pred_correctness
True,True,True,True,True,True,True,True,True,False,True,True,False,True,False,True,True,True,False,False,True,True,True,False,False,True,True,True,True,True,True,True,True,True,True,True,True,True,True,False,True,True,False,False,True,True,True,True,True,True,True,True,True,False,False,True,True,True,False,True,True,True,True,True,False,True,True,True,True,False,True,True,True,True,True,True,False,True,True,True,True,True,True,False,True,True,True,True,True,True,True,True,True,True,False,True,True,True,True,True,True,True,True,True,True,True,True,True,True,True,True,False,True,True,False,True,False,False,False,True,True,True,False,True,True,True,True,False,True,True,True,False,True,True,False,True,True,True,True,True,True,True,True,False,True,True,True,True,True,False,True,True,True,False,True,True,True,True,True,True,True,False,True,True,True,True,True,True,True,True,True,True,False,True,True,True,True,True,True,True,True,True,True,True,True,True,True,True,True,True,True,True,True,True,False,True,False,False,True,True,True,True,True,True,True,True,True,True,True,False,True,True,True,True,False,True,True,True,True,True,True,False,True,False,True,True,True,True,True,True,True,True,True,True,False,True,False,False,True,True,True,True,True,False,True,True,True,True,False,True,True,False,True,False,True,True,True,False,True,True,True,True,True,True,False,True,True,True,True,True,True,True,True,True,False,True,True,True,True,True,True,True,True,False,True,True,True,False,True,True,True,True,True,True,True,True,True,True,True,True,True,True,False,True,False,True,True,True,False,True,True,True,True,True,False,True,True,True,False,True,True,True,False,True,False,True,True,True,False,True,True,True,False,True,False,True,True,False,True,False,True,True,True,True,True,True,False,True,False,True,True,False,True,True,True,True,True,True,True,True,True,True,True,True,True,True,True,True,True,False,True,True,True,True,True,True,True,True,False,True,True,False,False,True,True,True,True,True,True,True,True,True,True,True,True,True,True,True,True,True,True,True,True,True,True,True,True,False,False,True,True,True,True,True,True,True,True,True,True,True,True,False,True,False,True,True,False,True,True,True,True,True,True,False,True,True,False,True,True,False,True,True,True,True,True,True,False,True,True,True,True,False,True,True,True,True,True,True,True,True,True,True,True,True,True,True,True,False,True,True,True,True,False,False,True,True,True,True,True,True,True,True,True,True,True,True,True,True,True,True,True,True,True,False,False,True,False,True,True,False,True,True,True,True,True,True,True,True,True,True,True,True,True,False,False,True,True,True,True,True,True,True,True,True,True,True,True,True,False,True,True,False,True,False,True,True,True,True,True,True,True,True,True,True,True,True,True,True,True,True,True,True,True,True,True,True,True,True,False,False,True,True,True,True,True,True,True,True,True,False,True,False,True,False,True,True,True,True,True,True,True,False,True,False,True,True,True,True,True,False,True,True,True,True,True,True,True,False,False,True,True,True,True,True,True,True,True,True,False,True,True,False,False,True,True,True,True,True,False,True,True,True,False,True,True,True,True,True,True,True,True,True,True,True,True,True,True,True,True,True,True,False,True,True,True,True,True,True,True,False,True,True,True,True,True,True,True,True,True,True,True,False,True,True,False,True,True,True,True,False,True,True,True,True,True,True,True,True,False,True,True,False,True,True,True,True,True,False,True,True,True,True,True,True,True,True,False,False,True,True,True,True,True,False,True,True,False,True,False,False,True,True,True,True,True,True,True,True,False,False,True,True,False,True,True,True,False,True,True,True,True,False,True,True,False,True,True,True,False,False,True,True,False,False,True,True,True,True,True,True,True,False,True,True,False,True,False,True,False,True,True,True,True,True,True,True,False,True,True,True,True,True,True,True,False,True,True,False,True,True,True,True,False,True,False,True,False,True,False,True,True,True,False,True,True,True,True,False,True,False,True,True,True,True,True,True,True,True,True,False,True,False,False,True,True,True,True,True,True,True,True,True,True,True,False,True,True,True,True,True,True,True,False,True,True,True,True,True,True,True,True,True,False,True,True,True,True,True,False,False,True,True,True,True,True,True,False,True,True,True,True,True,True,True,True,True,True,False,False,True,True,True,True,True,False,True,True,True,False,True,True,True,False,False,True,True,True,True,False,False,True,True,True,True,True,True,True,True,False,False,True,False,True,False,False,True,True,True,False,True,True,True,True,False,True,True,True,True,True,True,True,True,True,True,True,True,True,True,True,True,True,True,True,True,True,True,False,False,True,True,True,True,True,True,True,True,True,True,True,True,True,True,False,False,True,True,True,True,True,True,True,True,True,True,True,True,True,True,True,False,True,True,True,True,False,True,True,False,False,True,True,True,False,True,True,True,True,True,True,True,True,True,True,False,True,True,True,True,True,False
p2d-kl
0.513389527797699
p2d-iter
599
p2d
0.17720991,-1.8970845;-0.26951703,0.9809805;-0.8435188,-1.1411289;0.13745621,-1.6936464;-1.1473601,-1.649557;0.35736704,-1.6310674;-1.4663957,-0.1800193;0.068728514,-1.185;0.24474807,0.34169045;-0.15845035,0.9295932;-1.0616566,-1.3924985;-0.8616719,-0.032498218;-0.17634864,-0.37199652;1.6953697,0.10485126;0.5578906,1.2637323;-1.0194801,-1.3895091;-1.4400768,-0.14341646;-1.1483527,-1.4727203;-0.038835723,0.3030193;0.2294783,0.27965695;0.35026845,-1.5679474;0.951083,-0.8267319;0.401774,0.80043006;0.3303143,1.7100435;0.4256704,1.2503321;2.0549397,-0.13249917;2.13275,-0.19187763;-1.0292389,-1.2276587;-0.1301778,-0.6053723;0.111766905,1.1053559;0.12477415,-1.401999;0.9985748,-1.0676004;-1.1456414,-1.6698121;-1.1953249,-1.5563943;-0.9672139,0.9996056;1.0078434,-0.9557361;-1.1042753,1.1628411;-0.7189729,0.060565576;-0.0045287586,0.41533625;-0.120673105,-0.17936413;-1.7888925,1.1780378;-0.39806393,0.59399796;0.034153398,0.704163;-0.17498617,-0.19709842;-0.99309325,-0.09928782;-0.38187045,-0.19338775;-0.0403438,0.31537774;-1.774353,1.2251378;0.86378324,-0.42324108;1.6335673,0.36464638;1.6912339,0.33834064;0.8887947,-0.62777877;-0.33978868,0.27186704;0.15406187,0.76453316;-0.21630481,-0.29322222;2.119023,-0.16563296;-0.35664123,-0.19490428;0.21690512,-1.2924904;-0.10603681,-0.6412823;0.09000262,-1.5705743;0.17777222,-1.8392295;0.9785569,-0.6051229;-1.687413,1.1881996;0.39108366,1.9324415;-0.10400874,-0.3660028;-1.2290826,-1.6261138;0.20803842,0.88746643;0.5729719,1.8440894;0.90990734,-0.9731188;0.027477283,0.55926067;-1.5871896,-0.27783635;0.11836686,-1.6062016;-1.0020481,0.045046438;1.584819,0.42996132;-1.5349137,1.1511968;-1.1390088,-1.5120105;-0.25199556,0.2846289;-1.181929,-1.7227501;-0.023053538,-1.3790611;0.9183653,-0.76251465;-1.787915,-0.27801892;-1.2436461,1.1230059;2.1685717,-0.077887066;-0.12529545,0.018723562;1.0099366,-0.77921724;-1.532583,-0.20803298;-1.8798592,-0.3992957;0.18359222,-1.8429153;-1.1199496,-1.6084466;-1.0806817,-1.3433557;-1.600403,1.190315;-1.3732514,1.1033936;0.3176214,-1.374131;-1.2841276,1.1543319;0.23859686,1.5237938;-0.96006054,-1.249091;-0.30059573,-0.15804534;-1.1305205,-1.4751178;1.445533,0.3067135;0.56830764,1.4842895;2.151803,-0.020262389;-0.9752738,1.054031;0.5981231,-0.99639523;0.14551137,1.5077088;0.26622367,1.4046224;0.1956637,-1.1491001;1.5248762,0.36319718;0.10178242,1.2842541;0.68811613,-1.2469336;1.822544,0.24310091;-1.8778207,1.1663647;0.5057226,1.72058;-1.1000818,-1.3935457;0.4074806,-1.5638565;-0.12794538,-0.445367;-0.75424486,0.09010713;0.10207479,0.8866398;0.022815432,1.0892684;0.16296917,0.88460445;0.54655534,0.74730796;1.6198096,0.38990468;-1.3841248,1.1467946;-0.052634336,0.5579314;0.002425029,-1.4313327;2.1520514,-0.21827815;0.9969812,-1.0228269;-1.2626492,-0.09936028;-0.024214175,-0.062782936;-1.1941093,-0.12667483;-1.0583149,1.1663362;-1.5848252,-0.23858751;0.1527914,0.41076922;-0.71312857,0.9870372;-0.17809676,0.59308773;-0.23145624,0.38476405;-1.6949046,1.1726786;0.6418947,-1.0508926;-1.0102004,-1.4283302;-0.739867,0.99182093;0.22756457,1.4579457;0.96148574,-1.071295;0.10812551,-1.6808014;0.32263166,0.42744973;-0.21210909,-0.51385117;1.4456865,0.5979392;-1.1238482,-1.558502;0.22986157,0.7780208;-1.1928773,-1.4157872;-1.0273237,-1.3468769;-0.9603266,-0.14003806;-0.8213331,0.11878296;-1.4149868,-0.2798141;-0.6961946,0.86545724;0.542609,-1.0358173;1.8009616,0.18296307;-1.2421769,1.1782486;-0.24781513,0.60803777;0.50667,1.2006882;0.8758903,-0.39001107;0.18749139,-1.1028278;2.0244324,-0.2256082;0.036715038,0.25372255;1.632272,0.27376574;-0.8572826,-0.010169002;-0.7480674,0.96295834;-1.4619869,-0.20021616;-0.13587527,-0.2748172;-0.21814963,-0.23005025;-0.3193367,-0.23747389;2.0377538,-0.01175004;0.962987,-0.7373844;0.25748897,0.2893462;-0.080521695,-0.14951296;-0.9030308,0.8708419;0.36033866,1.7652882;1.0037644,-0.89121026;-0.933452,-1.3012365;1.8370187,0.14172858;0.9129043,-0.38489437;0.27713928,0.6816782;0.31325215,-1.5642563;0.12545672,0.1507091;0.10751094,-1.0014085;0.33547223,-1.6237569;1.875881,-0.028569607;-1.6625066,1.180229;0.7285151,-1.4707652;-0.3974439,0.5659555;-1.0003148,-1.2744408;0.74064225,-1.3816541;0.2862669,-1.5929517;-1.167995,-1.6997164;-1.754157,-0.1690902;0.15136272,-1.8623031;0.14872174,0.6388755;-1.7411121,-0.25039893;0.1821585,0.779058;-0.03108728,-0.3924237;-1.158447,1.1626636;0.61792713,1.4823014;0.12787871,-1.4292804;0.95178264,-0.51033103;0.035657354,-0.14101867;1.5754932,0.52273285;0.06583849,-1.3116751;-1.5135804,1.1623583;-0.7335834,-0.9919135;0.15735753,-1.8484623;0.62324625,1.8834264;0.39051273,1.1521428;-1.2196031,1.2074839;1.7621266,0.24247305;0.07988859,-1.5905858;0.6470473,1.7689365;0.45574677,1.8157536;1.9737211,-0.112324186;-0.8692764,1.0314324;0.34204993,-1.6598477;0.14341429,-1.8956261;0.29180804,1.2343785;-1.2710074,1.1738557;0.6037129,-0.9095405;-0.9517504,-1.2061417;0.014905403,0.030646263;1.8148819,0.21267904;0.91946876,-0.43289077;0.1302781,0.082484804;-1.4697276,-0.22006848;-1.7343211,1.15383;-0.28457633,0.74736124;0.92015994,-0.49207115;0.44965816,1.8902866;0.04010287,-1.3909031;0.80940884,-0.83707124;0.42701262,0.8909477;1.8749764,0.2005115;-0.031691313,0.5559281;0.51815045,1.8587769;1.715074,0.28196445;0.2575343,0.73257136;0.12895297,-1.1040998;-1.1803532,-1.6769687;-1.4769077,-0.12731537;0.4959803,1.4053147;-0.8839497,-1.1099794;-1.2236254,-1.6121258;-1.8814123,-0.2957246;-0.241916,0.39543906;0.116403095,0.9566462;-0.6171028,0.09749369;1.519881,0.52529633;0.5836808,1.1771181;-1.014045,0.9469523;0.46598256,1.9312835;2.1767125,-0.04694109;1.7498908,0.32705438;1.035755,-0.83438855;0.5523517,1.7367966;-0.36695203,-0.44414946;-1.8139662,-0.33562785;-1.8084316,-0.31241608;0.88858414,-0.41376445;0.23094591,-1.3387458;0.9084818,-0.86125225;0.022858705,0.09887564;-1.2544192,1.1982256;-0.80567753,0.01165818;1.9707053,-0.23061787;-0.2831184,0.8475351;1.4609048,0.51317424;-1.1411405,-1.5474597;0.62830716,-1.0003481;0.24555838,0.28789988;-0.90029556,-1.1344109;-0.15874232,0.73887974;0.6725441,-0.9785927;0.030079503,0.88188636;0.14744787,-1.801917;0.5677149,-1.1653923;-1.7052644,1.2244747;-1.7838925,1.173647;-1.1326076,-0.032110807;0.8124637,-0.25657874;0.22287455,0.954572;-1.6905918,-0.1482631;0.95219004,-0.70568365;-0.25947538,1.0004897;0.2837023,1.2659055;-1.207768,-0.07177215;-1.1179733,1.0893655;-1.2481905,-1.6372242;0.13714565,0.86864954;1.7078056,0.31338865;-1.0507635,-1.2918588;-1.1563699,-1.511102;-0.9579335,-0.066070095;-0.012593183,0.68094283;0.40756726,1.5106002;0.018990306,-1.457409;-0.7727144,1.0204065;-1.5119364,1.1419603;0.44339997,1.9987477;0.2548857,0.58729386;0.9528895,-0.672442;-0.1568617,-0.48598683;-0.41227594,0.527523;-1.5921488,1.2499987;0.13031235,-0.3383475;0.5188692,1.8476028;-0.81902134,-1.0985876;-0.83175117,0.084723316;0.082671836,0.46608672;0.53571516,1.7492768;1.6430188,0.30281547;0.49211025,1.3382705;0.97791195,-0.8476462;1.4610065,0.5773066;0.8983111,-0.67876685;-0.023400035,0.23508547;-0.62497514,0.042068962;-1.7371119,-0.25314116;-1.2238129,-1.7496108;0.07725486,1.0652926;-1.8075496,-0.17794482;0.15079537,0.5594194;-1.3723694,1.1162721;1.9579087,-0.18689856;-1.732075,-0.38938564;-0.25644812,-0.14613634;1.7678736,-0.07583386;-0.8810107,-1.190051;0.9819114,-0.7940867;-0.001993955,-0.19311652;1.7711984,-0.14119835;0.013605523,0.05716645;0.7560123,-1.4290617;0.21057366,-1.3567175;0.55508,1.9933803;0.26920107,-1.5672238;0.46613264,2.0335896;0.30086887,-1.712015;-1.2041163,-0.13604972;0.86055243,-0.36515602;-1.0447155,-1.5472561;-1.1974882,-0.056292858;0.96584743,-0.5423993;-0.15690452,-0.68382305;0.21184947,-1.4240956;0.44952443,1.4780366;-1.2560865,-1.7684189;2.2374187,-0.22197558;-0.08641078,0.2483493;-1.7344153,-0.20064154;1.9257742,0.19224453;0.5308605,1.6033051;-1.1423048,1.1230474;0.99062234,-1.0961457;0.08230643,-0.59192115;-1.6072356,-0.21772234;0.22640306,-1.3612018;-1.4303825,-0.090312004;-1.0409296,0.9838961;-0.41269523,0.4846002;-0.14603847,-0.37543815;0.42579773,1.9254347;-1.9146783,-0.421222;-0.21049854,-0.28398067;0.10265117,-0.8874803;0.13566762,-1.8595083;0.3780128,1.5855956;0.27387574,-1.4285064;0.32387373,0.50632125;-0.741469,0.04480796;0.53273314,1.3661121;1.0030955,-0.8070962;1.8070042,0.17351441;-1.1991993,-1.6448463;-0.95607865,0.9396267;0.06691082,0.874676;2.001346,-0.14257695;-1.627883,1.1654495;0.57982916,1.8824844;0.52876455,1.8662643;0.379043,0.86412925;0.15674193,0.9392856;-0.37001547,-0.51412153;0.87963367,-1.0438898;0.93521357,-0.5424896;0.4941828,0.89367557;-0.23128596,-0.4779248;-1.0948468,-1.461624;0.17790414,-1.2249924;-0.2705917,0.9913487;1.5064672,0.48810667;0.72006583,-1.2746037;0.9453397,-0.7912655;1.8660493,0.0010638977;0.20783034,-1.9256209;-1.2031204,1.0812923;-0.3161223,0.561002;1.7519537,0.3243107;-1.9089535,-0.38724628;2.018087,-0.18350431;-0.93544257,-1.2575233;0.86780256,-0.74636734;-0.28068307,-0.15422213;-0.08549971,-0.5848957;0.32800296,0.38878152;0.37494367,0.8784694;-0.36763734,-0.6125279;2.2026753,-0.10249689;-1.1525378,-0.053510025;-1.1836706,1.1007516;0.10035674,-0.83090085;0.8867863,-0.58408535;1.4764981,0.5387152;0.4151529,1.1342422;-0.33204442,-0.26979712;-0.00872118,-0.5180117;-0.9374763,0.999243;0.24417259,0.4270819;0.025809487,0.25584778;-1.711198,1.1982731;0.26444834,0.5229806;1.8626261,0.09579576;-0.77277166,-1.0977637;0.07423948,1.0676157;0.5672054,0.7219069;2.1773248,-0.07209481;0.40603676,1.2073221;0.77000165,-1.3352462;-0.35729724,-0.527482;-0.79855645,-1.0663482;0.15432492,0.5901272;0.9191227,-0.99495417;-1.6515182,-0.23336042;0.45852125,1.526818;-0.21100308,0.73131096;0.41145033,1.1173059;0.16745111,0.48851457;2.1460588,-0.16803184;0.081722215,-1.5999602;-0.14356363,0.9694355;-0.20451635,0.630165;1.9146501,0.08914602;-0.3280272,0.34566972;0.09916779,0.10958806;0.18848205,-1.0991079;0.03751725,0.71995527;-1.2625027,-1.7929503;-1.156195,-1.6220516;0.2560169,1.4878656;-1.2692705,-1.6797396;-0.89364845,-0.055187162;-0.9895329,1.0166389;-1.0484514,-1.3750323;1.7140269,0.37207362;0.11967011,-1.661536;-1.1166581,-0.07908227;0.33425227,-1.5174135;-1.1724211,1.1662173;0.23124994,1.3961318;0.1430965,0.48481926;0.9856541,-1.0050604;-1.3199785,-0.10171014;-1.5313433,-0.15248466;1.9747016,0.082308136;0.4023044,1.3464806;1.5189321,0.46074638;0.94709957,-0.95785064;0.14865765,-1.9242444;0.94605386,-1.1054943;-0.29072675,0.8895507;0.1203022,-0.36094993;-1.2270229,-1.7005457;-1.0626537,-0.115515895;-1.0990609,1.0299319;-0.32310858,-0.5600368;-1.44355,-0.20849091;-1.0679665,1.0389208;2.16337,-0.18226203;0.10551076,0.5137131;0.012841235,-1.4498253;0.10953835,-0.3681852;-0.7549163,0.021603005;1.4942116,0.5155764;-1.6515524,1.2287487;0.14703724,-0.99213475;1.6472826,0.25558102;-0.06947311,-1.3132827;-1.1309333,-1.5230469;1.7389584,0.34680694;0.5697133,1.2229615;-0.1729393,0.14552607;-0.07060243,0.11753153;-0.7721272,-1.0226866;0.08319538,-0.1285318;1.8170624,0.18612914;0.16813487,-0.99725187;0.18114561,0.90774274;-0.9672405,-1.3582002;-0.21454692,0.4168655;-0.24561173,0.7257546;0.057589058,-1.3907729;-0.98254454,0.9995382;-1.1176271,-1.578125;1.8250868,0.009263344;0.8161671,-0.26078215;0.11946179,0.048296373;1.6610816,0.22445872;2.0151362,0.099632345;0.85103345,-0.57138103;1.8959357,-0.07091799;0.061982103,0.002696311;-0.09227089,0.11719011;-1.5521951,1.2042727;0.46593577,1.942709;0.38716114,1.2494731;0.071368486,-1.1707072;-0.39049795,0.5816012;0.9276858,-0.8669182;0.7352747,-1.378759;0.028963692,-1.3554223;0.24418841,1.2364924;-0.98231363,-0.02013936;0.32710454,-1.6543329;0.9821433,-0.7390261;-1.3745675,-0.123766005;-0.04308331,-0.5131404;0.26162595,-1.3696601;-1.84521,-0.36361203;0.16637063,0.51078284;-1.547769,-0.28363323;0.18561748,0.45076612;-0.8035829,0.95907897;-1.7113054,-0.26100543;2.086875,-0.021518933;0.3457344,-1.4272753;0.2754567,0.6413821;1.9360546,0.051943768;-1.5795065,-0.17600921;0.7593336,-1.3365675;0.10727154,-0.9136176;0.36360368,-1.4916209;-1.0020825,-1.5004236;-1.70104,-0.27187863;-0.38128406,-0.54967344;0.18232992,0.78942806;0.05884007,-1.4487494;1.5640882,0.3588481;2.2435322,-0.22374675;-0.83396536,1.0081074;0.55464745,-0.9328884;1.486325,0.1973824;-1.2155033,-1.4251695;0.29591426,-1.613386;-0.31806597,-0.08142699;0.11806313,0.5510366;0.13172683,-0.0038806705;-0.79145813,1.0042714;-1.2076198,-0.114663586;1.7250786,0.2944782;-0.35173503,0.34084672;-0.86068785,-1.0246396;1.4692072,0.27984613;-1.8707664,1.2106513;0.06287376,1.2435919;0.056967784,0.83233106;0.6205075,1.1741133;0.31147727,0.70182514;2.04845,-0.21329951;0.024824088,0.4528175;0.31981882,0.6123599;0.42408654,1.533052;0.20481104,0.21826264;-1.8477197,1.1907493;1.9329414,0.15124339;0.06624865,-1.6216252;-0.040515706,0.5183776;0.31680843,1.1810225;0.16892461,-1.9042145;-0.096560955,0.06311297;-1.1932882,-0.011552015;-0.10245753,0.6494872;1.5604194,0.50508827;2.0937607,-0.13866945;-0.21171138,0.50617296;-0.008734126,-0.53278875;1.809173,0.10566624;0.3293004,1.2818564;0.9557811,-1.044829;0.1476299,-1.3826905;0.9648957,-0.7846968;-1.2869878,-0.09319912;-1.3138593,1.0498834;-1.4296683,1.1316751;0.69654036,-1.1384659;0.36164296,0.82355964;0.008474524,0.595581;1.5591445,0.45612082;2.1222215,-0.04016881;1.6135898,0.42899457;-0.363784,-0.23393665;-1.2304245,-1.477891;0.8724632,-0.4897296;-1.6849705,-0.27500117;-0.34359035,-0.46361405;-0.056620296,-0.14691418;-0.022902427,-0.40490916;0.43581802,1.052411;-1.097672,-1.5181719;-0.20741786,-0.11728431;0.16053115,0.9834324;0.0060902303,0.2985654;-1.5144686,1.2225691;0.74378836,-1.4240236;-0.78338,-1.0597533;0.09207876,-0.7821183;0.44200355,1.1741848;0.45570427,1.606743;-1.4392564,-0.13064149;0.6366906,-1.0978532;0.47994182,1.0530945;-0.17747168,0.35889384;-0.8112618,1.0348959;0.02242919,0.44437456;-1.2686461,1.2169939;-0.05737578,1.1264875;1.6947714,0.28137946;0.47290254,1.2070353;-1.8707664,1.2106513;2.1937263,-0.059474226;0.53402185,1.6990422;-0.38207084,-0.5860492;-1.3529409,-0.33502203;-1.3936961,-0.26233888;-0.24684581,0.50783086;-0.3285976,-0.4917983;0.30429405,0.8516898;-0.8856892,0.8612248;-0.25805962,0.5697614;-0.15189168,0.13204014;1.6934006,0.21931693;0.56741065,-1.1656556;0.4438445,1.7538149;-0.9327994,-0.019707993;0.15833251,-1.1379607;0.9378829,-0.8494509;-0.267931,-0.50422996;0.27842405,1.5154194;-1.4902407,1.16806;-1.3895304,-0.19534373;-0.96114457,-1.1694608;-0.84716946,-1.0477767;-1.0074949,0.0005506615;-1.6183951,1.1686347;-0.9861867,-1.3324606;0.4045022,1.558155;-1.9549762,-0.46544513;-1.2307405,-1.5270481;-0.3281837,-0.5177317;0.2963285,0.90676075;-0.74384576,0.04279661;1.74086,-0.034538317;0.39619175,1.3952209;-1.0133612,1.0679549;0.3054883,0.21810807;0.9163738,-0.48512173;0.31868094,0.32392445;0.5067042,1.4807339;1.7717823,0.28094962;0.5804731,1.1963246;0.62733763,-1.0767945;0.14172678,1.2903302;-0.19004425,-0.09209701;-1.4681208,1.1811986;0.8460295,-0.32049137;0.28456724,-1.512271;0.5077388,0.88906676;0.557523,1.8464472;-0.9836372,-1.3135412;-0.046935055,0.6926321;-1.2034131,-1.5014787;0.89050215,-0.7974031;-0.33531436,0.45326942;-1.4978312,-0.19092168;-1.1223633,1.0374668;0.12922305,1.0545515;-1.2169492,1.1461858;0.15162441,-1.1217284;-1.8596969,-0.32188162;-1.784626,1.2103882;-0.11785505,1.0191455;0.7047827,-1.1559128;-0.8706737,-0.08594631;-1.3132206,-0.20397225;0.34736606,1.3017955;0.5157365,2.0436828;-1.0382891,-1.5076838;-0.13687289,0.022781566;0.14684415,-1.6147829;0.13039595,0.19041745;-1.7252686,1.2047803;0.16063239,1.048837;0.800568,-0.24114853;0.14575815,-1.9516917;-0.36534858,0.12070502;-0.7874506,0.9497246;0.33753812,1.5834748;0.09744146,0.7025688;-1.7035651,-0.32907748;-1.6020838,-0.25052652;-0.32350093,-0.19402424;-0.85136026,-1.0582811;0.1365196,-1.682482;-1.753768,-0.30964008;0.15313882,-1.095274;0.97100204,-0.64246875;0.009913538,-0.19924048;0.28488764,0.45938727;-1.0482428,-0.00046512004;0.34514245,-1.5230734;0.052792072,-0.5338666;0.78733504,-1.3899528;0.34015992,1.6367699;-0.9033386,-0.020575264;0.11001132,-0.055268764;-1.5054585,1.2398651;-0.81791925,0.039455134;-1.0053874,0.94458926;2.0196502,-0.12537259;0.24907777,1.2536802;0.09220298,0.13678803;0.95641524,-0.8074952;0.19580133,0.6089846;0.30985573,-1.5712534;-1.4148636,1.1648968;-1.7439219,1.1818409;-0.35706744,0.4255575;-0.2775428,-0.29791847;-1.8302282,-0.33167636;-0.17364678,0.6271967;-0.1267481,-0.39480054;0.15856119,1.3217372;-1.0846794,0.9679086;1.857187,-0.08940161;-1.1650925,1.0629307;0.27618945,-1.4988605;0.5176333,-0.9682729;-0.88488823,-1.1728275;0.8550832,-0.5886005;0.45741385,1.4888654;0.13419965,-1.0648983;2.0981302,-0.06505678;0.39330477,1.2184684;-1.79881,-0.38556483;0.006270723,-1.5294801;0.7334228,-1.1779506;0.5356121,1.9379389;-1.1643862,1.1814867;0.7418549,-1.2608854;2.062338,-0.20531374;0.5209098,1.9873121;0.14328854,1.5145403;-0.01628863,-1.3085312;-0.37040436,-0.48887458;0.4304503,1.7765656;-0.27231133,-0.06643821;0.09688525,-0.8509663;1.8868289,-0.111130826;-0.2895514,0.93865806;2.1154494,-0.22257496;0.9836044,-0.8967578;0.34707198,0.34937778;0.47102535,1.6347939;-1.0308118,-1.3730472;-1.7006223,1.1477566;-0.119601086,0.7722001;0.17968781,1.3049908;0.85413396,-0.82914054;1.9096134,-0.055664264;0.8273202,-0.2830662;0.012165841,-0.07569115;-0.88941324,0.87758964;-0.09121852,1.0432754;0.775826,-1.3432165;0.14772107,1.0777615;-0.026933262,-1.3098545;0.4765836,2.002104;0.03970707,0.7309934;-1.9483576,-0.45745632;0.38987297,1.4839308;0.4787231,1.9776518;0.34041864,0.35269976;-1.7349856,-0.17772365;0.7320005,-1.3344857;0.31651556,0.25334996;0.5622701,1.9585056;0.5963248,-1.106155;0.46454862,1.765581;0.1655924,-1.8003446;0.063569546,1.2624099;0.76288474,-1.3656892;0.52789867,1.5823842;0.71461433,-1.3879422;-1.6418059,-0.18795408;1.9316888,0.1370524;0.45768595,1.1853868;0.05364002,-1.1831208;0.08250518,0.08902453;-1.6657091,-0.24841987;0.18834172,0.91443574;0.19268815,0.5379054;0.12266385,-0.9450579;0.07324123,-0.56948197;0.8728868,-0.55809677;0.91652805,-0.5358572;-0.8612359,-1.088471;-0.72083855,0.053123865;0.014683364,-0.35229605;-1.7058352,-0.23177873;0.2499908,1.4175755;-1.3392876,1.1704736;0.18594138,-1.0563759;0.45179737,1.0907882;0.98708475,-0.85002196;-0.2386869,1.0350358;2.0634634,0.0329726;-0.1534423,1.0862732;-1.2658212,-1.492798;-1.5508119,-0.24482775;-1.2392311,1.0049015;0.4969098,1.8260598;-0.34415555,-0.18619452;1.5297532,0.43434477;-1.5255722,1.193994;0.20512234,1.2811605;0.21893363,1.5599697;0.5872464,-0.95833236;0.24634285,0.6314555;-1.5716048,-0.21105906;-0.27823862,0.35395262;0.15956374,1.037053;-1.2623317,-1.7166834;0.5308518,1.6289302;2.1846344,-0.20633577;1.7179799,0.13510452;0.285646,1.3334293;-0.11407796,-0.34589425;0.31351796,1.6908597;1.9935054,-0.1602988;0.10566924,-0.84885865;-0.064563625,1.1155367;1.4718769,0.53228116;1.8452436,-0.13024507;1.5740448,0.40976286;0.103077374,-0.094936356;2.0405996,0.069987506;-0.91144276,-1.2073076;0.84980524,-0.38678056;-1.1080419,1.1175829;-0.4221686,0.41143543;0.91710544,-0.5946126;-0.29388255,-0.49651128;0.13096079,-1.9633214;-1.9152116,-0.42177498;1.6507757,0.38583207;0.4755029,1.4124802;-0.6289332,0.05804663;0.11747413,-1.0777888;2.0820513,-0.16591369;-1.7871898,-0.34819037;0.3102065,-1.6748927;0.3898794,1.5721222;0.3489084,0.8103014;-1.8267841,-0.29662827;-0.29369423,0.4599734;-0.29495442,-0.2646353;0.21987508,0.6974503;0.58173126,-0.9939138;1.9144465,0.17924848;0.06254509,-1.3369718;0.0026385572,0.014425005;0.46067372,1.704903;0.036026202,0.22577871;2.140298,-0.0017164263;1.6654453,0.36388224;0.13923524,-1.0163063;0.21566992,0.30700654;0.50474936,1.9267005;-1.0719328,-0.1186186;0.9489012,-0.54954445;-1.6517211,-0.22249347;0.41009003,-1.1404964;0.5382136,-0.9458474;0.9881832,-0.98892576;-0.2063988,0.4789486;0.32983124,-1.6041075;-0.14993308,0.3096888;0.16363615,0.3830504;-1.874207,1.1585325;0.4242007,0.9024598;-1.1813829,-0.10505794;0.15315418,0.7410582;-0.36169955,-0.13995911;-1.5966693,-0.3168054;-1.2341721,-1.6689489;0.36687478,1.4751626;-0.059478268,-0.36269927;0.5583174,0.73304886;2.0002367,-0.21981083;2.11135,-0.18650794;0.51869535,0.8718746;0.5284305,2.0087757;-1.9530764,-0.46212187;-1.0673412,-1.4291843;0.37291306,-1.5772163;-1.2334024,-0.09361417;0.27391464,1.0559216;-0.09523174,0.12021487;-0.80909365,0.9799751;0.11899271,-1.914438;0.03329734,-1.5177138;-1.0758916,-1.4988085;1.9241878,0.013242999;-0.86874294,0.9836545;0.7719014,-0.17904893;-0.8415554,-1.0974916;0.78118265,-0.1966662;-1.3293155,1.114199;0.747318,-1.2884287;0.15283844,-0.32826227;0.5572279,1.1814349;0.8947222,-0.50959706;-0.80751413,-1.0320342;0.3363336,-1.52676;-0.38230842,0.09369669;0.15065692,0.66037977;0.53311825,1.688794;0.53865844,1.0662023;2.0755944,0.058961816;0.78252727,-0.48516953;0.84798914,-0.4282206;-0.32479444,-0.17287323;0.0454737,-1.5123546;1.0032994,-0.9897936;-1.3536695,1.1274567;-1.1949347,1.1753224;0.029581506,0.86486334;1.7866007,0.055402655;0.13729319,-1.9440976;-1.208539,-1.7432833;0.15425403,0.6984373;0.20131107,0.7247029;0.38184097,1.6063222;0.7551255,-1.2911158;-0.7772287,-1.0838166;-0.70566314,-0.017870096;-0.30437273,-0.08849221;1.5457124,0.4642634;0.30467173,-1.5372443;0.29254442,1.1933178;0.50088143,1.9502658;1.4534235,0.24853103;-0.96783096,-0.11590831;-0.9140067,-0.06683987;-1.1987548,1.0353197;-0.26895344,0.9415028;0.107220076,-1.0347779;0.3205857,0.38586286;-1.1521108,1.0782678;-0.94695705,-1.2663692;-1.2525791,1.0272428;0.07708679,-1.0226682;-0.07756306,1.066626;1.7793559,-0.092528224;0.6728487,-1.1852223;0.5794543,1.791029;0.35618973,1.3019677;0.2826571,-1.3458163;-0.7742716,-1.0436771;-0.8825715,1.0119234;0.5152893,1.9757977;0.5853253,-1.1250366;-0.31610227,0.27878872;-0.9381729,-0.04457263;0.29816052,1.4745493;0.5747436,-0.9961231;-1.5846641,1.208895;-1.8438617,1.1592299;-1.6309355,-0.27580974;-1.230371,-1.7177999;-1.4127891,-0.106394805;0.47988048,-0.9317902;-0.85022694,-0.041224014;-1.23016,-1.6355948;0.0912245,-1.4269772;0.60959744,-1.0429425;-1.6587148,1.2387666;-0.30328614,0.7410949
p3d-kl
0.4071296155452728
p3d-iter
599
p3d
-1.4494383,1.677346,-1.1551802;0.9970673,0.10783234,-0.119589485;-1.0994636,-0.65010077,-0.57607186;-1.3135997,1.3454951,-0.86019236;-1.6953982,-0.50546336,-1.6060785;-1.4422112,1.5782862,-0.43288302;-0.33491746,-2.219887,-0.37674406;-0.9392288,0.73904437,-0.09833258;0.6045312,0.14845133,0.5412701;0.93297374,0.22746038,0.17984933;-1.431544,-0.6694102,-1.0969546;0.009000261,-1.1493999,-0.13425282;-0.2641577,-0.32442704,-0.14317673;-0.58713216,0.29320148,1.2722329;1.3764349,0.24892126,1.2909195;-1.3873341,-0.62202984,-1.0866581;-0.33224538,-2.1642797,-0.24344139;-1.5177727,-0.74878955,-1.3539523;0.40036425,-0.18233128,0.59761006;0.4833049,0.21410428,0.43134218;-1.4000468,1.5054858,-0.29675558;-0.11124248,1.5889511,-0.7435584;1.0328872,0.33176488,0.45338175;2.0952554,0.26776785,0.87383187;1.4216471,0.46572965,1.0208216;-1.1629927,0.40437502,1.4621449;-1.3241665,0.3671228,1.5263424;-1.259495,-0.9020461,-0.8686241;-0.5882827,0.05754516,-0.19257353;1.4842806,-0.15541315,0.50808305;-1.0798558,1.0459487,-0.43033436;-0.44849855,1.7194936,-1.0315465;-1.6864766,-0.47653806,-1.6560515;-1.6834373,-0.662633,-1.4002242;0.6825469,-0.2785789,-0.9059137;-0.28717735,1.7274598,-0.9100935;0.7281486,0.006105168,-1.2793908;0.21097341,-0.9275559,-0.014620442;0.543895,-0.23675893,0.71433264;-0.06747301,-0.23571254,0.19057071;0.14425592,-0.22293426,-2.3768172;0.7280521,-1.0426834,0.35136953;0.9315532,-0.5812639,0.6939305;-0.099651925,-0.36604548,0.17193593;-0.14738548,-1.3707739,-0.11516369;-0.30764163,-0.60811394,0.45203832;0.42226094,-0.182204,0.6324879;0.19095613,-0.1697595,-2.4214342;0.33302912,1.3264756,-0.13991353;-0.22026768,0.12217087,1.6321646;-0.32283366,0.18403663,1.6589609;0.08990898,1.6715705,-0.38370162;0.31071684,-0.71030396,0.24638644;1.000865,-0.28783494,0.904754;-0.19927913,-0.48531178,0.004669986;-1.2853525,0.42574397,1.5083992;-0.28674755,-0.6213988,0.3973047;-1.0515099,1.0922388,-0.072268374;-0.6270971,0.20431575,-0.24808288;-1.0739938,1.2589757,-0.85476476;-1.4243236,1.5996372,-1.040167;0.17483155,1.4713755,-0.5126551;0.26348442,-0.23433687,-2.2505195;2.2396202,-0.37649852,1.0950291;-0.20612065,-0.17083888,-0.14722005;-1.6280686,-0.6933242,-1.6962712;1.2399181,-0.20900379,0.76408154;2.2633324,0.097552255,1.2559298;-0.29946217,1.4758176,-0.99692994;0.7465919,0.009044942,0.41291666;-0.41801748,-2.5169733,-0.530302;-1.2103428,1.2429649,-0.7656056;0.09708521,-1.4791428,-0.009245145;-0.100294404,0.05524688,1.6529341;0.42243022,-0.25654224,-1.9788095;-1.5150436,-0.6894493,-1.442537;0.2754694,-0.6085573,0.4653911;-1.7127874,-0.4908918,-1.8036836;-0.9911104,0.7604335,-0.6255414;-0.008623818,1.409098,-0.7293175;-0.6581206,-2.822639,-0.48772067;0.5761267,-0.07020711,-1.4508;-1.2382615,0.18233441,1.7595603;-0.021285964,-0.11824864,0.76342076;-0.015366302,1.5987136,-0.82107145;-0.39730272,-2.3487735,-0.40485078;-0.8578832,-2.9255896,-0.66700155;-1.4213184,1.5917226,-1.0449259;-1.6166148,-0.49435273,-1.5210998;-1.346552,-0.7851006,-1.1262883;0.38804027,-0.2335798,-2.1554935;0.54912186,-0.33236212,-1.6807294;-1.121823,1.3758428,-0.10858446;0.5733085,-0.084424816,-1.5615907;1.835448,-0.06238546,0.8645594;-1.2352176,-0.6852912,-0.84431714;-0.21371152,-0.5317583,0.42325032;-1.4903384,-0.726053,-1.3613833;-0.063620076,0.113376185,1.1311024;1.6775033,0.27632973,1.3978931;-1.1475378,0.28119156,1.8176947;0.6990315,-0.1702366,-0.96331;-0.46604136,0.8909698,-0.6754132;1.6772866,-0.26091868,1.0075438;1.5969906,0.021774964,0.799934;-0.9474841,1.0492566,0.09424182;-0.103220806,0.09204141,1.4278648;1.587132,0.28812942,0.43754384;-0.7495651,1.2229238,-1.0588336;-0.5370767,0.2818628,1.7001299;0.011041529,-0.20982721,-2.4837744;2.0152643,0.04313684,1.263104;-1.4358742,-0.7622281,-1.1614128;-1.3397809,1.6608222,-0.28001297;-0.35076088,-0.13154575,-0.1859117;0.21538511,-1.0188112,0.0397772;1.0823654,-0.19474404,0.5283057;1.3895823,-0.017459799,0.30240697;1.1508521,-0.18574493,0.6644297;0.7967089,0.96918285,0.3976315;-0.17699666,0.14385489,1.6309928;0.52751595,-0.24862045,-1.7206495;0.7838388,0.33153534,0.071823776;-1.0018599,0.93235433,-0.6974516;-1.3735721,0.39210713,1.5145103;-0.3730542,1.7089634,-0.98322505;-0.19347654,-1.9023465,-0.21028163;0.08240003,-0.008174078,0.3229369;-0.10255011,-1.8313916,-0.30000958;0.7449261,0.06171148,-1.1851705;-0.5079376,-2.3832307,-0.4793678;0.50578517,0.41152737,0.8463553;0.79534143,-0.037624676,-0.4268033;0.6901303,-0.5798477,0.5135518;0.46492973,-0.5380306,0.46393818;0.28670433,-0.24981901,-2.303584;-0.5198403,1.0148202,-0.76670814;-1.3864881,-0.5402681,-1.1643199;0.7579571,-0.03178551,-0.47814953;1.6976002,-0.051374964,0.7473926;-0.4615835,1.6600628,-1.0237947;-1.2899135,1.339814,-0.85889316;0.712561,0.41104957,0.52069736;-0.4864385,-0.24117014,-0.24033435;0.26904196,0.09865819,1.7589508;-1.5640033,-0.58334506,-1.4510653;1.0621263,-0.18328515,1.0934126;-1.5226756,-0.93188405,-1.2602252;-1.3515974,-0.7053573,-1.0666512;-0.21192989,-1.2705221,-0.16307445;0.23105723,-1.2314446,0.076210804;-0.47156557,-2.0006797,-0.4914633;0.5836446,-0.27962708,-0.20122342;-0.5438189,0.80636096,-0.7788632;-0.59884566,0.28863978,1.5975395;0.6607495,-0.05023178,-1.5452509;0.7653263,-0.6267256,0.30191585;1.314467,0.42461705,1.1769911;0.350674,1.3470573,-0.0813108;-0.87481475,1.0069771,0.13455456;-1.2534417,0.23923993,1.3200331;0.37370357,-0.07537799,0.45909008;-0.34064233,0.1755988,1.4545895;0.043465286,-1.1213962,-0.16924487;0.72971714,-0.07206274,-0.46242252;-0.36282772,-2.1869216,-0.40590456;-0.092748344,-0.3077014,-0.011682807;-0.15882534,-0.47961286,0.13054709;-0.28299654,-0.6252631,0.25082943;-1.0638465,0.043366622,1.7030731;0.03815055,1.5165718,-0.69301015;0.50376534,0.27268356,0.42380002;-0.025864348,-0.14144756,0.20217936;0.8073089,-0.49918762,-0.6636583;2.1646955,0.14434487,0.9302846;-0.18622178,1.7079128,-0.8317725;-1.2825388,-0.5861846,-0.87115854;-0.6647779,0.17202717,1.5809985;0.35038447,1.4397796,-0.05358552;0.8910112,-0.015854685,0.7465883;-1.4112589,1.4136056,-0.31183708;0.23498729,0.25665158,0.38581464;-0.74636567,0.7989211,0.19384351;-1.457666,1.5333829,-0.4166472;-0.9002769,0.11840185,1.363691;0.31383064,-0.24880765,-2.2416372;-1.0703452,1.6228117,-1.2008789;0.69626725,-1.0156122,0.32069814;-1.289303,-0.7601669,-0.9020952;-0.9094024,1.5119985,-1.130256;-1.441061,1.4010699,-0.37792405;-1.7142577,-0.48866892,-1.7290674;-0.55464727,-2.7905989,-0.24852648;-1.440602,1.6210871,-1.0873619;0.8592319,0.10047394,1.0080634;-0.6367741,-2.6447551,-0.4258723;1.0217694,-0.24823883,0.8930315;-0.25508502,0.00759614,-0.041179202;0.7552553,-0.07292957,-1.409;1.6633698,0.29099485,1.5079371;-1.1164373,1.0670778,-0.4580608;0.27356803,1.5207824,-0.34196192;-0.09653485,0.12518318,0.2997702;0.035167597,0.24427658,1.7258834;-0.91609716,0.86649275,-0.4136711;0.43553925,-0.24101537,-1.9616235;-0.8247777,-0.5502005,-0.2842791;-1.4328481,1.6065999,-1.0633997;2.3350775,0.19877152,1.127262;1.3067797,0.59425604,0.9641393;0.6617777,0.025795428,-1.5097055;-0.5282046,0.05324252,1.6209148;-1.1239283,1.2537401,-0.8475934;2.2136319,0.28616577,1.4299743;2.1098294,-0.12780769,1.1838752;-1.0580485,0.33774048,1.3850806;0.71926534,-0.073965386,-0.7631341;-1.4599547,1.5839837,-0.48854905;-1.4722158,1.673966,-1.1526976;1.4796224,0.5450063,0.76186436;0.64390737,-0.08333716,-1.5872263;-0.36019605,0.8504698,-0.5444147;-1.1713058,-0.7315474,-0.8034809;0.05860865,-0.030679716,0.5178533;-0.56732726,0.28573057,1.6424239;0.35265586,1.4306457,-0.17546214;0.17470998,0.35333526,0.60691804;-0.42368144,-2.176123,-0.36251873;0.23636423,-0.3033151,-2.3444688;0.6919745,-0.28650707,0.08755965;0.2696555,1.4589374,-0.28091484;2.237359,-0.18602759,1.089792;-1.0375723,0.8877377,-0.56873584;-0.16671777,1.229164,-0.70772386;1.0638486,0.50673926,0.6295812;-0.65293515,0.25853115,1.7365705;0.78869605,0.32537597,0.13295981;2.2383742,0.021915589,1.1604344;-0.3926716,-0.003765265,1.6584443;0.97729576,-0.10587291,1.0661134;-0.8716044,0.9020853,0.102652445;-1.697503,-0.52503127,-1.7019258;-0.34971356,-2.2397082,-0.20862003;1.5809404,0.13398841,1.21099;-1.0675733,-0.7503299,-0.57690966;-1.6172857,-0.70498496,-1.6739696;-0.7272458,-3.0079412,-0.5223587;0.47173813,-0.5603205,0.45612887;1.2081281,-0.068860434,0.4783804;0.14012936,-0.9465185,0.2674735;0.09850701,0.11636753,1.707367;1.2348233,0.29296187,1.3018663;0.7168876,-0.4535405,-0.9429624;2.303631,-0.22697935,1.1696472;-1.216047,0.26188517,1.8062229;-0.38191727,0.17296232,1.7251889;-0.11208999,1.7540468,-0.6354724;2.067299,0.15057708,1.3112657;-0.5345986,-0.55250126,0.037399154;-0.70925736,-2.855959,-0.61541176;-0.6959812,-2.8615167,-0.5696453;0.34520906,1.3675034,-0.11956566;-1.1059202,1.1478537,-0.13063604;-0.1837905,1.6299384,-0.61642116;0.17544721,-0.0035266122,0.45664078;0.6512341,-0.0088401,-1.5751318;0.11511213,-1.0678663,-0.102887616;-1.1841074,0.07869298,1.3742968;0.7753453,0.27699456,0.0021326332;0.14355579,0.032370143,1.6870095;-1.5763103,-0.62587327,-1.4208558;-0.46263102,0.9685612,-0.6684218;0.5035061,0.23311052,0.42811906;-1.0943512,-0.75556964,-0.63641024;0.7296914,-0.2813474,0.30496895;-0.3979735,1.0736319,-0.6783437;1.0754769,-0.32354888,0.4219764;-1.3820088,1.530997,-0.99886703;-0.7410958,1.0860165,-0.6946871;0.26803955,-0.165954,-2.3078244;0.14881623,-0.22633033,-2.371055;-0.0036309196,-1.7228009,-0.15045735;0.47793028,1.1198266,0.13136363;1.2164427,0.04492103,0.6188492;-0.41827938,-2.7521188,-0.3400905;0.013359288,1.6726665,-0.57698256;1.0309969,0.10984371,-0.11656308;1.5157226,0.517723,0.74855596;-0.14722402,-1.7868576,-0.17153028;0.69552946,-0.19788928,-1.2525059;-1.6416775,-0.7093423,-1.7127889;1.1171359,-0.24084514,0.6509978;-0.36709976,0.11933041,1.6573853;-1.3373337,-0.8411506,-0.9751988;-1.5091759,-0.7214215,-1.4625771;-0.061651528,-1.3432617,-0.27297473;0.8091066,-0.48421508,0.7282962;1.7733275,0.3379452,1.053221;-1.0312842,0.9929274,-0.71133316;0.7481231,-0.019082675,-0.5942425;0.42829883,-0.26694575,-1.9452363;2.4248083,-0.3131273,1.1284467;0.74218154,0.1073008,0.72171164;0.066288054,1.5744187,-0.54329026;-0.40340567,-0.1470846,-0.30361235;0.6455437,-0.9775494,0.21359548;0.45174202,-0.10663449,-2.2047918;-0.08371588,0.32797953,-0.16544868;2.2252524,-0.003851524,1.2131155;-1.048298,-0.6537387,-0.47351012;0.19535688,-1.2175152,0.012668861;0.5702501,-0.06370908,0.8771949;2.079586,0.14577171,1.2670183;-0.31551555,0.11785266,1.5156292;1.5685728,0.4096443,1.1891801;-0.1281031,1.6412424,-0.7858626;0.22200756,0.09676297,1.7424827;0.013856053,1.6216422,-0.46297246;0.29818174,-0.22117157,0.55691534;0.06895352,-0.8578524,0.17462787;-0.6086395,-2.6988783,-0.43628725;-1.7738276,-0.5543719,-1.8615142;1.4115628,-0.18309507,0.3966477;-0.62109566,-2.881689,-0.23469542;0.71404463,0.0502628,0.9761515;0.5336138,-0.30960286,-1.6731225;-1.1597153,0.27590933,1.2437239;-0.7716686,-2.5650504,-0.5340581;-0.1484462,-0.46892548,0.37688646;-0.80647606,0.23654965,1.1156491;-1.1644635,-0.64635354,-0.6735338;-0.04632498,1.5959152,-0.778001;-0.1376881,-0.0030271464,0.26220152;-0.8815102,0.29841673,1.0273848;0.12584445,-0.043557424,0.5433802;-0.98090386,1.5878801,-1.1690309;-1.1230848,1.1154567,-0.1708162;2.4363177,-0.1602368,1.0557952;-1.4512129,1.3991163,-0.29860687;2.4274755,-0.30823871,1.2623385;-1.4795754,1.601285,-0.63258445;-0.1095263,-1.8514146,-0.3174284;0.37279582,1.3039184,-0.038238745;-1.4715945,-0.4411016,-1.3930762;-0.11133947,-1.8182881,-0.1549409;0.245368,1.5142287,-0.40065253;-0.504261,0.44828075,-0.49832633;-1.2131505,1.1129274,-0.25800237;1.7109108,0.39303115,1.1381617;-1.7941833,-0.57504153,-1.9368954;-1.4778081,0.46521056,1.6287239;0.32690704,-0.11742663,0.75757146;-0.58326656,-2.6989057,-0.28190377;-0.6978289,0.178353,1.8038;1.8545958,0.12909052,1.2751257;0.69408256,-0.1250046,-1.3121806;-0.49632832,1.7109656,-1.0523221;-0.42716968,0.42240712,0.17173648;-0.5110841,-2.4385893,-0.42750716;-1.1272268,1.1500733,-0.15979357;-0.3181295,-2.171319,-0.12663864;0.7005424,-0.40432277,-1.0246744;0.5944324,-0.881182,0.14190462;-0.23238376,-0.2630753,-0.18848927;2.268222,-0.28899604,1.0938232;-0.90649414,-2.974018,-0.7028671;-0.16592276,-0.5126586,-0.0060400707;-0.563758,0.6830879,0.26309094;-1.4495327,1.6260915,-1.076625;1.8920019,0.48753896,0.9978879;-1.2146145,1.2648965,-0.18686785;0.8354367,0.5362911,0.69116133;0.20021544,-0.9186183,-0.06631151;1.5024277,0.1988007,1.2795455;-0.060619034,1.6779461,-0.7340963;-0.6173357,0.3053918,1.5859985;-1.6769348,-0.6374824,-1.6683589;0.73161834,-0.41449046,-0.8262063;1.0590019,-0.24330547,0.45581025;-1.1242933,0.27314407,1.4006345;0.32433882,-0.2357172,-2.141961;2.307747,0.035941273,1.316968;2.255567,0.058208708,1.1460143;1.0731852,0.3354114,0.5933871;1.1456856,-0.041207664,0.5219522;-0.6291623,-0.5086428,-0.0814551;-0.42654982,1.4184171,-0.9891211;0.22213264,1.4858816,-0.36227423;0.9976819,0.6411436,0.71457213;-0.48592886,-0.22400455,-0.09328975;-1.4931123,-0.646725,-1.2764698;-0.9709351,1.0179719,-0.072944015;1.0099567,0.12322431,-0.11794094;0.06443547,0.07549096,1.6681978;-0.7744979,1.3513476,-1.0077275;-0.05312188,1.5297471,-0.7796898;-0.8545271,0.017467791,1.3632468;-1.3735356,1.709767,-1.229812;0.6220982,-0.2605068,-1.3997182;0.6910926,-0.8101894,0.24416107;-0.38484058,0.16754478,1.725557;-0.86048627,-2.9717686,-0.68441623;-1.202297,0.2918773,1.3434919;-1.2609098,-0.6632519,-0.8060201;-0.10528162,1.6451365,-0.51838744;-0.17768247,-0.5134124,0.38970464;-0.5511106,0.10517489,-0.12291634;0.6569615,0.46657223,0.43218905;1.0918366,0.327707,0.6108676;-0.7508237,-0.4287672,-0.22725657;-1.2883667,0.30138123,1.7728026;-0.041622486,-1.7516025,-0.18010455;0.6495708,-0.19817938,-1.3697366;-0.48200575,0.61299014,0.27380905;0.11513472,1.5746917,-0.2998816;0.15608881,0.06642377,1.7091844;1.2749412,0.6327325,1.0091919;-0.3392372,-0.5926898,0.21431667;-0.4186395,0.16430566,-0.0017005164;0.70119953,-0.25860986,-0.8507865;0.6302435,0.31732512,0.626448;0.37562934,-0.10746425,0.44377008;0.24636556,-0.21266912,-2.2858727;0.82201916,0.44234377,0.754426;-0.73767257,0.10314726,1.5540447;-1.0262727,-0.5549952,-0.43726864;1.4099888,-0.16302545,0.39639413;0.73269683,0.9896464,0.35570362;-1.2380674,0.25897023,1.7815439;1.3822484,0.49968868,0.97394645;-0.83266383,1.4985299,-1.0995395;-0.6376573,-0.48736417,-0.10387734;-0.99483246,-0.6293189,-0.42406094;0.7540991,0.08575851,1.0553049;-0.32728556,1.4999187,-0.96199137;-0.49578366,-2.5762813,-0.42582762;1.7879298,0.28829864,1.1547214;0.8200841,-0.33576447,0.22173253;1.2410172,0.62729496,0.9958015;0.6225238,0.10907819,0.8230093;-1.3141321,0.41828546,1.5425038;-1.1392256,1.2623917,-0.8491546;1.036085,0.24267447,0.16441765;0.784475,-0.60733914,0.41476524;-0.79767996,-0.0069505516,1.6534789;0.44126278,-0.7206838,0.2901491;0.19878832,0.22716315,0.51207155;-0.86889523,1.0092065,0.11109453;0.9273456,-0.56406546,0.6981781;-1.8209208,-0.5681866,-1.9782228;-1.6539466,-0.53785604,-1.5796574;1.7495816,-0.070352145,0.88376737;-1.6923552,-0.7060282,-1.8113611;-0.019026835,-1.200516,-0.22664613;0.6632978,-0.26532066,-0.9354481;-1.4127243,-0.6548408,-1.0551164;-0.30835268,0.25807288,1.6973476;-1.2816643,1.2731898,-0.8296885;-0.14792792,-1.6367092,-0.16633302;-1.3165258,1.4597653,-0.27336675;0.7240801,-0.046114143,-1.4179826;1.629908,0.067989595,0.73307985;0.6049606,0.12281941,0.95174456;-0.34877247,1.692078,-0.96399736;-0.26973262,-1.9497902,-0.18191874;-0.3955645,-2.3491724,-0.25795546;-0.88636106,0.055971496,1.7253022;1.5403336,0.1523885,1.0367712;0.009191519,0.061003238,1.6447283;-0.2734518,1.5742193,-0.9624682;-1.4805509,1.7098845,-1.207425;-0.52378386,1.6350181,-1.0377529;0.80993825,0.20720863,-0.07257133;-0.11045777,0.32134598,-0.1813698;-1.7109175,-0.60661536,-1.8105627;-0.14559951,-1.5033926,-0.30278352;0.6365449,-0.29656324,-1.146975;-0.6442978,-0.47651157,-0.19918996;-0.39811558,-2.1358454,-0.36478567;0.68791074,-0.28717035,-1.1260942;-1.3420745,0.43070036,1.5507524;0.6530791,-0.09534365,0.94594723;-0.98205894,1.0174093,-0.72057396;-0.12713352,0.30176654,-0.17613152;0.17366822,-0.93579483,-0.110686325;0.112202525,0.069496535,1.6971198;0.32571587,-0.11035079,-2.2266257;-0.7135858,0.8616195,0.22226824;-0.3767596,0.1665758,1.4514163;-0.93134105,0.57536775,-0.571552;-1.5197268,-0.6631456,-1.4508052;-0.35979635,0.19566882,1.7314379;1.3005621,0.2915124,1.2984802;0.13865761,0.001948893,0.9553254;0.08865704,0.23017786,0.8167253;-0.92030007,-0.61814576,-0.36998883;-0.11791807,0.21199733,0.37981486;-0.6009353,0.26608893,1.6072415;-0.71334624,0.911452,0.23515615;1.1591022,-0.10543686,0.6375654;-1.2623395,-0.63547146,-1.0705897;0.5398046,-0.5688609,0.5273543;0.7867065,-0.35827902,0.14015798;-1.0389833,0.9127383,-0.52873003;0.6093144,-0.31328335,-0.8826478;-1.5992161,-0.53006893,-1.4468021;-0.78386974,0.2436003,1.3795145;0.47710595,1.1250997,0.127854;0.10506769,0.33628234,0.5957238;-0.43503457,0.13160476,1.4286884;-0.8705027,0.23542425,1.7785436;0.15462677,1.6670914,-0.25322652;-0.91246337,0.289361,1.3483044;0.043967955,0.16025653,0.49993092;0.086719744,0.17717853,0.8515007;0.4488609,-0.18232965,-2.0826602;2.328307,-0.21890199,1.0979077;1.4240572,0.384605,0.9442814;-0.92577577,0.73739946,-0.07126599;0.7148949,-1.0189365,0.35956883;-0.18827069,1.5536134,-0.7240561;-0.91217804,1.5027523,-1.1193401;-0.98553973,0.8280743,-0.5157932;1.573899,0.6649699,0.73482305;-0.009546177,-1.4056478,-0.11499914;-1.4573784,1.5700281,-0.48322308;0.03932718,1.5402701,-0.70816034;-0.41245764,-2.0165746,-0.17380422;-0.43766096,0.08930418,-0.05153943;-1.1363943,1.2119879,-0.12322787;-0.78622246,-2.8774664,-0.5655936;0.6491745,0.119504616,0.8977793;-0.35821122,-2.473298,-0.5394078;0.5823335,0.2078281,0.78602487;0.6944785,-0.15715893,-0.55488753;-0.5700373,-2.6869338,-0.46459848;-1.0908118,0.20007162,1.72211;-1.1876012,1.4512633,-0.12083318;0.8782343,0.16552062,0.6876005;-0.87301606,0.05328718,1.6026582;-0.48149645,-2.3891656,-0.32168594;-0.8381579,1.4954495,-1.0959727;-0.60159063,0.71254253,0.2497473;-1.2700107,1.5153228,-0.21956182;-1.3382792,-0.5533604,-1.384955;-0.540537,-2.7038379,-0.48106873;-0.68229306,-0.49448565,-0.11881498;1.0454105,-0.25599834,0.9049325;-1.0862122,0.9886141,-0.6119798;-0.13944192,0.15230066,1.4827362;-1.4872506,0.47044012,1.6365395;0.71502465,-0.08808691,-0.6671264;-0.4174295,0.73043275,-0.5922152;-0.267004,0.06366776,1.0095503;-1.5558624,-0.9530725,-1.2796633;-1.4262112,1.4534353,-0.42753044;-0.11427469,-0.59612983,0.55997133;0.6743131,-0.033897903,1.0408486;0.022363577,0.36434495,0.5598403;0.69792217,-0.06579362,-0.58105105;-0.08004443,-1.875329,-0.25392282;-0.40009186,0.13784713,1.6455821;0.4360646,-0.7602903,0.23564254;-1.0334854,-0.78896904,-0.36778727;-0.11462926,0.09880755,1.1193928;0.049722794,-0.23176911,-2.5274627;1.5563279,0.17380969,0.37530512;1.0099907,-0.32411292,0.5356398;1.1989079,0.27158222,1.3435824;0.9539016,-0.033823147,0.65726584;-1.2433821,0.17921248,1.4520141;0.5642763,-0.23621783,0.86610013;0.7445153,-0.11074495,0.7332858;1.8084204,0.32276618,1.0878992;0.36866188,0.15345314,0.29198095;0.060310684,-0.21846165,-2.4768496;-0.7607854,0.20806108,1.7464985;-1.1541238,1.2799032,-0.88593763;0.74248344,0.4115476,0.09122885;1.3962303,0.6679667,0.7868284;-1.4590548,1.684752,-1.1662369;0.032367434,0.018957423,0.8054069;-0.08674592,-1.785788,-0.030315902;0.7163958,-0.58306754,0.6442104;0.031061023,0.18995723,1.697097;-1.2161049,0.42164797,1.5168324;0.60623604,-0.7854108,0.48906672;-0.45688093,0.15501313,-0.002243835;-0.66339105,0.094125316,1.4828193;1.4918509,0.4591938,0.8156644;-0.41901004,1.6348622,-1.0020185;-1.078288,1.0579644,-0.36423212;-0.047274962,1.587657,-0.72369885;-0.23296918,-1.8982344,-0.19262868;0.7082418,-0.41984844,-1.6198144;0.5038757,-0.28900307,-1.7996826;-0.6077324,1.0787903,-0.9820653;1.0421649,0.28364852,0.55214626;0.86060935,0.19348978,0.27177772;-0.027184712,0.08076706,1.655174;-1.1343852,0.29220477,1.7507374;-0.12576963,0.102236226,1.678497;-0.33866876,-0.5868496,0.3422329;-1.611296,-0.89223754,-1.3755497;0.2320901,1.3842553,-0.25803292;-0.5333053,-2.6720166,-0.493204;-0.54727805,-0.5062622,-0.0077707414;-0.027164128,-0.07251806,0.19993924;-0.2713196,0.03917535,-0.05748289;1.098207,0.6174399,0.99720216;-1.505568,-0.5962538,-1.3933989;-0.11230884,-0.3434608,0.428764;1.2884072,-0.14321241,0.5967901;0.45844516,-0.21283811,0.40719336;0.50812924,-0.14446181,-2.0436745;-0.9764821,1.5682861,-1.159478;-0.97714174,-0.6149615,-0.4173949;-0.38109848,0.6296394,0.3677171;1.3170534,0.48761308,1.0376893;1.9211451,0.47957805,1.2357166;-0.3164154,-2.1720467,-0.22311282;-0.58796203,1.0372297,-0.8072113;1.0920118,0.5659858,0.98872524;0.40905148,-0.54357046,0.61585045;0.6359472,-0.043460865,-0.6333988;0.54132986,-0.23993146,0.8835229;0.6637761,0.013981475,-1.6225951;1.3479592,0.28433087,0.23349297;-0.39391318,0.09574722,1.5863347;1.342473,0.55471057,1.1282421;0.049722794,-0.23176911,-2.5274627;-1.2390771,0.24662411,1.8078414;2.0050185,0.03125273,1.3383515;-0.7359017,-0.46551326,-0.17982143;-0.5579746,-1.8774077,-0.31841832;-0.43103832,-1.9653817,-0.46814632;0.5991592,-0.6896881,0.38005608;-0.5715766,-0.4596545,-0.06034146;1.066874,0.1200604,0.6107697;0.8169298,-0.50096875,-0.6210762;0.708179,-0.6920182,0.33867458;0.11229055,0.01674998,0.9094557;-0.4253471,0.29407257,1.4948586;-0.72125864,1.1074055,-0.68363154;2.0203936,-0.07237537,1.1170323;-0.00025546385,-1.2945492,-0.1476628;-0.91760385,0.9746018,0.078495555;-0.15309608,1.5470675,-0.76048714;-0.53447914,-0.3232444,-0.12974711;1.8025508,-0.0693443,0.9558518;0.46837175,-0.23061694,-1.942848;-0.26954696,-2.1218348,-0.42571;-1.1733791,-0.8411798,-0.7303194;-1.0265919,-0.7500797,-0.42027143;0.030528095,-1.4721855,-0.081835315;0.33471993,-0.22958876,-2.1333401;-1.3118749,-0.63394725,-0.9870831;1.870284,0.3289986,1.0435966;-0.9879103,-3.028964,-0.75778633;-1.6796345,-0.7794597,-1.374218;-0.60152996,-0.4545536,-0.09496692;1.1332469,0.1489788,0.75899225;0.20295261,-0.9219462,-0.07111702;-0.71712697,0.2718031,1.1667621;1.6549219,0.6218395,0.9174638;0.6858116,-0.13705793,-1.0091996;0.39923725,0.48813343,0.36570564;0.27293128,1.4772274,-0.25674984;0.5785956,0.43779257,0.40660545;1.6892399,0.2956598,1.2567306;-0.46744418,0.12741943,1.6967083;1.2702214,0.29599145,1.3079085;-0.5639891,1.0104723,-0.7848858;1.5911478,0.26316738,0.5257317;-0.06980292,-0.31834894,0.45195127;0.4912596,-0.20418325,-1.9123702;0.42353216,1.2361193,0.025999246;-1.3045855,1.3471633,-0.31138313;0.9533185,0.63382995,0.74421185;2.2591193,0.07660675,1.2381408;-1.2993535,-0.6579568,-0.9566304;0.80902237,-0.46663055,0.65597904;-1.532477,-0.8525733,-1.5278897;-0.07921712,1.4011235,-0.73330927;0.5552775,-0.4869554,0.1388829;-0.3831714,-2.2458272,-0.38949233;0.6012279,-0.26591393,-1.1877767;1.4058743,-0.13726962,0.54039913;0.75371844,-0.17696506,-1.5352061;-0.899285,0.94971883,0.102887146;-0.7054916,-2.9433446,-0.62724656;0.16877122,-0.19634841,-2.4092848;1.1498432,0.21711238,0.15583904;-0.6261883,1.1299171,-0.99827194;-0.07879604,-1.1178544,-0.17914188;-0.18783063,-2.0357838,-0.47866592;1.5100334,0.37081888,0.8671291;2.4967618,-0.25551143,1.1173635;-1.435594,-0.4885158,-1.3340837;-0.045325276,-0.11129091,0.8578216;-1.2520145,1.2774606,-0.72174245;0.31153947,0.23449405,0.45064405;0.22341205,-0.20920266,-2.2830687;1.3969929,-0.08314389,0.58990073;0.48526764,1.0891099,0.15032111;-1.499848,1.7390907,-1.251955;0.12003535,-0.45983505,0.026044691;0.71088946,-0.16503781,-0.5197577;1.8634294,0.40200058,0.87828356;0.8606452,-0.39475787,0.8490313;-0.5626093,-2.7161593,-0.65407485;-0.46185786,-2.482581,-0.48342046;-0.26788154,-0.5916378,0.37845057;-1.0450671,-0.7401768,-0.4318082;-1.3138112,1.3074039,-0.8449026;-0.61444616,-2.7817364,-0.58372444;-0.8682633,0.9435031,0.1095521;0.11904999,1.4789846,-0.55676156;-0.14065655,0.045158748,0.2318722;0.765657,0.35346356,0.331274;0.041533858,-1.555472,-0.08912942;-1.3226683,1.4694676,-0.26567358;-0.41989395,0.25627455,0.10886072;-0.8830167,1.580036,-1.1694037;1.9782424,0.38684526,0.9071544;0.013495168,-1.2357516,-0.15720923;-0.02765495,0.31688824,0.4507324;0.5272722,-0.096061125,-2.0445065;0.14536718,-1.1244999,-0.060269035;0.71759707,-0.4545152,-0.9271041;-1.1204314,0.37576884,1.4153334;1.6117388,0.6491379,0.7889641;0.20664519,0.16892971,0.42146766;-0.07382849,1.5816497,-0.7369018;0.81445366,0.15045363,0.92597735;-1.3937106,1.4271054,-0.3531121;0.51003253,-0.21964376,-1.7922043;0.22044168,-0.24850099,-2.3553312;0.49099794,-0.5638636,0.12988704;-0.2353947,-0.6487188,0.027157784;-0.6978814,-2.8752162,-0.6433898;0.7960408,-0.587293,0.47529805;-0.2602561,-0.19746375,-0.17283885;1.6642855,0.37432176,0.5708136;0.71000654,-0.4692845,-1.1099403;-0.92770785,0.22695394,1.2535578;0.63032585,-0.26997006,-1.3082154;-1.3279768,1.3072302,-0.25796983;-0.46836546,0.6800603,-0.68689275;-1.1455826,-0.6694172,-0.6617167;0.13424611,1.6747209,-0.27052462;1.7200168,0.3002686,1.1578014;-0.8397068,0.8884006,0.17777957;-1.1296792,0.31446716,1.6767825;1.3565422,0.36446825,0.9602665;-0.79853505,-2.7474189,-0.5826935;-1.1980968,0.9790486,-0.74531895;-0.61202115,1.2553737,-0.9730317;2.351018,-0.10371178,1.058388;0.7387834,-0.03546737,-1.4187441;-0.7441547,1.3731241,-1.0044863;-1.2697676,0.30673197,1.3768418;2.4396021,-0.1332233,1.1750633;1.6936554,-0.28273177,1.0064374;-0.933648,0.6763447,-0.504288;-0.5961283,-0.5241166,-0.038579483;2.0427349,-0.08287051,1.0507259;-0.064660646,-0.50626117,0.5530165;-0.50434774,0.65165967,0.28855345;-0.9656886,0.28210828,1.2599277;0.9100609,0.12606557,-0.12965268;-1.3439624,0.32181114,1.4746435;-0.19204548,1.6789186,-0.8365512;0.5904857,0.53880584,0.419383;1.94453,0.28975964,1.2165959;-1.3924997,-0.6638813,-1.0712974;0.2823438,-0.31488743,-2.3073444;0.9031623,-0.32212374,0.34493047;1.5931015,0.28107122,0.60380983;-0.1301991,1.3219093,-0.7622476;-0.8953135,0.30038685,1.397568;0.45558912,1.1680144,0.091578;0.051670995,0.08312789,0.30951482;0.8042268,-0.47049925,-0.64503837;1.2140126,0.22678731,0.19659446;-0.8423034,1.5081798,-1.1033581;1.4506494,-0.12031207,0.5809933;-0.92946,0.65221244,-0.5208204;2.3935533,-0.24645662,1.2438838;0.9483869,-0.55330676,0.69293773;-0.97436094,-3.020303,-0.7483973;1.7336199,0.24712333,1.0129588;2.3961885,-0.23019877,1.140486;0.6022729,0.5126755,0.42429036;-0.54204553,-2.7555864,-0.27790618;-0.8388425,1.4582179,-1.0973918;0.46454275,0.49337476,0.3656055;2.3871546,-0.085817635,1.0300865;-0.625756,1.0473549,-0.71628755;2.0553713,-0.0056148632,1.1085612;-1.3978598,1.5308807,-0.9863911;1.5483085,0.26004732,0.35350135;-0.87639165,1.5139225,-1.1204051;1.8382845,0.16406746,1.2836627;-0.9440244,1.4834733,-1.1091043;-0.49912396,-2.5376782,-0.3211559;-0.7543785,0.09937636,1.7484473;1.351877,0.4943938,1.0734276;-0.9312085,0.69976413,-0.10864875;0.14969496,0.25115976,0.6417018;-0.5135463,-2.6115057,-0.45416084;1.1843338,-0.112144515,0.6531339;0.72937804,0.20123538,0.79570776;-0.64184946,0.7652565,0.23994333;-0.4149131,0.34737924,0.15319833;0.12060839,1.5136292,-0.26598778;0.23991983,1.5893539,-0.31759658;-1.0175173,-0.7370804,-0.5333374;0.1849767,-0.9237788,-0.01210552;-0.20078982,0.10854883,0.028025733;-0.57803,-2.658246,-0.40922052;1.6405698,0.031574316,0.776034;0.600664,-0.16818537,-1.7085099;-0.79468733,0.99043936,0.14810148;1.168903,0.54695034,1.0019503;-0.13359609,1.6741179,-0.7674813;1.1085851,0.110995695,-0.10165229;-0.98820037,0.2548309,1.758808;1.2480271,0.17598839,0.03561621;-1.6421049,-0.93448144,-1.4286622;-0.3931468,-2.4378345,-0.46411872;0.6659878,-0.49967968,-1.3927922;2.1835752,-0.047442954,1.2359905;-0.26280412,-0.6208367,0.38037288;-0.024389824,0.0998833,1.59866;0.45447716,-0.18269116,-2.0202596;1.5758984,0.44558612,0.6200829;1.9015326,-0.057824824,0.81874543;-0.43298003,0.8273757,-0.6325961;0.8241136,0.055602767,0.79706645;-0.44107822,-2.4202995,-0.40931785;0.4230703,-0.59454757,0.3514703;1.398114,-0.10495739,0.6141403;-1.6981498,-0.6017979,-1.8789432;1.8883902,0.10543533,1.2776959;-1.3946939,0.44569954,1.557435;-0.572877,0.28389117,1.3670408;1.5670493,0.29733407,0.7911873;-0.16193731,-0.22595608,-0.15785307;2.0646422,0.29202306,0.83485955;-1.1398726,0.25424263,1.3676729;-0.50869924,0.6270916,0.2654564;1.3230118,0.26948577,0.21571061;0.15055564,0.05323164,1.706273;-0.9625666,0.25307623,1.1664352;-0.10888293,0.063655004,1.6131614;-0.09817956,0.2756149,0.41572472;-0.9163329,0.2865355,1.7624241;-1.194218,-0.6848895,-0.72889054;0.35294664,1.3043636,-0.07184331;0.6690591,-0.08426245,-1.253328;0.3714169,-0.8244997,0.049948692;0.13070066,1.5550549,-0.37558576;-0.5532066,-0.37576833,-0.091274954;-1.5114679,1.7526784,-1.2765248;-0.9072875,-2.9751043,-0.703511;-0.2182203,0.1297154,1.6580199;1.6117873,0.033571422,1.1652561;0.122604035,-0.8690761,0.17364931;-0.85093224,0.8653644,0.1368495;-1.2429447,0.40955943,1.4554844;-0.7406344,-2.7749093,-0.55558294;-1.4714634,1.5675007,-0.5402181;1.8667355,0.44560757,1.0208119;0.98921573,0.25743875,0.61197144;-0.6690065,-2.899135,-0.5850552;0.5596279,-0.4365935,0.23169255;-0.2722105,-0.5967267,0.15998001;0.8926613,-0.14829321,0.8586446;-0.47211748,0.8684443,-0.64509404;-0.7226854,0.24376084,1.7680979;-0.95405644,0.8813257,-0.45296043;0.08396085,-0.025870895,0.4953286;1.9617467,0.02634703,1.1528459;0.33402923,-0.039541747,0.4970437;-1.1156782,0.2610049,1.8299291;-0.2521689,0.1843854,1.644038;-0.7453064,0.85548043,0.20042951;0.50640064,0.1948945,0.48959336;2.3400788,-0.13467953,1.2136794;-0.15062585,-1.5247532,-0.31228516;0.2252687,1.4913037,-0.3816963;-0.5399589,-2.533356,-0.40587974;-0.7493872,0.98699886,-0.41984183;-0.4529147,0.68067575,-0.61497825;-0.33112013,1.6930312,-0.9561465;0.55197114,-0.7745284,0.4918319;-1.3834468,1.5121131,-0.42979786;0.32759365,-0.42752966,0.57898164;0.49488446,0.48923022,0.78210974;0.00813695,-0.20494117,-2.470399;1.035361,0.49861243,0.6456731;-0.10482563,-1.7889469,-0.25789133;0.994849,-0.23227966,0.97451216;-0.14811225,-0.6756315,0.31073684;-0.42973232,-2.5312479,-0.633119;-1.6988128,-0.67283857,-1.7346427;1.7183305,0.14840484,1.0128758;-0.18542218,-0.11052555,-0.08117428;0.7646003,0.98029953,0.3775736;-1.2211746,0.22017986,1.2873162;-1.2989746,0.38697603,1.4960241;0.92805904,0.65937763,0.7208688;2.4637978,-0.13707726,1.1998906;-0.9824669,-3.0265162,-0.75424236;-1.4534048,-0.6375234,-1.1836214;-1.3898302,1.5744748,-0.30456665;-0.17152551,-1.8274581,-0.21542601;1.2919174,0.28915825,0.6445291;0.08109844,0.17917314,0.87179387;0.68478376,-0.13096437,-0.5871087;-1.4980912,1.703223,-1.1990021;-1.1545889,1.0242643,-0.74364024;-1.4561955,-0.58648956,-1.359844;-0.9118858,0.039466545,1.5010452;0.73577297,-0.1645245,-0.71847683;0.55532426,0.94346136,0.2539366;-1.0429525,-0.7029055,-0.51035;0.54073524,0.99415964,0.22515742;0.6038464,-0.2912368,-1.6536016;-0.77709883,1.4151907,-1.0300688;-0.04765796,0.35999998,-0.1867349;1.2649715,0.34333053,1.2606833;0.24177141,1.5011376,-0.25450307;-0.9534746,-0.6800551,-0.4387401;-1.3299214,1.4565612,-0.2719056;0.07204792,-0.42104766,-0.05293725;0.8837832,0.04399301,0.93992764;1.9896001,0.07353834,1.3349125;1.0891631,0.4747136,1.1494502;-0.9681463,0.2491332,1.8120852;0.11617323,1.3367448,-0.088008225;0.30152297,1.3241429,-0.12378501;-0.24783076,-0.5796809,0.40871873;-1.1594341,1.03246,-0.71392494;-0.32962415,1.7088261,-0.9579339;0.5581503,-0.28515598,-1.6703712;0.716067,-0.046261743,-1.4651921;1.028232,-0.28698748,0.4216246;-0.720963,-0.012764759,1.3428357;-1.501206,1.7324831,-1.2398612;-1.7479627,-0.5318346,-1.860246;0.87835443,-0.22432104,0.8847148;0.93105507,-0.2049541,0.9170963;1.9236801,0.44291255,1.0009277;-0.77006733,1.4214209,-1.0566736;-1.001186,-0.57997084,-0.43283302;0.02951501,-0.8744213,-0.042469077;-0.11656166,-0.5673256,0.5419704;-0.009830432,0.10059196,1.6520617;-1.3609396,1.3940799,-0.28761005;1.4308405,0.65452576,0.7397339;2.3606389,-0.16926765,1.1911292;-0.12119949,0.054092564,0.99493045;-0.15943024,-1.3183137,-0.19452289;-0.047881216,-1.2353475,-0.21995842;0.5784775,-0.3653732,-1.373992;0.91904444,0.17063671,-0.077585235;-0.7787067,0.8054887,0.16858718;0.64633304,0.4462166,0.4588937;0.645461,-0.22642522,-1.2943157;-1.2657844,-0.66200984,-0.8254509;0.6720188,-0.45489174,-1.4408989;-0.7637905,0.7249692,0.1558096;1.2458897,0.31226772,0.2311881;-0.83418596,0.26547202,1.1172951;-0.6723722,1.1879164,-0.9023113;2.1844058,0.166961,1.3141093;1.498692,0.33994994,0.8851345;-1.1055592,1.2574214,-0.0873716;-0.95346844,-0.6152346,-0.39480165;0.7053242,-0.135819,-0.7625337;2.4200761,-0.13936846,1.1775961;-0.68098164,1.0236155,-0.720581;0.2996545,-0.74111456,0.33720523;-0.028368544,-1.2992661,-0.19222385;1.7081971,-0.02398434,0.9806515;-0.4731895,0.85607326,-0.6577531;0.4206429,-0.19402134,-2.1468456;0.049151078,-0.20568502,-2.4359422;-0.56990635,-2.4590614,-0.504606;-1.734771,-0.5860094,-1.8334783;-0.28639308,-2.1382098,-0.179694;-0.4632147,0.5569862,-0.6162657;0.0077971104,-1.1279835,-0.15803142;-1.6369501,-0.6921319,-1.7008172;-1.0985583,1.0042856,-0.522309;-0.5279137,0.9930788,-0.6892583;0.34770915,-0.124137364,-2.2784293;0.6547377,-0.28266916,0.05195054
