data_set
babi-q1
num_classes
6
data_points
1000
model
saved_models/babi-q1-e0077.ckpt
color_schema
#4E79A7,#F28E2B,#E15759,#76B7B2,#59A14F,#EDC948,#B07AA1,#FF9DA7,#9C755F,#BAB0AC
test_accuracy
0.739
test_loss
0.7202568693161011
train_accuracy
0.78275
train_loss
0.6013456049561501
val_accuracy
0.7605
val_loss
0.6629310092926025
labels
12,9,15,12,15,12,11,12,17,17,15,11,17,10,10,15,11,15,17,15,12,17,17,12,10,10,10,15,15,15,12,17,15,15,9,17,9,11,15,10,9,11,9,12,11,15,12,9,17,10,10,17,11,11,15,10,15,12,11,12,12,17,9,11,11,15,15,9,17,17,11,12,11,10,9,15,15,15,12,17,11,9,10,11,17,11,11,12,15,15,9,9,12,9,9,15,15,15,10,10,10,9,17,11,11,12,10,9,17,10,9,9,15,12,15,11,17,15,9,17,10,9,10,12,10,17,11,11,11,9,11,12,9,11,15,9,17,15,9,9,17,12,12,17,10,15,15,15,15,15,11,11,9,17,10,9,11,10,17,12,10,10,10,11,9,11,11,11,15,10,17,17,11,9,9,17,15,10,17,17,12,12,12,12,10,9,17,11,15,17,12,15,11,12,12,11,17,15,9,10,12,17,17,10,12,9,15,12,9,12,9,10,12,10,9,10,9,12,12,9,9,12,15,12,10,17,12,11,9,9,17,11,12,17,12,10,10,10,10,17,12,15,11,11,15,15,11,11,11,11,10,17,9,9,10,10,17,17,15,11,11,17,12,17,17,9,11,10,9,10,15,17,17,15,9,17,15,12,17,9,9,11,17,17,11,17,9,17,11,9,15,15,10,15,15,11,11,12,12,9,9,9,9,17,12,11,9,17,17,15,11,11,17,10,11,17,10,17,17,11,11,15,15,11,11,9,10,11,11,10,15,17,15,10,10,17,12,17,12,12,12,11,17,15,11,17,12,12,15,15,10,11,11,10,10,9,17,12,11,12,11,9,11,11,11,11,11,12,12,12,12,12,11,11,17,10,15,9,9,10,9,10,10,17,17,15,17,17,17,15,15,12,9,10,17,17,10,17,9,11,10,11,10,15,17,15,12,10,11,15,10,11,9,12,17,10,10,15,12,9,12,12,9,12,10,15,15,17,10,10,17,15,15,15,17,11,15,9,10,11,10,12,9,11,10,11,10,12,11,15,15,15,15,11,9,15,10,12,11,12,9,11,10,17,11,11,10,10,10,17,12,17,17,9,15,11,9,15,11,9,10,10,12,12,11,10,9,12,10,9,15,10,10,11,11,15,15,10,12,12,15,11,9,12,9,15,10,17,17,10,10,17,10,10,17,9,9,10,12,11,17,17,12,12,11,12,17,11,11,12,11,11,11,17,9,11,10,12,12,10,11,17,12,12,15,11,15,15,12,10,10,9,17,10,15,12,15,10,10,10,11,10,11,15,10,9,9,15,10,10,10,10,15,15,17,9,10,12,10,10,12,12,11,15,10,10,11,12,10,10,17,12,17,11,9,9,17,17,11,10,10,10,15,15,17,11,15,12,11,10,15,17,9,11,9,17,15,12,15,17,11,17,17,15,9,10,9,9,10,10,9,10,10,15,11,11,11,15,12,9,11,11,10,17,11,11,12,17,15,15,9,11,15,15,11,9,15,15,11,15,15,15,11,10,10,9,17,17,17,17,10,10,17,9,15,9,17,12,12,12,15,15,15,17,9,11,9,17,9,12,11,9,9,17,11,11,11,10,15,10,12,12,9,9,17,12,12,9,17,12,11,11,15,15,12,11,12,17,12,17,11,12,11,17,17,11,17,9,11,9,10,10,12,17,10,12,9,9,9,15,11,11,15,17,9,10,9,12,17,15,17,17,12,10,12,11,11,17,15,9,17,10,9,11,12,15,9,15,12,10,9,10,17,17,15,15,9,9,9,17,10,17,17,9,12,17,17,12,12,11,11,11,11,17,11,17,17,17,17,17,12,9,17,10,17,11,10,10,12,12,11,11,17,12,12,17,17,15,11,17,11,11,9,12,9,17,9,10,9,15,11,9,11,15,10,9,9,9,17,12,11,11,17,15,15,10,10,11,11,17,10,12,9,10,10,10,10,10,15,17,9,11,17,15,12,11,10,10,15,12,10,11,12,12,11,11,11,15,12,17,10,12,17,17,12,10,10,12,17,10,11,17,11,12,17,17,11,12,11,17,9,9,11,17,11,11,15,15,17,17,10,10,17,12,11,15,12,11,11,10,9,12,12,15,10,9,17,15,17,9,17,17,10,17,15,12,12,11,10,10,10,17,17,15,12,17,9,9,15,10,12,15,15,15,17,17,15,11,15,10,12,9,9,10,11,11,9,9,12,15,9,15,9,12,12,10,17,17,10,12,15,9,10,17,11,11,11,17,9,9,11,15,11,11,11,15,12,17,9,10
pred_labels
12,9,15,12,15,12,11,12,17,9,15,11,12,10,11,15,11,15,11,15,12,17,17,11,11,10,10,15,15,9,12,17,15,15,9,17,9,11,10,17,9,11,11,11,11,15,12,9,17,10,10,17,11,15,15,10,9,12,12,12,12,17,9,11,11,15,12,9,17,9,11,12,11,10,9,15,11,15,17,17,11,11,10,15,17,11,11,12,15,15,9,9,12,9,11,15,15,15,10,17,10,9,17,11,11,12,10,9,15,10,9,9,15,12,9,11,9,9,15,17,10,9,9,12,9,17,11,11,11,11,11,10,9,15,11,9,17,15,9,9,17,12,12,15,10,15,15,15,15,11,11,11,9,17,10,9,11,10,17,12,10,11,10,11,9,11,12,10,15,10,17,17,17,9,12,17,15,10,17,17,12,12,12,12,10,9,17,11,15,17,12,15,11,11,12,11,15,10,9,10,12,17,15,10,10,9,11,11,11,11,9,10,12,10,11,10,9,12,12,11,9,17,15,15,10,17,9,11,9,17,17,11,12,17,12,10,9,12,10,17,12,15,11,15,15,15,11,15,15,11,10,10,9,11,10,10,17,9,15,11,11,17,12,17,11,9,11,11,9,10,15,17,17,15,11,17,15,12,12,9,9,11,17,12,11,17,9,10,11,9,15,9,10,15,15,11,11,9,12,9,9,11,11,17,15,11,9,17,9,15,11,10,11,10,12,17,10,17,15,11,11,15,15,11,10,9,10,11,15,9,15,17,15,17,15,17,12,9,12,10,12,11,17,15,11,17,15,12,11,15,10,12,11,10,15,9,17,12,11,12,11,9,11,11,11,11,11,12,12,11,12,9,11,11,17,10,15,9,17,10,9,10,12,11,17,15,17,17,17,10,15,12,9,10,12,17,10,17,9,11,10,11,10,15,17,15,17,12,17,15,10,11,9,12,17,10,11,15,12,9,12,9,9,10,10,15,15,17,10,10,17,15,15,12,17,11,12,11,10,11,10,12,12,11,10,11,10,12,11,15,15,9,15,11,9,15,10,10,11,12,9,11,12,17,11,11,10,11,10,17,12,17,17,11,15,11,9,15,11,9,10,15,12,9,11,10,9,12,10,9,15,10,10,10,10,15,17,10,12,15,15,11,11,12,9,15,10,17,9,10,10,17,10,17,12,9,11,11,12,11,17,17,12,12,11,12,17,11,11,12,11,10,11,12,11,11,10,12,12,10,11,17,12,12,15,11,15,15,12,10,10,9,17,10,15,12,15,10,10,9,11,10,11,15,10,9,11,15,10,15,10,11,15,12,17,9,10,12,9,9,12,10,11,11,10,10,11,12,10,10,17,12,17,11,11,9,9,12,9,10,10,10,10,15,17,11,15,12,15,11,15,15,11,17,9,17,15,12,10,12,11,17,9,15,9,11,9,9,10,10,9,10,12,15,11,11,11,15,12,9,11,10,10,10,9,11,12,17,17,11,9,11,10,15,11,9,15,12,11,15,15,12,11,12,12,9,17,17,17,11,10,15,15,9,17,9,17,12,9,12,15,10,15,17,11,11,9,9,9,12,11,9,9,17,11,11,10,12,15,10,12,12,9,11,17,12,11,9,12,12,11,11,15,15,12,11,12,17,17,9,11,12,12,17,11,11,12,9,11,9,10,12,12,17,12,12,9,9,11,15,11,12,9,12,9,10,9,12,17,15,17,11,12,10,15,11,17,15,9,9,17,9,9,11,12,15,12,10,12,10,9,10,17,17,12,15,9,15,12,17,10,17,12,9,12,17,15,12,11,11,11,9,12,17,11,17,17,17,17,12,12,11,17,11,15,11,10,9,12,11,11,17,10,12,12,17,17,15,11,17,11,11,9,12,10,17,9,10,9,15,11,9,10,15,10,9,10,11,17,12,11,9,11,15,15,10,10,11,12,9,10,12,9,10,10,10,17,10,15,17,9,11,17,17,15,11,10,11,11,12,10,11,12,12,12,11,11,15,10,17,10,10,15,11,11,10,10,12,12,9,11,17,11,12,17,17,11,12,15,10,9,12,11,12,11,11,15,15,12,17,10,10,12,9,11,15,12,11,11,10,9,12,11,15,10,9,17,15,17,9,17,9,15,17,15,12,11,11,12,15,10,17,17,17,12,17,9,9,9,15,12,15,11,11,15,17,15,11,15,10,12,9,17,15,11,11,9,9,12,12,9,15,9,12,11,10,17,11,9,12,15,9,9,15,11,11,9,9,9,9,11,15,11,12,11,15,12,17,9,9
pred_correctness
True,True,True,True,True,True,True,True,True,False,True,True,False,True,False,True,True,True,False,True,True,True,True,False,False,True,True,True,True,False,True,True,True,True,True,True,True,True,False,False,True,True,False,False,True,True,True,True,True,True,True,True,True,False,True,True,False,True,False,True,True,True,True,True,True,True,False,True,True,False,True,True,True,True,True,True,False,True,False,True,True,False,True,False,True,True,True,True,True,True,True,True,True,True,False,True,True,True,True,False,True,True,True,True,True,True,True,True,False,True,True,True,True,True,False,True,False,False,False,True,True,True,False,True,False,True,True,True,True,False,True,False,True,False,False,True,True,True,True,True,True,True,True,False,True,True,True,True,True,False,True,True,True,True,True,True,True,True,True,True,True,False,True,True,True,True,False,False,True,True,True,True,False,True,False,True,True,True,True,True,True,True,True,True,True,True,True,True,True,True,True,True,True,False,True,True,False,False,True,True,True,True,False,True,False,True,False,False,False,False,True,True,True,True,False,True,True,True,True,False,True,False,True,False,True,True,False,True,True,False,True,True,True,True,True,True,False,False,True,True,True,True,True,False,True,True,True,False,False,True,True,False,True,False,True,True,True,False,True,True,True,True,True,True,False,True,True,False,True,True,True,True,True,True,False,True,True,True,False,True,True,True,True,False,True,True,True,False,True,True,True,False,True,True,True,True,True,False,True,True,True,False,False,True,False,True,True,True,False,True,True,False,False,True,False,True,True,True,False,True,True,True,True,True,False,True,True,True,False,False,True,True,True,False,False,True,True,False,True,False,True,True,True,True,True,True,False,True,False,True,True,False,True,True,False,True,True,True,True,True,True,True,True,True,True,True,True,True,True,False,True,False,True,True,True,True,True,True,False,True,True,True,False,False,True,True,True,True,True,False,True,True,True,True,False,True,True,True,True,True,True,True,True,True,True,True,False,False,False,True,True,True,True,True,True,True,False,True,True,True,True,False,True,False,True,True,True,True,True,True,True,True,True,False,True,True,False,False,True,True,True,True,False,True,True,True,True,True,True,True,True,False,True,True,True,True,True,False,True,True,True,True,False,True,True,True,True,False,True,True,True,True,True,False,True,True,True,True,True,True,True,False,True,False,True,True,True,True,True,True,True,True,True,False,False,True,False,True,True,False,True,True,False,True,True,True,True,True,False,True,True,True,True,False,False,True,False,False,True,True,True,True,True,True,True,True,True,True,True,True,True,False,True,False,False,True,True,True,True,True,True,True,True,True,True,True,True,True,True,True,True,True,True,True,True,True,True,True,True,False,True,True,True,True,True,True,False,True,True,False,True,False,True,False,True,True,True,True,False,False,True,False,True,False,True,True,True,True,True,True,True,True,True,True,False,True,False,False,False,True,True,True,False,True,True,True,True,True,False,False,True,False,False,False,True,True,True,True,False,False,True,True,False,True,True,False,True,True,True,True,True,True,False,True,True,True,True,True,True,True,True,False,True,False,False,True,True,True,False,False,True,True,False,True,True,True,True,False,True,True,True,False,True,False,False,True,True,True,True,False,True,False,False,True,False,True,True,True,False,True,True,False,True,True,False,True,True,False,True,True,True,True,True,True,True,True,False,False,True,True,True,True,True,False,True,True,False,True,False,True,True,True,True,True,True,True,True,True,False,False,True,True,False,True,False,True,False,True,True,True,True,False,True,True,False,True,True,True,False,True,True,False,False,False,True,True,True,True,True,True,True,False,True,True,False,True,False,False,False,True,True,False,True,True,True,True,False,False,True,True,True,True,True,True,False,True,True,False,False,True,True,True,False,True,True,True,False,True,False,True,True,False,False,True,True,True,True,True,True,False,True,False,True,False,False,True,True,False,True,False,True,False,False,True,True,True,True,True,True,True,True,True,True,True,False,True,True,True,True,True,True,True,False,True,True,True,False,False,True,True,True,False,False,True,True,True,True,True,False,False,True,True,True,True,True,True,False,True,True,True,True,True,True,False,False,True,True,False,False,True,True,True,True,True,False,True,True,True,False,True,True,False,False,False,False,True,True,True,False,False,True,True,True,True,True,True,True,True,False,False,True,False,True,False,True,True,True,True,False,True,True,True,False,False,True,True,True,True,True,True,True,True,False,True,True,True,True,True,True,True,True,False,False,True,True,True,False,True,False,False,True,True,True,False,True,True,True,True,False,False,True,True,False,False,False,True,True,True,True,True,True,True,False,False,True,True,True,True,True,False,True,True,True,True,False,True,True,False,False,True,True,True,False,False,True,True,False,False,True,True,True,True,True,False,True,True,True,True,True,False
p2d-kl
0.6415548324584961
p2d-iter
599
p2d
0.03617408,0.4584445;0.40417078,-0.68124247;0.2592553,1.55949;-0.21929033,0.677128;0.47720343,1.769518;-1.047654,1.1905077;1.5065305,1.3881466;-0.70046985,1.0245364;-0.46393096,-0.29383028;0.36696175,-0.73009527;-0.103132874,1.2939688;-0.31671292,-0.7925519;0.25276205,0.3436197;-0.8768645,-0.6899632;0.06880777,-1.5642346;0.43981966,1.7037439;1.3796421,1.2758514;0.41516787,1.7427485;0.04638837,0.084719725;-0.43586868,-0.7047174;-0.8894166,1.0364317;-2.563516,0.7400732;-0.70031565,-1.1268526;0.48330453,-1.4716536;-0.65154934,-0.54133856;0.04939899,-1.5965099;-0.06409201,-1.5605346;0.032969553,1.2399087;-0.1699992,-0.051283628;0.67903614,-0.37795094;-0.35328767,-0.45512816;-2.1746693,0.9396592;0.1445765,1.5063187;0.36815244,1.6714563;1.2053379,0.113928616;-2.5104012,0.72477;0.5816854,0.07254567;-0.043860458,-1.1943822;-0.3204478,-1.4636549;-0.08462558,0.39753562;2.0891914,0.46630397;0.40450808,-0.5673574;0.42222396,0.39013523;-0.26026082,0.18819101;0.6439037,0.41084647;0.9833772,-1.5556138;-0.006948713,0.2841858;2.0419114,0.36384037;-2.2902858,0.74749213;-1.3303443,-0.49441427;-1.1170752,0.64905834;-2.3217785,0.794696;0.3779443,-1.6338967;0.05712193,-1.4672507;0.05591667,0.65305847;-1.0865306,-0.5699259;0.92356,-1.9554962;-0.783504,1.0158571;-1.2962208,1.2254112;0.2731006,0.09749251;-0.20176129,-0.42414424;-1.8575532,0.90570974;1.4635427,0.20120715;-0.7445582,-0.6144756;0.2251213,-0.095006004;0.3184437,1.6080405;0.7253718,-1.4873224;0.67705685,-1.6892629;-1.5517902,1.1865087;0.21446662,-0.7234395;1.5024822,1.2106154;-0.4506998,-1.0064384;0.6561622,0.4809901;-0.9911233,0.29813877;2.1948702,0.40440777;0.45133415,1.7892247;0.34005108,0.3901307;0.39173582,1.8017683;0.21794039,0.29964256;-2.1705856,0.87692434;1.5082638,1.4248971;1.0890341,0.19126083;-1.0331724,0.49315435;-0.31123918,-0.023332871;-2.0218406,1.0042112;1.50158,1.4290228;1.3979899,1.30024;-0.31505847,-0.5538104;0.058870886,1.4481324;0.011135882,1.2810639;1.2509942,0.09074287;2.3971262,0.46125534;-0.53057563,0.9312135;1.5425686,0.322271;0.46064174,-0.37172058;0.02213112,-0.18300563;-0.22515953,-0.8022388;0.11349221,1.4371654;0.88254744,-1.9233298;-0.7661355,-0.47013435;-1.1173035,0.66670656;0.2191945,-0.62393;-0.33433545,-0.3165513;-0.26615417,-0.7394878;0.18086,-0.19039708;-0.69846076,0.88714963;-0.8948336,0.40457162;0.16931468,-1.0391227;0.2988239,0.26782578;-1.104822,0.48370063;2.0100644,0.471028;0.98629165,-1.9486879;0.29532886,1.6380649;-0.7615916,0.9292633;0.40243712,-0.7601025;-0.455906,-0.7816905;0.4694042,-0.80913585;0.8318935,-0.0020065187;0.54086804,-0.4190091;-1.898602,0.9445587;-1.1281021,0.35910958;2.2571568,0.44993734;0.24938789,-0.8112745;0.22745164,0.07144695;0.032231543,-1.0561655;-2.104014,0.9583009;1.3230449,1.1396291;0.28711927,0.37194878;0.53966016,0.6870009;0.5594614,-0.14829935;1.5569643,1.2642673;-0.13982064,-1.5813007;0.8911159,-1.7695352;0.03215609,-1.3108141;-0.7461947,-0.6028661;2.0800695,0.39130223;-0.22013605,-1.1583761;0.0050388766,1.3950732;0.74369603,-0.009581614;0.63839173,-0.10457089;-1.6572981,1.1334093;0.085454956,0.25103596;-0.24117972,-0.5210239;1.1832718,0.017523555;-1.138598,-0.76947004;0.32687396,1.652084;0.9746113,-1.5820068;0.19003944,1.6375859;0.22595231,1.4632843;0.25573865,0.6310203;0.6411975,0.6266147;0.5253081,0.4222654;1.1734085,0.34230742;-1.4227829,1.1425946;-1.1815165,0.28905168;0.36904854,-0.69408137;-0.6246861,-0.55691;-0.7106151,-0.27269235;-2.3553607,0.75532144;-0.6426675,-0.012258951;-0.63231003,0.6265719;-0.07885006,-0.54717284;-0.95867866,0.26522154;-0.32251862,-1.4792932;0.97599655,0.2105827;1.5641415,1.2525697;-0.13699152,0.6456453;-0.28049612,0.35728964;0.42077175,-0.38090813;-1.0435843,0.2775152;-1.7430363,1.0973238;0.13803473,0.13551567;-0.0912139,0.6087156;1.456071,0.24150212;0.9355667,-1.8786945;-1.7318488,1.1099653;0.058295023,1.4640287;-0.98418874,0.25834525;-2.3334787,0.77849627;0.7366496,-1.3898253;-0.6131881,0.8323738;-0.32645634,-0.4118165;-1.1742411,1.2180855;-0.98224455,1.064059;-0.53787965,0.04878397;2.057268,0.40482646;0.2458427,0.5082853;0.8204711,0.4022686;0.09237487,1.2362616;-0.36437705,-0.20935813;-0.87413883,1.0183156;0.03744301,1.38792;1.3918544,1.426695;-0.08023597,-0.43347016;-0.5940339,-0.49457142;1.2867147,1.0735204;-0.2325801,-1.2872617;-0.7955217,-0.40846035;-0.0859036,-1.0828485;-1.1677715,-0.5116995;-0.37585652,-0.46896872;-2.6502266,0.68606067;-0.16176355,-0.10981034;-1.3745493,-0.48169288;-0.8813313,-0.41282967;1.997155,0.41403392;-0.35828912,-0.7666799;-0.32378432,-0.63634986;0.80102336,-1.855151;-0.68944085,-0.89351845;1.0343719,0.090980895;-1.0347079,0.42501286;0.049066443,0.51487666;0.60936266,-1.7213361;0.9255532,-1.9621205;-0.9701673,-0.79874676;0.046716407,-0.6606154;-1.0538696,1.2543734;-0.06622688,-0.40521014;-0.03175039,-0.35838956;0.41765386,-0.71486855;-0.1613627,0.42715505;-0.07342608,1.2224677;0.112102136,-1.3469981;-1.1516337,0.41200596;-2.254141,0.8560258;-0.19208707,-0.3195677;1.4435554,1.2569122;1.2425804,0.06318715;-0.33755216,-0.2467426;-1.821518,0.8804276;0.33641127,-1.4570163;-0.17926769,0.67797166;-1.9463066,0.8198914;-0.3189749,-0.44008112;-1.0418793,0.5534636;1.1792915,0.23832446;-0.23284563,-1.0102652;-1.0297643,0.6875616;0.94371253,-1.4761214;-1.1012417,1.2984966;0.13199924,1.4865856;1.170822,1.0490444;0.24674395,-1.5987915;-0.43986234,0.06911277;0.3894298,1.7228389;1.3056132,1.2104243;0.25761285,-1.3725985;0.982027,-1.7594265;0.7929497,0.40877485;-1.0877726,0.38248208;1.0317818,-1.9994768;1.6848044,0.24133046;0.0011446718,-1.540773;-1.0152744,0.6394087;-1.0676981,0.5858544;-2.2756925,0.772815;0.43939862,-1.5331261;-0.32529384,-0.84248865;1.3376982,1.0760883;1.5664122,1.3898695;-2.0942864,0.8468877;-0.92969716,1.0630094;-1.8375489,1.0412091;0.28889844,-0.13366944;1.0413483,0.10379345;0.33807963,-1.0469686;0.25754428,-1.7030497;0.42534474,-1.5646902;-1.1764128,-0.45308512;0.2751816,1.4967703;-0.4365578,-1.1564752;-0.5547814,-1.1969959;0.1444721,1.5938576;0.91877306,0.3099906;-0.5025896,-1.2135341;0.5912014,-0.37780544;-0.59793353,-0.7280557;-0.31341416,0.61224467;2.1123312,0.42399633;2.124432,0.47171342;0.40392792,-0.5705889;-2.4770298,0.74698234;-0.20060459,-1.0436562;1.3189268,1.1747043;-2.3742673,0.77328527;0.15276176,-1.0144852;0.4459465,-1.7792943;1.1092247,1.0526013;1.1024833,0.098977916;0.08046245,1.4810656;0.8106155,-1.6814816;-1.0174134,0.5897655;-0.06900279,1.2822155;0.35242411,1.7387917;0.5238942,-0.1817388;0.3022037,-0.1276766;0.16828649,-0.9735184;0.6715013,-1.453181;0.5586666,-1.5522304;2.3529806,0.4825326;0.6721725,-1.8194314;-0.52805996,-1.0128938;-2.6475582,0.6691655;-0.09446157,-0.15926796;1.7740772,0.2812267;0.9522608,0.12662591;0.7483871,0.20446657;0.1687489,-0.7244881;-0.11440077,1.2513927;1.4987978,1.1693558;-0.2609104,-1.4902;-0.50372267,-0.49808598;-1.0249281,0.23663;-0.09741822,0.18915038;-1.9119263,0.97970366;-1.1073259,0.32051784;-2.6697302,0.63595396;-0.73767334,-0.7215038;0.38776255,-0.10923313;1.523831,1.4506367;0.55609304,1.8051139;0.6571619,-0.3939279;1.1074362,1.0312812;-0.7719758,-0.55687463;2.351327,0.4589063;0.5162146,-1.7997924;1.1029607,1.0026536;0.5429261,-0.3697823;0.10955717,-0.8657955;0.06854738,1.4061842;-2.2741725,0.8846498;0.97050697,-1.7234254;-0.22821218,0.5485023;0.1981136,0.62554854;-1.3610431,1.1077439;-1.12291,1.1962271;0.7798864,-1.6504732;-0.82693535,1.0413978;0.5338251,-1.7673573;-1.164874,1.2586744;1.3974389,1.0894858;-2.397868,0.79909396;-0.051900975,1.3816376;0.68081695,0.44501868;-2.5162053,0.7800244;0.1343956,0.6590938;-0.96541613,1.1731689;0.3692082,-1.618775;0.5124269,1.8209542;-1.1252376,-0.38719246;-0.61002576,-0.6685699;1.2794982,1.1489023;-1.1579162,0.21689051;0.45162943,-1.6614068;1.3154862,0.31537494;-2.0347579,0.98929256;0.74617326,-1.3737565;1.4100204,1.0927045;-0.65324,0.98403966;1.1921126,1.1089795;1.1338155,0.12407453;0.72064084,-0.13606761;0.09549319,0.064201914;0.31371778,-1.045939;1.5595603,1.2994983;0.3310963,-1.7640269;-1.0806866,1.1750653;0.05678614,0.48566058;-0.3946872,-0.8701572;-1.1681708,1.309383;0.07221935,-0.99907047;0.012884132,-0.683756;-0.59784675,-0.76625603;-2.405762,0.8554971;-1.1889151,0.32492492;0.4588318,1.7408282;0.6880668,-0.32421055;0.17676862,0.44121525;-0.24802944,0.2724761;2.327774,0.45389786;0.5928533,-1.8068854;-0.24309331,-0.5192064;-0.38792014,-1.0389552;-0.42792013,-1.2141622;0.009542612,-1.2841495;-1.7599094,0.836386;-2.2796226,0.79990077;1.0005634,-1.454471;-0.9936815,-0.3206716;0.40693665,1.68114;-0.8625228,1.0890808;0.61260784,-1.6524909;-1.0466008,0.6129804;-0.5550449,-0.24469146;-1.9548365,1.013356;-0.30673552,0.35902178;-1.3425488,1.1509587;0.2786291,-1.0030493;0.13616917,-0.47059914;-1.0882372,0.623907;1.5410516,1.486099;-0.072495654,-1.5920762;0.047466647,1.2494581;-1.9611579,0.8592208;0.14673364,-0.19465609;-0.17619497,0.43093947;-0.61575305,-0.7110036;0.9888784,-1.8103191;0.49932775,-1.680726;-1.0674889,0.65453476;1.5774618,1.1627272;1.5710655,0.29622084;-0.44055277,0.85623604;-2.1045501,0.82586604;-0.9798684,0.581251;0.11702024,-0.47188175;-0.18666956,-0.8894134;-0.49092668,-0.47402278;0.25210053,-0.6947438;-0.14415455,-0.987626;0.86472857,-1.8077949;1.5052073,0.2249671;-0.030018745,-0.5936569;-0.74821216,0.19819868;0.400876,-0.33805102;0.17565547,-1.3598278;-2.4462886,0.7848468;-1.0183094,0.404436;-1.0052528,-0.60741836;-0.40635294,-0.12621586;-0.1003319,-1.2722502;0.22419049,-0.1941617;0.70555973,-1.5514431;-1.5709667,1.1238159;1.3742428,1.2253023;-0.5903256,-0.8078934;0.40916902,-1.4909028;-0.4452541,0.16951256;-0.20655777,0.24496202;-0.9577853,-0.83461493;-0.25252232,0.6596388;-0.08356335,-0.34965917;1.0662961,0.08038614;-0.8649529,0.53139186;0.11021709,-0.4144775;-0.7790045,-0.40911046;-0.5423209,0.8587889;0.09818445,0.033586074;0.48851573,1.8430074;0.49020922,1.8011308;-0.25826785,-1.1481868;0.3237475,1.6894108;0.36155134,-0.40577304;1.0658342,0.16310982;0.01881605,1.3707838;-1.1967208,0.19332744;-1.0157294,-0.31838208;0.484375,0.6989909;-1.1349297,1.2702779;1.0625805,0.22564574;0.80668646,-1.9348929;-0.6107566,-0.48109135;-2.5663195,0.68535286;1.3282778,1.432165;1.3148744,1.1259035;-1.0146769,0.51907086;0.29980996,-0.42309844;-1.123465,-0.76974636;-2.0793257,0.92742556;-0.30503196,-0.42448643;-2.036675,0.8397803;0.49894515,0.11042337;-0.27764258,-1.0377442;0.5208717,1.7809157;0.3523817,-0.16674729;1.2119293,0.22291018;0.13341732,1.4612656;1.2224997,1.0180485;0.22030133,-1.0093008;-0.07985961,-1.5894296;0.6338639,-1.3447382;-1.3015635,1.2076713;0.060217183,-0.95929706;0.79482263,-1.7772546;-0.90897393,0.35985777;1.4462278,0.29459047;-0.6105529,0.94049215;0.9918395,-1.9861776;1.4054365,0.37844795;0.4229364,1.7765062;-1.1769346,0.39510083;0.1275085,-1.6379839;-1.0018775,-0.60250664;0.2098221,-1.6386995;-0.24815962,-0.8505583;-0.51201504,-1.2589092;-1.2093531,0.23652168;-0.70066655,0.92378265;-0.21649002,-1.2700062;0.17096356,0.6692854;0.41454813,-0.11304513;0.092979945,-0.8988308;-0.4817898,-0.97316515;1.4382244,0.3352645;0.4278478,1.6713254;0.2791215,-1.7228688;-0.48953548,-0.28598785;-0.65358937,-0.2641718;-1.2802378,-0.5233128;-1.0644596,0.45201957;-2.6186166,0.6437695;-1.2630138,-0.40637854;-0.7476689,-0.4483947;0.553945,-1.5274353;2.285236,0.4703139;0.3035081,-1.6647028;0.15418169,-1.4277639;-0.45231113,0.82714206;0.7657123,0.4236525;-1.6117544,1.1609056;-0.072238326,0.567656;-1.2633346,1.106475;0.69829935,-1.6072758;0.65379685,0.45355842;-0.7938293,0.97418416;-2.0236676,0.974619;1.1904793,1.0657359;-0.021539336,0.6230736;-1.0463783,1.231577;1.4220927,1.3333955;-0.30986243,-1.440923;1.5026824,1.2162677;-0.4504351,-0.98865134;0.24666867,0.61987215;1.3741546,1.2443626;-1.1364278,0.69912106;-1.0552788,1.1260908;0.049561735,0.32057434;-0.925617,0.20975128;1.3847123,1.1385307;-0.5854959,-1.1539328;-0.91686803,1.0942004;-1.1413304,1.3055502;0.23725957,1.6453731;1.3795708,1.1754199;-0.23800676,-0.8082494;0.79995066,-1.396253;0.71376437,-1.4456913;-1.1378764,0.6422383;-1.0515802,-0.40991542;0.21997084,-1.115192;1.0646268,-1.8847841;-0.24485898,0.0004872981;0.33119914,1.4356853;-1.1232063,1.2564436;-0.25270447,-0.87375075;-0.8242268,-0.5396331;-0.76753557,-0.3348429;0.8029382,0.045214888;1.149637,1.0830829;-1.0544842,0.22211732;-0.604198,-0.55768573;0.3520182,1.4350824;0.32336396,-1.7168632;2.2038734,0.4256601;0.71338964,-1.8887296;0.5058645,-0.3951297;1.0214847,-1.9800047;0.9601368,-1.7612838;-0.348897,0.32924747;0.23351684,-0.33378583;0.0036136503,-0.19275714;-0.5717577,-0.71997446;0.13219224,0.30981055;2.2174668,0.4847036;-1.0655229,0.3943947;0.83668995,0.19839153;0.17194717,-1.0934509;0.2248202,-1.1125346;-0.33737713,-0.16820697;-0.8471326,-0.87507117;0.63016826,0.65017885;0.46809542,-0.105941;-1.0772386,0.23852037;-1.0703796,-0.4651382;-0.9252615,-0.8501284;-0.18778837,0.0605454;-0.96417457,0.4958264;-1.0477016,-0.63945824;-1.660134,1.1157415;-0.37199348,-0.43048143;-2.3996885,0.8272062;1.2556167,1.0946517;1.8614594,0.31106326;2.4167938,0.49884334;0.50735956,0.15153024;-0.049668573,0.013354592;0.013222179,-0.48955432;-0.9509121,0.2189096;-1.123709,0.67865115;-1.0605674,0.32970822;-0.9256422,-0.72437423;0.46222478,1.6515536;-2.1933656,0.899645;1.5116568,1.1869105;0.04597666,-1.4927565;0.0027154638,0.10260895;-0.5095642,-1.1424096;0.5066363,0.3569131;0.383132,1.7753586;-0.1807531,-0.8510306;-0.28837112,-0.9042635;0.11363243,-0.073605604;2.029759,0.38590553;-0.23141441,0.5591763;0.6365954,-0.4202837;0.25946712,0.04629033;-0.5704496,-0.9888818;0.94641703,-1.4534503;1.6705488,1.3698485;1.0443108,-1.8182182;0.7288422,0.013820038;-0.11372635,-0.9129092;0.7313533,-0.0035763523;-0.8148899,-0.87176627;0.2233576,-0.6609229;0.2930604,-0.7346967;-0.97082245,0.6196962;-1.1614308,-0.37219274;2.2038734,0.4256601;-1.062332,0.35793748;-0.6854621,-0.72020525;0.049429994,-1.379848;0.48339868,-0.35076663;0.456411,0.45976484;-0.0056090835,-1.5834699;0.600871,-1.3462678;0.12393678,0.17034926;0.5392724,-0.6982895;0.3963985,0.6690386;-0.35407296,0.17546466;-1.2524619,0.26721513;-0.3490959,0.58774936;0.75376827,-1.8138582;-0.47328869,-0.7955547;-0.78390414,0.9851839;-2.0857458,0.9043219;1.0160224,-1.7546204;-0.21432473,-0.91524816;1.633878,0.27715153;1.6266072,1.195422;0.12994336,1.6113933;0.21336177,1.5793386;0.51477766,0.6828226;2.3315039,0.49729905;0.20784126,1.5234685;-0.31086278,-0.17111282;1.1901149,1.034115;0.57830113,1.7674496;-0.10213041,-1.2355086;-0.29627234,-0.56226593;0.45475754,-1.4306297;0.5697543,-1.745731;-0.2748511,-0.9986857;-0.19783685,-0.31195447;0.2020385,0.4526805;-2.343862,0.8348925;1.0159554,-1.8413892;-0.37621412,-1.4391241;-1.1192695,0.3117039;-0.8795686,-0.9110612;0.24549174,0.28529906;0.4011674,-0.78016347;-0.20920563,-0.07608354;1.9986969,0.4309603;-2.6274738,0.6824491;-1.0532254,1.1369265;0.61016196,-1.6687491;-0.038776524,-0.6089143;0.29618737,1.5096968;-0.7316387,-0.8987078;-1.9977337e-05,1.4325889;-2.0406501,0.9122431;1.0376644,0.25732863;1.4462727,1.1168406;1.423667,0.1793179;0.20365155,-1.3488922;1.1615999,0.3134772;-0.60057425,0.84906644;1.5881464,1.3940922;1.4967241,0.29139;1.1968173,0.16715471;0.48678654,0.13841271;-0.4228507,-0.6674117;1.6745818,1.3014163;-0.17439234,-1.6365927;0.8589974,-1.8449554;-0.045044065,1.4484832;-0.32506883,0.23675407;-0.03842237,0.04555328;0.046368826,0.34506303;1.4076607,0.1622717;0.4844372,-0.35574108;0.35630545,0.15161784;-0.22708979,0.68760115;0.114934266,-0.3989295;1.0564142,0.22816525;0.6506248,-1.5952442;-0.06856651,0.67897683;1.6727287,1.3460144;1.4522241,1.2865672;0.05905689,-1.4844182;0.17712986,1.4798123;-0.36764216,0.6397347;1.5593121,1.35869;-0.8389032,1.0323567;-1.9143745,0.9910787;-0.75304323,-0.44214824;-0.053459704,-1.0470043;0.62417465,0.6479542;-0.97148293,1.0917635;-0.002589603,0.39725757;-1.5998715,1.1995403;-0.21246552,-1.0704957;0.13085246,-0.42045456;-0.041466467,0.41709876;0.5309872,-0.7993506;0.7365505,-1.9100763;1.3568754,0.09514282;-1.0683161,-0.569012;-0.17209068,-0.49074173;0.88954055,-1.8090158;-2.6665616,0.64655995;-0.07069634,0.11613881;-1.0897536,1.2620851;1.7532172,0.37715483;1.9696795,0.38047406;0.6036247,-0.11957599;0.40790376,-1.7046614;1.6822056,1.3601629;0.5857654,-1.4750572;0.6157096,-0.047721494;0.69568443,-1.4933375;1.7288038,0.291034;-0.514045,0.58651656;1.5141621,0.27206036;-0.8575148,1.0631447;0.49342468,0.111598365;-0.1135961,1.2815603;-2.1699424,0.82024354;0.79280496,-1.8788719;-1.1477246,1.2376709;-0.9836967,0.47802132;-0.052597485,-0.74971193;1.2214063,1.0012897;-1.3354573,1.1179184;-0.32156527,-1.1761619;0.28956857,-0.9620621;1.2486275,0.27426887;0.26553717,0.12042747;0.7378759,-0.007015621;0.67769825,-1.7749825;0.5494567,-0.22149953;0.078029074,0.42208266;0.015570978,-1.2868823;0.64279795,-1.6185949;0.10851455,-1.6145222;-0.58394694,0.8563033;-0.82579905,-0.4932133;1.1141199,0.2092755;0.41250643,-1.7641293;-2.3036828,0.86641026;1.0290794,-1.7751479;1.0823671,-1.9751431;0.42036736,1.6070334;1.648088,0.23449288;0.695804,-0.2819742;0.5892791,-1.4887662;-1.7789872,0.83646595;-0.97997,-0.82095003;-2.1458073,0.850684;-0.19755901,0.70124036;1.5387318,0.25190368;-0.08656429,-0.3211886;-0.1860153,0.5531776;0.47226122,-0.84631056;-0.12123959,-1.0224543;-0.027728377,-1.5165197;-0.41383615,-1.0257297;1.4394267,1.3312025;0.7504463,-1.698998;-0.0427055,-0.9980422;-0.4635045,-1.2103679;1.3302816,1.2667066;-1.436524,1.1418908;-0.6919817,-1.1304672;1.1426746,-1.949431;0.041357003,0.37995458;-0.09373417,-0.6822126;0.06758944,0.3426541;0.08497369,-0.70294917;-0.708326,-0.2979446;-0.70265937,-0.6229294;-0.12308689,-0.17061317;1.5694041,1.4212778;-1.020835,0.3098031;0.21058139,-0.6959808;0.10243029,0.5453588;0.15542103,0.59391046;1.3652216,1.2225443;0.67990416,-1.3721004;-0.18877345,0.12600562;-0.65371734,-0.040335696;0.9671223,-1.5050894;-1.7781978,1.0271971;-2.509713,0.72204906;-0.11225701,1.4184221;0.07503855,-1.525143;-0.44910288,-0.23929988;1.5877905,1.4507332;0.41470838,-0.09936776;1.3282139,0.14619978;-0.7036759,0.91279703;-0.11132282,-1.6383715;-1.6804116,1.1319624;0.9615928,-1.871472;-1.3231015,-0.46921435;0.2833153,-0.836822;0.2676605,1.447172;1.5199945,1.1989868;0.44698054,-1.0202428;0.60677725,-1.8328524;0.22678562,-1.3900293;-1.3082716,-0.4227929;2.1238701,0.45111942;0.09860308,-1.0822537;0.34217498,-1.5059495;-0.3181549,-0.13371551;-0.60301596,-0.6860917;1.5542337,1.4358598;0.6645641,-0.08733482;0.46118948,-0.30987912;0.4211379,1.8173559;1.02368,-1.9481548;-1.0477471,-0.41399488;-0.23760149,-1.5389932;0.10424088,-0.90223956;0.24588007,0.07388616;-0.17510061,-1.1196556;-0.5962894,0.5918256;-0.45378798,0.8549775;0.27990183,-0.7581932;-0.56928813,0.16616404;-1.1382154,-0.3747871;-1.0141625,0.60896295;-0.43550193,0.0080967;-1.239778,0.30926424;-0.03023676,1.3209244;-0.6127443,-1.232568;1.2645975,0.17536522;0.40662932,-1.4821938;-2.5998545,0.7127773;-0.32806817,-1.2499655;-0.45138884,-0.7076704;1.5578815,1.3003215;-1.0650117,0.20600086;0.15734635,-1.5764219;0.8940938,0.31405213;-0.68399304,0.93616664;-1.0381255,-0.4760493;1.4504589,1.3448313;-0.9528288,1.1280038;0.7525896,-1.4638872;0.021508139,0.064369775;1.5391746,1.3617319;0.080760844,-0.72988445;0.17069922,-0.16644594;-0.34875733,-1.4218456;-0.5416866,-0.39617687;-1.1558106,0.3739693;-0.41524297,0.6049918;-0.16639453,-1.3535465;0.18625186,-1.4244286;-0.08323168,-1.1878047;-1.053538,0.66605943;-1.187643,0.3532555;-1.0413516,1.1287249;0.70337796,-1.8554671;0.8899329,-1.9515685;0.35709774,-0.17170353;-1.9030654,1.0150727;1.1752461,1.0081573;-0.041223295,0.2746412;1.0774928,-1.8909463;-1.961776,1.0275922;-0.42280483,-0.83306617;-1.0965238,1.3559579;0.09700252,-0.23793502;-0.8024945,-0.3564992;1.7402772,0.39113653;-0.2233409,-0.35380834;0.52604926,0.7028147;-0.18736282,0.16417947;0.13706067,-1.2655877;1.6443025,1.3890043;0.5263927,1.7513314;-0.06422198,-0.083955154;-0.15566155,-0.5518494;0.9994627,-1.4352512;-0.5193551,0.6066747;-1.0243874,-0.48888844;-0.65593594,-1.1022018;0.41598,-1.5028658;1.461461,1.4740446;0.39322492,1.6390209;-1.11461,1.3376664;0.66262376,0.45220077;0.7345402,-1.8184716;0.10726339,-0.85955125;0.70206356,-0.0604109;-0.003358533,0.20103043;-0.056425624,0.64397454;-0.06893262,1.2996265;-0.3391338,0.2048108;0.43519294,-1.4481239;-1.653554,0.8175364;-0.11551739,1.2239586;-0.48387837,-0.33622888;0.7891825,1.4635149;-0.49491206,-0.22698793;-0.3177614,-1.1047826;-0.83749366,-0.89501303;-2.2249753,0.8103126;-0.104697905,-0.16047087;-1.1114937,1.3245803;-0.054133214,-0.44619465;0.51456827,-1.5091841;-0.086935975,0.057279374;-0.11867534,-1.4209491;-1.1118902,0.40924886;-2.0206163,0.87025577;-0.42060772,-0.057729345;0.6948332,-1.413807;0.09906543,0.38444546;-2.1105802,0.94371426;1.91311,0.39918286;0.31359813,-0.7075377;0.5753073,-0.2902269;-0.27393445,0.3859253;0.030753918,0.48934248;0.30615422,1.5894732;-0.402045,-0.8182025;-0.45087397,-1.0334485;-0.355725,-0.8873077;-0.47388297,-0.37814704;0.69422764,-0.27372816;-0.17722754,-0.91291064;-0.09295009,-1.4376268;-0.98674023,0.19024925;-1.0860307,1.2101979;0.019383298,-0.60007966;1.0918427,-1.9406939;0.98693204,-1.5858502;0.07254089,-1.5231726;0.47609842,0.39587355;1.4662722,0.31627518;0.2750805,-0.79402816;-0.6609174,-0.06865995;0.8207702,-1.4387854;2.138018,0.39421046;0.3381405,1.4726987;1.3581293,0.09938802;-0.5070446,0.899997;0.09727325,0.578982;0.7660322,0.13837259;-0.3177717,-1.1109091;0.3112083,-1.6755443;0.32133934,-1.0750457;-0.42251217,0.8710396;0.47894824,-0.47751477;0.8972338,0.11219189;0.24773215,-1.1084317;-0.18784527,-0.032088008;-0.50592405,-0.8713157;-0.45193264,-0.80225843;0.37291077,-1.0503097;-0.7489583,-0.34903663;2.343219,0.437989;1.9964302,0.47577676;1.5373526,1.3144939;0.34042087,1.6279042;1.3551394,1.1853251;0.29849073,0.075290725;0.3324429,-0.081686385;0.3551382,1.7095397;-0.5026949,-0.7031423;-0.3574299,-0.10588217;2.3020477,0.41457826;0.3662842,0.07038543
p3d-kl
0.5026988387107849
p3d-iter
599
p3d
-0.44961607,0.757901,-0.31265122;0.6947092,-1.5491393,0.2982131;-1.4824166,0.3158865,-1.4446845;-0.7503854,0.87532943,-0.24698915;-1.7846844,-0.0004095958,-1.8985108;-1.0297915,2.0538075,-1.2950268;-1.534283,-1.2566415,-0.2364215;-0.76742285,1.8043478,-0.6104718;0.28230128,0.64158463,0.08409359;0.6741819,-1.1749393,0.14963591;-1.1649338,0.84672856,-0.5443071;0.8727977,0.5124324,-0.04276601;-0.38190198,0.05114981,-0.19415185;0.6678515,0.6421355,1.0258344;1.4814831,0.30868557,0.8960471;-1.6931274,0.18513992,-1.6505859;-1.3999916,-0.89624804,0.063045934;-1.7413057,0.13671274,-1.7760782;-0.12252389,0.10480798,0.41470706;0.730878,0.63138545,-0.13241896;-0.8070016,1.9735906,-0.909475;-0.2661072,0.7505331,-2.3174274;1.0391765,-0.38452983,-0.94382787;1.4993927,-1.1264323,0.45096904;0.51144254,-0.14341529,1.2423371;1.5054649,0.15054385,1.0066847;1.4527507,0.06392784,1.0603992;-1.1060861,0.4765178,-0.48216802;0.018344283,0.2725914,0.77527654;0.2412914,-1.4048901,0.6505729;0.45854455,0.10197873,0.124916956;-0.62213534,0.7711345,-2.2662294;-1.3998996,0.47554833,-1.3112891;-1.6331389,0.043499447,-1.6662115;-0.2664277,-1.5490108,-0.08829882;-0.26595733,0.807413,-2.2649107;-0.0539819,-0.5942092,-0.54296684;1.1038797,0.19266184,0.38441578;1.2433636,0.21486175,1.0964503;-0.44458243,0.68811816,0.13443795;-0.77449495,-2.1285846,-1.2226;0.5312444,-1.1468974,1.4908135;-0.41197932,0.13116513,0.49551418;-0.23378615,0.39847285,0.8221158;-0.41738877,-0.27632034,0.8230965;1.6553695,0.3030876,0.21469943;-0.29070038,0.62885404,0.10898284;-0.7057672,-2.160397,-0.7208636;-0.37893978,0.69935143,-1.9497206;0.5851161,0.9316332,1.6881472;-0.90731084,1.7651737,0.8722491;-0.3948248,1.0148993,-2.175544;1.6475135,0.08406248,0.60333556;1.4139539,0.111404836,0.45994964;-0.70797086,0.26634377,-0.23817192;0.64362603,0.0578719,1.6092694;2.1137908,-0.25820825,0.8510956;-0.7675131,1.8802115,-0.80262965;-1.1039149,1.5844555,-1.608196;-0.07885256,-0.04407829,-0.2623803;0.4122856,-0.1502087,0.14085165;-0.63342035,0.5348809,-1.6388507;-0.4119829,-1.7805308,-0.64215505;0.69008696,0.089166485,1.0130258;0.05680524,-0.5171619,0.4623085;-1.5568328,0.31832474,-1.5064877;1.5331159,-0.5024826,0.06824802;1.7490308,-0.78152376,0.8102549;-1.0614572,1.1276437,-1.8680526;0.7047684,-1.0157305,0.39910764;-1.3213222,-1.1881461,0.33569348;1.0439334,-0.052959945,0.7758214;-0.49477905,-0.4927303,0.8279371;-0.40944192,1.2772987,1.6123643;-0.79516464,-2.2806416,-0.8660397;-1.8152435,0.095066704,-1.8176205;-0.45554703,-0.120925695,0.1527773;-1.8090347,0.07164212,-1.9944013;-0.32485044,0.15398227,-0.07925974;-0.53749114,0.6935188,-2.0127974;-1.5875683,-1.2863187,-0.37239736;-0.33700457,-1.0827323,-0.15198274;-0.67284125,1.5492296,1.1867667;0.0030999284,0.60914236,0.877556;-0.7393107,0.8308239,-2.1894996;-1.5900941,-1.2662644,-0.37718844;-1.4021778,-0.9612949,-0.09604928;0.5622328,0.033771705,0.1583246;-1.334372,0.66324484,-1.1914726;-1.1490773,0.6084562,-0.62092566;-0.27561736,-1.6910212,0.03260587;-0.8898399,-2.5809486,-1.0880985;-0.6186777,1.6669143,-0.50185657;-0.55820733,-1.4457445,-0.63790286;0.27065313,-0.975563,0.9084758;0.15075491,-0.26652747,0.9455262;0.90989536,0.5901815,-0.23710789;-1.3077214,0.49780053,-1.2541977;2.0433624,-0.072470486,0.94204336;0.570305,0.85351825,0.7108509;-0.925888,1.7761112,0.93296385;0.62863904,-1.1904155,0.90814227;0.30924186,0.15834214,-0.24491939;0.885442,0.96358806,0.30857855;0.08155175,-0.39876303,1.1765592;-0.56890196,1.8967447,-0.854659;-0.5280514,1.2401801,1.173983;1.0494028,-1.1645294,0.7168522;-0.2940228,-0.06809938,0.032897443;-0.6665138,1.6731462,1.2993333;-0.74445647,-1.9881934,-1.281153;2.129226,-0.20225118,0.7597321;-1.5825502,0.30619827,-1.6336486;-0.6325821,1.796183,-0.95038813;0.72174406,-1.1014066,-0.049294814;0.840085,0.50072265,0.33696377;0.7960526,-0.90326,-0.22044605;-0.032901447,-1.1054634,-0.18700497;0.30248317,-1.219666,0.80479014;-0.6950548,0.6574626,-1.806176;-0.50209194,1.6473731,1.5675472;-0.84868515,-2.3679466,-1.0211236;0.81445235,-1.3575981,0.17105928;-0.08129098,-0.099365875,-0.039341744;0.97110164,-1.0848621,0.80154735;-0.6580668,0.79259413,-2.2023976;-1.2172011,-0.76504356,0.3996395;-0.42864618,-0.054949973,-0.100047894;-0.82533145,-0.2841541,0.42298245;-0.015273175,-1.1018201,0.59086704;-1.3480108,-1.2943002,-0.013498667;1.4445004,0.087557666,1.2470514;1.8601044,-0.20507537,0.45715868;1.2456384,-0.3632097,0.25659916;0.67348045,0.22500402,0.9779743;-0.74679214,-2.0746813,-0.8069416;1.1251453,-0.7356224,-0.16250029;-1.2596174,0.68349844,-1.0357059;-0.007408561,-1.1416502,-0.26402336;0.027657624,-1.1253067,0.30993795;-0.95669615,1.0770241,-1.9860442;-0.23944297,0.4931407,-0.13533537;0.53849286,-0.2907592,-0.007957475;-0.22579919,-1.684995,0.4130607;0.74931794,0.84121513,1.5594304;-1.5991794,0.20280926,-1.6160363;1.6741952,0.33059806,0.3066978;-1.5390481,0.051480394,-1.7819129;-1.3409601,0.24623454,-1.3402884;-0.6697816,-0.08163675,-0.04202459;-0.7275252,-0.2886955,0.74610984;-0.47704646,-0.33578146,0.3917743;-0.522988,-0.50438505,-0.57535374;-0.9794839,1.3872489,-1.5743715;-0.3986655,1.7186261,1.7165924;0.71272403,-1.4433892,0.32255474;0.5347158,-0.29303232,1.2811635;0.3033203,0.67610705,0.7997888;-0.35981002,0.7997037,-2.06166;-0.005726557,1.2707,0.5834567;-0.76419973,1.2347227,0.43792328;0.54049593,-0.35719293,0.55286545;-0.35323533,1.2970132,1.4970293;1.2624711,0.2044903,1.152327;-0.3144615,-0.8770058,-0.43290916;-1.3347393,-1.2927531,0.015347897;-0.7007558,0.68098706,-0.25702152;-0.45994073,0.43744335,0.67737085;0.26345646,-0.9351632,1.0363727;-0.37144443,1.4072629,1.4802206;-0.9021361,0.993838,-2.045403;-0.13764825,0.2989936,-0.13482988;-0.6409981,0.52875876,-0.47149396;-0.4484977,-1.6089369,-0.3969556;2.0283546,-0.3632886,0.53605634;-0.9180521,1.0096669,-2.0487874;-1.3481864,0.6377672,-1.2197332;-0.33614314,1.3335775,1.522719;-0.38297465,0.8607056,-2.092999;1.4490519,-0.19594866,-0.2596985;-0.45738557,1.8623224,-0.7138033;0.4255605,0.110990815,-0.0932925;-1.0759811,1.9154512,-1.4708754;-0.85686564,1.8764979,-1.0650047;-0.09846242,0.9271743,0.9099953;-0.74379873,-2.0440164,-0.86569023;-0.5428789,0.034160253,-0.8497026;-0.33853325,-0.74187344,0.9398617;-1.1091877,0.35540953,-0.39157164;0.20258954,0.3159031,0.41783226;-0.7911544,1.9466501,-0.89326197;-1.2727628,0.7276012,-0.992746;-1.5616848,-0.99518627,-0.51463264;0.4072897,-0.5031627,0.23362792;0.4975442,0.2066272,0.7821591;-1.1182507,-0.7308375,0.3331853;1.189735,0.23951308,0.1655505;0.45278463,0.6685649,0.92113;0.9898591,-0.99536294,0.08472903;0.58506405,0.55967087,1.6356272;0.4787555,0.14542066,0.1720195;-0.1740273,0.7536366,-2.2852647;0.08878867,0.22981177,0.77527165;0.5649767,1.024752,1.727986;0.44493735,0.5403001,1.0672157;-0.7043069,-2.1014066,-0.9533736;0.8442311,0.62145114,0.046367846;0.6531151,0.014708226,0.10564198;1.9635103,-0.37854594,0.9363206;0.9169898,0.20017193,1.1046125;-0.19206643,-1.2770985,0.009619016;-0.58406657,1.4787033,1.3825719;-0.52499026,0.7457122,-0.30395535;1.761172,-0.6728109,1.1907445;2.1160402,-0.22820716,0.86101145;0.80569494,0.52640444,1.3305157;0.6301838,-0.81081843,0.30231583;-1.110721,2.085788,-1.5068552;0.3730094,-0.47397798,0.26263875;0.31263247,-0.49002725,0.2036464;0.6508579,-1.2827883,0.15583867;-0.4899585,0.83429915,0.19737647;-1.0611503,0.6629242,-0.63655394;1.3211808,-0.3514057,0.26190796;-0.5689841,1.6925777,1.5008608;-0.51587194,0.8875379,-2.2802215;0.29671904,-0.37634265,-0.262251;-1.3949275,-1.0507212,0.2167371;-0.2674874,-1.6805146,0.21604212;0.23929898,0.07291443,0.28838682;-0.6049509,0.48563224,-1.4694407;1.4806898,-0.9164141,0.4024379;-0.75337875,0.813837,-0.25683627;-0.5858613,1.3294336,-1.4523288;0.45073533,0.107370526,-0.030312613;-0.75709987,1.61327,1.094464;-0.34392068,-1.0904826,-0.58877313;1.0336038,-0.49691924,0.73514265;-0.9428736,1.6950804,0.7613595;1.5762582,0.044068214,-0.16803746;-1.185936,2.1123555,-1.5808057;-1.3823282,0.5021622,-1.3061665;-1.0641401,-0.5153185,0.4623341;1.5879717,0.26524752,0.60715884;-0.04873198,0.8864836,1.0979548;-1.7121823,0.19611436,-1.747819;-1.3236136,-0.734278,0.28766555;1.3790042,-0.6487342,0.23060212;1.8576921,-0.10621225,0.2714577;-0.35312024,-0.6819543,0.9301539;-0.53599226,1.5797164,1.5076971;2.1463268,0.11314251,0.87648046;-0.5207397,-1.7317717,-0.085528694;1.4536808,-0.13127361,0.8936623;-0.8723886,1.6666788,0.8992595;-0.8070781,1.6528826,1.0232114;-0.37802154,1.04151,-2.0827653;1.506309,-0.8882779,0.7617148;0.94903237,0.3446019,0.050638527;-1.1209325,-0.84263957,0.43493626;-1.5564673,-1.2864009,-0.14167486;-0.52008915,0.7968282,-1.8230902;-0.8542319,1.9660672,-0.9978086;-0.8239373,0.9249952,-1.9539005;-0.007628544,-0.5645141,0.853869;-0.20614946,-1.2789079,-0.035879806;1.162465,-1.130143,0.66476107;1.6761918,0.14874932,0.97725654;1.5406061,-0.8244374,0.9897293;0.489174,0.45808768,1.7418736;-1.3922019,0.135025,-1.3366598;1.0456914,-0.47252,-0.41159964;1.1302867,-0.20802957,-0.66892445;-1.4692746,0.14719848,-1.7461109;-0.44860652,-0.5511386,-0.00073327427;1.1468061,-0.1644426,-0.5952987;0.2504197,-1.2458377,0.8104979;0.7087774,0.49551922,0.22877784;-0.6580378,0.9537434,-0.008834083;-0.7561156,-2.2315886,-0.97769636;-0.78784394,-2.1652243,-1.2280529;0.53913665,-1.1626301,1.4892522;-0.2982547,0.79234934,-2.2461848;1.0276484,-0.56822187,0.407608;-1.2712821,-0.77343917,0.38893014;-0.36676788,0.95086926,-2.1686049;1.0336113,-1.1836407,0.60844344;1.7832807,-0.11157118,1.0975361;-1.0567316,-0.47318032,0.5477602;-0.22911091,-1.3052602,0.060706627;-1.3604594,0.56400764,-1.2846313;1.7717663,-0.82387507,0.41801316;-0.8083785,1.6102648,0.9775458;-1.1537764,0.79202735,-0.49884218;-1.7233747,0.18885492,-1.802355;0.021352103,-1.1417627,0.6997007;-0.027053498,-0.54995143,0.8542105;0.99119174,-1.0665098,0.4492231;1.5337306,-0.73178047,-0.067327924;1.5389253,-1.0914297,0.9797175;-0.9018326,-2.4812465,-1.1119169;1.8793089,-0.30908677,0.9133785;1.0472561,0.1781604,0.78121793;-0.15329464,0.7518761,-2.270221;0.14415716,0.018961249,0.7933653;-0.6128819,-1.7762982,-0.20195404;-0.19669572,-1.3172266,-0.38265628;-0.25360596,-0.56303877,-0.5307132;0.69794464,-0.82871246,0.37455857;-1.1085382,0.7436225,-0.7403638;-1.2762046,-1.1624767,0.47892928;1.3066552,0.23583598,1.118162;0.46459052,-0.043749202,0.8326538;-0.32723874,1.3351538,1.7071022;-0.21864873,0.48116723,0.4336725;-0.73937017,0.78420883,-1.9562569;-0.4412383,1.5508715,1.6265061;-0.10532056,0.7544342,-2.2478426;0.6812508,0.80387187,0.44057423;-0.07207232,-0.6893561,0.7807623;-1.6099732,-1.2810295,-0.42126375;-1.8468958,-0.097936206,-1.848558;0.25593176,-1.400898,0.7090217;-1.0416523,-0.39134762,0.4259823;0.61102474,0.39862162,0.9811567;-0.875116,-2.5240169,-1.0748056;1.816785,-0.27846187,1.1807158;-0.992318,-0.3763388,0.37801757;0.23979998,-1.0992146,0.8779894;0.8427582,-0.86130077,0.686243;-1.2957683,0.67628723,-1.03813;-0.5219307,0.690902,-2.2250137;1.8078078,-0.1758702,0.22566767;-0.6508203,0.33322036,-1.0054393;-0.6496314,-0.034234237,-0.1024344;-0.951242,1.2227799,-1.4100935;-1.0417207,1.9959174,-1.4042901;1.719169,-1.0595462,0.4855004;-0.8033257,1.941197,-0.8694855;1.8065243,-0.023350887,0.8392801;-1.1251488,2.0911942,-1.4906008;-1.1480457,-0.99268657,0.46699858;-0.39002636,0.75016063,-2.1885257;-1.2305033,0.75391066,-1.0412909;-0.44695398,-0.4548549,0.86020356;-0.3366689,0.68441254,-2.365523;-0.7135785,0.056920636,-0.2238619;-1.0182447,1.993105,-1.0747819;1.6266743,0.12182283,0.55946296;-1.8604552,-0.030097445,-1.904959;0.40279597,0.3569857,1.6157414;0.6286948,0.42875144,0.2802607;-1.2237407,-0.7332336,0.3527516;-0.29314077,1.5719478,1.8322444;1.673726,-0.2635161,0.5792086;-0.5165319,-1.0280534,-0.5460165;-0.72081864,0.8121943,-2.1753087;1.4322239,-0.16243584,-0.31960845;-1.1498995,-1.0106733,0.44507703;-0.7278849,1.474117,-0.7426324;-1.1573843,-0.5770248,0.548861;-0.26717952,-1.3503678,-0.025896208;-0.09119342,-1.2647219,0.3785417;-0.10699118,-0.027062247,0.42255297;1.1323298,-1.2121919,0.7072021;-1.397378,-1.3369951,-0.14430976;1.7478886,0.22972983,0.9949718;-1.0100937,2.0331607,-1.3182875;-0.4957979,0.63655317,-0.3277017;0.8731862,0.092472605,0.0030495212;-1.1983225,2.088701,-1.6240958;0.9625072,-1.4893388,0.6743339;0.66670054,-0.6548792,0.24080001;0.7561924,0.38228822,0.40572008;-0.45812643,0.57788503,-2.3289616;-0.44713858,1.7397264,1.6561289;-1.7469177,0.07597675,-1.7727464;0.160905,-1.2684472,0.4015813;-0.4672195,0.24766316,-0.47006434;-0.36796933,0.32591826,0.7280109;-0.8573305,-2.537036,-1.1218239;1.857512,-0.38799,1.1389492;0.52560604,-0.22502847,0.023793867;1.068349,-0.08597579,0.5655214;1.1502526,-0.1685493,-0.45057926;1.2245681,-0.31477162,0.18945463;-0.5463334,0.39131695,-1.2852548;-0.41874582,0.91939276,-2.0790424;1.6004946,0.017431699,-0.31982884;0.28102234,0.4691032,1.2375696;-1.6565835,0.17679334,-1.5898923;-0.88714284,1.8817902,-0.86444205;1.6883962,-0.7037664,0.82676816;-0.8397563,1.652747,0.9407856;0.26862195,0.57431567,0.56308997;-0.77313346,0.84253603,-2.1113975;-0.46771502,0.48639223,0.71400774;-1.0212363,1.2608588,-1.4657087;1.0748658,-1.2717303,0.51861507;0.47726548,-0.6156399,1.2649859;-0.8672199,1.7168281,0.96345073;-1.6591117,-1.2824031,-0.55536914;1.4639347,-0.017939338,1.1942542;-1.1202179,0.483514,-0.45209152;-0.59011984,1.1143175,-1.6410896;0.09999397,-0.33748338,1.1825575;-0.5100089,0.80096996,0.21322931;0.6811369,0.5528703,0.23438577;1.9365304,-0.10951586,0.38131425;1.7343282,-0.1863898,0.49434388;-0.9092406,1.7465674,0.91814244;-1.291384,-1.2716794,0.59949744;-0.5467292,-1.5131432,-0.4706487;-0.4805618,1.5335757,-0.49313673;-0.49958727,0.92562646,-1.8367912;-0.79226446,1.5730977,0.9742371;0.49119952,-0.48722234,1.2543224;0.9187322,-0.07513872,0.24083999;0.44338542,0.10119505,0.6671774;0.6957495,-1.2027107,0.5291364;0.9933108,-0.61060244,0.78283465;1.9152606,-0.4109726,0.51281583;-0.467753,-1.7231101,-0.678788;0.57078487,-0.720084,0.69392514;-0.24446987,0.6957297,1.4876676;0.21068028,-0.76688623,0.9537538;1.3357774,-0.53036696,0.25957543;-0.3631156,0.7142082,-2.251743;-0.55784595,1.4866341,1.38405;0.6375171,-0.38529772,1.4236041;0.15763623,0.6266442,0.418197;1.2062428,-0.06115888,0.04867865;0.08881275,-0.5059826,1.1273046;1.6063725,-0.38588265,0.27093965;-0.95442736,1.1454995,-1.8207178;-1.3410767,-0.84527117,0.22402823;0.74702257,-0.08010028,0.25916263;1.5488774,-1.1546643,0.5221779;-0.21764791,0.45145413,1.2862926;-0.30717355,0.40314108,0.65923095;0.864053,0.4332128,1.3694181;-0.74184746,0.8387571,-0.07231016;0.30468568,-0.40700436,0.10987502;-0.19724368,-1.2524505,0.13395222;-0.7009082,1.2718263,0.921394;0.4264126,-0.2827984,1.0383719;0.45236087,0.7175191,0.874832;-0.48900062,1.7326415,-0.62578696;-0.07603695,-0.124241814,0.42646933;-1.8898094,0.007742604,-1.9569322;-1.8302946,-0.0059206244,-1.8733433;1.0755237,-0.73094904,-0.17929128;-1.6518052,0.18267368,-1.7314593;0.3352801,-0.891378,1.1144603;-0.29754376,-1.1132557,-0.06648736;-1.2545633,0.7142739,-0.93559784;-0.2568185,1.64665,1.879649;0.26437956,0.3559855,1.3003546;-0.8454279,-0.26355803,0.35933927;-1.1410193,2.0838554,-1.4812611;-0.3608902,-0.9783748,-0.28961852;2.061179,-0.4463632,0.8911968;0.48551172,0.25533673,0.77812904;-0.19422522,0.77721524,-2.274457;-1.5545399,-0.8682926,-0.59862524;-1.2019447,-0.7725345,0.4346139;-0.70342314,1.5432088,1.1285659;0.38699922,-0.834541,1.3066182;0.7481139,0.82186604,1.5259241;-0.62874657,0.8404179,-2.0834026;0.43293986,0.06845269,-0.046734992;-0.5424309,1.0300242,-1.7749063;-0.059227668,-0.21797904,-0.7652822;1.0437728,-0.41737697,0.5171866;-1.8068761,-0.058102995,-1.8231341;0.017347308,-0.7489143,0.90929234;-0.35777333,-1.1689053,-0.52921253;-1.3494205,0.48882332,-1.2583004;-1.0145245,-0.5616845,0.3965554;1.0536174,-1.223851,0.57805496;1.4646621,-0.0051262705,1.1802192;1.3426532,-0.04560672,-0.2750685;-1.073433,1.5975319,-1.6025807;0.90074927,-1.5913817,0.6204785;1.8603697,-0.5893128,0.57372594;-0.5261701,1.09349,1.535464;-0.5041371,-1.3966652,-0.6614461;-0.6468766,1.7448997,-0.6342742;2.1291895,0.03832166,0.87225;-0.59496444,-0.91662574,-0.7280412;-1.8034714,0.13781147,-1.7945212;-0.5543648,1.7117678,1.5588404;1.5841796,0.09121739,1.0070312;0.6354386,-0.30719903,1.4411879;1.5695076,-0.22738263,0.9653279;0.9931509,0.31615734,-0.023706635;1.1859088,0.119395286,-0.60079306;-0.31548125,1.7243485,1.8029659;-0.62167746,1.8160534,-0.83813846;1.2327108,0.015989231,-0.13164164;-0.7289267,0.012838912,-0.1967907;-0.07469168,-0.7422457,0.7772902;0.87248075,-0.85252714,0.613551;1.0057936,-0.1268476,0.9220369;-0.54840237,-1.2030883,-0.6681505;-1.643823,0.049475845,-1.6204946;1.6846055,0.102422655,1.0599217;0.28260446,0.6785324,0.10635627;0.28890058,0.6977228,0.6861363;0.625507,0.87528586,1.4628954;-0.62585485,1.5668495,1.3358345;-0.12257972,0.7611045,-2.251062;0.42159128,0.83820873,1.6709967;0.52123594,0.8148016,0.73001295;1.4834694,-1.1081175,0.95135486;-0.869106,-2.4166405,-1.0989145;1.6386013,-0.3048645,0.9439583;1.3699749,-0.5720242,0.6537688;-0.45080173,1.4702557,-0.50525624;-0.366565,-0.6268027,0.9224281;-1.006746,1.1338985,-1.9520844;-0.56723905,0.34357494,-0.78679645;-0.9484866,1.3672048,-1.2408073;1.6658506,-0.8194745,0.5624344;-0.45486543,-0.44331113,0.8484891;-0.7098952,1.9203337,-0.8725767;-0.70925164,0.76780224,-2.1772416;-1.0946562,-0.49006402,0.41835266;-0.66063505,0.45829722,-0.2693097;-1.1018329,2.0431168,-1.2880895;-1.4479315,-1.0440798,-0.21592247;1.2441422,0.3272094,1.0561792;-1.3307673,-1.1852947,0.3372473;1.0158467,-0.12524502,0.84675187;-0.6619111,-0.030347599,-0.007960511;-1.3654685,-0.863829,0.17498733;-0.9774195,1.8255856,0.9095496;-0.94111943,2.0407066,-1.2508286;-0.31100214,0.61407053,-0.15622166;-0.2937588,1.0745116,1.7336936;-1.2101427,-0.87729794,0.26097962;1.0004922,-0.23536533,-0.65025026;-0.8933201,1.9441588,-0.9641405;-1.1968346,2.1022954,-1.60202;-1.5576881,0.12154739,-1.73879;-1.2723335,-0.8510442,0.3232238;0.91326606,0.55979437,-0.1966621;1.4672896,-0.13089305,-0.25411722;1.5336413,-0.6562654,-0.16232863;-0.8989605,1.7872201,0.8668865;0.4041026,0.5758772,1.4585752;1.0403466,-1.2741637,1.1822894;2.043563,-0.0701878,0.42330304;-0.05772448,0.46015844,0.82238907;-1.3044037,-0.019333016,-1.3572532;-1.1281191,2.1081383,-1.4523671;1.0275563,0.18046336,0.030309588;0.60666424,0.560419,0.9895843;0.36483848,0.89724165,0.85911727;-0.080840014,-1.1261781,-0.37453452;-1.1126586,-0.5242311,0.56007016;-0.31140235,1.3186249,1.7935511;0.53167963,-0.3521723,1.2810863;-1.3031147,-0.0644791,-1.3483288;1.6975482,0.11691007,0.931773;-0.80474627,-2.310077,-0.920996;1.9612864,-0.65019286,0.7739754;0.2741993,-1.1172293,0.91419274;2.1419322,0.012056989,0.8287702;1.8571838,-0.112397484,0.30373076;-0.4362275,0.41948524,0.8412439;0.25259504,-0.51679134,1.2159537;0.16480918,-0.24276097,0.9702135;0.70475835,0.49413684,0.17214559;-0.29989386,0.39766598,-0.25802332;-0.83987015,-2.3274448,-1.2705392;-0.5489014,1.5668211,1.4460303;-0.27939996,-0.6711914,-0.45335;1.000203,-1.2162422,1.1190599;1.0397892,-1.27472,1.1841679;0.1274133,0.38975328,0.17038211;0.914215,0.53692806,1.0814644;-0.76062363,-0.30441728,0.6851742;-0.09732118,-0.829505,0.76282024;-0.32741743,1.3598609,1.7544671;0.50462705,0.39204445,1.5366243;0.89031047,0.46651337,1.3164796;-0.061457373,0.5940276,0.45730072;-0.66728646,1.4518529,1.1105186;0.71185064,-0.8609815,1.1973674;-0.93884695,1.0672698,-1.9709042;0.45871648,0.17902449,-0.017688878;-0.42706394,0.70903146,-2.31281;-1.1427844,-0.6192806,0.32604575;-0.657766,-1.9124324,-0.37231332;-0.9407835,-2.5497882,-1.1730347;-0.12713298,-0.2735182,-0.76673913;0.03649452,0.3775869,0.07814445;0.44735906,-0.819876,0.21914011;-0.30143166,1.1219326,1.7189904;-0.9427865,1.7949737,0.9047239;-0.45015907,1.4832684,1.568813;0.725088,0.64909685,1.0592021;-1.6154463,-0.07362072,-1.5860182;-0.5626688,0.712595,-2.1350057;-1.2960765,-1.1990695,0.40834546;1.4281281,0.17169334,0.59606975;-0.09394791,0.40315908,0.10946758;1.0009934,-0.38490996,-0.5145279;-0.39552137,0.10252855,0.7243436;-1.7877513,0.15234807,-1.8798162;1.0622866,0.28467873,-0.11088134;0.8899157,-0.24796903,-0.060718678;0.1082319,-0.31597167,0.19936359;-0.72156,-2.0691485,-0.80063987;-0.6580705,0.37191212,-0.97995865;0.28568718,-1.4382843,0.73330575;-0.038918495,-0.060577504,-0.1523679;1.0688678,0.09196819,1.0165675;1.5968825,-0.08610775,-0.29251158;-1.5227964,-1.5173905,-0.057235163;1.961812,-0.025923224,0.363449;-0.01675833,-1.099935,-0.344704;0.91278684,-0.40062088,0.0011830773;-0.0023839276,-1.1252425,-0.31549895;0.9111655,0.46751752,1.0701727;0.6820937,-1.1735934,0.8145728;0.67107993,-1.114832,0.24368134;-0.8407153,1.5850387,0.9065883;0.3882923,0.30731103,1.6992266;-0.80474627,-2.3100767,-0.9209958;-0.50055754,1.5038085,1.5624167;0.6930677,0.6359567,0.40651724;1.3174783,-0.31431133,0.44497252;0.2513002,-0.9603227,0.8406407;-0.5394959,-0.22536713,0.3329499;1.4845042,0.011280175,1.0791765;1.3488808,-0.09738043,-0.2664667;-0.18027736,0.3670242,-0.13575366;0.58683276,-1.3759884,0.054443516;-0.77230513,-0.10045302,0.23033345;-0.22851464,0.43143082,1.0180387;-0.35885125,1.8739694,1.7408997;-0.60010946,0.9558462,0.13060835;1.903211,-0.551113,0.7442146;0.8573269,0.53359073,0.35996073;-0.72191834,1.9174156,-0.8315996;-0.6105148,0.82248867,-2.0040863;1.8581746,-0.10040983,0.23345159;0.91414607,-0.23961665,0.26395255;-0.5496245,-1.672071,-0.33369237;-1.2810274,-1.4243573,0.36089474;-1.4826831,0.08984314,-1.8215963;-1.4841219,0.28415868,-1.5854709;-0.81799996,-0.26123345,0.39881524;-0.9088783,-2.4538574,-1.1930723;-1.4311683,0.35997504,-1.3459203;0.14752257,0.33030036,0.26009107;-1.044411,-0.50755227,0.39345938;-1.7950648,-0.18856929,-1.7442567;1.1369,0.2143892,0.1420865;0.5743893,-0.034974292,0.111723036;1.4793046,-1.4188555,0.41490757;1.7586048,-0.4811206,0.9662693;1.0399797,-0.40604645,0.8036562;0.2892213,-0.3838737,-0.31411582;-0.484014,0.17165071,-0.61933357;-0.44968244,0.7628385,-2.2840695;1.9704193,-0.26670718,0.3172293;1.1810082,0.2503415,1.0645806;-0.43499768,1.5703923,1.6439503;0.96379673,0.6817625,1.0154121;-0.3135795,0.071094535,-0.02179869;0.74978286,-0.97876745,-0.0977868;0.052055158,0.35922986,0.65328044;-0.7104584,-2.0639672,-1.0580598;-0.17423785,0.7528118,-2.2766647;-0.9505971,1.9639475,-1.2260579;1.6923833,-0.7668255,0.92495763;0.5755934,-0.7456092,0.48862496;-1.4120032,0.08451487,-1.3368925;0.914085,0.22034732,1.1350067;-1.2739311,0.5973589,-1.3015921;-0.62236917,0.8730728,-1.9727203;-0.396393,-0.8618536,-0.16586278;-1.1782032,-1.0634496,0.2784116;-0.36503074,-1.8136154,-0.53731096;1.3319801,-0.6345127,0.24488172;-0.48872584,-0.7338781,-0.41811857;-0.48264888,1.815429,-0.6974033;-1.5580275,-1.3139849,-0.14947496;-0.5159645,-1.4852458,-0.5961544;-0.32804254,-1.3684034,-0.2294256;-0.10066588,-0.21538876,-0.758913;0.6867199,0.32995775,-0.102429286;-1.4355247,-1.463144,0.17652778;1.4424831,-0.60463196,1.3335601;1.956527,-0.37226042,0.66353536;-1.2772712,0.69398904,-1.3913316;-0.32464656,0.34807885,0.9008574;-0.030092407,0.37104225,0.12621658;-0.34314325,0.65747815,-0.17616044;-0.34589878,-1.8364955,-0.4434547;0.25510383,-0.97456443,0.8347031;-0.119278915,0.047813773,-0.62716657;-0.7554471,0.911831,-0.2853057;0.40170297,-0.27325323,0.9723363;-0.3608559,-0.96545756,-0.3106443;1.6477741,-0.68695956,0.3648399;-0.7552501,0.56714636,-0.20987915;-1.5014582,-1.5205742,0.013150366;-1.4023746,-1.0599309,0.0019686492;1.4286278,0.1536414,0.5336381;-1.3669574,0.38890922,-1.339762;-0.7125984,0.9959036,0.09410949;-1.5118827,-1.2389828,-0.05423782;-0.8020998,1.9306812,-0.87575847;-0.7528314,0.79249716,-1.9878182;0.5141894,0.82957625,0.7467972;0.96047896,-0.9249377,0.41555128;-0.75957155,-0.29638013,0.6780291;-0.8925551,1.9725344,-1.0438077;-0.40446514,0.7565876,0.025041169;-1.0720408,1.1269021,-1.9779178;1.0759635,-0.45108637,0.30010188;0.41556063,-0.3516142,0.983437;-0.4422783,0.7803717,0.01760861;0.8035054,-1.125502,-0.26548794;2.001735,-0.6608945,0.7753653;-0.3512311,-1.7354805,0.10385147;0.6318887,0.047250852,1.5774683;0.44995445,-0.35592192,-0.2507989;1.9046223,-0.15250877,0.57871664;-0.119907215,0.75435936,-2.2562058;-0.13584773,0.38729835,0.3412653;-1.1297693,2.0888686,-1.4682157;-0.60738873,-1.7071974,-0.8930996;-0.69581205,-1.9948494,-0.7822147;-0.019052023,-1.0909237,0.43168217;1.7227372,-0.01590224,0.7324448;-1.5162904,-1.53027,-0.016495584;1.5409871,-0.8451579,0.2269063;0.07262332,-0.86680084,0.055176795;1.5254197,-0.5789651,0.108984835;-0.597369,-1.7967848,-0.31887764;-0.6726013,1.0793973,0.45227847;-0.5007002,-1.517146,-0.41729343;-0.84264416,1.9454126,-0.8900354;-0.06781649,-0.2364498,-0.7282865;-1.1487023,0.848687,-0.54470253;-0.48851797,1.0782365,-1.9873353;1.9693911,-0.13505593,0.83780247;-1.1083934,1.9721019,-1.4414184;-0.6519587,1.4704859,1.1512407;0.72599524,-0.16939588,0.7969883;-0.9913588,-0.57142866,0.41779703;-0.97240174,1.2442297,-1.3667855;1.1105851,-0.5930893,-0.30941975;1.026088,-1.2557445,0.27706036;-0.44386542,-1.0734484,-0.46695158;-0.10249089,0.051637318,-0.3667803;-0.0075405976,-1.1404495,-0.2761591;1.8466883,-0.564722,1.0585905;0.4378833,-1.0400368,1.4455831;-0.44172132,0.5769725,-0.1711763;1.2284964,-0.32804832,0.20339267;1.6674945,-0.742181,0.51346517;1.5522029,0.10797428,0.95919317;-0.49018002,1.7838782,-0.6760781;0.52746195,0.5156772,0.9807728;-0.34619427,-1.0808729,-0.31535423;1.7572371,-0.05682233,1.0917017;-0.49560836,0.7320149,-2.212991;1.8856417,-0.07736482,0.2367253;2.1444068,0.071762525,0.73557794;-1.5631003,0.052734423,-1.40656;-0.5019663,-1.7355618,-0.12571214;0.1688668,-1.0761286,0.33048126;1.5129749,-0.8453135,0.25593227;-0.55380833,0.43450484,-1.2589383;0.8383405,0.48937276,1.3961405;-0.5311307,1.0175756,-1.9791223;-0.74347097,0.89714974,-0.4339302;-0.49316445,-1.6816871,-0.40671006;0.25051945,-0.3591152,0.095663786;-0.6156533,0.3451191,-1.014452;0.8491692,-0.61838627,-0.2271675;1.0038058,-0.7291538,0.5978535;1.4242979,-0.050916206,0.8196771;1.0580724,0.016267125,0.58499867;-1.4422194,-1.0767257,-0.24517553;1.7861441,-0.81326133,0.61624867;0.95128644,-0.819789,0.7369331;1.1393994,-0.15124647,-0.5042507;-1.4034507,-0.84521955,0.17715055;-0.9834503,1.3221844,-1.6043264;1.0432307,-0.39050987,-0.92007846;2.147903,0.035668567,0.52422893;-0.38907075,0.5881178,0.024829838;0.6953606,-0.4252451,0.23841499;-0.33463374,0.6596787,-0.22327659;0.70340717,-0.89183545,0.7537446;0.31910932,0.84128386,0.7396538;0.7031973,0.07070334,0.8848801;0.15548955,0.03831695,0.77321374;-1.5776231,-1.2962102,-0.34303424;-0.4286115,1.3525388,1.6143758;0.7013073,-1.1197001,0.6015318;-0.5533346,1.0673871,-0.38312927;-0.6311429,0.18904085,-0.09859504;-1.3365183,-0.83564526,0.22087383;1.4059379,-0.15333948,-0.24483666;-0.15726073,0.5198565,0.59042484;0.037572145,1.2517617,0.5406831;1.6088417,0.15008344,-0.03994986;-0.8095097,1.0423975,-1.8274769;-0.26413214,0.8055071,-2.2680888;-1.2206025,0.8026021,-1.3397801;1.4567026,0.2245844,0.71250933;0.25117728,0.41435042,0.42937714;-1.6161653,-1.3308922,-0.39444473;-0.0469838,-0.7753633,0.6368103;-0.31714785,-1.7281219,-0.2983197;-0.60642207,1.8122691,-0.85443723;1.4800884,-0.62609124,1.2263938;-0.9520275,1.0625752,-2.0083501;2.0222378,-0.3770952,0.48431605;0.54256254,0.9589263,1.6845295;0.8372432,-1.3358974,0.25145572;-1.3208203,0.11927248,-1.3491852;-1.3126258,-1.2068472,0.3830576;1.1801075,-1.3421754,0.4808925;1.8814298,-0.17374516,1.0460031;1.381863,-0.6023439,0.3305726;0.45872018,0.9319485,1.729528;-0.7731511,-2.218385,-1.1646112;0.94677866,-1.117774,1.0761088;1.5569454,-1.0837526,0.58984405;0.1274973,0.4436977,0.36469513;0.65131503,0.600531,0.14263453;-1.594593,-1.2782837,-0.384272;0.019792484,-1.1200969,0.2085565;0.2387836,-0.72995687,0.5066732;-1.839969,0.12866744,-1.9557606;2.1349437,-0.1323611,0.7066442;0.41627002,0.6169411,1.42957;1.3784605,0.38753298,1.202526;0.8753271,-0.8837587,0.7342352;-0.085017644,-0.08393995,-0.08665909;1.0889204,-0.75423497,0.034989443;-0.7041115,1.1854196,0.5466203;-0.47821853,1.5562954,-0.49967915;0.7237064,-0.96562225,0.16351503;-0.20297185,0.43613467,1.50269;0.38724375,0.31147972,1.655163;-0.83173203,1.6365182,0.9503667;-0.04438071,0.94450957,0.6488584;-0.42525926,1.8467591,1.7077223;-1.1889668,0.73554844,-0.72887784;1.1711152,-0.067570016,-0.80568635;-0.32088733,-1.4970622,-0.40129238;1.5621532,-1.2052933,0.4847798;-0.22351477,0.74782246,-2.288035;1.2193323,-0.04963249,-0.31104943;0.73111486,0.6172222,-0.082940556;-1.3981091,-1.3355315,-0.14569192;-0.28883067,1.334507,1.7934332;1.538059,0.30078876,0.7365584;-0.44277513,-0.579214,0.07945105;-0.63944864,1.822618,-0.7758833;0.5239765,0.28296742,1.5143458;-1.4621882,-1.07888,-0.20930214;-0.9404051,1.9868741,-1.0740097;1.562371,-0.5198578,-0.02964571;-0.090575024,0.15800878,0.2896895;-1.5118113,-1.2196468,-0.08772767;0.72518796,-0.87694204,0.72394675;0.07156507,-0.3832253,1.0267013;1.1952645,0.32929614,1.0241909;0.44875568,0.71573764,0.013715197;-0.52423155,1.6561054,1.60242;-0.6616801,0.98265505,0.229357;1.3086596,-0.0046405145,-0.25540876;1.3889834,-0.5507107,0.5400433;1.0793312,0.18730915,0.38282573;-0.92195004,1.7408279,0.9268087;-0.4926615,1.7356696,1.6196295;-0.94641507,1.9675293,-1.216187;1.9358886,-0.11416263,0.9346127;2.0965838,-0.22444671,0.8935529;0.0234341,-0.773799,0.91713136;-0.77731967,0.8577015,-2.0466278;-1.0007449,-0.5154038,0.42838582;-0.2909644,0.668663,0.20491393;2.0555656,-0.06660291,0.41100895;-0.7807282,0.8638955,-2.139498;0.8561579,0.29303774,0.12990735;-1.2668633,2.1038845,-1.7026517;0.19761945,-0.30193287,1.1886876;0.38734615,0.88110167,0.92738134;-0.61620027,-1.6587348,-0.9711335;0.3429067,-0.20749883,-0.15203035;-0.8453312,-0.28967226,0.37583533;-0.19125457,0.38500938,0.66342175;1.246996,-0.7849457,0.46494615;-1.5452466,-1.4494656,-0.12282979;-1.7695788,-0.09855161,-1.7638283;0.05946388,0.04919046,0.59712106;0.5425115,-0.2722876,0.45041803;1.5809779,0.0058239116,-0.39060447;-0.7002899,1.0851294,0.3966264;0.5329858,0.48768187,1.4083631;1.0802289,-0.36066574,-0.9399101;1.5115796,-1.0916026,0.6159022;-1.634051,-1.168262,-0.5868151;-1.6087875,0.19332929,-1.5073133;-1.2384803,2.091681,-1.6663141;-0.45551455,-0.44837874,0.8400623;1.8973097,-0.41602162,0.8327984;0.832169,-0.8484102,0.77849215;0.021680094,-1.1197282,0.03745333;-0.22494431,0.3458384,0.27048525;-0.69440794,0.5441508,-0.2776612;-1.1708363,0.8055253,-0.57995653;-0.26014835,0.41009197,0.9642834;1.4977087,-1.3891361,0.4988212;-0.52987707,0.1651044,-1.0457636;-1.0544447,0.7052978,-0.66793454;0.34581,0.6931793,-0.035110388;-1.435246,-0.5119233,-1.0827819;0.23649347,0.5659745,0.39726025;1.0055815,-1.3582636,-0.25172967;0.9448347,0.566812,1.0132374;-0.4501958,0.9182116,-2.0023322;0.14608255,0.04995056,0.8208307;-1.2209716,2.107286,-1.636544;0.4275732,-0.48010552,0.32255763;1.5643538,-0.93442076,0.47580174;-0.04021889,0.36576942,0.16381548;1.3222262,0.13922893,0.6061737;-0.5679989,1.6120048,1.5059836;-0.5773013,1.0694131,-1.7669309;-0.06011321,0.07162414,-0.6949966;1.4740763,-0.3116481,-0.05544023;-0.39098457,0.5346466,-0.070202835;-0.6420474,0.78075707,-2.1757734;-0.6811896,-1.8905311,-0.9173637;0.7183521,-1.318004,0.3300221;0.20107579,-0.7839432,0.28403506;-0.49752742,0.5514747,0.57825315;-0.49773604,0.69396245,-0.34284812;-1.5329003,0.3773773,-1.4674698;0.8957768,0.43248293,0.2627206;1.0570581,0.02585788,0.5594515;0.88262975,-0.017598655,-0.1057125;0.40728056,0.58002794,-0.054088853;0.15985566,-1.012719,0.24832477;0.9095519,-0.26316196,0.34423852;1.3312805,0.056994572,0.67229956;-0.2628459,1.2591252,1.5946203;-1.0540904,2.0763726,-1.3700442;0.5775956,-0.8241901,0.7418397;2.128084,-0.006661129,0.5767959;1.690047,0.30270103,0.24149522;1.4521546,0.24678953,0.7119902;-0.42127907,-0.039888997,0.5558046;-0.5303608,-1.355356,-0.6526936;0.783813,-1.3231924,0.18321805;0.07903349,1.2250849,0.48424098;1.5235809,-0.21679835,-0.15413985;-0.7564997,-2.2356238,-0.83374465;-1.352603,0.00876435,-1.2205391;-0.34733132,-1.7571588,0.07020813;-0.56157213,1.6302257,-0.5279181;-0.66333675,0.45762694,0.1004018;-0.22701652,0.54989636,1.4267769;1.0172824,-1.3298601,-0.27216572;1.6531161,-0.12290084,0.9290261;1.1170293,-1.280339,0.9037305;-0.50211734,1.5033988,-0.45771375;0.87299937,0.6358779,-0.31996226;-0.16805263,-1.2149044,-0.3661039;1.0533533,-1.282679,1.147763;-0.009350155,0.3295965,0.7887039;0.9502468,0.3181348,0.44059253;0.8726493,0.5199936,0.35311073;1.1638525,-1.2109145,0.66376793;0.38226297,1.0067418,0.8458645;-0.86602116,-2.5063422,-0.99330866;-0.74239194,-1.9624647,-1.3065795;-1.4173485,-1.3051149,-0.14485054;-1.5896645,0.32234412,-1.5455296;-1.2865114,-0.81282884,0.37944645;-0.08733178,-0.18949705,-0.13253367;-0.014958776,-0.636298,0.51158243;-1.688006,0.21682866,-1.7196034;0.7092853,0.51604044,-0.0324838;0.10406443,0.6491255,0.44241503;-0.8032882,-2.557779,-0.99891746;-0.093326926,-0.34075668,-0.15997945
