data_set
babi-q1
num_classes
6
data_points
1000
model
saved_models/babi-q1-e0166.ckpt
color_schema
#4E79A7,#F28E2B,#E15759,#76B7B2,#59A14F,#EDC948,#B07AA1,#FF9DA7,#9C755F,#BAB0AC
test_accuracy
0.899
test_loss
0.35457709005475047
train_accuracy
0.964375
train_loss
0.10049601978436112
val_accuracy
0.923
val_loss
0.2833535148650408
labels
12,9,15,12,15,12,11,12,17,17,15,11,17,10,10,15,11,15,17,15,12,17,17,12,10,10,10,15,15,15,12,17,15,15,9,17,9,11,15,10,9,11,9,12,11,15,12,9,17,10,10,17,11,11,15,10,15,12,11,12,12,17,9,11,11,15,15,9,17,17,11,12,11,10,9,15,15,15,12,17,11,9,10,11,17,11,11,12,15,15,9,9,12,9,9,15,15,15,10,10,10,9,17,11,11,12,10,9,17,10,9,9,15,12,15,11,17,15,9,17,10,9,10,12,10,17,11,11,11,9,11,12,9,11,15,9,17,15,9,9,17,12,12,17,10,15,15,15,15,15,11,11,9,17,10,9,11,10,17,12,10,10,10,11,9,11,11,11,15,10,17,17,11,9,9,17,15,10,17,17,12,12,12,12,10,9,17,11,15,17,12,15,11,12,12,11,17,15,9,10,12,17,17,10,12,9,15,12,9,12,9,10,12,10,9,10,9,12,12,9,9,12,15,12,10,17,12,11,9,9,17,11,12,17,12,10,10,10,10,17,12,15,11,11,15,15,11,11,11,11,10,17,9,9,10,10,17,17,15,11,11,17,12,17,17,9,11,10,9,10,15,17,17,15,9,17,15,12,17,9,9,11,17,17,11,17,9,17,11,9,15,15,10,15,15,11,11,12,12,9,9,9,9,17,12,11,9,17,17,15,11,11,17,10,11,17,10,17,17,11,11,15,15,11,11,9,10,11,11,10,15,17,15,10,10,17,12,17,12,12,12,11,17,15,11,17,12,12,15,15,10,11,11,10,10,9,17,12,11,12,11,9,11,11,11,11,11,12,12,12,12,12,11,11,17,10,15,9,9,10,9,10,10,17,17,15,17,17,17,15,15,12,9,10,17,17,10,17,9,11,10,11,10,15,17,15,12,10,11,15,10,11,9,12,17,10,10,15,12,9,12,12,9,12,10,15,15,17,10,10,17,15,15,15,17,11,15,9,10,11,10,12,9,11,10,11,10,12,11,15,15,15,15,11,9,15,10,12,11,12,9,11,10,17,11,11,10,10,10,17,12,17,17,9,15,11,9,15,11,9,10,10,12,12,11,10,9,12,10,9,15,10,10,11,11,15,15,10,12,12,15,11,9,12,9,15,10,17,17,10,10,17,10,10,17,9,9,10,12,11,17,17,12,12,11,12,17,11,11,12,11,11,11,17,9,11,10,12,12,10,11,17,12,12,15,11,15,15,12,10,10,9,17,10,15,12,15,10,10,10,11,10,11,15,10,9,9,15,10,10,10,10,15,15,17,9,10,12,10,10,12,12,11,15,10,10,11,12,10,10,17,12,17,11,9,9,17,17,11,10,10,10,15,15,17,11,15,12,11,10,15,17,9,11,9,17,15,12,15,17,11,17,17,15,9,10,9,9,10,10,9,10,10,15,11,11,11,15,12,9,11,11,10,17,11,11,12,17,15,15,9,11,15,15,11,9,15,15,11,15,15,15,11,10,10,9,17,17,17,17,10,10,17,9,15,9,17,12,12,12,15,15,15,17,9,11,9,17,9,12,11,9,9,17,11,11,11,10,15,10,12,12,9,9,17,12,12,9,17,12,11,11,15,15,12,11,12,17,12,17,11,12,11,17,17,11,17,9,11,9,10,10,12,17,10,12,9,9,9,15,11,11,15,17,9,10,9,12,17,15,17,17,12,10,12,11,11,17,15,9,17,10,9,11,12,15,9,15,12,10,9,10,17,17,15,15,9,9,9,17,10,17,17,9,12,17,17,12,12,11,11,11,11,17,11,17,17,17,17,17,12,9,17,10,17,11,10,10,12,12,11,11,17,12,12,17,17,15,11,17,11,11,9,12,9,17,9,10,9,15,11,9,11,15,10,9,9,9,17,12,11,11,17,15,15,10,10,11,11,17,10,12,9,10,10,10,10,10,15,17,9,11,17,15,12,11,10,10,15,12,10,11,12,12,11,11,11,15,12,17,10,12,17,17,12,10,10,12,17,10,11,17,11,12,17,17,11,12,11,17,9,9,11,17,11,11,15,15,17,17,10,10,17,12,11,15,12,11,11,10,9,12,12,15,10,9,17,15,17,9,17,17,10,17,15,12,12,11,10,10,10,17,17,15,12,17,9,9,15,10,12,15,15,15,17,17,15,11,15,10,12,9,9,10,11,11,9,9,12,15,9,15,9,12,12,10,17,17,10,12,15,9,10,17,11,11,11,17,9,9,11,15,11,11,11,15,12,17,9,10
pred_labels
12,9,15,12,15,12,11,12,17,17,15,11,17,10,10,15,11,15,15,12,12,17,17,12,10,10,10,15,12,17,12,17,15,15,9,17,9,11,15,10,9,11,11,12,11,15,12,9,17,10,10,17,11,15,11,10,15,12,12,12,12,17,9,11,11,15,15,9,17,17,11,12,11,10,9,15,11,15,12,17,11,9,10,15,17,11,11,12,15,15,9,9,12,9,9,15,15,15,10,10,10,9,17,11,11,12,10,9,17,10,9,9,15,12,15,11,17,15,9,17,10,9,9,12,10,17,11,11,11,9,11,10,9,11,15,9,17,15,9,9,17,12,17,17,10,15,15,15,15,11,11,11,9,17,10,9,11,10,17,12,10,10,10,11,9,11,11,11,15,10,17,17,11,9,9,17,15,10,17,17,12,12,12,12,10,9,17,11,15,17,12,15,11,12,11,11,17,11,9,10,12,17,12,10,12,9,15,12,9,9,9,10,12,10,11,10,9,12,12,11,9,12,15,15,10,17,17,11,9,9,17,11,12,17,17,10,10,12,10,10,12,15,11,15,15,15,11,11,17,11,10,10,9,9,10,10,17,17,15,11,11,17,12,17,17,9,11,10,9,10,15,17,12,15,15,17,15,12,17,9,9,11,17,12,11,17,9,12,11,9,15,15,10,15,15,11,11,12,12,9,9,11,15,17,17,11,9,17,9,15,11,11,17,10,12,17,10,17,15,11,11,15,15,11,10,9,10,11,11,10,15,17,15,10,10,17,12,17,12,15,12,11,17,15,11,17,17,12,12,15,10,11,11,10,10,9,17,12,11,12,11,9,11,11,11,11,11,12,12,12,12,12,11,11,17,10,15,9,11,10,9,10,10,17,17,15,17,17,10,15,15,12,9,10,17,17,10,17,9,11,10,11,10,15,17,15,10,12,17,15,10,11,9,12,17,10,10,15,12,9,12,12,9,12,10,15,15,17,10,10,17,15,15,11,17,11,11,9,9,15,10,12,9,11,10,11,10,12,11,15,15,15,15,11,9,15,10,12,11,12,9,11,10,17,11,11,10,10,10,17,12,17,17,9,15,11,9,15,11,9,10,10,12,12,11,10,9,12,10,9,15,10,10,11,10,15,15,10,12,12,15,11,9,12,9,15,10,17,17,10,10,17,10,17,15,9,9,10,12,11,17,17,12,12,11,12,17,11,11,12,11,11,11,12,9,11,10,12,12,10,11,17,12,12,15,11,15,15,12,10,10,9,17,10,15,12,15,10,10,9,11,10,11,15,10,9,9,15,10,15,10,10,15,15,17,9,10,12,10,9,12,12,11,11,10,10,11,12,10,9,17,12,17,11,9,9,17,17,12,10,10,10,15,15,17,11,15,12,12,10,15,15,9,11,9,17,15,12,11,17,11,17,10,15,9,10,9,9,10,10,9,10,10,15,11,11,11,15,17,9,11,11,10,17,11,11,12,17,15,11,9,11,15,15,11,9,15,15,11,15,15,12,11,10,10,9,17,17,17,15,10,10,17,9,15,9,17,12,15,9,15,15,15,17,9,11,9,17,9,12,11,9,11,17,11,11,11,11,15,10,12,12,9,9,17,12,12,9,12,12,11,11,15,15,12,11,12,17,15,17,11,12,10,17,17,11,17,9,11,9,10,10,12,17,12,12,9,9,9,15,11,11,15,17,9,10,9,12,17,15,17,17,12,10,10,11,11,17,9,9,17,10,9,11,12,15,9,15,12,10,9,10,17,17,11,15,9,9,9,17,10,17,17,9,12,17,17,12,12,11,11,11,11,17,11,17,17,9,17,17,12,9,17,10,17,11,10,10,12,17,11,11,12,12,12,17,17,15,11,17,11,11,9,12,10,17,9,10,9,15,11,9,11,15,10,9,9,9,17,17,11,11,17,15,15,10,10,11,11,15,10,12,9,10,10,10,10,10,15,17,9,11,17,15,12,11,10,10,15,12,10,11,12,12,12,11,11,15,15,17,10,12,17,15,12,10,10,12,12,9,11,17,11,12,17,17,11,12,15,17,9,9,11,15,11,11,15,15,12,17,10,10,17,10,11,15,12,11,11,10,9,12,12,15,10,9,17,15,17,9,17,17,10,17,15,12,12,11,10,10,10,17,17,15,12,17,9,9,15,10,12,15,15,15,17,17,15,11,15,10,12,9,9,10,11,11,9,9,12,12,9,15,9,12,9,10,17,9,10,12,15,9,9,17,11,11,11,17,9,9,11,15,11,9,11,15,12,17,9,11
pred_correctness
True,True,True,True,True,True,True,True,True,True,True,True,True,True,True,True,True,True,False,False,True,True,True,True,True,True,True,True,False,False,True,True,True,True,True,True,True,True,True,True,True,True,False,True,True,True,True,True,True,True,True,True,True,False,False,True,True,True,False,True,True,True,True,True,True,True,True,True,True,True,True,True,True,True,True,True,False,True,True,True,True,True,True,False,True,True,True,True,True,True,True,True,True,True,True,True,True,True,True,True,True,True,True,True,True,True,True,True,True,True,True,True,True,True,True,True,True,True,True,True,True,True,False,True,True,True,True,True,True,True,True,False,True,True,True,True,True,True,True,True,True,True,False,True,True,True,True,True,True,False,True,True,True,True,True,True,True,True,True,True,True,True,True,True,True,True,True,True,True,True,True,True,True,True,True,True,True,True,True,True,True,True,True,True,True,True,True,True,True,True,True,True,True,True,False,True,True,False,True,True,True,True,False,True,True,True,True,True,True,False,True,True,True,True,False,True,True,True,True,False,True,True,True,False,True,True,False,True,True,True,True,True,True,True,False,True,True,False,True,False,True,True,True,False,True,True,True,True,False,True,True,False,True,True,True,True,True,True,True,True,True,True,True,True,True,True,True,True,True,True,True,True,False,True,False,True,True,True,True,True,True,True,True,False,True,True,True,False,True,True,True,True,True,True,True,True,True,True,True,True,True,False,False,True,False,True,True,True,False,True,True,True,True,True,False,True,True,True,False,True,True,True,True,True,False,True,True,True,True,True,True,True,True,True,True,True,True,True,True,False,True,True,True,True,True,True,False,True,False,True,True,True,True,True,True,True,True,True,True,True,True,True,True,True,True,True,True,True,True,True,True,True,True,True,True,True,True,True,False,True,True,True,True,True,True,True,True,True,False,True,True,True,True,True,True,True,True,True,True,True,True,True,True,True,True,True,False,False,False,True,True,True,True,True,True,True,True,True,True,True,True,True,True,True,True,True,True,True,True,True,True,True,True,False,True,True,False,True,False,False,True,True,True,True,True,True,True,True,True,True,True,True,True,True,True,True,True,True,True,True,True,True,True,True,True,True,True,True,True,True,True,True,True,True,True,True,True,True,True,True,True,True,True,True,True,True,True,True,True,True,True,True,True,True,False,True,True,True,True,True,True,True,True,True,True,True,True,True,True,True,True,True,True,False,False,True,True,True,True,True,True,True,True,True,True,True,True,True,True,True,True,True,True,False,True,True,True,True,True,True,True,True,True,True,True,True,True,True,True,True,True,True,True,True,True,True,True,True,True,False,True,True,True,True,True,True,True,True,True,False,True,True,True,True,True,True,True,True,True,False,True,True,True,False,True,True,True,True,True,False,True,True,True,True,True,True,True,True,False,True,True,True,True,True,True,True,True,True,False,True,True,False,True,True,True,True,True,True,False,True,True,True,False,True,True,True,True,True,True,True,True,True,True,True,True,True,True,True,False,True,True,True,True,True,True,True,True,True,True,False,True,True,True,True,True,True,True,True,True,True,True,False,True,True,True,True,True,True,True,False,True,True,True,True,True,True,True,True,False,False,True,True,True,True,True,True,True,True,True,True,True,True,False,True,True,True,True,False,True,True,True,True,True,True,True,True,True,True,False,True,True,True,True,True,True,True,True,True,False,True,True,True,False,True,True,True,True,True,True,True,True,True,True,True,False,True,True,True,True,True,True,True,True,True,True,True,True,True,True,True,True,True,True,True,False,True,True,True,False,True,True,True,True,True,True,True,True,True,True,True,True,True,True,True,False,True,True,True,True,True,True,True,True,True,True,True,True,True,True,True,True,True,True,True,True,True,True,False,True,True,True,True,True,True,True,True,True,True,True,False,True,True,False,True,True,True,True,True,True,True,True,True,True,True,False,True,True,True,True,True,True,True,True,True,True,True,True,True,True,False,True,True,True,True,True,True,True,True,True,False,True,True,True,True,True,True,True,True,True,True,True,True,True,True,True,True,True,True,True,True,True,True,True,True,False,True,True,True,False,True,True,True,True,False,True,True,True,True,False,False,True,True,True,True,True,True,True,True,False,True,True,True,True,False,True,True,True,True,False,True,True,True,True,False,True,True,True,True,True,True,True,True,True,True,True,True,True,True,True,True,True,True,True,True,True,True,True,True,True,True,True,True,True,True,True,True,True,True,True,True,True,True,True,True,True,True,True,True,True,True,True,True,True,True,True,True,True,True,True,False,True,True,True,True,False,True,True,False,True,True,True,True,False,True,True,True,True,True,True,True,True,True,True,False,True,True,True,True,True,False
p2d-kl
0.49325352907180786
p2d-iter
599
p2d
1.8896859,0.8206623;-1.4266315,0.16101092;0.28904912,-1.3049674;1.7152,0.76215345;0.33327723,-1.624365;1.4321917,0.76856077;-0.92897975,-1.3174542;0.7452625,0.5815799;0.10880447,0.034691054;-0.2650804,0.20992577;0.38323718,-1.6051991;-0.6307675,-0.7422698;-0.0032193265,0.064211786;0.34662092,1.6888885;-0.58733416,0.4699221;0.33337837,-1.3885014;-0.82515734,-1.144938;0.36260667,-2.000419;-0.5199107,0.2879289;-0.071601026,-0.03665604;1.4172324,0.7699229;1.3674097,-0.69417304;0.9266468,0.029948791;-0.33754635,0.23823701;-0.46965384,0.4621746;0.5303582,1.8504486;0.54838896,1.9177805;0.34883413,-1.8565314;0.60653186,0.039973304;-0.35948685,0.15538414;1.6050884,0.6898038;1.5239133,-0.60832703;0.38355848,-1.8166192;0.3639312,-1.9454808;-2.1549418,0.71681434;1.2825153,-0.75606257;-1.4219856,0.26411092;-0.650856,-0.6061738;0.7368137,0.26427522;0.12474623,0.37271687;-2.1422243,0.5518137;-0.7620172,-0.6609208;-0.54449546,0.4251713;0.6578919,0.10814386;-0.743899,-0.63579386;0.14628905,-0.72718036;0.47619936,-0.04625891;-2.1297107,0.69085044;1.3569863,-0.8341633;-0.40672123,1.7191346;-0.26174545,1.7286036;1.3601706,-0.55980796;-0.6249339,-0.7484686;-0.5864354,0.34633857;-0.67390263,0.3956001;0.6073768,1.9436735;0.18539514,-0.9191658;1.0246443,0.6239971;1.0066977,0.2948464;1.6515033,0.6365988;1.7953534,0.7941102;1.3762313,-0.8284569;-2.2251952,0.64166397;-0.8450709,0.31479907;-0.8363654,0.1060286;0.41309318,-2.0721104;-0.0044488767,-0.60209614;-0.8861147,0.6414472;1.5483145,-0.34581104;0.68944913,0.1546432;-1.0705522,-1.4275473;1.6215271,0.6967835;-0.79910773,-1.060988;-0.43891445,1.6432432;-2.1600053,0.69885176;0.45236197,-2.1086662;-0.29234415,-0.29295093;0.4347931,-1.8065472;1.5061204,0.58294404;1.5961975,-0.57077813;-1.0162524,-1.5063648;-1.6644253,0.211021;-0.016078556,1.7096803;-0.18845934,-0.30512685;1.3834838,-0.78472;-1.0381589,-1.3953639;-1.0920928,-1.3966355;1.7743617,0.7481672;0.42881376,-2.0230238;0.5229433,-1.9659395;-2.1214008,0.62335324;-2.0446126,0.49108833;0.8259347,0.52285707;-1.6627849,0.2854349;-0.8953247,0.4140267;0.25885463,-1.2998972;0.14579952,-0.9198026;0.29104376,-1.4322053;0.31981388,1.6786809;-0.58793956,1.4670652;-0.086504295,1.7791142;-1.6197138,0.18078658;1.4199165,-0.12474286;-0.6799253,-0.6811423;-0.7406679,0.36288288;1.2770143,0.76811683;-0.37784666,1.6527437;-0.962152,0.55592614;1.4730482,-0.19218789;-0.13903205,1.7333987;-1.6879334,0.4183999;-0.7871649,0.43737972;0.37935743,-2.0493758;1.2279944,0.546254;0.06946567,-0.45781997;-0.6663206,-0.69503385;0.84123236,0.037834257;0.24901304,-0.8785711;-0.8853788,0.5210814;1.1908588,-0.9785814;-0.20191449,1.757697;-2.000338,0.53058004;-0.77449095,0.66246814;1.465998,0.2130936;0.4895766,1.8639908;1.4773002,-0.5529757;-0.81960684,-1.037521;-0.07625937,-0.20905326;-0.9391811,-1.4675697;-1.7149742,0.24475978;-1.1159037,-1.4463525;0.13340625,0.51921767;-1.383885,0.24223797;-0.55426306,-0.4726984;-0.58859324,0.28279302;-2.2347279,0.6641608;1.4769872,0.028137231;0.46498752,-1.9047302;-1.6988976,0.204835;-0.89674634,0.012712723;1.2215757,-0.80185735;1.5553019,0.702038;-0.18397957,0.18682887;1.3093863,-0.03459368;-0.4489628,1.6196517;0.4291692,-1.9146931;0.15541278,-0.50864065;0.2326437,-1.4543253;0.3007946,-1.5577531;-0.2659311,-0.47851115;-0.9358619,-1.3565605;-0.6792638,-1.0352793;-1.0350779,0.23709711;1.509111,-0.054556347;-0.37980056,1.7631465;-1.6233883,0.272225;-0.61581606,0.016377442;0.39465544,1.6331933;1.1858742,-0.9399054;0.71784765,0.5581349;0.6010472,1.8782395;-0.23879752,0.3715389;-0.37504074,1.7192067;-0.6335365,-0.7958714;-1.0911264,0.19450739;-0.999005,-1.5348912;-0.3132594,-0.73643583;-0.26046506,-0.48062038;0.1954828,-1.0290489;-0.11961238,1.6574566;1.3651,-0.6454223;0.08725724,0.050039537;-0.31893823,-0.7425642;-1.6035875,0.3191958;-0.96043164,-0.008024481;1.4967941,-0.559802;0.3667789,-1.5300126;0.2771559,1.8127646;1.1870302,-0.76705915;0.4432747,0.14275196;1.3066419,0.75520486;0.50449705,-0.0018612501;1.2574923,0.7961651;1.2872386,0.77867144;-0.08101127,1.6328665;-2.2101865,0.6423408;1.5547888,0.034104627;-0.74672234,-0.6436574;0.21111074,-1.2273197;1.5186982,0.08816802;1.3676364,0.74329;0.4376825,-1.859169;-0.8823038,-1.5002339;1.6743684,0.7530615;-0.41888422,-0.08995175;-1.1027594,-1.6890398;-0.069235824,0.41355473;-0.10681573,-0.20333967;-1.4710796,0.20728469;-0.3527612,1.6698844;1.6380461,0.7127773;1.2741853,-0.8832504;0.42599168,-0.009560583;-0.52467585,1.599578;0.7228725,-0.054645646;-2.0759177,0.5750445;0.25115174,-1.0376132;1.854039,0.80071086;-1.1479915,0.16893429;-0.23407486,0.029621784;-1.6615348,0.2848342;-0.41599116,1.6228335;1.6150873,0.6199376;0.039747685,0.64380044;-0.6170865,0.44055375;0.40068084,1.7468048;-1.7092712,0.3119358;1.3106258,0.6753769;1.7865856,0.7593342;-0.8385554,0.09558814;-1.291851,0.27910885;1.0039406,0.112643234;0.5030117,-1.8452231;0.021998446,-0.4313232;-0.113869816,1.7161949;1.2482463,-0.8597459;-0.13436528,0.14008278;-0.845969,-1.0924977;-1.6320378,0.36014697;-0.9145831,-0.0013199556;1.2522095,-0.8787825;-0.8048389,0.32014066;1.7183759,0.69297034;1.5111644,-0.67617416;0.35307813,0.15304357;-0.16040327,1.7628524;0.46192294,1.6349351;-0.3033963,0.37706345;-0.28172857,1.5944483;-0.12039924,0.5747546;1.0361807,0.6407658;0.44127464,-1.8899592;-0.8593501,-1.510637;-0.27021584,-0.21098231;0.3270127,-1.2844963;0.42184097,-1.9779726;-0.9478236,-1.2773532;-0.5356166,-0.4872112;-0.20709907,0.2670951;-0.5456113,-0.55219156;-0.2839276,1.6660978;0.021037064,0.4073337;-1.8343134,0.36032984;-0.89843893,0.55011064;-0.035452794,1.7738442;-0.13496314,1.7562987;1.3656175,-0.5731162;0.76682836,-0.06764653;0.103247724,-0.81484604;-1.0050337,-1.5717056;-1.1316372,-1.7305378;1.0825044,-0.957648;1.1646726,0.6721612;1.2350627,-0.8363446;0.7898846,-0.07254858;-1.6297824,0.28022423;-0.6589254,-0.80327076;0.6383311,1.9289057;-1.0558436,0.038425133;-0.532065,1.531363;0.39007202,-1.9047148;1.3008292,-0.2539711;-0.09295095,-0.08398791;0.5454135,-1.9815658;-0.40935683,0.1283165;1.2912612,-0.34501693;-0.14319189,-0.47730967;1.7888503,0.83801;1.5036417,0.13634066;-1.4935225,0.29556853;-2.13599,0.54146147;-0.8368956,-0.980206;1.0225067,-0.96950126;0.70764875,0.04692184;-0.89846724,-1.4378009;1.2933182,-0.8027364;-1.2084441,0.29879045;-0.89282954,0.708326;-0.8005363,-1.0766696;-1.6474046,0.22559747;0.42996606,-2.0887263;0.021125887,-0.33920765;-0.31014967,1.6516081;0.34386715,-1.8135434;0.49062207,-1.8993082;-0.68304515,-0.838892;-0.6939456,0.21228284;0.63379097,0.037172645;1.5995624,0.730736;-1.3696983,0.2776001;-2.211613,0.6937898;-0.6936494,0.23973404;-0.5554482,0.29128063;1.3099593,-0.80160534;0.87066287,0.13205005;-0.7858085,-0.73798543;-1.9347109,0.5199859;1.4745705,-0.16149357;-0.8413291,0.6527936;0.33187604,-1.5432503;-0.8671538,-1.135053;-0.43835154,-0.12469901;-0.18866117,0.21423863;0.29102018,1.832752;-0.03418055,-0.13240345;1.3185258,-0.7423894;-0.42968786,1.7140145;1.5306735,-0.5503654;0.7577783,0.26421058;-0.41219777,-0.73703724;-1.0666536,-1.616661;0.38288882,-1.7753094;-0.5058682,0.033750333;-0.9846497,-1.661119;0.020157726,0.38208386;-2.1310303,0.5762738;0.46567106,1.8645912;-1.1863424,-1.6703484;-0.24222568,-0.5023205;0.55821276,1.7710712;0.31656706,-1.3132874;1.2925625,-0.8479051;0.2677883,-0.95207715;0.36642525,1.5428425;-0.2212391,0.351695;1.4413148,0.031503715;0.97254807,0.6295761;-0.75974756,0.4912008;1.2223277,0.7757912;-0.61751115,0.42113543;1.3741392,0.7320408;-1.1136427,-1.6150143;1.0488377,-0.95893174;0.49308828,-1.8715285;-0.9045455,-1.1972998;1.288557,-0.7832462;1.3687434,0.14211164;1.0065156,0.6659518;-0.12900572,0.390599;0.4305594,-2.0203118;0.6118449,1.9407468;-0.42239624,-0.40245506;-0.96721685,-1.6258444;-0.04238187,1.7321906;0.051715825,0.4804838;-1.3098046,0.24104165;1.5597029,-0.5633796;1.2682389,0.45982516;-1.1108149,-1.672122;1.1385796,0.6022741;-0.8890089,-1.0821925;-1.3730302,0.15888596;-0.71708834,-0.4216024;-0.38830137,-0.7395617;-0.69142526,0.1016486;-1.1600462,-1.7076849;-0.5157073,-0.9776129;0.9782904,0.6597442;1.7321134,0.74542755;-0.09207909,0.039753094;1.087,0.6354869;0.39685526,0.14405894;-0.661594,-0.50988376;-0.32599968,-0.3224118;1.2147739,-0.8657097;-0.19576363,1.7877585;0.4036893,-1.8566833;-1.402118,0.1290504;-0.7615565,0.46930075;0.37667966,1.6946284;-2.206887,0.65627426;0.01536081,0.56675637;-0.8442607,0.7392932;0.94738317,0.08165833;1.2926956,0.06474103;0.14345865,-0.85310775;1.5203444,-0.45583004;1.0722892,-0.94619805;-0.098553404,0.48945704;0.22226186,-1.268977;0.4288336,-1.8292493;1.050636,0.59500533;-1.3203374,0.1874751;-0.50847274,1.6178213;1.5340451,0.11162519;1.3993763,-0.63470685;0.62514365,1.8364829;1.5826257,0.15316576;-1.650592,0.340827;-0.7156796,-0.43331072;-0.11939217,1.7611187;-1.0900244,-1.7550131;0.44922593,1.8380128;0.28803307,-1.5898839;1.5518057,-0.50460815;0.057605345,-0.61081177;0.73339826,0.2738819;0.6766219,0.020839673;-0.08793064,0.06083573;0.22788763,-1.1272674;0.028541325,1.81344;-0.99057424,-1.3399198;-2.1121516,0.6314209;0.70882577,0.57425404;1.4467083,-0.6151152;-0.4513998,1.5820819;0.05102221,0.6158999;0.2466133,-1.0711817;1.0458913,0.2516346;-1.3110623,0.18137158;0.95483047,0.24682574;0.73235744,0.20572844;-1.9338468,0.43924385;-0.17051612,0.37104926;-0.43675923,1.5310813;0.2509241,-1.2065053;0.0018138047,-0.5083439;0.9666862,-0.98261684;0.07736677,1.7847978;0.11379141,0.60975546;1.394722,-0.23801431;0.26570073,-1.1065686;0.2145354,-1.0670378;-0.28136042,-0.17484146;1.487273,-0.7034559;-1.0634431,-1.5528558;-0.56523246,0.34375018;-1.0758249,0.29402223;-0.44289035,0.4006771;-0.27915472,-0.26816216;0.5465193,1.8949224;1.7902551,0.7221396;-1.1218994,0.12571864;-0.60355,-0.46680278;0.05011573,1.7194515;-0.68889034,-0.36811122;0.17491058,0.64658993;0.8147009,0.53518707;-0.661138,-0.45453933;0.43015337,-2.1621318;0.37730536,-1.676751;0.025009852,-0.5600495;0.4268187,-2.1785066;-0.68212986,-1.0327357;-1.5992104,0.20137404;0.37321508,-1.5774577;-0.4080988,1.6731882;1.8049085,0.76733005;-0.9234905,-1.2378938;1.2825032,0.6178476;-1.3173887,0.27145997;-0.7127663,0.10418041;0.17747052,0.6631743;1.4151663,-0.7204901;-0.7803115,-1.3289787;-0.92941314,-1.3990754;0.011118544,1.7435325;0.08902618,0.43468428;-0.41157514,1.5768423;1.5217524,-0.500038;1.8228012,0.8346959;1.266734,-0.6406439;0.40157843,0.17260161;-1.7229496,0.4550184;0.45810482,-1.9431391;-0.7111659,-1.0586003;-2.2437427,0.74830127;0.28658634,-1.2061886;-0.8416002,-1.250784;-1.5320476,0.19228168;0.507231,1.89616;0.056138404,0.41999984;1.7580868,0.6615036;1.2897332,0.13363177;-0.51583844,-1.0835954;-0.48677063,1.5584872;-2.0884957,0.6543998;0.9351698,0.61131954;0.6409507,1.8671517;-0.98832005,0.051197264;0.45018664,-2.0644515;-0.31007576,1.6727518;0.16733855,0.6562146;-0.4159424,-0.19204448;0.14779605,0.4068835;0.2141392,-0.9948561;-0.16731727,-0.115813196;0.077249184,1.7428492;0.9373087,0.6331296;0.39045152,-0.03378529;0.29333574,-1.6605685;-0.5855215,-0.72926843;-1.1017978,0.39068553;1.84492,0.8465868;-1.7138546,0.43981642;0.3906091,-1.7286255;0.27209705,1.7394888;1.0604216,-0.9252529;0.40564144,0.10354177;-0.34531954,1.7380162;-0.013610301,1.7709149;1.1042898,-0.89703166;0.42543858,1.7511634;-0.0847932,0.47308645;0.5808424,-0.016637985;-2.2559092,0.7313404;-0.88095576,0.53079766;0.43705314,1.6057518;0.80201006,0.5796787;-0.7426944,-0.43039587;1.2512504,-0.77401745;1.5503283,0.06435821;1.6584408,0.7066512;-0.21489982,0.03689622;-0.8557824,-1.4382305;1.3012955,0.669929;1.5461584,-0.54209036;-0.7775033,-1.3170452;-0.088143185,-0.17610541;1.218848,0.7230021;-1.1167092,-1.7533923;-0.49236876,-0.6559007;-0.95404404,-1.2191606;-0.16891034,0.5101873;-1.1210825,0.3621085;-1.0975953,-1.6184725;0.047682036,1.7087238;1.2076489,0.5875526;0.49788702,-0.013812594;0.18255153,1.6331549;-1.0773436,-1.6913418;1.2486327,-0.31169918;1.1913717,0.728379;1.2365991,0.5972743;0.27951834,-1.3978419;-1.0835748,-1.5418634;0.14041586,-0.680139;-0.58716977,0.2700766;1.8163621,0.8522351;-0.3369499,1.5780011;0.5910928,1.9630631;-1.200255,0.21643335;1.3355216,-0.13255984;0.62081766,1.791773;0.29311273,-1.4998916;1.2835038,0.6872119;-0.043226827,-0.49148318;0.3780342,1.6633079;-0.043848753,0.5208174;-1.084805,0.15373711;-0.88471496,-1.1106397;-0.3752421,1.5860761;-0.51890147,-0.75557745;0.26814064,-1.5076563;0.26107907,1.6847029;-2.0969362,0.5610392;-1.093631,0.3134684;0.0041664722,-0.41062346;0.27644342,1.7065105;0.14460857,-0.39343068;0.67270786,1.9527379;0.061862078,0.372917;-0.619908,0.31097516;-0.20926078,-0.1333655;1.0065733,0.08951114;-2.02713,0.5519873;0.062369615,1.8045282;1.6061846,0.55576754;0.12605841,0.68335164;-0.8036256,0.6608872;1.8760546,0.8441;0.57262415,0.13840263;-0.83165157,-1.4933981;-0.73805374,-0.03437935;-0.54501396,1.540218;0.42234713,1.8809217;-0.6995621,-0.39183158;1.0125756,0.31760967;-0.063012786,1.6413624;-0.7519466,0.6650882;1.4862715,-0.49651387;1.2202313,0.46078315;1.3522468,-0.74090225;-0.88862175,-1.5730493;-2.2164395,0.7577417;-2.2741725,0.6954626;1.4843744,-0.018620532;-0.14628255,0.14154185;-0.24066575,0.09201096;-0.4516321,1.5668635;-0.051584866,1.7745789;-0.40070555,1.6026437;-0.048480153,-0.56088746;0.33199015,-1.9420854;1.2055554,-0.9213576;-1.0882261,-1.5631135;0.1566109,-0.73843783;1.5347201,0.6241997;0.73422706,0.19367157;-0.7145611,0.6621887;0.3923115,-1.8049188;0.07542712,-0.4153959;-0.9637021,0.11896778;-0.34184173,-0.3449682;-2.1124158,0.613083;1.5103173,0.009632073;0.16863222,-0.87768966;0.90213996,0.6273283;-0.4145742,-0.12539755;0.82207835,-0.059056137;-0.8958935,-1.422905;1.4769423,0.07277139;-0.07541877,0.4308821;0.015914043,-0.60359144;-1.8439958,0.48581418;0.19205019,1.5852305;-1.3987603,0.27844524;-0.9050556,0.59799784;-0.34648722,1.6925155;0.07329904,0.570648;-2.0969362,0.5610392;-0.020985529,1.8360919;-0.15719396,0.61095876;0.182711,-1.1341811;0.2355291,-1.6777145;-0.6931916,-1.0511634;-0.5776731,-0.53130734;0.22288899,-0.97607934;0.51819265,0.18500282;-1.548915,0.27829388;-0.7104451,-0.40585536;-0.35089952,-0.17341192;-0.31705245,1.8023909;0.8656336,-0.07215193;-0.6330118,0.040385064;-0.66647696,-0.78312826;1.2932216,0.74996334;1.4629405,-0.46705726;0.16809374,-0.93947047;-0.5745952,0.4092173;-1.9308096,0.44836357;-0.8398011,-1.0264195;0.23791018,-1.4769161;0.2982935,-1.4648377;-0.8742479,-1.1944715;-2.209352,0.6887706;0.29130313,-1.2336897;-0.10371347,-0.45349562;-1.2057081,-1.7142614;0.3204806,-1.8305907;0.14699134,-0.70971006;-0.5630985,0.34223518;-0.57828933,-0.74077713;0.5139374,1.7994543;-0.09631649,0.50766087;-1.3248637,0.24876136;-0.15740918,0.20280077;1.2142313,-0.9278168;0.962055,0.12719241;-0.09040755,-0.14471535;-0.052319467,1.814705;0.2820475,0.58158964;1.4713554,-0.06935664;-0.965403,0.55186486;0.093723655,-0.47645;-2.0468478,0.5503647;1.3337518,-0.72788996;1.4160773,0.73849344;-0.039444968,-0.2102737;-0.84884804,0.6709805;0.36529776,-1.8612403;0.0762272,-0.35947254;0.31759426,-2.0106115;1.4705095,-0.44424886;-1.0061672,0.030417925;-0.99793273,-1.5213828;-1.9552553,0.46749339;-0.38528797,0.13930838;-1.2760884,0.2562724;1.0558573,0.66683143;-1.0962602,-1.4996413;-1.9897455,0.5022779;-0.7503262,0.10201605;1.5053341,-0.025665168;-0.60976917,-0.62683815;-1.0605804,-1.3348078;-0.55978,-0.4477986;-0.34735084,0.37821794;0.36896634,-1.6409767;0.08453724,0.49749997;1.7496471,0.7599567;0.34601197,0.064484656;-2.0375268,0.5969635;-0.8989873,0.028372094;0.9623167,-0.98394483;1.8483785,0.8115163;-0.38817942,-0.005528344;-1.0302683,0.13828903;-0.7456521,0.4928241;0.6285976,0.10634878;-0.9786738,-1.2937162;-0.8489246,-1.0932311;0.1595766,-0.7668343;0.2936584,-1.4183252;1.2089101,0.423189;-1.1197588,-1.5676395;0.7917302,0.58901197;1.3315552,-0.63876307;0.08827022,-0.4380027;0.7952731,0.016431615;-0.95265436,-1.3236824;1.143547,0.6187495;1.0025549,0.3136874;1.3982632,0.1085961;0.84327596,0.014291125;-0.6584338,-0.7417128;0.7137873,-0.016367378;-2.2396111,0.72126657;-0.6146485,-0.6955569;-1.6141928,0.39050037;0.53498715,1.9184484;-0.16697702,0.46622968;0.5712733,0.011722891;1.5084845,-0.5846881;-0.15909755,0.40754536;1.3724439,0.7211753;-1.6320059,0.29892516;-1.8948557,0.40813145;-0.96407807,0.080000944;0.11968376,-1.0589253;-1.0522718,-1.4590755;-0.54314125,-0.44109803;-0.49553776,0.057326425;-0.2440661,0.21075386;-1.566033,0.34435958;0.36629933,1.7215602;-2.064303,0.62273;1.3679532,0.7783944;1.5126486,0.06485701;0.2989956,-1.2890825;1.2229129,-0.7537749;0.3514728,0.19289461;1.1181592,0.6975153;0.07485161,1.678717;0.14512785,0.4129342;-1.0783191,-1.2733104;-0.2913717,-0.71550053;1.44548,-0.036792785;-0.78395003,0.48078358;-1.6838329,0.22001965;1.4007126,-0.1415726;0.3347341,1.7349371;-1.165689,0.370134;-0.845304,0.3204543;1.5790992,0.6002897;0.14126332,-0.85618734;-0.8666764,0.42611182;0.13051473,-0.7111164;0.9784125,0.6459393;0.4385981,1.8019258;-1.1353471,0.21046604;0.50709283,1.8746535;1.4011416,-0.69700944;1.3424554,-0.11122606;-0.6611496,0.39559236;0.4062888,-1.7757883;-2.0265439,0.47661418;-0.9481529,0.36362636;-0.79444945,0.47892672;1.4792998,-0.78615415;0.44669452,1.894153;1.1432197,-0.8855541;0.87373203,0.010853416;-1.4612839,0.26574668;-0.05004992,-0.051668998;1.3599584,-0.20244929;0.43789154,0.025590919;1.5769804,0.6231243;-0.8577491,0.7013707;-0.48488694,-0.6603091;-1.1513895,-1.7540193;-0.6183959,0.09761792;-0.84495455,0.5349882;0.8860574,-0.011438918;-0.9886485,-1.5909096;1.4661014,0.012303763;1.4395834,0.12615663;-0.9398093,0.19873676;1.455252,-0.09857302;-0.8129987,0.73905337;1.7409166,0.8016526;-1.1643085,0.32220495;1.2828989,-0.3644696;0.16073732,0.5677853;1.412273,-0.06813927;-0.9478697,-1.4857662;0.059391964,1.8234265;0.4448297,1.57004;0.80896354,0.5830333;0.48873514,0.15201633;-1.0521852,-1.5002574;-0.064577945,-0.26202366;-0.22914518,0.3005349;1.2621131,0.70495194;1.1055702,0.49884742;1.1439754,-0.8332575;1.1499871,-0.91078097;0.2986304,-1.3757893;-0.5363642,-0.965361;0.42244375,0.05709217;-1.0788109,-1.58926;-0.3868433,-0.40375707;-1.5172839,0.28774387;0.74510586,0.5273013;-0.5167032,0.42843333;1.3850398,-0.7019877;-1.187551,0.32389835;0.28827754,1.8568528;-1.1439184,0.15710303;0.32834998,-1.9215182;-1.0429589,-1.4483708;-1.6062773,0.25129038;-0.71241975,0.24582964;0.013489083,-0.6334307;-0.15788238,1.7047013;-2.0224855,0.5206683;-1.3572333,0.23160374;-0.93074423,0.5414321;1.7599925,0.6064093;-0.14103667,0.2258241;-1.027658,-1.398191;-0.4697828,-0.7178216;-0.31958896,0.17961669;0.51119584,-1.9111747;-0.039493583,-0.3274267;0.40687627,1.8664035;0.4489876,1.7753979;-0.6225799,0.050800353;-0.7424306,0.09304219;0.039242428,-0.47515574;0.63050824,1.9078376;0.7128963,0.56646144;-1.0826861,0.14146452;-0.46666813,1.5464436;0.3521927,1.6470703;-0.3331712,1.6511363;0.41194052,1.5200496;-0.29537454,1.7068303;0.29077443,-1.3449157;1.4221238,-0.7157603;-1.710325,0.2634559;-0.6803591,-0.4763972;1.3544589,-0.62009734;0.14023787,-0.89737153;1.7376101,0.704335;-1.1599547,-1.7060047;-0.31721094,1.7272164;0.14715204,0.5480731;-0.24054882,-0.31799653;1.3754079,0.81393796;0.5725497,1.887973;-1.1056617,-1.7261006;1.3838085,0.70925003;0.9588503,0.21393858;-0.088328645,0.010091492;-1.0472229,-1.4077028;-0.637667,-0.016256062;-0.05721619,-0.49604443;0.16310844,-0.4221904;0.40140328,0.22724044;-0.06061923,1.7911646;1.6347202,0.6784335;1.4163523,0.18249041;-0.64777046,0.35005024;0.6090585,0.07377878;-0.19512202,1.6938928;0.1356302,1.7009856;1.1083035,0.71665746;-0.05689034,0.024234714;-0.8758492,0.69395113;-0.7093178,-1.0512885;1.4513873,-0.6797182;-0.918039,-1.5837821;1.2225217,0.4208306;1.4830941,0.18632258;1.4645534,-0.61828864;-0.60017836,-0.67549694;1.1817391,0.5902016;-0.15644251,-0.40061277;-0.13129643,0.23347077;-1.6857085,0.4213668;-0.9556409,0.19940558;-0.90238875,-1.2380501;-0.5359266,0.3230973;-0.5117174,-1.0849459;-1.0677394,-1.3660506;0.38758206,-2.0040212;-0.07862828,-0.3408907;-0.3834762,0.3170825;1.0757724,-0.9554368;0.60114,1.8788979;0.34674862,1.7805573;0.40610352,0.22485435;-0.8197913,0.69894576;-1.0333697,-1.3463969;0.4424042,-1.8368647;1.1880374,0.5753862;-0.8160905,-1.1147453;-0.8203285,0.054165877;0.43050122,1.6882843;-1.145169,0.30906406;1.6647344,0.790775;1.690237,0.69818926;0.48637703,-2.014267;0.40828913,1.8138368;-1.547825,0.20980291;0.94531655,-0.9871723;0.52540857,-2.0452502;1.4179142,-0.79598445;-2.1712728,0.6573331;1.3895528,-0.13556625;1.4614089,-0.101692334;0.38361648,1.5843905;1.44773,-0.5419291;0.2115349,-0.9202032;1.2910672,0.6843645;0.69799995,0.071072;-0.45214838,-0.008686602;-0.117131874,0.5657394;-0.4261344,0.47071168;-0.039298177,1.7983668;1.135919,-0.7479368;1.2687335,-0.5543881;0.24907754,-1.1565208;1.1947029,0.28712484;1.500538,-0.55585253;-2.0776792,0.523303;-1.4962305,0.21489808;-0.16832072,-0.35068724;0.113888085,1.6886412;1.7739261,0.79877996;0.48205596,-2.072656;-0.070776165,-0.36838546;-0.008196935,-0.33533174;0.9804519,0.092708014;1.390619,-0.16899867;0.25872913,-1.2417648;-0.541666,-0.72732574;0.07706898,-0.6855955;-0.4641035,1.657;1.208103,0.6525959;-0.9517515,0.6110707;-0.93214536,0.5581642;0.30014166,1.6900449;-0.54813683,-0.97132313;-0.659838,-0.5474316;-2.2768607,0.72344327;-1.0985628,0.15256232;0.8391771,0.5909222;-0.18369046,0.28361002;-1.6821282,0.29508024;0.30878478,-1.5428363;-1.8513743,0.36695167;1.0002589,0.68894327;-0.90560377,0.09605813;0.54854745,1.8205637;1.3888323,-0.12409159;-0.9209928,0.6771091;0.18500347,1.562527;1.1490897,0.6345924;0.23704016,-1.045237;-1.5772629,0.19290231;-0.7495537,0.6697335;1.4901215,0.11510807;-0.6685819,-0.99010336;-0.68847716,-0.9744577;-0.6872595,0.39285493;0.77138025,-0.10913185;-2.1405146,0.6036897;-2.2698634,0.6613497;-1.146822,-1.6007458;0.43470952,-2.1668966;-0.80870366,-0.93270713;-0.14794566,0.08670729;-0.4392347,-0.70932996;0.43322155,-2.0454428;1.5826216,0.7213778;1.3017379,-0.22129597;-1.9081167,0.48226905;-0.22791499,0.0092198355
p3d-kl
0.38512319326400757
p3d-iter
599
p3d
-2.3930144,1.0208163,0.083334446;1.1329253,0.11834672,-1.2024144;-0.28636378,0.3856807,1.6379755;-2.1027591,0.83657485,0.19184878;-0.36851785,0.40105855,2.1420577;-1.8937018,0.3279314,0.41720358;0.8624427,1.7906073,0.48139358;-0.8977557,-0.4436564,-0.027014306;-0.13858154,0.0035289237,-0.17473693;0.2816319,-0.27984726,-0.87029064;-0.2816089,0.28985125,2.126038;0.75544584,0.75526625,0.21601447;-0.015239366,0.024727395,-0.36726654;-0.66473466,-1.5264355,0.3166136;0.76915973,-0.9954195,-0.2628537;-0.31256074,0.33998808,1.7964655;0.8525458,1.3685359,0.54070926;-0.14442502,0.26205516,2.740533;0.66019815,-0.71515316,-0.025534429;0.09291936,-0.08846365,-0.21334931;-1.8763901,0.3049114,0.41678858;-0.7224689,0.72783154,-1.1088029;-0.83918613,0.5047042,-0.20330006;0.42718765,-0.31398234,-0.8545844;0.6144927,-0.80418295,-0.49624455;-0.9090858,-1.7045969,0.6611601;-1.0023123,-1.7961473,0.67069083;-0.31112567,0.39079714,2.5503008;-0.55594647,0.19976251,0.050605293;0.41814756,-0.1465245,-0.63494515;-1.8978962,0.5862855,0.19784331;-0.9582975,1.0312532,-1.0611453;-0.2634738,0.2727219,2.4429924;-0.14404148,0.26823753,2.6236806;2.2794728,-0.46653193,-1.9369215;-0.6648053,0.48931882,-1.1962016;1.1377354,-0.05424339,-1.4041545;0.83441025,0.54661417,0.111976296;-0.7482378,0.2981264,0.4264272;-0.02643723,-0.5767222,0.15023252;2.1513152,-0.39686465,-1.702622;0.976938,0.6308278,0.2973484;0.72145283,-0.7973934,-0.31878525;-0.6758363,0.16782844,0.15640235;0.94260734,0.5658639,0.29523638;-0.13336657,0.13520026,0.8131186;-0.35062104,0.020849587,0.10794649;2.1812818,-0.5612776,-1.9117703;-0.5856517,0.7050654,-1.2773541;0.33448172,-2.1599483,-0.18997203;0.18506685,-2.1530857,0.05799391;-0.86652046,0.6112402,-0.9513011;0.7336962,0.79375607,0.12681738;0.7980545,-0.8249343,-0.09760914;0.94456166,-0.8323881,-0.23920871;-1.0903726,-1.7945893,0.7812737;-0.17335974,0.31381255,1.0499824;-1.2618462,-0.1558919,0.28299698;-1.0275851,0.42090964,0.23928846;-1.8693424,0.6748932,0.111494035;-2.232885,0.92113924,0.13015777;-0.60524786,0.74679226,-1.2883236;2.327854,-0.56746584,-1.8006847;1.1353283,-0.46661523,-0.49511987;0.65127206,-0.29547587,-0.6904075;-0.18708864,0.12643874,2.8735077;0.14335074,0.25396124,0.6128043;1.0179999,-1.0779895,-0.7845919;-1.0394212,0.9973985,-0.51888365;-0.61197734,0.3403998,0.16362156;0.98956233,2.1293943,0.6227355;-1.9358244,0.64296716,0.20742103;0.84556377,1.2149681,0.46923643;0.4600446,-2.071184,-0.16377723;2.2369928,-0.5680295,-1.917943;-0.21447138,0.08861318,2.951495;0.4700717,-0.15413673,0.17126492;-0.36203822,0.24666125,2.481904;-1.8349429,0.8537928,0.51589286;-0.9359839,1.2128742,-0.957987;0.8238196,2.1343586,0.7111605;1.4865385,-0.029190063,-1.5488114;-0.10740374,-1.8822217,0.35054937;0.32120267,-0.22000647,0.27484387;-0.67002696,0.7602531,-1.2548538;0.97123104,2.0174677,0.6315482;0.97826195,2.004943,0.7284664;-2.1706903,0.8676304,0.10584617;-0.20998459,0.1005738,2.7995844;-0.41961738,0.2106157,2.7682817;2.176144,-0.39163297,-1.8433287;2.026922,-0.1608397,-1.763128;-0.9996962,-0.24829493,-0.03648221;1.4791371,0.104393944,-1.6084063;1.136105,-0.6444191,-0.65190655;-0.34812018,0.42413878,1.6066884;-0.14477408,0.43033445,0.995938;-0.25995877,0.46796224,1.8261296;-0.6114838,-1.5449378,0.28527817;0.6709415,-1.6553805,-0.34512293;-0.07613196,-2.0843694,0.28763363;1.4296504,-0.041639518,-1.4497979;-1.2700963,0.59880674,-0.5469497;0.8603278,0.6937605,0.14293136;0.9786977,-0.6819251,-0.38916522;-1.7139983,0.06607841,0.4901214;0.33945027,-2.003569,-0.1302568;1.096771,-0.87472695,-0.881241;-1.2938478,0.4016839,-0.61027694;0.033268716,-2.0647902,0.23225766;1.4057983,0.22448719,-1.8536965;1.048518,-0.8539294,-0.4710319;-0.16336423,0.22111721,2.8328602;-1.4880323,0.21619213,0.18224932;-0.048471276,0.1478539,0.41477877;0.831655,0.7214378,0.09665811;-0.73570025,0.36989987,-0.14509663;-0.3136436,0.27257046,0.9603564;1.2183821,-0.94771516,-0.71583307;-0.33887327,0.35656726,-1.3963381;0.070773266,-2.1362247,0.11094011;1.969554,-0.21726981,-1.7773042;0.8379702,-1.0310032,-0.7954356;-1.4970577,0.73104376,-0.094294354;-0.93931013,-1.7709471,0.53789544;-0.972553,0.93250936,-0.9948202;0.88544893,1.2117612,0.4221006;0.15903696,-0.06539962,0.07554477;0.72836065,1.9959197,0.62493676;1.4396713,-0.043754894,-1.6908098;0.9744662,2.1114583,0.79120684;-0.1128414,-0.82371575,0.10796909;1.05708,-0.06371826,-1.3282608;0.7269247,0.24695133,0.14089157;0.82000566,-0.74108,-0.03464297;2.3419478,-0.5904459,-1.8108809;-1.4772513,0.80518425,-0.44044304;-0.32490185,0.033277433,2.586481;1.463139,-0.09199869,-1.6251953;0.7791729,-0.030417893,-0.71036613;-0.6051122,0.34275007,-1.2437879;-1.9077756,0.6284635,0.34751594;0.14967333,-0.21735387,-0.72609204;-1.0992994,0.7707506,-0.31889263;0.5152036,-2.1265063,-0.12816106;-0.2700656,0.11920357,2.5893543;-0.17176592,0.29012978,0.50159866;-0.14336084,0.5221215,1.8781456;-0.35690737,0.4915877,2.0139656;0.34926435,0.25752383,0.23009305;0.8305397,1.8808662,0.45283574;0.6878395,1.3180279,0.19357383;0.90500546,-0.31894022,-0.90277916;-1.4697025,0.6260207,-0.4998166;0.24389817,-2.1852808,-0.18292116;1.4252431,0.11901615,-1.552446;0.7537766,-0.23556733,-0.1887201;-0.6150808,-1.4103103,0.4525898;-0.38625318,0.32605743,-1.349866;-0.8637611,-0.45766526,-0.07019713;-1.0722029,-1.681883,0.722839;0.26659033,-0.5083276,-0.44206947;0.2863886,-2.1235847,-0.14248905;0.7354554,0.8795105,0.17397222;0.80072427,-0.30420944,-1.0764098;0.78305364,2.119384,0.7681295;0.20066988,0.67037904,0.27598324;0.32016283,0.25477377,0.2075676;-0.2450564,0.43053645,1.1824303;0.038863033,-1.8653632,0.17766096;-0.706742,0.7303709,-1.0020491;-0.12943536,0.021399142,-0.27755523;0.20046665,0.66401446,0.2967285;1.4568056,0.23891759,-1.5320227;0.87813085,0.036242917,-0.80504483;-0.9709803,0.97858375,-0.9852395;-0.3187243,0.3059691,1.9990096;-0.5280266,-1.7923723,0.45818856;-0.6000997,0.2790856,-1.1411316;-0.49307144,0.0157073,-0.31321013;-1.7231988,0.12208267,0.48596781;-0.42365062,0.019254206,0.044616472;-1.7180355,-0.002766411,0.5075535;-1.6965308,0.08606237,0.52528656;-0.0015772254,-1.7761023,0.1979752;2.3163624,-0.5599553,-1.8052269;-1.6172265,0.78488183,-0.46826455;0.9510214,0.5880135,0.29278854;-0.20958555,0.5448645,1.5214623;-1.5812963,0.82612395,-0.36065945;-1.7881508,0.2974821,0.4574305;-0.30312446,0.12387834,2.4929914;0.58990407,1.9762975,0.62944424;-2.0407546,0.79583025,0.25587973;0.5240475,-0.25365338,-0.12042939;0.75096405,2.5234861,0.8784386;0.008263294,-0.5828413,-0.33424035;0.20912914,-0.0013995677,0.014990973;1.1378235,0.17009692,-1.4299167;0.30785084,-2.0526972,-0.06394081;-1.9616683,0.6420758,0.18910481;-0.52688134,0.47815347,-1.3482425;-0.33541042,0.147222,-0.033855204;0.5597258,-1.9439858,-0.28900945;-0.8464454,-0.009492402,-0.22916012;2.1002815,-0.32145473,-1.7765523;-0.29117006,0.35528922,1.2281785;-2.3343246,0.9896783,0.1075309;0.8334566,-0.27489242,-1.1640373;0.27488542,0.20942427,-0.523839;1.4546795,0.098611414,-1.6142033;0.47045362,-2.093669,-0.093301676;-1.8705573,0.8078245,0.26339382;-0.18978292,-0.982488,-0.1462266;0.83495516,-0.92654985,-0.23690498;-0.72095937,-1.6122363,0.45653772;1.4507316,0.04540642,-1.7262726;-1.6672056,0.20264581,0.3636494;-2.193218,0.8863972,0.109404705;0.6511132,-0.2620386,-0.68040913;1.1003816,-0.26636273,-1.2470745;-1.0052595,0.50994885,-0.092131585;-0.40215626,0.015873598,2.5308297;0.04656939,0.18038256,0.3585535;0.00054047,-1.9995723,0.21605246;-0.5341514,0.4223346,-1.3120296;0.10927089,-0.12886055,-0.57007855;0.8996446,1.3485749,0.42539686;1.4174361,0.27061582,-1.6462637;0.8221716,-0.0010129831,-0.7271599;-0.51184434,0.4482611,-1.3216593;1.0599875,-0.52543306,-0.47321588;-2.043185,0.7943865,0.08832603;-0.7360158,0.9620032,-0.93727356;-0.37349433,-0.19525391,-0.30589518;0.02281395,-2.1045015,0.17303976;-0.70746934,-1.3503624,0.5609011;0.35387024,-0.53510004,-0.4138913;0.26113537,-1.882579,0.034026735;0.14888676,-0.9205562,-0.2561825;-1.2854794,-0.16662021,0.29001537;-0.35099608,0.17317851,2.5920262;0.56941277,2.0022826,0.5989312;0.4705808,-0.39645278,0.1513529;-0.286567,0.2950084,1.6247628;-0.21013524,0.11408336,2.7100723;0.91244036,1.7578751,0.43393075;0.7262714,0.24147321,0.19186781;0.19342878,-0.28102717,-0.5728795;0.74627084,0.37058723,0.27000287;0.29729018,-2.1194928,0.081594795;-0.010595116,-0.5817583,-0.06708476;1.7141737,0.084677555,-1.6518322;1.1722496,-0.95915246,-0.7649081;-0.14475156,-2.038424,0.31026676;0.012526549,-2.0842307,0.22153191;-0.83927715,0.6466011,-0.95082617;-0.7593549,0.13003965,-0.3569617;-0.020116404,0.3271239,0.8656739;0.74857485,2.16492,0.79111814;0.76851505,2.6249475,0.9128592;-0.26838133,0.10544209,-1.2399402;-1.4739,-0.01271212,0.3604025;-0.561079,0.38807535,-1.2946838;-0.7913558,0.18822156,-0.3904846;1.4212414,0.11968641,-1.5712457;0.767661,0.9074596,0.15274867;-1.1067992,-1.7535601,0.8135542;0.94961554,-0.026599845,-1.0019721;0.63417757,-1.8696754,-0.2594346;-0.28064537,0.2736148,2.6183882;-1.0107888,0.42910185,-0.5887863;0.1194901,-0.10808024,-0.13664763;-0.4323156,0.27179754,2.8055034;0.50530297,-0.10455064,-0.586144;-0.93608457,0.42716992,-0.7267317;0.32392174,0.057073284,0.48757738;-2.2555456,0.9746436,0.18607068;-1.5758095,0.81577367,-0.26447752;1.2226483,-0.020146085,-1.5102205;2.1471488,-0.3915865,-1.6975837;0.94821644,1.1075517,0.37752482;-0.18431653,0.01802967,-1.1909451;-0.71177614,0.21614489,-0.048943665;0.68908435,1.9153494,0.5507628;-0.6376662,0.5192634,-1.2660378;1.0885783,-0.3843232,-1.0993425;1.0672194,-1.2260768,-0.7258469;0.8431664,1.2463456,0.46760494;1.4490482,-0.0006856581,-1.5431049;-0.19323984,0.09083428,2.9035938;0.00773695,-0.030054208,0.25542933;0.3199323,-2.0888417,0.046807457;-0.27968052,0.40411058,2.4643524;-0.39551058,0.0712727,2.6227224;0.79395473,0.9859764,0.17388912;0.8544571,-0.51773375,-0.34843427;-0.59907657,0.15014836,-0.016685158;-1.9549121,0.64343965,0.28837496;1.0819008,-0.13268223,-1.3582532;2.3183167,-0.6209961,-1.8369621;0.83802843,-0.5818352,-0.36307657;0.7419058,-0.7453973,-0.033398118;-0.6345305,0.5528476,-1.2585316;-0.78247494,0.585914,0.040278453;0.9947502,0.8042458,0.33123395;1.847422,-0.17050208,-1.8485637;-1.322842,0.45426223,-0.57188797;0.9668378,-1.110246,-0.6973523;-0.31953043,0.4100539,2.0162852;0.91327447,1.4326766,0.38787535;0.6076143,-0.24082954,-0.08053422;0.1454711,-0.24590944,-0.82509387;-0.54807276,-1.8015782,0.5058866;0.10826246,-0.3934556,0.014727535;-0.71780324,0.573162,-1.1989006;0.33109373,-2.0562174,-0.23462145;-0.95851344,1.045148,-0.93733495;-0.7465425,0.32484737,0.45789713;0.39348897,0.66025597,0.34016725;0.7936921,2.371291,0.7879881;-0.28438136,0.2739904,2.3834457;0.59785753,-0.08598172,-0.35650477;0.61576766,2.2575924,0.8368044;0.041276906,-0.52526724,-0.038984124;2.1678176,-0.3789449,-1.749016;-0.87129325,-1.7860808,0.5541766;0.81922704,2.4815168,1.0387735;0.26526093,0.2724509,0.20760874;-0.87417763,-1.5641712,0.69578147;-0.2785491,0.34092087,1.6581261;-0.56277645,0.52999026,-1.3000771;-0.35409334,0.3354678,1.0759469;-0.50933236,-1.2523131,0.40130478;0.19670953,-0.47473857,-0.52684873;-1.4228112,0.8590407,-0.4221718;-1.1857514,-0.23776291,0.26075113;1.0433758,-0.95588297,-0.45303065;-1.6480498,-0.048239186,0.5002227;0.8462174,-0.9531257,-0.1880769;-1.7913444,0.2938337,0.42692292;0.839228,2.3983672,0.8376494;-0.2347558,0.06518583,-1.2186124;-0.40111348,0.061582644,2.5762897;0.9184878,1.5788362,0.4711296;-0.6541611,0.50156504,-1.2413559;-1.3625576,0.9912604,-0.16288511;-1.2317798,-0.19971414,0.32061762;0.1779874,-0.555837,-0.2150409;-0.21450809,0.10440334,2.7991323;-1.0907454,-1.7850504,0.78821546;0.5514013,0.1535031,0.10593613;0.62746483,2.1885726,0.7771324;-0.078958996,-1.9966613,0.41619402;0.06859867,-0.80351675,0.0012764721;1.1731801,-0.19677968,-1.2249933;-1.0070283,1.1039857,-0.95872724;-1.437686,0.4523447,0.14732583;0.77671885,2.515277,0.86151135;-1.3934133,0.09978595,0.35203832;0.90635705,1.3298147,0.5615047;1.2183629,-0.023118114,-1.1929377;0.9919753,0.25085688,-0.064525165;0.34328994,0.6607783,0.3366991;0.88359255,-0.30803812,-0.35982233;0.79018784,2.5761824,0.9839589;0.4170087,1.0374091,0.37048742;-1.2114472,-0.24627656,0.28206876;-2.110796,0.83683616,0.15031503;0.10727917,-0.009410434,-0.36377642;-1.3610499,-0.09705441,0.3103658;-0.42103428,-0.1085845,-0.28620538;0.87403435,0.39911824,0.019734241;0.39251015,-0.056024347,0.13756183;-0.50684994,0.36609504,-1.3017735;0.038994998,-2.183853,0.11022618;-0.2775511,0.21619773,2.5054276;1.2516572,0.06281303,-1.1742284;1.0375023,-0.89859897,-0.45965302;-0.6643246,-1.5296805,0.39750558;2.3075411,-0.58357286,-1.8030552;-0.07991179,-0.87191296,-0.14987804;0.9469546,-1.2667413,-0.7149275;-0.9054049,0.49824652,-0.11471293;-1.2008196,0.7615476,-0.21206094;-0.09353292,0.32375896,0.95574355;-0.87158096,0.9851238,-0.77717537;-0.26727214,0.095318146,-1.2322166;0.033137295,-0.75486004,-0.38462856;-0.3015012,0.54360515,1.5335997;-0.32934657,0.19713704,2.4797413;-1.2599034,-0.056452822,0.31670836;1.1190432,-0.11438868,-1.1999698;0.52663136,-1.955145,-0.27555734;-1.6183484,0.82716334,-0.32706806;-0.76660377,0.7835148,-1.0101174;-1.0319324,-1.5905654,0.78533393;-1.7656356,0.8487119,-0.25696078;1.4575111,0.22227845,-1.6373394;0.9899405,0.26037544,-0.054918896;-0.008835571,-2.0798748,0.23512417;0.7056975,2.637746,0.8737306;-0.8337558,-1.7570975,0.5271573;-0.37990072,0.5331642,2.0680816;-0.9322413,1.0759065,-0.85134286;0.03457594,0.12578464,0.66543543;-0.765728,0.2942337,0.42329803;-0.6742001,0.093350224,-0.10724346;0.08483297,0.0022863292,-0.39466742;-0.28569958,0.4579232,1.3380315;-0.2196943,-1.9900912,0.47702974;0.94479954,1.8980888,0.5156328;2.175724,-0.369124,-1.8678354;-0.85048366,-0.4814744,-0.06507475;-0.81681824,0.90077895,-0.97416425;0.55838174,-2.0535429,-0.11119681;-0.16775672,-0.9387774,-0.10728493;-0.27840796,0.35962936,1.2680207;-1.1111327,0.41111544,0.114828065;1.1529448,-0.12427955,-1.1498781;-0.96380466,0.27716032,0.13854416;-0.7425205,0.31438863,0.31361648;1.8395003,-0.06858373,-1.728826;0.1824112,-0.4934095,-0.39287868;0.5608205,-1.9432086,-0.10321192;-0.2776437,0.4326607,1.4750955;0.07214679,0.06651935,0.54139364;-0.09539812,-0.068310894,-1.1561455;-0.27538595,-1.862649,0.4695123;-0.18302953,-0.97895116,0.037987016;-1.104609,0.7656639,-0.59980786;-0.31645775,0.37038535,1.3292013;-0.22124399,0.35644928,1.2597992;0.325162,-0.41153565,0.064803705;-0.7801657,0.9967781,-1.1329383;0.84916216,2.293189,0.7308766;0.76043963,-0.78981256,-0.11911538;1.0149125,-0.3798755,-0.9407516;0.6160768,-0.6047076,-0.5903984;0.4351271,-0.2090677,0.1548649;-0.98968875,-1.7745779,0.6664427;-2.1587896,0.88598484,0.05163308;0.7675691,-0.24336301,-1.1447332;0.8556927,0.2685106,0.1537966;-0.2120095,-1.7904918,0.37837648;0.9321472,0.16476479,-0.114988804;-0.22313514,-1.10927,0.15851994;-0.9915945,-0.29098323,-0.024097871;0.872069,0.3166688,-0.04306927;-0.14855735,0.078225665,3.0441651;-0.32447574,0.29434687,2.2194593;0.08330671,0.23508567,0.5428681;-0.14019537,0.08103088,3.0623064;0.69064057,1.3104637,0.20226294;1.4190862,0.022226963,-1.4278204;-0.28340337,0.30717614,2.0722997;0.39030442,-2.1177227,-0.14625397;-2.2222636,0.8999905,0.10561865;0.95589507,1.6647005,0.57066566;-1.56766,0.27452788,0.3156427;1.1109138,-0.21867856,-1.2666116;0.8540716,-0.30721483,-0.4062594;-0.24336869,-1.1269637,0.15199889;-0.77025664,0.7995934,-1.1759746;0.6360278,1.5925777,0.6987573;0.78244036,1.8842705,0.5521276;-0.14630084,-1.8962493,0.40898252;0.04074164,-0.6705508,0.073262386;0.49805462,-2.0180147,-0.0710697;-0.9461865,1.014206,-0.8560649;-2.304111,0.99116415,0.14624667;-0.8432069,0.43557858,-1.0027232;-0.43195882,-0.10737317,-0.35158524;1.4121743,0.15009087,-1.935755;-0.30790967,0.08060973,2.658756;0.7097695,1.3378817,0.25389653;2.3893409,-0.6829978,-1.9158719;-0.2417741,0.38004348,1.4957293;0.79378384,1.557481,0.5951539;1.3211292,0.0926856,-1.3343068;-0.93045753,-1.7831364,0.624268;-0.034965705,-0.62886393,-0.0029814776;-2.026436,0.8787386,0.003075018;-1.308715,0.7136952,-0.08641832;0.39930996,1.227808,0.5009275;0.59933144,-1.9898063,-0.16918124;2.1114745,-0.468916,-1.8645499;-1.1632463,-0.2714374,0.18433996;-1.0329896,-1.6466576,0.8191597;0.8867521,-0.060556572,-0.88553715;-0.22138244,0.07342136,2.8736904;0.30652368,-2.1221843,0.032706156;-0.23797776,-1.1401505,0.15706578;0.602872,-0.18025127,0.0073100906;-0.041016553,-0.61726874,0.19766954;-0.23309776,0.34061992,1.1479033;0.5062099,-0.62490225,0.07562661;-0.27635765,-1.832978,0.37550744;-1.1632205,-0.2806878,0.21284497;-0.23606388,0.084374204,0.041666623;-0.27185065,0.5190006,2.1887424;0.6635679,0.7405189,0.14036529;1.0703597,-0.6445172,-1.0019987;-2.3368561,1.0062395,0.12863249;1.4138185,0.17384902,-1.9011856;-0.31299958,0.27036834,2.3039927;-0.61761147,-1.7266846,0.21679299;-0.26709467,0.08427058,-1.2202796;-0.39792493,-0.042656794,-0.22561355;0.2272196,-2.0803883,-0.11743741;-0.15838003,-1.9997654,0.33411768;-0.36168385,0.14453906,-1.2196809;-0.7353571,-1.6163875,0.51784045;-0.008075562,-0.71531665,-0.4103765;-0.4796257,0.31088355,0.10110736;2.4007564,-0.6819765,-1.8903126;1.1873319,-0.95365816,-0.70715004;-0.65977883,-1.3094028,0.5122091;-0.9814307,-0.36169848,0.026393728;1.0220575,0.25200418,-0.041518476;-0.68536156,0.3964838,-1.2735556;-1.6158483,0.7751839,-0.4137862;-1.9853269,0.71259147,0.19473507;0.24824509,0.19152483,-0.49797884;0.6308179,1.8446448,0.59270453;-1.6469399,0.21648304,0.37715298;-0.95738614,1.0756855,-0.9130692;0.64567906,1.5563264,0.6927269;0.18219629,-0.10214891,0.025909012;-1.5731744,0.035813898,0.46570808;0.7258037,2.631142,0.9124444;0.5426846,0.51662225,0.21307245;0.9735515,1.6626045,0.4502421;0.18128657,-0.8052972,-0.38275188;0.99959177,-0.63139033,-1.0713168;0.83349085,2.4341161,0.7895131;-0.21152127,-1.8013465,0.33466384;-1.4918736,0.11704376,0.21612778;-0.41669843,-0.007482367,0.06085828;-0.34089598,-1.5547831,0.36982045;0.72670025,2.5087621,0.84608614;-0.8788535,0.30072924,-0.5829271;-1.5590768,-0.03952382,0.443829;-1.5452409,0.1508506,0.23006786;-0.27291402,0.44831708,1.7921853;0.8725839,2.3196886,0.7157839;-0.1343117,0.15781054,0.7455447;0.81305987,-0.70865005,-0.046615582;-2.308013,0.9872153,0.17140298;0.31012014,-1.892632,-0.13726977;-1.0818028,-1.8369712,0.7731661;0.9441436,-0.3133088,-1.2083226;-1.1527905,0.6062156,-0.45949644;-0.9600157,-1.5237846,0.7932908;-0.29061943,0.5172237,1.9419307;-1.6224803,0.20673162,0.42954367;0.1559144,0.0298876,0.52138394;-0.62629664,-1.4770857,0.41645032;-0.0426437,-0.8022434,-0.2921883;0.7133117,-0.35571173,-1.1245599;0.9264799,1.3858322,0.50235677;0.4469057,-2.007742,-0.011433604;0.5386397,0.72188884,0.14215662;-0.22048809,0.51039094,1.9771492;-0.5576094,-1.6263707,0.20262958;2.1433566,-0.30515245,-1.7694615;1.0573623,-0.42093712,-0.9662038;0.070541084,0.115428686,0.3279601;-0.5678421,-1.6448336,0.24539892;-0.19512035,0.1336744,0.2966388;-1.1720221,-1.7710806,0.8752334;0.12723595,-0.5402155,0.035148203;0.8926452,-0.81485474,-0.024530463;0.5423835,-0.62360454,0.06665624;-0.9990164,0.5649201,-0.13441375;2.0095773,-0.27490774,-1.7347028;-0.27906284,-1.9337717,0.46790206;-1.75299,0.8344179,0.24692461;-0.26183513,-1.1008469,0.033062242;0.89305604,-1.0753886,-0.78931046;-2.383328,1.0237552,0.10676276;-0.64144367,-0.022611538,-0.09524029;0.55955136,1.9916854,0.5161963;0.86861163,-0.037286874,-0.39957383;0.62438756,-1.8558705,-0.28651023;-0.83627415,-1.8538512,0.47713533;0.9604374,0.21237834,-0.09201678;-1.0546305,0.38238582,0.2701598;-0.036636043,-1.7697612,0.22004956;0.79548705,-1.0174671,-0.77232456;-1.0174931,0.9411345,-0.89665204;-1.3996036,0.36447477,0.1564335;-0.7293467,0.6516266,-1.1996182;0.6202692,1.8787521,0.7893361;2.3806663,-0.6513017,-1.9510503;2.41119,-0.6792929,-1.8340591;-1.46224,0.72919816,-0.49396086;0.1175516,-0.1417511,-0.57974327;0.29097828,-0.111703776,-0.4452962;0.5643004,-2.0189517,-0.11821883;-0.116501436,-2.0543494,0.34624085;0.479034,-2.1011777,-0.034950897;0.14381053,0.0058404203,0.65951294;-0.14329731,0.35306546,2.637765;-0.42268345,0.36029777,-1.352837;0.8649711,2.3427885,0.7413348;-0.13847905,0.12915325,0.8236576;-1.8970546,0.8292051,0.44990295;-0.7581459,0.31972855,0.28369716;0.7332007,-0.97632706,-0.6742818;-0.2939661,0.27758116,2.431964;-0.07661352,0.1060898,0.34439635;0.764366,-0.2186246,-0.84919375;0.45253685,0.011711417,0.12952971;2.154398,-0.40415365,-1.8246859;-1.5113446,0.7563074,-0.4791358;-0.14054449,0.3210946,0.98750013;-1.1151122,-0.31010237,0.18342191;0.54690254,-0.27524507,-0.07561412;-0.77592963,0.2628639,-0.3571407;0.7002312,1.8911135,0.5555749;-1.5056558,0.82210964,-0.35521296;0.054698203,-0.6382391,-0.2926704;0.103718095,0.20399316,0.645114;1.6789745,-0.10741795,-1.8729309;-0.3211882,-1.4118917,0.29880401;1.0653095,-0.08207564,-1.4028474;1.0736104,-0.97778636,-0.7987971;0.3119292,-2.146166,-0.042745486;-0.13259754,-0.86442375,-0.040727645;2.1433566,-0.3051526,-1.7694614;-0.1900118,-2.117394,0.3767027;0.18481985,-1.028919,-0.33334032;-0.20820256,0.5538606,1.3193692;-0.3058075,0.6938638,2.2226102;0.6964926,1.3361174,0.22387806;0.75802475,0.36245894,0.17232624;-0.25933868,0.34808812,1.1162078;-0.63368046,-0.089908816,-0.25307143;1.2928662,0.11468188,-1.5164343;0.9803192,0.2328235,-0.07831396;0.24368468,-0.4513545,0.041531216;0.13074546,-2.218707,-0.108738326;-0.75592446,0.34238362,-0.39112514;0.7861396,-0.26909047,-0.22796421;0.78154045,0.8820709,0.1472483;-1.6983545,0.11613758,0.48759118;-1.0271449,0.88929576,-0.8350341;-0.15896846,0.3807457,1.0548451;0.7756573,-0.80707395,-0.2672693;1.8341761,-0.07840866,-1.7393714;0.92089766,1.210401,0.40708473;-0.1495356,0.5144089,1.9225091;-0.25622174,0.46904853,1.8934308;0.8655708,1.5681757,0.42256704;2.3179257,-0.60558146,-1.8353348;-0.27186948,0.37085167,1.5277026;0.25811607,-0.032677352,0.48300067;0.8170476,2.5539834,1.081229;-0.23256259,0.43488705,2.472603;-0.13200454,0.11509202,0.7851273;0.7531144,-0.8278522,-0.08252897;0.6672424,0.73158526,0.19234055;-0.9877975,-1.6312182,0.4912143;0.046465036,-0.7834963,-0.34514883;1.1542798,-0.18333814,-1.2572399;0.11122005,-0.21998055,-0.7718715;-0.41644394,0.36130792,-1.3522388;-0.95099443,0.44499388,-0.044795416;0.14883637,-0.1488796,0.005245315;-0.1293481,-2.0951934,0.35865548;-0.415975,-1.0183935,0.3413066;-1.4006097,0.64250386,-0.52980244;1.0867554,-0.8608787,-0.86006033;-0.04806376,0.24995708,0.40244865;2.0361283,-0.26231605,-1.7960386;-0.71936005,0.6169828,-1.1729908;-1.8468875,0.35288927,0.4421712;0.08623083,-0.14845705,0.100915335;0.9829192,-1.170704,-0.77649343;-0.26403564,0.33660457,2.5287473;-0.09206166,0.067279674,0.24473265;-0.3309182,0.39051378,2.7835317;-1.0293952,0.88205796,-0.7865312;0.79743886,-0.02443301,-0.91826224;0.7960529,2.103769,0.763602;1.8722756,-0.109040394,-1.7513525;0.46281236,-0.1147425,-0.6132825;1.1478623,-0.26691207,-1.1791611;-1.3263295,-0.17944738,0.31250024;0.94566256,2.2809668,0.6699623;1.9432241,-0.18112735,-1.7630135;0.8633728,-0.27631867,-0.48898664;-1.4827824,0.6888554,-0.48699862;0.75874406,0.560821,0.1748351;1.0581616,1.9854299,0.57049;0.7564295,0.20120956,0.13147412;0.44265446,-0.54662615,-0.41125748;-0.31970882,0.31429246,2.1624622;0.0047541135,-0.84567356,0.059295982;-2.1398637,0.8659969,0.1279016;-0.33676228,-0.117274545,-0.08750287;2.0223684,-0.34695885,-1.8260239;0.74661624,-0.054265022,-0.7264172;-0.08774201,-0.075588726,-1.1523919;-2.330179,0.9890295,0.11347488;0.43458247,-0.41710672,-0.2341297;0.7426545,-0.23895967,-0.9981937;1.0287625,-0.9696063,-0.43911946;-0.5981969,0.1322621,0.19455871;0.9495645,1.8158623,0.5084558;0.90857416,1.3661184,0.40177813;-0.12822254,0.14658643,0.8690402;-0.26782286,0.47053435,1.8035983;-1.3594855,0.424172,0.1596222;0.8982741,2.4003935,0.7644503;-0.9717916,-0.3864724,0.029293824;-0.67657906,0.68853617,-0.9617838;-0.08927566,0.1464996,0.38110712;-0.58841985,0.33631048,-0.22597659;0.89200705,1.8459206,0.43620571;-1.4134619,0.023023972,0.2938444;-1.0213037,0.40867662,0.28471896;-1.3878915,1.0121763,-0.2532047;-0.67555493,0.42155588,-0.22774889;0.78721136,0.798296,0.13344781;-0.74020183,0.05679001,-0.20148084;2.3826945,-0.65889853,-1.8885274;0.72513753,0.71144146,0.07022314;1.3736296,0.32845563,-1.6541606;-0.9839028,-1.8032495,0.6621935;0.16555542,-0.71530277,-0.40686572;-0.47869465,0.20724852,0.05030212;-0.9061401,0.9988212,-0.95362157;0.17514753,-0.5751642,-0.35978144;-1.7850604,0.30006808,0.42679006;1.4205801,0.14027432,-1.5892564;1.7701365,-0.013290846,-1.6951439;0.8379785,-0.15598126,-0.83578026;-0.16548327,0.64571935,1.1640716;0.93196064,2.1642237,0.6117419;0.7295912,0.17651348,0.13437827;0.58709586,-0.121170744,-0.44938597;0.2404474,-0.25745127,-0.801177;1.3984059,0.32066533,-1.4487344;-0.66557795,-1.5840994,0.39133927;2.0658395,-0.4186339,-1.8215994;-1.820828,0.25885218,0.48947957;-1.5699677,0.8396278,-0.3896905;-0.28817874,0.35858637,1.6229103;-0.63651747,0.35949227,-1.1585758;-0.36447746,-0.22448131,-0.3393983;-1.4408625,-0.12741202,0.39330238;-0.23675603,-1.7243283,0.2884057;-0.038775332,-0.6279336,0.19171518;1.074397,1.8114574,0.6948291;0.16264865,0.60856986,0.24709855;-1.3906618,0.7502485,-0.5399364;1.0527791,-0.9090698,-0.485407;1.5087357,-0.028059926,-1.5850705;-1.2382143,0.6366565,-0.5660473;-0.65428734,-1.6411572,0.33063248;1.1064134,-0.5321613,-1.0700841;1.1368939,-0.4814077,-0.49860492;-1.8629098,0.86071527,0.35953212;-0.089678444,0.3285791,0.9618153;1.1041818,-0.7028114,-0.6121581;-0.11312829,0.15140462,0.78239256;-1.2020671,-0.2392918,0.27548236;-0.8342992,-1.6807859,0.43721116;0.81821996,-0.3916133,-1.1749408;-0.9775276,-1.7695143,0.5543949;-0.7926366,0.7663888,-1.1638255;-1.1432964,0.7000863,-0.45943165;0.93120986,-0.8458711,-0.23692895;-0.31499842,0.25113177,2.3903463;2.0031123,-0.14374591,-1.7403303;1.1241713,-0.49610335,-0.7295703;1.0509498,-0.90644777,-0.50917125;-0.6136378,0.97552437,-1.1269112;-0.86000353,-1.8529056,0.5262234;-0.4133157,0.21592808,-1.252994;-0.7442318,0.44097105,-0.22726366;1.1610756,0.032488897,-1.4397357;0.07683079,-0.08955352,-0.16162772;-1.1332803,0.5350617,-0.606833;-0.37648413,0.18328735,-0.095724285;-1.8885927,0.8311895,0.3606154;0.9929715,-1.1990755,-0.6994236;0.5238423,0.519838,0.2220474;0.7498527,2.6348338,0.9744284;0.7642208,-0.31547803,-0.28499097;1.1815344,-0.9422889,-0.63849497;-0.80025977,0.40077406,-0.253168;0.6861177,2.215833,0.6915356;-1.4569601,0.80666846,-0.4672036;-1.4759127,0.9344383,-0.24454181;0.4952396,-0.33338785,-0.9079545;-1.3528901,0.57370484,-0.48626515;0.90371305,-1.2394327,-0.65135235;-2.1662269,0.8871804,0.19889449;1.0428779,-0.504903,-1.1036416;-0.92219454,0.39781672,-0.76867133;-0.16869396,-0.95144194,0.15969594;-1.3112761,0.71554214,-0.50019187;0.726645,2.0281115,0.6347527;-0.26930925,-1.9556587,0.5015186;-0.64393735,-1.2334191,0.51840556;-0.9898986,-0.35818568,0.036153648;-0.546646,-0.10611297,-0.19640057;0.8819897,2.1979728,0.6801154;0.1511546,0.12657827,0.1622431;0.24663582,-0.34077558,-0.49700058;-1.6654558,0.09729629,0.3682287;-1.246042,0.23100686,0.3255316;-0.47776383,0.2085579,-1.1793535;-0.39196643,0.2353404,-1.2815388;-0.30618906,0.39869645,1.7689656;0.45374727,1.023799,0.35299742;-0.3712818,0.09321038,-0.1710285;0.8347435,2.364314,0.7608825;0.5532642,0.12580818,0.17499404;1.2279207,0.09436324,-1.5226852;-0.88985145,-0.38383088,-0.091135085;0.6918674,-0.7836555,-0.3798713;-0.8248747,0.70952713,-1.1665063;1.0840542,-0.46546623,-1.1010703;-0.54607856,-1.8506227,0.53020644;0.8497522,-0.23130456,-1.1320603;-0.19980708,0.3963429,2.6579967;0.93392736,2.1251729,0.6341487;1.5077024,0.16723447,-1.4797306;0.8070237,-0.5938714,-0.4394615;0.107100956,0.26014477,0.6815945;0.0717952,-2.0192018,0.19489284;1.9914615,-0.21375404,-1.7670484;1.021662,-0.10491739,-1.271121;1.1514522,-0.9154083,-0.83690965;-1.9149588,0.8623172,-0.11598765;0.08338167,-0.23711212,-0.8233563;0.9598941,2.0095348,0.62934583;0.4834294,0.6509431,0.26988268;0.35064846,-0.19576395,-0.6667709;-0.42864525,0.17437635,2.641577;0.10599656,-0.1326942,0.25969318;-0.8089545,-1.8430855,0.45661515;-0.7814978,-1.6452042,0.5440515;0.7727737,-0.26932675,-0.23539566;0.7857194,-0.26168767,-0.49232438;-0.045378856,0.022431735,0.45794424;-1.0891796,-1.7236264,0.79961354;-0.8579736,-0.47172353,-0.067487985;0.7005699,-0.3337376,-1.1198283;0.5857737,-1.9812976,-0.14080954;-0.6543496,-1.4460486,0.3470976;0.33375722,-2.0908618,0.007501527;-0.54941607,-1.1621848,0.45128673;0.24412422,-2.1324785,0.020539476;-0.28333646,0.3982141,1.7030253;-0.7710394,0.80799806,-1.1530224;1.5603597,0.021615265,-1.597667;0.90932566,0.35394824,-0.035301283;-0.7323134,0.7023908,-0.9573608;-0.12344525,0.4029554,0.9726328;-2.0630493,0.8399954,0.09184968;0.7914974,2.5740392,0.9834671;0.21757215,-2.0587544,-0.051111113;-0.14698145,-0.90028656,0.12637736;0.42543283,-0.1738276,0.27060628;-1.8764155,0.20077652,0.50889933;-1.0229404,-1.7337961,0.69910586;0.7304986,2.5895529,0.90091974;-1.794179,0.29810953,0.39413664;-1.0048271,0.26177454,0.0737885;0.1356528,-0.10506269,-0.31097314;0.9813542,2.091697,0.57503176;0.74511474,-0.16429111,-0.23113415;0.17035575,-0.0033075681,0.5447773;-0.23147957,0.19700995,0.3422618;-0.44742486,-0.14057313,-0.47181946;-0.11788767,-2.0734923,0.32974765;-1.9244226,0.663706,0.1827846;-1.4839458,1.0026745,-0.13706388;0.96023107,-0.8718891,-0.1006832;-0.5792554,0.09092456,0.08401604;0.14410228,-2.0669124,0.20547919;-0.35110608,-1.7399185,0.23731305;-1.4477189,-0.17892857,0.40959212;0.07657748,-0.17735137,-0.31442526;1.0304183,-1.2019334,-0.7333084;0.7096534,1.3272179,0.24587525;-0.8415796,0.88226384,-1.1626457;0.65082824,1.9790202,0.8234267;-1.361749,0.42721477,0.120723896;-1.5725534,0.8551963,-0.1548308;-0.8981198,0.89742595,-1.0770663;0.710757,0.6558599,0.05616495;-1.4689193,0.06376207,0.21124855;0.3472072,-0.044619404,0.37403762;0.07095805,-0.24587162,-0.8189798;1.3994633,0.22553243,-1.8568414;0.56371975,-0.38930634,-0.8929266;0.9073456,1.6337045,0.5310429;0.7060233,-0.76692706,-0.0732447;0.3894536,1.2260215,0.50514257;1.0340841,2.0387313,0.5934639;-0.17379361,0.20653467,2.7570815;0.17887641,-0.14665234,0.3095834;0.55171055,-0.38225582,-0.69787335;-0.26469967,0.099201106,-1.2344618;-1.0707798,-1.6830714,0.72469056;-0.6960439,-1.7374144,0.3470045;-0.46118835,-0.13577054,-0.45863008;0.92587775,-1.1683269,-0.68783957;1.0231454,1.9757344,0.57109725;-0.35256845,0.19839603,2.507233;-1.4599485,0.10529275,0.21237786;0.84783274,1.3403689,0.48041067;0.75792485,-0.17659625,-0.61990595;-0.6851881,-1.4941726,0.52864885;0.9918005,-0.51547366,-1.1072592;-2.0467231,0.8431685,0.32969153;-2.0142787,0.7536604,0.13760094;-0.3213821,-0.013818645,2.7953515;-0.74968094,-1.7347047,0.52731365;1.3196231,0.030572858,-1.4098274;-0.05758572,-0.10245345,-1.137198;-0.3749715,0.18515997,2.8982527;-0.62623,0.8321268,-1.2124223;2.2483878,-0.53860205,-1.8449724;-1.2215297,0.661813,-0.55343896;-1.3572443,0.5629238,-0.48617178;-0.57319784,-1.3314908,0.45356324;-0.97244185,0.8552039,-1.0754205;-0.24822743,0.3950862,0.984775;-1.637841,0.20103636,0.40366283;-0.72227657,0.20772675,0.031257987;0.554865,-0.2807862,-0.29655895;0.122538656,-0.9139156,-0.2897362;0.5527347,-0.79515225,-0.54711264;-0.119726904,-2.0664883,0.3728116;-0.56217974,0.19373353,-1.0427195;-0.7027301,0.52718735,-0.81414884;-0.27816182,0.42254126,1.393021;-1.2685146,0.49123237,0.010902204;-0.9712931,0.9835041,-0.9794807;2.0943973,-0.23530562,-1.7883952;1.197548,0.17442934,-1.4620981;0.31957242,-0.1556259,0.3683929;-0.30383757,-1.7318776,0.23972996;-2.2030005,0.9242316,0.13928825;-0.2727783,0.0077123055,2.8943524;0.18032658,-0.06475092,0.3078977;0.048633873,-0.1482976,0.32202226;-0.9557071,0.5016838,-0.113940835;-1.2073425,0.578945,-0.5806024;-0.31920213,0.4213288,1.5111414;0.5942241,0.6966497,0.2210632;0.001969657,0.14854626,0.7712604;0.4505893,-2.030115,-0.22424787;-1.5061064,0.10717771,0.35813174;0.9884092,-0.9108146,-0.86979073;1.1537602,-0.94840026,-0.856431;-0.56931317,-1.5910897,0.3091004;0.47163904,1.0470042,0.3577065;0.85521305,0.4728726,0.016420925;2.4156842,-0.7024568,-1.8674587;0.7168602,-0.34585568,-1.136412;-1.0304651,-0.33755118,0.07424411;0.16082476,-0.32799584,-0.52722335;1.4521767,0.072958805,-1.6581807;-0.31975046,0.4725711,2.0130563;1.7482665,0.09540483,-1.6583552;-1.2155639,-0.21661706,0.35739964;0.6781014,-0.20067488,-0.8097227;-1.0239445,-1.6321228,0.5626825;-1.2242318,0.6934105,-0.56326324;1.0986029,-1.1801934,-0.68257123;-0.29263452,-1.3705921,0.28037196;-1.4203143,0.033986695,0.32638633;-0.26158774,0.351088,1.2379231;1.3707457,-0.007387161,-1.4065458;0.7838976,-1.0167062,-0.7732422;-1.548784,0.82495075,-0.2913452;0.6681893,1.2120662,0.2203333;0.71572924,1.1809279,0.20554711;0.9464958,-0.7990519,-0.26606494;-0.8243003,0.15205066,-0.45448604;2.1916595,-0.3914704,-1.80728;2.412484,-0.61588734,-1.7928048;0.8875067,2.3775733,0.88990045;-0.14786056,0.07708411,3.0490215;0.9082447,1.0196902,0.38989875;0.12608248,0.05448759,-0.547811;0.44233486,0.611352,0.2960801;-0.20118365,0.08224984,2.8311684;-1.9439173,0.6577376,0.31422842;-1.0138149,0.41940737,-0.54420745;1.797601,-0.117599025,-1.8071114;0.26724753,0.24946421,-0.4835923
