data_set
babi-q1
num_classes
6
data_points
1000
model
saved_models/babi-q1-e0167.ckpt
color_schema
#4E79A7,#F28E2B,#E15759,#76B7B2,#59A14F,#EDC948,#B07AA1,#FF9DA7,#9C755F,#BAB0AC
test_accuracy
0.901
test_loss
0.34937496316432953
train_accuracy
0.96625
train_loss
0.10036825076863169
val_accuracy
0.925
val_loss
0.26378149464726447
labels
12,9,15,12,15,12,11,12,17,17,15,11,17,10,10,15,11,15,17,15,12,17,17,12,10,10,10,15,15,15,12,17,15,15,9,17,9,11,15,10,9,11,9,12,11,15,12,9,17,10,10,17,11,11,15,10,15,12,11,12,12,17,9,11,11,15,15,9,17,17,11,12,11,10,9,15,15,15,12,17,11,9,10,11,17,11,11,12,15,15,9,9,12,9,9,15,15,15,10,10,10,9,17,11,11,12,10,9,17,10,9,9,15,12,15,11,17,15,9,17,10,9,10,12,10,17,11,11,11,9,11,12,9,11,15,9,17,15,9,9,17,12,12,17,10,15,15,15,15,15,11,11,9,17,10,9,11,10,17,12,10,10,10,11,9,11,11,11,15,10,17,17,11,9,9,17,15,10,17,17,12,12,12,12,10,9,17,11,15,17,12,15,11,12,12,11,17,15,9,10,12,17,17,10,12,9,15,12,9,12,9,10,12,10,9,10,9,12,12,9,9,12,15,12,10,17,12,11,9,9,17,11,12,17,12,10,10,10,10,17,12,15,11,11,15,15,11,11,11,11,10,17,9,9,10,10,17,17,15,11,11,17,12,17,17,9,11,10,9,10,15,17,17,15,9,17,15,12,17,9,9,11,17,17,11,17,9,17,11,9,15,15,10,15,15,11,11,12,12,9,9,9,9,17,12,11,9,17,17,15,11,11,17,10,11,17,10,17,17,11,11,15,15,11,11,9,10,11,11,10,15,17,15,10,10,17,12,17,12,12,12,11,17,15,11,17,12,12,15,15,10,11,11,10,10,9,17,12,11,12,11,9,11,11,11,11,11,12,12,12,12,12,11,11,17,10,15,9,9,10,9,10,10,17,17,15,17,17,17,15,15,12,9,10,17,17,10,17,9,11,10,11,10,15,17,15,12,10,11,15,10,11,9,12,17,10,10,15,12,9,12,12,9,12,10,15,15,17,10,10,17,15,15,15,17,11,15,9,10,11,10,12,9,11,10,11,10,12,11,15,15,15,15,11,9,15,10,12,11,12,9,11,10,17,11,11,10,10,10,17,12,17,17,9,15,11,9,15,11,9,10,10,12,12,11,10,9,12,10,9,15,10,10,11,11,15,15,10,12,12,15,11,9,12,9,15,10,17,17,10,10,17,10,10,17,9,9,10,12,11,17,17,12,12,11,12,17,11,11,12,11,11,11,17,9,11,10,12,12,10,11,17,12,12,15,11,15,15,12,10,10,9,17,10,15,12,15,10,10,10,11,10,11,15,10,9,9,15,10,10,10,10,15,15,17,9,10,12,10,10,12,12,11,15,10,10,11,12,10,10,17,12,17,11,9,9,17,17,11,10,10,10,15,15,17,11,15,12,11,10,15,17,9,11,9,17,15,12,15,17,11,17,17,15,9,10,9,9,10,10,9,10,10,15,11,11,11,15,12,9,11,11,10,17,11,11,12,17,15,15,9,11,15,15,11,9,15,15,11,15,15,15,11,10,10,9,17,17,17,17,10,10,17,9,15,9,17,12,12,12,15,15,15,17,9,11,9,17,9,12,11,9,9,17,11,11,11,10,15,10,12,12,9,9,17,12,12,9,17,12,11,11,15,15,12,11,12,17,12,17,11,12,11,17,17,11,17,9,11,9,10,10,12,17,10,12,9,9,9,15,11,11,15,17,9,10,9,12,17,15,17,17,12,10,12,11,11,17,15,9,17,10,9,11,12,15,9,15,12,10,9,10,17,17,15,15,9,9,9,17,10,17,17,9,12,17,17,12,12,11,11,11,11,17,11,17,17,17,17,17,12,9,17,10,17,11,10,10,12,12,11,11,17,12,12,17,17,15,11,17,11,11,9,12,9,17,9,10,9,15,11,9,11,15,10,9,9,9,17,12,11,11,17,15,15,10,10,11,11,17,10,12,9,10,10,10,10,10,15,17,9,11,17,15,12,11,10,10,15,12,10,11,12,12,11,11,11,15,12,17,10,12,17,17,12,10,10,12,17,10,11,17,11,12,17,17,11,12,11,17,9,9,11,17,11,11,15,15,17,17,10,10,17,12,11,15,12,11,11,10,9,12,12,15,10,9,17,15,17,9,17,17,10,17,15,12,12,11,10,10,10,17,17,15,12,17,9,9,15,10,12,15,15,15,17,17,15,11,15,10,12,9,9,10,11,11,9,9,12,15,9,15,9,12,12,10,17,17,10,12,15,9,10,17,11,11,11,17,9,9,11,15,11,11,11,15,12,17,9,10
pred_labels
12,9,15,12,15,12,11,12,17,17,15,11,17,10,10,15,11,15,15,12,12,17,17,12,10,10,10,15,12,15,12,17,15,15,9,17,9,11,15,11,9,11,11,12,11,15,12,9,17,10,10,17,11,15,11,10,15,12,12,17,12,17,9,11,11,15,15,9,17,17,11,12,11,10,9,15,11,15,12,17,11,9,10,15,17,11,11,12,15,15,9,9,12,9,9,15,15,15,10,10,10,9,17,11,11,12,10,9,17,10,9,9,15,12,15,11,17,15,9,17,10,9,9,17,10,17,11,11,11,9,11,10,9,11,15,9,17,15,9,9,17,12,17,17,10,15,15,15,15,11,11,11,9,17,10,9,11,10,17,12,10,10,10,11,9,11,11,11,15,10,17,17,11,9,9,17,15,10,17,17,12,12,12,12,10,9,17,11,15,17,12,15,11,12,11,11,17,11,9,10,12,17,12,10,12,9,15,12,9,9,9,10,12,10,11,10,9,12,12,11,9,12,15,15,10,17,17,11,9,9,17,11,12,17,17,10,10,12,10,10,12,15,11,15,15,15,11,11,17,11,10,17,9,9,10,10,17,17,15,11,11,17,12,17,17,9,11,10,9,10,15,17,15,15,15,17,15,12,17,9,9,11,17,12,11,17,9,9,11,9,15,15,10,15,15,11,11,12,12,9,9,11,15,17,17,11,9,17,17,15,11,11,17,10,12,17,10,17,15,11,11,15,15,11,17,9,10,11,15,10,15,17,15,10,10,17,12,15,12,11,12,11,17,15,11,17,17,12,10,15,10,11,11,10,10,9,17,12,11,12,11,9,11,11,11,11,11,12,12,12,12,12,11,11,17,10,15,9,11,10,9,10,10,17,17,15,17,17,17,15,15,12,9,10,17,17,10,17,9,11,10,11,10,15,17,15,15,12,11,15,10,11,9,12,17,10,10,15,12,9,12,12,9,12,10,15,15,17,10,10,17,15,15,11,17,11,15,9,11,15,10,12,9,11,10,11,10,12,11,15,15,15,15,11,9,15,10,12,11,12,9,11,10,17,11,11,10,10,10,17,12,17,17,9,15,11,9,15,11,9,10,10,12,12,11,10,9,12,10,9,15,10,10,11,11,15,15,10,12,12,15,11,9,12,9,15,10,17,17,10,10,17,10,17,15,9,9,10,12,11,17,17,12,12,11,12,17,11,11,12,11,11,11,12,9,11,10,12,12,10,11,17,12,12,15,11,15,15,12,10,10,9,17,10,15,12,15,10,10,9,11,10,11,15,10,9,9,15,10,15,10,10,15,15,17,9,10,12,10,9,12,17,11,11,10,10,11,12,10,10,17,12,17,11,9,9,17,17,11,10,10,10,15,15,17,11,15,12,12,10,15,15,9,11,9,17,15,12,11,17,11,17,17,15,9,10,9,11,10,10,9,10,10,15,11,11,11,15,17,9,11,11,10,17,11,11,12,17,15,11,9,11,15,15,11,9,15,15,11,15,15,12,11,10,10,9,17,17,17,15,10,10,17,9,15,9,17,12,15,9,15,15,15,17,9,11,9,17,9,12,11,9,11,17,11,11,11,10,15,10,12,12,9,9,17,12,12,9,12,12,11,11,15,15,12,11,12,17,15,17,11,12,10,17,17,11,17,9,11,9,10,10,12,17,10,12,9,9,9,15,11,11,15,17,9,10,9,12,17,15,17,17,12,10,10,11,11,17,11,9,17,10,9,11,12,15,9,15,12,10,9,10,17,17,11,15,9,9,9,17,10,17,17,9,12,17,17,12,17,11,11,11,9,17,11,17,17,9,17,17,12,9,17,10,17,11,10,10,12,17,11,11,11,12,12,17,17,15,11,17,11,11,9,12,11,17,9,10,9,15,11,9,9,15,10,9,9,9,17,17,11,11,17,15,15,10,10,11,11,15,10,12,9,10,10,10,10,10,15,17,9,11,17,15,12,11,10,10,15,12,10,11,12,12,12,11,11,15,15,17,10,12,17,15,12,10,10,12,12,10,11,17,11,12,17,17,11,12,15,17,9,9,11,15,11,11,15,15,11,17,10,10,17,10,11,15,12,11,11,10,9,12,12,15,10,9,17,15,17,9,17,17,10,17,15,12,12,11,10,10,10,17,17,15,12,17,9,9,15,10,12,15,15,15,17,17,15,11,15,10,12,9,9,10,11,11,9,9,12,17,9,15,9,12,9,10,17,9,10,12,15,9,9,17,11,11,11,17,9,9,11,15,11,17,15,15,12,17,9,11
pred_correctness
True,True,True,True,True,True,True,True,True,True,True,True,True,True,True,True,True,True,False,False,True,True,True,True,True,True,True,True,False,True,True,True,True,True,True,True,True,True,True,False,True,True,False,True,True,True,True,True,True,True,True,True,True,False,False,True,True,True,False,False,True,True,True,True,True,True,True,True,True,True,True,True,True,True,True,True,False,True,True,True,True,True,True,False,True,True,True,True,True,True,True,True,True,True,True,True,True,True,True,True,True,True,True,True,True,True,True,True,True,True,True,True,True,True,True,True,True,True,True,True,True,True,False,False,True,True,True,True,True,True,True,False,True,True,True,True,True,True,True,True,True,True,False,True,True,True,True,True,True,False,True,True,True,True,True,True,True,True,True,True,True,True,True,True,True,True,True,True,True,True,True,True,True,True,True,True,True,True,True,True,True,True,True,True,True,True,True,True,True,True,True,True,True,True,False,True,True,False,True,True,True,True,False,True,True,True,True,True,True,False,True,True,True,True,False,True,True,True,True,False,True,True,True,False,True,True,False,True,True,True,True,True,True,True,False,True,True,False,True,False,True,True,True,False,True,True,True,True,False,True,True,True,True,True,True,True,True,True,True,True,True,True,True,True,True,True,True,True,True,True,True,True,False,True,False,True,True,True,True,True,True,True,True,False,True,True,True,False,True,True,True,True,True,True,True,True,True,True,True,True,True,False,False,True,False,True,True,True,True,True,True,True,True,True,False,True,True,True,False,True,True,True,True,True,False,True,True,True,False,True,True,True,True,True,True,True,True,False,True,False,True,True,True,True,True,True,False,True,False,True,True,True,True,True,True,True,True,True,True,True,True,True,True,True,True,True,True,True,True,True,True,True,True,True,True,True,True,True,False,True,True,True,True,True,True,True,True,True,True,True,True,True,True,True,True,True,True,True,True,True,True,True,True,True,True,True,False,False,True,True,True,True,True,True,True,True,True,True,True,True,True,True,True,True,True,True,True,True,True,True,True,True,True,False,True,True,True,True,False,False,True,True,True,True,True,True,True,True,True,True,True,True,True,True,True,True,True,True,True,True,True,True,True,True,True,True,True,True,True,True,True,True,True,True,True,True,True,True,True,True,True,True,True,True,True,True,True,True,True,True,True,True,True,True,True,True,True,True,True,True,True,True,True,True,True,True,True,True,True,True,True,True,True,False,False,True,True,True,True,True,True,True,True,True,True,True,True,True,True,True,True,True,True,False,True,True,True,True,True,True,True,True,True,True,True,True,True,True,True,True,True,True,True,True,True,True,True,True,True,False,True,True,True,True,True,True,True,True,True,False,True,True,True,True,True,True,True,True,True,False,True,False,True,False,True,True,True,True,True,True,True,True,True,True,True,True,True,True,True,True,True,True,True,True,True,True,True,True,False,True,True,False,True,True,True,True,True,True,False,True,True,True,True,True,True,True,True,False,True,True,True,True,True,True,True,True,True,True,False,True,True,True,True,True,True,True,True,True,True,False,True,True,True,True,True,True,True,True,True,True,True,False,True,True,True,True,True,True,True,False,True,True,True,True,True,True,True,True,False,False,True,True,True,True,True,True,True,True,True,True,True,True,False,True,True,True,True,True,True,True,True,True,True,True,True,True,True,True,False,True,True,True,True,True,True,True,True,True,False,True,True,True,False,True,True,True,True,True,True,True,True,True,True,True,True,True,True,True,True,True,True,True,True,True,True,True,True,True,True,True,True,True,True,True,False,True,True,True,False,True,True,True,True,True,True,True,True,True,True,True,True,True,True,True,False,True,True,True,True,True,True,True,True,True,True,True,True,True,False,True,True,True,False,True,True,True,True,False,True,True,True,True,True,True,True,True,True,True,True,False,True,True,False,True,True,True,True,True,True,True,True,True,True,True,False,True,True,True,True,True,True,True,False,True,True,True,True,True,True,False,True,True,True,True,True,True,True,True,True,False,True,True,True,True,True,True,True,True,True,True,True,True,True,True,True,True,True,True,True,True,True,True,True,True,False,True,True,True,False,True,True,True,True,False,True,True,True,True,False,True,True,True,True,True,True,True,True,True,False,True,True,True,True,False,True,True,True,True,False,True,True,True,True,False,True,True,True,True,True,True,True,True,True,True,True,True,True,True,True,True,True,True,True,True,True,True,True,True,True,True,True,True,True,True,True,True,True,True,True,True,True,True,True,True,True,True,True,True,True,True,True,True,True,True,True,True,True,True,True,False,True,True,True,True,False,True,True,False,True,True,True,True,False,True,True,True,True,True,True,True,True,True,True,False,False,True,True,True,True,False
p2d-kl
0.535933792591095
p2d-iter
599
p2d
0.7542691,2.0112607;-1.0172527,-1.1834269;0.6042449,-0.8470779;0.7453087,1.7995399;0.7431896,-1.1319609;0.93361753,1.7165841;-1.5311873,0.20811181;0.9528108,1.0776725;0.13185301,0.57968986;0.05358444,0.55840415;0.77897954,-1.0863689;-1.0775709,0.068405114;-0.00039961466,0.49899626;1.2418686,0.12240525;-0.4306836,-0.7442834;0.6104806,-0.8162253;-1.3122483,0.16725686;0.84510213,-1.4730769;-0.41108268,-0.4694949;0.057353627,0.27207676;0.9216045,1.6884437;-0.3959514,1.1926467;0.29348987,1.0984548;-0.73915136,-0.92333335;-0.30925554,-0.7417784;1.6117339,0.371342;1.6641954,0.46389008;0.7618745,-1.3537241;0.18685226,0.2813746;-0.31525365,0.05713075;0.72842723,1.605687;-0.36751428,1.2798274;0.8163616,-1.2789186;0.86610854,-1.4590471;-1.5422996,-1.9000019;-0.36843756,0.9982528;-1.0896348,-1.3917531;-0.90264815,-0.12622777;0.6203711,0.7578859;-0.24305159,-0.109965466;-1.4267126,-1.9961072;-1.0582129,-0.17071198;-0.4086368,-0.71428066;0.1424479,0.26563793;-1.2530868,0.17482418;0.24166934,-0.37734294;0.18663765,0.26476532;-1.5788898,-2.0473115;-0.46005386,1.0854474;1.8822573,-0.439179;1.7874514,-0.29828662;-0.22237633,1.1546028;-0.9155151,-0.08576669;-0.46838802,-0.5961914;-0.53306836,-0.71548444;1.6576911,0.43209293;0.40198454,-0.5343132;0.9476589,1.3688549;0.5618075,0.85377115;0.33190042,1.3939267;0.7529727,1.9411863;-0.47346866,1.1257554;-1.5037745,-2.122942;-0.83757526,-0.31802914;-0.77188957,-0.7133546;0.9123487,-1.4704581;0.049157735,-0.2999008;-0.5661022,-1.0453998;-0.11465545,1.4745574;0.5648678,0.77214146;-1.7546401,0.19490471;0.68250614,1.5690639;-1.2328842,0.13674796;1.8338525,-0.4682476;-1.5832151,-2.0721128;0.9487794,-1.4337951;-0.29661882,-0.23668717;0.8501072,-1.2525334;0.67627007,1.391762;-0.3360298,1.4248645;-1.7369016,0.30113393;-1.1937454,-1.3605303;1.7478342,-0.17390296;-0.10750276,-0.18651411;-0.39546412,1.3198562;-1.7322179,0.22386754;-1.6684797,0.17177449;0.755267,1.932482;0.92799634,-1.4358691;0.78244823,-1.3626227;-1.4956114,-1.9828576;-1.418806,-1.8831458;0.8730333,1.14911;-1.2286434,-1.5434479;-0.7175778,-1.158797;0.59926265,-0.76065534;0.37975293,-0.41071996;0.6872614,-0.9739609;1.2650229,0.116370656;-0.31548613,-0.9085413;1.708567,0.013980218;-1.1416448,-1.3426882;0.12917244,1.4029475;-0.9585704,-0.14093028;-0.62572527,-0.4115632;1.0206741,1.522741;1.8192513,-0.47249725;-0.56287766,-1.132912;0.0757122,1.3291584;1.7250271,-0.19005887;-1.3359568,-1.5105059;-0.71443,-0.9697446;0.8691902,-1.4908907;0.85218745,1.6506356;0.27060944,-0.27608308;-0.96938753,-0.121756285;0.3645408,1.0380582;0.49774882,-0.5313701;-0.48667577,-1.2002035;-0.25168818,0.767026;1.6827904,-0.1839412;-1.482582,-1.9221503;-0.5339987,-1.0632589;0.38082644,1.3444402;1.5598387,0.37620497;-0.30510253,1.2050277;-1.2615927,0.10820151;-0.16022092,-0.07083097;-1.6820533,0.35125118;-1.1828283,-1.3055729;-1.868124,0.24896117;1.1544256,0.30438176;-0.8823885,-1.2374657;-0.7005411,-0.26750737;-0.49915183,-0.5254749;-1.4909601,-2.0936484;0.11857653,1.4777212;0.9420278,-1.3579627;-1.220834,-1.2989416;-0.9943901,-0.8059266;-0.32365352,0.8524977;0.7636569,1.4757047;-0.14643684,0.37424806;0.2661057,1.3915334;1.9035108,-0.5380227;0.9000528,-1.3732504;0.06762183,-0.16270752;0.70089304,-0.8944437;0.7200236,-1.0413531;-0.48077965,-0.12610528;-1.5613977,0.21544324;-1.2077422,-0.018197201;-0.9306088,-1.0842167;0.11505001,1.3583174;1.8840898,-0.3810832;-1.2002537,-1.470187;-0.6515507,-0.4528817;1.3626064,0.32152438;-0.30469102,0.76166725;0.9036244,1.0661479;1.5961721,0.46506488;0.570997,0.19609675;1.8372111,-0.37736684;-1.0504525,-0.00783954;-0.82292944,-0.97155535;-1.7220913,0.29989588;0.090081304,0.03707611;-0.1107253,-0.10763646;0.51147777,-0.6396061;1.7526655,-0.22757666;-0.41692966,1.2199135;-0.015732968,0.53625315;0.08694175,-0.018088004;-1.2981471,-1.6323342;-1.0424751,-1.084706;-0.3009842,1.2100663;0.83235013,-1.1469555;1.5369148,0.17999429;-0.2807156,0.9187858;0.14360109,0.66449773;0.9837573,1.6249511;0.24691238,0.45591158;1.0623223,1.4688296;1.0195793,1.5139419;1.7210363,-0.24439627;-1.489898,-2.0795858;0.16566107,1.5633309;-1.0734302,0.05115003;0.5203042,-0.8269396;0.18340504,1.4688985;0.9769467,1.7089502;0.8944606,-1.318062;-1.7043481,0.43783802;0.7575873,1.8507352;-0.335989,-0.11716118;-1.8818959,0.3986924;0.4592512,0.12158409;-0.34355256,-0.12877963;-0.9423689,-1.039202;1.7682871,-0.3372882;0.7564324,1.6422007;-0.41369233,0.947849;0.17963594,0.3642195;1.9236276,-0.5475899;0.32078767,0.8097141;-1.4572971,-1.9591129;0.46770045,-0.5754217;0.7714027,2.029517;-1.2306503,-1.2686411;-0.84233963,-0.9532726;-1.1389486,-1.4039243;1.876117,-0.5172807;0.6821177,1.779724;0.6955524,0.2225297;-0.42261213,-0.6827836;1.4683331,0.25486362;-1.1660395,-1.4123511;0.9031087,1.5671009;0.767215,1.8342985;-0.7801659,-0.73012614;-1.0054625,-1.3434143;0.386511,1.0700948;0.86638916,-1.2246088;-0.059304234,-0.12526204;1.7253594,-0.21384999;-0.3799352,0.94945997;0.18286005,0.49415305;-1.2700698,0.088997096;-1.2846684,-1.5338874;-1.0059166,-0.81662387;-0.41981757,1.1134322;-0.6173548,-0.84975183;0.708415,1.8617878;-0.38624322,1.3845264;0.34737143,0.41249675;1.6850927,-0.08052585;1.3505737,0.41970262;-0.34033477,-0.80478334;1.7443249,-0.51997095;0.5592256,0.0511102;0.951248,1.29935;0.8667183,-1.3503342;-1.6189348,0.40638727;-0.45624354,-0.45085377;0.6394342,-0.797747;0.88559216,-1.428427;-1.5796646,0.16272666;-0.6882561,-0.14988068;-0.76413155,-0.8733271;-0.6811595,-0.12239378;1.780623,-0.41265592;0.32843456,0.28506935;-1.2577447,-1.6174943;-0.49327534,-1.1765803;1.6756846,-0.03325867;1.7166035,-0.113741755;-0.25713992,1.1725547;0.21389326,0.7921008;0.09263163,-0.35056773;-1.7404271,0.3390245;-1.9311358,0.4023316;-0.3383486,0.7151649;0.9525088,1.4256203;-0.3675129,0.9055945;0.18003733,0.84831476;-1.1252666,-1.3961109;-0.9570864,-0.092649005;1.6622281,0.48166963;-0.9042137,-1.1686805;1.8629819,-0.61037207;0.8563534,-1.3846072;-0.021256933,1.1810808;-0.15557611,0.061052874;0.7412925,-1.3697648;-0.28859207,0.030402737;-0.095159106,1.1058134;0.0062488737,-0.21531941;0.822333,1.9057549;0.2254769,1.470761;-1.0937102,-1.4301567;-1.4197048,-1.9900779;-1.1458815,0.061197292;-0.3108606,0.64407957;0.36598185,0.7270486;-1.5807983,0.32304803;-0.39126748,1.0243316;-0.7628289,-1.2199186;-0.3948202,-1.1304187;-1.2195135,0.13617384;-1.1253736,-1.3532089;0.95320266,-1.4912417;0.12955111,-0.18873717;1.7696177,-0.34664923;0.7420639,-1.1693139;0.73474634,-1.3284229;-1.0077893,-0.08102316;-0.65430474,-0.40975964;0.33599705,0.590812;0.7714192,1.6452922;-0.9419168,-1.3088897;-1.5300384,-2.0877016;-0.5483407,-0.8524856;-0.4708904,-0.55478984;-0.38004953,1.0362109;0.2579184,1.233939;-1.0907344,-0.11682748;-1.3672668,-1.7093147;0.09762034,1.348771;-0.45250183,-0.9620836;0.73084676,-1.0706822;-1.5498937,0.22515868;-0.50964016,-0.33045322;0.07429319,0.59515613;1.6695688,0.31057712;-0.2018808,-0.059159067;-0.35419047,1.1156646;1.8893019,-0.41468996;-0.30554587,1.3005925;0.6389317,0.75885475;-0.828867,0.14642411;-1.8201374,0.35146108;0.796271,-1.2338275;-0.103584774,-0.15746583;-1.5036026,0.38389653;0.29302576,0.2335745;-1.4612598,-1.9995564;1.5285861,0.28553075;-1.984173,0.33210975;0.019209608,-0.05597174;1.364386,0.43624523;0.6256113,-0.82844734;-0.39013156,0.9426923;0.5411611,-0.6230857;1.2609903,0.3256507;0.5270636,0.24459694;-0.016084917,1.3758179;0.9262414,1.3143035;-0.52172893,-0.6894391;1.0253354,1.4660661;-0.46904942,-0.75677615;0.95160186,1.6873627;-1.824014,0.2808194;-0.32791552,0.6944342;0.96117616,-1.3737854;-1.4886395,0.14110325;-0.35155037,1.083672;0.35570753,1.2603755;0.99517334,1.4115797;0.55666053,0.17527726;0.90435016,-1.428781;1.6813697,0.46074736;-0.7939919,-0.17142722;-1.700914,0.4052155;1.7638998,-0.13963328;0.5962599,0.07824896;-1.0596915,-1.3422593;-0.23901853,1.4099306;0.36282346,1.0693433;-1.8819261,0.3681816;0.9541316,1.5493561;-1.2515244,0.17162907;-0.99948853,-1.2189676;-0.81243193,-0.37145084;-0.8378871,0.1579667;-0.7119515,-0.37297797;-1.968824,0.38786134;-0.9743336,0.3082871;0.9487642,1.2509373;0.77727604,1.8718237;0.14272833,0.35740128;0.98513055,1.3342404;0.32374287,0.7186838;-0.84127635,-0.2500023;-0.27458635,-0.16085401;-0.35760164,0.8627662;1.6630642,-0.17567176;0.85997576,-1.332019;-1.0925971,-1.2106886;-0.49857202,-0.8681004;1.2870774,0.13284273;-1.4931308,-2.0676866;0.6440274,0.19628114;-0.38502702,-1.0363692;0.3438311,1.1765355;0.24377136,1.2344687;0.29871207,-0.4397935;-0.25142446,1.2347716;-0.3484391,0.6852672;0.49827725,0.082666546;0.59125614,-0.9096844;0.847749,-1.2826171;1.0263557,1.5600147;-0.8871815,-1.2895212;1.8995,-0.5743962;0.1861961,1.5017183;-0.39307445,1.2097999;1.3320204,0.50520355;0.2772803,1.6341304;-1.2440027,-1.5120648;-0.8303851,-0.3937961;1.7112161,-0.10139441;-1.891874,0.46100965;1.5523903,0.33375707;0.6969479,-1.1624688;-0.27619585,1.3803461;0.16898511,-0.32944006;0.5992883,0.7672848;0.32823563,0.72482026;-0.26931357,0.018262902;0.53498673,-0.67340404;1.7096938,0.053090077;-1.5662862,0.16768377;-1.5060447,-1.9222422;-0.13810508,0.44418216;-0.3603153,1.2834948;1.8445723,-0.5468333;0.6499566,0.22119372;0.47236854,-0.6035865;0.437973,1.221665;-1.0982842,-1.2914474;0.3808094,0.7413871;0.5855513,0.78847486;-1.3845141,-1.7618579;0.4477236,0.23000903;1.7755598,-0.49973908;0.51361245,-0.71151066;0.24589819,-0.26344663;-0.3441328,0.5953114;1.6774732,0.09745309;1.1211075,0.15142995;-0.11254309,1.1234914;0.4764539,-0.5751909;0.47336584,-0.671374;-0.37899852,-0.3865736;-0.34203264,1.3924251;-1.8406049,0.32157287;-0.46659318,-0.5970849;-0.84181786,-1.2170786;-0.6542874,-0.68842703;-0.28201976,-0.23960267;1.6230738,0.40982473;0.72222614,1.9636923;-0.93269813,-0.9009394;-0.7664848,-0.07619205;1.6269151,0.032818798;-0.7739061,-0.32248348;1.188815,0.15314637;0.87937427,1.0288697;-0.74762994,-0.275713;0.97685605,-1.5611304;0.7932845,-1.1593436;0.109693795,-0.23771036;0.9760724,-1.5697291;-1.2197027,-0.004681126;-1.0802069,-1.2836504;0.7735528,-1.0761474;1.8433094,-0.41355222;0.7730527,1.9732244;-1.6759233,0.20894426;0.8922729,1.7353799;-1.0654538,-1.3638836;-0.66226774,-0.8511954;1.2176571,0.1490025;-0.42892718,1.1367633;-1.4032689,0.34014913;-1.5898237,0.21326204;1.6398861,-0.10846012;0.5738188,0.14552686;1.8234496,-0.5515648;-0.26073012,1.322035;0.80930907,1.9635761;-0.16947904,1.0844051;-0.1647559,0.43305612;-1.423076,-1.5544971;0.91458946,-1.390723;-1.2719629,0.018656025;-1.5857662,-2.1128783;0.56721234,-0.8236594;-1.4595783,0.2822452;-1.129856,-1.2878205;1.6303954,0.38289875;0.34461874,0.24235325;0.6803261,1.9329444;0.4420032,1.3663542;-0.9627583,0.21973209;1.8567867,-0.5597026;-1.5383363,-1.9388915;0.9342138,1.1943243;1.6178501,0.5185893;-1.0100278,-0.79182076;0.9574986,-1.43209;1.7879307,-0.35904792;1.2731413,0.26912755;-0.53444266,-0.433389;-0.29322487,-0.09587104;0.3815766,-0.5130027;-0.15920888,0.07574423;1.6438555,0.0747586;0.94561815,1.2492322;0.24773209,0.31141177;0.6789184,-1.0961666;-0.8406618,-0.040411156;-0.72736543,-1.2169768;0.80837756,2.0007966;-1.4027739,-1.5634507;0.8034389,-1.1946385;1.4220009,0.17427045;-0.25476465,0.71045804;-0.0734785,0.3896533;1.7387725,-0.29310283;1.6792457,-0.01093532;-0.34525362,0.7218881;1.341184,0.13788272;0.45805293,0.09942567;0.54756445,0.7691414;-1.5551784,-2.136668;-0.49819735,-1.1796573;1.3247646,0.38743582;0.9213114,1.1246998;-0.83552724,-0.35713637;-0.3037714,0.97222996;0.1882778,1.4889079;0.72598773,1.6667838;0.087819144,0.11991353;-1.537583,0.2862955;0.91350293,1.5957438;-0.28779364,1.3781886;-1.3883406,0.33198592;-0.07712834,-0.06489521;0.9849324,1.6690077;-1.9310433,0.44357604;-0.90126556,0.07080536;-1.5704981,0.119002305;0.527344,0.018358408;-0.641086,-1.1906186;-1.8796479,0.34431276;1.6638519,0.11223415;0.86086905,1.4724067;0.27917758,0.41834265;1.6154387,0.119349495;-1.8720871,0.403066;-0.0477356,1.0662028;1.0416359,1.5495617;0.9000442,1.5041281;0.6471609,-0.9162897;-1.8247036,0.2554396;0.18201856,-0.29528588;-0.5336032,-0.5608966;0.8243309,1.8883164;1.7460133,-0.50930095;1.693812,0.44473848;-0.9381399,-1.3460547;-0.007859134,1.0628194;1.3548284,0.49500754;0.6937146,-1.0460817;0.96252525,1.6128627;0.1278517,-0.2952832;1.3607593,0.2953554;1.1103052,0.12576519;-0.7106651,-1.0293014;-1.2659128,0.1381142;1.7803538,-0.5163498;-0.89835745,-0.03806665;0.6934137,-1.0740415;1.2815378,0.055234253;-1.4291033,-1.9285035;-0.8091564,-1.1974792;-0.034674767,-0.1286043;1.2900348,0.075512804;0.26254237,0.22239882;1.6996434,0.52170634;0.5691567,0.16393527;-0.5081531,-0.5582121;-0.3880707,-0.44504577;0.35021093,1.147081;-1.4188739,-1.8343902;1.6814238,0.02967644;0.6264234,1.6758125;1.1246685,0.08323866;-0.45903376,-1.0861998;0.7998445,2.0000186;0.31959158,0.66646177;-1.594387,0.4064432;-0.6381464,-0.28617913;1.8577038,-0.52050555;1.6013705,0.34468004;-0.7799522,-0.37057218;0.58565617,0.9013424;1.6046145,0.017597994;-0.5238667,-1.0150574;-0.22568083,1.3312167;0.4401439,1.1305268;-0.3789862,1.0686835;-1.437818,0.35499555;-1.5886586,-2.142491;-1.5182899,-2.1525283;0.072820656,1.4060616;-0.16835615,0.3798352;0.0917121,0.07379023;1.8563356,-0.5911985;1.7071147,-0.008361598;1.8368025,-0.5155456;-0.018206857,-0.33781552;0.8122422,-1.4703519;-0.38929936,0.86827654;-1.8151696,0.30067798;0.27077904,-0.38705492;0.714621,1.446189;0.50045127,0.7306331;-0.33541974,-0.76498896;0.8055168,-1.2391993;0.24480893,-0.19796619;-0.55614805,-0.90385133;-0.30495882,-0.21709418;-1.4817704,-1.9519283;0.14805841,1.4745097;0.31841832,-0.43772224;0.97508645,1.0907675;-0.502772,-0.33731177;0.1919245,0.8251248;-1.5296823,0.2587433;0.07363948,1.400903;0.318083,0.2504132;0.12119497,-0.3291488;-1.4005154,-1.6077121;1.1881906,0.24170668;-1.0361273,-1.3898053;-0.4977166,-0.9465701;1.8402473,-0.4481426;0.6042533,0.22515918;-1.4291034,-1.9285035;1.746251,-0.014450118;0.574289,0.010965676;0.57570446,-0.69181293;-2.0829577,0.38532704;-1.2046105,0.013212425;-0.77932954,-0.09834747;0.4323099,-0.5434857;0.19129354,0.66531366;-1.1774802,-1.4605203;-0.7940339,-0.32346684;-0.30381358,-0.1262383;1.6046414,-0.13627775;0.069998115,0.693367;-0.64164746,-0.41390324;-0.98896414,-0.08784395;0.9947984,1.5313905;-0.13189864,1.3907923;0.35870722,-0.46265346;-0.49480775,-0.84116334;-1.2628803,-1.5684664;-1.2198098,0.07613459;0.71674055,-0.93425816;0.6790335,-0.96801007;-1.5596648,0.26795614;-1.527867,-2.0738747;0.57377994,-0.78675294;-0.114948265,-0.2712115;-2.00934,0.37077025;0.7314621,-1.2581683;0.23805861,-0.35970578;-0.48415065,-0.6466081;-0.83615154,-0.09962857;1.4530735,0.37433764;0.6375952,0.11872742;-1.0660338,-1.4013127;0.0403275,0.57931983;-0.39637384,0.83646315;0.37666276,1.1671072;-0.1557079,0.045379214;1.7409554,-0.060084626;1.0884217,0.23426412;0.111992985,1.43049;-0.48729885,-1.1431524;0.12698027,-0.14001799;-1.4673603,-1.8846897;-0.36154866,1.1467811;0.9614411,1.7658952;0.23972702,0.19989257;-0.43927145,-1.0758768;0.7845793,-1.2685417;0.1961062,-0.18936007;0.7525638,-1.4154481;-0.10244955,1.3441681;-0.8320535,-0.9516953;-1.7045685,0.28708196;-1.3964064,-1.781611;-0.31664178,0.06717661;-1.0204097,-1.2724725;0.9774228,1.2788653;-1.8029023,0.1982701;-1.4154576,-1.8155073;-0.8762105,-0.77372223;0.09193664,1.3965482;-0.84397286,-0.1223373;-1.7357496,0.17492102;-0.7503782,-0.10313942;-0.29050067,-0.70499676;0.7792824,-1.1188278;1.0716786,0.23830438;0.7521032,1.884475;0.29296398,0.42270017;-1.5298394,-1.9516685;-0.96368796,-0.8172693;-0.33560285,0.62064385;0.7801979,1.9466549;-0.048911422,0.24400069;-0.87225246,-0.9854135;-0.45125017,-0.99996716;0.389516,0.59590995;-1.6308256,0.20028931;-1.3115599,0.083873115;0.25055903,-0.40553707;0.6612427,-0.95997;0.6383704,1.539533;-1.8782332,0.30413076;0.937094,1.1298776;-0.42726022,1.2571461;0.5110453,-0.5363606;0.2029276,0.56352973;-1.7794739,0.24842781;0.9118576,1.4390569;0.5961765,0.86937445;0.24201222,1.5454645;0.2377041,0.9689834;-0.986966,-0.08076646;0.2944135,0.75959414;-1.5571896,-2.1020584;-0.89184386,-0.17086895;-1.318296,-1.575298;1.6177127,0.36080506;-0.26168293,-0.7613504;0.20169026,0.44887426;-0.3325445,1.3134218;0.5865586,0.22558203;0.96946836,1.6953328;-1.204562,-1.4786823;-1.2697642,-1.5695405;-0.9022466,-1.0213633;0.39593482,-0.367109;-1.7719494,0.2759111;-0.78882515,-0.02732246;-0.07601633,-0.110308714;-0.75091946,-0.8543169;-1.2441361,-1.6689998;1.4786162,0.2993803;-1.528309,-1.9691694;1.0100471,1.6482439;0.155232,1.5048928;0.63821656,-0.8340833;-0.31543586,0.90448767;0.37244973,0.3535524;1.0130506,1.3690591;1.595031,0.06469164;0.26997554,0.16102399;-1.5294524,0.07930882;0.09395887,0.039951127;0.07516122,1.4596967;-0.5365116,-0.75138247;-1.2302686,-1.3831677;-0.029968638,1.218599;1.3020041,0.09858135;-0.89694893,-1.2171727;-0.78464985,-0.42310914;0.67686445,1.814633;0.29830137,-0.4468157;-0.65454775,-1.0987145;0.26636723,-0.3403945;0.95610166,1.3644024;1.4893259,0.30682474;-0.67004615,-1.1638507;1.5840853,0.41184136;-0.36101228,1.2146777;0.24232252,1.419143;-0.51899433,-0.6847829;0.8216297,-1.2312175;-1.4038594,-1.8783734;-0.85751736,-1.1355693;-0.56007427,-0.9578864;-0.3964015,1.3918661;1.5962236,0.31759402;-0.3277788,0.83589536;0.24120297,0.9894476;-1.1402603,-1.4502399;0.18890437,0.29662398;-0.05608046,1.1347483;0.18792666,0.5255934;0.6783357,1.7751411;-0.39114538,-1.0634273;-0.915224,0.11612745;-1.9676207,0.4267681;-0.62599945,-0.37736553;-0.45905605,-1.1692232;0.32785353,1.0717069;-1.6909082,0.37916145;0.12206777,1.4924035;0.26843974,1.5480247;-0.7425475,-0.94257355;0.020069314,1.1164172;-0.37703934,-0.9415837;0.714175,1.8922731;-0.77793235,-1.244515;-0.07840916,1.164376;1.150943,0.22432727;-0.025830582,1.2903193;-1.6244439,0.28559408;1.7166349,0.048957925;1.2588845,0.36357927;0.94449437,1.0893581;0.31505722,0.6683574;-1.7874242,0.27112257;-0.049152214,-0.07833615;0.1706825,0.18313773;0.956088,1.5030618;0.8248125,1.1309532;-0.3349324,0.90919375;-0.34377524,0.7645229;0.5790106,-0.7823422;-0.9391248,0.15070981;0.16152789,0.51451975;-1.7924107,0.32689297;-0.69242316,-0.16774304;-1.2759546,-1.5035489;0.87468725,1.0099344;-0.49515346,-0.7238895;-0.33077985,1.1347991;-0.76788133,-1.2484827;1.6836387,0.26420888;-0.61592346,-1.1231458;0.73688024,-1.2849783;-1.7043363,0.20284402;-1.2973247,-1.6230464;-0.61550456,-0.89046264;0.067031175,-0.32581955;1.7649677,-0.27055916;-1.4484723,-1.863386;-0.9349942,-1.2532927;-0.598266,-1.1615171;0.30003047,1.6314682;-0.2110282,0.48865512;-1.713953,0.21857831;-0.91204286,0.08277133;-0.7681438,-0.8153528;0.79780084,-1.3300343;0.06002567,-0.16353028;1.5686786,0.30575535;1.5040263,0.2666079;-0.5793632,-0.8498398;-0.8235934,-0.7351478;0.26528046,-0.14247157;1.6320752,0.4816723;0.9092656,1.0981284;-0.72543573,-0.9836343;1.8210093,-0.58688843;1.3089403,0.2788233;1.7877872,-0.39819095;1.2862363,0.40478623;1.8081647,-0.37270543;0.62688637,-0.8497137;-0.39888972,1.1674209;-1.1997572,-1.4174674;-0.81782174,-0.3006515;-0.32790887,1.2715286;0.38339028,-0.4543524;0.6926472,1.6943998;-1.9676952,0.38618788;1.7022476,-0.2547387;1.1338032,0.2656696;-0.18268831,-0.2646974;1.0288459,1.7320802;1.5595256,0.35011238;-1.9360512,0.44180083;0.9279685,1.7370955;0.7256426,1.4069129;0.018233525,0.2620951;-1.6306581,0.13926767;-0.38710427,-0.1536867;-0.091532156,-0.27354065;0.20430869,-0.08625535;-0.27538225,0.5706768;1.7049267,-0.056748487;0.73480594,1.7385468;0.31014952,1.5575898;-0.5461928,-0.624845;0.37482667,0.6087692;1.7487111,-0.09160237;1.5165896,0.20050913;1.0350813,1.3185186;0.066906475,0.31437394;-0.41321495,-1.0514973;-1.2683803,0.01562597;-0.44140807,1.17187;-1.4497306,0.35236746;0.30970615,0.8242587;0.3264312,1.3440552;-0.34553766,1.1759892;-0.7666783,-0.26427767;0.9025911,1.4974196;-0.2131307,-0.25969124;-0.0912609,0.52618545;-1.3341717,-1.5044208;-0.7850236,-0.913246;-1.5240535,0.16013245;-0.46420595,-0.5848101;-0.97471344,0.30373356;-1.7909021,0.21308942;0.89524513,-1.4862826;-0.10414988,-0.21967326;-0.74767447,-0.72484744;-0.32759467,0.6850002;1.5995235,0.46442392;1.4570645,0.21270683;0.105448306,0.757125;-0.30306852,-0.7163881;-1.7357928,0.15240367;0.8451615,-1.2944329;0.8828182,1.4745963;-1.2892766,0.12304557;-0.49598947,-0.13323995;1.3063855,0.31103453;-0.6794195,-1.1947274;0.73854595,1.4825131;0.7213134,1.8674475;1.0026159,-1.4350443;1.551882,0.26818988;-1.0310774,-1.3168722;-0.34541097,0.5517535;1.0160526,-1.4814162;-0.4435702,1.105217;-1.5318604,-2.0625374;-0.051481348,1.1894952;0.096995614,1.3244512;1.3506845,0.29512382;-0.26001182,1.248832;0.45375118,-0.46135876;0.95908725,1.6376362;0.40746483,0.7061132;-0.33302668,-0.23348734;0.5639566,0.078530364;-0.3978333,-0.8978475;1.7247512,-0.050008144;-0.19699907,0.9162308;-0.15967815,1.320063;0.46833456,-0.6150802;0.367966,1.3489989;-0.27868292,1.3199469;-1.4541396,-1.9200188;-0.94689435,-1.0800606;-0.11955822,-0.26385674;1.4239273,0.10279174;0.77099085,1.9020941;0.9975317,-1.4313262;-0.22962879,-0.20131558;0.21513471,-0.23951535;0.3634112,1.1138687;-0.042478878,1.1707008;0.57910806,-0.74204326;-0.84862065,0.014768457;0.1931934,-0.3810686;1.8626848,-0.478341;0.94650185,1.584408;-0.5659698,-1.1082678;-0.51644176,-1.1682289;1.2889069,0.08681028;-0.9491273,0.14562646;-0.82521117,-0.2367249;-1.5419745,-2.1594825;-0.72531,-1.008343;0.96644574,1.2986403;-0.11958843,0.38229087;-1.3457599,-1.6661872;0.63290125,-0.95109177;-1.2712768,-1.6243728;1.0366906,1.4758675;-0.85911906,-0.8732152;1.5630815,0.44250768;0.020677257,1.4069548;-0.38419336,-1.1078086;1.2059109,0.24716516;0.9191106,1.4141397;0.44075507,-0.60243946;-1.1037045,-1.3337561;-0.52512455,-1.0289826;0.18419403,1.4254935;-1.0032682,-0.014845906;-1.0266149,-0.045536723;-0.5959204,-0.48406336;0.10949918,0.7746813;-1.4870381,-2.0095022;-1.4697409,-2.121933;-1.926901,0.32686964;0.9792356,-1.5610882;-1.1798022,0.1215977;0.156094,0.44452083;0.07638235,-0.090578735;0.93205935,-1.4752232;0.7450421,1.6777569;-0.035576887,1.0997374;-1.368948,-1.6379118;0.071997836,0.13648914
p3d-kl
0.41957294940948486
p3d-iter
599
p3d
-0.96021956,2.6189957,0.38579684;1.2144415,-0.6640715,-0.64258486;-1.4117203,0.098844804,-0.40112203;-0.80242026,2.172038,0.4275866;-1.8791807,-0.11238204,-0.47455692;-1.0566688,1.9945351,0.7105228;-0.5204136,-1.0727216,-1.593047;-0.51714045,0.80600035,0.9353693;0.1800431,0.48235476,0.34388742;0.32638565,0.4782174,0.26390204;-1.8277508,-0.10705056,-0.34101835;-0.0992211,-0.7971593,-1.0856911;0.37549272,0.38122705,0.083770156;0.05304398,-0.24928294,1.334451;0.79504746,-1.125002,0.39779273;-1.3770365,0.114407286,-0.43223944;-0.30345416,-0.82231975,-1.4280531;-2.452626,-0.14077114,-0.49029547;0.3978996,-1.0894188,0.21407263;0.14060535,-0.020121424,0.11960394;-1.0330956,1.9705156,0.7550282;0.65516,1.5107694,-0.092637725;-0.053600926,1.3006269,0.12902203;1.0503376,-0.37888777,0.05305156;0.7107304,-0.683261,0.3550643;-0.418485,0.006759998,1.9197098;-0.5876576,0.12634526,1.994444;-2.271278,-0.04129154,-0.28121948;-0.1053801,0.09311605,0.16881225;0.3888111,-0.2902228,-0.2715197;-0.6675643,1.796105,0.57549417;0.49889132,1.6411238,-0.15450916;-2.14754,-0.1661727,-0.4088961;-2.452779,-0.22096533,-0.5255848;2.1374872,-0.26136926,-1.9004719;0.7693464,1.1671977,0.08553222;1.491692,-0.43743527,-0.7939968;0.09934465,-1.0458902,-0.7434576;-0.6630519,0.53419,0.069753975;0.1248691,-0.6028042,0.23952253;2.1967351,-0.5453389,-1.7936509;0.19941461,-0.9967433,-1.0445738;0.7375426,-0.97140914,0.2435928;-0.23561917,0.1800959,0.1470973;-0.19764967,-0.7683056,-1.3823462;-0.6898931,-0.22974113,-0.04086017;-0.10253183,0.07974774,0.19712214;2.3719814,-0.35815364,-1.9962673;0.72317576,1.25395,-0.17564178;0.34145862,-1.3967096,1.7099853;0.14292999,-1.0931631,1.8125151;0.51882416,1.5194961,0.23852979;0.007286022,-1.0476701,-0.7349219;0.5788168,-1.2280921,0.24219798;0.8300171,-1.335441,0.19601324;-0.5399638,0.10163411,1.9978025;-0.8877712,0.024204552,-0.20062783;-0.7874736,1.3203992,0.8713579;-0.4814582,0.8325055,0.23523895;-0.2740296,1.7394243,0.37627572;-0.90412444,2.4668722,0.39813998;0.7173116,1.3276051,-0.21357694;2.3903446,-0.5749204,-2.0237026;0.40095386,-1.1454911,-0.564812;0.7268766,-0.6468687,-0.079181366;-2.4926796,-0.2718214,-0.4368559;-0.4167696,-0.49086276,-0.31987664;1.2164103,-0.8230935,0.21787547;-0.015611434,1.8212334,0.023872044;-0.59752125,0.6583805,0.11603472;-0.65020907,-1.09058,-2.0118241;-0.5812391,1.6887981,0.55276096;-0.23442562,-0.81234956,-1.3293701;0.40781638,-1.318865,1.7675177;2.3879554,-0.3872141,-2.0394795;-2.472174,-0.31781834,-0.32794493;0.08140717,-0.8298239,-0.07750908;-2.1038795,-0.2212859,-0.26747346;-0.7663884,1.3875941,0.30373204;0.30703056,1.7274624,-0.30210134;-0.80036336,-0.96701133,-1.8917662;1.3930902,-0.45742106,-1.0180767;-0.0893804,-1.0295914,1.7401148;-0.13674985,-0.54922044,0.014213035;0.47803837,1.6177255,-0.25546554;-0.6660411,-1.0101764,-1.9790758;-0.53581405,-0.9472687,-1.899902;-0.8995557,2.4485261,0.3989366;-2.458126,-0.33538365,-0.41651228;-2.240305,-0.18112151,-0.13223724;2.2019024,-0.4193545,-1.8737578;2.0246599,-0.40749875,-1.731032;-0.50327474,0.9983981,0.8086261;1.6612573,-0.36758336,-1.1937814;1.329189,-0.9797461,-0.14271422;-1.3105133,0.17214957,-0.31973118;-0.7072826,-0.036901873,-0.34541476;-1.6322777,0.045482725,-0.36093107;0.051012624,-0.277108,1.3755466;0.90157336,-1.0597583,0.5417638;-0.32052776,-0.70912725,1.8805265;1.3992159,-0.52468204,-0.9349696;0.04168692,1.85216,0.4775946;0.09564639,-1.0930219,-0.8395502;0.47888064,-1.1041502,-0.18580668;-1.0454755,1.5322368,0.78874946;0.43130913,-1.3029628,1.7015195;1.3280064,-0.9999849,0.11070712;0.15810855,1.8308738,0.5951129;-0.01750295,-0.9931618,1.7998428;1.7064801,-0.12286874,-1.139781;1.1009668,-0.55293566,0.04816049;-2.4896636,-0.17241323,-0.46326244;-0.83716494,1.9756707,0.8334013;-0.5214072,-0.064324334,-0.14995974;0.058885265,-1.1062865,-0.84519714;-0.19302239,1.0892959,0.25357932;-0.8880967,0.21726127,-0.2355323;1.3943077,-1.1825376,0.14930832;0.63173705,0.6617504,0.15786663;-0.006947421,-0.8943669,1.7760923;2.1483877,-0.37241268,-1.7731355;1.2614537,-0.83229727,0.27418458;-0.34790352,1.6379874,0.26362765;-0.33697245,0.08405932,1.9052507;0.5020579,1.4918547,0.018994488;-0.22194804,-0.8932463,-1.3510815;0.078879215,-0.4214886,-0.0037796542;-0.8368481,-0.90066856,-1.75522;1.3721458,-0.32954216,-0.7676031;-0.79937184,-0.91530967,-2.1356652;-0.21604046,-0.060616035,1.0806307;1.3632296,-0.6807289,-0.416577;0.33150315,-1.0049311,-0.42169842;0.49768153,-1.2893474,0.13601948;2.3493052,-0.5518783,-1.9935694;-0.016079416,2.0187492,0.38786224;-2.337697,-0.40939778,-0.3532544;1.3427569,-0.25632375,-0.7803182;0.609705,-0.5227093,-0.48696598;0.8162021,0.8812832,0.23210621;-0.8802725,1.5156265,0.48349616;0.60412484,-0.042280752,0.2984106;-0.12845133,1.7819177,0.15196633;0.51642567,-1.4843558,1.847514;-2.3300042,-0.31603345,-0.40392014;-0.29605663,-0.3481048,0.13261656;-1.5636741,0.20062235,-0.29020482;-1.7498621,-0.030159378,-0.42140204;0.34865633,-0.53570175,-0.39935827;-0.5555682,-1.1202844,-1.6246663;-0.25711912,-1.081586,-1.095698;1.1234728,-0.6304432,-0.43883157;0.107689545,1.8913233,0.5856822;0.26043782,-1.374328,1.6577308;1.586482,-0.35924765,-1.0365069;0.56778175,-1.0784531,-0.15989324;-0.3313173,-0.11566684,1.4721898;0.76173323,0.66925764,0.16363843;-0.4399288,0.85384303,0.9168352;-0.5379493,0.16562483,1.8825691;0.22816838,-0.35932973,0.65209496;0.25645274,-1.2592562,1.7154535;-0.14103815,-0.9803113,-0.97525615;1.0278854,-0.5390439,-0.12905222;-0.7719898,-0.9031338,-1.9064041;-0.15244977,-0.077766925,-0.4715761;-0.042934965,-0.46846983,-0.24911475;-1.0762445,0.16885078,-0.25295115;0.0019410304,-1.062027,1.6852202;0.665548,1.5789555,-0.08816903;0.42576844,0.42471585,0.20019117;-0.22183096,-0.20284562,-0.4867378;1.7127376,-0.29392114,-1.3699597;1.0119835,-0.63678145,-0.6101783;0.51440704,1.5645152,0.058153942;-1.9259654,-0.23153177,-0.31218806;-0.25982046,-0.3333334,1.7337385;0.7471569,1.049139,0.30204898;0.14903346,0.695902,0.33774382;-1.060016,1.7709676,0.7469228;-0.059353687,0.39290485,0.19248372;-1.0456853,1.3704956,0.78089976;-1.0252025,1.5015134,0.7499773;0.021465132,-1.0482534,1.6906025;2.3326852,-0.5402873,-2.0014107;-0.14715707,2.184946,0.41149315;-0.011338282,-0.8177834,-1.0748343;-1.3214688,-0.06128989,-0.33642644;-0.108385384,1.985317,0.40834504;-1.0922234,1.9209641,0.6772917;-2.236224,-0.3065668,-0.38135517;-0.97407335,-0.81208825,-1.71088;-0.8686491,2.2749884,0.39625317;0.17962943,-0.5741847,0.008726724;-1.0749145,-0.9729788,-2.0604002;0.4743344,-0.059447646,0.5636466;0.15527245,-0.58065265,-0.08641046;1.1002879,-0.4996811,-0.38346323;0.1903687,-1.1502607,1.7781883;-0.7379115,1.8911393,0.5598692;0.8318375,1.0603625,0.04409817;-0.09328412,0.24927738,0.13453361;0.538777,-1.5147766,1.7545587;-0.15638518,0.87124056,0.5886902;2.1556833,-0.45208997,-1.809287;-0.9761755,0.16330518,-0.18864003;-0.9787407,2.6412036,0.37965593;1.299426,-0.22006379,-0.7363273;1.011083,-0.5138665,-0.14406213;1.5066097,-0.44723734,-0.92054445;0.48771653,-1.4059356,1.8212543;-0.786978,2.088558,0.30808628;0.17850947,-0.4184471,0.88434035;0.6801123,-1.0419976,0.23074538;-0.18868974,-0.11362831,1.7064052;1.4933529,-0.33282864,-0.9039368;-0.8904353,1.7356093,0.80363923;-0.83312494,2.2653897,0.45184788;0.74988014,-0.59913385,-0.09089839;1.4800708,-0.5813203,-0.65772134;-0.22795564,1.155432,0.2691352;-2.0742517,-0.279163,-0.3539979;-0.10397816,-0.3873435,-0.060000356;0.0019143495,-1.0069518,1.7467738;0.81622547,1.0700659,0.09475827;0.060235426,0.46385348,0.16380596;-0.20331074,-0.943316,-1.3599923;1.6661503,-0.24219581,-1.1926149;0.63769394,-0.5278441,-0.5125416;0.70622945,1.3401568,-0.11901492;0.9757288,-1.0056936,-0.09473598;-0.7910844,2.3052185,0.36989877;0.3071348,1.559867,-0.3059626;0.20355234,0.26103476,0.4897151;-0.16922171,-0.80817914,1.8385787;-0.50879234,-0.035573207,1.4463276;0.7951971,-0.69552684,0.29726097;0.5241954,-1.1609573,1.6965019;0.51282305,-0.3833962,0.6873716;-0.7307005,1.1824759,0.88680756;-2.2825263,-0.24819593,-0.345335;-0.87750393,-0.85291135,-1.5872446;0.41561285,-1.0653257,0.14096373;-1.3632329,0.14332852,-0.45309806;-2.4152515,-0.2740575,-0.46132657;-0.48003292,-1.1219596,-1.7145144;0.14570434,-0.8302596,-0.45861346;0.92352927,-0.27810118,0.1379884;0.10652832,-0.8268806,-0.4798857;0.30303454,-1.2241342,1.8414713;0.02498893,0.008008939,0.5219707;1.6179192,-0.27886337,-1.3656478;1.397147,-1.1373653,0.18167405;-0.2536693,-0.75966114,1.832459;-0.1445899,-0.89591813,1.8468987;0.5448738,1.5886492,0.14946528;0.072895914,0.87466353,0.49177837;-0.52632743,-0.4874932,-0.17088324;-0.80350536,-0.8445332,-1.9269338;-1.1305294,-0.9552617,-2.1462445;0.84985507,0.5876044,0.22567622;-0.8385679,1.4230486,0.8558738;0.81573474,0.9822997,0.13996987;0.13670924,1.0093844,0.47154826;1.5063579,-0.47463712,-0.9034551;0.030855939,-1.0575173,-0.8396276;-0.6042354,0.12914938,1.9795545;1.2518891,-0.8143351,-0.4778826;0.6372936,-1.4302386,1.798575;-2.3402157,-0.21209034,-0.34570423;0.29010487,1.4734795,0.47511882;0.31116754,-0.26128706,0.07848691;-2.228547,-0.15281191,-0.09285838;0.29047498,-0.30526468,-0.23830563;0.41196734,1.3314317,0.4366887;-0.25884283,-0.30555964,-0.1761663;-0.99176407,2.3399045,0.4051556;-0.17338806,1.9394904,0.40021884;1.5556465,-0.42538723,-0.8255245;2.1894116,-0.54924065,-1.7847848;-0.028417498,-0.90368795,-1.2152462;0.84183866,0.43572935,0.25462922;-0.19709882,0.72595257,0.37131447;-0.73186284,-0.9827771,-1.5694654;0.75456053,1.2043527,0.028006025;1.4159539,-0.830197,-0.23998225;1.3283811,-1.1926291,0.4083931;-0.23589575,-0.80597925,-1.302531;1.4265349,-0.5051278,-0.8879353;-2.554342,-0.330412,-0.41531554;-0.2993785,-0.25969744,0.014836961;0.19694133,-1.1603445,1.8076034;-1.9402676,-0.010491064,-0.34156623;-2.2216618,-0.018009268,-0.22698537;-0.0065786922,-1.079247,-0.91108304;0.48637724,-1.0916357,-0.22368129;-0.16893019,0.4572767,0.2825925;-0.7777234,1.8606528,0.5545535;1.4596535,-0.57291347,-0.51735073;2.351924,-0.49788138,-2.0356708;0.9912006,-1.1368729,0.05048578;0.53014207,-1.249761,0.20614296;0.76535183,1.2366123,0.03958388;-0.19493467,1.5059615,-0.01976508;0.10058539,-0.9567337,-1.12489;1.85088,-0.28617424,-1.4947525;0.12789944,1.8604983,0.57620645;1.0996134,-0.90070087,0.31781882;-1.7824779,-0.043079194,-0.39229518;-0.55947375,-1.0909814,-1.5980461;0.35233137,-0.88059926,-0.05846684;0.3073545,0.5207379,0.3111686;-0.50958043,-0.15215416,1.861799;0.17887989,-0.44088995,0.24994399;0.6520566,1.3599303,0.017671533;0.34462807,-1.3099935,1.6138493;0.41920015,1.6474373,-0.06573719;-0.67596376,0.5172168,0.05555372;-0.2699054,-0.4552152,-0.6087589;-0.9392037,-0.98764235,-1.9912643;-2.0811548,-0.15001123,-0.39986023;-0.097961955,-0.49326798,-0.031254206;-0.74393684,-0.7042109,-1.5439765;-0.020100547,-0.10011311,0.42322832;2.1995716,-0.50598365,-1.8538407;-0.23173672,-0.07212536,1.8198835;-1.033177,-0.77769595,-2.2173018;-0.15180218,-0.21231678,-0.26239577;-0.542368,-0.058414325,1.4745563;-1.4026214,0.11347281,-0.42722565;0.8076334,1.0510908,0.06955716;-1.0799236,0.24345553,-0.24446589;-0.31282625,-0.07959549,1.2680187;0.11212216,-0.2569281,0.6469659;0.13756718,1.762744,0.28557068;-0.7823915,1.1707206,0.81873804;0.7859716,-1.2974014,0.19160312;-1.0060151,1.4151175,0.82427114;0.84291065,-1.2124369,0.30946067;-1.063632,1.9244537,0.71620727;-0.8218294,-0.94452065,-2.0495076;0.84713733,0.55499345,0.23310666;-2.371901,-0.42180288,-0.31863;-0.36939958,-1.0203176,-1.6181624;0.69778436,1.3284652,0.051156804;-0.32177764,1.5399519,0.10536871;-0.8996512,1.3144546,0.75708133;0.29237685,-0.39460227,0.58239365;-2.4391747,-0.28566197,-0.41061062;-0.58742636,0.13026659,2.0150878;0.09966933,-1.0210024,-0.48355964;-0.91749674,-0.83216125,-1.7369258;-0.1364336,-1.0245198,1.832913;0.4245873,-0.47125956,0.72054535;1.4727821,-0.6233284,-0.7992886;0.2404986,1.7838132,-0.08866051;-0.18941309,1.166822,0.24486275;-1.024836,-0.96228445,-2.0760303;-0.9354673,1.6201246,0.7309806;-0.19811185,-0.77089244,-1.3808566;1.2803456,-0.7662676,-0.64883494;0.4429338,-1.2963669,-0.5420017;-0.25263986,-0.40879574,-0.6277567;0.46063137,-1.1932204,-0.34168;-1.1242009,-0.8739453,-2.1975951;-0.48413146,-0.32372493,-0.9832261;-0.72804093,1.0792229,0.867998;-0.88414365,2.3143506,0.43634632;-0.06506033,0.21304426,0.036145397;-0.74299294,1.2996315,0.9455939;-0.14324012,0.6990762,0.43750125;0.2539459,-1.1693337,-0.6112509;0.11014865,-0.7093578,0.11326599;0.83028203,0.9013037,0.16779687;0.004539974,-0.83493656,1.809753;-2.2473683,-0.22625613,-0.40390125;1.2210577,-0.69641334,-0.85260457;1.00265,-1.1722281,0.18763165;0.015501153,-0.26895964,1.4062003;2.321238,-0.53587604,-1.9944295;0.22973977,-0.38203478,0.7892444;1.2099648,-1.0547884,0.4891617;-0.22779784,1.3852007,0.17691606;-0.15292543,1.5144238,-0.01875176;-0.7428979,-0.1597286,-0.19990885;0.42108655,1.3663026,-0.06655563;0.8638848,0.54179937,0.24268135;0.51197267,-0.1817389,0.6410846;-1.4707937,0.09730861,-0.22059149;-2.1507614,-0.232061,-0.37224674;-1.0117563,1.5438185,0.6614741;1.4317071,-0.6699672,-0.4520957;0.5716262,-1.4573004,1.7350407;-0.12906358,2.0441878,0.4227409;0.64009154,1.5455277,-0.0838588;-0.6271238,0.103922345,1.3642561;-0.32705057,2.246551,0.35995784;1.6327059,-0.30831352,-1.152916;0.4835001,-1.3094846,-0.5622808;-0.16138816,-0.87816787,1.846324;-1.1830919,-0.97003675,-2.010231;-0.31412503,-0.005332921,1.8694621;-1.9107659,-0.05350447,-0.54520863;0.2740621,1.7051998,-0.13851197;-0.5495171,-0.3298666,-0.09657416;-0.61602634,0.5974551,0.11008211;-0.14334293,0.7056463,0.43398565;0.2448191,-0.3258215,-0.1711454;-1.1493642,0.17774273,-0.26013356;-0.40436602,-0.7136819,1.848306;-0.4760234,-1.0705515,-1.7094678;2.1415422,-0.3512986,-1.883505;0.61133516,0.0923257,0.38804847;0.50600046,1.6572123,-0.12275539;0.521847,-1.3742847,1.8735758;0.18837361,-0.34421706,0.8197445;-0.99849874,0.121255256,-0.23512663;-0.3606036,1.4461417,0.3875518;1.3385298,-0.5671735,-0.83527744;-0.22723451,0.7543579,0.37831023;-0.6081545,0.6548756,0.122633144;1.9004632,-0.33119005,-1.5424107;0.28903347,-0.12738058,0.4631396;0.5091537,-1.1972728,1.7528352;-1.1696739,0.085405886,-0.30574334;-0.4940144,-0.09787237,-0.093315385;0.91018265,0.337544,0.25325364;-0.4454827,-0.58562696,1.7981697;0.089370735,-0.26278517,1.0347533;0.41939586,1.3697823,0.40398318;-0.97817916,0.1812358,-0.18279757;-1.085246,0.055303674,-0.2939543;0.29335424,-0.95597625,0.18578716;0.3217891,1.6767833,-0.2655143;-0.9133465,-1.0139897,-2.051885;0.5788917,-1.2052853,0.23466432;1.3436574,-0.7220884,-0.35955393;0.70894617,-0.7279271,0.13478352;0.08196689,-0.8165615,-0.0145013835;-0.45620137,0.08875102,1.9605536;-0.86175454,2.5262325,0.37309527;0.8693167,-0.41880646,-0.30949995;0.2508995,-0.73812276,-0.72961104;-0.3690892,-0.68381256,1.6875975;0.36308384,-1.2197384,-0.47440365;0.0045403116,-0.23921373,1.2060921;-0.3565399,0.8414721,0.92459804;0.26910818,-1.1572518,-0.40537205;-2.6950653,-0.39881697,-0.45960876;-1.9406497,-0.16059317,-0.38694537;-0.4104249,-0.28489232,-0.3071834;-2.704309,-0.40063938,-0.46314862;-0.26171818,-1.0637501,-1.1250831;1.3438641,-0.6213364,-0.8255804;-1.8081028,-0.10046425,-0.34346107;0.3104929,-1.3163688,1.7328951;-0.9518277,2.5274215,0.39760625;-0.59008414,-0.9387499,-1.9037074;-1.0028609,2.0166354,0.6225396;1.4919863,-0.5544296,-0.79106283;0.9619361,-0.8710054,-0.1536054;0.00474637,-0.23536588,1.2684904;0.66074896,1.3452935,-0.1577208;-0.5954637,-0.63080466,-1.4423584;-0.55627155,-1.0443629,-1.6936214;-0.19148868,-0.94983965,1.6689763;0.26463065,-0.4850185,0.5844703;0.54894304,-1.3527716,1.8042178;0.32134712,1.5981145,-0.06944558;-0.97947454,2.511462,0.39741775;0.49866992,1.2718382,0.30274957;0.6416889,0.04365385,0.3586936;1.8039994,0.037365694,-1.2759411;-2.3749452,-0.32946154,-0.36610183;-0.30954692,-1.0680931,-1.2292409;2.464499,-0.4355824,-2.0268574;-1.346776,0.04919873,-0.3919897;-0.5562783,-0.7855662,-1.5723592;1.3438195,-0.57749003,-0.9468745;-0.42203438,0.046399146,1.9668105;-0.033584137,-0.09159195,0.57144594;-0.76335734,2.4724512,0.34967402;-0.4614619,1.6535684,0.19441606;-0.36486387,-0.45110187,-0.9367674;0.5452554,-1.3940557,1.867865;2.2037473,-0.2959433,-1.8201989;-0.6203124,1.0321962,0.8906267;-0.6392145,0.037657112,1.8376138;0.59683806,-0.511835,-0.51436675;-2.4732425,-0.3470392,-0.3413351;0.22127895,-1.1888534,1.7972069;-0.22490007,-0.14388674,1.3088819;0.50659305,-1.028206,0.0029769186;0.14346614,-0.58299536,0.23246773;-0.8578842,-0.0071528708,-0.18507214;0.35492715,-0.2479031,0.08922925;-0.37995502,-0.5871227,1.7632933;-0.7260595,1.0760221,0.8671379;0.03641678,0.08895106,0.32897672;-1.8433691,0.07432105,-0.31090945;-0.019358665,-0.8292203,-0.6283757;1.4206903,-0.849781,-0.17362165;-0.99900264,2.5812182,0.38986528;1.7872267,-0.018696163,-1.2832745;-2.005812,-0.16333854,-0.3720338;-0.020133676,-0.19118987,1.6737579;0.6890773,0.5600438,0.25360626;0.4625957,0.022882989,0.3773889;0.11232864,-1.0987068,1.7264423;-0.2982482,-0.7550006,1.8270468;0.8464266,0.6024721,0.2470106;-0.047484525,-0.29408,1.4801902;0.5402832,-0.07136212,0.5615909;-0.60288465,0.69609594,0.10652536;2.45796,-0.49484593,-2.0637338;1.3693137,-1.158366,0.16000809;-0.44485292,-0.05544329,1.3879762;-0.5289288,0.9090863,0.8934945;0.4543895,-1.2540728,-0.55495715;0.64678794,1.0225232,0.13939852;-0.12607636,2.0236483,0.42281613;-0.71892226,1.9085004,0.4899583;-0.021593245,0.08919469,-0.35994828;-0.6382861,-1.0467584,-1.5038531;-0.9249697,1.7753403,0.78599393;0.3072785,1.7293345,-0.13681464;-0.56801015,-0.6299117,-1.4275665;-0.013211049,-0.31130797,-0.03190816;-1.0837975,1.8640511,0.73626816;-1.1811908,-0.94518936,-2.0993576;-0.1286843,-0.63727653,-0.7839129;-0.39401045,-1.0902386,-1.756762;0.5872414,-0.4052468,0.5937327;1.4140368,-0.8635162,-0.012286165;-0.98946714,-1.0038493,-2.103066;-0.457882,-0.5486697,1.7725024;-0.71058327,1.6264871,0.87621146;-0.0062055876,0.27764022,0.32145524;-0.41399106,-0.4882276,1.7074921;-1.0742805,-0.97853255,-2.0417721;0.3486951,1.2169949,0.5087194;-1.051898,1.5346161,0.7921586;-0.81020004,1.6414908,0.8818913;-1.54383,0.06951753,-0.35472542;-0.81187445,-1.0591652,-2.0723746;-0.5169475,-0.3099818,0.013110753;0.58556545,-1.2961138,0.10171089;-0.98821235,2.3188243,0.43038416;0.5165019,-1.189663,1.6608936;-0.582294,0.11636019,2.0413835;1.3900278,-0.3937026,-0.5686711;0.27319777,1.1886472,0.5065881;-0.62039447,0.073769316,1.4206277;-1.7668407,0.043255914,-0.35494322;-1.0241196,1.7583466,0.73747075;-0.46331295,-0.39466324,-0.070198424;-0.28968284,-0.13014443,1.4607955;0.13824616,-0.258361,1.0545573;1.2005259,-0.5872632,0.06826498;-0.18962012,-0.8467471,-1.3820608;0.49959025,-1.2017297,1.7838855;-0.08748677,-1.0334128,-0.6374147;-1.8163656,0.05601513,-0.34204194;0.12697768,-0.33397624,1.4462703;2.09749,-0.44906121,-1.7688605;1.346936,-0.8208079,-0.30799088;-0.13617857,-0.36154526,-0.07496269;0.10129998,-0.3140895,1.4458989;-0.10230596,-0.054894548,0.38625246;-0.6995132,0.1652844,2.016278;0.2466528,-0.4614862,0.5742782;0.5391128,-1.3471621,0.17871392;0.3413164,-1.061724,0.22660717;-0.20768936,1.3377562,0.20262772;2.0023305,-0.37550792,-1.6379497;-0.3500683,-0.696228,1.8334093;-0.66524947,1.8663051,0.29920846;0.1886258,-0.28674975,1.1199226;1.3092532,-1.0002552,0.38026115;-0.99630874,2.5784285,0.39468884;-0.14779186,0.5601589,0.52157044;-0.87045974,-0.9081321,-1.5176681;0.40851024,-0.8761222,-0.38166717;0.49932432,-1.3798294,1.795977;-0.3433017,0.019146528,1.9594597;0.44763094,-1.2638924,-0.47786587;-0.58024794,1.0005776,0.25455105;-0.3303161,-0.6887084,1.6352508;1.1613677,-0.7619812,0.33136916;0.25815997,1.5747076,-0.044167906;-0.31697902,1.2869638,0.39596877;0.7403039,1.3054993,0.020432133;-0.63588333,-0.646316,-1.4807538;2.4637923,-0.4397733,-2.1084409;2.4442103,-0.56675726,-2.0783088;0.1055995,1.9233932,0.47084734;0.6714721,-0.062407874,0.2830583;-0.097978026,-0.003108657,-0.42169687;0.6024205,-1.4156395,1.835907;-0.3109115,-0.77998453,1.8492093;0.46085835,-1.3519781,1.8858548;-0.43983698,-0.62842,-0.058578864;-2.434523,-0.07210497,-0.4897735;0.76651466,0.873605,0.09314833;-0.85674673,-1.0380665,-2.0357919;-0.70787543,-0.16215926,-0.06634812;-0.83632666,1.4619904,0.35857043;-0.44384825,0.65324455,0.21418056;0.77909684,-0.7597569,0.38043228;-2.0830784,-0.1547446,-0.35860673;-0.3978483,-0.00590865,-0.03804892;1.0570079,-1.1428702,0.040153142;0.07902214,-0.79525256,-0.12083573;2.1584995,-0.40067402,-1.8276659;-0.057276692,2.0210762,0.4180804;-0.75048566,-0.11559472,-0.1880798;-0.5616573,0.8000214,0.94496673;0.38059127,-0.8601904,-0.019723807;0.108245455,0.93237895,0.42973337;-0.6028236,-1.0220715,-1.5444268;0.09594548,1.8998777,0.46035284;0.06355062,-0.117009915,0.43567643;-0.5270381,-0.39025673,-0.20266391;1.8245673,-0.069565624,-1.3458834;-0.18023221,-0.24802868,1.1405599;1.4977045,-0.4544967,-0.7082064;1.1300344,-1.1471022,0.19542186;0.36970115,-1.3410236,1.779153;0.18914649,-0.31761897,0.7456646;2.09749,-0.4490612,-1.7688602;-0.28319138,-0.7856611,1.9353001;0.57742345,-0.43242016,0.70150244;-1.225722,0.17483833,-0.1863279;-1.1989689,-0.5890867,-2.1960716;-0.2353748,-1.0353991,-1.12699;0.22503278,-0.80561215,-0.7039792;-0.9116148,0.09795737,-0.17074738;0.14811364,0.57632416,0.48999745;1.5700574,-0.36453503,-1.013101;0.3658963,-1.2381954,-0.5169357;0.16390282,-0.64878845,0.13423967;-0.05738513,-0.7365439,1.6646105;0.3201793,0.73572874,0.3543639;0.487135,-1.0645517,-0.19239627;-0.00036042437,-1.0910954,-0.8735317;-1.0035777,1.5545708,0.7678742;0.14480165,1.7325106,0.04942786;-0.782637,-0.039377872,-0.2384221;0.9635672,-1.1638305,0.19402109;1.6957221,-0.3190389,-1.2542019;-0.1336768,-0.94765854,-1.2995332;-1.64066,0.16479467,-0.2965123;-1.6280514,0.054771516,-0.35847014;-0.6294795,-1.0480831,-1.5699097;2.3502858,-0.49783668,-2.0099425;-1.2975222,0.12326553,-0.38497624;-0.23102768,-0.70323,-0.06880918;-1.1157669,-0.76241285,-2.2069335;-2.1381543,0.018357642,-0.38993782;-0.6586159,-0.22654839,-0.031289175;0.68547124,-1.2824239,0.27728578;0.08058668,-0.90868634,-0.64141315;-0.24634133,0.16504616,1.631531;0.38609517,-0.26834807,0.7874928;1.5482098,-0.52641326,-0.8064528;0.35971537,0.5010952,0.29052588;0.8267837,0.8385866,0.081114426;-0.2682102,1.3515335,0.23665985;0.28818306,-0.28699163,0.090309404;-0.2365664,-0.86902577,1.8858795;-0.12285589,-0.17097317,0.969299;0.03986033,1.946133,0.46949393;1.3482358,-1.1442996,0.20165993;-0.3358864,-0.20114523,-0.26018596;2.0803087,-0.37222424,-1.7417305;0.6360257,1.4133035,-0.015008283;-1.1140852,2.05859,0.64115214;-0.13907836,-0.067751005,0.31559226;1.2831073,-1.0300969,0.40970525;-2.13559,-0.10459776,-0.36612043;-0.34586015,-0.1131635,-0.06537485;-2.3364434,0.022102794,-0.3049103;0.098902725,1.5661823,0.07750275;0.99254173,-0.61659306,-0.15005171;-0.74124885,-0.8969084,-1.8909287;1.9243851,-0.33548293,-1.5721722;0.39501908,-0.26584426,-0.2789069;1.372955,-0.6901422,-0.6994248;-0.7306378,1.1556786,0.91024196;-0.7057788,-1.1025372,-2.0794075;1.9751941,-0.3537979,-1.6229202;0.86654454,-0.7347627,-0.3486347;0.09553533,1.9312547,0.5132983;0.108239725,-0.934444,-0.6480107;-0.60789776,-1.073336,-2.0056727;0.28506035,-0.7613864,-0.6374199;0.67788744,-0.6156714,0.23146756;-1.8655257,-0.13699448,-0.3803077;-0.129321,-0.16473275,0.92555314;-0.8524279,2.3428192,0.42578414;0.07533592,0.27396294,0.35513753;2.217115,-0.3261334,-1.7822621;0.64038855,-0.4863405,-0.41760302;0.88741785,0.3896765,0.25183785;-0.93598497,2.4765406,0.39583412;0.3658758,-0.24051742,0.29624677;1.0435096,-0.51985264,-0.23396318;1.1599165,-1.1670274,0.26808137;-0.26008406,0.46366403,0.2524796;-0.5693281,-1.0820434,-1.8012584;-0.24546763,-0.9934873,-1.4177494;-0.70887476,-0.20202532,-0.08495989;-1.6060971,0.041014798,-0.3699204;-0.5178578,1.623689,0.56257576;-0.9210324,-1.0361173,-2.1359775;-0.55043346,0.9033048,0.9093752;0.6461514,1.667394,-0.12012851;-0.8973161,0.26689985,-0.21342888;0.06503004,0.69695765,0.13717517;-0.79388994,-1.1731791,-1.935015;-0.77617526,1.5032412,0.8755319;-0.644484,0.14271271,1.3112823;-0.16044408,2.0604858,0.17481907;0.04696264,0.92025125,0.126396;0.00019922413,-1.0695201,-0.8810347;-0.091071226,0.7800097,0.50329673;2.4251642,-0.4685862,-1.9866178;0.104467504,-1.1420715,-0.67861444;1.6481326,-0.17761457,-1.3096412;-0.39185628,0.016113887,1.9515977;0.6871505,-0.56260324,0.44615626;-0.0076035988,0.4041601,0.1106621;0.439005,1.6802791,-0.113636866;0.22056375,-0.29197824,0.70220923;-1.0810568,1.915469,0.69734854;1.5914663,-0.37354174,-1.0626345;1.702376,-0.3139523,-1.2555206;1.0274479,-0.6496447,-0.3559667;-0.62775457,-0.07047678,-0.46189472;-0.8017081,-1.0856117,-1.9601874;0.013621959,-0.7385877,-0.5451057;-0.06769052,-0.38322744,-0.061873056;0.897239,-0.18846966,0.17862262;1.5825815,-0.21964842,-1.4647118;-0.3039111,-0.08482612,1.696027;2.2329705,-0.3465092,-1.8141445;-1.0971533,1.7935094,0.73959196;-0.07840495,2.0397744,0.3703004;-1.4097252,0.1368976,-0.3826057;0.78762984,1.0024043,0.23311922;0.30261,0.14966156,0.5194451;-0.8548763,1.2963449,0.9251596;-0.34434202,-0.57096255,1.6547413;-0.15262923,-0.18047187,0.4475634;-0.35787544,-0.9116433,-1.8122209;-0.15008113,-0.06375484,-0.44436815;0.062524214,1.9799674,0.37960672;0.8366424,-1.2247283,0.12240811;1.4219345,-0.3964909,-1.0964513;0.2761471,1.5484953,0.45743155;0.07134751,-0.28340703,1.4546002;1.3962841,-0.82829976,-0.48424402;0.5406979,-1.3008887,-0.4681875;-0.8511214,2.1391158,0.26839307;-0.7502594,-0.16156313,-0.20449431;1.2378224,-1.0594969,-0.05913918;-0.6269124,-0.14476755,-0.099328905;-0.8428476,1.2499739,0.80070317;-0.20043665,-0.014315323,1.7620189;1.3744036,-0.7438275,-0.017740227;-0.4191235,0.13484997,1.9253563;0.5777144,1.5295435,-0.08436355;-0.11051136,1.853259,0.21577553;0.77458304,-1.2858243,0.18994932;-2.072997,-0.18392588,-0.34612858;2.0217252,-0.4142613,-1.7035544;1.196904,-0.88939345,-0.39147717;1.1421587,-1.0750355,0.087292425;0.31714842,1.5517006,-0.333166;-0.3025793,-0.0158124,1.9556009;0.8243223,0.8590516,0.2401924;0.03572497,1.0069675,0.09543013;1.5574701,-0.3365329,-0.90955025;-0.044275492,0.09684554,0.19540007;0.34799367,1.3857058,0.4742818;0.06788379,0.5474484,0.15845035;-0.8077742,2.0580893,0.2921378;1.2415173,-1.1084766,0.45280045;-0.18872845,-0.55234337,-0.80704576;-1.1744266,-0.89433587,-2.1565044;0.429236,-1.0769125,-0.221497;1.4000486,-1.1573466,0.23424903;-0.13596949,1.1888396,0.20862468;-0.89059013,-0.9021407,-1.7355314;-0.027583048,2.044034,0.38852087;-0.24314417,2.0776513,0.24986535;1.0782157,-0.4029893,0.058903627;0.23991314,1.3069652,0.5600315;1.0297235,-0.89927894,0.45468524;-0.8289305,2.3514464,0.34903225;1.4412463,-0.7922199,-0.26550338;0.36314613,1.4514163,0.44412574;-0.1265011,-0.21998383,1.0821822;0.20227444,1.6401365,0.3690027;-0.70646966,-1.0000349,-1.6895021;-0.40573236,-0.73630464,1.839001;-0.3802276,-0.10640028,1.256354;-0.5187137,0.8364922,0.9275305;-0.14218077,0.5584009,0.54688454;-0.79850477,-1.0432717,-2.0044515;-0.063654795,-0.31144434,-0.11763658;0.05700104,-0.19754644,0.22412767;-0.9290671,1.5748867,0.86529326;-0.4344361,0.96484786,0.6872363;0.784283,0.9926363,0.19259346;0.8316766,0.6903181,0.21757409;-1.3038757,0.13105716,-0.3591067;-0.2403103,-0.52198005,-0.8600116;0.10448467,0.48485357,0.19599333;-0.8858377,-1.0120012,-1.9583242;0.13166246,-0.85953695,-0.41029763;1.6327634,-0.2232942,-1.1402236;-0.3182214,0.8172338,0.94022614;0.7958234,-1.2223265,0.1835994;0.60019666,1.3729093,0.027509063;1.4521419,-0.8176593,-0.2616002;-0.5004565,-0.27933973,1.8894274;1.329116,-0.81707466,0.08204313;-2.1833801,0.013425302,-0.36251202;-0.62218034,-1.0752412,-1.931382;1.7013309,-0.30975014,-1.3680782;0.96867406,-0.8865504,-0.0059038703;-0.47833386,-0.49971226,-0.24675715;0.086174406,-1.0877167,1.7901944;2.043261,-0.38043624,-1.69915;1.3383739,-0.59300375,-0.4888241;1.3776718,-0.94294286,0.041502353;-0.37413585,2.2267895,0.33877447;0.724578,0.13762349,0.31514534;-0.6430943,-1.0171949,-1.9500331;-0.14996684,-0.63201576,-0.79953593;0.82868075,-0.2603421,0.09095917;-2.1823168,-0.2155218,-0.16166694;-0.2605071,-0.3406459,0.12225881;-0.2567169,-0.01838398,1.9123845;-0.26819122,-0.11930899,1.7353141;0.9693813,-1.0730402,-0.009917749;0.77601725,-0.71108586,-0.22393064;-0.24013971,0.12370512,-0.041579258;-0.5937965,0.12062555,1.9207766;-0.48745313,0.884612,0.90027297;1.1188015,-0.54396915,0.05837078;0.6073964,-1.3595123,1.7972066;-0.24296275,-0.04798744,1.400687;0.283207,-1.204505,1.782593;-0.4693944,-0.036869757,1.3120016;0.24612445,-1.2255751,1.7913722;-1.4186487,0.12499851,-0.3791131;0.5863441,1.4032544,-0.12820178;1.5038153,-0.44104776,-1.0471636;0.33996752,-1.2318603,-0.5586787;0.51947105,1.6999168,-0.02877512;-0.77772427,0.004661243,-0.27771378;-0.63769585,2.02022,0.45603243;-1.1221533,-0.8750116,-2.1985219;0.074328564,-0.9927259,1.7441219;-0.15116651,-0.12823363,1.0438321;-0.115891784,-0.7779469,-0.088269785;-1.1972909,1.9775525,0.75450945;-0.34762412,0.0055824383,1.8686926;-1.1793059,-0.9219011,-2.098195;-1.054037,2.0323617,0.6797431;-0.7950126,1.4084954,0.4220953;0.20269829,-0.06520058,0.16239469;-0.48291165,-1.0953119,-1.8577747;0.25919625,-0.71396923,0.057019494;-0.26129565,-0.6732076,-0.07011761;-0.33534136,-0.000592739,0.14130665;0.8018765,0.27534539,0.29532582;-0.2288294,-0.8275343,1.8636534;-0.75583136,2.055796,0.4518623;-0.32046187,2.0793917,0.22292769;0.6734138,-1.3926549,0.15250842;-0.23197418,0.4860975,0.29410088;-0.20087148,-0.92779607,1.866714;-0.27046245,-0.27585804,1.6834811;-0.75874615,1.2643788,1.0415932;0.1903268,0.065435454,0.26268083;1.2326863,-1.0783325,0.4253346;-0.3068786,-1.071253,-1.2195674;0.6322772,1.4294907,-0.19192745;-0.6446084,-0.6623939,-1.5085557;-0.12928958,0.9097017,0.57890093;-0.25988346,1.6586998,0.30102304;0.6002909,1.4708453,-0.011903298;0.24437693,-1.189328,-0.44171637;-0.80908686,1.630426,0.87917185;-0.066016175,-0.77952296,-0.13461053;0.54142535,0.34117487,0.2618806;1.7008735,-0.12062113,-1.1267452;0.9932273,-0.36746675,0.07494994;-0.44530132,-0.9786765,-1.6835022;0.56603765,-1.2262365,0.2353265;-0.4772066,-0.33393505,-0.9798789;-0.7124776,-1.0633639,-2.067735;-2.5031977,-0.23340282,-0.46519667;-0.1874477,-0.60437334,6.080509e-05;0.734582,-0.6358436,-0.022837061;0.8501927,0.5390406,0.23762883;-0.53975534,0.16207726,1.8861566;-0.11548041,-0.16136247,1.709044;0.27582306,0.8053446,0.4993434;0.6897192,-0.6428213,0.2915745;-0.5802946,-1.0328374,-2.0375478;-2.1683545,-0.23525627,-0.3504817;-0.75470525,1.6079324,0.87412006;-0.25169554,-0.8890385,-1.383631;0.42585257,-0.55515945,-0.43466136;-0.3110484,-0.16386719,1.3806762;1.4077587,-0.8222668,-0.07405261;-0.89029497,1.5437846,0.39856222;-0.8229298,2.3078542,0.37110314;-2.5041242,-0.4494661,-0.32095054;-0.31168458,-0.13404362,1.8042754;1.4108706,-0.55083877,-0.6976089;0.9274861,0.20005998,0.25093317;-2.5781446,-0.4037524,-0.26249418;0.6693251,1.2743019,-0.16836512;2.350402,-0.48415422,-1.9927444;0.31363156,1.4897567,0.4530039;0.1384572,1.7967277,0.57922506;-0.2869074,-0.13217427,1.4283831;0.40700087,1.4205314,-0.052725613;-0.74383926,0.30549634,-0.03155312;-1.0405405,1.8071766,0.74642545;-0.26803005,0.66542363,0.31523588;0.110369146,-0.78917855,-0.11646892;0.45975712,-0.32069454,0.7145507;1.0444325,-0.7268408,0.37402982;-0.249004,-0.84845245,1.8714706;0.6501353,1.0361179,0.458051;0.057074882,1.400951,0.057174012;-1.0151274,0.10896877,-0.23203754;-0.33724004,1.6114435,0.36543348;0.36057106,1.6549492,-0.04752806;2.0937433,-0.42526552,-1.8048494;1.1676202,-0.53746843,-0.42645887;-0.21866101,-0.6975002,-0.065505564;-0.13975206,-0.42974493,1.5404755;-0.8994227,2.3748438,0.41101542;-2.4978175,-0.43551627,-0.31117037;0.031111967,-0.73364055,0.04548749;-0.455916,-0.12518133,0.020719137;-0.20420425,1.2608045,0.2319042;0.3170048,1.4625804,0.47594523;-1.2884306,0.16831993,-0.28898197;0.040318202,-0.70154303,-0.7814324;-0.6413491,-0.30851227,-0.11721121;0.4399128,-1.3530383,1.7177566;-0.9663293,1.7269939,0.7872619;1.3089107,-0.9281463,0.14997421;1.4151684,-1.0852891,0.19774878;0.08620929,-0.30019736,1.44064;-0.23227122,-0.5491742,-0.87960494;0.2240893,-1.1675711,-0.58107394;2.4738035,-0.5365834,-2.0777783;1.1505169,-0.55030537,0.088846065;-0.75844073,1.1720653,0.88468426;0.5567611,-0.012210019,0.30164263;1.7995278,-0.2620482,-1.4278861;-1.5763158,0.006793977,-0.3893273;1.6480008,-0.29575393,-1.3819914;-1.0031482,1.4032539,0.6864118;0.83892876,-0.52556854,-0.1206671;-0.47331527,0.15967502,1.8369375;0.092095986,1.83483,0.3164824;1.2945532,-1.1808646,0.4163596;-0.22408149,-0.29603204,1.1699818;-0.77764726,1.450479,0.87083054;-0.9948252,0.07795489,-0.2321759;1.412212,-0.5542984,-0.8653955;1.1874166,-0.76780266,0.32274663;-0.08872374,1.8880404,0.40622294;-0.10540736,-0.9671323,-0.8983771;-0.080272384,-1.0482706,-0.93912804;0.5285378,-1.239191,-0.10006882;0.26699233,0.85627115,0.5251792;2.2221057,-0.4768055,-1.9008303;2.3943374,-0.6049628,-1.953345;-0.98548406,-0.9093228,-2.1886656;-2.6958177,-0.40056297,-0.45840925;-0.12889157,-0.80321646,-1.2783821;0.060459897,0.394379,-0.005400463;-0.28091198,-0.28763923,-0.4080843;-2.5076227,-0.31064355,-0.43694407;-0.7408556,1.904007,0.503133;0.3221465,1.2883085,0.495431;1.8178144,-0.20419353,-1.3794079;0.021055803,0.12324599,-0.34307757
