data_set
babi-q1
num_classes
6
data_points
1000
model
saved_models/babi-q1-e0006.ckpt
color_schema
#4E79A7,#F28E2B,#E15759,#76B7B2,#59A14F,#EDC948,#B07AA1,#FF9DA7,#9C755F,#BAB0AC
test_accuracy
0.439
test_loss
1.449814437866211
train_accuracy
0.422
train_loss
1.4719905743598938
val_accuracy
0.4565
val_loss
1.4091145629882813
labels
12,9,15,12,15,12,11,12,17,17,15,11,17,10,10,15,11,15,17,15,12,17,17,12,10,10,10,15,15,15,12,17,15,15,9,17,9,11,15,10,9,11,9,12,11,15,12,9,17,10,10,17,11,11,15,10,15,12,11,12,12,17,9,11,11,15,15,9,17,17,11,12,11,10,9,15,15,15,12,17,11,9,10,11,17,11,11,12,15,15,9,9,12,9,9,15,15,15,10,10,10,9,17,11,11,12,10,9,17,10,9,9,15,12,15,11,17,15,9,17,10,9,10,12,10,17,11,11,11,9,11,12,9,11,15,9,17,15,9,9,17,12,12,17,10,15,15,15,15,15,11,11,9,17,10,9,11,10,17,12,10,10,10,11,9,11,11,11,15,10,17,17,11,9,9,17,15,10,17,17,12,12,12,12,10,9,17,11,15,17,12,15,11,12,12,11,17,15,9,10,12,17,17,10,12,9,15,12,9,12,9,10,12,10,9,10,9,12,12,9,9,12,15,12,10,17,12,11,9,9,17,11,12,17,12,10,10,10,10,17,12,15,11,11,15,15,11,11,11,11,10,17,9,9,10,10,17,17,15,11,11,17,12,17,17,9,11,10,9,10,15,17,17,15,9,17,15,12,17,9,9,11,17,17,11,17,9,17,11,9,15,15,10,15,15,11,11,12,12,9,9,9,9,17,12,11,9,17,17,15,11,11,17,10,11,17,10,17,17,11,11,15,15,11,11,9,10,11,11,10,15,17,15,10,10,17,12,17,12,12,12,11,17,15,11,17,12,12,15,15,10,11,11,10,10,9,17,12,11,12,11,9,11,11,11,11,11,12,12,12,12,12,11,11,17,10,15,9,9,10,9,10,10,17,17,15,17,17,17,15,15,12,9,10,17,17,10,17,9,11,10,11,10,15,17,15,12,10,11,15,10,11,9,12,17,10,10,15,12,9,12,12,9,12,10,15,15,17,10,10,17,15,15,15,17,11,15,9,10,11,10,12,9,11,10,11,10,12,11,15,15,15,15,11,9,15,10,12,11,12,9,11,10,17,11,11,10,10,10,17,12,17,17,9,15,11,9,15,11,9,10,10,12,12,11,10,9,12,10,9,15,10,10,11,11,15,15,10,12,12,15,11,9,12,9,15,10,17,17,10,10,17,10,10,17,9,9,10,12,11,17,17,12,12,11,12,17,11,11,12,11,11,11,17,9,11,10,12,12,10,11,17,12,12,15,11,15,15,12,10,10,9,17,10,15,12,15,10,10,10,11,10,11,15,10,9,9,15,10,10,10,10,15,15,17,9,10,12,10,10,12,12,11,15,10,10,11,12,10,10,17,12,17,11,9,9,17,17,11,10,10,10,15,15,17,11,15,12,11,10,15,17,9,11,9,17,15,12,15,17,11,17,17,15,9,10,9,9,10,10,9,10,10,15,11,11,11,15,12,9,11,11,10,17,11,11,12,17,15,15,9,11,15,15,11,9,15,15,11,15,15,15,11,10,10,9,17,17,17,17,10,10,17,9,15,9,17,12,12,12,15,15,15,17,9,11,9,17,9,12,11,9,9,17,11,11,11,10,15,10,12,12,9,9,17,12,12,9,17,12,11,11,15,15,12,11,12,17,12,17,11,12,11,17,17,11,17,9,11,9,10,10,12,17,10,12,9,9,9,15,11,11,15,17,9,10,9,12,17,15,17,17,12,10,12,11,11,17,15,9,17,10,9,11,12,15,9,15,12,10,9,10,17,17,15,15,9,9,9,17,10,17,17,9,12,17,17,12,12,11,11,11,11,17,11,17,17,17,17,17,12,9,17,10,17,11,10,10,12,12,11,11,17,12,12,17,17,15,11,17,11,11,9,12,9,17,9,10,9,15,11,9,11,15,10,9,9,9,17,12,11,11,17,15,15,10,10,11,11,17,10,12,9,10,10,10,10,10,15,17,9,11,17,15,12,11,10,10,15,12,10,11,12,12,11,11,11,15,12,17,10,12,17,17,12,10,10,12,17,10,11,17,11,12,17,17,11,12,11,17,9,9,11,17,11,11,15,15,17,17,10,10,17,12,11,15,12,11,11,10,9,12,12,15,10,9,17,15,17,9,17,17,10,17,15,12,12,11,10,10,10,17,17,15,12,17,9,9,15,10,12,15,15,15,17,17,15,11,15,10,12,9,9,10,11,11,9,9,12,15,9,15,9,12,12,10,17,17,10,12,15,9,10,17,11,11,11,17,9,9,11,15,11,11,11,15,12,17,9,10
pred_labels
9,9,15,11,15,17,9,12,17,17,15,15,15,11,11,15,11,15,12,9,17,17,9,11,11,15,10,15,9,9,17,17,15,15,9,17,17,15,12,10,9,11,10,15,11,17,12,9,17,12,10,17,11,10,15,9,9,10,15,17,12,17,15,11,9,15,9,9,15,12,11,17,9,10,9,15,17,15,10,17,11,11,11,17,17,11,11,10,15,15,9,9,12,9,17,15,15,15,10,15,11,9,17,9,11,17,12,15,9,15,9,15,15,17,17,15,15,9,17,17,12,9,15,9,17,15,11,17,11,11,11,17,15,11,11,9,17,15,9,9,15,12,17,9,12,15,15,15,15,15,11,9,17,17,12,11,11,9,17,17,12,9,10,17,9,11,11,15,17,15,15,11,11,9,10,17,15,12,17,15,17,17,17,17,15,9,9,11,9,17,12,15,9,10,17,11,10,9,15,10,17,17,17,15,10,9,9,12,11,15,11,10,9,9,10,12,11,17,9,11,12,17,15,15,15,17,17,9,9,17,15,15,11,17,15,11,9,15,17,15,12,15,9,12,15,15,9,9,15,9,12,15,9,11,10,11,17,11,11,11,11,15,12,17,9,11,9,9,9,11,15,17,12,15,11,15,15,10,12,9,9,11,17,15,11,17,9,12,11,9,15,17,11,15,15,11,12,11,12,10,9,17,17,17,17,11,9,9,9,15,11,12,12,10,15,15,12,17,15,15,11,9,15,9,17,9,15,11,9,17,15,17,15,17,15,11,17,11,12,17,12,11,17,15,11,17,15,12,15,15,11,10,11,10,9,15,15,17,11,12,11,9,11,11,11,11,15,12,17,15,17,17,11,15,15,12,15,15,11,11,9,12,17,17,15,9,15,17,15,12,15,12,11,10,9,17,11,11,11,11,11,11,17,15,17,15,17,17,10,10,11,11,9,17,17,10,9,11,11,9,15,17,9,12,9,9,15,17,10,9,15,9,15,12,17,11,9,11,11,11,11,12,11,9,11,11,9,17,11,15,15,15,15,9,9,15,15,10,11,12,15,10,17,17,12,11,15,9,12,17,10,15,17,11,9,15,9,15,11,11,15,17,17,12,15,11,9,17,15,15,15,15,10,10,15,15,15,10,17,15,15,11,11,15,9,15,10,15,9,10,10,17,11,9,12,9,11,9,12,11,15,9,12,10,11,17,17,9,17,12,11,17,11,10,11,11,11,17,11,10,11,12,12,12,15,11,15,17,12,12,10,12,15,11,15,12,17,10,9,15,11,11,10,9,11,9,9,17,17,17,11,12,15,17,12,9,15,9,9,9,15,15,11,11,11,10,10,9,10,11,15,17,17,11,9,9,17,11,12,11,11,10,11,9,17,11,17,11,10,11,15,15,9,11,9,9,15,17,17,12,11,10,9,15,9,10,12,11,10,11,9,10,15,9,9,11,12,17,10,9,11,17,10,10,11,15,17,17,9,11,9,11,15,15,9,9,15,11,11,9,17,9,12,17,9,15,9,17,17,10,12,11,17,15,9,9,17,17,10,9,15,15,15,15,9,11,9,15,15,12,11,9,9,17,17,11,9,12,15,11,12,17,15,9,9,11,12,17,12,15,11,11,10,15,9,11,12,17,17,17,11,12,9,15,10,15,17,9,15,9,9,12,12,17,12,12,15,9,9,10,11,15,9,15,9,17,9,17,9,15,17,10,10,11,11,11,15,15,9,9,9,9,17,11,15,9,10,17,12,9,11,17,17,15,10,15,9,9,17,17,12,17,17,15,9,9,9,10,11,12,11,11,17,15,9,17,15,12,11,9,11,11,10,15,17,11,10,11,12,15,11,10,11,17,15,17,17,15,15,15,11,11,9,17,9,15,12,10,15,15,11,9,12,9,17,9,9,11,11,10,11,9,17,15,15,17,15,15,9,9,15,17,11,11,10,10,12,12,15,17,9,11,17,15,12,11,10,15,15,17,9,11,17,12,11,11,15,15,11,15,15,17,15,12,15,10,12,17,9,9,15,17,11,9,15,17,11,11,17,9,9,17,9,11,9,11,9,9,9,17,12,17,17,9,11,15,17,11,15,17,15,11,17,15,10,11,9,15,15,9,9,12,11,17,15,12,12,11,10,9,15,17,15,9,9,17,9,15,9,15,12,15,15,17,9,15,9,11,11,10,12,9,15,15,15,15,9,15,9,15,9,15,9,9,11,9,17,11,9,12,15,9,11,11,9,15,9,15,9,9,11,15,11,9,15,15,17,12,9,11
pred_correctness
False,True,True,False,True,False,False,True,True,True,True,False,False,False,False,True,True,True,False,False,False,True,False,False,False,False,True,True,False,False,False,True,True,True,True,True,False,False,False,True,True,True,False,False,True,False,True,True,True,False,True,True,True,False,True,False,False,False,False,False,True,True,False,True,False,True,False,True,False,False,True,False,False,True,True,True,False,True,False,True,True,False,False,False,True,True,True,False,True,True,True,True,True,True,False,True,True,True,True,False,False,True,True,False,True,False,False,False,False,False,True,False,True,False,False,False,False,False,False,True,False,True,False,False,False,False,True,False,True,False,True,False,False,True,False,True,True,True,True,True,False,True,False,False,False,True,True,True,True,True,True,False,False,True,False,False,True,False,True,False,False,False,True,False,True,True,True,False,False,False,False,False,True,True,False,True,True,False,True,False,False,False,False,False,False,True,False,True,False,True,True,True,False,False,False,True,False,False,False,True,False,True,True,False,False,True,False,True,False,False,False,True,False,False,False,False,False,False,False,False,False,False,True,False,False,True,False,False,True,False,False,False,False,True,False,False,False,False,False,False,True,True,False,False,True,True,False,False,False,False,False,False,True,False,True,False,True,False,False,True,True,False,True,True,False,False,False,False,True,False,True,True,False,True,False,False,True,False,False,True,True,True,True,False,True,True,True,False,True,True,True,False,False,True,True,True,False,False,True,False,True,False,False,True,False,True,True,False,False,True,True,False,False,True,False,False,False,True,False,False,True,False,True,False,False,True,False,True,False,False,True,True,True,False,False,False,False,False,True,False,True,True,True,True,True,True,False,True,True,True,False,False,True,True,False,False,False,False,True,True,True,True,True,True,True,True,False,True,False,False,False,False,True,False,False,False,True,False,False,False,True,False,False,True,False,False,False,True,False,False,True,True,False,True,False,True,False,False,False,True,False,True,False,True,True,True,False,False,False,False,False,True,True,False,True,True,False,False,False,True,False,False,True,True,False,False,True,True,True,False,False,False,True,False,True,True,False,False,False,True,False,True,False,False,False,True,False,False,True,True,True,True,True,False,True,True,False,False,True,True,False,False,False,True,False,True,False,False,False,True,False,False,True,False,False,False,True,True,True,False,False,False,False,True,False,False,True,False,False,False,True,False,True,False,False,True,True,True,False,False,True,True,False,False,True,True,True,False,False,True,True,True,False,False,False,True,False,False,True,True,False,False,True,False,True,False,True,False,False,True,True,False,True,False,False,True,False,False,False,True,True,False,True,True,True,True,True,False,True,False,True,False,False,False,True,True,False,True,False,False,True,False,False,False,False,True,True,False,False,False,False,False,True,False,False,True,False,False,False,False,False,False,True,False,False,True,False,False,True,False,False,False,True,True,True,True,True,False,False,False,False,True,False,False,True,True,False,False,False,False,True,False,True,True,True,False,True,False,False,False,True,False,False,True,True,True,False,False,True,False,True,True,False,False,False,True,False,False,False,True,True,False,True,False,True,False,False,True,False,False,True,True,True,True,False,True,True,False,True,False,False,False,False,False,False,False,False,True,True,False,False,False,True,False,False,True,True,False,False,False,True,True,True,False,True,True,True,False,False,True,True,True,True,True,False,True,False,False,True,False,True,False,False,True,False,False,True,False,False,False,True,True,False,True,False,True,True,True,False,True,True,True,False,False,False,False,True,True,False,True,False,False,True,True,False,True,False,True,True,False,True,False,False,False,True,False,True,False,False,True,True,False,False,False,False,True,False,False,False,True,False,False,False,True,False,False,False,False,True,False,False,False,True,False,False,True,True,True,False,True,False,True,True,False,False,False,False,False,False,False,True,True,False,False,False,True,False,False,False,False,False,False,False,False,True,True,True,False,True,False,True,False,False,False,False,True,True,True,False,False,True,True,True,False,True,False,False,True,False,True,True,True,False,False,False,True,True,False,False,False,True,False,True,True,True,False,False,False,False,False,False,False,False,False,True,True,False,False,True,True,True,True,True,True,True,True,True,False,True,False,False,True,False,True,True,True,False,True,False,False,False,False,False,False,False,True,False,False,False,False,False,True,True,False,False,True,True,False,False,False,True,False,False,False,False,True,False,False,False,True,False,False,True,False,True,True,False,True,False,False,False,False,False,True,True,False,False,True,False,True,False,False,False,True,True,True,True,True,True,False,False,True,False,False,False,True,True,False,False,False,True,True,True,False,False,False,False,True,False,True,True,True,False,False,False,False,True,False,False,True,True,True,True,False,False,False,True,False,False,True,True,True,False,False,False,False,False,False,True,True,True,True,True,False,False,True,False,False,True,False
p2d-kl
0.6263671517372131
p2d-iter
599
p2d
-0.22183792,0.38942713;-0.32324857,0.5890111;0.44563138,0.011078712;-0.64525163,1.0978565;-0.425567,-1.7389816;1.412395,-0.13222575;-1.595089,-0.44547957;1.9158506,0.15922388;1.4048344,-0.7916473;-0.13041669,-1.8324956;0.366016,-0.5575698;0.67072874,-0.6095211;0.5339365,-0.78771585;-0.420988,1.3209374;-0.8222994,1.2029217;0.53930944,0.40235695;-1.7509423,0.28625256;0.22889039,-1.0014316;1.971606,0.13408497;-1.1611807,-0.58584225;1.4005057,0.11598939;0.8800187,-1.076618;-0.8004623,-0.9114241;-0.9370639,1.0495186;-1.3350271,0.106560774;0.426902,0.19829659;0.59743893,2.1627223;-0.34653893,-0.9288188;-1.146468,-0.6541628;-0.42426735,-0.56730354;1.6905926,-0.047853075;0.664357,-1.26132;-0.39772722,-1.7059193;0.32930765,0.35267678;-0.9799185,-0.30932903;1.5847416,0.39409488;1.1616104,-0.021866396;0.15355825,0.47336796;1.0788124,1.3435969;-0.5660777,0.89279765;-0.6033414,-0.99695176;-1.5877622,0.3202055;0.7256686,-0.15225227;0.95597786,-0.45972055;-0.88950783,1.0017616;1.4064962,0.15001926;1.0443751,1.6026305;-2.0042884,-0.77834374;1.1650983,-0.7892758;1.0472714,1.6855136;0.68608433,2.1026988;1.7274874,0.2570628;-1.7599511,0.18849292;0.8491173,1.0953343;0.37827277,-1.1469185;-0.10238552,0.59132725;-0.74985296,0.06934527;0.6855789,1.9177262;0.4330117,-0.777856;0.17790174,-1.8363508;1.2481762,1.2419858;-0.039887905,-1.8017175;-0.3002625,-1.7709148;-1.3857949,0.66264325;-2.0603848,-0.8623029;0.24047817,-0.5588998;-0.23563476,-0.38987115;-1.0569481,-0.66915613;-0.27469298,-1.8315988;1.0250605,-0.06925662;-0.5894219,1.3276954;1.841008,0.03920788;-1.1780323,0.29064888;0.72757494,1.9436622;-0.74959475,-0.51072127;0.15230095,-0.6942542;0.92798656,-0.9169625;0.4331242,-1.1289861;0.9505325,1.4751413;1.135177,-0.85628676;-1.5717604,0.53517675;-1.7898893,-0.43580115;-0.5895163,0.82193965;0.83291525,-1.1654801;0.060103334,-1.8475025;-1.584796,0.5167629;-1.5234861,0.30277535;0.96246415,1.7910972;0.41528457,-0.7930233;0.11334785,-0.74472225;-0.45654175,-0.15786542;-0.6958447,-0.18800393;0.9856755,1.3536093;-2.0321894,-0.8054407;-0.19935986,-1.8402624;0.21024044,-0.6335527;0.6757882,-0.62639946;0.4840552,0.45990148;0.7219014,1.8786374;0.39509615,-1.2563378;0.031833094,1.6544415;-0.7701153,-0.46501476;1.4609584,0.04589613;-0.36473933,0.52640927;-1.6889367,0.12066028;1.7808703,0.24076815;1.0819273,1.6311429;-0.33751035,-1.5737046;-0.4566925,0.4466703;0.5160789,2.155322;-0.61200607,-0.95929486;0.34829968,0.26281708;0.30964532,-0.76808816;1.4538387,-0.19297805;-0.16574083,-1.8191885;1.1600841,-0.10656895;0.19714494,-0.52727276;-0.602902,-0.46423858;0.24632226,-1.501682;0.20658265,-1.7478722;0.98514843,1.1946288;-0.6502755,-0.41978356;-0.09166387,-1.5703477;-0.7843279,-0.84525967;0.31898555,-1.6548932;0.6379718,-1.0343627;-1.3863293,0.5615815;0.4789352,-1.2783786;-1.6489645,0.18588842;-1.8905531,-0.55336374;-0.6547224,1.1481678;1.5249931,0.25223786;-0.26652315,-1.2627801;-0.12907451,1.3778863;-0.029710064,1.647902;-0.4321901,-0.36451656;0.6829136,-1.1881828;0.5103891,0.33711338;-0.5172054,-1.5486938;-0.65961325,0.025985941;1.1700263,0.12061461;1.2621068,1.1982695;0.089067884,-1.7776725;-0.43155986,-1.5256239;0.52700675,1.9520928;0.42495367,0.39395127;0.5353616,1.5258797;0.4403783,0.18642694;-0.38202158,-1.5130574;0.115709044,-1.4203144;-1.3947282,0.6378566;-1.0178577,-0.2477347;0.7784788,-1.0654526;0.0322582,-1.8543473;1.1756942,1.1634595;0.09077607,1.3701279;-0.7819332,1.1739438;-0.28067818,0.019712351;0.21566339,-1.7979907;1.791299,0.263077;1.0346438,1.6273717;-0.30424973,-0.3438553;0.94913834,1.3339987;0.77820325,1.241096;-1.6574707,-0.83295274;-1.2839845,0.6617834;-0.9065686,0.9130104;-0.058441635,-0.15022749;1.3794662,-0.19490694;0.5905953,1.5521963;0.574945,-1.1326251;-0.15489337,1.2485526;-1.4740225,0.20888418;-2.082314,-0.8637093;0.6798442,2.0493479;0.6128235,-1.1003242;0.43397444,-0.74927956;0.9670344,1.6183172;0.3638258,-1.7197828;0.26570815,-1.3446624;1.7396423,0.3370781;1.6585424,6.0812734e-05;1.4275028,-0.7908753;1.813877,-0.16511244;0.8871239,1.1155232;-0.4201964,-0.13889822;-0.5222767,-0.9418509;-1.4227492,0.43471867;-0.6208361,-0.672385;0.42339602,-1.667534;1.2129476,1.2138908;0.6326425,-1.0013784;-1.7487441,-0.723422;0.5688763,2.1396377;1.8221996,0.13731058;-0.0032436333,1.3840615;0.43275008,1.5225952;-0.5454634,-1.1121838;-0.40387553,-0.8603423;-0.12687953,1.1975316;1.6249624,0.20606957;1.7342051,-0.12914033;1.1175396,-0.79604965;0.697645,1.1260208;0.7186393,2.0229552;-0.28870526,0.052975964;-0.76178896,0.050941113;1.1461878,1.2671549;-1.7315283,-0.09090146;-1.0704794,-0.8308246;-1.447357,-0.28843433;0.9122589,1.2603775;-0.98644453,-0.7541822;0.028940886,0.70348144;0.29916498,1.410639;1.0058383,1.6114143;-1.5351759,-0.2300464;1.0809596,-0.09871914;-0.2885996,0.11865363;-2.1187444,-0.702127;0.79922277,1.0889934;1.8737624,0.101860225;-0.30405283,-1.2779838;0.62146914,0.20906444;0.5433819,1.5013065;1.6370738,0.15643796;-0.11659615,-1.8038504;-0.9121966,-0.15196243;-0.6043882,-0.14102644;0.07281196,-1.8212705;-0.011122788,-1.5466824;-0.12088159,-0.11706354;-0.7929087,0.99713796;1.4996033,-0.2208453;-0.8154303,-0.9722319;-0.0075902855,1.6120714;-0.7489692,-0.337255;0.4037642,0.057566132;1.392189,0.012605662;-0.07546383,-1.6272897;1.2409517,1.2293226;-0.3036081,-1.2303326;-0.32759544,0.4942019;0.9071809,-0.20965227;0.38896334,-0.5053372;0.16926251,-0.6366265;-0.023152987,0.6709447;-0.36867434,-0.085527875;-0.4065805,-1.8151876;-1.695911,-0.72626585;0.9810231,1.2208372;0.50167906,0.42601815;-1.6035081,-0.71529734;-1.3506955,0.6087995;0.9141364,1.4941331;0.0010724267,1.6246518;1.6763937,0.34018448;-1.822222,-0.5397981;-1.5190537,0.43136457;-0.9292955,0.98465174;-0.6282824,1.2919941;-0.67694014,-1.0712789;2.0272324,0.049998384;1.4018887,-0.36794195;-1.466153,-0.43333516;-1.735782,-0.4983777;-0.8622751,-0.27341133;-0.75280195,-0.043697905;-1.2333976,0.26776317;-0.55575216,1.2897673;-0.37040707,-0.90653706;0.7015046,-1.1358998;0.718826,1.2029529;0.19509359,-1.0361624;-1.9553263,-0.6312046;0.378736,-0.727042;-0.16772713,-0.5726491;0.6208659,2.0219996;1.9935127,0.1707784;-1.7774299,-0.68749964;-0.58260846,-1.0237051;-1.4616326,0.41406345;1.3120291,-0.67982906;-0.3761114,-1.531971;-1.6280185,0.40660703;1.543453,0.10754987;-1.4271959,-0.3367367;0.9918385,1.7139195;-1.3909116,0.5283003;-1.5844098,-0.80594283;0.1787603,-0.6176647;0.9918972,-0.67147106;-0.037151247,1.5483764;0.39165342,-1.3016719;-0.097814225,-1.1083372;-1.6830249,0.3943869;0.9875311,-0.06441065;-1.7018291,-0.44295576;2.0256917,0.13431746;0.36764467,1.5411286;-0.61501765,-0.23234668;1.2101244,-0.56513435;1.0855842,-0.8994179;0.9851714,-1.2053001;0.029064115,-1.8247601;-1.7333249,-0.506572;-1.0331963,-0.2705477;-0.6342943,-0.7815321;-1.618125,-0.76496845;0.044237252,-0.93871254;-1.7497298,0.30910772;1.219951,0.20322166;0.74771684,-0.16469806;-0.4470021,1.1679376;0.52502626,0.09973672;1.2653146,-0.022129057;0.7296899,2.0856833;0.6966866,-0.6761473;0.4374135,0.32192996;-0.13060397,-0.5525901;-1.5403099,0.5675163;-0.56584984,-0.26909637;-0.1911659,-1.1451738;0.21018863,0.6113186;0.25748503,-1.7175506;-0.31712955,0.43914402;0.3702772,0.38358366;-0.5354646,0.8384495;-0.5772472,-0.71881956;0.7715984,-0.99160516;0.5192022,0.18356724;0.7077963,-1.0670611;-0.08955811,-1.6889118;0.9762344,-1.0915228;0.2190639,0.44241363;0.015925467,1.3891488;1.8663942,0.06337454;-2.0486581,-0.77517956;0.99256665,-0.16209742;1.4651654,-0.6250642;1.0889608,0.04674758;-0.50733835,1.3277038;1.4976531,-0.6648592;0.36564705,-1.2390822;-0.27448943,1.4301784;1.6260911,-0.06925296;0.28345498,0.375276;0.83248,1.866087;0.1961253,0.5869954;-0.42776343,-1.5704833;-0.7123397,1.2783692;0.7096741,1.881567;-1.3971306,0.49262086;0.8367485,1.4709615;-0.47276968,-0.09849478;0.024218153,-1.5291458;0.577149,-1.2184017;1.8487242,0.21718891;-0.79857683,1.1188123;0.53923255,1.0086502;-0.51772135,0.55779517;-1.5403631,-0.7332572;-1.8093414,-0.37429705;-1.9153378,-0.48081553;-1.8661078,-0.51756436;-0.57556015,1.185106;0.2901164,0.5477317;2.0209234,0.10307798;1.5964315,0.34041652;-0.54905593,-1.0525959;1.8586789,0.018295288;0.38272238,-1.6255257;-0.59330374,1.1396368;0.7447107,1.2671318;1.1880202,-0.2846669;0.8555127,1.6074034;-0.11664532,-0.085668884;-0.26059523,-1.7269173;-0.066364005,1.2073735;-1.6434077,0.24322876;-0.08360803,0.61986;0.9852396,1.657101;1.737985,-0.025234548;0.2555267,-1.7501938;0.2573115,-0.73261374;-0.4404371,-0.4596072;0.35754198,0.013656308;1.4637574,-0.055385493;0.59425014,-1.3208585;1.1579412,1.5526825;0.10124648,0.7349542;1.0245879,1.3570045;-1.5364188,0.3760255;0.58427066,0.93686837;-0.895485,-0.7785146;0.60301137,-1.0848155;-0.764398,1.0344466;-1.5128857,0.24021238;-2.1214824,-0.7708432;-1.7052001,0.024861977;0.02281377,1.6239907;-1.7743056,-0.40114748;1.315281,0.2058535;-0.27996147,-1.216724;0.6800272,-1.3271235;0.6625975,1.1730304;0.9618142,-1.1522155;1.0824388,-0.8242084;-1.255395,0.14843455;0.5115672,1.6751897;0.0331143,1.3181174;-0.770305,1.2255775;-1.4961288,-0.682083;0.26973736,-1.7974855;1.606927,0.191813;0.72739106,1.9827882;-1.5215901,-0.45349362;-1.5534832,-0.3879793;-1.7112918,0.2380158;-0.21901144,-1.7087854;0.44958314,0.010834976;0.78969246,1.1359981;-0.2397624,-1.4952456;0.89770174,-0.19015862;-1.1903402,-0.7084751;-0.39948383,-0.14403225;0.046284113,-0.7406348;1.5667725,-0.03824445;-0.3061739,1.1811911;-2.0972285,-0.80951047;0.38555306,-0.59105116;-0.06567988,0.7120833;0.44984686,1.6013479;1.9962637,0.20496754;1.4224097,-0.75249404;-0.40057632,0.64548475;-1.7222412,-0.79460233;-0.6259269,1.2395463;-1.4909531,0.6281129;-0.8534698,1.1312895;-0.69018006,1.2728101;1.202395,1.318931;-2.07677,-0.7588095;-1.6557075,-0.6858575;-0.48960906,1.401214;-0.32169402,1.3986439;-0.8750696,-0.78201455;0.9835708,-0.8988799;-1.7911779,0.2502968;0.3064878,0.593748;-0.17021804,-0.64489365;0.8562209,1.2035898;0.17685425,0.548118;-0.85775024,-0.29503718;-0.691691,-0.54084647;0.37160146,-0.76656973;0.54986924,0.2593827;0.6764942,2.1247344;-1.6107914,0.10109599;-2.2147725,-0.85752547;0.4584921,-1.2452382;0.042091314,1.5934306;1.8026608,0.0034438905;1.7008029,-0.0073524774;0.7678235,1.0654758;-0.5223472,0.6216506;0.028640859,1.217027;-1.661219,-0.7130435;0.9806874,-0.09642091;0.85577357,-1.1112087;0.67528886,1.9868958;0.56478935,-0.66420084;1.6653793,0.21470661;-1.8144091,-0.49330285;-0.4128034,-0.18162361;1.1815077,0.11195036;-0.20783766,0.3318784;0.5431325,-0.76136804;-0.7605333,0.91268384;-1.3457566,0.25214514;0.424394,0.42732835;0.8180704,-1.0881525;1.902979,0.05473188;1.1681324,-0.6674722;-0.052754328,0.351876;-0.37176412,1.3877535;-0.9955445,-0.6148851;1.255111,0.13061054;0.58578175,0.5781896;-0.29755238,-1.6445849;0.070717745,-0.78438616;0.45963186,0.39603207;0.6415556,1.9615906;0.09193816,1.6411929;-0.32438076,-0.32189295;0.52786267,1.6112643;0.36154604,-0.5971096;0.6561786,1.8632946;1.940489,0.08162364;0.119746946,-0.9316922;0.16874321,-0.6885488;-1.7096933,-0.34067202;-1.2635714,0.5174118;0.21581037,-1.0723132;-0.8861103,-0.6475074;-0.18668473,-0.62342954;0.585267,1.8801789;0.19990923,-1.4460715;-0.39588067,-1.9042592;0.6543263,1.3055422;0.61503285,2.1849444;1.0403146,1.1399313;-0.6398687,1.197338;-0.26901025,-0.020142326;0.8941972,1.3022538;-0.5721076,-0.12363072;-1.4722822,0.36541307;-0.56668127,-0.07908757;1.3674561,-0.8393621;-1.3443538,0.31505564;-0.00063720596,-1.5635356;-0.44107527,0.26672453;0.9087483,-0.24497904;-1.7647891,-0.10771029;-0.08420476,1.4012475;1.3987411,0.09601321;0.7975708,-1.2229748;-0.054389346,0.7566985;1.0754757,-0.970376;1.0955064,1.6078713;0.01364194,1.4121236;1.4451072,-0.15059222;-0.3752589,1.3736131;1.001911,1.774051;-2.051926,-0.722001;-0.34771144,0.68294704;-1.204455,0.49553728;1.4007463,-0.7295388;-0.39685297,1.1478161;0.38487753,1.0654514;-0.4435476,0.88361436;0.7457223,1.7732427;0.7575164,-0.13558516;1.0823672,1.7313026;-0.27250412,-1.5217707;-0.37212297,0.6654517;0.021781174,-0.77476156;1.5992254,-0.23833019;1.0888861,1.6643462;1.2523843,0.9445285;0.58835584,2.1914659;0.9781446,1.3056556;0.45192298,-1.1581067;-1.3487681,0.45529282;0.24887908,0.5492921;1.101861,-0.2250737;0.6028629,-1.1759406;0.7883721,1.7844747;-0.6441802,-1.1007711;0.1986367,-1.2337898;-0.5668105,0.5164778;-1.226277,0.49268186;-0.4144142,1.2315545;-0.44499722,-1.4163547;-1.32038,0.69356906;-0.9853521,-0.2656379;-0.040529326,0.5587641;1.0327551,-0.8762057;0.97973776,-1.1295658;1.4972878,-0.09863276;-0.73485565,1.2277162;1.0408585,-0.09953651;-0.13069807,-1.1582716;1.5644379,-0.58431554;0.73524994,1.0154895;-0.22040819,0.39525652;0.6320643,1.1827034;-0.93302584,-0.8165139;-1.7096869,-0.77475625;-0.8166217,-0.60819113;0.54455394,0.379165;0.4663626,0.32842243;-1.3936331,0.5965185;-2.0065992,-0.66929793;-0.4548965,0.5704231;0.62400734,2.1125915;1.0848353,1.4123362;-0.6240404,-1.1112435;0.58951527,2.0798826;-0.657938,1.3264827;0.033410568,-1.5385042;1.5248531,-0.5699239;1.3212824,-0.64214134;-0.36806193,0.7263688;-0.74001694,0.01717534;-0.67638063,-0.30007148;1.2786413,-0.72408986;-1.5014505,0.19230029;-2.2327824,-0.88457483;-0.4679697,1.3050463;0.007917115,1.2726806;0.89265037,1.4133805;-0.48249406,0.61370414;-0.44025573,-0.83247507;0.70027775,-0.7217118;-0.45305043,1.3840433;0.7187509,-1.0039295;-1.470404,0.2278882;0.4849411,1.7360458;-1.1748924,0.4673813;0.35211372,-0.81174594;0.53758585,-1.1645099;-1.6076201,-0.57307816;-1.4487684,0.30291796;-1.6105957,-0.80575675;-0.58911777,-0.9891337;-0.18242301,-1.1653634;0.9963176,-0.67029345;0.30187893,-1.7036493;1.407727,-0.8371604;-1.5480015,0.4101933;0.60599965,0.9681368;-0.70494664,-0.5781605;-0.046391487,-1.5833845;-0.15766251,0.33161506;0.6402834,1.8946307;0.7623371,1.1816301;-1.7535484,-0.4550116;0.75953203,2.0435746;-0.90564585,1.0946449;-0.9853483,-0.26563916;0.39952397,1.5848552;0.500759,0.22884798;-0.38089824,-0.5984895;-1.5312889,-0.6764303;-1.5306722,0.5491823;0.8298895,1.1178964;1.5025812,-0.1322734;0.010240222,1.5196704;-0.8136558,-0.8378342;-1.7453479,0.32142344;1.1938181,-0.63466203;0.6155549,2.078377;0.031373106,1.5485348;-1.8317738,-0.45219207;0.1822061,0.4783587;1.3999642,-0.5729501;-0.082388654,-1.800514;-0.44457543,-1.4656891;-1.7367676,0.08441401;-1.5264431,-0.5644074;-1.8048823,-0.32944924;-0.06516611,-0.15037873;0.3209278,-0.72026056;-0.87833333,-0.20515993;-0.60032415,-0.20460689;0.15796188,-0.7557616;-0.0014505567,1.3673139;-1.7688059,-0.07538488;-1.471449,-0.45793352;1.3836247,-0.2875807;-0.8922556,-0.9078534;0.80226725,-0.10543858;1.6212039,0.38807943;-0.8111437,-0.11253969;0.26537406,-1.252266;-0.45444518,0.79156584;1.4339988,-0.56744236;1.142388,-0.78399336;1.0564952,1.4870535;0.84951276,1.6431773;-0.45093346,0.64544827;0.7976626,-1.1370349;0.024073226,-0.9431243;-1.142921,-0.70172805;-0.23246802,0.3613633;1.5093637,-0.49766308;-0.11007992,-1.912408;-1.2695911,0.15211724;-1.0692883,-0.5992821;-0.12919429,-0.66965777;0.23275992,-0.49648046;0.017884001,0.3026284;-0.13716102,-1.6366279;-1.8061647,-0.5993169;-0.84753793,1.0144119;-0.30318227,0.0045761704;-0.019581525,-1.5987386;-0.015077389,-1.4868985;1.8510246,0.27851585;-0.63997805,1.2913494;-1.103403,-0.7482644;-0.3555631,-1.8671012;1.6527449,0.09509559;1.365024,-0.24573258;-1.486311,-0.32799616;-1.0265499,-0.3061562;1.1539088,1.2703981;0.38948303,-1.3142263;-1.7319677,0.12834187;1.1480801,1.655606;1.7368382,0.038341038;-0.33207485,-1.5413665;-0.08499034,0.51649165;-0.2295021,-0.44080323;-0.33598927,1.3496172;1.0589737,0.04790659;0.48816928,-1.321499;0.50775194,0.9700871;1.318516,-0.17697532;-1.4959384,-0.31008393;-1.3929325,0.37814078;0.37680277,1.575087;0.550641,-0.7452126;-0.3033406,0.33473676;-0.6987048,1.2460568;1.2278609,1.316247;0.120109305,-1.795006;1.6022011,-0.00490302;0.5650519,-1.2774626;-0.7650427,1.2482573;1.14161,1.3603811;-0.2123127,-0.3639827;0.50771564,-1.1363207;0.098972365,1.5193864;1.1531227,-0.16272324;1.6129094,0.06192454;0.0768953,0.609269;-0.27858555,-0.25311893;-0.43286598,-0.5321199;-0.0860557,0.60179186;1.9880283,0.19240749;1.135578,1.1101465;1.7157136,-0.0656245;1.1236976,1.3362191;0.8183755,1.9196494;-0.17322245,-1.4922688;-1.5129071,-0.61166984;-0.9383503,-0.22250268;-1.2258143,0.13803376;-1.4835879,-0.29766205;0.39464715,0.50187176;-0.5169023,-1.1488924;0.096947975,-1.491009;-0.6516222,-0.6225913;1.4642794,-0.24489672;-0.13546284,0.540632;1.2427117,0.028092708;-0.54893893,-1.1382264;0.31695625,-1.0566242;1.5262237,0.16375314;0.10483041,1.6945697;0.44712546,1.0420523;0.06515494,1.6721462;-0.3010335,0.7310523;-0.75161755,1.0948237;0.35538477,-1.1691359;-0.33427975,-1.6932058;-1.6200602,-0.6912016;-0.73900265,-0.3804538;-0.6449294,-0.9471585;-0.8218658,-0.5605414;1.2974216,-0.24776457;-1.8504415,-0.3460484;0.9709811,-0.4459995;-0.44602117,-0.34361792;0.68586266,1.7373413;0.7300034,-0.67541814;-2.2539618,-0.8927964;-0.250292,0.4604098;-1.7581966,-0.5244664;1.3559403,-0.04230557;0.64237416,-1.278128;-0.3859402,-1.7618556;0.77213144,1.5367122;0.046742067,0.5158282;-0.4608506,-0.19950904;-0.45281705,-0.42577028;1.2235489,-0.67592305;-0.35494024,-1.9192764;0.82347727,1.9130539;1.7715557,-0.099129125;0.65273756,-1.3373945;0.27528867,0.4729812;-1.2479485,0.30321568;-0.20593455,-0.40008274;-0.46415108,-0.58460766;0.532034,1.9296169;-1.4251755,0.3698587;1.3604212,-0.86049885;-0.09772319,1.2398854;-1.3115958,0.2726572;1.4760191,-0.31452966;0.27265736,-1.1537534;-1.9356326,-0.73955864;0.86023456,-1.0537766;-0.22343236,-1.6675639;0.8049405,1.7372277;-0.8085124,0.94135094;-1.8204448,-0.78659225;-0.6991698,1.1273627;-1.267271,0.4748979;0.85825825,1.5176064;0.41911608,1.4322246;0.73418826,-1.2566983;-1.4894744,0.5715956;0.6419165,2.0483634;-1.8553442,-0.5726581;0.50937593,1.0073825;0.17074008,0.41205877;-0.43648076,0.6073952;0.7012633,1.7476254;-1.7144142,0.049187962;1.3241038,-0.07736443;0.5957268,0.49629313;1.4964232,0.10318612;0.046520703,-1.5928508;0.31666106,-1.0943106;1.209498,-0.051413614;-0.34549114,-1.8231164;-1.6220024,-0.40818566;-1.4621533,0.64106417;-0.9152122,-0.7096088;0.33682248,-1.7391384;-0.9528852,-0.61605906;1.1620237,-0.19255237;1.0914226,-0.67434;0.6815789,1.280925;-0.08201645,-0.66104245;0.36933762,-0.6790763;-0.4704081,1.3717841;-0.685816,-0.21175252;0.94332665,-0.15501794;-0.4140596,-0.321712;1.1617967,-0.740259;-0.24722698,0.3549667;-0.76567966,-0.16067956;-1.475842,0.052994963;-1.7316313,-0.014440946;1.0845672,1.384991;-1.6443018,0.46250975;-0.63285637,-1.1533507;0.30859688,-1.502115;0.49709728,0.26696938;-0.40859103,-1.6189662;1.5040323,0.15666395;0.49235362,0.2618121;1.1929452,-0.12556723;-0.7750688,-1.0966758;-1.7613759,-0.6721282;0.42224386,0.26811555;0.32355288,-1.5139556;-1.5990388,-0.42795047;-1.6954856,-0.3888685;1.1145482,1.4113872;0.7497111,1.9450518;1.0340394,1.3051418;1.1104594,1.1697687;0.56117785,0.31341013;1.5005531,-0.60517603;-0.58913726,-0.18867813;-0.50710756,0.86385435;1.8264071,-0.07169778;-0.04234878,-1.6313627;0.88641536,1.6152514;-0.6532599,1.143193;0.34175295,1.5120325;-0.15004453,-0.08365115;-0.27836668,-0.6176705;1.1026751,-1.006718;-0.12560749,0.5788079;-0.51295066,0.79689133;1.3176633,-0.31303167;0.8046792,-0.09633864;-1.792324,0.10013207;-0.53332853,1.3569655;-0.19044918,-0.1184699;0.43036357,-1.3012688;0.01759392,1.6870974;0.10615903,-1.5240822;0.52446455,1.5971131;1.6890346,-0.11759666;-0.30814892,-0.115949884;-1.452868,0.035983212;0.31382945,0.14773469;0.13040596,1.7181876;0.9282781,1.5481721;1.8250427,0.19440725;-1.0351778,-0.78255725;-1.1214008,-0.60433286;1.1760985,0.15076065;1.3830096,-0.22762778;-0.38115788,1.3427762;-0.3207942,0.36995265;0.44574645,-1.0854703;0.5983743,-0.8766533;-1.6979142,0.32730883;-1.5951136,0.083654664;0.16803227,-1.7589996;-0.885387,-0.80896634;-0.626291,-0.94618946;1.5339355,-0.66315955;-0.4010152,0.45057213;-0.8705874,1.0844094;-1.5335402,-0.7163214;-1.5847994,-0.3837586;-0.47436678,-0.29930532;-0.41442868,0.49685892;-0.9774669,-0.73411363;1.0285273,-0.67839396;1.02504,1.661887;1.6833788,0.30354303;-0.71804225,-1.111404;-1.6557697,-0.60965383;-0.5033392,0.58616227;0.09944492,0.7306427;1.0913769,-0.7719658;-0.8478341,0.9785576;-0.19085303,-1.6106324;1.0215794,-1.0129174;-0.37161955,-0.89639276;-0.053307917,1.3823379;1.3804966,-0.6089295;-0.34061986,-1.763171;0.6015588,1.955751;-1.4395266,-0.28511497;-0.5682518,-1.1669992;-0.40980747,-1.4768747;-0.12081447,-1.4895248;0.008473822,0.7464523;-0.6786293,-0.8930832;1.2064373,0.18356061;-0.12935628,0.773788;1.1646441,-0.8571052;-0.0541399,-1.1454391;1.0857844,0.02799206;0.48821175,1.0310339;-0.4874039,0.824783;1.0064678,1.7527856;-0.13680208,0.37738746;0.52366304,1.5827065;0.68105465,-0.99611706;-0.16725919,-1.7863508;-0.2859472,0.5467599;-1.8161801,-0.7968209;0.6453231,-0.88756055;-0.23754391,-0.073603764;-0.40105128,-1.4374595;-0.26503327,0.6162258;-0.060198616,-0.56421965;1.1562333,1.6257528;0.32792163,-0.61337316;0.07529682,0.38809747;1.56694,0.21481535;-1.1536357,-0.63182247;-0.20376606,-0.4210536;-0.48744178,-0.6409092;-1.3178192,0.3982626;-1.5416925,0.39117196;0.576234,1.9943393;1.0736753,-0.011901328;-0.7992952,-0.068664014;0.41246444,-0.6932723;0.25926706,-0.9311142;0.5751859,0.083824605;1.1492112,-0.14524548;-0.041766346,0.6202285;-0.44604665,-1.5962156;-0.83099115,-0.9294432;0.40807068,-1.1165266;-0.6993527,-0.43003842;-0.22766168,-1.1943485;-0.43310884,-0.24563175;-0.35496983,-1.9057877;-2.145158,-0.7392196;-0.7799734,-0.06816257;0.90906495,1.2160696;-0.4639277,1.2574875;-0.35518047,-0.3434645;1.1040096,-0.6565522;0.52252203,1.552938;-0.548502,-0.13512708;-1.6458029,0.31503946;-2.131868,-0.7066489;-0.83245313,-0.24753238;0.07613065,0.5432506;-0.34722105,0.59565014;-0.23233704,-0.10678165;-0.6535371,-0.44994086;-0.6170681,-0.755867;-0.5216367,1.2232486;-0.11640913,-1.0618474;-1.5793041,0.4393264;-0.8647364,-0.5144893;-0.1372224,-1.9117087;0.18993913,-0.65311044;1.7738717,0.30125612;1.7996486,0.33950603;-2.0859592,-0.8502082;-0.09836474,1.3300111
p3d-kl
0.517894983291626
p3d-iter
599
p3d
-1.2197727,0.1364546,-0.20869103;-1.2197293,0.513806,-0.44610694;-0.43439147,-0.96951896,0.113226615;-0.47845408,1.1278236,-0.8687764;1.2214518,0.24890126,1.8308325;0.8258315,-1.064253,-0.27189222;-0.24951151,1.7240435,0.77877796;1.1807003,-0.7267915,-0.68179566;2.0192215,-1.0108799,0.21965617;1.8536283,0.089075655,1.6525849;-0.30181602,-1.2103088,0.37195757;0.490562,-1.0934134,0.204679;0.43803447,-0.9953845,0.55043614;-0.8148594,0.95615965,-1.192168;-0.38011393,1.5640117,-0.93071014;-0.98502845,-1.1610527,-0.43785137;0.03050752,2.0479646,0.28684542;0.40412468,-0.7340781,0.8625849;1.3958107,-0.73487544,-0.7176796;0.14753722,1.0769076,0.41498014;0.48776314,-1.1186962,-0.5683212;1.4773357,-1.4186425,0.63137966;0.38581577,0.2311651,0.74822354;-0.16170797,1.3839334,-0.641286;0.50943947,1.0117869,0.11802247;-0.76785314,-0.9793499,-0.11893681;-1.3863814,-0.36549023,-2.3607066;-0.15873381,-0.23828161,1.1427029;0.2746131,1.047308,0.5214561;-0.8207949,0.043180916,0.89405394;1.2674692,-1.4344832,-0.45316184;1.4637369,-1.1617643,1.0454372;1.2003351,0.13346215,1.8468657;-1.2109705,-0.8431323,-0.28698963;-0.99414426,1.2021317,0.620988;0.45997298,-1.2010553,-1.0053406;0.53218746,-0.63904816,-0.3590187;-1.4213761,-0.4824859,-0.4088866;-0.23456465,-1.3534843,-1.3684145;-0.61158264,0.66960967,-0.6410227;0.31119266,0.13506705,1.0585783;0.10816376,1.8587372,0.062328354;0.975824,0.3616464,-0.3083996;0.5477536,-0.40754437,0.18636446;-0.37997052,1.574186,-0.6352091;0.45536044,-1.1317275,-0.61671203;-0.22947083,-1.0490472,-1.7417711;0.65603155,1.6225609,1.3673518;1.5308857,-0.58629674,0.3843772;-0.30804804,-1.0651037,-1.8349051;-1.1758028,-0.50374043,-2.279849;0.97024125,-1.1937687,-0.8849241;0.35975838,1.9872626,0.32021862;-0.1977528,-0.7673078,-1.0114694;0.7258854,-0.99124944,1.0915109;-1.7104344,0.063602686,-0.4833221;-1.4631486,0.85176384,0.023935445;-1.1017789,-0.6651735,-2.0077863;0.2384102,-1.2596301,0.60389507;2.1832838,-0.2528691,1.3455089;0.2785574,-1.1701009,-1.4478487;1.9043242,0.0022632245,1.5476964;1.4442842,0.20170888,1.767776;-0.22365941,1.7916807,-0.38672265;0.8436116,1.5286075,1.4799293;-0.53308725,-1.0690215,0.4607715;-0.50517714,0.113986515,0.49490204;0.12639283,0.8700631,0.5728401;1.6697803,0.22023675,1.7867546;0.647028,-0.3060302,-0.3066068;-0.78661007,1.2715269,-1.1182021;1.3646843,-1.0412447,-0.5697343;-0.43162552,1.125089,0.09343872;-1.010203,-0.66655463,-2.0644226;-0.8035652,0.7921759,0.8667019;-0.40251067,-0.99415636,0.7023253;1.2427685,-0.7770924,0.6427193;0.7491949,-1.0780514,1.0571057;-0.5724844,-1.0772624,-1.5302494;1.592214,-0.51758975,0.49501735;-0.13559163,2.030869,-0.12197635;0.08570616,1.9746364,0.86817914;-0.86793464,0.86290216,-0.58603;1.5614606,-1.360567,0.77248985;2.0994856,-0.16145252,1.5218649;-0.12627414,2.0331705,-0.1019597;0.15369344,1.715107,0.03547728;-0.7238892,-1.2751142,-1.790088;0.22698271,-1.2246159,0.61889285;-0.339442,-0.9271541,0.7956437;-1.505179,0.1428319,0.43880567;-1.3403425,0.6359956,0.47092164;-0.36266688,-1.1978313,-1.3283721;0.73178285,1.6060358,1.4019943;1.7950606,0.16239502,1.6914487;-0.4855071,-1.0511785,0.6168247;0.5217174,-1.1508114,0.23382263;-1.1121786,-1.0578865,-0.4899636;-1.1052705,-0.7899822,-1.9788762;1.0617844,-0.6884328,0.8596511;-1.3571155,0.41915938,-1.6165675;-0.8952363,0.89105976,0.8419276;0.8120032,-1.0553519,-0.5347362;-1.3877542,0.49253446,-0.31759274;0.6668183,1.8123238,0.2686437;1.0879399,-1.12525,-0.8843459;-0.16857041,-1.043648,-1.7826971;0.88722116,0.014582839,1.6573535;-1.3360658,0.6482584,-0.16027786;-1.4661199,-0.26750892,-2.3485866;0.24062586,0.17541245,1.025066;-0.6990249,-0.73532736,-0.28707048;0.0017042316,-1.1722498,0.6752304;1.0517255,-1.0173461,-0.21666129;1.7860799,0.1207198,1.6608086;0.42347577,-0.6321621,-0.19548449;-0.633603,-0.9848739,0.44048014;-1.0165851,0.47222307,0.83970374;1.3786856,-0.24741529,1.0951992;2.0404992,-0.15685613,1.2703443;-0.061962973,-0.89069754,-1.245733;-1.0400386,0.57405835,0.7753159;1.191839,-0.46515012,1.5642052;0.16477805,0.37832385,0.81914014;1.8959303,-0.31627733,1.0903429;0.9211492,-1.3113263,0.76460105;-0.37076232,1.728094,-0.24848503;1.254588,-0.7843325,0.8724032;0.4769129,1.8048532,0.20082659;0.3052139,1.869074,1.0111153;-0.392883,1.1800103,-0.9259672;0.54041755,-1.3380549,-0.7877151;0.31501666,-0.3248347,1.4578482;-1.254862,0.47934353,-1.1795411;-1.3435746,0.4887557,-1.5919933;-1.1224859,0.09589072,0.66623384;1.3220189,-1.306106,0.95343345;-0.9601539,-1.1628056,-0.31896457;0.61686444,0.22937109,1.762058;-1.6649247,0.72035974,0.13582;0.08497648,-0.7624308,-0.50398195;0.3807885,-1.2080172,-1.3793398;2.021113,-0.09501304,1.425737;0.6799086,0.032006875,1.6943867;-1.1758314,-0.3357447,-1.9998293;-1.0908967,-0.9670646,-0.39755833;-1.0547681,-0.5323826,-1.457843;-0.74598336,-0.99284065,-0.11413183;0.68838274,-0.05544582,1.6877617;1.0484985,-0.052943442,1.1631527;-0.22045858,1.7893958,-0.35922155;-0.99773836,1.2503706,0.56528914;1.2772834,-1.3571383,0.6951342;2.1045535,-0.12685023,1.5319613;0.3060124,-0.9673219,-1.3790663;-1.3575375,0.059221968,-1.2063696;-0.36682928,1.4922539,-0.9008009;-0.971559,0.12749007,0.20679761;2.0910022,-0.0822747,1.2990017;1.0897099,-1.134185,-0.9165402;-0.2642935,-1.0573043,-1.7490349;-0.85473263,0.091607764,0.51367533;-0.38027087,-1.1461867,-1.2974327;-0.5668048,-0.6727523,-1.1845311;-0.04182864,1.1900511,1.3183591;-0.23295079,1.6074094,-0.45865396;-0.28425848,1.4562622,-0.51291335;-0.9196942,-0.4901631,0.287416;0.75939125,-1.1228809,-0.14551081;-1.1640434,-0.65681005,-1.4170228;1.0041423,-1.2191697,0.9518617;-0.9879368,0.4710609,-1.0451622;0.4374742,1.5196135,0.03358386;0.8701362,1.5246881,1.4790119;-1.2746471,-0.60268146,-2.2117307;0.9960865,-1.2670171,0.8800116;0.21320182,-1.2579554,0.58313054;-0.27255496,-0.87701106,-1.7469735;1.9717613,-0.14535263,1.0846486;1.1432704,-0.8145001,1.2292019;0.8353122,-1.1194041,-1.0028292;1.169706,-1.5293595,-0.5001711;2.0137892,-1.0370889,0.22309272;1.6651572,-1.2918704,-0.2910286;-0.16763574,-0.82070374,-1.0396328;-1.5743868,0.07869657,0.42103362;0.060356032,0.13829663,1.1287725;-0.25454107,1.6162422,-0.049422555;-0.5482575,0.570928,1.0664463;1.9763682,-0.3060158,0.9637708;0.27119127,-1.1176022,-1.430826;0.8860439,-1.3091681,0.7328656;0.07507459,1.4332418,1.1884416;-1.4045746,-0.38293174,-2.3441982;1.2537446,-1.059766,-0.7249921;-1.3364258,0.2553852,-1.205079;-1.1148331,-0.30746913,-1.4575317;0.4930168,0.18099184,1.208415;-0.30093905,-0.08199071,1.1089574;-0.9851143,0.3959974,-0.96629274;0.8360115,-1.4511186,-0.7777969;1.4452027,-1.4351513,-0.36130306;1.5247658,-0.58189744,0.40940693;-0.5216211,-0.7752564,-0.9564826;-1.1810815,-0.67808616,-2.1807363;-0.99993104,0.1482957,0.1535394;-1.4271977,0.8334734,0.061933685;0.11284736,-1.4241041,-1.3130293;0.6325748,1.3797015,0.55245745;0.5092764,0.7935069,0.6870232;-0.5378408,1.7460744,0.5303831;-0.3202388,-0.93418676,-1.1953508;0.20115216,0.7014091,0.6650116;-1.7603842,-0.11402799,-0.7092547;-1.1146263,-0.22542071,-1.2260382;-0.2533591,-0.97047174,-1.7384901;-0.17909941,1.9165785,0.4168665;0.6290575,-0.4486162,-0.27875435;-1.0880282,0.17336887,0.037112568;0.89574814,1.761881,1.2665367;-0.21497539,-0.66478986,-0.9936211;1.3440065,-0.9504815,-0.65750676;0.3580424,-0.2591959,1.4757853;-0.4565682,-0.8516309,-0.28868467;-1.0712346,-0.55493844,-1.4079772;0.9119049,-1.4754422,-0.72350734;1.8368149,0.049279187,1.6358659;-1.1140902,1.069182,0.37614587;-1.5858818,0.46125585,0.43572304;2.0776565,-0.15323503,1.4884368;1.3064412,-0.37195447,1.4347609;-1.0964513,-0.39449054,0.24995703;-0.4622883,1.3739212,-0.67285645;1.0022842,-1.2236485,-0.18580322;0.58218265,0.07428253,0.7403626;-1.3324828,0.45364723,-1.5701356;-1.1616876,0.83131784,0.67117345;-0.599635,-0.952926,0.08928607;0.59637356,-1.0888144,-0.43589988;1.3604054,-0.37264016,1.5621725;0.29883114,-1.2071258,-1.4115027;0.31336907,-0.29991305,1.3963258;-1.6902581,0.4633542,-0.28216827;1.2252887,-0.25906745,-0.44008484;-0.366928,-1.2037638,0.2668321;-0.4887782,-1.0409534,0.6249052;-1.7325923,-0.04066289,-0.6307979;-1.4865962,0.022152029,0.31909135;1.4645699,0.30758247,1.8821396;-0.060754452,1.473283,1.2539974;-0.12736239,-0.86569947,-1.3086284;-1.0533378,-1.0904573,-0.45955908;-0.27003232,1.359295,1.1900042;-0.28473803,1.7266066,-0.33164006;-0.54677993,-0.9488424,-1.5399915;-1.3349646,0.45328465,-1.5767183;0.6973084,-1.1495563,-0.96037453;0.23029463,1.7845224,0.98823607;-0.35374027,1.7659091,0.07194962;-0.3680973,1.6268725,-0.61343783;-0.7216836,1.3423381,-1.0714164;0.7674007,0.07460868,1.0179105;1.4130107,-0.50777483,-0.5447075;1.2525601,-0.9774226,-0.029753994;-0.44840413,1.5556911,0.7287273;0.014898284,1.8390102,0.9277099;-0.9211934,0.91042864,0.48987368;-1.369034,0.8152205,0.23387358;-0.2020128,1.1250515,0.14152199;-0.70322454,1.2290916,-1.1371907;-0.19868082,-0.18700093,1.1483955;1.2500044,-1.351373,0.8605382;-0.62844056,-0.5868828,-1.0635955;0.5552247,-0.52999073,0.8248956;0.4907609,1.8115878,1.151492;0.048314914,-1.2392738,0.581609;-0.70049304,-0.3533381,0.7213448;-1.215449,-0.47599733,-2.1617348;1.3800808,-0.6901709,-0.7692039;0.116538234,1.5075772,1.1423441;0.36653787,0.12398162,1.0904076;-0.13743044,1.7127672,-0.0095796855;1.5727851,-0.92248064,0.21205235;0.7355548,-0.04202795,1.678468;-0.22004327,1.9735719,0.11892577;0.7325708,-1.3918729,-0.60003465;-0.52590865,1.6773427,0.5625542;-0.50914276,-1.1861022,-1.7657797;-0.40962726,1.6704277,-0.1826949;-0.23575616,1.2517349,1.3238951;-0.5064324,-1.0384828,0.6160266;1.0824125,-0.3361547,0.32136434;-1.225642,0.49727374,-1.4517128;1.1685958,-0.63184386,0.9207915;0.14989674,-0.6937858,1.2289006;-0.014503783,2.0644019,0.07162446;0.6308384,-0.24735019,-0.2950441;-0.02898721,1.8429124,0.8306508;1.3660167,-0.58150303,-0.6730651;-1.2682618,-0.22442687,-1.4488949;-1.4708608,0.5217715,0.5528712;1.2767615,-0.66312474,0.06959032;1.518059,-0.48656738,0.65898424;1.9500116,-1.0188724,0.7471969;2.079247,-0.11052735,1.518896;0.01466796,1.8433094,0.9330658;-0.9699483,1.255348,0.5626708;-0.2239519,0.44159064,1.0673838;-0.21351202,1.3153874,1.2697245;0.019341365,-0.7555601,1.0116804;0.064193755,2.0712585,0.2502077;0.24391268,-0.6487166,-0.62058604;0.9881386,0.3369366,-0.30638212;-0.24591206,0.81284875,-1.0591158;-0.34508565,-1.0286645,-0.06782318;0.370103,-0.9024583,-0.3194446;-1.0441518,-0.533888,-2.2351112;0.6472629,-1.3342824,0.31073746;-1.0133408,-1.0615202,-0.27927488;-0.672687,-0.38693073,0.6577657;-0.16762105,2.0045624,-0.17313628;-1.3186413,0.404043,0.5725571;0.124570005,-0.5278208,1.3310692;-1.3922867,-0.43640417,-0.6286606;2.031035,-0.22783205,1.203275;-1.4612688,0.31994763,-0.19077069;-1.1355095,-0.85867494,-0.3550499;-0.83314776,0.6828609,-0.5920756;-0.44609767,0.40163937,1.0854516;1.1475272,-1.0388095,0.6867474;-0.59369457,-1.0835168,-0.16035473;1.1309984,-1.3258188,0.75434244;1.5185583,-0.24072035,1.5897257;1.683615,-1.1750627,0.61071366;-1.3289442,-0.5843117,-0.3907561;-1.3317715,0.24398655,-1.21151;1.3923147,-0.9945321,-0.6128076;0.75096554,1.6467062,1.3686438;0.9751965,-0.32108682,-0.33804232;1.5318567,-1.2742963,0.19289489;0.2611124,-0.46101916,-0.4104527;-0.79452014,1.1162095,-1.1787626;1.49872,-1.2997676,0.31862834;0.9771721,-0.7270531,0.9423595;-1.1015681,0.74277204,-1.3329087;1.1309592,-1.507342,-0.39333683;-1.2246149,-0.7329014,-0.30451334;-0.69404435,-0.72387713,-1.993416;-1.4557444,-0.4758211,-0.6232655;0.77254015,0.06846807,1.7480631;-0.65723425,1.4351883,-1.007806;-1.1770748,-0.82802606,-1.9844793;-0.29895183,1.6148939,-0.13731802;-0.45596838,-0.75500786,-1.466741;-1.6816075,0.19990882,0.37996;1.2871224,-0.40143615,1.3964242;1.1674718,-1.1550974,1.0747383;1.2356439,-1.0284234,-0.8433462;-0.074416846,1.2587329,-0.8761129;0.026207916,0.3126692,-1.0009222;-1.5441922,0.83085525,-0.2997583;-0.3941923,1.224119,1.1768782;0.17478746,2.0075357,0.75946784;0.48054487,1.7719891,0.8918835;0.34495193,1.7181822,0.9612115;-0.46203625,1.0937599,-0.9954702;-1.2433474,-0.594386,-0.5885379;1.3906859,-0.5815174,-0.63165516;0.6198205,-1.3371824,-0.98023236;0.52494603,0.016609468,1.0673654;1.4217649,-1.0708673,-0.57505786;1.8155196,-0.22337796,0.990797;-0.25107127,1.1238362,-0.9632878;-0.8184198,-0.6743615,-1.2190901;0.5523146,-0.8825569,0.07028498;-0.40866795,-0.68528485,-1.6812862;-1.1163402,-0.3722564,0.21193272;1.416254,0.10690147,1.6925006;-1.0719372,0.3205977,-0.93968487;0.33896166,1.9011223,0.15310735;-1.7212178,0.042853042,-0.5176583;-0.38815296,-1.0404623,-1.7433093;1.3303101,-1.4065651,-0.49474987;2.039171,-0.14833733,1.2164632;-0.15084733,-1.1209697,0.674987;-0.99404395,0.09840704,0.77358645;-0.5728713,-0.7739229,0.101608716;0.7940775,-1.2245188,-0.3669813;1.3948894,-0.999992,1.1466317;0.093087316,-0.9235495,-1.6162179;-1.7304054,-0.25740233,-0.7787866;-0.30121607,-1.21955,-1.3828088;-0.33089247,1.737618,0.13633123;0.16505736,0.17084645,-0.90427095;0.13885471,0.48868942,0.7010747;0.9738573,-1.2683415,0.87115425;-0.5581624,1.42921,-0.7531284;0.36272988,1.5973053,0.051881652;0.88718027,1.6646421,1.3425143;0.7627916,1.6644549,0.38785315;-1.336208,0.45135212,-1.5791707;0.0904995,1.9711276,0.80078137;0.23055676,-0.91139704,-0.71059185;0.2471753,-0.32912812,1.402269;1.594713,-0.98615515,0.97927886;-0.7196861,-0.6432466,-1.0011188;1.7777201,-1.1308455,0.6951878;1.4995732,-0.6687864,0.44561028;0.36790627,0.8920388,0.047037456;-1.300157,-0.48752466,-1.6550031;-1.3496596,0.14525148,-1.1082119;-0.5542399,1.5270863,-0.9407264;-0.47863656,1.1885878,1.1005688;2.0855494,-0.04334631,1.2357148;0.8144141,-1.4626379,-0.76671916;-1.0680463,-0.65987724,-2.1224945;-0.42298278,1.6089122,0.7774369;-0.33581674,1.7921494,0.7221984;0.24536033,1.9622587,0.25336975;1.4145057,0.133033,1.5995468;-0.42615667,-1.002638,0.12797397;-0.31140324,-0.67460823,-1.0196406;0.9194005,-0.0016797521,1.463348;1.179586,-0.22090021,-0.4201428;0.5352527,1.185445,0.5630257;-1.5625391,0.05183565,0.41912702;-0.41078028,-0.84365845,0.8495891;0.9467568,-1.6953837,-0.3897004;-0.18153735,0.5690407,-1.075229;0.8534625,1.6028302,1.4078254;-0.22997645,-1.2313142,0.40714633;-1.6878772,0.07542967,-0.6917649;-1.3903048,-0.44079685,-1.4930029;1.3405565,-0.6446329,-0.7993413;1.9303678,-1.0579565,0.18212204;-1.5862719,0.7051121,-0.46305907;0.083653644,1.2265004,1.1941831;-0.68272734,1.2524313,-0.9900804;-0.09590064,1.9422995,-0.2954853;-0.13519427,1.44805,-0.83367187;-0.66463256,1.424933,-1.0159405;0.059979893,-1.4256202,-1.4149929;0.8041984,1.6768111,1.3487477;-0.20805922,1.473934,1.1992111;-0.9725913,1.1075243,-1.2222265;-1.0116774,0.8067076,-1.2861183;0.12370733,0.5163009,0.73488706;1.3600396,-0.7414776,0.5639278;0.05188739,2.032476,0.36227328;-1.1823735,-0.5374046,-0.6742318;-0.6346773,-0.42670107,0.8295234;-0.32704255,-0.68517786,-1.2283834;-1.4725624,-0.48695517,-0.5395834;-0.81324494,0.8635673,0.48134878;-0.7992216,0.7918479,0.9593361;0.116527855,-1.2289277,0.62889546;-0.6911804,-1.0135243,-0.2787309;-1.1904767,-0.4597912,-2.2910583;0.8364914,1.6737049,0.17636389;1.221894,1.3604677,1.4283537;1.1233081,-0.816462,0.85136706;-1.3168404,0.41112387,-1.5438899;1.3834739,-1.1921794,-0.5459894;1.2506756,-1.4485396,-0.50486296;-0.21875876,-0.5752537,-0.96909034;-1.5288992,0.87479514,-0.38068745;-1.1928664,0.034588903,-0.95906526;-0.18399023,1.4722412,1.2282711;0.71912134,-0.2865882,-0.34699252;1.4463096,-1.2729083,0.6907502;-1.1371192,-0.58694005,-2.116382;0.30928564,-1.1648089,0.37056175;0.91083455,-1.4309255,-0.8145114;0.22323388,1.7905176,0.9072535;-1.5773147,0.06735999,0.47055867;0.11397962,-0.764537,-0.49977446;-1.3206375,0.14392407,-0.13236643;0.40221506,-0.94834566,0.51652974;-0.55439335,1.1897869,-0.5800728;0.10431034,1.2326392,0.08780078;-1.1224756,-0.95651907,-0.4348252;1.3988739,-1.3989137,0.6858816;1.449171,-0.99483746,-0.6442978;1.4466321,-0.5161964,0.20132874;-1.3239102,-0.19588612,-0.16175026;-0.940026,0.8762226,-1.2563463;-0.13121556,0.76412404,0.54582536;0.17938714,-0.8870542,-0.55590737;-1.191608,-0.7684468,-1.2300285;1.151338,0.07502388,1.668442;-0.30588317,-0.8530801,0.8682859;-1.0470338,-1.0061,-0.413397;-1.2247941,-0.5593242,-2.0659935;-1.3487408,0.36091414,-1.6413025;-0.942558,-0.048433594,0.5615276;-1.2267002,-0.53738976,-1.5379561;-0.24789329,-1.2176795,0.42283908;-1.1173668,-0.63530594,-1.9461937;1.4991068,-0.9481578,-0.7259944;0.12259371,-0.89434737,1.003525;-0.4160743,-1.002266,0.6898784;-0.06642376,1.9771258,0.704331;-0.15017924,1.4014179,-0.2563804;0.8547138,-0.54486626,0.7793979;-0.23475334,0.5549242,0.6486135;-0.6753257,-0.39228478,0.8120593;-1.2910794,-0.5254208,-1.9289105;1.2173092,-0.4177502,1.1398319;1.7018213,0.48549637,1.8746885;-0.7640074,-0.5313515,-1.2035915;-1.3934982,-0.366289,-2.3782504;0.16224146,-0.8040452,-1.3138047;-0.43189624,1.2405138,-1.0102683;-0.9464992,0.07397337,0.2627683;-0.4218989,-1.074793,-1.2032385;-1.6374491,0.42985412,0.42133397;-0.08546783,1.6698306,0.03638965;-1.7250339,0.43627197,0.36120865;2.1134024,-0.8896625,0.23750019;-0.05361022,1.3292,0.05379043;1.3293152,-0.361792,1.4440387;-0.37452123,0.39992976,-0.16326354;1.3349437,-0.32487026,-0.47478443;0.7017506,1.4382168,0.5796202;-1.3116894,0.41712862,-1.2133827;0.5054971,-1.1151325,-0.5464542;1.6406467,-1.2598623,0.88097703;-1.645785,0.088489845,-0.7768339;1.5999424,-1.0174482,0.44022804;-0.12686878,-1.0821428,-1.7712265;-1.3421261,0.24292117,-1.2355096;0.88395077,-1.1378932,-0.25376222;-0.9294517,0.8803007,-1.2533705;-0.62314516,-1.3343107,-1.7217388;0.74476856,1.7231284,1.2983729;-1.6112416,0.64644575,-0.5387187;-0.13462706,1.2728418,-0.25334096;1.8744546,-1.0421519,0.16258912;-0.1829971,0.7000425,-1.0486227;-0.08694424,0.5833206,-1.0963267;-1.0289463,0.766818,-0.7110696;-0.80276155,-0.63494676,-1.8596487;0.94874513,0.3074491,-0.3239248;-0.4127132,-1.1232588,-1.8854353;0.8943321,-0.07276566,1.5483952;-1.6000642,0.6659044,-0.5045894;-0.3605085,-0.7823708,0.8837467;1.2864612,-1.3537883,-0.16861755;-0.21312891,-0.96201843,-1.8175554;1.2277036,-0.41505772,-0.9061061;-1.3983814,-0.36058515,-2.3825727;-0.31416276,-1.1449397,-1.2865171;0.8504761,-1.0702707,1.0258777;0.06739894,1.6468723,-0.16795383;-1.3254266,-0.55240476,-0.5727881;0.6391832,-0.41956005,-0.07137293;1.1343228,-1.1916416,0.9712406;-0.7901125,-0.744132,-1.850659;0.71481574,0.16458449,1.0853028;0.7379906,-0.462269,1.0890851;-1.4828069,0.88256115,-0.15082076;-0.14370953,1.3062217,-0.24060735;-0.4703879,0.8444931,-1.1396325;0.43952522,-0.011196955,1.5926123;-0.3313684,1.6716368,-0.48260382;-1.0088317,1.2101275,0.5682402;-1.7749709,-0.040740345,-0.4594173;1.3924166,-0.5549658,0.61741227;1.7616897,-1.100753,0.6807201;0.88806427,-1.2632778,-0.33193514;-0.60598093,1.4899952,-0.94403887;0.69167054,-0.37620172,-0.31361145;0.2131205,-0.60850763,1.3130485;1.2434679,-1.4301205,0.22570275;-0.14651744,-0.4328204,-0.8911019;-1.2158957,0.13453422,-0.21607666;-0.8369791,-0.5838453,-0.96931565;0.23131004,0.5857069,0.76330805;0.029709442,1.2938741,1.2112715;-0.44651714,0.85300463,0.8622405;-0.9525238,-1.1732132,-0.41292512;-0.9598891,-1.0513513,-0.30789194;-0.2329471,1.7546053,-0.2946265;0.61474955,1.7768443,1.2071153;-1.4463159,0.76292133,-0.34643662;-1.3373868,-0.48447767,-2.288228;-0.36611345,-1.4283199,-1.4399189;0.6983943,0.17013966,1.109421;-1.3128988,-0.45281342,-2.2476397;-0.8025169,1.3259536,-1.040912;1.3016425,-0.41774777,1.4000458;1.3596001,-1.3842003,0.16092472;1.4857564,-0.9430307,0.16763857;-1.4108219,0.60971373,-0.5925166;-1.5050286,0.87129873,0.1315682;-1.2272977,0.6283089,0.62260205;1.5830371,-0.91037536,0.3135257;0.48546585,1.5378534,0.053958934;1.2920991,1.2808534,1.4508412;-0.6898894,1.0322868,-1.2172215;-1.32035,0.16561879,-1.0236088;-0.3180951,-0.86018515,-1.4156835;-1.4486597,0.82399875,-0.374939;-0.35138986,0.024153441,1.099044;0.7037479,-1.4079769,0.3509366;-0.94280475,1.0642785,-1.2258219;1.0303966,-1.1848546,0.7035627;0.3902887,1.5316174,0.04880203;-1.3586671,-0.40904802,-1.7356346;-0.12460148,1.1786797,-0.22449842;0.16522497,-1.1940196,0.6953073;0.98920494,-1.2342479,1.0489448;-0.25932792,1.529626,0.98117083;0.12253746,1.5557512,0.023800757;-0.19239528,1.275335,1.3246169;0.30029118,0.14368458,1.0620927;0.15995835,-0.5326274,1.3372957;1.094958,-0.33934325,0.31597468;2.0420659,-0.26929566,1.1353047;2.1193402,-0.9377212,0.22396399;-0.32526642,1.7940382,0.101115525;0.09185357,0.12846848,-0.92519736;-0.6941284,0.78411907,0.976814;1.3092308,-0.4515061,1.5188237;-1.3301632,-0.0021949015,-0.15916209;-1.2463225,-0.67323,-1.9722383;-0.46779048,-0.6419642,-1.0664306;0.09573661,1.8553685,0.8626474;-1.2827325,-0.7383223,-2.2131445;-0.12100121,1.5075499,-0.7358091;-1.0088311,1.210123,0.5682401;-1.3386118,-0.3019932,-1.4926363;-0.7252012,-1.0731827,-0.2107873;-0.73513186,-0.014816269,0.8855069;-0.4537192,1.2452061,1.1186234;-0.16181323,2.0037644,-0.16517061;-0.22526406,-0.74309653,-1.0315118;1.0311309,-1.0932758,-0.3434765;-1.1602515,0.3898146,-1.4349127;0.19482595,0.43073398,0.8280571;0.058855187,2.0731463,0.2402918;1.4043761,-0.6145422,0.20620133;-1.3238658,-0.4756961,-2.238876;-1.2591888,0.36304942,-1.4767938;0.2015261,1.9326236,0.8899259;-1.4120525,-0.53673047,-0.41690448;1.563617,-1.1255399,0.048869822;1.8515753,0.025012542,1.6004164;0.55239886,0.014988592,1.63437;0.6768104,1.8056343,0.35446;-0.44870743,1.4294448,0.94269866;0.18568929,2.0448759,0.6793626;-0.93305457,-0.4876884,0.29008365;-0.06610289,-1.2053471,0.62235737;-1.1244614,0.99886215,0.4612137;-1.5250356,0.500368,0.5226179;-0.27899688,-0.9700416,0.77652806;-1.3301637,0.25385866,-1.2006725;0.66686505,1.5551682,0.56915027;-0.39848548,1.5569626,0.7476984;1.0053363,-0.9534588,-0.098960534;0.5116857,0.4239142,0.84987235;0.8862643,0.2048886,-0.35330987;0.5276315,-1.1762155,-1.0151759;-1.2569422,0.8689178,0.31467453;0.9615132,-0.6448521,1.0913396;-1.00497,0.58169436,-0.5437652;1.5468901,-1.1872244,0.05720023;1.5427023,-0.56813866,0.38739958;-0.47060263,-1.3285865,-1.6023318;-0.43457863,-0.6654608,-1.7298925;-1.432979,0.75096405,-0.43649632;1.4603605,-1.3387799,0.7652779;0.008902782,-0.71222776,1.021169;0.40551367,1.0309207,0.5674234;-1.2123564,0.14247163,-0.17417523;1.3459762,-1.3307276,-0.00023781929;1.8252771,0.33467954,1.5018663;0.3630994,0.93121433,0.054057304;0.022182273,0.92524225,0.46815252;-0.5517397,-0.50926954,0.8368224;-0.62346125,-1.0008186,0.33843952;-1.2706175,-0.36851496,-0.018969651;1.3245746,-0.20924813,1.5760068;0.18120621,1.7197165,1.0658423;-0.38012847,1.47885,-0.66060174;-1.0343728,0.11982912,0.21267052;1.3398108,-0.46842718,1.5155022;1.147872,-0.5727652,1.4579427;1.1451557,-1.020988,-0.9377716;-0.7220124,1.3463073,-1.0659375;0.23960681,0.9989537,0.7361981;1.6386703,0.41046473,1.8522688;1.0265433,-1.5347495,-0.638829;0.8379204,-1.033326,-0.10449109;-0.49014634,1.7618471,0.57634616;-0.909713,1.2280598,0.5874982;0.12616715,-1.455133,-1.3162196;1.1929973,-0.6098685,0.85573965;0.6006439,1.8648612,0.31063035;-0.064113244,-0.91673553,-1.8239903;1.3100363,-1.4013754,-0.59007025;0.8285679,-0.03289533,1.6428448;-1.9231843,0.06826827,-0.3863344;-0.3995571,0.10252608,0.52431655;-0.9332362,0.83538985,-1.2452712;0.2576807,-0.40944532,-0.41634658;1.2493365,-0.7360382,1.0258074;0.06384127,0.3185546,-0.9684854;0.5736065,-1.1341118,-0.13000652;-0.48989093,1.7682487,0.5652342;-0.08426317,1.5365449,-0.016653415;-1.3526814,-0.27032053,-1.4649923;0.4008841,-0.99755657,0.48524997;-1.0024663,0.18468536,-0.20900463;-0.63557166,1.437216,-0.9949712;0.08959362,-1.3605525,-1.4508961;2.0676322,-0.173672,1.4145689;1.0238785,-1.6389456,-0.465033;1.2935523,-0.9756925,1.0760261;-0.599243,1.5111071,-0.92796385;-0.19543278,-1.4775327,-1.3803726;-0.59169626,0.07855085,0.45185265;0.9001041,-1.1795992,1.0352992;-1.2817166,0.18171453,-1.424496;0.4968892,-0.60235053,-0.13710512;0.9698201,-1.5050905,-0.57319266;-1.823405,-0.35002512,-0.5357601;-1.0330057,-0.13631772,0.46055323;-0.89107776,0.04648323,0.8716858;-1.7065617,0.048813574,-0.50003004;1.3315479,-0.6475504,-0.7761405;0.48690593,-1.0583032,-1.1526163;1.2722814,-1.3150214,-0.43066695;-0.1631046,-1.4165018,-1.3833498;-0.7799663,-0.72891116,-2.0561697;1.0598006,-0.031647522,1.3756325;-0.46409076,1.2985299,1.0041611;-1.1044799,1.103381,0.5100868;0.38095754,0.8451419,0.035435304;-0.5003744,1.7664284,0.5542343;-1.2124316,-0.8265089,-0.55057675;0.50695574,0.16364416,1.2460623;1.2598912,-0.5692945,1.3035998;-0.63792574,0.68561417,1.0416883;1.0078781,-1.206996,-0.14425819;-1.7505201,0.10816551,-0.40009195;0.31084412,-0.86120856,-0.3942432;0.56854814,0.13342245,1.2138855;0.5888035,-0.8301033,0.8970386;0.6553441,-1.3314023,-0.6760065;-1.3695083,0.30358827,-1.6997769;-0.058541726,0.47183415,-1.0571427;-1.3609047,0.38225138,-1.6478441;-1.6323998,0.61138874,-0.63698316;-0.3359963,1.3374027,-0.80876005;0.77630603,-0.885572,1.018579;1.2175323,0.13774566,1.752039;-0.23117065,1.4022338,1.1782994;-1.1501044,0.8040448,0.74332565;0.2295282,0.18288274,0.99744374;-0.56195194,0.6972266,0.7605191;0.6757856,-1.045525,-0.023358963;0.29525512,2.025761,0.7121816;0.5592669,-0.39400798,0.14749195;-1.1561588,0.116068415,0.65103346;-0.9214587,-0.5907077,-1.7723336;0.7596334,-1.3601278,0.28803417;1.3313277,1.2507043,1.4475882;-1.228376,0.28652173,-0.30682865;0.045733154,1.8419366,0.95335734;0.6097935,-1.0069697,-0.3507691;1.4540535,-1.104436,1.0482628;1.3399018,0.20793349,1.848908;-0.71941936,-0.7262797,-1.5541524;-1.5950856,-0.25457078,-0.42831397;-1.5264386,0.13885233,0.5048374;-1.0916289,0.06644271,0.7768719;1.5092884,-0.6527018,0.19534826;1.7326998,0.47919524,1.862024;-0.7690182,-0.7338211,-2.0526266;1.4728162,-1.3436942,-0.39714676;1.5805176,-0.95217484,1.0116796;-1.073901,-0.45405996,-0.4320139;-0.21903278,1.1758249,0.090740584;-0.5363741,0.046029788,0.49737886;-0.8021717,0.115879655,0.92112625;-1.185347,-0.35658744,-1.9707712;-0.26381192,1.5534631,0.0598536;2.1444016,-0.8644035,0.2574301;-1.0987921,0.38297606,-0.9940939;-0.039161272,1.2237281,0.15374699;1.2258835,-1.1581206,-0.091928296;0.5247874,-0.9196761,1.1564186;0.42993194,1.6135153,1.296379;1.4097733,-1.381814,0.60594404;1.320891,-0.03127869,1.6453863;-0.63526815,-0.67797333,-1.8467194;-0.43761784,1.3135118,-0.5998822;0.3774349,1.2684432,1.1558913;-0.3651208,1.2394489,-0.8823788;-0.14551264,1.3695908,-0.2016103;-0.44284773,-0.77766615,-1.5383753;-1.5677319,-0.45200515,-1.3402059;1.5821934,-1.217428,0.9703069;-0.18396161,1.946915,-0.21105833;-1.2603472,-0.51554227,-2.200432;0.27561963,1.819804,1.0319724;0.019201376,0.34226406,-1.007568;-1.3336021,-0.5084825,-0.31863502;-1.5616163,0.75523305,-0.39385113;-0.90025926,-0.59090644,-1.7934847;0.7183087,1.7191294,0.362553;0.74318135,-0.8039898,-0.36199954;-0.9837432,-1.2514338,-0.5874484;0.6756752,-1.2906811,-0.5772703;1.4412037,-0.4102214,1.4251876;0.570551,-0.8508632,0.97007376;0.2141397,-0.8067078,-0.24409594;1.5074154,0.32328582,1.8226902;-0.23658372,1.8104951,0.76645607;-0.09024739,1.9058808,-0.3109901;-0.033512983,0.68236816,0.7261406;2.0291986,-0.16997235,1.1140498;-0.21369,0.6885022,0.5703437;0.53766215,-0.61729604,-0.09999489;1.3208992,-0.3740868,0.2613064;-0.69224536,-0.6114495,-1.1723917;-0.54207945,-0.5846426,0.7988187;-0.040880557,-1.2270534,0.53004956;-0.9295701,1.0782306,-1.2208015;-1.3299606,0.61813533,0.4853298;1.0403618,-0.27091795,-0.40192014;-1.1063089,0.14918862,0.5942059;1.510968,-0.5717661,0.3152876;-1.1924666,0.1537482,-0.16703306;-1.2498846,0.77074546,0.39681324;0.65330493,1.2806429,0.26927775;0.65264976,1.5925272,0.43821287;-0.34883887,-1.4454026,-1.3939071;-0.062461723,2.053084,-0.0012999969;0.8181104,0.14793643,1.1411121;1.2533598,-0.0949161,1.0098758;-0.7901017,-1.0904199,-0.23757367;0.9064071,0.09514633,1.7660015;0.63461936,-1.3037567,-0.6620346;-0.79090655,-1.0978484,-0.22899733;0.45471618,-0.6787761,-0.1777557;0.76898074,0.37733895,1.0134449;0.12695776,1.458296,1.1114771;-0.8825658,-0.94935274,-0.23249733;1.2224743,-0.04236314,1.0027884;-0.26111698,1.7718024,0.77444106;0.23171411,1.6350307,0.71313924;-0.3658515,-1.4711325,-1.4305159;-1.0138444,-0.70646185,-2.0722752;-0.1822634,-1.1154058,-1.3730186;0.2199145,-0.99336386,-1.2837592;-0.79286283,-1.164644,-0.33253324;1.4642824,-1.3370092,0.18707953;-1.5511951,0.48388898,0.5065819;-0.8382639,0.7325083,-0.6309458;1.4322971,-1.1266938,-0.3986841;1.319406,-0.48790854,1.5772147;-0.30417562,-0.6798559,-1.6980623;-0.3925125,1.1764443,-0.9219289;-1.2225916,-0.1714745,-1.3995187;-1.1420679,-0.3312146,0.24841422;-0.73000515,-0.21558547,0.8678591;1.7344494,-1.0193908,0.46952528;-1.7019533,0.09185074,-0.45713568;-0.99883145,0.75288177,-0.585104;0.9377695,-0.8428858,-0.039822794;0.8745587,0.19493037,-0.36659616;0.59460634,1.91741,0.39241496;-0.8547715,1.1693538,-1.178449;-1.2594514,-0.2937484,0.25211462;1.2132137,-0.65573955,0.8506094;-1.382649,0.408889,-1.640957;1.3279123,-0.4560535,1.302029;-1.2081171,-0.52846575,-1.5293322;1.3453993,-1.4216346,-0.34854987;-1.4312465,-0.115742214,0.31611642;0.6616107,1.1950625,0.29262075;-0.96996874,-0.95059985,0.03674055;-1.3762101,0.24458055,-1.7356392;-0.3282328,-0.8553237,-1.5861655;1.2275105,-1.0501657,-0.8195037;0.34874997,0.7827594,0.67734385;0.14027469,1.0028311,0.44600752;0.04699789,-0.78723365,-0.56346774;0.8462888,-1.0505813,-0.13699272;-0.8935026,0.8912837,-1.2315165;-1.0764027,0.27796358,-0.21527189;0.6750934,-1.1287954,1.0200733;0.6100416,-1.3430138,0.597199;-0.007787651,2.0114832,0.21875663;0.8314061,1.6206027,0.18495083;2.028444,-0.13762257,1.3239282;0.156022,0.48761252,0.7259259;0.22840275,0.18311173,1.0092831;1.4220285,-1.3458523,0.36700675;-1.3468307,0.52157927,-0.19907789;-0.16054176,1.471472,-0.74889684;-0.39265528,1.2137351,1.1572243;-0.30138433,1.7976872,0.7257709;-1.2836099,0.16312432,0.62345475;-1.3635792,0.5749438,-0.25708967;0.14596424,0.72518283,0.6884707;1.1616061,-0.3371569,0.3104411;-0.3239742,-1.0571774,-1.7822866;0.7989314,-1.2181457,-0.9413865;1.022271,0.04630332,0.9960428;-0.19543077,1.5562303,1.0545626;-1.5326861,0.82686615,-0.34912556;-1.7271886,-0.25543085,-0.7710856;1.4440027,-0.59241754,0.38891;-0.4580467,1.5075649,-0.6331099;1.316057,0.02724838,1.4891181;1.5779415,-1.1090378,0.5160933;-0.2203142,-0.17613104,1.1384445;-1.344673,0.3494419,-1.197932;1.5972072,-1.0665642,0.0894053;1.4523826,0.12499044,1.8284892;-1.3011179,-0.48230726,-2.0427;-0.54544544,1.7446879,0.52633864;0.69885033,0.12638833,1.2222728;0.57294816,-0.023429178,1.653078;1.2010398,-0.025715731,1.3445004;-1.6875877,-0.057457995,-0.7623548;0.13880141,0.27609703,0.93107104;0.13692072,-0.7151472,-0.61913645;-1.6115438,0.26110432,-0.7879635;1.653985,-0.56279975,0.481478;0.32707748,-0.75697124,1.23365;0.2953836,-0.4529619,-0.39724672;-0.019916732,0.39531577,-1.0345417;-0.9338766,0.7006718,-0.5926122;-0.57344383,-1.3078301,-1.7235744;-1.3744019,0.027822154,-0.17110747;-1.1958797,-0.52900434,-1.5162116;0.967102,-1.3254194,0.6914261;1.7534347,0.060656272,1.6757746;-1.2418418,0.3858152,-0.3852244;0.39379203,1.2305553,1.1395323;0.7410456,-1.3471173,0.5711994;-1.080237,-0.10032185,0.296444;0.4886339,-0.050696388,1.6194592;-1.364603,0.3905892,-0.49263823;-0.39396092,-0.43960232,0.6270667;-0.009016938,-0.9347583,-1.7925389;-0.26915252,-1.1994451,0.45862144;-1.4279815,-0.4050727,-0.23705466;0.7108093,-1.4499468,-0.7575195;0.21644737,1.0052191,0.49503213;-0.4740701,0.049425896,0.51639575;-0.64638126,0.1640152,0.9943039;-0.060316477,1.3969338,-0.08783252;-0.33876386,1.7577705,0.11778404;-1.2212356,-0.41282457,-2.085432;0.37278238,-0.42524236,-0.34024128;-1.234763,0.8056022,0.24594353;0.030437093,-1.261588,0.5322559;0.26708207,-0.8817104,0.8040591;-0.121811025,-0.9298609,-0.12656519;0.46587735,-0.60205156,-0.15160204;-1.7014499,-0.006319316,-0.5401307;0.8185434,0.11774392,1.7644857;0.42052492,0.23399167,0.74041027;0.7101714,-1.05484,1.0317625;-1.0408405,0.6839295,0.7964768;0.1795531,-0.42726365,1.3978728;-1.4633709,0.05673716,0.5885094;1.7104578,0.4897946,1.8584894;0.9276343,1.7269934,1.3015488;-1.2740372,0.79720753,0.2474239;-0.26187056,-0.78585654,-1.2614387;-0.5988311,0.96773916,-1.1375792;-0.97731984,0.004905015,0.58743703;1.3753387,-0.3267898,0.23464273;-1.1587503,-0.5336634,-1.4739293;-1.6652399,0.40480012,0.43434387;0.13849631,1.9711858,0.111165345;0.9115693,1.7529023,1.2676046;-0.9880819,0.8569722,0.46554855;-1.5951815,-0.28790477,-0.4841633;-1.3773216,0.5274113,-0.43130046;-1.1830227,-0.1924891,0.2900033;-1.0266916,0.5842886,0.81722236;-0.33525115,0.4174654,1.058285;-0.5547588,1.0195414,-1.0721629;0.050035726,-0.60014164,1.183894;-0.28123406,1.9022067,0.05591759;-0.62353235,0.6645184,0.663532;1.7684108,0.35314345,1.5262225;-0.4782929,-1.0388755,0.6356953;0.9744439,-1.091933,-0.94956636;0.90752,-1.0465177,-1.0200943;0.8558458,1.5430737,1.4700891;-1.4586883,0.44928503,-1.0882462
