data_set
babi-q1
num_classes
6
data_points
1000
model
saved_models/babi-q1-e0165.ckpt
color_schema
#4E79A7,#F28E2B,#E15759,#76B7B2,#59A14F,#EDC948,#B07AA1,#FF9DA7,#9C755F,#BAB0AC
test_accuracy
0.898
test_loss
0.3738305752873421
train_accuracy
0.96275
train_loss
0.0988879981674254
val_accuracy
0.918
val_loss
0.2941058569252491
labels
12,9,15,12,15,12,11,12,17,17,15,11,17,10,10,15,11,15,17,15,12,17,17,12,10,10,10,15,15,15,12,17,15,15,9,17,9,11,15,10,9,11,9,12,11,15,12,9,17,10,10,17,11,11,15,10,15,12,11,12,12,17,9,11,11,15,15,9,17,17,11,12,11,10,9,15,15,15,12,17,11,9,10,11,17,11,11,12,15,15,9,9,12,9,9,15,15,15,10,10,10,9,17,11,11,12,10,9,17,10,9,9,15,12,15,11,17,15,9,17,10,9,10,12,10,17,11,11,11,9,11,12,9,11,15,9,17,15,9,9,17,12,12,17,10,15,15,15,15,15,11,11,9,17,10,9,11,10,17,12,10,10,10,11,9,11,11,11,15,10,17,17,11,9,9,17,15,10,17,17,12,12,12,12,10,9,17,11,15,17,12,15,11,12,12,11,17,15,9,10,12,17,17,10,12,9,15,12,9,12,9,10,12,10,9,10,9,12,12,9,9,12,15,12,10,17,12,11,9,9,17,11,12,17,12,10,10,10,10,17,12,15,11,11,15,15,11,11,11,11,10,17,9,9,10,10,17,17,15,11,11,17,12,17,17,9,11,10,9,10,15,17,17,15,9,17,15,12,17,9,9,11,17,17,11,17,9,17,11,9,15,15,10,15,15,11,11,12,12,9,9,9,9,17,12,11,9,17,17,15,11,11,17,10,11,17,10,17,17,11,11,15,15,11,11,9,10,11,11,10,15,17,15,10,10,17,12,17,12,12,12,11,17,15,11,17,12,12,15,15,10,11,11,10,10,9,17,12,11,12,11,9,11,11,11,11,11,12,12,12,12,12,11,11,17,10,15,9,9,10,9,10,10,17,17,15,17,17,17,15,15,12,9,10,17,17,10,17,9,11,10,11,10,15,17,15,12,10,11,15,10,11,9,12,17,10,10,15,12,9,12,12,9,12,10,15,15,17,10,10,17,15,15,15,17,11,15,9,10,11,10,12,9,11,10,11,10,12,11,15,15,15,15,11,9,15,10,12,11,12,9,11,10,17,11,11,10,10,10,17,12,17,17,9,15,11,9,15,11,9,10,10,12,12,11,10,9,12,10,9,15,10,10,11,11,15,15,10,12,12,15,11,9,12,9,15,10,17,17,10,10,17,10,10,17,9,9,10,12,11,17,17,12,12,11,12,17,11,11,12,11,11,11,17,9,11,10,12,12,10,11,17,12,12,15,11,15,15,12,10,10,9,17,10,15,12,15,10,10,10,11,10,11,15,10,9,9,15,10,10,10,10,15,15,17,9,10,12,10,10,12,12,11,15,10,10,11,12,10,10,17,12,17,11,9,9,17,17,11,10,10,10,15,15,17,11,15,12,11,10,15,17,9,11,9,17,15,12,15,17,11,17,17,15,9,10,9,9,10,10,9,10,10,15,11,11,11,15,12,9,11,11,10,17,11,11,12,17,15,15,9,11,15,15,11,9,15,15,11,15,15,15,11,10,10,9,17,17,17,17,10,10,17,9,15,9,17,12,12,12,15,15,15,17,9,11,9,17,9,12,11,9,9,17,11,11,11,10,15,10,12,12,9,9,17,12,12,9,17,12,11,11,15,15,12,11,12,17,12,17,11,12,11,17,17,11,17,9,11,9,10,10,12,17,10,12,9,9,9,15,11,11,15,17,9,10,9,12,17,15,17,17,12,10,12,11,11,17,15,9,17,10,9,11,12,15,9,15,12,10,9,10,17,17,15,15,9,9,9,17,10,17,17,9,12,17,17,12,12,11,11,11,11,17,11,17,17,17,17,17,12,9,17,10,17,11,10,10,12,12,11,11,17,12,12,17,17,15,11,17,11,11,9,12,9,17,9,10,9,15,11,9,11,15,10,9,9,9,17,12,11,11,17,15,15,10,10,11,11,17,10,12,9,10,10,10,10,10,15,17,9,11,17,15,12,11,10,10,15,12,10,11,12,12,11,11,11,15,12,17,10,12,17,17,12,10,10,12,17,10,11,17,11,12,17,17,11,12,11,17,9,9,11,17,11,11,15,15,17,17,10,10,17,12,11,15,12,11,11,10,9,12,12,15,10,9,17,15,17,9,17,17,10,17,15,12,12,11,10,10,10,17,17,15,12,17,9,9,15,10,12,15,15,15,17,17,15,11,15,10,12,9,9,10,11,11,9,9,12,15,9,15,9,12,12,10,17,17,10,12,15,9,10,17,11,11,11,17,9,9,11,15,11,11,11,15,12,17,9,10
pred_labels
12,9,15,12,15,12,11,12,12,17,15,11,17,10,10,15,11,15,15,12,12,17,17,12,10,10,10,15,12,15,12,17,15,15,9,17,9,11,15,11,9,11,11,12,11,15,12,9,17,10,10,17,11,11,11,10,15,12,12,12,12,17,9,11,11,15,15,9,17,15,11,12,11,10,9,15,11,15,12,17,11,9,10,15,17,11,11,12,15,15,9,9,12,9,9,15,15,15,10,10,10,9,17,11,11,12,10,9,17,10,9,17,15,12,15,11,12,15,11,17,10,9,9,12,10,17,11,11,11,9,11,10,9,11,15,9,17,15,9,9,17,12,17,17,10,15,15,15,15,11,11,11,9,17,10,9,11,10,17,12,10,10,10,11,9,11,11,11,15,10,17,17,11,9,9,17,15,10,17,17,12,12,12,12,10,9,17,11,15,17,12,15,11,12,11,11,17,11,9,10,12,17,12,10,12,9,15,12,9,9,9,10,12,10,11,10,9,12,12,11,9,12,15,11,10,17,17,11,9,9,17,11,12,17,12,10,10,12,10,10,12,15,11,15,15,15,11,11,17,11,10,17,9,9,10,10,17,17,15,11,11,17,12,17,17,9,11,10,9,10,15,17,12,15,15,17,15,12,17,9,9,11,17,12,11,17,9,9,11,9,15,15,10,15,15,11,11,12,12,9,9,11,11,17,17,11,9,17,12,15,11,11,17,10,12,17,10,17,15,11,11,15,15,11,11,9,10,11,11,10,15,17,15,10,10,17,12,11,12,11,12,11,17,15,11,17,17,12,12,15,10,11,11,10,10,9,17,12,11,12,11,9,11,11,11,11,11,12,12,12,12,12,11,11,17,10,15,9,11,10,9,10,10,17,17,15,17,17,10,15,15,12,9,10,17,17,10,17,9,11,10,11,10,15,17,15,10,12,11,15,10,11,9,12,17,10,10,15,12,9,12,12,9,12,10,15,15,17,10,10,17,15,15,11,17,11,15,9,11,11,10,12,9,11,10,11,10,12,11,15,15,15,15,11,9,15,10,12,11,12,9,11,10,17,11,11,10,10,10,17,12,17,17,9,15,11,9,15,11,9,10,10,12,12,11,10,9,12,10,9,15,10,10,11,10,15,15,10,12,12,15,11,9,12,9,15,10,17,12,10,10,17,10,17,12,9,9,10,12,11,17,17,12,12,11,12,17,11,11,12,11,11,11,12,9,11,10,12,12,10,11,17,12,12,15,11,15,15,12,10,10,9,17,10,15,12,15,10,10,9,11,10,11,15,10,9,9,15,10,15,10,10,15,15,17,9,10,12,10,10,12,12,11,11,10,10,11,12,10,10,17,12,17,11,9,9,17,12,11,10,10,10,15,15,17,11,15,12,12,10,15,15,9,11,9,17,15,12,11,17,11,17,10,15,9,10,9,9,10,10,9,10,10,15,11,11,11,15,12,9,11,11,10,17,11,11,12,17,15,11,9,11,15,15,11,9,15,15,11,15,15,12,11,10,10,9,17,17,12,11,10,10,17,9,15,9,17,12,11,10,15,15,15,17,9,11,9,17,9,12,11,9,11,17,11,11,11,11,15,10,12,12,9,9,17,12,12,9,11,12,11,11,15,15,12,11,12,17,15,17,11,12,10,17,17,11,12,9,11,9,10,10,12,17,12,12,9,9,9,15,11,11,15,17,9,10,9,12,17,15,17,12,12,10,10,11,11,17,11,9,17,10,9,11,12,15,11,15,12,10,9,10,17,17,11,15,9,9,9,17,10,17,17,9,12,17,17,12,12,11,11,11,11,17,11,17,17,9,17,12,12,9,17,10,17,11,10,10,12,10,11,11,11,12,12,17,17,15,11,17,11,11,9,12,11,17,9,10,9,15,11,9,11,15,10,9,9,9,17,17,11,11,17,15,15,10,10,11,11,15,10,12,9,10,10,10,10,10,15,17,9,11,17,15,12,11,10,10,11,12,10,11,12,12,12,11,11,15,15,17,10,12,17,15,12,10,10,12,12,12,11,17,11,12,17,17,11,12,11,17,9,9,11,15,11,11,15,15,12,17,10,10,17,10,11,15,12,11,11,10,9,12,12,15,10,9,17,15,17,9,17,17,10,17,15,12,12,11,10,10,10,17,17,15,12,17,9,9,15,10,12,15,15,15,17,17,15,11,15,10,12,9,9,10,11,11,9,9,12,12,9,15,9,12,9,10,17,9,10,12,15,9,10,17,11,11,11,17,9,9,11,15,11,12,11,15,12,17,9,11
pred_correctness
True,True,True,True,True,True,True,True,False,True,True,True,True,True,True,True,True,True,False,False,True,True,True,True,True,True,True,True,False,True,True,True,True,True,True,True,True,True,True,False,True,True,False,True,True,True,True,True,True,True,True,True,True,True,False,True,True,True,False,True,True,True,True,True,True,True,True,True,True,False,True,True,True,True,True,True,False,True,True,True,True,True,True,False,True,True,True,True,True,True,True,True,True,True,True,True,True,True,True,True,True,True,True,True,True,True,True,True,True,True,True,False,True,True,True,True,False,True,False,True,True,True,False,True,True,True,True,True,True,True,True,False,True,True,True,True,True,True,True,True,True,True,False,True,True,True,True,True,True,False,True,True,True,True,True,True,True,True,True,True,True,True,True,True,True,True,True,True,True,True,True,True,True,True,True,True,True,True,True,True,True,True,True,True,True,True,True,True,True,True,True,True,True,True,False,True,True,False,True,True,True,True,False,True,True,True,True,True,True,False,True,True,True,True,False,True,True,True,True,False,True,True,True,False,True,True,False,True,True,True,True,True,True,True,True,True,True,False,True,False,True,True,True,False,True,True,True,True,False,True,True,True,True,True,True,True,True,True,True,True,True,True,True,True,True,True,True,True,True,True,True,True,False,True,False,True,True,True,True,True,True,True,True,False,True,True,True,False,True,True,True,True,True,True,True,True,True,True,True,True,True,False,False,True,False,True,True,True,False,True,True,True,True,True,False,True,True,True,False,True,True,True,True,True,True,True,True,True,True,True,True,True,True,True,True,True,True,False,True,False,True,True,True,True,True,True,False,True,False,True,True,True,True,True,True,True,True,True,True,True,True,True,True,True,True,True,True,True,True,True,True,True,True,True,True,True,True,True,False,True,True,True,True,True,True,True,True,True,False,True,True,True,True,True,True,True,True,True,True,True,True,True,True,True,True,True,False,False,True,True,True,True,True,True,True,True,True,True,True,True,True,True,True,True,True,True,True,True,True,True,True,True,True,False,True,True,True,True,False,True,True,True,True,True,True,True,True,True,True,True,True,True,True,True,True,True,True,True,True,True,True,True,True,True,True,True,True,True,True,True,True,True,True,True,True,True,True,True,True,True,True,True,True,True,True,True,True,True,True,True,True,True,True,True,False,True,True,True,True,True,True,True,True,True,True,True,True,True,False,True,True,True,True,False,False,True,True,True,True,True,True,True,True,True,True,True,True,True,True,True,True,True,True,False,True,True,True,True,True,True,True,True,True,True,True,True,True,True,True,True,True,True,True,True,True,True,True,True,True,False,True,True,True,True,True,True,True,True,True,False,True,True,True,True,True,True,True,True,True,True,True,True,True,False,True,True,True,True,True,True,True,True,True,True,True,True,True,False,True,True,True,True,True,True,True,True,True,True,False,True,True,False,True,True,True,True,True,True,False,True,True,True,False,True,True,True,True,True,True,True,True,True,True,True,True,True,True,True,True,True,True,True,True,True,True,True,True,True,True,False,True,True,True,True,True,True,True,True,True,True,True,False,True,True,True,True,True,True,False,False,True,True,True,True,True,True,True,True,False,False,True,True,True,True,True,True,True,True,True,True,True,True,False,True,True,True,True,False,True,True,True,True,True,True,True,True,True,True,False,True,True,True,True,True,True,True,True,True,False,True,True,True,False,True,True,True,False,True,True,True,True,True,True,True,False,True,True,True,True,True,True,True,True,True,True,True,True,True,True,True,True,False,True,True,False,True,True,True,False,True,True,True,True,True,True,True,False,True,True,True,True,True,True,True,False,True,True,True,True,True,True,True,True,True,True,True,True,True,True,True,True,True,True,True,True,True,True,False,True,False,True,True,True,True,True,True,True,True,True,False,True,True,False,True,True,True,True,True,True,True,True,True,True,True,False,True,True,True,True,True,True,True,True,True,True,True,True,True,True,False,True,True,True,True,True,True,True,True,True,False,True,True,True,True,True,True,True,True,True,True,True,True,True,True,True,True,True,True,False,True,True,True,True,True,False,True,True,True,False,True,True,True,True,False,True,True,True,True,False,False,True,True,True,True,True,True,True,True,True,True,True,True,True,False,True,True,True,True,False,True,True,True,True,False,True,True,True,True,True,True,True,True,True,True,True,True,True,True,True,True,True,True,True,True,True,True,True,True,True,True,True,True,True,True,True,True,True,True,True,True,True,True,True,True,True,True,True,True,True,True,True,True,True,True,True,True,True,True,True,False,True,True,True,True,False,True,True,False,True,True,True,True,True,True,True,True,True,True,True,True,True,True,True,False,True,True,True,True,True,False
p2d-kl
0.5532823801040649
p2d-iter
599
p2d
1.6884217,-1.2692386;0.021656161,1.6205455;-0.013425526,-1.2919501;1.5741111,-1.1298565;-0.0007800811,-1.5065609;1.3647467,-1.0531946;-1.6769311,0.7877226;0.7051525,-0.4152608;0.38520357,-0.08618049;0.3253412,0.822357;-0.009298858,-1.6298653;-0.91562384,0.47134593;0.40025088,-0.028326815;-1.078777,-0.86271924;-0.14500389,0.6738778;-0.0042810775,-1.271969;-1.5445508,0.6423027;0.1637683,-1.8963063;-0.11563897,0.45178506;0.34737206,-0.12162947;1.354214,-1.0143524;1.5138427,0.3223;1.1295207,-0.28776106;0.28776544,0.57305944;0.051505238,0.48799008;-1.1530098,-1.2659961;-1.1481761,-1.3358254;0.10675598,-1.6539546;0.26807532,-0.21305178;0.15123312,0.59105605;1.3990397,-0.96409005;1.6277479,0.13249557;0.084561884,-1.7600013;0.13214742,-1.8557421;0.44237038,2.3574052;1.4305748,0.38171715;0.13893396,1.6798437;-0.7035179,0.6103625;0.48104614,-0.682197;-0.681489,-0.5665219;0.33365864,2.2582557;-0.79706866,0.6231955;-0.18245833,0.63486314;0.4871221,-0.53218037;-0.8467682,0.30087504;-0.16621618,-0.64490587;0.31878614,-0.203727;0.43588847,2.3915827;1.4720337,0.48387837;-1.6771111,-0.5302732;-1.5948457,-0.62085515;1.6287004,0.22023402;-0.84441847,0.48880342;-0.08282595,0.52706796;-0.08034382,0.5940857;-1.1592681,-1.304013;-0.104348525,-0.6713749;1.1202562,-0.8057616;0.7599576,-0.6925888;1.5886121,-1.0589389;1.6647848,-1.2188466;1.4717199,0.46275306;0.5482089,2.373137;-0.048050605,0.9857448;-0.2871932,0.71052086;0.13557495,-1.9350256;-0.29003033,-0.16394344;0.31669232,0.9155177;1.670539,-0.08056779;0.5586368,-0.66559905;-1.7550336,0.9124812;1.469748,-0.9988212;-1.3598596,0.5987922;-1.5540562,-0.5005959;0.4959646,2.4318545;0.079698816,-1.9402337;-0.3630147,0.22551475;0.06202478,-1.7536572;0.87061965,-0.9358781;1.4808688,0.061664343;-1.8047787,0.83792114;0.10988917,1.827552;-1.4248999,-0.6979019;-0.26060352,0.09083043;1.4763525,0.4241338;-1.762121,0.8603666;-1.4997082,0.7141409;1.6143888,-1.1736912;0.10907501,-1.954801;0.028218262,-1.9639606;0.43714803,2.2970266;0.1939148,2.0162306;0.8274719,-0.47423938;0.19667472,1.8413783;0.09249878,1.0823417;-0.014033337,-1.1298132;-0.024051746,-0.65789986;0.02979684,-1.2931061;-1.1143703,-0.8099843;-1.7472891,-0.28869736;-1.4514605,-0.7424142;0.070622794,1.7651038;1.5259401,-0.22577125;-0.5664038,0.6479738;-0.0239454,0.7581768;1.2020917,-0.99793595;-1.4690142,-0.52680796;0.16284116,1.0655466;1.3779427,-0.20851015;-1.4970608,-0.65499437;0.3325649,1.7245283;0.21343842,0.5620855;0.16022891,-1.8408275;1.3834876,-0.9066128;-0.054673135,-0.50497687;-0.89476943,0.5262047;1.0332519,-0.32821894;0.023657976,-0.6964015;0.08788326,0.8875263;0.44558537,-0.027140597;-1.5363075,-0.6879793;0.36764154,2.2237365;0.26540065,1.0001632;1.0815145,-0.43355262;-1.1405327,-1.2363012;1.6040381,0.12271609;-1.423165,0.6379221;-0.2617386,0.271309;-1.8035945,0.7708514;0.13289356,1.7288351;-1.8975464,0.8746229;-0.723321,-0.5016136;0.13779156,1.6492451;-0.5166837,0.6566433;-0.054030575,0.61213386;0.5194902,2.3411112;1.6901385,-0.3145784;0.0007565759,-1.7861775;0.10208571,1.7771025;-0.12858488,1.230782;1.324687,0.5004755;0.92287713,-0.97235006;0.3236554,0.48788974;1.5202069,-0.49112004;-1.6929556,-0.41949853;0.053389627,-1.8297759;-0.0695364,-0.41505194;0.10088333,-1.3536178;0.010577424,-1.4803178;-0.62241846,0.07667534;-1.3085142,0.6201032;-1.1502386,0.5670524;-0.08969085,1.2468783;1.6309702,-0.39942047;-1.6953257,-0.5574499;0.19053024,1.7739071;-0.2839332,0.63799536;-0.9778587,-1.0965488;1.2188003,0.6004468;0.76242626,-0.4105301;-1.0877033,-1.3372589;-0.6988887,-0.50978464;-1.6708391,-0.51709205;-0.9349629,0.50575167;-0.027127795,1.3433157;-1.7236485,0.7856433;0.27669758,-0.46175137;-0.3998605,0.21119212;-0.004866728,-0.66558063;-1.4593816,-0.5625419;1.5822142,0.28550035;0.53507775,-0.13180254;0.264358,-0.4772272;0.19347966,1.819573;-0.1597575,1.2858902;1.6026812,0.2190757;-0.04159845,-1.6085311;-1.2055568,-1.0929544;1.3343369,0.38829035;0.7201149,-0.15957779;1.2460648,-1.0114701;0.38922837,-0.35566252;1.2026004,-1.048934;1.190472,-0.9831388;-1.2198632,-0.6657791;0.49393564,2.3330517;1.7826601,-0.39750177;-0.82236403,0.61015874;-0.040592533,-1.3534212;1.7221717,-0.40919563;1.3138586,-1.0765752;0.024808532,-1.8384917;-1.7947943,0.69161683;1.5114923,-1.0959369;-0.4401286,0.27955648;-1.9437666,1.0005755;0.1107949,0.100237794;-0.41840482,0.25719383;0.007077569,1.4523969;-1.6086384,-0.46987435;1.3234495,-0.9355511;1.3879235,0.48860392;0.3746867,-0.1550986;-1.7422295,-0.39020544;1.0732279,-0.5695631;0.41437006,2.2689984;-0.04293676,-0.7854931;1.685366,-1.2789658;-0.018983461,1.3640269;-0.06325154,1.3567879;0.16133022,1.6988547;-1.6748409,-0.40685734;0.7603288,-0.79805154;-1.0715839,-0.9885742;-0.14762919,0.6730775;-1.1651176,-1.0394398;0.13987742,1.6890404;1.2863774,-0.91221046;1.6399636,-1.1958275;0.2883709,0.20174798;0.14943808,1.5726213;0.79151374,-0.6786129;-0.03584157,-1.756276;-0.098646455,-0.19385126;-1.3895924,-0.6976838;1.3894898,0.44540572;0.25716865,0.31773147;-1.4010283,0.6998367;0.26033443,1.756381;-0.18492754,1.2338145;1.4296612,0.47892517;-0.4572015,0.6495914;1.5065827,-1.0133529;1.3931423,0.034906715;0.848927,-0.27436736;-1.5500016,-0.64827967;-0.9428628,-1.1449556;0.23767468,0.84721196;-1.4089264,-0.594337;-0.017811615,0.10448234;0.9107371,-0.592704;0.035116803,-1.8615065;-1.7871886,0.6846457;-0.21271126,0.42572463;-0.027498713,-1.2060055;0.08815154,-1.8351812;-1.3796875,0.7357976;-0.7261258,0.24359085;0.27424535,0.46486413;-0.7467846,0.2386731;-1.5693531,-0.5497761;-0.6320908,-0.42883936;0.0660259,1.9007396;0.18987414,0.97075313;-1.3246583,-0.93463516;-1.5032322,-0.6566671;1.6382248,0.2339996;0.9207392,-0.2710149;-0.3316052,-0.1394459;-1.8281612,0.8112314;-1.9316678,0.9661531;1.2066598,0.57142115;1.2081908,-0.89485204;1.3328288,0.49682525;0.93691367,-0.2666955;0.19493784,1.785992;-0.9913392,0.5064434;-1.125099,-1.3991946;-0.08859452,1.2945584;-1.7090904,-0.3037857;0.12542647,-1.7774037;1.3130316,-0.17874305;0.32092398,-0.11371605;-0.0026636089,-1.9731236;0.013595024,-0.2115852;1.3739005,-0.11596294;-0.38135204,0.09822345;1.5468323,-1.1913135;1.7383697,-0.4539838;0.11256365,1.5745012;0.33103767,2.26307;-0.8867434,0.5669901;1.1443236,0.60302544;0.72602654,-0.6716391;-1.6699563,0.7020174;1.4580208,0.37081802;0.121606305,1.3960125;0.38339916,0.9423961;-1.3626916,0.5822796;0.09918416,1.6455836;0.12647834,-1.9708636;-0.04873477,-0.32343712;-1.503416,-0.62175274;0.06663897,-1.6392055;-0.066367656,-1.7612895;-1.0154347,0.5342916;-0.35463306,0.54296684;0.40998238,-0.38538927;1.0375712,-0.9751574;0.10688674,1.5631064;0.5051436,2.3869867;-0.06132442,0.81425804;-0.1206498,0.49200404;1.485715,0.35512903;0.64772713,-0.06816071;-0.79022276,0.6427749;0.13956667,1.9005249;1.542726,-0.32767278;0.25753397,0.83804435;0.0019594315,-1.4455457;-0.9669291,0.5534567;-0.35377038,0.46740884;0.3381014,0.475191;-1.0833774,-1.1642635;0.2274544,-0.21159008;1.509601,0.2546572;-1.6514571,-0.478022;1.5813183,0.08186377;0.49098372,-0.69451594;-0.70256114,0.24490088;-1.8703938,0.9654948;0.047914065,-1.6917845;-0.13519546,-0.16797404;-1.5137292,0.55685896;-0.13098274,0.2944772;0.39266172,2.2695234;-1.1654655,-1.1319786;-1.9219799,0.80808765;-0.02191847,-0.21521793;-0.97590154,-1.1231823;0.0033428932,-1.2561091;1.403188,0.45733285;0.029929206,-0.70664984;-0.92726827,-1.0583019;-0.6213225,-0.5004731;1.7184166,-0.2826703;0.9315496,-0.61360335;0.046030164,0.7615942;1.12618,-0.91551274;-0.08973981,0.6767533;1.3107013,-1.0134807;-1.9094927,0.91827655;1.160821,0.57688594;-0.032284573,-1.7839481;-1.363414,0.70206225;1.462337,0.34236416;1.0705616,-0.35459277;1.0417254,-0.7426887;0.009288417,0.23722632;0.101666875,-1.9052352;-1.1621851,-1.3802948;-0.53395957,0.31886798;-1.7849665,0.75256205;-1.3685488,-0.8487326;-0.76959157,-0.45305148;0.18419112,1.5480267;1.6286489,0.0467483;1.2515098,-0.72501856;-1.8733805,0.9207286;1.2431501,-0.8859706;-1.4249762,0.52557355;0.18196656,1.3828053;-0.6247434,0.6711905;-0.7045776,0.18206227;-0.42329413,0.6272435;-1.9502916,0.91137886;-1.2250327,0.30245578;0.9619549,-0.66169405;1.5652848,-1.1460896;0.2949821,-0.10530183;1.1252078,-0.7946329;0.59619826,-0.26182038;-0.5899698,0.63838184;-0.16830684,-0.2644907;1.3851808,0.43880567;-1.5873897,-0.6924055;0.04842125,-1.7190378;0.050109774,1.8952918;0.043603282,0.8224546;-1.1188741,-0.7067518;0.5226118,2.342668;-0.8736562,-0.51391274;0.293269,0.8972098;1.0284445,-0.27707154;1.4346706,-0.30493027;-0.11309931,-0.610666;1.4120237,0.11391344;1.2189095,0.56326944;0.082134664,0.10844047;0.026584256,-1.1349674;0.054768108,-1.7608843;1.1110022,-0.8707787;0.1175846,1.4178892;-1.7302082,-0.35496572;1.7395154,-0.42915678;1.5745711,0.2612478;-0.8692672,-1.144969;1.7783961,-0.47444203;0.24698077,1.83841;-0.66634834,0.65199214;-1.4875075,-0.68157357;-1.9199415,1.0382515;-1.1348484,-1.1651365;0.055174068,-1.5488589;1.5900867,0.04661302;-0.3413036,0.016749037;-0.8364068,-0.95205444;0.6268371,-0.26267886;0.30207062,-0.032150537;-0.014224836,-0.8999498;-1.3404852,-0.88294995;-1.4930251,0.7752037;0.42783198,2.2013044;0.69115967,-0.39830655;1.5560815,0.2827101;-1.6236976,-0.40595806;-0.91815716,-0.65236676;-0.031684313,-0.8752189;1.0729201,-0.481281;0.13531725,1.4336301;0.7184585,-0.6877087;0.5642631,-0.68554264;0.2772133,2.0473669;0.05381401,0.21596408;-1.5797404,-0.39551637;-0.039415997,-0.9020695;-0.06032053,-0.5009883;1.0920873,0.635471;-1.2907017,-0.9502219;-0.91082543,-0.71249837;1.5288423,-0.103481494;-0.050028242,-0.79139334;-0.101321265,-0.7093731;-0.23851708,0.21233302;1.4715843,0.13385847;-1.8412753,0.8977935;-0.10319311,0.4942697;0.05811878,1.2579125;-0.20383024,0.6215157;-0.31998643,0.20944755;-1.1540294,-1.3139251;1.6751336,-1.1745018;0.36737862,0.20768912;-0.7558023,0.38011593;-1.261924,-0.71754044;-0.5461838,0.63830084;-1.1582726,-0.6595412;0.79287356,-0.43486813;-0.7363356,0.50276095;0.15870751,-2.029793;0.022066105,-1.6191549;-0.003068329,-0.5651082;0.17022522,-2.0360866;-1.1505042,0.5633668;0.096703835,1.815818;-0.017512918,-1.5981311;-1.7162918,-0.43729705;1.5744199,-1.1931225;-1.4661222,0.7265232;1.3130267,-0.91280437;0.1729231,1.57897;-0.37161532,0.7121762;-1.0127231,-0.8967336;1.5283587,0.23918293;-1.5600244,0.5825559;-1.6099589,0.7288086;-1.385917,-0.9231024;-0.7316037,-0.56067765;-1.5849066,-0.42958412;1.5317063,0.07801277;1.5911676,-1.2078006;1.4164602,0.2203715;0.6988959,-0.2067396;0.383794,1.7523082;0.05482359,-1.874764;-1.2660195,0.60725874;0.55410886,2.4493086;-0.028822668,-1.2752794;-1.5044217,0.6314147;0.16028236,1.467157;-1.1769543,-1.2736247;-0.69046515,-0.4510717;1.5902054,-1.0842938;1.2657692,-0.5542272;-1.0039731,0.41931236;-1.6588011,-0.35980484;0.37059832,2.3112102;0.89533067,-0.5673538;-1.1020563,-1.2597334;-0.22186455,1.217681;0.09276307,-1.9301504;-1.6088036,-0.5170374;-0.96505404,-0.7479368;-0.18738109,0.7111379;-0.7172836,-0.53698164;-0.14129503,-0.65182;-0.124009125,0.43723047;-1.2678945,-0.9629555;0.9502875,-0.6326865;0.38412675,-0.16803382;0.05698571,-1.3788296;-0.8056435,0.47061417;0.16455854,1.176252;1.6157868,-1.2493294;0.37414953,1.7588042;0.022786442,-1.6626805;-1.158258,-0.8552956;1.1131421,0.6135665;0.27496877,0.31183746;-1.217975,-0.70634484;-1.4057531,-0.7797302;1.228597,0.5271823;-1.1686224,-0.93027264;0.09791712,0.1065967;0.5912776,-0.65530163;0.5441696,2.4357975;0.15371644,0.8997311;-0.93088865,-1.1426605;0.87764823,-0.5491917;-0.5501608,0.69242823;1.3463143,0.5385309;1.6734457,-0.39793235;1.4530883,-1.0014668;0.34127295,0.16880552;-1.685391,0.67783993;1.2816714,-0.95703745;1.6004262,0.0482154;-1.4862111,0.5375493;-0.2812603,0.24769759;1.1401712,-0.8493566;-1.9683981,1.0171574;-0.5981695,0.2943599;-1.4273039,0.7727193;0.02183987,0.16441543;0.17365877,1.1682175;-1.8815022,0.95123905;-1.2399791,-1.0000465;1.3526062,-0.8621661;0.39909303,-0.36126903;-0.99095994,-0.77813613;-1.8957258,0.9863095;1.3506682,-0.13665827;1.145783,-0.9259824;1.2987918,-0.8821121;0.031126833,-1.3747551;-1.6201378,0.8147471;-0.15943012,-0.39229053;-0.05523584,0.6070514;1.4790602,-1.1263516;-1.4025635,-0.53129405;-1.1910176,-1.3270518;0.16534261,1.2768974;1.3454411,-0.20823254;-0.9937134,-1.0432671;0.04623085,-1.3447998;1.2511555,-0.97409946;-0.32490805,0.06800561;-0.9237831,-1.0165871;-0.93496865,-0.53341025;0.25881144,1.1198038;-1.3955084,0.53860736;-1.5317072,-0.46284387;-0.7578736,0.44891807;0.07281456,-1.3782991;-1.1512975,-0.74312687;0.42311898,2.2332954;0.11373005,1.1935941;-0.078070916,-0.24409245;-1.1729183,-0.86089414;0.1747552,-0.3969097;-1.1249293,-1.4170607;-0.7191328,-0.5431333;-0.013502422,0.5927268;-0.1844481,0.37185386;1.1145072,-0.3284304;0.32407296,2.2213929;-1.3169556,-0.926051;0.7452858,-0.8087288;-0.95127386,-0.5362408;0.2735244,0.9696691;1.6777748,-1.2797811;0.45097,-0.48406538;-1.7144158,0.6181564;-0.4251541,0.53895336;-1.7263789,-0.3448093;-1.2007424,-1.201681;-0.6097978,0.6472637;0.7427217,-0.74313873;-1.2341032,-0.6787153;0.20172745,0.7396276;1.4465964,0.19205342;1.2701695,-0.8169245;1.5099069,0.30707923;-1.5998553,0.61499083;0.49110353,2.443286;0.5755391,2.4047122;1.7049656,-0.35253608;0.31418383,0.31614074;0.27920285,0.21433888;-1.5801097,-0.43912816;-1.3849564,-0.82278043;-1.5944604,-0.51163036;-0.35059628,-0.023034971;0.18622915,-1.8553655;1.3841665,0.51855266;-1.8149886,0.9165857;-0.1557542,-0.59091127;0.89971995,-0.9686885;0.64786476,-0.7019583;0.05466397,0.47214672;0.123203,-1.7690244;-0.018125957,-0.30674216;0.011295653,0.8770502;-0.44516143,0.24433354;0.3803355,2.1812205;1.6827692,-0.36636767;-0.12606642,-0.634035;0.70674753,-0.46945798;-0.31918618,0.4214518;0.954833,-0.2159374;-1.5912602,0.68107;1.6346291,-0.27221566;-0.65152466,-0.45633814;-0.30374876,-0.13451055;0.28280005,1.8891643;-0.8529868,-0.5157925;0.16710244,1.6074673;0.16468623,0.98772633;-1.6969038,-0.47981992;0.07948082,0.23261659;0.42311898,2.2332954;-1.4201195,-0.86948985;-1.6429214,-0.24646589;0.0413273,-1.1177557;-1.962256,0.7552681;-1.0632814,0.52806187;-0.7762491,0.3316946;-0.052587386,-0.70474625;0.58128196,-0.22216396;0.15802877,1.6533431;-0.65554655,0.6152694;-0.31717584,0.41613165;-1.5308924,-0.7638258;1.0626713,-0.21579173;-0.3472485,0.55524117;-0.9427011,0.5328281;1.2159009,-0.9422882;1.5942792,-0.012009636;-0.065935954,-0.6703802;-0.16295701,0.61244416;0.19695422,1.9350073;-1.334239,0.66081536;0.087425105,-1.4189948;0.03785769,-1.403252;-1.5723835,0.6907028;0.48769465,2.3668656;-0.02595327,-0.9615992;-0.2863079,-0.0140827475;-1.9372452,0.7947045;0.10615564,-1.5913098;-0.1538797,-0.6759771;-0.097698204,0.5450683;-0.94672227,0.45388177;-1.0613484,-1.2611213;-0.9853242,-0.62278426;0.170671,1.5543596;0.35730356,0.3816425;1.2589703,0.5858938;1.1011643,-0.39652118;-0.2807259,0.24818438;-1.4126339,-0.81064975;-0.8252685,-0.742207;1.6120251,-0.3212737;0.1368889,1.0371321;0.027867142,-0.53717184;0.38631657,2.2300432;1.4963049,0.27234635;1.3830144,-1.0928258;0.12200001,-0.33662918;0.26744744,0.94671446;0.062450588,-1.4952965;-0.013048726,-0.28909984;0.2032729,-1.8953832;1.5849904,-0.07269576;-0.07144828,1.2807719;-1.8073028,0.8252169;0.26810992,2.0136201;0.3390942,0.029884774;0.24036022,1.2612319;1.1081034,-0.8181668;-1.6073333,0.8378362;0.35306263,2.1903532;-0.0859551,1.1360296;1.7321506,-0.3583945;-0.85806847,0.5198834;-1.5482739,0.833064;-0.6930216,0.33413684;0.04185453,0.3086407;-0.0010357475,-1.5861363;-0.7519515,-0.4528197;1.5512061,-1.104864;0.41287252,-0.2344253;0.37199587,2.2910182;-0.19747286,1.2203604;1.0849328,0.6393147;1.6455252,-1.2318329;-0.06759097,0.39853108;0.0074224807,1.2729366;0.17779969,0.8741384;0.60411924,-0.7264327;-1.5903059,0.79909045;-1.374326,0.6760728;-0.18131424,-0.5530676;0.01322368,-1.3493936;1.004411,-1.0993639;-1.8359332,0.9518598;0.8377104,-0.5177513;1.4302921,0.27780414;-0.038358044,-0.2713387;0.64230114,-0.12300347;-1.6360899,0.74582124;1.1792474,-0.81335753;-0.8609696,-1.0824684;1.752832,-0.26323354;0.847738,-0.11805224;-0.9607828,0.51459324;0.8921207,-0.3056386;0.54277545,2.4235234;-0.77601296,0.49745563;0.30660617,1.7958046;-1.161916,-1.210521;0.09175737,0.20416094;0.41871104,-0.3244321;1.5780271,0.10712266;0.04622669,0.21466807;1.3229612,-1.0588291;0.19475651,1.6590831;0.23512363,1.9746171;-0.08364836,1.2232813;0.029810075,-0.5994066;-1.7552841,0.8864998;-0.68156743,0.25172007;-0.21822721,0.34615752;0.30172136,0.49465606;0.08924653,2.000493;-1.1244283,-1.1299189;0.3844239,2.3193045;1.283054,-1.0629879;1.7453954,-0.39271075;0.016547004,-1.238552;1.3247736,0.45281604;0.58083594,-0.2607112;1.0916647,-0.86901724;-1.2153921,-0.73531497;-0.776355,-0.66320896;-1.4716462,0.7117832;0.31936547,-0.44161007;1.6942599,-0.28810084;0.031974934,0.80579656;0.15565404,1.8912802;1.592245,-0.24601945;-1.1271285,-0.87054676;0.23654373,1.225323;-0.052655723,0.98478556;0.91348076,-1.0289465;-0.09692665,-0.6302323;0.023683943,0.8576193;-0.12438628,-0.5383224;1.0071582,-0.7107613;-1.1396847,-1.0756456;0.14526244,1.2384583;-1.1236053,-1.2876682;1.5180036,0.28810805;1.5089358,-0.24646385;0.0013048169,0.65872693;0.044863652,-1.6095649;0.24771194,2.0507479;0.0206306,1.1217945;0.15981683,0.91597396;1.3217179,0.14356865;-1.1971102,-1.2669176;1.2850128,0.49709174;0.7566917,-0.12808962;0.10311877,1.5297728;0.30886096,-0.18099712;1.542521,-0.17645392;0.63685584,-0.107725956;0.89151824,-0.9667189;0.2811589,0.8448925;-0.7716825,0.31914106;-1.9787446,0.9761126;-0.38885438,0.64002013;0.13156466,0.9592714;1.0709088,-0.24727505;-1.7361084,0.7128082;1.6990769,-0.32984886;1.701574,-0.44279593;0.29607525,0.6095187;1.4210302,-0.21823092;0.29534507,0.7340214;1.6158807,-1.1235046;0.1738116,1.2197226;1.4727173,-0.106810555;-0.9191283,-0.74116045;1.5735835,-0.222804;-1.6766566,0.7279142;-1.332047,-0.9705204;-0.85640067,-1.0423747;0.70624685,-0.41489872;-0.662224,-0.45203283;-1.7961757,0.8754832;-0.42669433,0.21495987;-0.5931299,-0.4481827;1.2384748,-1.0292966;0.84587985,-0.5994639;1.2994612,0.47184497;1.2557304,0.5451238;-0.003861768,-1.1814936;-1.0053608,0.36567762;0.63121927,-0.13562831;-1.8148779,0.90319604;-0.5410834,0.24685423;0.26415238,1.7690228;0.74585533,-0.37659442;-0.11991424,0.7205714;1.498157,0.21586113;0.2192639,1.2453781;-1.2387252,-1.1500489;0.1954048,1.1599827;0.12277566,-1.6494154;-1.717731,0.8569839;0.10633139,1.8627201;-0.28477976,0.5363567;-0.30425516,-0.15155987;-1.4236364,-0.714326;0.35367742,2.2018628;0.06270202,1.331882;0.20490044,1.0391874;1.750841,-0.51897156;0.36375716,0.47363424;-1.7555873,0.85401213;-0.9918731,0.33616754;0.17130189,0.59311765;-0.007491502,-1.7325531;-0.06180539,-0.36803672;-1.200099,-1.2323104;-1.1572435,-1.1528145;-0.309938,0.6054853;-0.3870598,0.65345347;0.0387716,-0.26721653;-1.1081996,-1.3414482;0.74972886,-0.419718;-0.06596825,1.3595545;-1.5554857,-0.43246895;-0.92174196,-0.65325046;-1.5830894,-0.48632437;-0.89553076,-1.0142422;-1.5761635,-0.6153257;0.03940834,-1.277887;1.545646,0.21751693;0.19487108,1.8945833;-0.62785494,0.62062997;1.5563027,0.09319576;-0.04049251,-0.5685967;1.5916408,-1.1257685;-1.9451613,0.9048805;-1.635788,-0.5866022;-0.792679,-0.68453306;-0.30838552,0.11851311;1.4093976,-1.1611161;-1.1596389,-1.1591729;-1.9371499,1.0061873;1.3283743,-1.0220797;0.6823439,-0.6089633;0.36866236,-0.23157011;-1.4809653,0.7744695;-0.3616076,0.5094892;-0.30661845,0.050569214;-0.1035704,-0.2995569;1.0733013,0.5175417;-1.4310118,-0.77614826;1.0134207,-1.0520762;1.54313,-0.5232831;0.010009136,0.6019529;0.39926112,-0.407061;-1.5382782,-0.5672681;-1.1730878,-0.89967215;1.0636328,-0.86052996;0.382268,-0.23867024;0.293966,0.9167026;-1.2614695,0.6044968;1.5258112,0.1877663;-1.7311499,0.75931513;1.2826612,-0.77532023;1.4872822,-0.478388;1.5780605,0.15389945;-0.7537864,0.5230967;1.2194024,-0.8012487;-0.39522392,0.16710953;0.53373325,-0.13525502;0.33240485,1.725094;0.2566482,0.45878315;-1.4275291,0.6957481;-0.101848215,0.51679564;-1.232907,0.29965177;-1.5134885,0.8251578;0.13473596,-1.900969;-0.26504067,0.01363485;0.22677587,0.31946993;1.1697837,0.5833913;-1.0838042,-1.3175672;-1.1863396,-1.0705037;0.70072883,-0.21942104;0.26115954,0.76552075;-1.6860324,0.8436936;0.057461265,-1.7776542;1.1475121,-0.6942195;-1.427898,0.6065385;-0.39405012,0.56830263;-0.9487315,-1.1231004;0.18862374,1.1969327;0.91544485,-0.97108996;1.4957035,-1.0311456;-0.010183485,-1.8747004;-1.1769269,-0.9430088;0.10636075,1.6910919;0.39295352,0.8871073;0.006642713,-1.9568328;1.4977168,0.4905747;0.49741384,2.379808;1.5460457,-0.20549873;1.6367095,-0.3901944;-0.9510812,-1.0484661;1.4739437,0.20460023;0.007166432,-0.7774714;1.2805789,-0.99343807;0.6712956,-0.6791285;-0.028840095,-0.12462299;-0.0018263542,0.10842663;0.22582845,0.68633527;-1.4434154,-0.7573182;1.2937043,0.33620587;1.1180022,-0.21644354;-0.03719355,-0.825374;1.0957048,-0.48408362;1.5816032,0.16949016;0.3234044,2.1416209;0.15398982,1.7472304;-0.3213475,0.039651282;-1.3772599,-0.6066793;1.625757,-1.216317;0.00012586988,-1.8924649;-0.1540486,-0.23006295;-0.119914316,-0.35517725;1.1154304,-0.3405473;1.5474057,-0.18435995;-0.015485949,-1.1098094;-0.7546612,0.35775456;-0.31536835,-0.064907;-1.6459334,-0.45767158;1.2186724,-0.8967087;0.17731975,1.0082072;0.21744621,1.0459087;-1.1288677,-0.7576164;-1.0216703,0.36598876;-0.80536515,0.5200519;0.58603543,2.4319527;0.28737357,1.0383631;0.912936,-0.59370506;0.10090244,0.61977476;0.23624086,1.8823773;-0.019198753,-1.3444395;0.1444257,1.9698508;0.96591884,-0.68298995;0.33353618,0.20061858;-1.0686475,-1.3157816;1.5845941,-0.19635649;0.38729528,0.90801114;-0.94038993,-0.8207559;1.2000223,-0.858876;-0.0847714,-0.7337107;0.07232067,1.6855218;0.2089448,0.74018496;1.6277939,-0.35987827;-0.9757212,0.4844945;-1.0370901,0.52262515;-0.062408812,0.71473867;1.2367004,-0.23589446;0.44206414,2.2756674;0.57171637,2.376174;-1.950061,0.9226614;0.15463223,-2.0265431;-1.3927456,0.5474869;0.30990094,0.031753667;-0.5791431,0.24811926;0.08307532,-1.8959607;1.0002618,-1.0040107;1.466252,-0.2220052;0.26711318,1.925314;0.35694832,0.18129611
p3d-kl
0.4223891496658325
p3d-iter
599
p3d
-1.6287016,-0.044611946,1.9305928;1.3876513,0.6979651,-0.5449961;-1.4114906,-0.065574415,-0.62560505;-1.3579656,-0.1052641,1.7131746;-1.7009974,0.086463675,-0.56684464;-1.1511519,-0.45643884,1.8386704;-0.43585303,1.9405543,-1.3516506;0.012897229,-0.5968032,1.0934132;0.19041829,-0.12948549,0.33976525;1.1679132,-0.49894705,-0.058404118;-1.8558921,0.037352104,-0.7738171;0.08882893,0.73877907,-1.1218679;0.26853287,4.8796257e-05,0.35139272;-0.08702142,-1.582044,0.44800195;0.8379546,-0.49843135,-0.8504454;-1.3980856,-0.07152164,-0.66020733;-0.40390113,1.5837595,-1.2108835;-2.3805358,0.02959431,-0.71052873;0.5111079,-0.4313784,-0.5115521;0.103192195,-0.077531345,0.259202;-1.0838417,-0.47300416,1.8434795;0.2666651,0.8687581,1.4283477;-0.3879278,0.3125325,1.1352075;0.92799413,-0.2396674,0.06717623;1.0057387,-0.98693204,-0.38304237;-0.5513897,-2.0862184,0.6207605;-0.6482931,-2.1113348,0.66882396;-1.9789029,-0.03498999,-0.5938598;-0.030556997,-0.23940012,0.16278443;0.8477878,-0.3156545,-0.1808175;-1.0586265,-0.31607783,1.6190883;-0.054449316,0.9905244,1.4715419;-2.1128585,0.09136416,-0.72048676;-2.3175726,0.039669834,-0.8049016;2.1770897,1.2783742,-1.641208;0.3826943,0.71871305,1.3441503;1.5780472,0.79717195,-0.5572664;0.46024117,0.51153237,-1.1107674;-0.66542083,-0.24968752,0.48257846;-0.025064167,-0.76363003,0.064920895;2.0445824,1.4454316,-1.3360931;0.32807255,0.5548718,-1.2583826;0.77445775,-0.33808175,-0.81421787;-0.48263356,-0.06903929,0.5290958;-0.084226824,0.5119327,-1.0503852;-0.63063866,-0.33525413,-0.6152185;-0.011891532,-0.20768812,0.24973911;2.2694285,1.3185195,-1.5715463;0.3713824,0.67635816,1.0797648;0.702413,-1.8535582,-0.15848006;0.5300116,-1.9444603,-0.12350911;0.08663,0.72249514,1.6099142;0.24134779,0.73943245,-1.0088769;0.6272378,-0.47645915,-0.5353273;0.7263016,-0.4686699,-0.57648444;-0.60085756,-2.1031313,0.64989865;-0.683531,-0.23462605,-0.59548;-0.6869042,-0.6929335,1.4860734;-0.57627386,-0.25713077,0.92597115;-1.2285393,-0.10887677,1.823015;-1.5365666,-0.056231614,1.8755865;0.3869628,0.7181627,1.1078175;2.2519157,1.4730256,-1.7371552;1.1750127,-0.11443627,-0.7238807;0.79747593,-0.052418873,-0.59731686;-2.4197261,0.13713008,-0.7235542;-0.289672,-0.09706163,-0.7733753;1.346206,-0.55601436,-0.13248703;-0.41672632,0.87498295,1.6090102;-0.6384669,-0.1313423,0.58860826;-0.45385256,2.160576,-1.5610933;-1.1603997,-0.21230003,1.4576586;-0.22862937,1.3006198,-1.1892915;0.5848437,-1.721502,-0.22250259;2.324602,1.352452,-1.7313061;-2.3946023,0.18092652,-0.6701095;0.1856525,-0.08540129,-0.69810385;-2.0944757,0.08970615,-0.7992188;-0.9737546,-0.09828388,1.0462503;-0.1729226,0.9484881,1.2770755;-0.59258837,2.089831,-1.4652303;1.5810083,0.8991577,-0.8669535;0.2380086,-1.9027462,-0.055465702;0.07633068,-0.31522804,-0.6338971;0.37539265,0.76570797,1.1975131;-0.48892236,2.104094,-1.4983838;-0.2277671,1.6677331,-1.2476251;-1.4421254,-0.094632186,1.8117244;-2.426937,0.19789623,-0.77313435;-2.3584812,0.25894642,-0.54574144;2.1120734,1.3382275,-1.510814;1.8467228,1.0525482,-1.0393149;-0.18031722,-0.65544224,1.0880847;1.70948,1.0297672,-0.79669756;1.3411095,-0.13624911,-0.4974892;-1.1798878,-0.12584458,-0.5430219;-0.70037043,-0.07144067,-0.48332018;-1.4126983,-0.13334306,-0.5864613;0.004046738,-1.5932553,0.37816557;0.98686033,-1.4691502,-0.36472714;0.2155151,-1.9782698,-0.043081734;1.5757236,0.7846148,-0.7920004;-0.38533336,0.41005874,1.7357546;0.6319681,0.3330286,-1.0371044;0.905731,-0.2352723,-0.5266415;-0.99035317,-0.73456204,1.6991769;0.4844781,-1.6533687,-0.1317114;1.4243333,-0.25098854,-0.40255728;-0.23903923,0.17754993,1.6254861;0.36466855,-1.9548354,-0.14692102;1.687861,1.179432,-0.43317243;0.8494882,-0.27078304,-0.041924477;-2.3041255,0.0011916994,-0.66251624;-0.94139165,-0.38935697,1.854705;-0.4934843,-0.19318832,-0.37367707;0.2225038,0.79602456,-1.1060381;-0.44434357,0.13040723,0.914381;-0.73668563,-0.06631185,-0.36135727;1.15163,-0.32431704,-0.4366398;0.28895003,0.01306084,0.4703036;0.38796157,-1.9555084,-0.07136471;2.0475633,1.3068867,-1.3239559;1.3995379,-0.5986788,-0.35496104;-0.5373432,-0.0038632283,1.0909168;-0.48494104,-2.042155,0.72624546;-0.078059174,0.9128923,1.4791896;-0.2536535,1.4409815,-1.2203298;0.28116038,-0.22945209,-0.52608836;-0.6288776,2.0342677,-1.3519675;1.5205245,0.8790091,-0.61359;-0.5603517,2.3508732,-1.511583;0.07589101,-0.8305855,0.18797503;1.5577881,0.77205515,-0.51033217;0.6555543,0.27160478,-0.9741147;0.7592932,-0.503381,-0.5531312;2.2055848,1.4411378,-1.6724808;-0.64828855,0.56621295,1.8641971;-2.0833263,0.27081463,-0.7611882;1.4909844,0.9331585,-0.77866787;1.0514383,0.3404007,-0.42676356;0.56778914,0.5170991,1.2185333;-1.0444553,-0.19491191,1.104875;0.7787274,-0.21356183,0.24264245;-0.7471785,0.26361972,1.5476481;0.8185019,-1.7813727,-0.35285136;-2.2105176,0.20565273,-0.78219205;-0.4041492,-0.0006309084,-0.41295296;-1.5686165,-0.26277143,-0.6220015;-1.6748177,0.03880552,-0.5454868;-0.15415213,0.19569321,-0.559851;-0.14174625,1.2744719,-1.2431254;0.0017747019,1.133402,-1.1959438;1.1144077,0.3090897,-0.3899274;-0.649887,0.34739777,1.9685493;0.6996002,-1.8630201,-0.07491623;1.6862806,0.93738276,-0.686547;0.7625136,-0.10860268,-0.8704815;-0.5013265,-1.6112919,0.44274393;0.65208775,0.32707757,0.98620373;-0.039583128,-0.6129276,1.0414169;-0.6847547,-2.0005257,0.69509757;0.07693478,-0.79627633,0.15423079;0.68512994,-1.7524477,-0.123108916;0.14475441,0.8342377,-1.1090506;1.220207,0.4004685,-0.21615875;-0.5127522,1.9132837,-1.3988875;-0.47500125,0.09151015,0.1353527;0.1397007,-0.025007058,-0.6186042;-0.71071476,-0.052589275,-0.4544761;0.42780307,-1.6991189,-0.13834731;0.18755527,0.9219587,1.5480404;0.08649909,-0.01208778,0.6077704;-0.50080013,0.097256444,0.11209583;1.7318594,0.98317665,-0.7731836;1.0635188,0.47206783,-0.41246107;0.09166134,0.77153033,1.566638;-1.8115344,0.12107655,-0.7818609;-0.31513318,-1.9552796,0.4219069;0.46203795,0.5471779,1.4283947;-0.0664996,0.05126462,0.83642924;-1.0429864,-0.6627581,1.7260942;-0.26458183,-0.058188405,0.38950694;-1.0541127,-0.77553123,1.7609096;-1.0000129,-0.72680426,1.6322087;0.13483463,-1.5420543,0.06072464;2.1901739,1.4349144,-1.6452634;-0.8001224,0.5161038,2.0314815;0.2648712,0.5548667,-1.2583371;-1.4865967,-0.057391863,-0.4529088;-0.78688693,0.48428187,1.9385645;-1.1726502,-0.5490497,1.7433709;-2.212772,0.2593019,-0.77961785;-0.6792729,1.9221817,-1.2183452;-1.3092173,-0.15552127,1.5731797;0.18300039,0.11865033,-0.5770514;-0.7642599,2.368869,-1.6841629;0.39106223,-0.55677956,0.44245356;0.13589329,0.058505274,-0.54998374;1.3611982,0.5718978,-0.38969335;0.6438175,-1.6940093,-0.24807589;-0.9678803,-0.39981976,1.5600877;0.5264704,0.66167825,1.1866468;0.047338292,-0.08951062,0.32411477;0.9056791,-1.6715901,-0.29350537;-0.5015236,-0.30156863,1.246354;2.0771053,1.3858593,-1.4545902;-0.87378204,-0.20546857,-0.48324713;-1.6357208,-0.045191403,1.9331305;1.2502068,0.41425025,-0.1972277;1.1860199,0.39514863,-0.20238133;1.6255907,0.8089235,-0.59798825;0.810793,-1.7184881,-0.34148106;-0.7496859,-0.096714154,0.9852875;-0.28488854,-1.5472783,0.16386539;0.82015944,-0.41750664,-0.81606346;-0.24320911,-1.8749081,0.4644339;1.556518,0.8094913,-0.5568239;-0.9108892,-0.49302328,1.6982948;-1.4936267,-0.074408226,1.8475078;0.5286945,0.13649355,-0.015077169;1.6511227,0.6319191,-0.3924367;-0.54504347,-0.3465696,0.9357861;-2.0387294,0.29484543,-0.66339844;-0.0729425,-0.04646779,-0.42287433;0.22844298,-1.8313987,-0.022904456;0.48945174,0.66170716,1.2526122;0.5420413,-0.14901175,0.14630654;-0.17377757,1.5001885,-1.3178087;1.7501966,1.0648335,-0.5909915;0.9567761,0.42230472,-0.3969671;0.4432635,0.65613604,1.1509492;0.686594,0.15449701,-0.89165664;-1.2010686,-0.15791419,1.4676753;-0.27129343,0.55007225,1.1583865;-0.21464184,-0.16656789,0.9134964;0.4398704,-1.9441392,-0.11080516;-0.5981408,-1.5992426,0.44439486;1.1903925,-0.59179616,-0.23417015;0.33413213,-1.6744862,-0.10068317;0.35874414,-0.77066535,0.3950823;-0.34278843,-0.67172825,1.2508816;-2.2467144,0.24812295,-0.72708094;-0.6747301,1.9267889,-1.2032841;0.35880595,-0.42454165,-0.7497829;-1.2707812,-0.10775166,-0.67108333;-2.2395377,0.13403948,-0.77905804;-0.13854349,1.5053335,-1.388815;-0.08942735,0.35251507,-0.9029706;0.74096656,-0.2045586,0.14094976;-0.10219741,0.35219362,-0.9331706;0.555215,-1.8929797,-0.31073177;0.0847048,-0.57545495,0.26985952;1.6176593,0.8305344,-1.0382107;1.3622487,-0.39792234,-0.346093;-0.12450475,-2.00905,0.14860421;0.36936468,-1.9590685,-0.14166212;0.09978807,0.7479635,1.6437281;-0.24631564,-0.0787828,1.0755954;-0.31276467,-0.23501922,-0.8067742;-0.5651888,2.1380816,-1.3798536;-0.6630669,2.3812695,-1.7212546;0.66870654,0.31819913,1.0170462;-0.85027057,-0.6118778,1.6133132;0.56726694,0.5373049,1.20583;-0.24802579,-0.05161677,1.1266724;1.6977688,0.9573626,-0.70117044;0.10867685,0.91065496,-1.1171458;-0.77768064,-2.1241024,0.69215083;1.224239,0.435487,-0.4474307;0.9444736,-1.5338112,-0.41711587;-2.1654122,0.034212682,-0.6612393;-0.23365049,0.22600438,1.4850829;0.1006954,-0.05942896,0.18165846;-2.3381364,0.2614159,-0.48865068;-0.057381928,-0.051170886,-0.19803314;-0.11175582,0.35272056,1.5571808;0.116001144,-0.25995475,-0.87605715;-1.4545549,-0.16915599,1.7121748;-0.8597375,0.4551896,1.9206979;1.6257316,0.63650846,-0.35956928;2.0465555,1.4554617,-1.3430333;0.20686623,0.7143952,-1.2152218;0.7132648,0.21427573,0.91786915;-0.570099,-0.079083,0.9615124;-0.49008176,1.8448757,-1.1989225;0.34310347,0.7518846,1.3294315;1.533679,0.3364768,-0.42578152;1.404389,-0.47208896,-0.01364435;-0.2577664,1.2808874,-1.1772918;1.6307014,0.6691534,-0.6015768;-2.4671018,0.18428323,-0.75872606;-0.24439093,-0.18110593,-0.28226337;0.39586943,-1.9156717,-0.18933442;-1.920007,-0.0077444715,-0.66541326;-2.0446072,0.32983437,-0.6058068;0.10147666,0.9668381,-1.1492728;0.58099145,-0.019572072,-0.83663106;-0.31578165,-0.06250704,0.41747102;-0.982935,-0.32286012,1.3451923;1.5918002,0.61907303,-0.3670116;2.2566125,1.4155352,-1.681425;1.0135852,-0.28134498,-0.6719892;0.56032324,-0.46873063,-0.5679635;0.31815955,0.7819467,1.3514358;-0.1114941,0.20253292,0.58538884;0.34475204,0.5480006,-1.2837219;1.5475986,1.055785,-0.9576516;-0.50253844,0.2913211,1.7869521;1.1896961,-0.6027912,-0.20074093;-1.6272632,0.0041800067,-0.5983462;0.09958163,0.83873266,-1.2033576;0.46070573,-0.06279631,-0.83147955;0.7683641,-0.20447561,0.28741074;-0.4755428,-1.9155306,0.4258983;0.01650392,-0.43707418,0.17385599;0.15901545,0.80325395,1.4001638;0.6920538,-1.6563132,-0.16806655;-0.12873067,0.8804543,1.508682;-0.67751503,-0.2808122,0.5173746;-0.067539155,0.3110579,-0.887103;-0.68846476,2.2480204,-1.6258659;-1.9902099,0.09561771,-0.69245577;-0.084423676,-0.0010972623,-0.49573806;-0.47710946,1.4117901,-1.1639755;0.35827968,-0.39793855,-0.3126105;2.0787342,1.4247376,-1.4297228;-0.34163105,-1.9638224,0.5826983;-0.5744277,2.3600461,-1.307751;-0.14823322,0.040461935,-0.23819001;-0.54290926,-1.6366274,0.42519686;-1.3770386,-0.09262741,-0.65571207;0.47595835,0.654983,1.2209924;-0.7539152,-0.07067523,-0.34363425;-0.46984497,-1.4895623,0.46628588;0.012449834,-0.7334775,0.30817702;-0.65487325,0.63890827,1.8158921;-0.35939878,-0.6939935,1.2862896;0.97863626,-0.37518138,-0.4072237;-0.8588961,-0.80973715,1.5291601;0.8591765,-0.53967935,-0.7400606;-1.086164,-0.52348906,1.7452166;-0.6271574,2.3782644,-1.5791061;0.687503,0.24572428,0.95808285;-2.0763822,0.31389537,-0.68758756;-0.14128731,1.4562886,-1.3418707;0.31268007,0.7472396,1.3795428;-0.5086913,0.22391303,0.9863342;-0.575781,-0.71259636,1.4181495;0.3903427,-0.6228474,0.066344455;-2.3702853,0.16718177,-0.76100135;-0.72795033,-2.1612413,0.6902512;0.20349914,0.29339984,-0.67735106;-0.6191483,1.981136,-1.3232775;0.013040775,-2.0027971,0.02333277;0.16415775,-0.8819811,0.3089498;1.6815209,0.57310647,-0.47888133;-0.19889446,0.915674,1.5431489;-0.765221,-0.27531055,1.4151927;-0.65147704,2.2609494,-1.581835;-0.9051427,-0.47343853,1.5127863;-0.3939831,1.2417507,-1.1626796;1.5267781,0.2665816,-0.6011531;0.5947089,0.4144533,-1.0986447;-0.17291318,0.34477776,-0.76766485;0.68487686,0.11422091,-0.8270804;-0.6356232,2.4329545,-1.570347;-0.6157915,0.26883787,0.1233613;-0.4396861,-0.7136768,1.3307378;-1.3707445,-0.13963133,1.7561501;0.082614556,-0.012179369,0.16504338;-0.68335897,-0.69537264,1.5142182;-0.028168095,-0.29857603,0.6966024;0.60071284,0.37220472,-1.048984;-0.26223692,0.1127748,-0.41078323;0.48345497,0.64804673,1.2630728;0.46922436,-2.0158,-0.014830219;-2.0374262,0.117900185,-0.7137502;1.6526259,0.7864346,-1.0264399;1.037555,-0.28852415,-0.43130597;0.13912633,-1.4775584,0.2839544;2.2148395,1.4515404,-1.6622512;0.25938368,-0.97430944,0.16813281;1.3432791,-0.66415024,-0.14773346;-0.2957614,0.18328176,0.9549927;-0.45600912,0.48850656,1.3952777;-0.595762,-0.2156777,-0.6801509;-0.082940176,0.65080273,1.2249215;0.6613996,0.33631966,1.036129;0.39983258,-0.6354932,0.41407648;-1.229668,-0.13158943,-0.46341088;-2.097199,0.115657605,-0.7677664;-0.7808779,-0.74998784,1.4494451;1.5451328,0.3634387,-0.43182042;0.90168077,-1.5747445,-0.28706667;-0.8203149,0.4638886,1.949224;0.15317397,0.9003989,1.5274855;-0.6216631,-1.4505438,0.59862137;-0.92361236,0.43614805,1.974171;1.7769253,1.0883784,-0.77751726;0.53345114,0.45192394,-1.129433;0.3373613,-1.9632983,-0.11167159;-0.8039408,2.3293586,-1.7085652;-0.40009344,-1.9408313,0.5924782;-1.7983547,0.09629885,-0.5032183;-0.18445659,0.8914532,1.5305619;-0.024057537,-0.37496284,-0.82413363;-0.39044955,-1.1948235,0.36878887;-0.09747379,-0.23368214,0.77149045;0.19215323,0.027794274,0.13437064;-1.0207471,-0.1056263,-0.48897654;-0.053324595,-2.0050807,0.08435492;-0.20225994,1.7083514,-1.3784807;2.0289252,1.2495465,-1.4326205;0.054184727,-0.5947494,1.0737519;0.18647358,0.8908474,1.4893575;0.72156554,-1.7571722,-0.432179;0.031734318,-1.1846802,0.25829697;-0.99462944,-0.14250618,-0.5075094;-0.580082,-0.08888902,1.1298344;1.5505509,0.38878423,-0.49875224;-0.5982477,-0.13083485,0.91520035;-0.6599642,-0.15045214,0.6124125;1.8629726,1.211569,-1.0849466;0.29061654,-0.6860206,0.13783078;0.67387164,-1.6242806,-0.40083492;-1.0187702,-0.12125647,-0.51577115;-0.48431098,-0.20552428,-0.3758853;0.7815164,0.14953771,0.85242826;-0.17373557,-1.9488746,0.14751056;-0.081435695,-1.2176332,0.25013775;-0.23558886,0.59302336,1.6373974;-0.88317883,-0.21618468,-0.48655823;-0.7466258,-0.20564225,-0.6243844;0.21287844,-0.29502007,-0.46999386;-0.015837353,0.93007505,1.2354567;-0.60082215,2.2024682,-1.5667222;0.5726777,-0.46475735,-0.5450951;1.355359,0.18972796,-0.407131;0.7574002,-0.23347114,-0.7081377;0.18183039,-0.17891924,-0.61428946;-0.60833776,-2.1097696,0.6921073;-1.4745325,0.015273351,1.8537304;0.61780095,0.3152748,-0.028054431;0.12560637,0.49286836,-1.0000602;0.09301945,-1.6557918,0.06937121;0.6382525,0.29517987,-1.0112226;0.15939239,-1.4529845,0.13017824;-0.082445316,-0.68639874,1.0154325;0.3387349,0.5958764,-0.92245394;-2.5809534,0.2058837,-0.82956296;-1.8618838,0.10235455,-0.68013585;-0.55102915,0.005345467,-0.42676675;-2.5913813,0.2053449,-0.8336048;-0.009941905,1.1260054,-1.1925659;1.6107994,0.832851,-0.83845675;-1.8135338,0.034427103,-0.76633954;0.833428,-1.7512237,-0.26961532;-1.4455857,-0.16244255,1.8048893;-0.17795287,1.6510795,-1.2747501;-0.9400491,-0.42039964,1.6352825;1.6672504,0.63661605,-0.41462523;0.8028754,0.0913263,-0.7508551;-0.2053683,-1.48647,0.4199161;0.13915668,0.8832843,1.3565568;-0.50629526,1.5124104,-1.1935842;-0.39766276,1.7835016,-1.2868534;-0.110425815,-1.992404,-0.009093223;-0.009265968,-0.8697752,0.10606021;0.65337706,-1.6848016,-0.37593555;-0.11757933,0.77862924,1.4649574;-1.4688948,-0.14066994,1.8282462;0.10621465,0.5890221,1.4073217;-0.021963364,-0.0829009,0.8644538;1.6100258,1.2590716,-0.42419076;-2.2798107,0.23904407,-0.77284163;-0.09071471,1.2458646,-1.2174146;2.3337898,1.4257746,-1.8190126;-1.3794947,-0.081793286,-0.56811655;-0.37119967,1.5266935,-1.214215;1.5607986,0.4469195,-0.59547853;-0.53718275,-2.1124368,0.66006833;0.16792613,-0.7265136,0.22708282;-1.280961,-0.08896686,1.7647392;-0.85716563,0.09004681,1.0980614;-0.05836233,0.82680994,-1.0560436;0.8348642,-1.6776954,-0.44547194;2.1529748,1.3116269,-1.3886319;-0.29870886,-0.67303276,1.2279861;-0.60538673,-2.0165532,0.5362183;0.8805165,0.42944154,-0.35215124;-2.396701,0.18556915,-0.71713674;0.64906466,-1.8630717,-0.3341623;-0.08318402,-1.3556801,0.28524622;0.8559159,-0.3306871,-0.89991987;0.034526173,-0.8322946,0.09773037;-0.644468,-0.29380128,-0.6116075;0.48237073,-0.4985219,-0.5292285;-0.18309925,-1.9332514,0.20266472;-0.39510766,-0.7116323,1.3166442;0.04522274,-0.19754434,0.33277422;-1.5790609,-0.17271706,-0.54726607;0.25550687,0.6825395,-0.9367618;1.5042424,-0.063393235,-0.4002463;-1.5471548,-0.112869985,1.8685898;1.6075915,1.2457315,-0.44826913;-1.9280369,0.09927373,-0.70702195;-0.015374843,-1.7468944,0.45350552;0.7483774,0.17247428,0.8783729;0.53201497,-0.14838599,0.18565117;0.1538354,-1.6105518,0.11389003;0.13262665,-1.9791244,-0.014973616;0.6430418,0.3577209,1.1042234;-0.13038059,-1.7682353,0.3504528;0.40903366,-0.603294,0.436565;-0.61747265,-0.0679269,0.6656373;2.3236108,1.4195639,-1.801557;1.2088865,-0.37511736,-0.30948943;-0.60178643,-1.5775733,0.4506852;-0.2706747,-0.65730226,1.2022053;0.6878225,0.31457072,-1.042325;0.5610536,0.5413558,1.1241885;-0.7060249,0.40191084,1.9530776;-1.1501932,-0.23143902,1.4175907;0.5557268,0.2773388,0.00325745;-0.50740695,1.8339794,-1.161591;-0.9859287,-0.5373707,1.6891807;-0.1830162,0.890633,1.536253;-0.4655589,1.3473831,-1.1558063;0.2326794,-0.17596239,-0.4938623;-0.75400746,-0.6768324,1.4616042;-0.78192735,2.391013,-1.7158521;0.121126674,0.29596287,-0.76995635;-0.15477441,1.629441,-1.4175608;0.45752826,-0.6769367,0.22074193;1.5188589,-0.08485564,-0.37139368;-0.64567864,2.2944992,-1.6542001;-0.31058934,-1.8417796,0.2234364;-0.85253596,-0.41241577,1.8186283;-0.26452044,-0.10000431,0.3996325;-0.087462,-1.4228413,0.16282828;-0.7276991,2.2959335,-1.6401439;-0.14046939,0.28026927,1.5303159;-0.8712158,-0.78706396,1.5592103;-0.87394834,-0.47956708,1.7266799;-1.555743,-0.14540078,-0.6252672;-0.32255724,1.9121819,-1.4003069;-0.304639,-0.36029342,-0.47205517;0.75216675,-0.51485395,-0.5588588;-1.3442138,-0.19840272,1.507533;0.40279076,-1.5510843,-0.0745641;-0.6158759,-2.169869,0.6645482;1.5659153,0.12022434,-0.3303144;-0.23448594,0.16330533,1.5339676;-0.4214021,-1.6164788,0.37148684;-1.5267464,-0.15915689,-0.5544537;-1.0288078,-0.6052216,1.630806;0.06025246,-0.36322895,-0.80234563;-0.41909227,-1.4450793,0.43953443;0.26730332,-1.0957217,0.26267248;1.4581733,-0.046187278,-0.15230599;-0.3375837,1.2298839,-1.180516;0.56388897,-1.6899402,-0.35814536;0.26807714,0.6491492,-0.80128825;-1.5851831,-0.20031203,-0.5585746;0.15956828,-1.5936801,0.32408813;2.0243366,1.3432312,-1.442799;1.4316618,0.035091236,-0.4378399;-0.14339146,-0.1187039,-0.34353653;-0.025820376,-1.7443124,0.38249448;-0.3817697,-0.3339541,0.31350726;-0.8053989,-2.1336932,0.69430345;0.01606731,-0.8353349,0.11542139;0.7550513,-0.610221,-0.49874926;0.39891276,-0.38055924,-0.57748884;-0.44533318,0.22473906,1.1074181;2.016009,1.3738537,-1.2803881;-0.12132272,-1.9883384,0.13205123;-0.75399417,-0.09982439,0.9762824;0.2864845,-1.1392206,0.26016742;1.3940742,-0.6251292,-0.31020245;-1.6329201,-0.050087176,1.9309798;-0.43581563,-0.20816472,0.4757736;-0.5906625,1.7981765,-1.0395205;0.5435002,0.09899494,-0.7738413;0.9224586,-1.6037668,-0.35013333;-0.39782757,-2.0806375,0.63941723;0.58881605,0.3945033,-1.068798;-0.6872361,-0.25924683,0.9353944;0.1464861,-1.581567,0.06956398;1.2219262,-0.87042576,-0.4192432;0.058859274,0.7039473,1.2742912;-0.83351105,-0.375839,1.4962425;0.23410584,0.83394754,1.382303;-0.51227987,1.6079087,-1.2299024;2.3185205,1.3228407,-1.7502826;2.3048115,1.4672388,-1.8003529;-0.68382233,0.51832443,1.9207321;0.5078696,-0.1321593,0.25991255;0.5474821,0.12434282,-0.033753015;0.6419614,-1.6831537,-0.38116497;0.061464112,-2.0031989,0.03399237;0.6383913,-1.856923,-0.37305957;-0.10113914,-0.39474726,-0.84456295;-2.344035,-0.036226712,-0.7562489;0.51468843,0.590687,1.123149;-0.5528128,2.20743,-1.5877334;-0.56214106,-0.3140563,-0.60167336;-1.0318077,-0.17938428,1.07734;-0.6598507,-0.10746908,0.7683901;1.0065473,-1.005158,-0.394461;-2.1531065,0.023256755,-0.67976373;-0.21366006,-0.17200533,-0.2129993;1.0623066,-0.11148748,-0.42216942;0.14962333,0.06708007,-0.65138465;2.0182188,1.2752261,-1.3048846;-0.68247205,0.47268516,1.9298579;-0.62446827,-0.25573352,-0.6238576;-0.053164918,-0.603812,1.2170324;0.4279183,-0.1506826,-0.84060365;-0.1603564,0.040431995,1.0286776;-0.40502042,1.6966214,-1.2005405;-0.5500362,0.54460377,1.7609376;0.07936392,-0.6566677,0.23954967;-0.2724432,-0.18962729,-0.7884388;1.5628295,1.2013391,-0.8497672;0.21068814,-1.0234879,0.1375881;1.6310278,0.73073274,-0.3854853;1.3257662,-0.35693383,-0.35607928;0.7655938,-1.7956278,-0.21492757;0.34479246,-0.7544454,0.115703255;2.0243366,1.3432312,-1.442799;0.018859174,-2.0913014,0.0470922;0.9663007,-1.1235685,-0.35437375;-1.2202891,-0.1467391,-0.42211682;-0.6120007,2.3955445,-1.1791579;0.0388857,1.016383,-1.1527271;0.03544685,0.49184808,-0.9588648;-0.7434795,-0.17426918,-0.51099163;0.024025602,-0.24512346,0.73319304;1.6171899,0.76524633,-0.5223215;0.5251707,0.46593007,-1.069208;0.41923785,-0.16358036,-0.8444502;0.17706306,-1.8570586,-0.21851195;-0.21487595,0.1940487,1.1080576;0.6045159,-0.010813923,-0.86761606;0.17303006,0.8713744,-1.1229385;-0.9296023,-0.65139216,1.6428019;-0.25058886,0.7958979,1.5689332;-0.70363706,-0.1473582,-0.56830466;0.7367804,-0.35628104,-0.7541551;1.6713694,1.1108843,-1.0076447;-0.13122283,1.359507,-1.2815716;-1.6513821,-0.20691545,-0.6273623;-1.5967412,-0.14729173,-0.6283119;-0.37136796,1.6957492,-1.2063439;2.2306972,1.4093482,-1.6562829;-1.0532572,-0.16799387,-0.5411943;-0.0772361,-0.2865799,-0.70656115;-0.5796583,2.379013,-1.2662402;-1.8892024,-0.066444404,-0.55440986;-0.6702933,-0.32903495,-0.581353;0.6335921,-0.5238865,-0.6028467;0.07076617,0.7927046,-1.0556141;-0.55941874,-1.9215693,0.7589044;0.14312825,-1.2501414,0.32826334;1.6719497,0.5871701,-0.43970996;0.6022063,-0.15210137,0.3907878;0.64594907,0.39506155,1.023809;-0.5325302,0.1030896,1.101969;0.22295699,-0.15412231,-0.47698176;0.10321594,-2.02698,0.013121461;-0.22172906,-1.117752,0.27270347;-0.5506219,0.41785082,1.882246;1.3744327,-0.25605568,-0.41837537;-0.5470646,-0.017563175,-0.29203;2.0318763,1.3177273,-1.3821831;0.18804294,0.81230795,1.4141963;-1.2258923,-0.41284105,1.7937533;-0.29631862,0.004317559,-0.02686607;1.390364,-0.5906309,-0.2610034;-1.7464347,-0.074487,-0.5975308;-0.17669868,-0.178362,-0.2165143;-2.3466942,0.037828658,-0.55554044;-0.3231147,0.7059602,1.5767107;1.1461649,0.3497202,-0.32664052;-0.597281,2.0827315,-1.4526514;1.8231219,1.2030385,-1.0588235;0.3350772,0.04564649,0.17794015;1.6065598,0.018579643,-0.52703637;-0.70415306,-0.7337574,1.5320356;-0.29712117,1.9235829,-1.4424968;1.9979613,1.3106201,-1.2973703;1.0638832,0.12333185,-0.5143459;-0.6801233,0.49285433,2.0003793;0.20013449,0.66543156,-1.1148072;-0.22022374,1.8707198,-1.4470601;0.09939048,0.37624133,-0.9014005;0.49340582,-0.32612473,-0.0762875;-1.8168633,0.117836565,-0.7027943;0.13136825,-0.8507587,0.30257022;-1.2940348,-0.18894412,1.784625;-0.05724033,-0.19835797,0.41832262;2.1384175,1.3475963,-1.3779576;0.91792405,0.40636724,-0.3783787;0.78801554,0.13980569,0.84011894;-1.5384634,-0.0761959,1.874187;0.5125794,-0.37242562,-0.36519343;1.266113,0.24892965,-0.350206;1.1847475,-0.43624172,-0.28862163;-0.69623405,-0.06476598,0.6552047;-0.30684307,1.8734021,-1.3953341;-0.15011023,1.4460835,-1.288087;-0.47753903,-0.35816032,-0.6477871;-1.5159739,-0.111028075,-0.5874864;-0.66308194,-1.2575384,0.72949576;-0.5542252,2.3092017,-1.6497056;-0.19055595,-0.6564868,1.1853595;0.2568368,0.9610888,1.54816;-0.19467159,-0.12806611,-0.28926408;-0.06065445,0.08557447,0.6508931;-0.3887775,1.8914236,-1.1888391;-0.72359776,-0.58997756,1.5564626;-0.55529386,-1.3749515,0.5283723;-0.6983596,0.69340086,1.756609;-0.13632901,0.29584104,0.8697715;0.13263597,0.8698397,-1.1227987;-0.3312905,-0.15205519,0.9984919;2.3157966,1.425774,-1.7904912;0.3156328,0.6651793,-0.9408298;1.616551,1.1773813,-0.5895374;-0.45062366,-2.0343692,0.6196617;0.435027,-0.74208117,0.14727743;-0.22248851,-0.04446919,0.42066577;-0.08302963,0.90786517,1.5321636;0.3340269,-0.7062526,0.12826122;-1.1520752,-0.52532434,1.7600824;1.6861879,0.7919716,-0.51100284;1.7896351,1.1373601,-0.97327614;1.1120743,0.26333117,-0.41695198;-0.6096932,0.085710034,-0.42057437;-0.4798022,2.1125288,-1.5195332;-0.040873293,0.33127964,-0.82592845;0.39727035,-0.27013397,-0.5587551;0.7882526,-0.22276221,0.19105482;1.7979064,0.86047673,-1.1226647;-0.3888992,-1.8961616,0.5206049;2.1682787,1.3300728,-1.4058877;-1.1515999,-0.5819622,1.6819309;-0.7955324,0.52550584,1.8916956;-1.3510725,-0.105069645,-0.64978874;0.54654306,0.53018653,1.2881027;-0.0095650125,-0.32904536,0.6771483;-0.77251124,-0.8243975,1.4971946;0.11460068,-1.6402979,0.15842186;-0.14722128,-1.0119478,0.19122231;-0.1516135,1.6675832,-1.2075751;-0.42041796,0.0135732535,0.23246981;-0.62237716,0.6129891,1.8620625;0.99744284,-0.27755144,-0.40408882;1.6161448,1.0250404,-0.9381015;-0.45338365,0.49832526,1.7881753;-0.059181515,-1.6871495,0.4297258;1.59751,-0.020481352,-0.47361165;1.1666626,-0.106772944,-0.73321736;-1.1275119,-0.15401831,1.1673964;-0.6340471,-0.19506797,-0.6717614;1.0691074,-0.209411,-0.46267706;-0.46145928,-0.2083232,-0.62853044;-0.515462,-0.72805136,1.3857312;-0.25402403,-1.9008739,0.57979286;1.4966474,0.047280237,-0.24689084;-0.57856673,-2.045302,0.7186817;0.20378879,0.8511272,1.3834603;-0.4183157,0.48201486,1.59412;0.81476736,-0.4389495,-0.45049858;-1.869226,0.04271587,-0.6568458;1.8747411,1.1613302,-1.0771627;1.2908808,0.018963167,-0.58172846;1.2376184,-0.37632412,-0.31283662;-0.0044031837,0.50065345,1.0003196;-0.5206059,-2.1164908,0.6214279;0.591751,0.46314117,1.2078745;-0.029565187,0.16175023,0.83412147;1.5661647,0.57378334,-0.3507317;0.0143279815,-0.16800271,0.20814164;-0.34684408,0.5081674,1.7170513;-0.10897038,0.11553779,0.602569;-1.0276493,-0.15886721,1.0802554;1.2093208,-0.6150251,-0.15853693;0.012400701,0.50462794,-0.89439154;-0.7381632,2.4373722,-1.6851943;0.6359125,0.13082866,-0.6132052;1.3288808,-0.42996156,-0.46716368;-0.28207916,0.19643867,1.0936141;-0.5541061,1.9602206,-1.2093319;-0.6741565,0.55144536,1.8767784;-0.8099955,0.49239066,1.8186889;1.0092157,-0.2592741,0.033267476;-0.31108856,0.24503379,1.6563162;1.0770787,-0.7499464,-0.16486408;-1.3676735,-0.0764362,1.7044635;1.5431117,0.013256264,-0.39067978;-0.16632243,0.48594558,1.6326816;-0.113976,-1.2562226,0.22503604;-0.42980108,0.5300407,1.6744739;-0.48763987,1.8331169,-1.2707018;-0.18090224,-2.0295832,0.120760515;-0.53127164,-1.3807126,0.39012858;0.013154158,-0.60224813,1.0849406;0.06740135,-0.68216234,0.30224815;-0.53374255,2.1371238,-1.5200094;0.13031957,0.030767698,-0.62352073;0.05774092,-0.5375933,0.19338717;-1.0392047,-0.6802548,1.7743042;-0.3670123,-0.5692326,1.1151625;0.5612895,0.49053952,1.2433593;0.6384,0.38965014,1.0928866;-1.2498283,-0.11311796,-0.580425;-0.12877406,0.7706169,-0.9948526;-0.049471676,0.055935588,0.6565991;-0.57682246,2.1685166,-1.5771322;0.08950153,0.17470874,-0.74768794;1.6573621,1.0806385,-0.58351296;0.023500051,-0.6673025,0.97146934;0.8992256,-0.39983448,-0.7733891;0.09990942,0.80371827,1.3424269;1.5958568,0.003789255,-0.47233072;-0.43427134,-2.0320594,0.38171628;1.4901328,-0.045882173,-0.30139148;-1.9804484,-0.062295925,-0.5791167;-0.4323708,2.0458345,-1.4850576;1.6472856,0.8804278,-0.91961586;0.6051468,-0.14543413,-0.94141847;-0.2963225,-0.15446785,-0.8013232;0.23589008,-1.9287431,-0.03515934;1.9958299,1.3246891,-1.3128195;1.3922917,0.3267015,-0.38952452;1.4498448,-0.36391523,-0.3782688;-0.9813684,0.34478563,1.9236857;0.7670035,-0.18201332,0.35605818;-0.48496822,2.0918465,-1.4891293;-0.16546239,0.7178424,-0.96469015;0.8714917,-0.3041655,-0.15359743;-2.020459,0.23535736,-0.7504154;-0.3269909,-0.09411252,-0.2985159;-0.45132092,-2.111879,0.64578843;-0.39163575,-1.9609299,0.53874505;0.70010644,-0.067249805,-0.8349903;0.6407669,0.16033547,-0.57105637;-0.1397428,-0.1302545,-0.12353872;-0.6855684,-2.0339398,0.66927797;-0.03214531,-0.6361604,1.0508211;1.1975781,0.350414,-0.15854628;0.6223291,-1.6326108,-0.34220827;0.0356355,-1.189949,0.2544235;0.62550277,-1.7873063,-0.33364594;-0.4381113,-1.3896582,0.42960644;0.50763196,-1.9243883,-0.13687731;-1.4160762,-0.1251851,-0.6597316;0.08879931,0.8520394,1.4335266;1.6982515,1.0678794,-0.9121877;0.5506762,0.43027,-1.0614079;-0.079050064,0.8425857,1.5963106;-0.5281168,-0.03207662,-0.50528234;-1.33782,-0.09965648,1.7994741;-0.6312152,2.430562,-1.5652928;0.58268857,-1.8057696,-0.06718697;-0.16036735,-1.0241318,0.22881623;0.17174587,-0.3711827,-0.7711675;-1.3221344,-0.40934357,1.8812506;-0.3785491,-1.9659822,0.58226;-0.7617587,2.3706567,-1.6936097;-1.1038752,-0.50309414,1.7709438;-0.5178111,0.05160912,0.8067755;-0.06525235,-0.1060695,0.3146629;-0.19899498,1.7051386,-1.3804337;0.5296025,-0.024657605,-0.8685154;0.017297141,-0.31419656,-0.7551332;-0.2889221,0.005214339,-0.29837337;0.57759076,0.024264175,0.79624295;0.16248737,-2.0044973,-0.02414523;-1.1301885,-0.22992486,1.3265295;-0.8190198,0.26874474,1.5789038;0.7713648,-0.58811253,-0.44072512;-0.34700832,-0.088461556,0.4000839;0.49235246,-1.9156455,-0.33295733;-0.08352111,-1.7884274,0.4114149;-0.7523315,-0.8832699,1.4920125;-0.07158366,-0.17013043,0.35750055;1.3603274,-0.60190403,-0.15924828;-0.087083116,1.2386961,-1.2147747;0.06467723,0.9185744,1.3384346;-0.55491453,1.866693,-1.3605943;-0.7347486,-0.3314986,1.526615;-0.699799,0.21008553,1.4890754;-0.016443344,0.91611505,1.4652576;0.35071576,0.62445897,-0.97462595;-0.7197282,-0.5018103,1.619843;0.073875554,-0.062352456,-0.5884242;0.101064466,-0.033433735,0.6192993;1.687399,1.1794964,-0.434277;0.73395663,-0.19492641,0.113334276;-0.18887436,1.5394454,-1.2895856;0.6026945,-0.48748136,-0.5663768;-0.63424397,0.2812452,0.13185048;-0.18493709,1.8136253,-1.446211;-2.3794587,0.09138777,-0.743546;-0.043158904,-0.29441306,-0.65047264;0.56113845,-0.15575632,0.061386064;0.6860536,0.25576293,0.96402544;-0.6676393,-1.9838729,0.6893008;-0.24550188,-1.9228256,0.4972626;0.09038133,-0.12912276,0.8771199;1.1221223,-0.79194725,-0.25725847;-0.39530456,2.0431795,-1.4207323;-2.120489,0.12589663,-0.7618569;-0.5764067,-0.43077126,1.4568992;-0.30248272,1.3970563,-1.2011831;0.5830911,0.07864317,-0.6635207;-0.5640756,-1.5935413,0.45253682;1.5348041,-0.039550845,-0.38921365;-1.0448406,-0.1888962,1.0898125;-1.2071944,-0.1731771,1.4517152;-2.2576544,0.3525303,-0.7472191;-0.12878384,-1.7992941,0.35081995;1.5720606,0.75344133,-0.61779994;1.3268939,-0.46912006,0.032746453;-2.3440423,0.28308183,-0.536135;0.30987757,0.6557708,1.0514425;2.246096,1.4151449,-1.6685741;-0.3806222,0.48396283,1.7216219;-0.65865636,0.36721566,1.9329071;-0.4331998,-1.5276862,0.47319204;0.077644415,0.74710965,1.3120692;-0.8495746,-0.24417081,-0.36396196;-1.0432174,-0.5779748,1.7107403;-0.60498095,-0.082852155,0.82585526;0.063317105,0.076519854,-0.35123807;0.3445303,-0.75844395,0.35990322;1.1164929,-0.95219153,-0.36217788;0.19578078,-2.0129058,-0.041575786;0.43486586,0.4938705,1.5790912;-0.2466531,0.32712296,1.1431897;-0.91337585,-0.16254817,-0.5010368;-0.51372796,-0.111191474,1.2148747;0.0047699753,0.8621763,1.4968114;1.9436307,1.2444967,-1.2150911;1.5398769,0.9391346,-0.63521934;0.009526674,-0.34838372,-0.78831047;0.3033538,-1.6574379,-0.08522881;-1.5072805,-0.091054924,1.8552836;-2.288104,0.35315788,-0.7484993;-0.17017858,0.013665754,-0.44450915;-0.255222,-0.31184563,-0.3469398;-0.46215555,0.1949342,1.1133467;-0.36049405,0.5030622,1.729153;-1.1679977,-0.12149995,-0.5327991;0.08414306,0.4873317,-0.95307004;-0.17703484,-0.30756423,-0.81298816;0.71029896,-1.6815478,-0.2291864;-0.8555683,-0.59967476,1.6229403;1.370939,-0.35576403,-0.36582774;1.47325,-0.36406195,-0.3367802;0.09571745,-1.5635401,0.33843857;-0.14963157,0.80181724,-1.0068629;0.30728516,0.68189734,-1.0140185;2.3330793,1.4644853,-1.8353832;1.3211148,-0.7545488,-0.4165716;-0.33306515,-0.6813077,1.2553531;0.8344997,-0.39402506,-0.2694821;1.6227928,1.1297399,-0.8518764;-1.4874032,-0.06607612,-0.51052374;1.7934376,0.9558738,-0.99119186;-0.465548,-0.7250604,1.3406788;0.579549,0.24822137,-0.017312929;-0.66618204,-1.9623331,0.70469123;-0.40922284,0.55796504,1.6858449;1.3491784,-0.4402834,-0.0043504676;-0.21605827,-1.4028577,0.15136777;-0.7934291,-0.6068962,1.6022476;-0.7826217,-0.22300822,-0.5649043;1.6140792,0.67454755,-0.67553407;1.2307519,-0.86308277,-0.41164985;-0.6439027,0.40223712,1.82982;0.12853959,0.89122117,-1.0620227;0.06986246,0.98689485,-1.1457158;0.87170607,-0.36258724,-0.6219573;-0.2954364,0.029609216,1.3329453;2.0921643,1.3841909,-1.4869363;2.2609663,1.4873459,-1.7791528;-0.6346618,2.4321928,-1.5871094;-2.5758667,0.20558909,-0.8277148;-0.3301369,1.2463409,-1.1769536;0.34586355,0.0057702092,0.13685492;0.06869622,0.1927227,-0.8017427;-2.3472404,0.19345537,-0.77838707;-1.0871199,-0.23869656,1.2952986;-0.3464655,0.34564793,1.6290404;1.6502033,1.2169447,-0.9243363;0.5738186,0.30214643,-0.0331903
