data_set
babi-q1
num_classes
6
data_points
1000
model
saved_models/babi-q1-e0170.ckpt
color_schema
#4E79A7,#F28E2B,#E15759,#76B7B2,#59A14F,#EDC948,#B07AA1,#FF9DA7,#9C755F,#BAB0AC
test_accuracy
0.902
test_loss
0.3610451405346394
train_accuracy
0.96675
train_loss
0.10134753074124456
val_accuracy
0.919
val_loss
0.2973805815577507
labels
12,9,15,12,15,12,11,12,17,17,15,11,17,10,10,15,11,15,17,15,12,17,17,12,10,10,10,15,15,15,12,17,15,15,9,17,9,11,15,10,9,11,9,12,11,15,12,9,17,10,10,17,11,11,15,10,15,12,11,12,12,17,9,11,11,15,15,9,17,17,11,12,11,10,9,15,15,15,12,17,11,9,10,11,17,11,11,12,15,15,9,9,12,9,9,15,15,15,10,10,10,9,17,11,11,12,10,9,17,10,9,9,15,12,15,11,17,15,9,17,10,9,10,12,10,17,11,11,11,9,11,12,9,11,15,9,17,15,9,9,17,12,12,17,10,15,15,15,15,15,11,11,9,17,10,9,11,10,17,12,10,10,10,11,9,11,11,11,15,10,17,17,11,9,9,17,15,10,17,17,12,12,12,12,10,9,17,11,15,17,12,15,11,12,12,11,17,15,9,10,12,17,17,10,12,9,15,12,9,12,9,10,12,10,9,10,9,12,12,9,9,12,15,12,10,17,12,11,9,9,17,11,12,17,12,10,10,10,10,17,12,15,11,11,15,15,11,11,11,11,10,17,9,9,10,10,17,17,15,11,11,17,12,17,17,9,11,10,9,10,15,17,17,15,9,17,15,12,17,9,9,11,17,17,11,17,9,17,11,9,15,15,10,15,15,11,11,12,12,9,9,9,9,17,12,11,9,17,17,15,11,11,17,10,11,17,10,17,17,11,11,15,15,11,11,9,10,11,11,10,15,17,15,10,10,17,12,17,12,12,12,11,17,15,11,17,12,12,15,15,10,11,11,10,10,9,17,12,11,12,11,9,11,11,11,11,11,12,12,12,12,12,11,11,17,10,15,9,9,10,9,10,10,17,17,15,17,17,17,15,15,12,9,10,17,17,10,17,9,11,10,11,10,15,17,15,12,10,11,15,10,11,9,12,17,10,10,15,12,9,12,12,9,12,10,15,15,17,10,10,17,15,15,15,17,11,15,9,10,11,10,12,9,11,10,11,10,12,11,15,15,15,15,11,9,15,10,12,11,12,9,11,10,17,11,11,10,10,10,17,12,17,17,9,15,11,9,15,11,9,10,10,12,12,11,10,9,12,10,9,15,10,10,11,11,15,15,10,12,12,15,11,9,12,9,15,10,17,17,10,10,17,10,10,17,9,9,10,12,11,17,17,12,12,11,12,17,11,11,12,11,11,11,17,9,11,10,12,12,10,11,17,12,12,15,11,15,15,12,10,10,9,17,10,15,12,15,10,10,10,11,10,11,15,10,9,9,15,10,10,10,10,15,15,17,9,10,12,10,10,12,12,11,15,10,10,11,12,10,10,17,12,17,11,9,9,17,17,11,10,10,10,15,15,17,11,15,12,11,10,15,17,9,11,9,17,15,12,15,17,11,17,17,15,9,10,9,9,10,10,9,10,10,15,11,11,11,15,12,9,11,11,10,17,11,11,12,17,15,15,9,11,15,15,11,9,15,15,11,15,15,15,11,10,10,9,17,17,17,17,10,10,17,9,15,9,17,12,12,12,15,15,15,17,9,11,9,17,9,12,11,9,9,17,11,11,11,10,15,10,12,12,9,9,17,12,12,9,17,12,11,11,15,15,12,11,12,17,12,17,11,12,11,17,17,11,17,9,11,9,10,10,12,17,10,12,9,9,9,15,11,11,15,17,9,10,9,12,17,15,17,17,12,10,12,11,11,17,15,9,17,10,9,11,12,15,9,15,12,10,9,10,17,17,15,15,9,9,9,17,10,17,17,9,12,17,17,12,12,11,11,11,11,17,11,17,17,17,17,17,12,9,17,10,17,11,10,10,12,12,11,11,17,12,12,17,17,15,11,17,11,11,9,12,9,17,9,10,9,15,11,9,11,15,10,9,9,9,17,12,11,11,17,15,15,10,10,11,11,17,10,12,9,10,10,10,10,10,15,17,9,11,17,15,12,11,10,10,15,12,10,11,12,12,11,11,11,15,12,17,10,12,17,17,12,10,10,12,17,10,11,17,11,12,17,17,11,12,11,17,9,9,11,17,11,11,15,15,17,17,10,10,17,12,11,15,12,11,11,10,9,12,12,15,10,9,17,15,17,9,17,17,10,17,15,12,12,11,10,10,10,17,17,15,12,17,9,9,15,10,12,15,15,15,17,17,15,11,15,10,12,9,9,10,11,11,9,9,12,15,9,15,9,12,12,10,17,17,10,12,15,9,10,17,11,11,11,17,9,9,11,15,11,11,11,15,12,17,9,10
pred_labels
12,9,15,12,15,12,11,12,17,17,15,11,17,10,10,15,11,15,12,12,12,17,17,12,10,10,10,15,12,17,12,17,15,15,9,17,9,11,15,10,9,11,11,12,11,15,12,9,17,10,10,17,11,11,11,10,15,12,12,12,12,17,9,11,11,15,15,9,17,17,11,12,11,10,9,15,11,15,12,17,11,9,10,15,17,11,11,12,15,15,9,9,12,9,9,15,15,15,10,10,10,9,17,11,11,12,10,9,17,10,9,9,15,12,15,11,12,15,9,17,10,9,9,12,10,17,11,12,11,9,11,10,9,11,15,9,17,15,9,11,17,12,17,17,10,15,15,15,15,11,11,11,9,17,10,9,11,10,17,12,10,10,10,11,9,11,11,11,15,10,17,17,11,9,9,17,15,10,17,17,12,12,12,12,10,9,17,11,15,17,12,15,11,12,11,11,17,11,9,10,12,17,12,10,12,9,15,12,9,9,9,10,12,10,11,10,9,12,12,11,9,12,15,11,10,17,17,11,9,9,17,11,12,17,12,10,10,12,10,10,12,15,11,11,15,15,11,11,17,11,10,17,9,9,10,10,17,17,15,11,11,17,12,17,17,9,11,10,9,10,15,17,12,15,15,17,15,12,17,9,9,11,17,12,11,17,9,9,11,9,15,15,10,15,15,11,11,12,12,9,9,11,11,17,17,11,9,17,9,15,11,11,17,10,12,17,10,17,15,11,11,15,15,11,17,9,10,11,11,10,15,17,15,10,10,17,12,15,12,11,12,11,17,15,11,17,17,12,10,15,10,11,11,10,10,9,17,12,11,12,11,9,11,11,11,11,11,12,12,12,12,12,11,11,17,10,15,9,11,10,9,10,10,17,17,15,17,17,10,15,15,12,9,10,17,17,10,17,9,11,10,11,10,15,17,15,12,12,11,15,10,11,9,12,17,10,10,15,12,9,12,12,9,12,10,15,15,17,10,10,17,15,15,11,17,11,12,9,11,11,10,12,9,11,10,11,10,12,11,15,15,15,15,11,9,15,10,12,11,12,9,11,10,17,11,11,10,10,10,17,12,17,17,9,15,11,9,15,11,9,10,10,12,12,11,10,9,12,10,9,15,10,10,11,10,15,15,10,12,12,15,11,9,12,9,15,10,17,12,10,10,17,10,10,12,9,9,10,12,11,17,17,12,12,11,12,17,11,11,12,11,11,11,12,9,11,10,12,12,10,11,17,12,12,15,11,15,15,12,10,10,9,17,10,15,12,15,10,10,9,11,10,11,15,10,9,9,15,10,12,10,10,15,15,17,9,10,12,10,9,12,12,11,11,10,10,11,12,10,10,17,12,17,11,9,9,17,17,12,10,10,10,15,15,17,11,15,12,12,10,15,17,9,11,9,17,15,12,11,17,11,17,10,15,9,10,9,11,10,10,9,10,10,15,11,11,11,15,17,9,11,10,10,17,11,11,12,17,15,11,9,11,15,15,11,9,15,15,11,15,15,12,11,10,10,9,17,17,17,15,10,10,17,9,15,9,17,12,12,9,15,15,15,17,9,11,9,17,9,12,11,9,11,17,11,11,11,11,15,10,12,12,9,9,17,12,12,9,12,12,11,11,15,15,12,11,12,17,15,17,11,12,12,17,17,11,12,9,11,9,10,10,12,17,12,12,9,9,9,11,11,11,11,17,9,10,9,12,17,15,17,17,12,10,10,11,11,17,11,9,17,10,9,11,12,15,9,15,12,10,9,10,17,17,11,15,9,9,9,17,10,17,17,9,12,17,17,12,12,11,11,11,9,17,11,17,17,9,17,17,12,9,17,10,17,11,10,10,12,17,11,11,12,12,12,17,17,15,11,17,11,11,9,12,11,17,9,10,9,15,11,9,11,15,10,9,9,9,17,17,11,11,17,15,15,10,10,11,11,15,10,12,9,10,10,10,10,10,15,17,9,11,17,15,12,11,10,10,15,12,10,11,12,12,12,11,11,15,15,17,10,12,17,15,12,10,10,12,12,12,11,17,11,12,17,17,11,12,11,17,9,9,11,15,11,11,15,15,12,17,10,10,17,10,11,15,12,11,11,10,9,12,12,15,10,9,17,15,17,9,17,17,10,17,15,12,12,11,10,10,10,17,17,15,12,17,9,9,15,10,12,15,15,15,17,17,15,11,15,10,12,9,9,10,11,11,9,9,12,12,9,15,9,12,12,10,17,9,10,12,15,9,10,17,11,11,11,17,9,9,11,15,11,12,11,15,12,17,9,9
pred_correctness
True,True,True,True,True,True,True,True,True,True,True,True,True,True,True,True,True,True,False,False,True,True,True,True,True,True,True,True,False,False,True,True,True,True,True,True,True,True,True,True,True,True,False,True,True,True,True,True,True,True,True,True,True,True,False,True,True,True,False,True,True,True,True,True,True,True,True,True,True,True,True,True,True,True,True,True,False,True,True,True,True,True,True,False,True,True,True,True,True,True,True,True,True,True,True,True,True,True,True,True,True,True,True,True,True,True,True,True,True,True,True,True,True,True,True,True,False,True,True,True,True,True,False,True,True,True,True,False,True,True,True,False,True,True,True,True,True,True,True,False,True,True,False,True,True,True,True,True,True,False,True,True,True,True,True,True,True,True,True,True,True,True,True,True,True,True,True,True,True,True,True,True,True,True,True,True,True,True,True,True,True,True,True,True,True,True,True,True,True,True,True,True,True,True,False,True,True,False,True,True,True,True,False,True,True,True,True,True,True,False,True,True,True,True,False,True,True,True,True,False,True,True,True,False,True,True,False,True,True,True,True,True,True,True,True,True,True,False,True,False,True,True,True,True,True,True,True,True,False,True,True,True,True,True,True,True,True,True,True,True,True,True,True,True,True,True,True,True,True,True,True,True,False,True,False,True,True,True,True,True,True,True,True,False,True,True,True,False,True,True,True,True,True,True,True,True,True,True,True,True,True,False,False,True,False,True,True,True,False,True,True,True,True,True,False,True,True,True,False,True,True,True,True,True,False,True,True,True,True,True,True,True,True,True,True,True,True,False,True,False,True,True,True,True,True,True,False,True,False,True,True,True,True,True,True,True,True,True,True,True,True,True,True,True,True,True,True,True,True,True,True,True,True,True,True,True,True,True,False,True,True,True,True,True,True,True,True,True,False,True,True,True,True,True,True,True,True,True,True,True,True,True,True,True,True,True,True,False,True,True,True,True,True,True,True,True,True,True,True,True,True,True,True,True,True,True,True,True,True,True,True,True,True,False,True,True,False,True,False,True,True,True,True,True,True,True,True,True,True,True,True,True,True,True,True,True,True,True,True,True,True,True,True,True,True,True,True,True,True,True,True,True,True,True,True,True,True,True,True,True,True,True,True,True,True,True,True,True,True,True,True,True,True,True,False,True,True,True,True,True,True,True,True,True,True,True,True,True,False,True,True,True,True,True,False,True,True,True,True,True,True,True,True,True,True,True,True,True,True,True,True,True,True,False,True,True,True,True,True,True,True,True,True,True,True,True,True,True,True,True,True,True,True,True,True,True,True,True,True,False,True,True,True,True,True,True,True,True,True,False,True,True,True,True,True,True,True,True,True,False,True,True,True,False,True,True,True,True,True,True,True,True,True,True,True,True,True,True,False,True,True,True,True,True,True,True,True,True,False,True,True,True,True,True,True,True,True,True,False,True,True,True,False,True,True,True,True,False,True,True,True,True,True,True,True,True,True,True,False,True,True,False,True,True,True,True,True,True,True,False,True,True,True,True,True,True,True,True,True,True,True,False,True,True,True,True,True,True,True,False,True,True,True,True,True,True,True,True,True,False,True,True,True,True,True,True,True,True,True,True,True,True,False,True,True,True,True,False,True,True,True,True,True,True,True,True,True,True,False,True,True,True,True,True,True,True,True,True,False,True,True,True,False,True,True,True,False,True,True,True,True,True,True,True,False,True,True,True,True,False,True,True,False,True,True,True,True,True,True,True,True,True,True,True,False,True,True,True,False,True,True,True,True,True,True,True,True,True,True,True,True,True,True,True,False,True,True,True,True,True,True,True,True,True,True,True,True,True,True,True,True,True,False,True,True,True,True,False,True,True,True,True,True,True,True,True,True,True,True,False,True,True,False,True,True,True,True,True,True,True,True,True,True,True,False,True,True,True,True,True,True,True,True,True,True,True,True,True,True,False,True,True,True,True,True,True,True,True,True,False,True,True,True,True,True,True,True,True,True,True,True,True,True,True,True,True,True,True,True,True,True,True,True,True,False,True,True,True,False,True,True,True,True,False,True,True,True,True,False,False,True,True,True,True,True,True,True,True,True,True,True,True,True,False,True,True,True,True,False,True,True,True,True,False,True,True,True,True,True,True,True,True,True,True,True,True,True,True,True,True,True,True,True,True,True,True,True,True,True,True,True,True,True,True,True,True,True,True,True,True,True,True,True,True,True,True,True,True,True,True,True,True,True,True,True,True,True,True,True,False,True,True,True,True,True,True,True,False,True,True,True,True,True,True,True,True,True,True,True,True,True,True,True,False,True,True,True,True,True,False
p2d-kl
0.5033661127090454
p2d-iter
599
p2d
-2.0928419,0.802058;1.1595718,-0.6830817;-0.1280095,-1.9404873;-2.0319438,0.76192045;-0.05318387,-2.136538;-1.8285927,0.483618;-0.66560656,-1.0729847;-1.1783594,0.25965622;0.38379967,-0.0678137;0.5872861,0.059817072;0.036266167,-2.1405835;-0.11134715,-0.67669624;-0.7571485,0.6921935;0.6820522,1.1712486;0.624862,-0.283141;-0.12410177,-2.000973;-0.6639989,-1.0024555;0.16090672,-2.4095592;0.34228373,-0.07679546;0.27330115,0.15462989;-1.8167262,0.49732366;-0.6159504,1.4151804;-0.90380275,0.7611793;0.62280214,0.016537635;0.53090495,0.30997968;0.6850865,1.4259244;0.6874879,1.5057862;0.045434855,-2.3288777;-0.7530911,0.4150005;0.4068749,0.058413766;-1.801848,0.61710393;-0.8240975,1.3748877;0.08061143,-2.2667162;0.16139738,-2.3894186;2.0945134,-1.0012373;-0.5624973,1.3552989;1.311671,-0.5143152;0.08851783,-0.6583723;-0.81477755,0.35077527;0.32394686,0.6502536;2.083916,-0.8710594;-0.2153978,-0.7007213;0.5268366,-0.29115692;-0.79902804,0.46863657;-0.471819,-0.9201027;-0.39225522,-0.14352067;-0.50771576,0.4248078;2.0704257,-0.9707789;-0.64565516,1.4730452;1.3843491,0.8226956;1.2433218,1.0169977;-0.7188141,1.2568344;-8.361172e-05,-0.6832972;0.4891629,-0.17312296;0.44576338,-0.23378572;0.68052864,1.478721;-0.4899665,-0.15316515;-1.4522854,0.37163588;-0.91534704,0.48726058;-1.7602801,0.6406443;-2.013309,0.775799;-0.6067084,1.4743868;2.1826801,-0.9356357;0.15928648,-0.6585383;0.13346311,0.1228224;0.17851321,-2.3662095;-0.50231093,0.0041606803;0.85006875,-0.13149293;-1.0597892,1.2124355;-0.89723,0.41836607;-0.81930506,-1.2543892;-1.6572822,0.6236294;-0.4861702,-0.9784961;1.4412249,0.8211652;2.2238076,-1.0226635;0.22536029,-2.4683993;0.04248734,-0.20462541;0.09709001,-2.3291116;-1.693817,0.75505084;-0.88730603,1.4265227;-0.9069901,-1.2076405;1.4236845,-0.55866784;1.2897676,1.0217922;0.09590858,-0.12078404;-0.6074164,1.471285;-0.828552,-1.2336484;-0.7029892,-1.1494082;-1.9518758,0.7432104;0.20352301,-2.3885443;0.1571775,-2.4647899;2.0410087,-0.9112863;1.9141655,-0.8643145;-1.4474882,0.29500383;1.5916706,-0.6963585;0.9494032,-0.25800303;-0.17259602,-1.8393244;-0.5835551,-0.057588886;-0.08707888,-1.9215767;0.740976,1.0811621;0.8616021,0.028690644;1.091896,1.134018;1.4378443,-0.5467444;-0.9882248,1.0515666;-0.22944324,-0.78394276;0.36975336,-0.4258548;-1.8031137,0.39940166;1.3850255,0.88243216;0.9753092,-0.22215743;-0.94106025,0.99970055;1.2931159,0.97561836;1.456452,-0.7435757;0.4864944,0.03643271;0.1755181,-2.4255118;-1.7456847,0.5490131;-0.37721404,-0.013318806;0.0230862,-0.70440966;-0.7896567,0.56911063;-0.66810644,-0.12226821;0.8694021,-0.23874995;-0.36741215,1.4423618;1.2044617,1.0068803;1.9405569,-0.87411505;0.8970458,-0.13725638;-1.1486437,0.6049898;0.7208111,1.3206067;-0.6642747,1.3586742;-0.49830547,-0.9831768;-0.21851769,0.16986637;-0.9120753,-1.0966309;1.2890158,-0.5763621;-0.95440483,-1.3251661;0.40783966,0.6135531;1.1911016,-0.39541483;0.26985142,-0.49533862;0.47489545,-0.22746539;2.1590388,-0.93012005;-1.0582898,1.0381438;0.2333375,-2.3274338;1.3357415,-0.716481;1.0434501,-0.67691565;-0.38288805,1.3396726;-1.6836904,0.6270723;0.46919826,0.12654214;-1.0487906,0.7821655;1.5657144,0.7894339;0.1766263,-2.3195047;-0.57048666,-0.028403837;0.09580622,-2.0793228;-0.08147453,-2.0831733;-0.18359356,-0.32669592;-0.81487834,-1.1374661;-0.16983326,-0.8087629;1.1370327,-0.5957505;-1.0034362,0.97469115;1.2659082,0.8522814;1.4704354,-0.6495862;0.3895717,-0.40428722;0.61973625,1.2076454;-0.2947074,1.4091655;-1.2421777,0.29695752;0.6393899,1.4863409;0.36463097,0.5827246;1.2096249,0.9715998;-0.08802091,-0.7119937;1.1067922,-0.3244078;-0.96470773,-1.2077762;-0.5787515,0.18173926;-0.15640052,-0.33230934;-0.66620886,-0.13622074;1.207909,0.94036;-0.6190878,1.3253192;-0.4709996,0.6667611;-0.57169235,0.14199689;1.5272455,-0.7260403;1.1122025,-0.6953683;-0.67545485,1.2756628;0.07617742,-2.1417577;0.8109941,1.2108151;-0.42534918,1.308124;-0.5255466,0.6975538;-1.8112648,0.43187758;-0.5168554,0.4514459;-1.7896419,0.35997367;-1.6936358,0.39135942;1.286097,0.9211626;2.125717,-0.92950684;-1.1811922,1.0421684;-0.22184242,-0.648415;-0.07661706,-1.8525461;-1.1475751,1.0006411;-1.7715515,0.4421665;0.18043272,-2.2928333;-0.90335953,-1.0563339;-1.8784307,0.73261017;0.20715944,0.041472238;-1.0610713,-1.3118732;0.2914955,0.37155873;-0.12835287,-0.2943531;1.2222233,-0.5893535;1.3115364,0.94846225;-1.8280325,0.62367296;-0.50503266,1.4283077;-0.42544454,0.48191768;1.513925,0.7395657;-0.6870986,0.6286862;2.0167282,-0.8845309;-0.6270667,-0.1681377;-2.0045161,0.8138173;1.2990081,-0.7249156;1.1554154,-0.6081426;1.4361129,-0.60987204;1.4629142,0.8406959;-1.669735,0.7169833;0.49177718,0.75960267;0.5718647,-0.2916146;0.7321503,1.1961168;1.4308743,-0.6429267;-1.6080959,0.4733789;-1.9416394,0.74459773;0.13686067,0.122978546;1.290558,-0.4396708;-0.8887767,0.7229761;0.1894245,-2.2434702;0.1509833,-0.10464259;1.2038847,0.9603425;-0.4697803,1.3971444;0.34752432,0.1630525;-0.5493273,-1.0058047;1.5815911,-0.7497126;1.0672011,-0.6775076;-0.36957777,1.3967001;0.44319507,-0.45957303;-1.9390337,0.76648366;-0.89425945,1.3833859;-0.6041463,0.5524165;1.1749891,1.0357113;0.5516511,1.2847431;0.79367846,-0.13307658;1.3554424,0.951203;0.43211967,0.4751668;-1.4241487,0.36371008;0.13421655,-2.3020947;-0.91983175,-1.033666;0.36406583,-0.22541894;-0.16980965,-1.9502013;0.15719317,-2.2762105;-0.63243467,-1.0839719;-0.047729142,-0.3533025;0.51949626,0.054270305;-0.17728184,-0.5041792;1.392826,0.94803435;0.15045328,0.3798216;1.6502458,-0.80047166;0.92772126,-0.21426438;1.0684824,1.1103297;1.2661312,0.9919307;-0.69221044,1.2720132;-0.6301437,0.71384156;-0.39458895,-0.18428178;-0.84934306,-1.1650938;-1.0997972,-1.349355;-0.21009554,1.3596237;-1.4536645,0.39058754;-0.32328734,1.361834;-0.93669796,0.7129577;1.4359396,-0.60226846;-0.030344816,-0.6990432;0.6574503,1.5189755;1.1028403,-0.5648011;1.4959587,0.80006516;0.07941264,-2.3245683;-0.84648305,1.0024624;0.26283032,-0.054496128;0.18758458,-2.4898105;-0.009860186,0.004332264;-0.71957695,1.0663003;-0.33898807,-0.048957404;-2.046741,0.7451443;-1.1598238,0.9735607;1.5567604,-0.6816839;2.0804384,-0.8669642;-0.20501156,-0.69006777;-0.18577367,1.3635796;-0.733428,0.54962754;-0.8673077,-1.0683794;-0.56002057,1.3962711;1.2472333,-0.33366677;0.9974959,-0.08279337;-0.45909065,-0.9457394;1.3877573,-0.49743587;0.23561594,-2.4030008;-0.25562352,0.07237132;1.3693416,0.92143726;0.015858045,-2.222356;0.0645038,-2.402245;-0.015337907,-0.7307323;0.31294832,-0.40341768;-0.6288531,0.46900052;-1.6853349,0.5498794;1.2676355,-0.4464247;2.1529195,-0.96570134;0.46060926,-0.35058394;0.4321879,-0.17282894;-0.5713605,1.411069;-0.42028975,0.5896962;-0.25993448,-0.8438646;1.6985948,-0.7874684;-0.96269774,0.9768334;0.8304365,-0.13030095;-0.015518642,-2.1148307;-0.7831848,-1.1270059;0.38197073,-0.35952333;0.22705142,0.3979029;0.84996986,1.2488905;0.20197771,0.27722114;-0.6604158,1.3979001;1.3653406,0.78622323;-0.65403306,1.299993;-0.8383256,0.38169768;-0.28125402,-0.5133404;-0.9780912,-1.2512424;0.06162493,-2.2204525;-0.24753042,0.009533051;-0.83177924,-1.0362276;0.12032928,0.36343962;2.0478978,-0.87611204;0.7450784,1.3132331;-1.1196356,-1.2719458;-0.5119781,0.17569542;0.6130462,1.282409;-0.14078103,-1.950231;-0.48547113,1.411807;-0.6853226,-0.07465914;0.577533,1.215902;0.43874946,0.6992036;-1.0309445,1.073791;-1.2840818,0.3478432;0.67809135,-0.1915849;-1.5973655,0.34269997;0.60682625,-0.2594381;-1.7993593,0.464244;-0.9709384,-1.2404401;-0.178809,1.3520156;0.104286306,-2.2028525;-0.6117145,-1.0765084;-0.5621971,1.3675065;-1.3144999,0.90206766;-1.3953627,0.42383906;0.5028194,0.29936814;0.20775092,-2.3634753;0.6857163,1.536755;0.01970575,-0.36540037;-0.9601092,-1.1277874;1.2912605,1.0369506;0.41468132,0.50550824;1.3493408,-0.44749057;-0.91544145,1.3847642;-1.1537386,0.59156036;-1.0231237,-1.2600155;-1.6667725,0.4537568;-0.5320141,-0.9415095;1.3599799,-0.39904922;0.22285241,-0.60622084;-0.28765276,-0.5011443;0.17125878,-0.4278372;-1.125948,-1.297605;-0.64680433,0.19023487;-1.3069,0.3321801;-1.923205,0.7244726;-0.6099966,0.4317517;-1.456432,0.3605422;-0.57931376,0.5893157;0.16446166,-0.60767657;-0.0458889,-0.24701536;-0.40615904,1.3719741;1.142991,1.0717033;0.12023057,-2.2558436;1.3353513,-0.5925864;0.72846043,-0.19860153;0.74512255,1.1549499;2.1503575,-0.9215525;0.54851353,0.31857833;0.92059064,-0.04672249;-1.0094941,0.7495202;-0.8108827,0.8241624;-0.44360703,-0.17229722;-0.77506423,1.45053;-0.234863,1.369286;0.45698297,0.38285053;-0.11446028,-1.8594573;0.109765425,-2.2363079;-1.4447321,0.31119195;1.3141534,-0.3957679;1.4719583,0.73992366;-1.188413,1.0076653;-0.6988434,1.3388401;0.59825444,1.5041547;-1.2633983,1.0260143;1.5277042,-0.6942657;0.21684878,-0.6186157;1.2424423,1.0074288;-1.0729806,-1.3621819;0.71055955,1.2421528;-0.10327168,-2.0692904;-0.90308505,1.3448968;-0.2361196,-0.123583786;-0.8976043,0.475567;0.28609174,0.4036525;0.09226247,0.049520385;-0.6845114,-0.16050175;1.0389689,1.1803099;-0.68134475,-1.1270378;2.0566404,-0.9502901;-1.1572818,0.24080147;-0.73595995,1.3429201;1.531598,0.8560397;0.5036734,0.78121847;-0.6454884,-0.1752516;-1.2600371,0.6564716;1.3411888,-0.38950488;-0.7736206,0.50318116;-0.8961077,0.42470533;1.8379067,-0.82010806;0.35019845,0.29943782;1.4825997,0.81734043;-0.6845229,-0.19740412;-0.20129277,-0.047155023;-0.13357633,1.3453212;1.0143089,1.1522804;0.57446665,0.89604664;-0.73080796,1.0720652;-0.64653045,-0.21399182;-0.65203387,-0.19975454;0.19052736,-0.08296881;-0.8841185,1.4101666;-0.9471457,-1.2600716;0.43805596,-0.15894118;1.1380142,-0.45509756;0.21021453,0.047827117;0.015528776,-0.2201641;0.69098884,1.4704498;-1.9214263,0.77361876;1.2339592,-0.6627738;-0.11242644,-0.5551808;0.93985933,1.1804832;0.24512807,-0.55652106;0.5956108,0.9206177;-1.140215,0.27602056;0.1425729,-0.5963856;0.29885644,-2.4781306;-0.012194167,-2.1548138;-0.41037378,-0.0020824429;0.29768857,-2.4940958;-0.15053308,-0.7868306;1.3943977,-0.49574354;0.036658857,-2.1342978;1.4680301,0.7661274;-2.008902,0.75837857;-0.72907233,-1.1668762;-1.6535733,0.5173914;1.3142031,-0.4618403;0.40127456,-0.47155765;0.52461255,0.616942;-0.69683486,1.4357828;-0.78260094,-0.9638927;-0.74357575,-1.0838642;1.1161038,1.0280721;0.34111097,0.6467467;1.5226195,0.8283686;-0.88256073,1.3378721;-2.0316765,0.7323205;-0.6437693,1.1907018;0.23769854,0.40128368;1.4634955,-0.7984675;0.21238609,-2.318674;-0.23266423,-0.81518054;2.202214,-1.0131649;-0.11855043,-1.896544;-0.79035634,-1.0373476;1.395158,-0.61003786;0.71244663,1.4454219;0.37373108,0.5391342;-1.88263,0.66698706;-1.6270729,0.75134194;-0.20857498,-0.6101539;1.551826,0.82531047;1.9929616,-0.9409652;-1.2725593,0.3006079;0.60475284,1.5292865;1.1236644,-0.6710663;0.21495485,-2.419396;1.4546973,0.8662506;0.66478044,1.1091083;0.34072503,-0.35192326;0.33612698,0.6101668;-0.54546326,-0.1610972;0.39831096,-0.12524118;0.9879775,1.1573362;-1.3369116,0.3574114;-0.49528846,0.53006387;-0.01722793,-2.0726976;-0.13706964,-0.7460318;1.1973958,-0.36128074;-2.0500352,0.7986648;1.7885797,-0.80829006;0.018324811,-2.1620042;0.79625416,1.076715;-0.15831311,1.3265983;-0.54724675,0.5569822;1.3360482,0.85160595;1.0806689,1.1074783;-0.26036367,1.3426762;0.7742238,1.2052288;0.4544636,0.36007452;-0.90472853,0.41377392;2.200379,-0.9949763;0.88822633,-0.23129925;0.5388297,1.2866623;-1.2572658,0.32563868;-0.06471067,-0.6629018;-0.42699006,1.4137369;-1.2083101,1.0216086;-1.8115581,0.6564327;-0.48808452,0.38442454;-0.96298367,-1.0561672;-1.6681117,0.48058698;-0.8817736,1.3687017;-0.7420551,-0.9509566;-0.014308875,0.12421422;-1.7897117,0.4188995;-1.0869265,-1.3382334;-0.10713953,-0.36753514;-0.59464836,-1.1134224;0.46563804,0.27941203;1.2072388,-0.40262902;-0.99191165,-1.28679;0.9645892,1.1730733;-1.5229934,0.44666928;-0.49404114,0.44301304;0.9210725,1.1411618;-1.0636448,-1.3306924;-0.71611375,1.0092368;-1.5518762,0.34035704;-1.7101688,0.49987337;-0.100178696,-1.9064745;-0.89117116,-1.2815247;-0.42787167,-0.1003717;0.5026221,-0.22700387;-1.996475,0.7156787;1.4396119,0.7820664;0.72594666,1.4887085;1.2556971,-0.3921091;-0.7546574,0.964778;0.56782484,1.5333898;-0.03761317,-2.0270498;-1.6263036,0.4295257;-0.09835266,-0.14566712;0.6127921,1.260482;0.4833613,0.58134145;1.0410626,-0.27183303;-0.5736162,-0.98459095;1.514912,0.8202821;-0.06886848,-0.43684795;0.012189134,-2.0524118;0.76051843,1.1473488;2.0069118,-0.85105276;1.1352972,-0.4761934;-0.3521217,0.051321812;0.7798614,1.0675143;-0.26787394,0.21355258;0.6509803,1.5838966;0.35925785,0.5661996;0.5522538,-0.18714443;0.27732852,-0.11969759;-0.9680609,0.7185259;1.9643563,-0.8325226;1.0511459,1.1332273;-1.8718561,0.78453076;0.7219641,1.0554237;0.92630327,-0.14905544;-2.1041765,0.8026155;-0.6187476,0.59618264;-0.9416053,-1.0079322;-0.09699671,-0.4898094;1.5365382,0.7388675;0.76476836,1.3250355;0.24135675,-0.57433426;-0.95543647,0.48852718;1.1699024,0.9292163;0.8128961,-0.07786603;-0.7415848,1.426845;-1.6499708,0.57270473;-0.6049243,1.3981578;-0.99274915,-1.0915916;2.2458532,-1.0244126;2.221364,-0.9659455;-1.0016336,1.0264914;0.42391524,0.13423705;-0.48147988,0.3962271;1.5410618,0.780484;1.0776212,1.1451955;1.5078506,0.8682302;-0.22697146,-0.16360205;0.0075504105,-2.2675867;-0.3290925,1.4113286;-0.9544083,-1.2740662;-0.37934378,-0.11101139;-1.251617,0.5498957;-0.7664697,0.41443825;0.5537757,0.3135282;0.110635616,-2.3224008;-0.20491937,0.16718972;1.0698375,-0.42961738;0.007434636,-0.2797842;1.9805583,-0.90625554;-1.1395828,1.0215214;-0.44188726,-0.15579033;-1.2930753,0.3249881;0.23044488,0.016457312;-0.8422329,0.76548433;-0.6931768,-1.0341058;-1.0080111,1.0493698;0.37527552,0.4939721;-0.21047011,-0.13347423;1.780934,-0.80496824;0.62207764,1.0063459;1.2970384,-0.5040519;0.8502914,-0.17782275;1.358047,0.8927637;0.40574306,0.61327976;2.0069118,-0.85105276;1.1358708,1.0674611;0.51813006,0.39643303;-0.7135544,-0.15579459;-1.1502507,-1.2252979;-0.18083484,-0.77980226;-0.096511,-0.5228791;-0.5818846,-0.14483507;-0.5416112,0.66429603;1.5268586,-0.7139623;0.12529618,-0.65263367;0.33117503,0.58579254;1.1063416,0.9909554;-0.5597796,0.78168374;0.16577564,-0.3479656;-0.0034323419,-0.71179616;-1.7223332,0.42739648;-0.8356905,1.2743744;-0.60434335,-0.14178844;0.40910563,-0.21361917;1.6479622,-0.73602223;-0.50924355,-0.9790825;0.05449199,-2.059846;-0.0386726,-2.0102034;-0.7482713,-1.0739756;2.1417933,-0.9604933;-0.14935772,-1.9164311;-0.25634947,-0.09936312;-0.6747971,-1.1692607;0.009288397,-2.2703974;-0.4009975,-0.13098612;0.4612088,-0.14952543;-0.046659425,-0.6390599;0.6730951,1.1879838;0.4916878,0.559929;1.3451809,-0.47686473;-0.5273102,0.7227208;-0.34638208,1.4206846;-0.99618006,0.71360606;0.23659281,-0.09588681;1.1211389,1.1229281;0.5299867,0.934849;-0.95393896,1.0179077;0.97204614,-0.2297888;-0.36481586,0.029411444;1.9751539,-0.8907413;-0.69336385,1.3916909;-1.823704,0.45519418;-0.2932974,0.19601965;0.92055184,-0.107812926;0.055163134,-2.2983506;-0.45176145,0.12285317;0.0066823624,-2.353439;-0.8538252,1.249427;1.1473184,-0.61917967;-0.9118674,-1.1933297;1.8770709,-0.83542836;0.3952749,0.07319558;1.2687352,-0.30264413;-1.3797779,0.33584684;-0.9115589,-1.2999499;1.9714106,-0.8661956;0.4155479,-0.4771928;-1.0125346,1.0082078;-0.015343978,-0.6536792;-0.737715,-1.2324725;0.062229108,-0.3852602;0.22964835,0.049825292;-0.0026699593,-2.1371377;0.38489917,0.6547583;-1.9313881,0.69708365;-0.38647968,0.42909926;2.0383773,-0.93125594;1.0721693,-0.6440898;-0.11868648,1.3422718;-2.0649316,0.7846647;0.4164296,0.21738544;1.0071598,-0.5273416;0.7022064,-0.18180211;-0.7489416,0.44991446;-0.74051905,-1.193341;-0.65221,-1.106863;-0.29567507,-0.152022;-0.06157335,-1.9762496;-1.7219231,0.60245466;-1.0029914,-1.3087082;-1.2085904,0.27514392;-0.5935179,1.287955;-0.35348985,-0.013378774;-0.45055223,0.6067237;-0.79399854,-1.1519759;-1.5227292,0.40008503;-0.9109922,0.48058864;-1.2419522,0.9555785;-0.77686083,0.74605596;-0.051358715,-0.718974;-0.5941347,0.5878694;2.1635957,-0.9957592;0.05556328,-0.62525755;1.5760709,-0.788064;0.69509256,1.4512007;0.45959014,0.31839767;-0.45461714,0.4905083;-0.7124236,1.3585836;0.44713718,0.56950414;-1.7544677,0.43680105;1.5586413,-0.68436295;1.6862136,-0.7469607;1.0854148,-0.60769945;-0.5235553,0.028714398;-0.87629163,-1.257291;-0.14245887,-0.38744992;-0.16060741,-0.2771201;0.51667994,0.09479328;1.5916498,-0.82951707;0.73816454,1.2338625;2.0615375,-0.9209991;-1.6787198,0.41526455;-1.2564822,1.0055227;-0.11516437,-1.9659357;-0.44741067,1.3136011;0.26096562,0.406067;-1.4629829,0.32710975;0.8740023,1.193184;0.29684395,0.7118393;-0.503523,-1.0603508;-0.5642219,0.21415466;-1.0528358,1.0601531;0.5467446,-0.23914155;1.3649025,-0.70645577;-0.8339812,1.0509415;0.76675093,1.114286;1.1914219,-0.27174985;0.074278384,-0.6779409;-1.7537334,0.7534382;-0.45127195,-0.17465375;1.0749276,-0.5655971;-0.41960725,-0.106823035;-1.3973354,0.40469268;0.72331166,1.1586893;1.2181579,-0.44530952;0.7158493,1.4108729;-0.66694057,1.3870854;-1.1771115,0.9444874;0.47853723,-0.17505318;0.09290867,-2.2472978;1.9320198,-0.8377021;1.0651511,-0.4610192;0.79055786,-0.1969095;-0.7772006,1.4846967;0.7463432,1.3613878;-0.33450845,1.3505098;-0.8080573,0.747491;1.5333464,-0.73211443;-0.07328509,0.21802683;-0.7677169,1.0395168;-0.4460259,0.56139606;-1.6716694,0.7288359;0.91008914,-0.06121386;-0.14111808,-0.42795396;-1.1387182,-1.3335106;0.11139023,-0.20548315;0.9097288,-0.19063036;-0.8548979,0.74166745;-0.9442594,-1.1416299;-1.067246,1.0434448;-1.2342354,0.93665135;0.64514226,0.010919108;-0.84803927,0.9737704;0.8679348,-0.028303398;-1.9778653,0.74006295;1.2626518,-0.36452577;-0.69441545,1.0830737;0.57450485,0.8971592;-0.78478956,1.0142888;-0.77712464,-1.0825392;1.0460588,1.1651765;0.51021606,1.2385595;-1.183228,0.26477864;-0.63690555,0.6361575;-0.91210896,-1.2458278;-0.08218658,-0.30066124;0.14696151,0.21013077;-1.7538505,0.37040788;-1.1707201,0.40461472;-0.39042714,1.3660886;-0.3373147,1.3725681;-0.10433211,-1.9632633;-0.17712335,-0.591327;-0.6827248,0.5664362;-0.90499175,-1.2319064;-0.03099744,-0.31704736;1.4294899,-0.6921741;-1.1029851,0.24412026;0.5484053,-0.30796447;-0.5474934,1.391229;1.2483119,-0.31089133;0.8563047,1.2883198;1.1135693,-0.35918123;0.10063029,-2.4303539;-0.8787548,-1.2461096;1.6543089,-0.7660913;0.44121522,-0.37507883;-0.15586567,-0.17653638;1.2507266,0.9910662;1.9648126,-0.85560423;1.2514573,-0.54453576;0.96258825,-0.1981363;-1.9413501,0.83789307;0.49634448,0.14579463;-0.83257866,-1.2219905;-0.17697099,-0.43647018;0.37224457,0.10846304;0.12815581,-2.1722438;-0.3228853,0.04279033;0.7581075,1.3350737;0.6881885,1.3598863;0.34753978,-0.39807498;0.3908152,-0.4712163;-0.018062051,0.010946507;0.6551911,1.5309756;-1.1353216,0.23778099;1.0591071,-0.3703982;1.5111188,0.80142635;0.5141607,0.7942644;1.3831688,0.9068353;0.5018631,1.2743672;1.3482925,0.9257054;-0.1375258,-1.9146181;-0.7430372,1.4093314;1.5097387,-0.6295498;0.19344206,-0.58976614;-0.6418218,1.2881782;-0.6283087,-0.093436554;-1.9066979,0.7099416;-1.129331,-1.2994238;1.3051107,0.8734935;0.50052965,0.6586566;-0.39571458,0.019040292;-1.8446796,0.40458378;0.6674717,1.419085;-1.1135188,-1.3320988;-1.7569395,0.4773718;-1.164547,0.57274795;0.24330129,0.16881236;-0.6663233,-1.1855366;-0.06909134,-0.3914872;-0.31505314,-0.045677725;-0.30096272,0.084137194;0.2134995,0.43220794;1.1770468,1.0639119;-1.7144563,0.62815744;-1.2875147,0.8915943;0.57878876,-0.17911257;-0.689404,0.46838668;1.2170639,1.0883898;0.81961685,1.1853093;-1.4908007,0.3093864;0.25742579,0.21725868;0.91931885,-0.06939462;-0.22420055,-0.81167495;-0.7069079,1.4731044;-0.9880334,-1.1705084;-1.1848787,0.6585528;-1.1442659,0.8982401;-0.6991685,1.3884889;0.09552167,-0.6048624;-1.6062175,0.459378;0.14275788,-0.20452382;-0.48232678,0.66245174;1.4416443,-0.73721325;0.53063875,0.05559746;-0.65961534,-1.1126168;0.42067224,-0.18062778;-0.6482267,0.18759017;-0.7477301,-1.24088;0.13682105,-2.3602664;-0.14048776,-0.12119932;0.21092165,0.101163045;-0.2080435,1.362298;0.64140624,1.4792441;0.74789125,1.2573502;-0.6023499,0.8142594;0.76703286,-0.047806475;-0.77565455,-1.2155466;0.12910011,-2.2817636;-1.50658,0.43688554;-0.5072745,-0.9613605;0.12430569,-0.021075424;0.63613576,1.2491283;1.2049848,-0.336404;-1.8057567,0.7346097;-1.8626807,0.69880044;0.28671584,-2.406994;0.80789584,1.2872446;1.4165164,-0.5950858;-0.109559506,1.3273014;0.20534703,-2.4968908;-0.7117821,1.4554557;2.1771414,-0.9640713;-0.83034325,1.0521723;-1.0652215,0.9672417;0.5795929,1.2452297;-0.7844057,1.3904858;-0.5718399,-0.085334726;-1.7500358,0.45799085;-0.7179313,0.5067143;0.020080954,0.09825184;0.4760616,0.49979582;0.76276416,-0.035930324;1.1379881,1.1163199;-0.4986862,1.2235568;-0.5825226,0.8584802;-0.7088317,-0.20826633;-1.218641,0.65777886;-0.7133518,1.3231839;1.932806,-0.89090335;1.2548852,-0.5761026;-0.1601804,-0.13820262;1.084312,0.97315305;-2.0027041,0.7762892;0.2791835,-2.421435;-0.22267136,0.020658553;-0.26070225,0.11096283;-0.99812967,0.7287829;-0.8635664,1.0565397;-0.70629656,-0.22989355;-0.10065,-0.53168786;-0.3055044,-0.15360852;1.410517,0.8130802;-1.6589067,0.46084872;1.0911584,-0.320298;0.9926147,-0.18299155;0.7927666,1.0083531;-0.21008632,-0.586252;0.041999195,-0.6594424;2.233938,-0.9869037;1.0668195,-0.3333647;-1.3153803,0.32841024;0.4849976,-0.025318475;1.6015075,-0.732411;-0.0720568,-2.0140758;1.6087227,-0.78043693;-1.382357,0.4163603;0.12888782,0.13290423;0.6393584,1.5043373;-0.9243762,1.0734242;0.9824024,-0.07876357;0.6139983,0.96520925;-1.4780132,0.39670694;-0.5970762,-0.17811048;1.4023632,-0.540216;0.8104568,-0.072461486;-1.1307251,0.96584505;-0.13781695,-0.7457555;-0.12281952,-0.76088786;0.45080805,-0.27271223;-0.603624,0.80280495;2.1036603,-0.91393095;2.2044969,-0.9244384;-1.0692184,-1.275291;0.2946963,-2.479848;-0.44643468,-0.905045;-0.42433548,0.54363275;-0.052887335,-0.323861;0.19398601,-2.3341367;-1.6768267,0.64671797;-0.7195714,0.97239596;1.7264526,-0.7789245;0.113881096,0.1433287
p3d-kl
0.3970513343811035
p3d-iter
599
p3d
-2.3201444,1.2281609,-0.32918403;1.2594086,0.20717968,-0.71905327;-0.5440222,-0.14120375,1.5858194;-2.208958,1.1093762,-0.32263747;-0.84573644,-0.1142725,1.9093394;-1.9987422,0.4703125,-0.053907733;1.0168033,1.2744676,1.1429454;-0.94480836,-0.06670519,-0.20000798;0.49725267,-0.65656954,-0.15970676;0.5786259,-0.42289007,-0.69616354;-0.7821722,-0.27938175,1.9884185;0.8782814,0.35504714,0.69327396;-0.4736655,0.7090925,-0.021659872;-0.8429867,-1.3700181,-0.23012348;0.79369575,-0.98758525,-0.3267754;-0.57429886,-0.22504498,1.7035425;0.874129,1.1979439,1.1801586;-0.8617321,-0.2789951,2.6099713;0.49795103,-0.5904885,-0.114469215;0.2596456,-0.21366963,-0.22615446;-1.9777474,0.46484333,-0.08839571;-0.23441827,1.0504907,-1.1882099;-0.7293033,0.8100464,-0.11297171;0.70956063,-0.44391203,-0.6820035;0.34846357,-0.8840085,-0.51890045;-1.2432804,-1.6133829,-0.13830012;-1.3848679,-1.6284171,-0.105798215;-0.7137016,-0.38116315,2.32764;-0.6551358,0.37994367,0.2739593;0.4738796,-0.25540346,-0.4526778;-1.8618146,0.75354564,-0.13031793;-0.4284147,1.4512314,-1.099787;-0.8381453,-0.24599679,2.2690074;-0.88597405,-0.2588575,2.5698788;1.6542002,0.3913642,-2.3270965;-0.21386,0.93054396,-1.0497853;1.3838542,-0.10997849,-1.03069;1.0495678,0.10036681,0.48048928;-0.68008596,0.30666432,0.4718951;-0.20777936,-0.7564819,0.008535321;1.8341092,0.40917867,-2.1500192;0.8546995,0.4451828,0.8685852;0.8423388,-0.68512696,-0.18694967;-0.7784406,0.3517951,0.15747456;0.86254954,0.856445,0.96824384;-0.09585437,-0.4192358,0.8160529;-0.31858808,0.13263118,0.10489197;1.6765599,0.299885,-2.237695;-0.3273751,1.0564636,-1.3042607;0.1171529,-2.289411,-0.45941955;-0.22020611,-2.255168,-0.19213545;-0.30286306,1.2042856,-0.8555;0.98832774,0.29312068,0.5284078;0.742049,-0.8488274,-0.084224135;0.78800315,-0.7586148,0.048629597;-1.3430852,-1.6225101,-0.120619036;-0.12530534,-0.26045024,0.92512476;-1.4145168,0.12833773,0.049106598;-0.90240544,0.50385594,0.29355246;-1.7157375,0.8146039,-0.03844816;-2.199473,1.1168923,-0.30169377;-0.2769405,0.99712616,-1.311312;1.8368236,0.33377075,-2.378773;1.11311,-0.017842775,0.45631567;0.502729,0.08607349,-0.19410373;-0.9211054,-0.33966267,2.5183194;0.07683906,0.2260231,0.7864277;0.9251162,-0.8646393,-0.6919324;-1.062659,0.97121257,-0.40743604;-0.81450784,0.5118432,0.4045787;1.166037,1.7340664,1.2494267;-1.6372828,0.6908221,-0.2056096;0.8941486,0.9843071,0.9728955;0.22858594,-2.2898452,-0.38618514;1.7801354,0.25423133,-2.5454385;-0.9057123,-0.51263016,2.710716;0.43162566,-0.30391502,0.29907584;-0.7992899,-0.3939011,2.362697;-1.6361454,1.0367675,-0.2362583;-0.549472,1.528565,-1.1661983;1.0426947,1.7987449,1.3642969;1.5395076,0.054802615,-1.0961835;-0.15195815,-2.1496701,-0.08281898;0.33745766,-0.41103652,0.21921484;-0.2711741,1.0140179,-1.3082545;1.1038696,1.757915,1.2365644;1.0119866,1.5056021,1.0859733;-2.0820262,1.0561947,-0.259301;-0.9317706,-0.3580968,2.5749273;-0.86405253,-0.58084327,2.5703151;1.7240701,0.4211711,-2.1465197;1.7135507,0.51209587,-1.8997084;-1.3305609,0.13451782,0.1948694;1.5549327,0.3881753,-1.31224;1.2519243,-0.8560425,-0.69277614;-0.45537555,-0.09057171,1.2913564;-0.188825,0.09492374,0.9003861;-0.5768734,-0.08546608,1.5538563;-0.64240646,-1.4379599,-0.2987918;0.7633308,-1.1365627,-0.427411;-0.51848555,-2.0441797,-0.013065481;1.5529586,0.03313794,-1.0975504;-0.7748182,1.2739091,-0.5102567;0.8947089,0.69848335,0.7947634;0.9935877,-0.32134864,0.01422271;-1.9841887,0.33941907,0.061992776;0.08914751,-2.24285,-0.28801516;1.2004439,-0.90149724,-0.74678856;-0.63490623,1.3067298,-0.4266832;-0.13102175,-2.2440245,-0.20911857;1.5607058,0.4961556,-1.0057207;0.5840733,-0.31753662,-0.5341206;-0.8647698,-0.31713703,2.6411984;-1.8005416,0.46756658,-0.24936856;-0.09752752,-0.09296814,0.6330604;1.0398937,0.26036265,0.54312575;-0.7161948,0.5345758,-0.013481863;-0.35846186,0.02373301,1.022003;1.1464932,-0.8676214,-0.55907977;-0.14417836,0.46144587,-1.1912674;-0.2635204,-2.1808143,-0.22186203;1.6860384,0.43938515,-1.9359069;0.954049,-0.92236274,-0.78128624;-1.0838941,0.6769902,-0.023169737;-1.0599028,-1.587992,-0.28733373;-0.33495024,1.1086007,-1.0412748;0.90370107,0.99191844,0.9639467;-0.06820297,-0.073459566,0.11973152;0.89065194,1.6044539,1.4656562;1.3464698,0.03679324,-0.9535155;1.0532752,2.0597658,1.3436269;-0.18437631,-0.7871986,-0.16159931;1.292561,-0.42420715,-0.9159809;1.0023947,-0.20282523,0.18638259;0.8230189,-0.8278078,0.041110087;1.8222219,0.33775026,-2.3449957;-0.8604207,1.3363445,-0.486505;-1.021904,-0.3986441,2.4566724;1.2773942,0.28501326,-1.2137464;1.1342975,0.18059205,-0.5255348;-0.09108297,0.5575531,-1.0212655;-1.7080718,0.7202325,-0.1647918;0.37877586,-0.3457505,-0.6107995;-1.0148172,0.92759436,-0.28118312;0.3155175,-2.4894285,-0.44597834;-0.955738,-0.34740546,2.4141104;-0.15276775,0.14454417,0.8458408;-0.6011683,-0.35966784,2.0664632;-0.7844657,-0.06469364,1.7985898;0.27448386,0.15706876,0.5245057;1.1542407,1.4870858,1.3986588;0.91914076,0.6898165,0.6584766;1.1628313,0.004206115,-0.7360234;-0.72776574,1.3468062,-0.36256492;-0.10339175,-2.1542156,-0.435621;1.5307211,0.27348363,-1.1006296;1.0062945,-0.3712601,0.04173816;-0.8392027,-1.383395,-0.011380457;-0.04018403,0.3627802,-1.1472576;-1.0716802,-0.018940503,-0.13037765;-1.3916243,-1.5552697,-0.095139384;-0.10553899,-0.6981836,-0.11206085;-0.21437708,-2.108333,-0.2460086;0.915334,0.42006359,0.6146232;1.1413293,-0.5560278,-0.8630055;0.9890839,1.8849834,1.419302;-0.017313797,0.47601336,0.56083053;0.3259685,0.14880443,0.4851161;-0.38134915,-0.027665276,1.0007149;-0.15599203,-2.01001,-0.16971758;-0.1501931,1.2132736,-1.1032786;-0.24779463,0.24060746,-0.3017925;0.07775205,0.44727877,0.64427555;1.5033592,0.45695797,-1.203562;1.2085552,0.224686,-0.6355565;-0.2567082,1.1192244,-0.91074926;-0.84678024,-0.36446142,1.9785689;-0.7972765,-1.6477791,-0.13804397;-0.14229096,0.62922406,-0.93147075;-0.35436442,0.36955205,-0.3218411;-1.9867868,0.40778327,0.047372974;-0.345333,0.2025121,0.07045643;-1.975333,0.28216222,0.14461082;-1.7973889,0.22200997,0.034909513;-0.0020409625,-2.094705,-0.16844724;1.8043429,0.34546927,-2.290458;-1.0629201,1.4536028,-0.418073;0.72635615,0.46117243,0.8208047;-0.5520846,-0.012638544,1.3948311;-1.0162073,1.3408157,-0.39454252;-1.9250971,0.45960706,0.060551338;-0.9723578,-0.34299335,2.3633544;0.8077374,1.5451866,1.4773746;-1.9819529,0.96520776,-0.28465787;0.56197476,-0.22040345,-0.0856491;1.0793899,2.1212761,1.6075759;0.066847995,-0.35349023,-0.5237902;0.28829166,0.0881611,0.3990945;1.2463952,0.03630607,-0.87049496;-0.038991176,-2.1751032,-0.18974827;-1.9039114,0.7870091,-0.113243446;-0.16768123,0.80106646,-1.2028023;-0.1639182,0.07065224,-0.035886824;0.3369931,-2.4084141,-0.5180269;-0.705572,0.16779728,-0.23191784;1.7518572,0.40123522,-2.0586977;-0.3366575,-0.11037973,1.0329419;-2.1621146,1.2152113,-0.32736635;1.1965694,0.28437582,-1.1760358;1.0567352,0.01723376,-0.7845294;1.5070007,0.1622322,-1.0666152;0.23804013,-2.339019,-0.34925482;-1.6175697,0.93791574,-0.20457192;-0.21693134,-1.1869526,-0.12172598;0.86602956,-0.77835506,-0.22087073;-0.84760374,-1.4984405,-0.25381404;1.466128,0.22756186,-1.0692836;-1.6286778,0.40176144,0.029402554;-2.0713923,1.0367495,-0.25888517;0.5096778,0.078850165,-0.19988641;1.4035147,-0.32352185,-1.061493;-0.7620517,0.713787,-0.19589964;-0.9818258,-0.4602358,2.2731988;0.42875627,-0.38518113,0.12722994;-0.20011693,-2.0561998,-0.2113123;-0.14023237,0.7358941,-1.1492703;0.2521181,-0.26766324,-0.44447303;0.9385389,1.075714,1.0242349;1.6004206,0.5349714,-1.295529;1.1597816,0.1841273,-0.5682795;-0.07831518,0.5226091,-1.133121;1.1199461,-0.3198121,-0.06754108;-2.058789,1.0807682,-0.26388192;-0.58108425,1.5041872,-1.1005774;-0.5533171,0.16471025,-0.12966721;-0.34339887,-2.1477294,-0.15775146;-0.9993776,-1.3208287,0.09475586;0.8674009,-0.85669404,-0.59351075;0.03623712,-2.2104897,-0.18815649;0.037370104,-0.8074137,-0.30087143;-1.3739161,0.09943584,0.031176737;-0.8864453,-0.41764358,2.3327901;0.87353426,1.4852955,1.5400983;0.73129696,-0.56188756,-0.046100844;-0.48007983,-0.16143337,1.6032151;-0.9369736,-0.25828522,2.333573;1.0662242,1.2622135,1.105785;0.52833426,-0.008190658,0.5487299;0.56208193,-0.3651125,-0.60241824;0.602865,0.17119895,0.7139571;0.01140619,-2.349147,-0.21955042;-0.09175523,-0.30794546,-0.23280078;1.5072886,0.5861756,-1.4571208;1.1556997,-0.91589457,-0.6857699;-0.527718,-2.0234501,-0.04213602;-0.17694858,-2.2140772,-0.17079093;-0.23704731,1.210053,-0.90103495;-0.54003197,0.4124302,-0.3761484;0.044788115,-0.3672569,0.87880766;0.9521828,1.6688967,1.2374852;1.0964559,2.1902502,1.6360763;0.055054355,0.18236873,-1.0303797;-1.4395052,0.1378795,0.015574033;-0.03184506,0.448716,-1.069229;-0.83499664,0.7613135,-0.22346863;1.5078707,0.14577563,-1.0694565;0.97635114,0.32612827,0.5691766;-1.4136326,-1.594438,-0.07185704;1.2490435,-0.07056605,-0.6369743;0.34194562,-2.3238034,-0.3589883;-0.77721,-0.36283457,2.3565397;-0.6660748,0.9685156,-0.49727353;0.32142875,-0.3364008,-0.08254834;-0.86702555,-0.59763384,2.6734684;0.2739933,0.022684671,-0.037886444;-0.436951,0.89904326,-0.67124367;-0.005489118,-0.18646994,0.63884294;-2.23684,1.0908699,-0.30350897;-1.0387052,1.3143035,-0.34180897;1.5684721,0.38336584,-1.2356622;1.8362513,0.41287804,-2.1431959;0.8496143,0.40985,0.8565922;0.069809854,0.13546163,-1.0130757;-0.67766196,0.39794594,-0.022593983;0.914598,1.4616362,1.4441988;-0.22838621,0.9149147,-1.1318237;1.4214671,-0.5545416,-0.9034382;1.0684521,-1.2461065,-0.67078143;0.87186867,0.88918823,0.9635022;1.5331082,-0.11370153,-1.0403322;-0.9699015,-0.39544767,2.6270163;-0.045574814,-0.19135268,0.40934575;0.031572655,-2.2734222,-0.24804778;-0.7133931,-0.24119954,2.140313;-0.7542769,-0.5555959,2.4468873;1.0352508,0.33935,0.5838852;0.89906305,-0.2845369,0.09392508;-0.49224237,0.28127483,0.09111752;-1.731859,0.599321,-0.07433238;1.3563448,-0.30176073,-1.0319954;1.797421,0.28059795,-2.3653374;0.97600114,-0.5553997,-0.06987894;0.6882739,-0.7654867,-0.047372732;-0.22022872,0.9341826,-1.156487;-0.28869915,0.5148779,-0.08730095;0.9026296,0.8458338,0.7176114;1.5538862,0.5110651,-1.5354664;-0.661615,1.3125373,-0.38414964;0.90762526,-0.9033317,-0.6262406;-0.7795677,-0.17575674,1.9333891;1.1163487,1.4389901,1.3398736;0.9109763,-0.43848768,0.012125467;0.029014643,-0.24889597,-0.57197237;-0.8400081,-1.7370459,-0.057019193;0.040350277,-0.5056738,-0.09269858;-0.34250042,1.0918411,-1.1164434;0.14294279,-2.1491263,-0.48208115;-0.24497177,1.1364869,-0.96207356;-0.73302805,0.32757014,0.4505493;0.32318568,0.4275347,0.7428377;1.0720334,1.9288235,1.4740452;-0.8472171,-0.23707,2.1603954;0.14910288,-0.05155737,0.4199933;0.8336774,1.4912684,1.335605;-0.08587519,-0.24942034,-0.16020776;1.7914248,0.4103083,-2.10602;-1.0336796,-1.63242,-0.24010354;0.98687464,2.2405193,1.5571059;-0.031867824,0.3036892,0.48801544;-0.9808454,-1.4216228,0.010137634;-0.52997315,-0.15336543,1.6019758;-0.16438407,0.76211554,-1.174156;-0.39741403,0.027864572,0.81608826;-0.87171483,-1.3403555,0.049722694;-0.21595806,-0.97796965,-0.11788113;-0.8395416,1.2914501,-0.54432434;-1.167326,0.013920123,-0.07471803;0.971393,-0.90292674,-0.33387294;-1.6586932,0.08173226,0.10021403;0.8687365,-0.8801286,-0.2555328;-1.9596814,0.44696924,-0.007674685;1.05629,1.9179612,1.4497209;0.08005481,0.12317362,-1.0085194;-0.92214346,-0.31930283,2.1336005;1.0268782,1.2453665,1.0592014;-0.22603711,0.9203219,-1.069814;-1.3305155,1.1532418,-0.29491305;-1.4579779,0.043305196,-0.090251915;0.32870582,-0.83501685,-0.47819644;-0.9521121,-0.38270748,2.5210383;-1.4422385,-1.6468862,-0.08622424;0.6043186,-0.010367356,0.36072773;0.894935,1.7171104,1.4957707;-0.15538774,-2.1671069,-0.059021458;0.010064108,-0.8418453,-0.20155574;1.5030061,-0.25049525,-1.0323764;-0.5297302,1.5524772,-1.0754476;-1.089946,0.63497806,-0.012911842;1.0475507,1.994699,1.5445768;-1.71767,0.37370375,-0.021812681;0.8654816,0.96010524,1.0535219;1.5550079,-0.31226492,-0.92573667;1.1264454,-0.10250939,0.3087142;0.26037228,0.41770783,0.727957;0.81291753,-0.17449705,0.28111336;1.0294302,2.2584312,1.5834318;-0.07644438,0.607454,0.5941095;-1.1864787,-0.0011922233,-0.0653051;-2.037586,1.009373,-0.23067148;-0.4394375,0.3491331,0.15245207;-1.4021302,0.115135595,0.066370875;-0.51463574,0.17439987,-0.20431438;1.0641742,-0.033336878,0.36154136;0.32150197,-0.09402062,0.3512124;-0.10035211,0.5992259,-1.0803808;-0.4396378,-2.1785831,-0.1384605;-0.8971916,-0.27857828,2.2589707;1.5061651,0.021383805,-0.79275423;0.98446125,-0.89512295,-0.41071743;-0.7722532,-1.4904219,-0.25810266;1.8246509,0.31580386,-2.3185081;0.34498587,-0.9161696,-0.53344697;0.9158911,-1.1847596,-0.616341;-0.9309119,0.8837847,-0.15867159;-0.51166016,0.87367487,-0.16935648;-0.017756388,-0.31079847,0.9153218;-0.5505233,1.1383584,-1.1536424;0.034071874,0.23286201,-1.0468618;0.13381259,-0.7603598,-0.50532204;-0.55252975,-0.068329856,1.4199685;-0.8857914,-0.30990827,2.2099938;-1.3386308,0.1260376,0.16945872;1.4874382,-0.3500003,-0.96203303;0.3421064,-2.2803676,-0.50060725;-1.0803549,1.392751,-0.37983653;-0.23808588,1.28415,-1.0987767;-1.3930302,-1.5116475,0.004283203;-1.2045321,1.465556,-0.37531003;1.5680703,0.4320436,-1.1997845;1.1321379,-0.09688127,0.32935616;-0.21056522,-2.1920924,-0.16224447;1.0813088,2.1231976,1.6859357;-0.9332458,-1.5030576,-0.21719147;-0.7796417,-0.027174858,1.7403209;-0.59405416,1.4865129,-1.037907;0.18370138,-0.41854373,0.6602481;-0.8784547,0.45892996,0.30832395;-0.042838342,-0.3752004,-0.44844228;0.28237933,-0.13477162,-0.10451679;-0.40481412,-0.026237177,1.0724212;-0.59208584,-1.9497216,0.056332387;1.0729122,1.3957045,1.1206099;1.6912895,0.40635145,-2.206054;-0.90396255,-0.094501145,-0.22760026;-0.27515745,1.3245418,-1.0883216;0.28984118,-2.4693656,-0.34032983;-0.27829525,-1.1429937,-0.1261746;-0.3535052,-0.10117743,1.0654261;-1.3468615,0.72904307,-0.09983988;1.5326346,-0.34657153,-0.93333656;-0.7827148,0.35185325,0.0891729;-0.8261678,0.49363768,0.39044586;1.6475004,0.47899345,-1.7282648;0.13906677,-0.501193,-0.35877;0.33103555,-2.281714,-0.31743056;-0.36987627,-0.070034266,1.1553546;0.0615007,-0.34389275,0.5230776;0.126747,0.037282947,-0.98430634;-0.58003974,-1.896508,0.029160403;-0.45700845,-1.1050712,-0.14133708;-0.44659635,0.92676294,-0.6740634;-0.40301815,-0.12620828,1.1042613;-0.33649805,-0.11443679,1.1199113;0.3241786,-0.5170955,0.0767627;-0.5423061,1.5164651,-1.1356663;1.1081978,1.8957447,1.4476218;0.6761395,-0.7680313,-0.07252006;1.2588533,-0.313086,-0.755512;0.55719346,-0.21738571,-0.105126575;0.42703643,-0.28255096,0.35973492;-1.3231778,-1.6284007,-0.13378404;-2.0282207,1.1032649,-0.280507;1.128973,0.15230358,-0.92419297;0.6671033,0.34593883,0.5546318;-0.6525862,-1.7217767,0.05907789;1.0838484,-0.16208911,0.23792449;-0.49745673,-1.1262656,-0.1472921;-0.89695364,-0.053461853,-0.22750981;1.0296882,-0.0026109654,0.35174936;-0.9920728,-0.4156883,2.817745;-0.84675026,-0.1942034,1.9667699;0.010108943,-0.001560806,0.67129576;-0.9827888,-0.4102349,2.835511;0.9221563,0.62047964,0.6556832;1.553091,-0.11438029,-1.0012096;-0.7786755,-0.28311074,1.9801033;0.24946149,-2.3959315,-0.4808846;-2.1904058,1.103982,-0.28056327;1.0091748,1.5744072,1.1297607;-1.6824512,0.5269585,-0.025152458;1.4275771,-0.24436449,-1.059621;1.094315,-0.26023665,-0.043853894;-0.24599037,-0.9367327,-0.36121094;-0.38431767,1.1629524,-1.2152964;0.7190904,1.370621,1.3003229;0.9923873,1.3753598,1.2657009;-0.4006542,-2.0512965,-0.20006345;-0.1712923,-0.7842603,-0.0079020085;0.33764148,-2.3862064,-0.3313321;-0.58157593,1.434659,-1.0235715;-2.2227712,1.0782806,-0.2534586;-0.33663404,0.90859365,-0.8477996;0.006352357,-0.26850215,-0.55196387;1.523514,0.6269414,-1.0281684;-0.9775359,-0.43512377,2.4357631;0.89928305,0.76069367,0.76597756;1.7733377,0.28037474,-2.5143154;-0.5475624,-0.09212726,1.5041357;0.8598261,1.4963995,1.2311614;1.510451,0.15593264,-1.0042152;-1.269111,-1.6431935,-0.15537265;-0.06486676,-0.6769646,-0.18411034;-1.9210489,1.0195634,-0.09591584;-1.5276864,1.0217507,-0.1949853;0.658871,0.4856375,0.7253577;0.334043,-2.4611757,-0.3637869;1.6351237,0.3762391,-2.087479;-1.1227148,-0.016615307,-0.097782314;-1.4269624,-1.5193433,0.007452812;1.2183213,0.16988476,-0.66258293;-0.9182877,-0.45924193,2.6071436;0.18232355,-2.3937604,-0.36384705;-0.69983184,-1.3491231,-0.12373363;0.88755053,-0.41434842,0.079565704;-0.14176132,-0.7116342,-0.037006244;-0.21419138,-0.20508109,0.9645615;0.5906179,-0.7306246,-0.0535902;-0.6118519,-1.8487965,0.019809743;-1.2582428,0.021050217,-0.057573456;-0.3080027,0.17413746,-0.112295546;-0.6730196,-0.119074844,1.9237181;0.8853895,0.5530671,0.64311814;1.3133192,-0.5119285,-0.9199326;-2.2650015,1.1791321,-0.28909633;1.6164126,0.50564516,-1.6789776;-0.8291738,-0.2303878,2.0042791;-0.62832534,-1.5489261,-0.3607334;0.10529156,0.061074283,-0.9756771;-0.44308144,0.21391664,-0.1348811;0.018743891,-2.211045,-0.4000601;-0.49945107,-2.0220392,-0.035136748;0.016210072,0.29289314,-1.0187874;-0.81297636,-1.5535183,-0.12620115;0.17880285,-0.72654337,-0.5409746;-0.8126337,0.5239637,0.40594757;1.7817943,0.28790596,-2.4848168;1.1480094,-0.89253604,-0.59622574;-1.009275,-1.2974848,0.1114113;-1.1144786,0.014754551,-0.081612065;0.9442209,0.21966292,0.69361514;-0.16901757,0.6260625,-1.1439638;-1.1093667,1.4329143,-0.38441223;-1.8714354,0.8192359,-0.18260185;-0.2841758,0.24135229,0.1701816;0.91180366,1.4719284,1.5415082;-1.7162595,0.4218042,-0.01615073;-0.5414438,1.5005974,-1.0687335;0.7184786,1.2773073,1.243649;0.1451193,-0.14782467,0.007870988;-1.9510454,0.33447966,-0.007046933;1.0860951,2.1746097,1.6510065;0.43642876,0.14607187,0.4580449;1.1049877,1.267639,1.0262039;0.31750014,-0.7501142,-0.42067453;1.2839648,-0.41800958,-0.95078933;1.1236508,1.9881083,1.5008839;-0.632468,-1.7891062,0.048365794;-1.4650855,0.3686119,0.08682761;-0.3329297,0.10686556,0.042024676;-0.6162113,-1.68646,-0.0058276667;1.0870274,2.1285496,1.6400261;-0.45328456,0.8125583,-0.5831529;-1.5719898,0.08472703,0.12199521;-1.7852345,0.42127633,-0.108180486;-0.5643223,-0.09682485,1.5207913;1.1830918,1.8306814,1.3824471;-0.12059122,-0.29561627,0.7856344;0.860537,-0.85494334,0.0051023974;-2.1472683,1.0077066,-0.3260577;0.28542534,-2.2200642,-0.41749457;-1.3436197,-1.6953194,-0.1642864;1.3640538,-0.43107146,-0.9960394;-0.4926143,0.8579349,-0.48279706;-1.4386843,-1.4588695,0.06782182;-0.66499007,-0.12850808,1.7978237;-1.655194,0.29616886,-0.014521708;0.37536395,-0.51548815,0.51627785;-0.94020754,-1.404532,0.0068236263;-0.17192715,-0.82778436,-0.33984327;1.0420543,-0.7130334,-0.836081;0.90266305,1.0666201,1.0843635;0.3659979,-2.3254561,-0.3058575;0.52482843,0.30971083,0.37712708;-0.6344475,-0.20624481,1.9196702;-0.77702975,-1.5300748,-0.32015476;1.770973,0.4564507,-2.0113065;1.2838565,-0.27593353,-0.7348733;-0.05235294,-0.019930892,0.5108162;-0.6079519,-1.5066237,-0.33872092;-0.1482304,-0.101390764,0.15722747;-1.5470195,-1.6288462,-0.036818698;-0.07346008,-0.7056571,-0.11002283;0.8849797,-0.9734086,-0.020603716;0.4897302,-0.5799428,0.043210525;-0.8753761,0.7841188,-0.15846133;1.7357076,0.41941348,-1.9287163;-0.54309857,-1.9786599,-0.0035564147;-1.9303666,1.1167325,-0.3226486;-0.60749936,-1.381297,-0.3212683;1.0248684,-0.98643947,-0.7583887;-2.3386462,1.2371792,-0.3311417;-0.558785,0.2497218,-0.18109925;0.9389983,1.4561853,1.622413;0.6059852,0.22463796,0.52872425;0.378427,-2.4155982,-0.5114987;-1.0382814,-1.6717993,-0.27245635;1.1056783,-0.14757496,0.25813967;-0.9645349,0.52689016,0.29366404;-0.17031373,-1.9230239,-0.12733182;0.8092634,-0.91125536,-0.7676096;-0.47272295,1.1484827,-1.1293801;-1.6439792,0.667567,-0.058912702;-0.24664398,1.0028651,-1.1476064;0.7850344,1.6924498,1.435063;1.7876488,0.24587658,-2.579992;1.8261255,0.282804,-2.4756088;-0.7511322,1.3392925,-0.4774159;0.35591957,-0.30073154,-0.54574764;-0.2737501,0.18387835,0.14525642;0.386625,-2.412868,-0.40324196;-0.52420807,-2.0087955,0.009388661;0.25681576,-2.4597673,-0.3233803;0.22678761,-0.5433004,0.66562617;-0.6979509,-0.20622562,2.2386515;-0.06636489,0.4372712,-1.154348;1.1238191,1.9159223,1.4601773;-0.041562572,-0.33010054,0.7755489;-1.181577,0.66378695,0.17486696;-0.68518007,0.41075793,0.28238055;0.36244956,-0.92300195,-0.53762513;-0.8291754,-0.34709865,2.3732429;-0.06888305,-0.0896757,0.07835331;1.1484239,-0.3610193,-0.69007254;0.48525965,-0.1414154,0.3544077;1.6857367,0.4474838,-2.0331175;-1.0019116,1.3790416,-0.41527966;-0.039968,-0.30912516,0.8926578;-1.1689767,-0.0009649405,-0.07865985;0.5995476,-0.30027884,-0.078672536;-0.6581715,0.7468289,-0.2709651;0.93776494,1.2403444,1.2274647;-0.77861595,1.3221425,-0.51985;0.003616229,-0.6571892,-0.21337533;0.23186035,-0.4175416,0.64873517;1.6073657,0.4939903,-1.6709446;-0.589628,-1.2983415,-0.042303894;1.3535029,-0.14258572,-1.0587444;1.0121745,-0.88233703,-0.6170899;0.026245166,-2.2686806,-0.3068543;-0.18656,-0.7781803,-0.158928;1.7709728,0.45645076,-2.0113065;-0.4368034,-2.1598346,-0.13281907;0.16067353,-0.9188067,-0.49210653;-0.3545724,0.04898545,1.1253611;0.84907645,2.2055442,1.5830826;0.9096889,0.6436801,0.7065801;0.6638512,0.2432143,0.5644163;-0.2617973,-0.124794155,0.9699189;-0.39184386,0.20571364,-0.3759534;1.5266516,0.43310922,-1.1979817;1.0956057,0.07649437,0.42879796;-0.09762566,-0.64794654,-0.06299615;-0.38121372,-2.0322711,-0.29967466;-0.39422134,0.56272984,-0.4391801;0.72121537,-0.1777272,0.1438181;1.024311,0.2999306,0.56904197;-1.8399893,0.33340222,0.013605041;-0.55948526,1.2663907,-0.90874714;-0.25533834,-0.0768414,1.0212525;0.75541294,-0.6438175,-0.12995206;1.5527246,0.45334953,-1.4266795;0.9078347,0.9890811,0.976471;-0.61181766,-0.29475036,1.9637824;-0.65915805,-0.14468464,1.7758279;0.9930976,1.3514816,1.3042511;1.7920876,0.30490014,-2.346799;-0.5224622,-0.14479195,1.5436195;0.14590247,-0.35180178,0.65121907;1.0327635,1.5158497,1.058741;-0.689324,-0.23948057,2.231446;-0.1187259,-0.3992516,0.803641;0.6748055,-0.8437835,-0.05205649;0.8697773,0.28206834,0.57044834;-0.9322222,-1.3392437,-0.30001673;-0.15272215,-0.79755145,-0.39131752;1.4699061,-0.18684044,-1.0669456;-0.34787282,0.4546376,-0.32849413;-0.06018052,0.48819846,-1.1865801;-0.9109406,0.78529215,-0.12147303;0.4350878,-0.47852463,0.045414057;-0.4732599,-2.088687,-0.019941235;-0.5639348,-0.99378794,-0.08809899;-0.68309706,1.2770531,-0.45700866;1.1853898,-0.87209666,-0.73778677;-0.023917913,-0.009593403,0.5653673;1.7059199,0.40306816,-1.9919734;-0.3560827,1.1569389,-1.1074967;-1.9945387,0.46118242,-0.00033582706;-0.14587188,-0.04355325,0.23357843;0.9825969,-1.0821922,-0.69249475;-0.75121224,-0.30731136,2.3067331;-0.32322386,0.052738275,0.61722386;-0.6173697,-0.36842975,2.355252;-0.5981571,1.2540399,-0.85973376;1.16254,0.058003385,-0.7425856;0.9892911,1.8405857,1.3162649;1.666804,0.46878153,-1.8043939;0.45017272,-0.22227387,-0.4555064;1.470947,-0.6142332,-0.900213;-1.2950988,0.036742013,0.018524814;1.2049474,1.8994013,1.4109732;1.7117634,0.4285325,-1.9685023;1.0955281,-0.2398943,-0.09290929;-0.75664496,1.3575596,-0.43525994;0.95019996,0.20612574,0.6055881;1.1700284,1.6225839,1.1327566;0.6715276,-0.07182245,0.3600823;0.55036366,-0.26937702,-0.112987906;-0.820769,-0.21921442,1.947053;-0.12437561,-0.8727938,-0.07395283;-2.046678,0.9808177,-0.1878899;-0.25452366,-0.041962124,-0.11867016;1.7133114,0.33757684,-2.147275;1.1373582,0.10675899,-0.5921783;0.14281572,0.008684205,-0.974393;-2.2764974,1.1798998,-0.3136943;0.38424447,-0.6167148,-0.31196213;0.94750047,-0.110390514,-0.76206166;0.9560218,-0.8797801,-0.39184633;-0.6800987,0.34334365,0.19336973;1.13655,1.5502728,1.1767038;1.0098109,1.33993,1.0682222;0.10180397,-0.4980106,0.7358358;-0.63292384,-0.11896573,1.6870046;-1.7263821,0.6123999,-0.30077797;1.153693,2.0427525,1.5045633;-1.0076709,-0.061159287,-0.16088513;-0.09735337,1.1778089,-1.0359687;-0.047095962,-0.11532209,0.603388;-0.29691073,0.46021882,-0.17274086;1.1750755,1.4816763,1.3511546;-1.505287,0.23995039,0.05513306;-0.8955185,0.48941654,0.30833092;-1.1931149,1.269439,-0.35800967;-0.5293806,0.6983226,-0.15763693;0.9791837,0.37377378,0.59701437;-0.5329429,0.20108922,-0.19333255;1.7551392,0.31937337,-2.428029;0.98014617,0.16852558,0.4324739;1.5152287,0.61463326,-1.3105824;-1.2876868,-1.6308028,-0.14586489;0.25599498,-0.7478368,-0.49119374;-0.23981708,0.17755404,-0.014320266;-0.28050107,1.2642963,-1.1124214;-0.16068158,-0.66473126,-0.3468817;-1.8927023,0.41088605,0.030175723;1.5547831,0.37810162,-1.2520094;1.600962,0.4839923,-1.4909371;1.1740321,0.00991077,-0.61489123;0.09598349,0.29976907,0.76387125;1.1603532,1.7808739,1.367234;0.4380283,0.16715363,0.56172895;0.21308878,0.08482561,0.43427438;0.47427356,-0.35902286,-0.64785993;1.4690436,0.6995543,-1.3555773;-0.90101194,-1.5448934,-0.2247127;1.7310066,0.33888075,-2.1649003;-1.7652924,0.26118127,-0.015423385;-1.1986849,1.4180919,-0.36680767;-0.5572969,-0.17032073,1.6387486;-0.1499958,0.6831586,-0.9470646;-0.043298427,-0.32302392,-0.4875439;-1.3885907,0.0803733,0.13399579;-0.74485016,-1.6062739,0.017619459;-0.30846834,-0.7834309,0.09593761;0.9916674,1.1456872,0.8692408;-0.08328954,0.42325288,0.48716372;-0.853722,1.3415782,-0.52174383;0.9249095,-0.7983235,-0.14791614;1.3444285,0.29730052,-1.229919;-0.5857364,1.066872,-0.58657193;-0.6936649,-1.5093433,-0.28404287;1.3588636,-0.74037224,-0.8943259;1.0377904,0.09330794,0.5564603;-1.7432755,1.01267,-0.29873323;-0.023109445,-0.3023911,0.9277808;1.197184,-0.10525866,-0.585353;-0.08302441,-0.28554648,0.800805;-1.4231919,0.054185167,-0.06988526;-0.8190845,-1.4675149,-0.32187647;1.2590834,-0.30765527,-0.97342503;-1.2356763,-1.5839841,-0.22672884;-0.30948487,1.1512114,-1.1257604;-1.0687939,1.1780033,-0.35781208;0.7353393,-0.8303331,-0.04917744;-0.85519063,-0.3237427,2.2198193;1.7147837,0.4845377,-1.902177;1.3049531,-0.42107427,-0.6138794;1.0075287,-0.7918304,-0.5244329;-0.5116553,1.2450744,-1.2890688;-1.1029792,-1.6624517,-0.22660154;-0.035000592,0.46734175,-1.0515939;-0.59970003,0.7567915,-0.14173727;1.5251987,0.4703341,-1.2036163;-0.056045264,-0.07380257,-0.028257525;-0.50763595,0.94871664,-0.5990239;-0.22930609,0.28570968,-0.14397411;-1.6162153,0.9700468,-0.21520285;0.92619437,-1.1464303,-0.6175293;0.45556387,0.27751476,0.5298634;1.0544003,2.2630124,1.6437174;0.5335636,-0.33963737,0.263408;1.1051534,-0.9578363,-0.6739423;-0.6917249,0.7337158,-0.20277457;0.9701571,1.6992664,1.5344975;-0.872824,1.3484212,-0.49197543;-1.177253,1.2122878,-0.33291432;0.7447048,-0.48667735,-0.70015526;-0.58545965,1.0387373,-0.44839826;0.831148,-1.1046695,-0.5657488;-2.1179597,1.0495671,-0.30920392;1.4127271,-0.4805643,-0.95417535;-0.41147545,0.8783222,-0.7073026;-0.45152706,-1.0777279,-0.13782947;-0.5379556,0.93743277,-0.5495564;0.9830147,1.397305,1.3253144;-0.5553065,-1.9492154,0.05323665;-0.9399586,-1.2194378,0.12968041;-0.9582042,-0.06826486,-0.19372213;-0.6199424,0.30476472,-0.26450607;1.1153915,1.8232291,1.3945892;0.37946346,0.012893022,0.40228006;0.046341877,-0.35552192,-0.09830006;-1.8967321,0.28718102,0.13374248;-0.93604916,0.2563268,0.110555544;-0.10554733,0.55446064,-1.0559475;-0.050813254,0.46191704,-1.0831814;-0.56381506,-0.16990311,1.6404047;0.65143,0.4450341,0.6641727;-0.5237083,0.47480005,-0.058545392;1.1119517,1.7732812,1.4138635;0.49108317,-0.07273,0.4512993;1.510477,0.3641267,-0.9641265;-0.81350136,-0.090421066,-0.26666436;0.9327282,-0.70576817,-0.19320647;-0.24457353,0.8803204,-1.1081492;1.4326988,-0.61192274,-0.9177117;-0.9117819,-1.8165873,-0.07277371;1.1465398,-0.49823958,-0.8755328;-0.7497371,-0.4731769,2.5606122;1.1293954,1.8051395,1.3431579;1.5374664,0.50453156,-1.4491035;0.9870672,-0.47640112,-0.07254292;0.35793602,-0.41147208,0.6338812;-0.18749765,-2.185534,-0.16424403;1.7228866,0.42790404,-1.9514196;1.310465,-0.050883356,-0.92407364;1.1532375,-0.92518413,-0.7619007;-2.0682063,1.2410702,-0.13823971;0.2690416,-0.25572672,-0.7036702;1.094794,1.7391479,1.2488592;0.429056,0.29402748,0.6167823;0.36269888,-0.23540108,-0.43853435;-0.87602735,-0.4500323,2.097073;0.002823275,-0.007500538,0.4933251;-1.0562973,-1.6655449,-0.25356096;-1.1211449,-1.5704226,-0.1563098;0.9368481,-0.34068394,0.056058615;1.067421,-0.22607563,-0.07886947;0.2467393,0.004579324,-0.04772421;-1.4317342,-1.600044,-0.0679947;-0.8719713,-0.10107309,-0.24624904;1.0250636,-0.4261717,-0.8474321;0.35985875,-2.336771,-0.3490412;-0.305041,-1.1755462,-0.13782257;0.04109583,-2.2980096,-0.28407526;-1.0043153,-1.2337118,0.1472312;-0.02306624,-2.294448,-0.2637957;-0.5270356,-0.1302916,1.5371795;-0.43479308,1.2166476,-1.1517867;1.5155134,0.2309566,-1.2134079;1.0837748,-0.078495435,0.31633598;-0.17883952,1.1993289,-0.97267497;-0.26717973,0.06927602,0.9841615;-2.0039773,1.0299388,-0.17767024;1.0307683,2.2622995,1.5853664;-0.041397493,-2.193484,-0.3764074;-0.3252957,-0.96256185,-0.23727712;0.010886604,0.01794701,0.6300569;-1.9850955,0.2654349,-0.05529742;-1.2353901,-1.5831281,-0.1287396;1.0488564,2.2037382,1.6517115;-1.8775483,0.46382287,0.0069015482;-1.0911685,0.61446065,0.02452063;0.2302304,-0.19999054,-0.19296746;1.1459357,1.4496946,1.0878764;0.4778977,0.14421488,0.38607463;0.012098922,-0.21773797,0.60571676;-0.040637773,-0.06640996,0.3875448;0.050739985,-0.20224778,-0.6675941;-0.3614782,-2.1407733,-0.10384251;-1.7287828,0.7126863,-0.2296762;-1.257547,1.1061167,-0.29847184;0.91003317,-0.9804755,-0.0695259;-0.59753656,0.2944167,0.122382194;-0.30987996,-2.150255,-0.013994278;-0.74717903,-1.6367344,-0.14523947;-1.4208834,0.054912888,0.18539366;0.15776703,-0.29858446,-0.24375464;0.94421786,-1.1509136,-0.62786025;0.9005595,0.7460508,0.75524294;-0.38924253,1.2417022,-1.2680353;0.9085898,1.835326,1.4686644;-1.194576,0.59672946,-0.116684034;-1.0340686,1.1652743,-0.23361282;-0.35474852,1.188383,-1.1081035;0.9853056,0.0840035,0.3882487;-1.6356053,0.36967638,0.04251664;0.5686094,-0.4395836,0.25236043;-0.2706953,0.27424186,-0.29229632;1.5606917,0.47232643,-0.96749604;0.5865269,-0.3444681,-0.62101;1.0175911,1.3627225,1.0826542;0.6999898,-0.7211721,-0.08542409;-0.07405446,0.61278,0.59998226;1.1743649,1.642331,1.142806;-0.85233754,-0.28588733,2.475009;0.29529917,-0.42011198,0.4945607;0.54132926,-0.10424159,-0.24294631;0.05437507,0.1775484,-1.02799;-1.3792772,-1.5584141,-0.09916261;-0.9309638,-1.5816634,-0.26061022;-0.42939982,0.5357154,-0.49996367;0.6937724,-0.8945108,-0.6413958;1.0795618,1.6843008,1.1333838;-0.8935907,-0.35908806,2.3014219;-1.4357305,0.339353,0.08484168;0.8908769,0.97416115,0.99065685;0.49218845,-0.12558831,0.009832586;-0.8837818,-1.4682492,0.016013302;1.3417634,-0.57477486,-0.9203455;-1.8448197,0.9567315,-0.297279;-1.9490049,0.92896837,-0.21201359;-1.0546176,-0.47508505,2.6636784;-0.94793004,-1.7219613,-0.12450288;1.4953202,0.12456539,-1.0549321;0.15782286,-0.019025698,-0.95620155;-0.8810895,-0.5968884,2.702666;-0.42778167,1.1424155,-1.2437171;1.799021,0.29100022,-2.3971126;-0.5847849,1.0627868,-0.59296167;-0.85284096,1.3356314,-0.32572833;-0.93063176,-1.3531591,0.049017243;-0.49665034,1.2648109,-1.0762954;-0.21490997,0.009114249,0.89092755;-1.8792719,0.43786728,0.024629002;-0.65116566,0.34171286,0.05883654;0.25317863,-0.028291687,0.15947916;-0.037345562,-0.8569933,-0.37631312;0.6480455,-0.9003607,-0.65968025;-0.44015187,-2.0952423,-0.021477813;-0.22383377,0.6154383,-0.76014274;-0.33087137,0.5350473,-0.6301608;-0.4203853,-0.060150854,1.2093449;-1.2587633,0.6782763,-0.09876054;-0.33708286,1.2077175,-0.995871;1.7226169,0.51797193,-1.9502369;1.3013818,0.025548998,-0.9164393;0.29523748,-0.4543849,0.57369816;-0.37765703,-1.9670253,-0.32685134;-2.189965,1.1199838,-0.276335;-1.0308036,-0.50231755,2.6767216;0.13253789,-0.14883882,0.38428268;-0.104113996,-0.19736253,0.35284042;-0.9215595,0.8175691,-0.16189447;-0.6188563,1.116118,-0.5845063;-0.43607947,-0.07512801,1.2352542;0.6511094,0.28610602,0.539867;0.101241544,-0.4683192,0.75903875;0.1839466,-2.2418032,-0.41666436;-1.7093351,0.37708268,-0.0029827864;1.1188401,-0.57943153,-0.84835243;1.1832827,-0.9923599,-0.7838975;-0.4904951,-1.4846475,-0.37301764;0.6059189,0.47598717,0.70908403;1.0093219,0.18072318,0.4998329;1.8034426,0.27310088,-2.518788;1.0539277,-0.5471369,-0.8699527;-1.1916918,0.015955307,-0.045291573;0.60551476,-0.56620264,-0.39047703;1.5322987,0.463925,-1.3409847;-0.66977113,-0.10785196,1.7270868;1.531197,0.58925813,-1.3634884;-1.4367714,0.022157919,-0.08864556;0.54284525,0.12850882,-0.22504923;-1.4111235,-1.5567634,-0.0818656;-0.69691145,1.2020706,-0.5972324;1.0571369,-1.2271354,-0.6518492;-0.53856826,-1.2315738,-0.091697685;-1.4136415,0.21443684,0.050142717;-0.28279158,-0.15514016,1.0286723;1.5340663,-0.002842531,-1.0551754;0.7969501,-0.9129547,-0.7626822;-0.9928327,1.2958744,-0.3342368;0.8917507,0.5516665,0.65404654;0.935741,0.5503313,0.6612183;0.8741037,-0.7355083,0.06745628;-0.44143435,0.5151429,-0.49338478;1.7897295,0.38581347,-2.2412968;1.8651835,0.36658496,-2.4055276;1.050943,2.1795218,1.4749268;-0.9887087,-0.4178864,2.81612;0.83487976,0.81121993,0.98141116;-0.24552968,0.3912644,-0.036781024;0.4656629,-0.026893165,0.4730007;-0.9703646,-0.34117997,2.456947;-1.6838303,0.7455638,-0.21943183;-0.46799165,0.77075857,-0.52059287;1.5811584,0.48021215,-1.5602857;0.5608443,0.16784209,-0.22844756
