data_set
babi-q1
num_classes
6
data_points
1000
model
saved_models/babi-q1-e0130.ckpt
color_schema
#4E79A7,#F28E2B,#E15759,#76B7B2,#59A14F,#EDC948,#B07AA1,#FF9DA7,#9C755F,#BAB0AC
test_accuracy
0.864
test_loss
0.4417968125343323
train_accuracy
0.9255
train_loss
0.19599093852937222
val_accuracy
0.8895
val_loss
0.3547206709384918
labels
12,9,15,12,15,12,11,12,17,17,15,11,17,10,10,15,11,15,17,15,12,17,17,12,10,10,10,15,15,15,12,17,15,15,9,17,9,11,15,10,9,11,9,12,11,15,12,9,17,10,10,17,11,11,15,10,15,12,11,12,12,17,9,11,11,15,15,9,17,17,11,12,11,10,9,15,15,15,12,17,11,9,10,11,17,11,11,12,15,15,9,9,12,9,9,15,15,15,10,10,10,9,17,11,11,12,10,9,17,10,9,9,15,12,15,11,17,15,9,17,10,9,10,12,10,17,11,11,11,9,11,12,9,11,15,9,17,15,9,9,17,12,12,17,10,15,15,15,15,15,11,11,9,17,10,9,11,10,17,12,10,10,10,11,9,11,11,11,15,10,17,17,11,9,9,17,15,10,17,17,12,12,12,12,10,9,17,11,15,17,12,15,11,12,12,11,17,15,9,10,12,17,17,10,12,9,15,12,9,12,9,10,12,10,9,10,9,12,12,9,9,12,15,12,10,17,12,11,9,9,17,11,12,17,12,10,10,10,10,17,12,15,11,11,15,15,11,11,11,11,10,17,9,9,10,10,17,17,15,11,11,17,12,17,17,9,11,10,9,10,15,17,17,15,9,17,15,12,17,9,9,11,17,17,11,17,9,17,11,9,15,15,10,15,15,11,11,12,12,9,9,9,9,17,12,11,9,17,17,15,11,11,17,10,11,17,10,17,17,11,11,15,15,11,11,9,10,11,11,10,15,17,15,10,10,17,12,17,12,12,12,11,17,15,11,17,12,12,15,15,10,11,11,10,10,9,17,12,11,12,11,9,11,11,11,11,11,12,12,12,12,12,11,11,17,10,15,9,9,10,9,10,10,17,17,15,17,17,17,15,15,12,9,10,17,17,10,17,9,11,10,11,10,15,17,15,12,10,11,15,10,11,9,12,17,10,10,15,12,9,12,12,9,12,10,15,15,17,10,10,17,15,15,15,17,11,15,9,10,11,10,12,9,11,10,11,10,12,11,15,15,15,15,11,9,15,10,12,11,12,9,11,10,17,11,11,10,10,10,17,12,17,17,9,15,11,9,15,11,9,10,10,12,12,11,10,9,12,10,9,15,10,10,11,11,15,15,10,12,12,15,11,9,12,9,15,10,17,17,10,10,17,10,10,17,9,9,10,12,11,17,17,12,12,11,12,17,11,11,12,11,11,11,17,9,11,10,12,12,10,11,17,12,12,15,11,15,15,12,10,10,9,17,10,15,12,15,10,10,10,11,10,11,15,10,9,9,15,10,10,10,10,15,15,17,9,10,12,10,10,12,12,11,15,10,10,11,12,10,10,17,12,17,11,9,9,17,17,11,10,10,10,15,15,17,11,15,12,11,10,15,17,9,11,9,17,15,12,15,17,11,17,17,15,9,10,9,9,10,10,9,10,10,15,11,11,11,15,12,9,11,11,10,17,11,11,12,17,15,15,9,11,15,15,11,9,15,15,11,15,15,15,11,10,10,9,17,17,17,17,10,10,17,9,15,9,17,12,12,12,15,15,15,17,9,11,9,17,9,12,11,9,9,17,11,11,11,10,15,10,12,12,9,9,17,12,12,9,17,12,11,11,15,15,12,11,12,17,12,17,11,12,11,17,17,11,17,9,11,9,10,10,12,17,10,12,9,9,9,15,11,11,15,17,9,10,9,12,17,15,17,17,12,10,12,11,11,17,15,9,17,10,9,11,12,15,9,15,12,10,9,10,17,17,15,15,9,9,9,17,10,17,17,9,12,17,17,12,12,11,11,11,11,17,11,17,17,17,17,17,12,9,17,10,17,11,10,10,12,12,11,11,17,12,12,17,17,15,11,17,11,11,9,12,9,17,9,10,9,15,11,9,11,15,10,9,9,9,17,12,11,11,17,15,15,10,10,11,11,17,10,12,9,10,10,10,10,10,15,17,9,11,17,15,12,11,10,10,15,12,10,11,12,12,11,11,11,15,12,17,10,12,17,17,12,10,10,12,17,10,11,17,11,12,17,17,11,12,11,17,9,9,11,17,11,11,15,15,17,17,10,10,17,12,11,15,12,11,11,10,9,12,12,15,10,9,17,15,17,9,17,17,10,17,15,12,12,11,10,10,10,17,17,15,12,17,9,9,15,10,12,15,15,15,17,17,15,11,15,10,12,9,9,10,11,11,9,9,12,15,9,15,9,12,12,10,17,17,10,12,15,9,10,17,11,11,11,17,9,9,11,15,11,11,11,15,12,17,9,10
pred_labels
12,9,15,12,15,12,11,12,17,17,15,11,11,10,11,15,11,15,11,12,12,17,17,17,10,10,10,15,12,15,12,17,15,15,9,17,9,11,15,11,9,11,11,11,11,15,12,9,17,10,10,17,11,15,11,10,15,12,12,12,12,17,9,11,12,15,15,9,17,10,11,12,11,10,9,15,11,15,12,17,11,9,10,15,17,11,11,12,15,15,9,9,12,9,9,15,15,15,10,10,10,9,17,11,11,12,10,9,17,10,9,17,15,12,15,11,17,15,15,17,10,9,9,12,10,17,11,15,11,9,11,10,9,11,15,9,17,15,9,9,17,12,12,17,10,15,15,15,15,11,11,11,9,17,10,9,11,10,17,12,10,10,10,11,9,11,11,11,15,10,17,17,11,9,9,17,15,10,17,17,12,12,12,12,10,9,17,11,15,17,12,15,11,12,11,11,17,11,9,10,12,17,17,10,12,9,15,12,9,9,9,10,12,10,11,10,9,12,12,12,9,17,15,17,10,17,17,11,9,11,17,11,12,17,17,10,10,9,10,17,12,15,11,11,15,15,11,11,9,11,10,10,9,9,10,10,17,17,15,11,11,17,12,17,17,9,11,10,9,10,15,17,17,15,15,17,15,12,17,9,9,11,17,12,11,17,9,9,11,9,15,15,10,15,15,11,11,12,12,9,9,11,11,17,17,11,9,17,9,15,11,11,17,10,11,17,10,17,15,11,11,15,15,11,17,9,10,11,15,10,15,17,15,10,15,17,12,9,12,11,12,11,17,15,11,17,17,12,12,15,10,11,11,10,10,9,17,12,11,12,11,9,11,11,11,11,11,12,12,12,12,12,11,11,17,10,15,9,11,10,9,10,12,17,17,15,17,17,17,15,15,12,9,10,17,17,10,17,9,11,10,11,10,15,17,15,10,17,17,15,10,11,9,12,17,10,10,15,12,9,12,11,9,10,10,15,15,17,10,10,17,15,15,10,17,11,11,9,11,11,10,12,11,11,10,11,10,12,11,15,15,11,15,11,9,15,10,12,11,12,9,11,10,17,11,11,10,15,10,17,12,17,17,9,15,11,9,15,11,9,10,11,12,12,11,10,9,12,10,11,15,10,10,10,10,15,17,10,12,12,15,11,9,12,9,15,10,17,17,10,10,17,10,17,15,9,9,10,12,11,17,17,12,12,11,12,17,11,12,12,11,11,11,12,9,11,10,12,12,10,11,17,12,12,15,11,15,15,12,10,10,9,17,10,15,12,15,10,10,9,11,10,11,15,10,9,9,15,10,15,10,11,15,15,17,9,10,12,10,10,12,12,11,15,10,10,11,12,10,10,17,12,17,11,9,9,17,12,12,10,10,10,15,15,17,11,15,12,12,10,15,15,15,11,9,17,15,12,11,17,11,17,10,15,9,10,9,9,10,10,9,10,10,15,15,11,11,15,17,9,11,11,10,17,11,11,12,17,15,11,9,11,15,15,11,9,15,15,11,15,15,12,11,10,10,9,17,17,17,11,10,10,17,11,15,9,17,12,10,10,15,15,15,17,11,11,9,9,9,12,11,9,9,17,11,11,11,9,15,10,12,12,9,9,17,12,11,9,9,11,11,11,15,15,12,11,12,17,17,17,11,12,10,17,17,11,17,9,11,9,10,12,12,17,12,12,9,9,9,11,11,11,11,9,9,10,9,12,17,15,17,10,12,10,10,11,11,17,9,9,17,10,9,11,12,15,11,15,12,10,9,10,17,17,11,15,9,9,9,17,10,17,17,9,12,17,17,12,17,11,11,11,9,17,11,17,17,9,17,9,12,9,17,10,17,11,10,10,12,17,11,15,11,12,12,17,17,15,11,17,11,11,9,12,11,17,9,10,9,15,11,9,9,15,10,9,9,9,17,17,11,11,9,15,15,10,10,9,11,17,10,12,9,10,10,10,10,10,15,17,9,11,17,15,12,11,10,15,11,12,10,11,12,12,12,11,11,15,15,17,10,12,17,15,12,10,10,12,12,9,11,17,11,12,17,17,11,12,11,17,9,17,11,11,11,11,15,15,11,17,10,10,17,10,11,15,12,11,11,10,9,12,12,15,10,9,17,15,17,9,17,17,10,17,15,12,12,11,10,10,10,17,17,15,12,17,9,9,15,10,12,15,15,15,17,17,15,11,15,10,12,9,9,10,11,11,9,9,12,12,9,15,9,12,9,10,17,17,10,12,15,9,9,17,11,11,11,17,9,9,11,15,11,17,11,15,12,17,9,11
pred_correctness
True,True,True,True,True,True,True,True,True,True,True,True,False,True,False,True,True,True,False,False,True,True,True,False,True,True,True,True,False,True,True,True,True,True,True,True,True,True,True,False,True,True,False,False,True,True,True,True,True,True,True,True,True,False,False,True,True,True,False,True,True,True,True,True,False,True,True,True,True,False,True,True,True,True,True,True,False,True,True,True,True,True,True,False,True,True,True,True,True,True,True,True,True,True,True,True,True,True,True,True,True,True,True,True,True,True,True,True,True,True,True,False,True,True,True,True,True,True,False,True,True,True,False,True,True,True,True,False,True,True,True,False,True,True,True,True,True,True,True,True,True,True,True,True,True,True,True,True,True,False,True,True,True,True,True,True,True,True,True,True,True,True,True,True,True,True,True,True,True,True,True,True,True,True,True,True,True,True,True,True,True,True,True,True,True,True,True,True,True,True,True,True,True,True,False,True,True,False,True,True,True,True,True,True,True,True,True,True,True,False,True,True,True,True,False,True,True,True,True,False,True,False,True,False,True,True,False,True,True,False,True,True,True,True,False,True,True,False,True,True,True,True,True,True,True,True,True,True,False,True,True,False,True,True,True,True,True,True,True,True,True,True,True,True,True,True,True,True,True,True,True,True,True,True,False,True,True,True,True,True,True,True,True,False,True,True,True,False,True,True,True,True,True,True,True,True,True,True,True,True,True,False,False,True,False,True,True,True,False,True,True,True,True,True,True,True,True,True,False,True,True,True,True,True,False,True,True,True,False,True,True,True,True,True,False,True,True,False,True,False,True,True,True,True,True,True,False,True,False,True,True,True,True,True,True,True,True,True,True,True,True,True,True,True,True,True,True,True,True,True,True,True,True,True,True,True,True,True,False,True,True,True,False,True,True,True,True,True,True,True,True,True,True,True,True,True,True,True,True,True,True,True,True,True,True,True,False,False,False,True,True,True,True,True,True,True,True,True,True,True,True,False,True,False,True,True,True,True,True,True,True,True,True,False,True,True,False,True,False,True,True,True,False,True,True,True,True,True,True,True,True,False,True,True,True,True,True,True,True,True,True,True,True,True,True,True,True,False,True,True,True,True,True,True,True,True,True,True,True,True,True,False,True,True,True,True,True,True,True,False,True,True,True,False,False,True,False,True,True,True,True,True,True,True,True,True,True,True,True,True,True,True,True,False,False,True,True,True,True,True,True,True,True,True,True,True,True,True,False,True,True,True,True,False,True,True,True,True,True,True,True,True,True,True,True,True,True,True,True,True,True,True,True,True,True,True,True,True,True,False,True,True,True,True,True,True,True,True,True,False,True,False,True,True,True,True,True,True,True,True,True,True,True,True,True,True,True,True,True,True,True,True,True,True,True,True,True,False,False,True,True,True,True,True,True,True,True,True,False,True,True,False,False,True,True,True,True,True,False,True,True,True,False,True,True,True,True,True,True,True,True,True,True,True,False,True,True,True,False,True,True,True,True,True,True,True,True,True,True,False,True,True,True,True,True,True,True,True,True,True,True,False,True,True,True,True,True,True,True,False,True,True,True,False,True,True,True,True,False,False,True,True,True,True,False,True,True,False,True,True,True,True,True,True,True,True,True,False,True,True,True,True,True,True,True,True,False,True,False,False,True,True,True,True,True,True,True,True,False,True,True,True,False,True,True,True,True,True,True,True,True,False,True,True,False,True,True,True,True,False,True,True,False,False,True,True,True,True,True,True,True,False,True,True,False,True,True,True,False,True,True,True,True,True,True,True,False,True,True,True,True,True,True,True,False,True,True,True,True,True,True,True,True,True,True,True,True,True,False,True,True,True,False,True,True,True,True,False,True,False,True,True,True,True,True,True,True,True,True,False,True,False,False,True,True,True,True,True,True,True,True,True,True,True,False,True,True,True,True,True,True,True,False,True,True,True,True,True,True,False,True,True,False,True,True,True,True,False,True,True,True,True,True,True,True,True,True,True,True,True,True,True,True,True,True,True,True,False,False,True,True,True,True,True,False,True,True,True,False,True,True,True,True,False,True,True,True,True,False,False,True,True,True,True,True,True,True,True,True,True,True,False,True,False,True,True,True,True,False,True,True,True,True,False,True,True,True,True,True,True,True,True,True,True,True,True,True,True,True,True,True,True,True,True,True,True,True,True,True,True,True,True,True,True,True,True,True,True,True,True,True,True,True,True,True,True,True,True,True,True,True,True,True,True,True,True,True,True,True,False,True,True,True,True,False,True,True,True,True,True,True,True,False,True,True,True,True,True,True,True,True,True,True,False,True,True,True,True,True,False
p2d-kl
0.5386974215507507
p2d-iter
599
p2d
2.193627,0.33242336;-0.7909161,1.0748669;0.7617658,-0.7809037;1.7226363,0.27673003;1.1334027,-1.0446919;2.0410824,0.1995624;-1.4322153,-1.0744818;1.29113,-0.085851684;-0.16325225,0.49339998;-0.48001862,0.6024983;0.91602284,-0.8932801;-0.9845386,-0.62848604;-0.0534796,-0.13100263;0.28175148,-1.7570708;-1.0694376,0.4942402;0.74305886,-0.76977855;-1.0920953,-0.847634;0.965903,-0.90855104;-0.8368829,0.35968578;-0.26495326,0.53787863;1.962074,0.14868458;1.1082517,0.9472243;0.40150246,0.2777078;-1.2830521,0.7907371;-1.1130781,0.54633784;0.45278725,-2.0928032;0.38473606,-2.1427166;0.91585624,-0.7544449;0.36042318,-0.21441858;-1.2652738,0.56763273;1.6101173,0.2116866;1.2684028,1.0179976;1.243471,-1.096849;0.79955876,-0.7902286;-0.42573833,1.7144258;0.7822732,0.80091065;-0.60603434,1.4510671;-0.7470107,-0.42187992;0.2639604,-0.14483953;-0.41455853,-0.0052964063;-0.4441131,1.9769987;-1.163926,0.1211693;-1.1179532,0.5258545;0.006059392,-0.08257286;-1.1549385,-0.95604825;0.091078274,-0.37595618;-0.6978396,0.2294723;-0.2949487,2.075296;0.6809019,0.7914757;-0.24648055,-1.5421785;-0.19264737,-1.6386707;0.9826655,0.73849094;-0.79202247,-0.41004083;-0.8172037,0.3601083;-0.878877,0.27310058;0.42466816,-2.1162624;0.10357283,-0.3875671;1.622738,0.058119413;1.265741,0.2774114;1.3579327,0.73214763;2.1431117,0.2997956;0.72751373,0.8154929;-0.31775954,2.111891;-1.489442,0.6601032;-0.31101334,0.60235053;1.3009998,-1.081632;-0.9154367,0.34163874;-1.5863327,0.6220754;0.9371811,0.76924;0.23419726,0.020134566;-1.405533,-0.98117465;1.7304225,0.27901292;-1.0113626,-0.6602248;-0.2665226,-1.6099601;-0.35315245,1.9032303;1.2051221,-0.98247945;-0.2622947,-0.1866903;1.2075691,-1.0924047;0.558341,-0.4011382;0.9658688,0.9225264;-1.2945632,-0.98020095;-0.6756284,1.4779518;0.1319656,-2.0057156;-0.54171383,0.050407786;0.8944724,0.84927374;-1.3698243,-0.99827844;-1.440392,-1.0329876;2.136877,0.33312;1.2004983,-1.0465416;1.2122273,-0.93998444;-0.38766462,2.0389745;-0.5703033,1.6674565;1.4529983,0.06253943;-0.6338288,1.5092735;-1.3768772,0.88428664;0.6908931,-0.7037036;0.33841,-0.43303964;0.8162203,-0.753756;0.25775123,-1.7357846;-1.4390817,0.43542576;0.16410331,-2.112598;-0.704499,1.35885;1.088962,0.5524698;-1.1742587,0.23535787;-1.3299873,0.5972029;1.690599,0.07941094;-0.27015415,-1.4953296;-1.4013864,0.7196048;1.2051873,0.56523985;-0.021992538,-1.8298773;-0.28375366,2.0499246;-1.2549089,0.6467299;0.99732625,-0.92238367;2.0593734,0.15618865;0.54486525,-0.4129882;-0.81697834,-0.4167731;0.13909419,0.25141957;-0.761456,0.72052664;-1.2626438,0.56396997;-0.0474483,0.5776717;-0.23220061,-1.5904205;-0.4579608,1.8344493;-1.0930351,0.800792;1.2571788,0.32609642;0.39568555,-2.116777;1.3344495,1.0000343;-1.0997293,-0.8403584;-0.05103412,-0.024001375;-1.3658558,-1.0317119;-0.5802284,1.3409119;-1.4783975,-1.1553186;0.3451148,-1.7070549;-0.6921159,1.2431003;-0.98587394,0.23526582;-0.92704886,0.37001568;-0.34026703,2.1201198;1.3336649,0.8146602;0.83622634,-0.84483385;-0.7724665,1.1967431;-0.8166757,0.765427;0.88579744,0.8888975;1.8874925,0.28355384;-0.42904916,0.5591975;1.1321156,0.40430382;-0.4138706,-1.5226214;1.1464065,-0.96803343;-0.51081043,0.049391344;0.9521561,-0.7532338;0.9387519,-0.8621738;-0.14697908,-0.448939;-1.1423767,-0.722789;-0.9516724,-0.6630302;-0.69922155,1.0139058;1.2555411,0.51382995;-0.06430449,-1.6730416;-0.5364454,1.6280059;-1.0819467,0.23002486;-0.41466248,0.18177347;0.5342592,0.6514905;1.497951,0.068691224;0.32042408,-2.024506;-0.33272928,0.31636044;-0.044281382,-1.755957;-0.76076835,-0.41959038;-1.0944865,0.87899834;-1.2591668,-0.9501128;0.010131523,-0.053401288;-0.16133119,-0.19069786;-0.04117497,-0.30939886;0.03638577,-1.8352826;0.83957714,0.7977499;-0.2264277,0.58046526;-0.05911956,-0.06056991;-0.52804416,1.7215134;-1.3964622,0.80705225;1.1109276,0.99105877;0.5588711,-0.6765619;0.03482093,-1.8216807;1.0089958,0.5622868;-0.057923913,0.4083304;1.8026135,0.124675915;0.23268735,0.1739274;1.2326099,-0.0230773;1.7404321,0.10487245;0.16775228,-1.8558253;-0.39511794,2.071401;1.4036635,0.9146928;-1.1613083,0.09173062;0.5762704,-0.68547875;1.3430876,0.8309944;1.8951824,0.18512613;1.0929309,-1.0251174;-1.3915159,-1.1709222;1.7558136,0.29362085;-0.66139764,0.16791838;-1.5270396,-1.1872829;-0.7189399,0.3991368;0.106715605,-0.083733276;-0.5640967,1.4321532;-0.20372693,-1.603708;1.9076086,0.2565717;0.6144962,0.7078037;-0.031069983,0.38133085;-0.2514487,-1.5494978;1.1161104,0.18729135;-0.4131195,1.9721578;0.41568822,-0.48191065;2.0980465,0.3500035;-1.1046959,0.88370526;-1.1433598,0.8218462;-0.6673748,1.4151704;-0.29000682,-1.5640168;1.668317,0.30413878;-1.0801462,0.75989026;-1.1769103,0.5189641;0.4123619,-1.9623607;-0.7275974,1.2523905;1.967211,0.17155148;2.1371813,0.34852672;-1.2217133,0.7137225;-0.62018037,1.4625524;1.119633,0.35439026;1.0465807,-0.8388646;0.36100882,-0.19422539;-0.090802684,-1.715416;0.63009214,0.7016952;-0.049437337,0.29162776;-1.1687216,-0.8631128;-0.51934665,1.8386873;-0.77550614,0.80000496;0.602952,0.66699296;-1.4939046,0.67334676;1.3615483,0.26005474;1.0481256,0.8505676;-0.46352807,0.52848274;0.0659467,-2.0207314;-0.29992616,0.06345843;-1.6292107,0.64418703;-0.3112089,-1.6306146;-0.68471193,0.39677405;1.3089867,-0.01754489;1.1148458,-1.0057473;-1.2546538,-1.0354745;-1.0511619,0.4630049;0.7076978,-0.74096674;1.2044423,-1.0118837;-1.5038306,-1.0248749;-0.24655326,-0.25189742;-0.5818676,0.658053;-0.7235919,-0.64072764;-0.3861871,-1.5150794;-0.5124004,0.2522082;-0.5098076,1.5513749;-1.7269294,0.7176624;0.014778103,-1.8558035;-0.04158858,-1.8311355;0.92069423,0.7420696;-0.15341516,0.3763019;0.15061216,-0.41413388;-1.4322791,-1.0527946;-1.6154553,-1.196013;0.5767062,0.65582305;1.6772636,0.111512914;0.73626655,0.7250819;0.093647026,0.3177458;-0.63835245,1.4416693;-0.93402535,-0.7203986;0.31285346,-2.1513028;-0.6653114,1.1090174;-0.348133,-1.6208088;1.0708568,-0.9890297;1.0346049,0.5301799;-0.06263104,0.44536692;0.98856854,-0.7972255;-0.73222613,0.680691;0.6794692,0.6211461;-0.76126677,0.67156494;2.076922,0.32844374;1.3232533,0.7582249;-0.5673668,1.5934259;-0.45841324,1.9561391;-1.1176096,-0.71222866;0.46751276,0.57214606;-0.3018497,0.53768206;-1.3245424,-1.0466464;0.8001216,0.84758854;-1.2696036,0.9660591;-1.6079946,0.65094864;-1.1632897,-0.8066662;-0.6747781,1.3539163;1.2814145,-1.0897981;-0.5303271,-0.02295889;-0.1292775,-1.6946996;0.9896335,-0.8927042;0.97925544,-0.8639507;-0.8917063,-0.58099824;-1.0741783,0.2723952;-0.6585262,0.4612597;1.9230069,0.29218173;-0.7652588,1.2129927;-0.36286637,2.0759118;-1.5518126,0.69288635;-0.69571924,0.24313769;1.1151558,0.9636393;0.33392,0.19669625;-1.0716212,-0.6553156;-0.37674892,1.7784934;0.29151943,0.11133461;-1.7030513,0.699926;0.43414554,-0.570251;-1.0760018,-0.74226505;-0.38201553,-0.019319706;-0.56035197,0.5055285;0.17892049,-1.8496888;-0.65021044,0.29386055;1.1810637,0.99510074;-0.39069387,-1.4828088;0.93347716,0.81405956;0.46139687,-0.39223778;-0.24842349,-0.2727572;-1.411457,-1.1006544;1.2553456,-1.1029906;-0.8419691,0.7587658;-1.5007591,-1.2612305;-0.26902717,0.29146874;-0.52243704,1.8210974;0.41792762,-2.059465;-1.458389,-1.2095234;-0.108084895,-0.17293362;0.27203125,-2.0037336;0.7189441,-0.74738514;0.77314776,0.8160587;0.50926256,-0.40426627;0.3759495,-1.726401;-0.22117697,0.29529938;1.2375244,0.77544546;1.3199543,-0.052445896;-1.4468325,0.76144046;1.986209,0.14511912;-1.7215753,0.6362574;2.0875573,0.23799616;-1.2676296,-0.9008257;-0.0022696839,0.5645219;1.2712121,-1.0123144;-1.0565418,-0.69607663;0.827004,0.8601177;1.0830301,0.8403005;1.6887503,0.04079839;-0.6461281,0.3088091;1.3288064,-1.145445;0.41097298,-2.15502;-0.7178257,0.21042387;-1.3786883,-1.1320508;-0.026576668,-1.8997358;-0.5564334,0.33253342;-0.6295524,1.3881878;1.2886097,1.0142792;1.1858181,0.34654558;-1.2433612,-0.865144;1.8144686,0.14652394;-1.2681665,-1.0994657;-0.60687715,1.1988379;-1.1611184,0.14210567;-0.10775438,-0.1743734;-1.1965669,0.30978626;-1.6370387,-1.2429955;0.17367648,-0.16157766;1.2082963,-0.09390045;2.1094158,0.29625943;-0.2979003,0.5965729;1.4827539,0.059464514;-0.21608526,0.40108103;-0.7814825,-0.37851438;-1.0502505,0.46900025;0.83131725,0.8851977;-0.012290186,-1.7538022;1.1708115,-1.0516561;-0.6201211,1.3429021;-0.7728226,0.46865124;0.27688873,-1.7848253;-0.37774247,2.0787306;-1.1144276,0.6987725;-1.6161052,0.5875975;0.25254458,0.25403094;0.35761243,0.24984737;0.17191729,-0.42238936;1.0156192,0.90446424;0.8103273,0.8202399;-0.55449283,0.48347345;0.5996887,-0.5083959;1.132516,-0.9605218;1.599198,0.12505603;-1.1939987,0.95386606;-0.29244235,-1.5412235;1.277051,0.74060106;0.87122613,0.80751616;1.0204998,0.14202349;1.4320608,0.905249;-0.57292384,1.6193024;-1.1700233,0.1562371;-0.04040567,-1.8405892;-1.6007882,-1.214324;0.3559846,-2.0619597;0.54537344,-0.7070558;0.9636882,0.8094993;-0.027020449,-0.30411607;0.3208006,-0.10473527;0.007085626,0.30733252;-0.22637245,0.52416253;0.8522052,-0.66805536;0.21864197,-2.1516957;-1.0501497,-0.6692384;-0.44933328,1.7747111;1.186413,-0.1049127;0.90078145,0.80762637;-0.42030463,-1.5159482;-0.4306003,0.2825495;0.33669785,-0.46616986;1.0595531,0.29144093;-0.6752032,1.3039842;0.12931137,0.15098836;0.15381993,-0.079798646;-0.47828096,1.8708935;-0.39379036,0.29496878;0.057507448,-1.8710779;0.53082556,-0.62019765;-0.8774449,0.74585426;-0.016919382,0.593225;0.14644888,-2.0791745;-0.4722294,0.29787728;1.0839168,0.7049086;0.56489134,-0.5662515;0.53819877,-0.6011652;-0.5316052,0.1735403;1.1764647,0.9102048;-1.5078288,-1.125324;-1.4133595,0.5144058;-0.9507605,0.8291736;-1.5112362,0.5652252;-0.77007747,0.3652675;0.43506953,-2.0756938;1.6634654,0.3052051;0.07338775,-0.03389076;-0.6932149,-0.36090708;0.040353652,-1.9030955;-1.0676378,0.20499253;-0.30599156,0.16392928;1.3510363,0.03469121;-0.993297,0.20202056;1.2844626,-1.1702844;1.1093845,-0.9871436;-0.24283186,-0.20901164;1.3134998,-1.160254;-0.93386185,-0.7681392;-0.63875204,1.3657305;0.8833823,-0.8650525;-0.1588724,-1.6708701;2.1301758,0.31835532;-0.96641845,-0.72150576;2.0357614,0.24878481;-0.58021694,1.5034685;-1.4215657,0.6745248;-0.43316188,0.20617342;1.0040152,0.95352757;-0.9972997,-0.8356769;-1.40781,-1.0992274;-0.13279767,-1.7914966;-1.0698035,0.4865006;-0.3546024,-1.6092879;1.2271317,0.97708017;2.221237,0.31253093;1.1977454,0.7550577;-0.10277597,0.32438767;0.3095612,0.16937765;1.1892679,-1.0268558;-0.95280606,-0.7188813;-0.30496615,2.0043635;0.50656724,-0.5927941;-1.0450389,-0.81728584;-0.59097254,1.4112086;0.4441532,-2.0961618;-0.55547714,0.10315113;1.5373054,0.34171686;1.2675397,0.4708826;-0.87176967,-0.66088504;-0.3800386,-1.5414845;-0.33647904,1.957892;1.2643523,-0.0015732134;0.20695458,-1.931727;0.840405,-0.54800904;1.221095,-1.0064698;-0.12089571,-1.7379178;-0.5130748,0.25781682;-0.9559766,0.4977223;-0.3027436,0.101176135;0.39304134,-0.4987599;0.0066839326,0.38552856;0.11629889,-1.9871094;1.2808907,-0.016840847;-0.37036145,0.5002138;0.972364,-0.82987815;-0.9757539,0.2594;-0.90812707,0.8596432;1.969945,0.30303562;-0.4267262,1.5563647;1.1404191,-0.99714583;0.29026932,-1.8197693;-0.0020185048,0.5525137;-0.09831962,0.30173314;-0.06363517,-1.7193667;0.034562305,-1.9439673;0.55477256,0.59412557;0.37977275,-1.9228283;-0.17424162,0.38683408;0.201812,-0.10453036;-0.3042379,2.1456227;-1.5945306,0.725854;-0.37369186,0.22148119;1.4064896,-0.015358811;-1.1551162,0.14397371;0.9663237,0.8875008;1.4319949,0.89508796;1.5203668,0.25420257;-0.34773123,0.383002;-1.1464409,-0.7888233;2.0048325,0.19415194;0.8588773,0.84383833;-1.2637012,-1.1660999;0.00074950897,0.044947244;1.560603,0.08034068;-1.5737134,-1.2326287;0.095128484,-0.07679407;-1.3155354,-0.9225397;-0.25021753,0.39259708;-0.7254261,1.0155807;-1.5315838,-1.1381137;0.24919212,-2.1781106;1.5406487,0.15042517;-0.25342664,0.50453895;0.12420042,-1.9051516;-1.4005569,-1.12421;1.1022745,0.6174118;1.2780471,-0.024196556;1.9321129,0.12345598;0.9463976,-0.8029856;-1.4015265,-0.9782305;0.28332376,-0.41836396;-0.89045966,0.35388187;1.8158764,0.2551432;-0.27071923,-1.483226;0.41392398,-2.1776516;-0.7619082,1.2059178;1.0478064,0.48129153;0.019833922,-1.4912044;0.8672687,-0.6928356;2.0104432,0.22495946;-0.011450705,-0.33171535;-0.24846043,0.15862198;0.3708514,0.009313329;-0.78282434,1.1039131;-1.1053427,-0.88453186;0.10001385,-1.9846463;-0.7080295,-0.45346773;0.84429085,-0.6978951;-0.07787083,-1.6395972;-0.3859984,2.1114285;-1.3387611,0.9144258;-0.7620195,0.5660008;-0.28075302,-1.4671379;-0.2245078,0.30477718;0.30104938,-2.1518319;-0.60482186,0.1533992;-1.256315,0.48795694;-1.3664858,0.52430207;0.18619193,0.33919182;-0.39262533,2.0107903;0.075074345,-2.0141687;1.6188158,0.30821803;-0.3961474,0.25939304;-1.6479249,0.61957234;2.2063553,0.3092676;0.13715093,-0.0057632755;-1.2642672,-0.78656036;-0.9990749,0.30945414;-0.3129672,-1.5389683;0.4418875,-2.0088637;-1.1149758,0.21419862;1.101251,0.13213944;0.14074233,-1.8245127;-1.096817,0.7113302;1.2883025,0.9553906;1.5890299,0.2012795;1.1289539,0.9864457;-1.2903574,-1.1605574;-0.3869341,1.8128399;-0.3486814,2.116942;1.2755191,0.62721497;-0.45403436,0.57438654;-0.3757301,0.36802572;-0.33285397,-1.5765246;0.14074327,-2.08617;-0.27196154,-1.614231;0.036541034,-0.37545446;1.1808197,-1.1174605;0.71142405,0.7650135;-1.478787,-1.0684748;0.2688602,-0.45904508;1.2829045,0.25927523;1.3034062,0.21818419;-0.44241446,0.288991;1.0214964,-0.91741335;0.10172091,-0.20008297;-1.4170644,0.5942856;-0.78508365,0.26528382;-0.38469854,1.9513108;1.4032537,0.876377;0.3199791,-0.47638008;1.2813414,-0.091884054;-0.94948405,0.47874033;-0.1786056,0.40958056;-1.2522,-0.9949735;1.3438668,0.7823345;-0.5748674,0.33057633;-0.03666301,-0.3539574;-0.4613382,1.651869;-0.32357737,0.051813744;-0.5847582,1.494667;-1.4807299,0.7144786;-0.38570416,-1.4870026;-0.6116853,0.36047804;-0.3859984,2.1114285;0.09727351,-2.0383406;-1.4412684,0.45004603;0.5487837,-0.5344052;0.8504933,-0.64180887;-0.92438376,-0.6638494;-0.69107246,-0.37723783;0.37236217,-0.45595947;-0.04989303,0.42812338;-0.69400835,1.2053251;-1.1210066,0.2182739;-0.43061435,0.11679915;-0.026211618,-1.694168;1.0539167,0.31962812;-1.4333856,0.5343202;-0.8210484,-0.45622468;1.6363473,0.06940353;1.3924924,0.99071145;0.435388,-0.45516112;-1.4094269,0.59106624;-0.41363028,1.8630491;-1.0432771,-0.7125149;0.91259176,-0.7428364;0.76563376,-0.66637474;-1.1359526,-0.7640977;-0.35475233,2.0568979;0.5247607,-0.5850341;-1.2733605,0.4837561;-1.6390618,-1.300222;1.1205323,-1.0782042;0.18281505,-0.38922867;-0.790772,0.4074177;-0.78457797,-0.49252126;0.36164066,-1.9851311;-1.561836,0.49440095;-0.64025867,1.4334495;-0.0010708133,0.32060272;0.65857315,0.72491837;0.38085896,0.26270762;-0.72312456,0.3251838;-0.08760717,-1.7685047;-0.2872361,0.16626845;1.2250446,0.60400647;-1.6232777,0.73196065;0.017837085,-0.13434446;-0.44118112,1.8363138;0.6836967,0.7285189;1.9784927,0.21929555;0.32575747,-0.08027221;-1.7605171,0.67672175;0.9460502,-0.8459982;-0.75896347,0.6082566;1.3426081,-1.1103597;1.4282519,0.82669896;-1.2293417,0.3636079;-1.2166845,-0.91295886;-0.6083596,1.5361463;-0.8879909,0.75700605;-0.65083134,1.2359462;1.5698812,0.03221369;-1.5761622,-1.1313192;-0.4219201,1.9033122;-0.8209631,0.86680865;1.2697812,0.65484476;-0.88680834,-0.7268236;-1.3190185,-0.8790569;-0.6796897,0.8144151;-1.6488515,0.68478626;0.8017596,-0.8294906;-0.46502006,0.07756844;2.0407505,0.30192426;-0.2871309,0.49587783;-0.44517457,1.8837967;-0.9340193,0.74404055;0.030137233,0.58379066;2.1777482,0.2998521;0.04356755,-0.052934896;-0.716387,1.0600797;-1.4590319,0.7710094;-0.063879944,-0.04621197;-1.3747885,-0.9545501;-1.0352012,-0.70840645;0.24019675,-0.44563726;0.84890985,-0.7444595;1.4741458,0.22752881;-1.5739479,-1.1412643;1.3511796,-0.013902287;0.93768775,0.845852;0.30663052,0.20780173;0.24739753,0.116776995;-1.4232258,-0.9090564;1.8678519,0.14011839;1.0816163,0.17191388;1.0454769,0.8877556;0.14175417,0.26831493;-0.83182335,-0.49138117;1.0017158,0.2653934;-0.30876216,2.0330222;-0.9164173,-0.63702184;-0.54900235,1.4281967;0.44221708,-2.0537233;-1.1630888,0.7785759;0.15446748,0.14496917;1.0756394,0.9596119;-1.5718975,0.51680255;1.9250327,0.19974658;-0.6364055,1.527612;-0.49355024,1.8457068;-0.89375407,0.80960625;0.18569769,-0.6072898;-1.5047462,-1.0649047;-1.1901536,0.36404544;-0.66390544,0.80753094;-1.4442141,0.8060938;-0.48706788,2.0439312;0.3150433,-1.9981793;-0.38726112,1.9235231;1.8837116,0.1709945;1.2681973,0.64088464;0.75009876,-0.7720123;0.62964565,0.63789785;-0.5780457,0.3005141;1.480224,0.01615254;0.25696823,-2.151415;-0.34028256,0.06579663;-1.6137234,-1.2540632;0.34569138,-0.23619615;1.195548,0.70133233;-1.5929039,0.7265167;-0.6526632,1.3293031;1.1568048,0.67575365;0.30000305,-1.7925029;-1.2639674,0.89787215;-1.1673343,0.23488568;1.5896755,0.29429817;0.17460631,-0.4261869;-1.354007,0.62949425;0.01194668,-0.33275324;1.2574681,-0.0564134;0.27000028,-1.7574298;-0.7445395,1.0801893;0.3862523,-2.106606;1.1554114,0.9877805;1.0162526,0.45974636;-1.4157779,0.5139909;1.061048,-0.945709;-0.48624176,1.9158275;-0.8097441,0.7801392;-1.4277166,0.7205444;1.1961298,0.9150217;0.44580007,-1.9509444;0.56656134,0.6263681;0.10391388,0.33808604;-0.7125738,1.1898674;-0.6069923,0.68060106;1.0686365,0.5886244;-0.6480089,0.69307023;1.3006762,0.20737557;-1.777938,0.6969506;-0.36427733,-0.09593059;-1.636336,-1.2821382;-1.1888165,0.40212005;-1.7741263,0.7370464;0.086803615,0.3668401;-1.444907,-1.1138002;1.3652748,0.8417685;1.1079981,0.42685318;-1.3788335,0.8158759;1.0833862,0.53226984;-1.7037337,0.6752069;1.8440292,0.3152305;-1.2787305,0.95813024;1.166535,0.7034853;-0.49529237,0.20765537;1.3629032,0.832728;-1.3018264,-1.0126588;0.05207997,-1.9520135;-0.27218652,0.16412333;1.3726662,-0.058330454;-0.19042468,0.17525941;-1.4852468,-1.0928334;-0.77151155,0.56523764;-0.5662842,0.19995098;1.5140758,0.0647515;1.1607115,0.21940637;0.7271059,0.6051566;0.66552407,0.6795008;0.64755607,-0.6581978;-0.76815414,-0.52047133;0.24205336,0.17304145;-1.569707,-1.1773219;-1.1072035,0.3395904;-0.501038,1.7863369;1.6228576,0.11794658;-1.1470275,0.5053547;1.2464037,0.99926883;-1.2862848,0.969049;0.23112538,-2.1579235;-1.2706658,0.8963177;1.207526,-1.1608622;-1.3182514,-0.9344995;-0.51717365,1.595935;-1.5130974,0.65935934;0.0328213,-0.36668208;-0.23830025,-1.6236086;-0.47332248,1.810045;-1.3254768,0.8391452;-1.2705767,0.8818654;1.4585444,0.8235782;-0.5805355,0.5199125;-1.3424641,-0.975422;-0.7209022,-0.60108894;-0.7558677,0.73312545;1.1391436,-0.93605685;-0.5662002,0.08881681;0.4552649,-1.9924563;0.41158766,-1.9118524;-1.4136168,0.6819896;-0.34779507,0.6524557;-0.69704133,0.69810015;0.30702952,-2.0357409;1.2726946,0.009996021;-1.3007989,0.69653237;-0.3952422,-1.5575832;0.320649,-1.9674067;-0.3137005,-1.5883121;0.35574418,-0.05574145;-0.14661893,-1.6625842;0.5699986,-0.61062604;0.78052217,0.77095646;-0.6757353,1.4552387;-0.75119966,-0.4156699;1.0015213,0.81602865;0.38047475,-0.46221974;2.1746118,0.34215543;-1.6360067,-1.2433738;-0.088191636,-1.7497652;-0.54589677,0.035747327;-0.22243373,-0.22330737;1.639851,0.06930047;0.39976028,-2.0747397;-1.4568613,-1.1286391;2.0624967,0.22506979;0.060896534,0.22929646;-0.2773926,0.5193567;-1.5205011,-1.0829712;-1.1784991,0.45813343;-0.014283721,-0.28734806;-0.47542572,-0.011347644;0.076794885,0.43586993;-0.032287575,-1.867222;1.4964166,0.23818953;1.069237,0.3904198;-1.387429,0.57619274;0.111103274,0.0024456952;0.08910366,-2.05117;-0.010953545,-1.7962605;1.2912564,0.021715837;-0.64521855,0.4695453;-1.7460047,0.69781077;-0.94578683,-0.6941062;0.9216214,0.9433892;-1.0253856,-0.83171713;1.1551362,0.2703172;1.4139943,0.82005286;1.2995589,1.0028591;-1.007948,0.17485036;2.1095185,0.24555764;-0.13777103,-0.18324511;-0.14862669,0.44305488;-0.25795972,2.1164122;-0.52750725,0.6033099;-1.0609766,-0.7857794;-1.131049,0.4780472;0.24055819,-0.23887222;-1.452212,-0.982809;1.2611102,-1.0688149;-0.90460473,0.37315333;-0.69714844,0.85855323;0.52338856,0.6340501;0.30487987,-1.9860133;0.42428502,-1.9873687;0.046856456,0.46672037;-1.6715498,0.6451847;-1.6032192,-1.182945;1.1123095,-0.95152885;1.9011792,0.12553112;-1.2141318,-0.9393341;-0.6968496,0.8523913;0.326323,-0.08413333;-1.2990494,0.93192905;1.8579322,0.265875;1.8886763,0.3157617;1.1528734,-1.017788;0.17200613,-1.8716812;-0.7116208,1.3358191;-1.3000923,0.7552317;0.90055513,-0.8154141;0.48181,0.63909876;-0.35242513,2.0267227;1.1402583,0.6669779;1.2351136,0.56710124;0.37364453,0.0009337012;0.91616756,0.884285;0.4080147,-0.42679608;1.9240197,0.16957225;0.17670403,0.14697684;-0.78619105,0.24723694;-1.045499,0.52159613;-0.48200652,0.3603406;0.007677118,-1.9518951;1.0283141,0.39906254;1.0334958,0.8013544;0.3763744,-0.5018808;1.4255214,0.25614807;1.3036424,0.99909097;-0.4931449,1.8136355;-0.54963946,1.477148;-1.2725258,0.48820594;0.008178246,-1.5000722;2.1622646,0.28778952;1.2223785,-1.071027;-0.75901634,0.20945531;-0.6097049,0.060769908;0.10321705,0.36446962;1.2338377,0.7217823;0.59136224,-0.6159039;0.17972337,-0.6164245;0.04498069,-0.3519272;-0.3545071,-1.5111152;1.9602458,0.19161914;-1.1911936,0.8163662;-1.7421367,0.7338894;0.24533845,-1.8992867;-0.8739837,-0.7023734;-0.77184767,-0.44741446;-0.32019192,2.0662434;-1.1305158,0.8611947;1.5878255,0.053618297;-0.5748546,0.5404585;-0.49409539,1.6663364;0.870582,-0.8178483;-0.4595961,1.750236;1.6134708,0.016740538;-1.1436921,0.8339166;0.30430156,-1.9238687;1.199923,0.67581517;-1.5279917,0.79501724;-0.48124668,0.14828879;1.6584215,0.12484632;0.44592452,-0.52440196;-0.712662,1.2575802;-1.696721,0.7313282;1.06808,0.48666927;-0.8123683,-0.40198228;-0.90548056,-0.59983546;-1.0729622,0.32711715;1.0211104,0.48936266;-0.40749326,1.9364626;-0.28262728,2.1297922;-1.52782,-1.1898396;1.3268498,-1.1430379;-1.0874358,-0.87555444;0.2819723,0.18605831;-0.8471315,-0.6916712;1.2720944,-1.0662985;1.5194371,0.23090124;1.0640087,0.5171327;-0.44219664,1.7015307;-0.668719,0.86342907
p3d-kl
0.42796000838279724
p3d-iter
599
p3d
-1.6465834,2.0303411,-0.64465845;1.2972381,0.18124463,0.28129753;-1.2076757,0.019303814,0.7237338;-1.1761233,1.3118483,-0.5157819;-1.8342571,-0.31747627,0.8502826;-1.5754981,1.5789216,-0.74835056;-0.77160686,-1.0537155,2.340036;-0.9715309,0.09948343,-0.626282;0.47681537,0.026018137,-0.21678749;0.85707676,-0.1573413,-0.19235961;-1.4763892,-0.12914287,0.85561746;-0.05880708,-0.868829,1.5174266;0.05455239,-0.102714874,0.33780745;-0.42078692,-0.7311648,-1.0638535;1.0465804,-1.1481017,0.09553588;-1.185326,0.010046289,0.72419626;-0.3540212,-0.7842639,1.8182939;-1.5497665,-0.05576956,0.8615752;0.82176185,-0.79116637,0.27413628;0.56252664,-0.015141337,-0.10484743;-1.511093,1.3833362,-0.7959954;-0.2718262,2.1414902,-0.45127037;-0.19308145,0.6126708,-0.38870242;1.3761474,-0.5235218,0.3430947;1.1733351,-1.1061846,0.076909415;-0.8144685,-0.64645743,-1.6512898;-0.807285,-0.6509205,-1.8152177;-1.3757833,0.18821599,0.97008157;-0.5050926,0.24624774,-0.028905477;1.230595,-0.8039602,0.58128387;-1.0826381,1.0875016,-0.6330678;-0.47144273,2.385622,-0.5564711;-2.0043116,-0.4037616,0.976427;-1.2795749,0.075638235,0.7090814;1.4736179,1.0897357,-0.9109774;0.058769185,1.528515,-0.5896529;1.4599814,0.85027206,-0.2799202;0.22211175,-0.68534744,1.0884477;-0.3047989,-0.040327206,0.049645834;0.19627275,-0.6541907,0.1120344;1.7591428,1.1495233,-1.3912402;0.8029349,-0.86983603,1.1654763;1.1491555,-1.0995272,0.118027814;0.0046977657,-0.11454651,0.18335298;-0.552127,-0.7718986,1.8801043;-0.2148004,0.13459854,0.70637304;0.57631326,-0.5525529,0.14987917;1.6260483,1.1190269,-1.7644392;0.17077684,1.4054717,-0.38175878;0.13364808,-1.5115573,-0.910745;-0.0029128182,-1.4815964,-1.0733591;-0.2297532,1.6057333,-0.54112744;0.26208657,-0.7630309,1.1112038;0.8261729,-0.8469733,0.20444252;0.73217297,-0.72969687,0.48924842;-0.8112288,-0.64064485,-1.7214751;-0.24449173,0.09819933,0.7002761;-1.2543043,0.76554126,-0.6601989;-0.7155742,0.7136007,-0.33072698;-0.7326803,1.7398912,-0.5615868;-1.608159,1.9282736,-0.6402721;0.12764058,1.5364765,-0.3956633;1.7364004,1.1285557,-1.8202103;1.5443143,-0.9987995,0.8310154;0.6624133,0.034517054,0.027607722;-2.0414798,-0.36796466,1.0720593;0.85594684,-0.82688123,0.44610608;1.6374248,-1.1046361,0.3083141;-0.14855331,1.616214,-0.40665266;-0.19188042,-0.09906903,-0.28051567;-0.5991613,-1.0368031,2.339562;-1.1910552,1.3327402,-0.5159446;-0.08284306,-0.8639602,1.6008797;0.044391274,-1.6034107,-0.97211057;1.5651063,1.105218,-1.3426;-1.8423226,-0.23557809,1.0710663;0.26153594,-0.33732027,0.6322606;-1.9751246,-0.37735552,0.8995328;-0.737542,0.45833644,0.1386236;-0.04730922,1.9613155,-0.36383662;-0.5849267,-0.9537187,2.1089656;1.5703293,0.8177405,-0.26193804;-0.38572848,-0.88402927,-1.8102543;0.3331251,-0.71030086,0.2407925;0.0006900764,1.8080797,-0.37574342;-0.6187486,-1.025289,2.266051;-0.75873154,-1.2440932,2.3391044;-1.5750397,1.9506271,-0.6243411;-1.8924257,-0.3750307,0.95047885;-1.7906502,-0.19761851,1.1575083;1.6980325,1.1931256,-1.5989847;1.6328968,1.1417763,-0.6277083;-1.0416068,0.623318,-0.7643388;1.5539472,0.88927174,-0.3649215;1.5663522,-0.60462004,0.6387541;-1.088873,0.09064984,0.6872087;-0.5320758,0.1843679,0.5166903;-1.2561995,0.12223991,0.819076;-0.37193978,-0.73804593,-1.0327021;1.2881126,-1.3881245,0.15876459;-0.54163074,-0.90487605,-1.9638667;1.4794537,0.66674197,-0.06322233;-0.43001336,1.1964391,-0.607093;0.94918203,-0.9437662,0.97202826;1.3098162,-0.9505553,0.5864781;-1.2948045,0.8491776,-0.78183544;0.17545685,-1.4781519,-0.77910906;1.5076544,-0.8560392,0.5150233;-0.5423862,1.3412741,-0.35725573;-0.23644905,-1.2106673,-1.466797;1.6857548,1.0026039,-1.7165498;1.3304993,-0.89599794,0.2727175;-1.5970442,-0.05697516,0.86919725;-1.5452528,1.5996268,-0.87913346;-0.73349816,0.41940832,0.1838177;0.2673976,-0.7863292,1.1661351;0.11880443,0.22674388,-0.14583649;0.9669438,-0.20717277,0.4588397;1.2254164,-0.8464114,0.55542666;0.60596806,0.32482433,-0.47266644;0.06513018,-1.5388253,-1.0089403;1.6550899,1.1308851,-1.066609;1.4559656,-0.47771454,-0.097417854;-0.6942815,0.8333469,-0.29906788;-0.800464,-0.5997571,-1.757891;-0.556376,2.401699,-0.58473843;-0.34647635,-0.8128784,1.8243797;0.14617299,-0.11562408,0.16761719;-0.6690327,-0.9469689,2.263819;1.3606411,0.6712312,-0.20018318;-0.8721523,-1.1671604,2.438427;-0.33056602,-0.37512255,-0.6918384;1.3615451,0.5536598,0.102868825;0.7361148,-0.6996132,0.75539756;0.8746144,-0.7669336,0.4552495;1.7177455,1.1871511,-1.8065426;-0.6437554,1.9612547,-0.52748525;-1.3468294,-0.066009305,0.75953096;1.3998892,0.3641668,0.13434316;1.1132463,-0.22187346,0.44612366;-0.056530178,1.7888603,-0.6075012;-1.3733115,1.4910423,-0.5143466;0.7697699,-0.18959838,-0.2189864;-0.48974434,0.9040589,-0.24166526;0.2619955,-1.8256925,-0.85927457;-1.7361525,-0.3250031,0.9733086;0.28420326,-0.7779194,0.21120182;-1.4390624,0.21628308,0.968506;-1.4847372,0.048147652,0.8078516;-0.26869613,-0.54461634,1.0581819;-0.29741624,-1.1240076,1.6499672;-0.1648095,-1.0113783,1.4071676;1.1157371,0.25724056,0.25092232;-0.61960757,1.262859,-0.26378036;-0.15332787,-1.2753167,-1.0933539;1.5412492,1.0220382,-0.6321381;0.83730584,-0.91213006,0.8430878;0.33260033,-1.010992,-0.39365304;0.2020969,0.9098602,-0.49803483;-1.0874137,0.666174,-0.79498726;-0.58643126,-0.4589354,-1.6742531;0.45416534,-0.53671867,-0.2510814;-0.16088618,-1.2069055,-1.2860378;0.24038346,-0.73099726,1.1000707;1.4134859,-0.28478798,0.081131384;-0.5218912,-0.9517123,2.06976;0.02068174,-0.18577963,0.14802669;0.1264874,-0.25190118,0.5595313;-0.06060366,-0.09519647,0.7023941;-0.21340735,-1.0642719,-1.4592658;0.026201254,1.6299497,-0.42134196;0.66427225,0.04486841,-0.20821998;0.12868418,-0.15448907,0.21498002;1.6263553,1.1215659,-0.78326523;1.5618527,-0.70059645,0.48937666;-0.28402445,2.1600578,-0.5410971;-0.9346037,0.23791131,0.85919285;-0.25692213,-1.0760077,-1.4269068;-0.3121263,1.1927111,-0.5966842;0.38593277,0.085521884,-0.3450034;-1.3895702,1.1121999,-0.758009;-0.09548139,0.1913306,-0.2871757;-0.92423654,0.1522785,-0.8176976;-1.3428003,0.98938024,-0.74729913;-0.30653363,-0.74966276,-1.4453275;1.713934,1.2217089,-1.6728721;-0.7430042,2.2066238,-0.6356719;0.7686036,-0.8429575,1.2141128;-0.97178996,0.2552601,0.8692779;-0.65830064,1.9899226,-0.55739266;-1.5084102,1.2580496,-0.6772659;-1.7580762,-0.3262935,0.82792205;-0.901063,-0.85296375,2.2795162;-1.2184123,1.3343092,-0.4387352;0.5314317,-0.85747993,0.16295785;-0.97172666,-1.0628036,2.5095654;0.8371011,-0.780992,-0.026062664;-0.13274665,-0.17871007,0.08393126;1.3849478,0.8758232,-0.28029564;0.025266245,-1.4767861,-0.9904475;-1.353951,1.4947697,-0.64767677;0.16935164,1.1504344,-0.524677;0.3231768,0.08191934,-0.2882958;0.17787312,-1.6057212,-1.0108399;-0.64034265,0.42580807,-0.66106224;1.7083925,1.1463995,-1.4076642;-0.64222133,0.23801693,0.5342091;-1.5488161,1.9096663,-0.52972883;1.4406615,-0.28275055,0.048938457;1.4213251,-0.4657166,0.07453106;1.4805005,0.75827026,-0.20121346;0.110879816,-1.5974647,-0.86229175;-1.1184511,1.2730478,-0.42446706;1.4377774,-0.57558686,-0.17898977;1.2054482,-1.177353,0.22922024;-0.6601484,-0.6357812,-1.4218954;1.4004892,0.516653,0.08772792;-1.4840342,1.442059,-0.77313006;-1.57955,1.9666549,-0.58117527;1.3544872,-0.71143126,0.18769415;1.4981501,0.8971443,-0.26128495;-0.53044343,0.8470583,-0.461734;-1.5215024,-0.104658104,1.0945922;-0.4314324,0.22358097,-0.014025761;-0.1535894,-1.3285183,-1.2101841;0.1514845,1.1617521,-0.53584194;0.22587657,-0.07773558,-0.50711495;-0.34578705,-0.8910297,1.9373595;1.7014772,1.2022353,-1.0020782;1.0255191,-0.11885587,0.5556618;0.14514051,1.0480387,-0.52657604;1.5495852,-1.0424141,0.74750537;-0.8311852,0.78422374,-0.3654947;-0.21788312,1.9133071,-0.26039466;0.79214513,-0.2467217,-0.39369014;-0.4012439,-1.030345,-1.8152868;0.09940764,-0.7824879,-0.22436132;1.6709907,-1.212659,0.3822366;0.021691525,-1.6979743,-0.90280336;0.8878274,-0.89113843,-0.16407098;-0.9539185,0.24677925,-0.7405786;-1.7526025,-0.33339792,0.8921899;-0.68832135,-0.9146549,1.9867802;1.0025262,-1.138628,0.1405113;-1.124336,0.028216725,0.6985752;-1.8683552,-0.28495547,1.0328994;-0.7027691,-0.88628393,2.4631433;0.1729826,-0.32147855,0.7820791;0.97274435,-0.17306872,0.0043769293;-0.11273368,-0.45147693,1.210895;0.25754857,-1.7847852,-0.88320965;0.5363281,-1.0421889,-0.29838264;1.5292423,1.1879295,-0.42896533;1.7758251,-1.388509,0.5919383;-0.26711246,-1.1145326,-1.4974046;-0.21523401,-1.2324724,-1.4758215;-0.15066877,1.5533909,-0.5236741;0.4771237,-0.1471822,-0.55643725;-0.31943825,0.105825834,0.6926316;-0.75269324,-1.1472126,2.348783;-1.0241859,-1.0042874,2.6732004;0.16790813,0.9856368,-0.5315828;-1.2592007,0.9290361,-0.7273724;0.06858141,1.3619244,-0.59686476;0.17771846,0.23917024,-0.37576872;1.4911348,0.8314595,-0.23917283;-0.22467503,-0.88907707,1.4144129;-0.71517026,-0.67914146,-1.9461132;1.1897639,0.47625867,0.077094436;0.042438023,-1.7590233,-0.84854496;-1.7649602,-0.13005511,0.95038223;-0.3680624,1.1043264,-0.58972394;0.41616043,0.1210474,-0.25588498;-1.4180956,-0.04857536,1.057775;0.9437126,-0.27594346,0.34588382;-0.013580554,1.0393827,-0.562698;0.93657386,-0.32269505,0.41928533;-1.5475961,1.8437598,-0.5294415;-0.6648318,1.8092045,-0.58131844;1.5406183,0.98704433,-0.5805994;1.7594652,1.1550322,-1.3369422;-0.2550188,-1.0959007,1.6354265;0.18671705,0.617293,-0.48514357;0.6142564,-0.07907131,-0.11182319;-0.65103173,-0.78532636,2.249116;0.055291437,1.6360207,-0.59157175;1.5916097,-0.26968956,0.5015822;1.653485,-1.1627268,0.39856365;-0.43147045,-0.9837465,1.7345061;1.4520242,0.7314632,-0.03764465;-2.027691,-0.3502343,1.0491472;0.3646799,-0.39519885,0.370273;-0.09312086,-1.3828081,-1.1557382;-1.5638647,0.002265137,0.89990693;-1.5342941,0.05497655,0.83952403;0.008172636,-0.8662189,1.3347358;0.8807233,-0.89804894,0.7322758;0.83384943,-0.57754064,-0.067708775;-1.3850459,1.562823,-0.5494643;1.4036067,0.3901342,0.13338745;1.7022057,1.2169623,-1.6974568;1.6073796,-1.1424339,0.7461147;0.59037405,-0.54070723,0.14409544;-0.27955756,2.1536462,-0.50184834;-0.19904257,0.3394261,-0.29876366;-0.08613591,-0.98373586,1.713367;1.4772485,1.1187283,-1.1030487;-0.11064789,0.12694462,-0.53595454;1.7669256,-1.3512751,0.5276672;-0.7170043,0.1769564,0.7345607;-0.24624883,-0.96038043,1.6783677;0.19791351,-0.6831896,0.06891456;0.911001,-0.49394092,-0.28487828;-0.340799,-0.8133898,-1.4017361;0.64906883,-0.8256046,-0.052400395;-0.35948026,2.2538283,-0.5302595;0.29274517,-1.7692679,-0.8511091;-0.11069595,1.7384883,-0.427874;-0.6159688,0.34012437,0.2579833;0.13520835,-0.34776193,0.8309693;-0.8108447,-1.0011657,2.2992988;-2.0178905,-0.39368966,0.99646914;1.1066133,-0.28175974,0.54765105;-1.0577418,-0.87625426,2.4119565;0.3833646,-0.44627923,-0.36632496;1.7078282,1.156481,-0.98166966;-0.7714408,-0.6147033,-1.6216921;-0.95242417,-1.247744,2.3974545;0.08682353,-0.18071117,0.47244126;-0.5111147,-0.46257952,-1.6846813;-1.1396185,0.0290136,0.7092633;0.0881372,1.5530511,-0.5407128;-0.6825775,0.37832904,0.21601802;-0.3966454,-0.29864892,-0.77588993;0.36489683,-0.35506746,-0.41723496;-0.5114245,1.8295796,-0.561239;-0.99710864,0.2074648,-0.674661;1.5725298,-0.89786446,0.4338555;-1.5599514,1.3711098,-0.7828886;1.6613485,-1.4461596,0.5074714;-1.6348481,1.6897326,-0.6883312;-0.43246764,-0.97230214,2.0970263;0.56584746,0.36698976,-0.5417816;-1.8969268,-0.51840925,0.9722528;-0.1366887,-0.9367349,1.6983263;0.02654545,1.6913966,-0.5902038;-0.17803228,1.9128406,-0.09342487;-1.3444724,0.8334497,-0.6011719;0.6672726,-0.7610214,-0.083008796;-2.1641455,-0.3862487,1.0449934;-0.8344735,-0.664405,-1.8221142;0.5760217,-0.6451946,0.21300107;-0.8606001,-0.94815254,2.2340705;-0.22326182,-1.2000918,-1.6234771;0.68796045,-1.0351579,-0.27988133;1.462506,0.87906176,-0.0673104;-0.49710256,2.392659,-0.55944395;-0.6187655,0.86384803,-0.4047222;-0.38064733,-0.9978645,2.0385187;-1.3830634,1.1387868,-0.71964276;-0.796213,-0.82770973,2.0236382;1.3306597,0.72310823,0.33616146;0.818443,-0.8758916,1.1308831;0.08835733,-0.17892396,0.48477483;1.0757501,-0.8964688,0.8655812;-1.1036893,-1.0787319,2.6866238;-0.2801739,-0.6069079,1.0499034;-0.9022243,-0.0294526,-0.66521925;-1.5912032,1.8613554,-0.6227508;0.6694107,0.027888054,-0.01014559;-1.0766174,0.6232211,-0.75082916;0.60089076,-0.2270105,-0.55113345;0.31226254,-0.7515284,1.110982;1.0062099,-1.1523988,0.12207074;0.038992655,1.7626272,-0.59044874;-0.20580271,-1.1951041,-1.2762874;-1.8824204,-0.2875266,0.93812615;1.4050236,0.8543029,-0.017327722;0.8443967,-0.5570493,0.24147876;-0.42877075,-0.7370573,-1.1322498;1.7532984,1.1739683,-1.6836827;1.4146518,-0.7677757,-0.115838036;1.6282204,-1.2182795,0.25333813;-0.02706086,0.3668633,-0.3423902;-0.16663256,0.49761614,-0.3406214;-0.3424146,0.115864255,0.6873043;-0.13576712,2.0153675,-0.33379662;0.055536438,1.6177204,-0.5043416;0.90423894,-0.5441354,-0.32491684;-0.89994466,0.32838783,0.42531118;-1.7356721,-0.2482938,0.98789954;-1.1806157,0.8442191,-0.5371813;1.5542711,-0.19853468,0.31174427;0.13239755,-1.5822212,-0.8471006;-0.5951338,1.7422124,-0.58515126;-0.022141019,1.6716682,-0.44046617;-0.5270654,0.17211203,-0.6986023;-0.7685831,2.2007396,-0.62568176;1.5795795,1.0404178,-0.5797908;0.8400996,-0.8870666,1.1188045;-0.22322507,-1.232632,-1.4881649;-1.0488259,-0.98177606,2.6584308;-0.68451566,-0.52419037,-1.7064241;-0.94066,0.27356422,0.95740914;-0.15232627,1.7317657,-0.4129937;-0.06347639,-0.076393135,0.6735042;-0.33811256,-0.26940227,-0.49438652;0.21088934,0.054288372,-0.48045406;0.546417,-0.014628951,-0.16851807;-1.2761372,0.3551113,0.8337129;-0.63047945,-0.81603754,-2.019257;-0.11074293,-0.96251017,1.6593149;1.5737538,1.1470132,-0.9707779;-0.88093716,-0.08631012,-0.6443459;-0.068857804,1.6864808,-0.4392192;0.27027488,-1.8337185,-0.8509908;0.49244747,-0.83843225,-0.42354527;-0.5490882,0.18937874,0.58295256;-0.48627883,0.67817134,-0.5741768;1.4158835,0.6760366,0.028818546;0.03491917,0.0073780795,-0.26604867;-0.18569984,-0.0916368,0.0523538;1.7032546,1.1483488,-1.121484;0.46124455,-0.7287897,-0.3533484;-0.20121369,-1.0040096,-1.5532798;-0.8533736,0.21788692,0.71517164;1.1562136,-0.35294074,0.47102094;0.6087839,0.37775034,-0.5397498;-0.49671617,-0.9084739,-1.9241107;0.5524001,-0.88329476,-0.3880843;-0.34462053,1.5868254,-0.5438371;-0.8730788,0.20283927,0.5757848;-0.8530777,0.21147335,0.6771682;0.4561844,-0.94982785,-0.08512418;-0.36093247,2.191896,-0.26542133;-0.86612236,-1.0053408,2.4867165;1.3302512,-1.2686973,0.38284764;1.3555554,-0.35250714,0.5366525;1.4548335,-1.1776807,0.26372483;0.81870973,-0.8709234,0.08033656;-0.7937559,-0.633838,-1.637849;-1.1107337,1.2649946,-0.41519186;-0.06606225,-0.2372339,0.021869017;0.28550047,-0.51794726,0.9971871;-0.20463932,-1.030545,-1.659015;0.7908597,-0.91709375,0.85671717;0.16700162,-0.8000237,-0.47983697;-0.9649307,0.42280832,-0.7913859;0.7225999,-0.83320093,0.7391665;-2.1697605,-0.34706795,0.96993047;-1.7303332,-0.31488773,0.8990725;0.21343102,-0.30774763,0.67880034;-2.173164,-0.35360748,1.034275;-0.3251673,-0.9747173,1.4113271;1.4298953,0.7940582,-0.09132654;-1.4071769,-0.104084745,0.8375632;-0.05912169,-1.4241045,-1.1190863;-1.5966276,1.9282242,-0.6004381;-0.218109,-0.8915386,1.4759935;-1.5652409,1.6321082,-0.6699609;1.4909476,0.96101296,-0.37939435;1.4692978,-0.93368566,0.61567587;0.38081533,-1.0196513,-0.39728057;-0.14032614,2.0531073,-0.51444143;-0.27760112,-0.6224239,1.6816258;-0.8046899,-0.96171963,2.3094106;-0.26818013,-1.3678933,-1.2280835;1.0403336,-1.1434902,0.11323305;0.061620157,-1.7560226,-0.8303925;-0.4246039,2.3046298,-0.4809986;-1.6777413,2.0583549,-0.64581925;-0.46538737,1.775809,-0.5054661;0.3391877,-0.09774238,-0.59993505;-0.16714779,0.2679272,-0.36201286;-1.8680876,-0.3186215,0.98160297;-0.22146797,-0.89613456,1.4494294;1.6173729,1.0225993,-1.6171836;-0.84802204,0.16909036,0.6868859;-0.28478342,-0.74926525,1.7536696;1.4580806,0.96752363,-0.17190082;-0.8121992,-0.64494646,-1.6591294;0.38073155,-0.7616888,0.15161328;-0.9480058,1.2320551,-0.4697974;-0.6545514,1.1522455,-0.22662629;-0.13968927,-0.78406286,1.3004389;0.21673259,-1.7940569,-0.8699943;1.601252,1.0707552,-1.467316;-0.90471756,0.2102491,-0.78705853;-0.43923622,-0.77360964,-1.5512221;-1.1963779,0.6313744,0.6749157;-1.8826665,-0.24402076,1.0572623;-0.119108595,-1.370083,-1.2726568;0.5426208,-1.0428581,-0.30631346;0.8634842,-1.216505,-0.052462414;0.1624393,-0.7323838,-0.27181292;-0.6318852,0.21134464,0.58292276;0.29697958,0.15345587,-0.24608134;-0.39623448,-0.9328099,-1.7427716;-0.9353477,0.21908377,-0.7814177;0.6484342,-0.2921284,-0.080300346;-1.4783782,0.0658307,0.936963;0.7453279,-0.6243231,0.7343584;1.303196,-0.2532797,0.6379898;-1.4403362,1.6400509,-0.5263314;1.3320682,1.1019435,-0.6158573;-1.7708001,-0.32340613,0.9287051;-0.46918258,-0.7303305,-1.2122986;0.5509859,0.35204658,-0.5472433;0.29735878,-0.13214827,-0.5995758;-0.13982809,-1.2335681,-1.1938177;-0.32922918,-1.0850506,-1.6559758;0.18229756,0.84018886,-0.6099376;-0.58483875,-0.6710454,-1.3831048;0.5127076,-0.17077902,-0.5416077;-0.257372,-0.18320806,-0.09336106;1.7011827,1.1257942,-1.9013507;1.6353683,-1.2296863,0.6799537;0.34303448,-0.7673426,-0.29442048;-1.0542141,0.40789545,-0.60691273;0.82646894,-0.87512994,1.118448;-0.14022604,1.8936687,-0.5530879;-0.7615166,2.1955338,-0.5934535;-0.9988094,0.9629267,-0.43306464;0.4183058,-0.41798207,-0.15413779;-0.40414873,-0.9951308,1.6491659;-1.5662868,1.4915298,-0.72583777;0.0071693766,1.7255379,-0.4962646;-0.90081036,-0.8982833,1.9486576;0.14420179,0.0368726,0.013136042;-1.1567714,0.69316477,-0.5800277;-1.0605763,-1.0127616,2.6045952;-0.11403295,-0.18490936,0.08965272;-0.47348264,-0.9886974,2.1989222;0.5676016,-0.3260628,-0.563168;1.1510112,0.22112867,0.26625395;-0.8941061,-1.0068643,2.5362198;-0.66557115,-0.7755987,-2.0428948;-1.0651262,0.94960356,-0.8360037;0.51444995,-0.03174902,-0.11200857;-0.25994396,-0.788605,-1.6127164;-0.8429466,-1.03655,2.2623398;-0.419011,1.3780854,-0.5969202;-0.9442181,0.2112004,-0.77961206;-1.4431055,1.3797255,-0.83805424;-1.4121109,-0.006188184,0.9994772;-0.6180008,-1.0570122,2.2892241;-0.44514874,0.17383963,0.5658482;0.84313107,-0.8100425,0.3934229;-1.34946,1.3308363,-0.4501254;0.19666937,-1.461096,-0.76366657;-0.8639549,-0.67919844,-1.8566949;1.3900293,0.3903028,0.124148704;-0.3700812,1.0385549,-0.49360204;-0.060677283,-0.76031256,-0.66418165;-1.2789632,0.33139095,0.9042881;-1.5923539,1.52058,-0.66908395;-0.08986844,-0.03296706,0.7094359;0.12391833,-0.6754547,-0.460041;-0.103727706,-0.5189648,-0.5951198;1.3210118,0.19796944,0.19051726;-0.42913547,-0.76843417,1.7967033;-0.36110827,-0.9389752,-1.7819986;0.17850463,-0.76696306,0.9584624;-1.2519717,0.30440465,0.90279275;-0.092832856,-1.215262,-1.0465492;1.7642928,1.2204797,-1.7332327;1.5420882,-0.43754306,0.5998225;0.6895498,-0.3843184,0.44134748;0.22628884,-1.4656748,-0.7611166;0.38552138,-0.35412621,-0.4292555;-0.6998825,-0.68292844,-1.9621001;0.44181782,-0.90866506,0.04302305;1.0973953,-1.1727875,0.44372842;1.2952536,-1.2430857,0.46196836;0.12638031,0.41005844,-0.37758678;1.7394298,1.1113482,-1.5244888;-0.3971541,-1.0087351,-1.8100177;-1.0756997,1.1815954,-0.35353884;0.43893522,-0.85580933,-0.5070676;1.6942878,-1.251427,0.32443103;-1.6640036,2.0368817,-0.64114696;-0.09140993,-0.05751777,-0.03853218;-0.6187418,-1.0334407,1.752916;0.8651968,-0.6592377,0.67208594;0.1653281,-1.6324303,-0.90240663;-0.7276341,-0.65894294,-1.4795954;0.8551879,-0.9339122,0.9104119;-0.5818344,0.29011017,-0.43243888;-0.26598182,-0.7967087,-1.3886166;1.4137264,-0.70689,-0.15480228;-0.52460295,2.281694,-0.5028993;-1.0625025,1.0263661,-0.6417566;-0.28944746,2.1992567,-0.5181305;-0.89264953,-0.9289374,2.0143545;1.5279781,1.2537124,-1.12178;1.7314287,1.1949811,-1.7916114;-0.59203845,1.5530429,-0.30718735;0.8138821,-0.20155218,-0.1940231;0.4836888,-0.5142159,-0.16056563;0.11107308,-1.717826,-0.90322524;-0.50199115,-0.92582303,-1.9264956;0.049022377,-1.6259743,-0.99182713;-0.14492963,0.08297165,0.738669;-1.9863412,-0.17136076,0.9810698;0.12508263,1.390361,-0.45132616;-0.7561855,-1.0017792,2.4457252;-0.4791692,0.14990358,0.65997493;-0.7472104,0.64847845,-0.29890668;-0.7598533,0.61139524,-0.13319653;0.5200266,-0.8814978,-0.48779687;-1.6040313,-0.08658605,0.907908;-0.20658112,-0.0059768697,0.29084927;1.4010861,-1.2258977,0.66192365;0.6616342,-0.66836613,0.3271261;1.6292557,1.1927816,-1.3999237;-0.7415313,2.1169698,-0.59821475;-0.5314104,0.18010397,0.6179521;-0.9903013,0.073158145,-0.64125884;0.86802983,-1.1032442,-0.0369745;0.56902474,-0.14083157,-0.5646792;-0.6145087,-0.9303692,1.9983925;-0.67658645,1.8799839,-0.55140877;0.69013673,-0.9658462,-0.23877609;-0.054301117,-0.018618383,0.76189107;1.460039,1.0313972,-0.7519705;0.11419356,-0.85550684,-0.19022055;1.4686131,0.86887646,-0.40946522;1.5764159,-0.98788565,0.52793014;0.2850305,-1.7679181,-0.8340213;0.78424007,-1.0465106,-0.16219997;1.764293,1.2204796,-1.7332327;-0.42110056,-0.9913916,-1.8494779;1.3103284,-1.3709602,0.19829096;-0.84596187,0.26717794,0.53274965;-1.2506107,0.43849888,0.8258467;-0.13225897,-0.89252263,1.3898988;0.24569972,-0.52556443,0.9720808;-0.57231766,0.23617798,0.5352341;0.39638248,0.12488675,-0.30963582;1.3621795,0.52460074,0.21387035;0.87297374,-0.9091341,0.9196893;0.31183615,-0.8064181,-0.09184512;-0.22148554,-1.2457502,-1.132803;-0.46522328,0.7882973,-0.61101633;1.3494948,-1.2257407,0.37897265;0.19079828,-0.79443955,1.2030214;-1.2595596,0.79492867,-0.6690728;-0.65976906,2.422176,-0.6274281;-0.6424139,0.25751537,0.4489102;1.3797461,-1.1967962,0.6572819;1.6179924,1.1532826,-1.1841241;-0.14627463,-0.90285635,1.7015234;-1.3540858,0.19315863,1.0014864;-1.1233734,0.29812458,0.8655185;-0.35183865,-1.0325686,1.6448984;1.699087,1.1668669,-1.668488;-0.8547506,0.183633,0.6565492;1.0989523,-1.1834483,0.49107274;-1.1885581,-1.038536,2.717788;-1.864276,-0.11440488,0.9476202;-0.33122814,0.15195236,0.6445989;0.8994967,-0.82121193,0.07780058;0.12022851,-0.734716,1.1710296;-0.6140066,-0.46934643,-1.5351061;1.4701095,-1.1632882,0.032825805;1.504261,0.8572235,-0.20289223;0.24940789,0.06542794,-0.5251144;0.14007616,1.2406483,-0.5106187;-0.18898126,0.5336228,-0.3729151;0.72938436,-0.8421869,0.047033884;-0.13030119,-1.3317552,-1.3321825;0.1296176,-0.7746054,-0.519802;-0.5611524,1.4432063,-0.3880025;1.6589463,-1.2623714,0.6511496;-0.04764168,-0.084334,0.2762607;1.6370384,1.1227763,-1.0938985;0.122303545,1.285422,-0.51706296;-1.570348,1.451416,-0.65597963;-0.32853186,-0.24794182,-0.50636935;1.8073888,-1.4482648,0.5017145;-1.4738705,0.027404437,0.8929494;0.7422017,-0.2690827,0.48217583;-2.1313846,-0.31483552,1.1075293;-0.71049863,2.1184063,-0.4090269;1.2003844,-0.87543523,0.78392756;-0.44651,-0.90794164,2.0032516;1.5508323,0.9261615,-0.4121584;1.1816438,-0.34367424,0.46531004;1.3664395,0.66208106,0.20070805;-1.2168899,0.6829551,-0.7740634;-0.89797574,-1.0130525,2.6343684;1.6687292,1.1071135,-1.263429;1.183468,-0.027360642,0.402072;-0.58367574,1.6037744,-0.35286847;-0.24541877,-0.77405584,1.3286576;-0.40668646,-1.0491142,2.2047708;0.81611073,-0.06650061,0.5008758;1.7233578,-1.1983492,0.42913476;-1.2821486,-0.073672295,0.7556178;0.24012437,-0.91199416,0.041992623;-1.4981924,1.7564802,-0.59909916;0.5223323,-0.09996888,-0.067208745;1.6770787,1.1320653,-1.1889353;1.2275552,-0.47547382,0.47103146;0.54496706,0.44936106,-0.49559838;-1.6439104,1.980963,-0.6350385;-0.03458558,-0.22839399,0.10791451;1.1983262,0.29571092,0.22023374;1.6041114,-0.88945943,0.43655965;0.14060451,-0.19247428,0.2006427;-0.5526451,-1.0334853,2.3005705;-0.14693451,-0.8965988,1.6743433;-0.43716988,0.1229212,0.6729848;-1.281965,0.17664164,0.88007486;-0.9650144,0.8863636,-0.4835248;-0.9118736,-1.0209668,2.6287718;-1.0047789,0.32494956,-0.7160288;-0.069073014,1.8066103,-0.3614516;-0.18825935,0.30653757,-0.21637858;-0.07784387,0.07934444,-0.43057135;-0.68020463,-1.1389279,2.0092714;-1.4166565,1.2506813,-0.76606613;-0.576393,0.30875984,-0.6647513;-0.19164312,1.9909067,-0.3044096;0.13199206,0.28139693,-0.1517564;0.13256094,-0.80701625,1.2405611;-0.4162001,0.5517589,-0.6053749;1.6563513,1.040707,-1.6731832;-0.091732584,-0.8896464,1.3658867;1.4173433,1.0145944,-0.22421865;-0.77944106,-0.63669366,-1.5932894;1.3791243,-0.57019866,0.048148733;-0.00014324524,0.04142138,-0.2536736;-0.23250452,2.1285877,-0.4786678;1.5109245,-1.1817364,0.09557265;-1.5337069,1.3237022,-0.658002;1.575356,0.9339798,-0.367566;1.6929432,1.1705954,-1.0427481;1.2173281,-0.31148657,0.57247144;-0.4784294,-0.48897097,1.0130442;-0.75414693,-1.012296,2.4971914;1.1379567,-0.83376205,0.74924284;0.7745283,-0.10437626,0.45976564;1.6296505,-0.8015582,0.36556232;1.5929161,1.3953992,-1.4792578;-0.5581319,-0.53505266,-1.6120508;1.6436272,1.1065727,-1.3418274;-1.4885454,1.2506802,-0.6987803;-0.5730348,1.5865135,-0.3185076;-1.1944201,0.0021885259,0.73203105;0.09354755,1.0294799,-0.57022697;0.6527734,-0.8486353,-0.20405903;-1.1066287,0.5444561,-0.7368786;-0.65878534,-0.7663418,-1.9979516;0.16139853,-0.78282946,-0.15912913;-1.1064008,-1.068769,2.6770961;-0.5461615,0.24831355,-0.057833195;-0.48620307,1.6315271,-0.509708;1.6330293,-1.2200359,0.6460843;1.4069967,0.7150799,-0.04710209;-0.4675441,1.5578616,-0.5803574;-0.44446388,-0.7099281,-1.1482028;1.6437094,-0.41274834,0.39836353;0.94104695,-0.92805976,0.96441054;-1.0875598,1.1025168,-0.31183764;-0.34718052,0.11637828,0.69032913;1.3365868,-0.91171503,0.6641978;-0.117621504,-0.0061271368,0.69948244;-0.95803636,0.10923497,-0.7464591;-0.41229072,-0.7453631,-1.0720392;1.2537751,0.25650662,0.21140395;-0.7839064,-0.5965771,-1.7495375;-0.32545826,2.2212715,-0.52168214;-0.30995783,0.9425908,-0.47330016;1.3389852,-1.249697,0.35889992;-1.6707835,-0.15162255,0.93302923;1.7187952,1.251264,-1.2214239;1.0890812,-0.19177122,0.51659584;1.5324332,-0.86300147,0.6023472;-0.38947314,2.2206764,-0.26918885;-0.6823798,-0.68911403,-1.3752918;0.16999736,0.91833705,-0.55153;0.22167623,0.30238345,-0.33422393;1.3623918,0.46223035,0.22625037;0.9174421,-0.15300961,0.09877596;-0.388111,1.283348,-0.6109378;0.98179364,-0.17705438,0.15474615;-0.7612631,0.56708324,-0.12999491;1.824333,-1.4615678,0.5517673;0.21348876,-0.53404903,0.6297692;-1.1586428,-1.0556867,2.7079601;1.1550146,-0.8427422,0.6570897;1.8346734,-1.4403476,0.6291641;0.24515575,0.30136243,-0.41468954;-0.82983565,-0.9035399,2.3708487;-0.69233555,2.0172434,-0.5692817;-0.48140576,0.93037623,-0.35456368;1.5459609,-0.6555904,0.44597793;-0.4313154,1.1246983,-0.6232718;1.7359306,-1.3641707,0.5030602;-1.2775439,1.5096555,-0.53010106;1.590415,-0.29126668,0.5139781;-0.4584972,1.611727,-0.5556599;0.4622031,-0.94133997,-0.22426225;-0.67603636,2.016046,-0.54086375;-0.65170974,-0.95124066,2.1093237;-0.29138055,-1.0411215,-1.7251185;0.1500996,-0.727002,-0.47104144;-1.0314668,0.2683358,-0.56163925;0.0886735,-0.53219396,-0.4815365;-0.7963807,-1.0165639,2.4558058;0.7029101,-0.4063059,0.472095;0.46353418,-0.6439622,-0.09494974;-1.1126164,0.68707746,-0.78447115;-0.70542526,0.6361208,-0.6290818;-0.111902855,1.0092468,-0.49865317;0.09460704,1.1625185,-0.5464153;-1.0163957,0.12331971,0.65837646;0.060218625,-0.7120826,1.1445408;-0.091223516,0.19875616,-0.30913818;-0.9701078,-1.0014876,2.6056304;1.0273826,-0.70577604,0.7246805;1.6504525,1.1477183,-0.9520936;-1.1856054,0.8820709,-0.72835207;1.1413101,-1.1151549,0.20743853;-0.4486383,2.3306627,-0.5427522;1.6038647,-0.27822945,0.52777827;-0.64916176,-0.8062563,-2.0148683;1.6304735,-0.42286617,0.41034743;-2.0701473,-0.15726104,0.9185321;-0.49480256,-0.9889389,2.1955464;1.5624843,1.1621163,-0.55646265;1.5719801,-1.0006218,0.80165863;-0.16660605,0.035290293,0.7256128;0.0208727,-1.5461394,-0.9867596;1.6618557,1.111904,-1.0008808;1.4484196,-0.46432236,0.4748063;1.6347059,-0.45867229,0.3987432;-0.7672926,2.1208837,-0.39556375;0.8822181,-0.4573852,-0.19535065;-0.5773812,-1.0056375,2.2193127;-0.087434456,-0.5201334,1.1096737;1.0494035,-0.22192465,0.32991534;-1.6928751,-0.33317697,0.9899776;0.38096544,-0.7570357,0.20232183;-0.72790486,-0.6695866,-1.4429116;-0.61371195,-0.70012784,-1.3257452;1.4843423,-0.8818759,0.6900165;0.74930745,0.049341828,0.14691715;1.004878,-0.23896703,0.2503164;-0.58248925,-0.5039338,-1.704025;-0.8918035,0.23408268,-0.74413866;1.4109777,-0.7834123,0.3830778;0.19954576,-1.8265191,-0.85636675;-0.5435717,-0.4004206,-1.575744;0.09181594,-1.6915718,-0.91052717;-0.29141787,-0.3771465,-0.61685383;-0.056238964,-1.413401,-1.1325747;-0.90896016,0.17537591,0.6705275;0.07186535,1.5089618,-0.42510495;1.5398858,0.78401256,-0.2543955;0.23416793,-0.7000953,1.0880573;-0.22060472,1.8024288,-0.44563574;-0.5973398,0.21322355,0.5266621;-1.6222553,2.0146642,-0.6167357;-1.1037556,-1.0778322,2.6862934;-0.124586016,-1.3163177,-1.2888418;0.33048767,-0.6810046,0.2721925;0.16190472,-0.32406613,0.70068985;-1.2626897,0.7946631,-0.7005504;-0.76485693,-0.6034032,-1.6661816;-0.8449645,-1.1112491,2.3754578;-1.6149923,1.6262556,-0.69913924;0.23554602,0.14255893,-0.07950048;0.55537915,-0.054769084,-0.09495704;-0.78904945,-0.98128194,2.5157456;1.1521218,-0.9043983,0.49347934;-0.0830631,-0.09299027,0.63474214;0.2622115,-0.42210743,0.227601;0.3175549,0.2840771,-0.5930087;-0.24867618,-1.2230136,-1.5373842;-0.9976612,0.92284185,-0.4438536;-0.42386225,0.8565059,-0.31276876;1.3837805,-1.2000046,0.5719865;-0.053106856,-0.053035326,-0.025090512;-0.42557117,-1.0010709,-1.8716565;-0.22396423,-1.1820586,-1.3838134;-0.9050969,0.2920375,-0.8014085;0.7945607,-0.4965753,-0.057473492;1.8006415,-1.4167084,0.5400406;-0.18199722,-0.90039456,1.4310764;-0.06363476,1.9811573,-0.5708583;-0.29817316,-0.69200134,1.7212813;-0.6621985,0.7742545,-0.6468175;-0.6984386,2.0842254,-0.4198852;-0.5107069,2.385706,-0.5614523;0.6916603,-0.8666069,0.81504345;-1.6342185,1.7473159,-0.6964892;0.105093494,-0.2198159,0.5124844;0.54504824,-0.051412754,-0.4688724;1.7021941,1.0334363,-1.9041587;0.94993716,-0.23457447,-0.21984604;-0.2560686,-0.8461856,1.7826419;1.0814307,-1.1454376,0.24413474;-0.3584755,-0.5170942,1.003368;-0.60965526,-1.0796013,2.4227278;-2.0018022,-0.3148643,1.037453;0.87388456,-0.84367275,0.39260456;0.8853743,0.050051205,0.38502565;0.2050118,0.8581875,-0.50620055;-0.5382387,-0.43224192,-1.620547;-0.69339496,-0.6503876,-1.4557211;0.40135673,0.25153375,-0.6171903;1.7162633,-1.2986524,0.39989716;-1.0019449,-0.99352556,2.6584353;-1.7163491,-0.23811571,0.9853215;-1.3985053,1.3472773,-0.7967641;-0.50870895,-0.90983117,1.9563433;0.89184225,0.03288099,0.40396506;-0.33878744,-0.27988905,-0.5425231;1.5446763,-0.33792356,0.53444356;-1.3914311,1.4304398,-0.46857345;-1.3334014,1.548575,-0.48596725;-1.8130676,-0.36179024,0.92007864;-0.34974423,-0.8263979,-1.44724;1.4488729,0.6170931,-0.06830554;1.670338,-0.7910531,0.12862329;-1.3734642,-0.019624468,0.9091761;0.25172016,0.81556374,-0.46463162;1.6754007,1.1308166,-1.6090037;-0.4544579,1.5330242,-0.59505284;-0.5759691,1.3689092,-0.33077303;-0.13994786,-0.49163416,-0.6098791;-0.07951038,1.8184611,-0.57417995;-0.6003523,0.2744658,0.43209863;-1.4947231,1.3267595,-0.7340627;-0.033833902,0.07336678,-0.26143038;0.64127797,-0.77806693,0.28514448;1.0381234,-1.0930775,0.009145964;0.66198844,-0.8651636,-0.5076897;-0.31618202,-1.1357363,-1.6926044;-0.34981868,0.901983,-0.3115515;-0.22579747,1.7732773,-0.29325327;-0.62091744,0.20168798,0.6003587;-0.89768165,0.8596848,-0.41166285;-0.51569724,2.3827984,-0.5642493;1.6697259,1.1559181,-0.99387896;1.4162976,0.922702,-0.38895407;1.1132303,-1.1713874,0.4947424;-0.043393794,-0.82888854,-0.68844366;-1.637314,1.9421388,-0.63526183;-1.9556571,-0.43759707,0.9277156;0.55534685,-0.65521145,0.32910222;0.41083094,-0.67862767,0.31689483;0.23410301,0.318406,-0.3695231;-0.5389915,1.6920213,-0.5653104;-0.9341122,0.18810186,0.663361;-0.4983132,-0.5002208,1.0264295;-0.1530653,0.048028205,0.70747584;0.23505685,-1.7294811,-0.83580744;-1.53204,1.4058248,-0.7212102;1.4771546,-0.5499251,0.12570374;1.819682,-1.3954366,0.5831004;-0.4551033,-0.7220267,-1.4462523;-0.21198006,-0.7621689,1.2998489;0.2038268,-0.7505411,1.1040947;1.6895072,1.0827816,-1.7239283;1.4644938,-0.36719498,0.053259123;-1.2139359,0.70802635,-0.6949232;0.888254,-0.4099292,-0.17203781;1.5207769,1.0629508,-0.74445087;-1.3646961,0.015609173,0.8261463;1.5499576,1.2247953,-0.9171256;-1.2687929,0.6652274,-0.5947339;1.4209702,-0.432861,0.075771555;-0.47991934,-0.43639004,-1.4953984;-0.51049197,1.5876242,-0.5282389;1.7027748,-0.96184015,0.32399762;0.3659375,-0.8924979,-0.106555894;-1.2388227,0.9475798,-0.7271313;-0.71407366,0.21176066,0.6020496;1.4117993,0.5577143,0.13656434;1.8163297,-1.2993838,0.47295272;-0.41066086,1.0341773,-0.5357793;0.28045082,-0.7789301,1.1364731;-0.018499585,-0.8788262,1.3486972;0.9690462,-0.73904294,0.7150433;-0.36469364,1.0017804,-0.5746501;1.6444397,1.188358,-1.3511449;1.7241375,1.0853583,-1.8929666;-0.9637006,-1.1276399,2.5426514;-2.1628988,-0.37579697,1.0506965;-0.3993234,-0.7606203,1.7659276;-0.15108132,0.27050787,-0.2997336;-0.21268761,-0.7229584,1.2446699;-2.0062485,-0.34569108,1.0437152;-1.0126884,0.90569824,-0.4523495;-0.39700302,1.1092956,-0.5631154;1.4861289,1.0539534,-0.88341415;0.8861927,0.063869655,0.32852265
