data_set
babi-q1
num_classes
6
data_points
1000
model
saved_models/babi-q1-e0008.ckpt
color_schema
#4E79A7,#F28E2B,#E15759,#76B7B2,#59A14F,#EDC948,#B07AA1,#FF9DA7,#9C755F,#BAB0AC
test_accuracy
0.476
test_loss
1.3619540510177612
train_accuracy
0.466375
train_loss
1.3886389193534852
val_accuracy
0.491
val_loss
1.3330522928237916
labels
12,9,15,12,15,12,11,12,17,17,15,11,17,10,10,15,11,15,17,15,12,17,17,12,10,10,10,15,15,15,12,17,15,15,9,17,9,11,15,10,9,11,9,12,11,15,12,9,17,10,10,17,11,11,15,10,15,12,11,12,12,17,9,11,11,15,15,9,17,17,11,12,11,10,9,15,15,15,12,17,11,9,10,11,17,11,11,12,15,15,9,9,12,9,9,15,15,15,10,10,10,9,17,11,11,12,10,9,17,10,9,9,15,12,15,11,17,15,9,17,10,9,10,12,10,17,11,11,11,9,11,12,9,11,15,9,17,15,9,9,17,12,12,17,10,15,15,15,15,15,11,11,9,17,10,9,11,10,17,12,10,10,10,11,9,11,11,11,15,10,17,17,11,9,9,17,15,10,17,17,12,12,12,12,10,9,17,11,15,17,12,15,11,12,12,11,17,15,9,10,12,17,17,10,12,9,15,12,9,12,9,10,12,10,9,10,9,12,12,9,9,12,15,12,10,17,12,11,9,9,17,11,12,17,12,10,10,10,10,17,12,15,11,11,15,15,11,11,11,11,10,17,9,9,10,10,17,17,15,11,11,17,12,17,17,9,11,10,9,10,15,17,17,15,9,17,15,12,17,9,9,11,17,17,11,17,9,17,11,9,15,15,10,15,15,11,11,12,12,9,9,9,9,17,12,11,9,17,17,15,11,11,17,10,11,17,10,17,17,11,11,15,15,11,11,9,10,11,11,10,15,17,15,10,10,17,12,17,12,12,12,11,17,15,11,17,12,12,15,15,10,11,11,10,10,9,17,12,11,12,11,9,11,11,11,11,11,12,12,12,12,12,11,11,17,10,15,9,9,10,9,10,10,17,17,15,17,17,17,15,15,12,9,10,17,17,10,17,9,11,10,11,10,15,17,15,12,10,11,15,10,11,9,12,17,10,10,15,12,9,12,12,9,12,10,15,15,17,10,10,17,15,15,15,17,11,15,9,10,11,10,12,9,11,10,11,10,12,11,15,15,15,15,11,9,15,10,12,11,12,9,11,10,17,11,11,10,10,10,17,12,17,17,9,15,11,9,15,11,9,10,10,12,12,11,10,9,12,10,9,15,10,10,11,11,15,15,10,12,12,15,11,9,12,9,15,10,17,17,10,10,17,10,10,17,9,9,10,12,11,17,17,12,12,11,12,17,11,11,12,11,11,11,17,9,11,10,12,12,10,11,17,12,12,15,11,15,15,12,10,10,9,17,10,15,12,15,10,10,10,11,10,11,15,10,9,9,15,10,10,10,10,15,15,17,9,10,12,10,10,12,12,11,15,10,10,11,12,10,10,17,12,17,11,9,9,17,17,11,10,10,10,15,15,17,11,15,12,11,10,15,17,9,11,9,17,15,12,15,17,11,17,17,15,9,10,9,9,10,10,9,10,10,15,11,11,11,15,12,9,11,11,10,17,11,11,12,17,15,15,9,11,15,15,11,9,15,15,11,15,15,15,11,10,10,9,17,17,17,17,10,10,17,9,15,9,17,12,12,12,15,15,15,17,9,11,9,17,9,12,11,9,9,17,11,11,11,10,15,10,12,12,9,9,17,12,12,9,17,12,11,11,15,15,12,11,12,17,12,17,11,12,11,17,17,11,17,9,11,9,10,10,12,17,10,12,9,9,9,15,11,11,15,17,9,10,9,12,17,15,17,17,12,10,12,11,11,17,15,9,17,10,9,11,12,15,9,15,12,10,9,10,17,17,15,15,9,9,9,17,10,17,17,9,12,17,17,12,12,11,11,11,11,17,11,17,17,17,17,17,12,9,17,10,17,11,10,10,12,12,11,11,17,12,12,17,17,15,11,17,11,11,9,12,9,17,9,10,9,15,11,9,11,15,10,9,9,9,17,12,11,11,17,15,15,10,10,11,11,17,10,12,9,10,10,10,10,10,15,17,9,11,17,15,12,11,10,10,15,12,10,11,12,12,11,11,11,15,12,17,10,12,17,17,12,10,10,12,17,10,11,17,11,12,17,17,11,12,11,17,9,9,11,17,11,11,15,15,17,17,10,10,17,12,11,15,12,11,11,10,9,12,12,15,10,9,17,15,17,9,17,17,10,17,15,12,12,11,10,10,10,17,17,15,12,17,9,9,15,10,12,15,15,15,17,17,15,11,15,10,12,9,9,10,11,11,9,9,12,15,9,15,9,12,12,10,17,17,10,12,15,9,10,17,11,11,11,17,9,9,11,15,11,11,11,15,12,17,9,10
pred_labels
9,9,15,11,9,12,9,12,12,17,15,17,17,11,11,15,11,15,12,11,12,17,9,11,11,15,10,15,11,9,17,17,15,15,9,17,12,9,12,11,9,11,11,10,11,12,12,9,17,12,10,12,11,12,15,9,11,12,17,17,12,17,9,11,9,15,9,9,17,12,11,12,11,10,9,15,17,17,12,12,11,11,11,17,17,11,11,11,17,15,9,9,12,9,17,15,17,15,10,15,11,9,12,9,11,12,12,9,11,10,9,15,15,12,17,12,9,9,17,17,10,9,15,9,17,17,11,17,11,11,11,17,15,11,11,9,17,15,9,9,12,12,17,9,12,15,10,15,15,9,11,9,17,17,12,11,11,9,17,12,12,9,12,12,9,11,11,15,12,10,17,11,11,9,12,17,17,10,12,15,12,17,12,17,10,9,9,11,9,12,12,17,9,11,12,11,10,9,9,11,17,17,10,10,10,9,9,12,11,11,11,10,9,9,10,12,11,12,9,11,12,12,9,10,10,17,17,9,9,17,17,15,11,12,9,11,9,15,12,15,12,9,11,12,17,15,9,9,15,9,10,15,9,11,10,11,12,11,11,11,11,9,12,12,9,11,9,9,9,11,9,17,12,15,11,15,15,10,12,9,9,11,12,15,11,17,9,12,11,9,15,17,11,17,15,11,12,11,12,11,9,12,12,17,17,11,9,9,9,15,11,12,12,11,15,17,12,17,15,15,11,9,15,9,17,9,15,11,9,17,15,17,17,17,15,11,12,11,12,17,12,11,17,15,11,17,15,12,15,9,11,10,11,10,9,17,17,12,11,12,11,9,11,11,11,11,15,12,17,9,12,12,11,10,17,10,15,9,11,11,9,12,17,17,15,9,9,17,17,12,15,12,11,12,9,17,11,11,11,11,11,11,12,9,17,10,17,12,11,10,11,11,9,12,17,10,9,11,11,9,15,12,9,12,9,9,15,17,11,11,15,11,10,12,12,11,9,11,11,11,11,12,11,9,11,11,9,17,11,10,9,10,15,11,9,15,15,10,11,12,17,11,12,17,12,11,10,9,12,17,10,17,17,9,9,12,9,15,11,11,15,17,12,12,9,11,9,12,15,9,15,15,10,11,9,10,15,10,12,15,15,11,11,15,9,9,10,17,9,10,10,12,11,9,12,9,11,9,12,11,17,9,12,11,11,12,17,11,17,12,11,17,11,12,11,11,11,12,11,10,11,10,12,12,15,11,15,17,12,10,10,12,17,11,15,12,17,10,9,9,11,11,11,9,11,9,9,17,17,17,11,12,15,17,12,9,10,9,9,9,15,15,11,11,11,10,12,9,10,11,17,17,17,11,9,9,17,11,12,11,11,10,11,9,17,11,17,11,10,11,15,17,9,11,9,9,15,9,17,12,11,10,9,17,9,10,12,11,12,11,9,10,15,9,9,11,12,12,11,9,11,12,10,11,11,15,12,17,9,11,9,11,15,15,9,9,15,11,11,11,12,9,12,12,9,17,9,17,10,12,10,11,17,15,9,9,17,12,11,9,15,15,15,17,9,11,9,17,17,12,11,9,9,17,12,11,9,12,10,11,12,17,9,9,9,11,12,17,12,17,11,11,10,15,9,11,12,17,17,17,11,12,9,17,11,12,17,9,9,9,9,12,12,17,12,12,9,9,9,10,11,15,9,17,9,17,9,12,9,17,17,11,12,11,11,11,17,9,9,9,9,9,17,11,10,9,12,17,12,9,11,12,17,9,12,9,9,9,12,17,12,17,17,9,9,9,9,12,11,12,11,11,12,15,9,17,17,12,11,9,11,11,10,15,17,11,10,11,12,9,11,10,11,12,17,17,17,15,12,9,11,11,9,12,9,12,12,10,15,15,11,9,12,9,12,9,9,11,11,10,11,9,17,15,9,17,15,12,9,9,15,12,11,11,12,10,10,10,15,17,9,11,12,15,10,11,10,15,9,17,9,11,12,12,11,11,9,17,11,17,10,17,9,12,15,11,10,12,9,9,12,17,11,9,17,17,11,11,17,9,9,17,9,11,9,11,9,9,9,9,12,12,9,9,11,15,12,11,9,17,9,11,12,15,10,11,9,9,9,9,9,12,11,10,15,12,12,11,10,9,10,17,17,9,9,17,9,9,9,15,12,15,15,17,11,9,9,11,11,10,12,9,17,15,17,12,9,9,9,17,9,15,9,9,11,9,12,11,9,12,10,9,11,11,9,9,11,9,9,9,11,15,11,9,17,15,12,12,9,11
pred_correctness
False,True,True,False,False,True,False,True,False,True,True,False,True,False,False,True,True,True,False,False,True,True,False,False,False,False,True,True,False,False,False,True,True,True,True,True,False,False,False,False,True,True,False,False,True,False,True,True,True,False,True,False,True,False,True,False,False,True,False,False,True,True,True,True,False,True,False,True,True,False,True,True,True,True,True,True,False,False,True,False,True,False,False,False,True,True,True,False,False,True,True,True,True,True,False,True,False,True,True,False,False,True,False,False,True,True,False,True,False,True,True,False,True,True,False,False,False,False,False,True,True,True,False,False,False,True,True,False,True,False,True,False,False,True,False,True,True,True,True,True,False,True,False,False,False,True,False,True,True,False,True,False,False,True,False,False,True,False,True,True,False,False,False,False,True,True,True,False,False,True,True,False,True,True,False,True,False,True,False,False,True,False,True,False,True,True,False,True,False,False,True,False,False,False,True,True,False,False,True,False,False,True,False,True,False,True,False,True,False,False,False,True,False,False,False,False,False,True,False,False,False,True,False,False,True,True,False,False,True,False,True,False,False,False,False,False,False,False,False,False,True,False,True,False,False,True,False,False,False,False,True,False,True,False,True,False,False,False,False,True,True,False,True,False,False,False,False,False,True,False,False,True,False,True,False,False,True,False,False,True,True,True,False,False,True,True,True,False,True,True,True,False,False,False,True,True,False,False,True,False,True,False,False,True,False,True,True,False,False,True,True,False,False,False,False,True,False,True,False,False,True,False,True,False,False,True,False,True,False,False,True,True,False,False,False,False,True,False,True,False,True,True,True,True,True,True,False,True,True,False,False,False,True,True,False,False,True,True,True,True,True,True,True,True,True,True,False,True,False,False,True,True,True,False,True,True,True,True,False,False,True,False,False,True,False,False,False,True,True,False,True,True,False,False,False,True,False,False,False,True,False,True,False,False,True,False,False,False,True,False,False,True,True,True,True,True,False,False,False,True,False,True,True,True,False,False,True,True,False,False,False,False,False,False,False,True,False,False,False,True,False,True,False,False,False,True,False,False,True,False,False,False,True,True,True,True,False,False,True,True,False,True,False,True,False,True,True,False,False,True,False,True,True,True,False,False,True,True,True,False,False,False,True,True,False,False,True,True,False,True,True,False,True,True,False,False,True,True,True,False,True,True,False,False,True,False,True,True,False,True,True,False,False,False,False,True,False,False,True,True,True,False,True,False,True,True,True,True,False,True,True,False,True,False,False,True,False,True,False,True,True,False,True,True,True,True,True,False,True,True,True,False,True,False,True,True,False,True,False,False,True,False,True,False,False,True,True,False,False,False,False,False,True,False,False,True,True,False,False,False,False,False,True,False,False,True,False,False,True,False,True,False,True,True,True,True,True,False,False,False,False,True,False,False,True,True,False,False,False,False,True,True,True,True,True,False,True,False,False,False,True,False,False,False,True,True,False,False,False,False,True,True,False,False,False,True,False,False,False,True,True,False,True,False,True,False,True,True,False,False,True,True,True,True,False,True,True,False,True,False,False,False,False,False,False,False,False,True,False,False,True,False,True,False,False,True,True,True,False,False,True,True,True,True,True,True,True,True,False,True,True,True,True,True,False,True,False,False,False,False,True,False,True,True,False,False,True,False,False,False,True,True,False,True,False,True,True,True,False,True,True,True,False,True,False,False,True,True,False,True,False,False,True,True,False,True,True,True,True,False,True,False,False,True,True,False,True,True,False,False,True,False,True,False,False,True,False,False,False,True,False,False,False,True,False,False,False,False,True,False,False,False,True,False,False,False,True,True,False,True,False,True,True,True,False,False,False,True,False,False,True,True,False,False,False,True,True,False,False,False,False,False,False,False,True,True,True,False,True,False,True,False,False,True,False,True,True,True,False,False,True,True,True,True,True,False,False,True,False,True,True,True,False,False,False,True,True,False,False,False,True,False,True,True,False,False,False,False,False,False,False,True,False,False,False,True,True,True,True,True,True,True,False,True,False,True,True,False,False,False,False,True,True,True,True,True,False,False,False,True,True,False,False,False,False,False,True,True,False,False,False,True,True,False,True,True,True,False,False,False,True,False,False,False,False,True,False,False,False,False,False,False,False,False,True,True,True,True,False,False,True,False,True,True,True,False,False,False,False,True,False,False,False,False,True,True,True,True,True,False,True,True,True,False,False,True,True,True,False,False,True,True,True,False,False,False,False,True,False,True,True,True,False,False,False,False,True,True,False,False,True,True,True,False,False,False,False,False,False,True,False,True,False,False,False,False,True,False,True,True,True,True,True,False,False,True,True,False,True,False
p2d-kl
0.640922486782074
p2d-iter
599
p2d
-1.1711276,-0.04530027;-0.100628674,-1.4836655;1.1875826,1.5792177;0.28434658,-0.58848333;-1.4912996,-0.48272312;0.8146002,0.93663234;-0.83254266,-0.58564574;0.062386435,0.88843966;-0.8802823,1.0963031;-1.6602565,1.2286135;1.2208066,1.4458616;-0.63752675,0.87698084;-0.10000943,0.8934273;0.66086614,-1.5391887;0.68843603,-1.6675369;1.518692,0.00095716084;-0.16466558,-0.94786304;0.86910504,1.4721028;0.14926136,1.0260894;-0.65554017,-0.41159886;0.94811815,0.7726962;0.43928036,1.4199151;-1.4181521,0.55002046;0.20982,-0.95475376;-0.014435211,-0.3883226;1.6544739,-0.18390602;2.0522275,0.14857346;-0.46443683,-1.9659579;-0.86404866,-0.20967081;-0.5668419,-1.7486018;0.2452585,1.2915312;0.32993463,1.5189348;-1.684085,0.89310384;1.8239971,-0.26227504;-0.7933211,-0.95694077;1.2381172,0.68550795;-0.63463783,0.6293827;0.86886096,-0.7489393;0.6913248,0.25002337;0.34383467,-0.6389868;-1.4331564,0.38811207;0.14123814,-1.1888069;-0.85311574,0.28357548;1.1371415,-0.574551;0.43888474,-1.4614908;0.970625,0.7584558;1.085628,0.49919137;-1.7113725,0.2555037;-0.14964463,0.66977835;1.7268214,0.45537588;1.8217744,0.35662416;1.2020684,0.6933994;-0.076740764,-0.8589157;0.88243175,0.4070833;0.777406,1.6685082;-0.2784389,-1.5288451;0.10903445,-1.5564277;0.9564996,0.31907082;0.74588126,1.7236094;-1.4141854,1.2461028;0.35333124,0.94303286;-1.6069239,1.2195222;-1.7195046,1.1389638;0.5265855,-1.4151244;-1.7974055,1.0060403;1.4006302,-0.34010696;-1.3308265,0.13375863;-0.29539782,-1.3730778;-1.3445181,1.0749879;-0.63882685,0.50430644;0.81162566,-1.4949136;0.18499784,1.097782;-0.36640713,-0.66864264;1.4727658,0.4052147;-1.1565624,-0.6288106;1.1148578,1.3645196;-0.3402373,0.9837451;0.6735873,1.6051899;1.3158326,0.31365573;-0.87035364,0.85769963;0.17713585,-1.1392148;-0.36172,-0.9061118;0.60313857,-1.6273313;0.46098644,1.4267936;-0.30037186,1.2842722;0.19684836,-1.14732;-0.09294803,-0.54693764;0.9717831,0.25496432;0.73461115,1.6067449;1.0558077,1.3797493;-0.70908254,-1.565246;-0.68517274,-1.4964596;0.8481476,0.35716197;-1.7104751,0.30797327;-1.3609921,1.0967773;1.4080981,-0.3585209;0.8402303,1.7057554;1.9035162,-0.16135322;1.456686,0.29974666;0.8607222,1.6807107;1.0353103,-1.4462422;-0.87816304,-1.0376989;-0.5933129,1.0233154;-0.20098868,-1.3956208;-0.5012608,-0.3168655;0.44173223,1.0814135;1.0696493,0.5296792;-1.4812888,-0.46940795;-0.25325817,-1.3149554;2.1037042,0.027764939;-1.4600099,0.35816967;1.1255252,-0.61837995;1.1048824,1.5278289;0.8367374,0.9028053;-1.5130147,1.0641384;-0.26307678,0.4560607;-0.5437322,-1.9758465;-0.98493826,-1.2251128;-0.79155654,0.8477251;-1.6483717,1.3471385;1.3986307,0.47173205;-1.2036533,-0.6038297;-1.405975,-0.66368014;-1.2128184,-0.0737753;-1.0039799,1.1057729;0.66188043,1.6921006;-0.18345319,-0.9249413;-0.6695439,0.8997303;0.03924659,-0.9255111;-0.7196408,-0.56890863;0.13111836,-0.52868694;0.7782546,0.95760465;-1.489044,-0.6695921;0.5836717,-1.613011;0.9908494,-1.5289345;-0.6755798,-1.6495486;-1.2544155,1.1472555;1.8990195,-0.22196762;-1.2279563,-0.5025863;-0.37607345,-1.755504;-0.11634605,0.42813125;0.23026972,0.9673681;-1.5879705,1.2550977;-1.6166914,0.68184346;1.7984378,0.4369958;1.7494862,-0.18309167;1.9193097,0.05292044;1.7044964,-0.20744435;-1.4897425,-0.80501896;-1.3236926,0.5869179;0.50798565,-1.404848;-0.66298896,-0.90246725;-1.1342512,1.1544777;-1.5038702,1.239036;0.7409637,0.8185633;1.0573494,-0.9707394;0.6848594,-1.621565;-1.1352061,-0.16510615;-1.0097039,1.1246735;0.5566083,0.9869169;1.1130687,0.4504438;-0.8555727,-1.4230996;0.6496885,0.32096934;0.44488764,-0.63309836;-1.2268783,-0.46115538;-0.107024066,-0.44751668;-0.0038007428,-0.51305103;1.0791386,-0.68425345;0.87141883,0.870872;1.5812738,-0.058897387;0.6155685,1.6307459;-0.05932701,-0.37324783;-0.5630358,0.05843693;-1.6992879,0.43445662;1.8275404,0.4703238;0.5790251,1.616993;0.7316239,1.6724546;1.4389051,0.46139443;-0.917601,0.8657818;-0.09383042,0.9399526;0.40370843,1.0808748;0.22348315,1.3379946;-0.48115638,1.1354573;0.19529401,1.2574881;1.2825677,0.47168404;-0.6233214,-1.6816195;-1.5078547,0.36269912;-0.09836281,-1.0959148;-0.786541,-1.1411206;-0.9589359,1.0800437;0.37869045,0.9502493;0.74723506,1.7860466;-1.0313233,-0.4728778;1.8713843,0.46542993;0.40903288,1.0430003;0.2490682,-0.70695746;1.6885777,0.042823818;-1.4785705,0.29731858;-0.83314073,-1.7192335;0.14165209,-1.3475665;0.5656073,1.0685009;0.36760125,1.2815461;0.9142897,1.7729384;1.5219575,-0.17168303;1.7591105,0.31389764;-1.1868354,0.024605686;-0.21976654,-1.5464127;-0.41497108,0.66577;-0.8041534,0.037754092;-0.43294483,-0.40347305;-0.4208141,-0.90538853;1.0674222,0.3358367;-1.2836133,0.40116155;-0.33893988,-1.6171827;1.7101985,0.0035621207;1.0492584,0.4728068;-0.54771245,-0.62767583;-0.09523316,0.47769246;-1.2527221,0.2686874;-0.81608033,-0.10603763;-0.34533906,0.47590688;0.15572844,1.0965664;-1.4722098,-0.59700954;1.508782,-0.19238344;1.884449,0.003281011;0.54548097,1.088021;-1.698581,1.2070358;-0.92391115,-0.723758;-0.8228386,-1.2443614;-1.3075582,1.163704;-1.5469067,1.0243939;0.9576866,-0.76266307;0.22086221,-0.6317191;-0.49827585,0.97397476;-1.381349,0.7557751;1.0046117,-1.4689437;-0.8769696,-1.1155975;0.85348904,1.4641842;0.89241105,0.9077557;-0.2517677,1.0501363;0.32461515,0.94888484;-1.4593208,-0.54835874;0.09330921,-1.5688769;-0.5246748,0.60777116;1.084573,1.6400133;1.4270153,-0.3763548;0.9957317,-0.8538563;-0.8834555,-1.4350257;-1.4988428,-0.7299046;-0.65693474,-1.010642;1.3912162,0.46054894;1.8489017,-0.15171064;-1.0332507,-0.5943399;0.53739196,-1.3061825;1.720832,0.37423745;1.0604678,-1.4424137;1.0461757,0.7295148;-0.8445135,-0.4824336;-0.42887616,-0.7727058;-0.019442096,-0.7772886;0.8475963,-1.4472116;-1.3604109,0.24262111;-0.864079,1.0512835;-0.5116553,0.89829767;-1.6851772,0.23306362;-0.57955855,-0.76719457;-0.5906059,-1.0097806;-0.24797909,-1.6141322;-0.18418151,-1.4525425;0.82150877,-1.5539057;-0.78688914,-1.7450244;-0.53249985,1.3105395;0.018107807,0.37602487;0.9760737,-0.5531978;-0.68368804,-0.6549861;1.0958631,1.5814167;-0.38092136,-1.9455307;1.8843727,0.30310428;0.3968582,0.9866012;-1.693316,0.28218988;-1.4296664,0.3591264;0.054737173,-1.1361122;-0.6421628,1.0256968;-1.4714456,-0.65875834;-0.28660062,-0.9111011;1.0209516,0.8577327;-0.6342039,-0.6718648;0.6904184,0.2767111;0.4096915,-1.2708156;-1.1594845,-0.5235155;1.3945,-0.37875518;-0.7570351,0.6581142;0.8614844,-1.3642225;0.8346628,1.6653218;0.996021,1.4075547;0.12530637,-1.1236726;-0.005532588,0.27726567;-0.71464527,-0.6135519;-1.0059402,0.8846101;0.47271493,-0.74431837;-0.9895918,-1.1530079;-0.45091864,0.54135644;-1.1542895,0.86574376;-0.9395788,1.1269094;-0.5448053,1.2811508;-0.5994389,-0.75564486;-0.6442934,-0.9722385;-1.440003,0.16516894;-1.0972,-0.5625735;-0.7227845,-1.9931116;0.10010418,-1.09312;0.84317005,0.4103741;-0.7840193,0.27974212;0.20751858,-0.40751335;0.8997527,1.6981432;-0.102296576,0.5391331;1.6979077,0.44759482;1.1402028,0.9698425;1.9562603,-0.15526214;0.951473,-0.6706217;0.24396724,-1.1790547;-0.5042998,-1.6902297;0.965195,1.290276;0.7856882,-0.8443632;-0.62106895,1.1127969;-0.29714328,-1.4699873;1.7970133,-0.22432888;-0.03573386,-0.5560743;-0.93667465,-1.2757593;-0.33640605,1.0463083;1.2407079,1.5277128;0.5462542,1.6068046;-1.6382984,1.148927;0.3882336,1.3751528;1.1554569,-0.7430215;0.30054373,-0.7002369;0.12371683,1.0881137;-1.7089001,0.20747307;-0.4853232,0.56548864;-0.022000758,1.2750782;-0.68124276,0.53548187;0.48936668,-1.4797301;0.19527845,1.3717136;0.838449,1.6032301;0.70797044,-1.6233418;0.2766553,1.3368909;1.1703923,-0.75884;1.4732089,0.46801385;1.0469747,-0.826342;-1.524405,-0.4463249;0.7814359,-1.4810606;1.0245972,0.23698214;0.5083503,-1.2796109;1.641194,0.32347402;-0.55949175,-1.6794074;-1.5464015,1.035461;-0.26239443,1.1834449;0.07337084,1.1855909;0.18343718,-0.4144754;-0.7501682,0.300265;0.5056746,-1.1889994;-1.117641,-0.56482536;-0.44950324,-0.73344225;-0.5840441,-0.50068;-0.3917012,-0.71253353;0.14228494,-0.5509843;1.6895076,-0.027269455;0.20267235,1.0046502;1.1627643,0.77778125;-1.5838362,0.06913496;0.2165943,1.1609658;-1.2769971,0.83095527;0.0501389,-0.7675859;1.7225448,0.23753403;-0.6174119,0.8567037;1.6540946,0.37340719;0.90842634,-0.71590096;-1.5906773,0.991781;0.4435195,-0.71697706;-0.052561123,-0.8475565;-0.28525603,-1.5346617;0.95693153,0.40680754;0.16205765,1.2958028;-1.7208457,1.3381675;0.8949174,1.522583;-0.7019119,-1.622578;-1.1227111,-0.0990008;0.6632142,1.1009588;0.5284835,1.6556174;1.059961,0.62628376;1.0790598,-0.8328919;0.99302,0.34784886;-0.5072052,-0.64562947;-0.51794875,0.526784;-1.3391235,0.3600579;0.620052,1.6553217;0.6738857,-1.4353848;-0.085520804,-0.4826521;-0.81644213,-0.250899;-0.80003434,0.19032265;1.0497006,-1.4731566;-0.3175493,-0.8909986;0.9381209,0.7184304;-1.4955716,-0.60811734;-0.6047964,1.1968268;1.8837541,0.035710227;-0.5580271,1.1791672;-0.55776536,0.9273479;-0.3471222,0.01108642;1.8912325,0.070521496;1.0292246,-0.9834529;0.72905517,-1.5298975;-1.0781271,-0.6271254;-1.6061031,1.319059;1.215556,0.7393229;1.6231673,0.45054555;-0.73669106,-0.74157476;-0.333195,-0.98107225;-0.21575217,-0.44894147;-1.4390326,0.69923717;1.1848297,1.5762428;-0.19320293,0.4407438;-1.4838713,0.6742389;-0.52951235,0.66169244;-0.9035426,0.092119105;-0.610066,-1.7040759;0.9976677,1.3221344;0.26499975,1.509933;0.95582914,0.18212089;-1.6648744,0.15471917;1.2234144,1.4411975;1.0185614,-0.8955633;2.0426798,-0.0027752295;0.18261659,0.96678996;0.48040682,1.032145;0.53808534,-1.1793383;-1.6652128,0.4089147;0.70116067,-1.4092345;0.7490878,-1.395868;0.25275224,-0.53334856;0.8316244,-1.4904519;0.21037726,0.8617321;-1.7105258,0.16898546;-1.0511987,-0.5225668;0.9157649,-1.4056242;0.9705321,-1.4473321;-1.2350208,0.008788998;-0.60623556,0.94955593;-0.13815357,-0.90397966;1.6803188,-0.027154688;-0.59829605,-1.8883816;1.520392,0.06286627;1.1583608,-0.830419;-0.16070953,-1.7500354;-0.86421496,-1.1825927;1.080197,1.5843247;1.554292,-0.12040997;1.9551096,0.27431372;-0.10108824,-0.26891446;-1.8340101,1.2771729;-1.3569133,0.9900796;1.0971811,-1.4354874;0.5945358,0.9774462;0.62553626,0.9895214;-0.6092381,0.44954085;0.28112307,-1.2806779;1.7916064,0.025300605;-1.0121597,-0.56049377;0.6313936,0.34020108;0.52583,1.5649191;1.7687272,0.37610167;-0.72883844,0.8020356;0.34420007,1.249699;-0.6110232,-0.5983054;-0.46428034,-1.8038101;-0.10492965,0.4309162;-0.77618086,-1.4369875;-0.17978904,0.926413;-0.16902035,-0.45583335;-0.29348874,-0.6100267;1.7851351,-0.17217766;0.29463148,1.4776212;0.13347608,1.1680074;-1.0350674,0.8120936;-0.12651637,-1.5835397;0.97436523,-1.4719421;-1.2173599,0.18693353;-0.15894069,0.45999685;2.0077484,-0.07390301;-1.5813613,0.94624925;1.1106695,1.3371247;1.7213423,-0.18081582;1.9299545,0.18563023;1.0792407,-1.4950248;-0.43052715,-1.9382893;2.0227656,0.036812488;1.243296,1.4214113;1.8495486,0.15991327;1.0970553,0.7155836;0.9508037,1.4877454;1.1291932,1.3499447;-0.26138252,-0.9608729;0.120475754,-1.2442455;-0.08195851,0.867073;-0.7428709,-1.4035821;-0.5728658,-1.8958544;1.8913802,0.14668207;-0.74805623,0.8268299;-1.762435,1.1279947;1.6760818,0.06742096;2.0446165,0.189893;1.3698763,0.5516827;0.48308986,-1.5465939;-1.1924405,-0.10560586;0.79537594,0.36318555;-0.9313693,-1.1708031;0.03917631,-1.1603907;-0.4041674,-1.7469424;-0.97535235,0.9698658;-0.2679203,-0.57374746;-1.5926132,1.1042186;-0.27124828,0.1402103;-0.49641374,0.6868241;-0.8177371,0.09604415;0.16555752,-0.7483246;0.8890271,0.8379567;-0.50247306,1.2838054;1.0872804,-0.95212734;-0.95211804,1.1662298;0.83351576,0.580083;0.33072394,-0.7054312;0.7057349,1.067606;0.64803356,-1.4974846;0.6443207,0.17994544;-0.8382648,-0.42041504;0.5972257,-1.1537786;0.124188796,-1.2913512;0.030855905,1.2042934;-0.039266776,-0.29160124;0.6669231,0.10647748;-0.02777192,-0.5714392;1.8711611,0.37693906;-0.7890522,0.2543485;0.6849007,0.20422126;-1.4388506,-0.69458264;0.57517433,-1.156337;1.0324649,1.3202525;0.1584573,1.3448883;1.129294,0.48741826;0.56133795,0.21217424;2.034966,0.20095988;-0.03852481,0.32451895;0.71292865,1.6686763;0.0020546918,-0.8934076;1.8357205,-0.041605942;-0.7323973,0.5425096;0.39784777,1.5733907;1.455289,0.31867716;-1.3383381,0.11047985;-1.4945236,0.9331847;0.43966144,-1.2155929;0.03171131,-1.2276994;0.6563363,-1.6843965;-1.4384456,-0.7870978;0.62010455,-1.4005822;-0.842959,-0.8568989;-0.32568341,-1.7635459;-0.17262697,0.6984698;0.09766762,1.406626;1.079586,0.82632333;0.7796857,-1.4358202;0.7352919,0.36404243;1.0261327,1.3976029;0.25170404,1.4378252;-0.07396136,0.32141766;-1.1656367,-0.0513198;1.7174919,0.06230247;-1.3144934,0.4496088;-0.9978599,-0.75093573;-1.0182936,-0.854171;1.5005252,0.0014702856;1.8399142,-0.18659216;0.70458305,-1.5306752;-0.7728801,-0.466732;0.050589003,-1.4348572;1.9038403,0.20388189;0.50590986,0.1201476;-1.4498743,0.70022726;1.7943672,0.26983085;0.73801804,-1.4341444;-1.5434699,1.0727514;-0.48853672,1.2320646;-0.6742337,1.0230529;0.23711942,-1.3297726;-0.6404043,-0.99243873;-0.999572,-1.0755475;-1.0795809,1.0454487;-0.5188444,0.0408701;-1.8001342,1.2898668;1.0178272,-1.4104401;1.0185583,-0.98497295;1.6804501,0.34991863;0.6309837,-1.1943749;-0.80805916,-1.6909474;0.31744707,1.5742944;0.8895364,-1.4483417;0.69126725,1.7295436;-0.55175656,0.032613657;1.9807968,0.11075984;0.16777164,-1.3759395;1.0473186,1.5952954;0.45781773,1.6209472;-0.70291114,-0.90688795;-0.21812332,-0.50632864;-1.1382362,-0.5905928;-1.4479587,0.39519268;-0.75239885,-1.9074714;-0.74996257,0.6213103;-1.0186462,1.0869169;-0.9219458,1.0209107;-0.38082004,-0.84943277;0.6507845,0.361427;-1.021137,-1.0590229;-1.2858669,1.051009;-0.412203,-1.5615952;1.8711382,0.20925991;-0.056214765,0.36473384;-0.8864045,-0.43860558;0.9987817,0.2557182;0.48107848,-1.5193094;-0.8429588,-0.8568891;1.720225,0.013835014;1.4867905,-0.06607814;-0.92239296,-1.3748658;-1.0845447,-0.6511106;0.18888156,-1.1770117;0.9187732,0.40993616;0.6999136,1.0012738;-0.6209856,0.23318514;-1.4222133,0.60009277;0.12494501,-1.093859;-0.14613701,0.6151285;2.0109365,0.17254484;1.0136634,-1.2228936;-0.79721606,-0.5001795;1.1415706,-0.81711066;0.043494154,1.2029612;-1.6802247,1.2562271;-1.5370269,0.3913475;0.22701578,-1.0044991;-0.98314583,-0.62488836;-0.24472417,-0.90309757;1.0763261,-0.6630725;1.037135,1.5456514;-0.70677185,-1.0057931;-0.9706987,-1.1430904;-0.7363435,-1.9909872;0.020301996,-0.58956105;-0.78689826,0.0015862057;-0.16532966,-1.7355219;0.7389904,1.013844;-1.3329203,0.50236595;-1.0788672,0.64041793;0.78304076,0.90514797;-0.94703186,-0.81117785;-1.4639393,0.9903183;-0.2656241,0.12463523;-0.52894604,1.1118193;0.9460174,1.7747041;0.5965681,0.19841072;1.650233,0.3790069;0.33755958,-1.3060386;-0.34384915,1.2590591;-0.5767761,-1.9823325;-1.0788428,0.06669927;-1.1963322,0.00022404882;-0.9872482,1.1748986;-1.754391,1.2759509;-0.3566644,-0.0004627901;-1.1574768,0.120117694;-0.6118704,-1.9109968;1.4448028,-0.33043623;1.0676918,-0.77528745;-1.6415356,1.0809603;-0.88213557,-0.6315513;-0.06796242,-0.46191576;-1.1615176,-0.15598957;-1.2870903,1.056727;-1.5815363,1.0646797;0.1671117,1.1437154;0.810977,-1.4508094;-1.2078389,0.22684185;-1.7299062,1.1126088;0.215643,1.3845166;-0.68751794,0.9977346;-0.4980193,-0.8408696;-0.9613639,-0.63811356;0.1319922,0.8583093;0.88314533,1.7572585;0.042776193,-0.8213875;0.77502245,0.63921815;0.2558482,1.2464144;-1.5993104,0.7505763;-0.64342815,-1.4923515;-1.4382465,0.23190555;0.23511836,-0.5799205;-0.69136745,0.4567368;-1.3940834,0.9476426;-0.706489,0.2855227;0.7295555,1.3207575;-0.46852228,-0.8553196;-0.21080485,-0.5437445;1.8031589,0.04542566;0.89852774,1.679545;-0.13450366,0.32441962;0.7658581,-1.4829032;0.18294264,0.8757685;-0.3576393,1.2576698;1.0595227,0.8984044;-1.4990124,1.1218798;0.81631625,-1.4216609;0.658371,0.23541142;-1.374032,0.292201;-0.28550112,1.1414553;1.0198869,-1.3368895;-0.31316012,0.4673416;0.55127025,1.1223838;-0.45167547,-1.5909891;0.8894856,-0.80626976;-0.5300455,-1.7657189;-0.30164292,-1.5785838;0.08798078,0.91255856;0.27997482,1.0096344;1.0499495,0.80992097;-0.4598955,0.64524347;1.4903536,0.48938712;-1.4403083,0.7668516;-1.1054819,-0.51515776;-0.88132066,-0.8675208;-0.43193462,-0.38735816;-0.42564186,-0.87870175;1.1744401,-0.7132502;-1.4811546,0.402641;-0.2795079,1.0327066;-0.9162776,-1.2099978;0.6911781,1.0445691;-0.37492505,-1.4580679;-0.013103779,0.4912121;-1.4750848,0.5752129;-0.29574835,1.007747;1.0170295,0.80565405;1.0759348,-1.3949125;-0.045412727,-0.23170339;0.5383283,-1.5453677;1.0654324,-1.0352297;0.11885847,-0.56081337;0.58809125,1.5215524;-1.673609,1.0195286;-1.0116807,-0.6638984;-0.8449869,-1.1433158;-1.4279683,0.29932535;-0.9705787,-1.0445126;-0.09545529,0.6404925;-0.4387093,-0.62941307;0.58254504,0.432022;-0.67873573,-1.6279413;1.3009608,0.2966314;0.65820426,1.76559;-1.7633646,1.3620349;-0.24813358,0.12259482;-0.6335061,-0.72858495;-0.026867107,0.68188715;0.49239054,1.5672885;-1.679402,0.93689764;1.0510572,0.34554052;0.9493659,-0.8056797;-0.4974077,-1.7621874;-0.6773161,-1.7146784;-1.0385373,0.822349;-1.6985458,1.2347151;1.4985098,0.4796282;0.121530965,1.2539912;-0.41538256,1.2295672;-0.30116674,0.27326024;-0.23388524,-1.2438529;-1.3736175,0.115363754;-1.0172274,-1.2676573;1.2789207,0.284649;0.022700807,-1.2016428;-0.9481433,1.0040115;0.22947802,-0.7091253;-0.13347726,-1.3791852;-0.01048443,1.1261442;1.1431059,1.475443;-1.0470142,-0.44987652;0.18789113,1.4750779;-1.6738924,1.1087183;1.0044541,0.49345735;0.021345144,-0.5372466;-1.2842122,0.4570758;0.0898646,-0.52684796;0.08011295,-1.2422985;1.6047206,0.3403364;1.7670279,-0.055260587;-0.5737446,1.2856377;0.23237085,-1.1987265;1.8506976,0.41684058;-0.5823524,-0.70843315;-0.03732489,-0.21104816;0.90571594,-0.771907;0.53955185,-1.1625828;1.9018854,0.36217192;-0.12721738,-0.34710228;-0.15151791,0.5388486;1.47012,0.041155793;0.98044986,0.8363761;-1.5858486,1.1762927;0.83322626,1.5574071;-0.06121141,0.49605328;-1.6008822,0.9532875;-0.54222363,-0.79117584;0.44349924,-1.4369352;-1.2227879,0.07811392;-1.0022156,1.0514945;-0.7584434,-1.3708582;-0.279174,0.4770268;-1.1331,0.74988097;1.6896034,0.11115011;-0.6101107,-1.9426804;0.8764768,1.5530087;0.8677692,-1.4964646;-0.8724793,-1.0838017;-0.47192088,0.6037433;-0.7686198,-1.5119826;-0.146674,0.767501;-1.185555,-0.016412428;-0.9450847,-1.0082844;-0.8466828,0.17838469;-0.7742903,0.04988247;0.57058996,0.16083768;0.15479204,-1.1274025;-1.3591613,0.4282966;-1.3298682,0.77003026;1.5158457,-0.094984196;-1.6404617,0.60480225;0.9869884,0.82514775;1.6093643,-0.13694224;-0.03956423,0.45835942;-1.5146965,0.81807804;-1.0014665,-0.44986114;1.7627761,-0.19732276;-1.157435,0.72647154;-0.8481459,-0.5458795;-0.33589187,-0.6912221;0.60414,0.17434774;1.5401059,0.4310893;1.4034451,0.4274604;1.3574479,0.4983673;1.4762515,-0.044436187;0.10559535,1.321968;-0.96782166,-1.1715385;-0.59645706,0.10447116;0.060548443,1.1427394;0.7859949,1.5385463;1.3527896,0.482814;0.10034349,-0.51516455;1.779877,0.09309292;-0.26768786,-1.9054717;-0.44979367,-1.8930137;-0.5247762,1.1582308;-0.29748392,-1.5243179;-0.05481118,-0.6084574;0.012404065,0.4845105;-0.82432544,0.2862556;-0.52625835,-0.31166318;0.89052665,-1.4855363;-0.39422235,-1.889328;-0.3807022,0.9765761;0.7803619,-1.5428293;-0.23426732,0.98878723;2.01835,0.06574084;0.4039675,1.2226562;-0.7587916,-1.5832535;-1.2288914,0.69565165;1.8584312,-0.27612656;1.1128774,-1.4445102;1.577775,0.37796003;0.43233973,1.0468569;-1.0831459,0.095076054;-0.12277907,-1.4694024;-0.074055664,0.43329415;-0.29664698,0.5814091;0.50313604,-1.4837395;-1.1425819,0.0238027;-0.25294355,1.119395;0.7315597,1.8006889;-0.04033666,-1.043589;-0.7701378,0.21432085;-0.15761015,1.1095426;-1.2781491,-0.027980192;-1.442749,0.32802975;-1.0800664,1.145026;-0.27491736,-1.3040664;-0.099988036,-0.37137476;-0.8340166,-1.0429958;-0.51520085,-0.81186444;-0.55387545,-1.7232398;-0.24033707,-1.3288864;-1.2687793,0.35683697;-1.2483947,0.73771185;1.0942947,0.44001138;1.0946493,0.76182336;-1.4666317,0.83877283;-0.88694775,-0.7358425;-0.34197474,-0.7719131;1.0954844,-0.8385507;-0.022674687,0.7016425;0.5878793,-1.4438274;-1.6202763,1.0222805;0.061719164,1.3974292;-0.78217566,-1.7469622;0.20319271,-0.7001389;-0.50469726,1.0311351;-0.2877804,0.91911924;1.9097539,0.1186765;-0.44832748,-0.8676826;-1.4282562,0.4695604;-1.5117942,-0.5603874;-1.3318181,0.704166;0.81213844,-0.8668274;-1.4658301,0.45143828;0.80408126,0.45219085;1.1172557,-0.9727169;-0.14801921,0.7831843;1.049803,1.4744713;-0.6917196,0.53759336;-0.70220226,0.2786866;0.48536745,-0.77771676;0.71788794,0.12976094;-0.31377533,-1.4799206;2.0280507,0.06746607;0.6690915,1.6978279;-1.6530069,1.1808832;-0.15769891,-1.492781;-1.259905,0.32205343;0.51319164,1.5917808;-0.8139402,-1.4278586;-1.5152267,-0.546927;-0.26645696,-1.3729507;0.98771566,-0.5779034;0.77066356,0.64527154;1.1303091,1.5013156;1.1902676,-0.8490284;0.614941,1.0793225;-0.3341359,-0.6123933;-1.3767633,0.14247793;-1.0493964,-1.238732;0.33505103,-1.3302248;0.60556144,-1.2162848;1.9297891,0.39186248;-0.7230236,0.5435094;-0.9499677,-0.7723791;0.6453064,1.5595483;1.1049852,1.447844;0.5546744,0.4622007;-0.28931677,0.44638756;-0.35422066,-1.5041102;-1.6394013,0.6101129;-1.3235729,0.31732726;0.6945446,1.6046945;-1.018449,-1.1077224;-0.7628014,-1.8707782;-0.5042436,-1.8181709;-1.7668952,1.19135;-0.78521425,-0.14503257;-0.38939986,-1.3737824;1.3501992,0.39292154;0.656838,-1.6075934;-0.40406537,-1.9080203;-1.1951349,0.741004;1.9943554,0.046057396;-0.8876741,-1.2382419;0.06273307,-1.070669;-0.8020373,-0.033229683;-0.21468367,-1.6911726;0.98233384,-0.80759966;0.58557194,-1.1008784;-0.87977254,-1.4645145;-1.0312592,-1.1622099;-1.2736157,-0.30138156;0.20248446,-0.5705523;1.0423385,1.3178401;-0.207699,-1.001028;-1.231227,-0.15244438;-1.756598,1.2317485;1.4177873,-0.38740483;0.24582596,1.0627167;1.0298923,0.66695946;-1.7107124,0.33127755;0.5195324,-0.8594963
p3d-kl
0.5185789465904236
p3d-iter
599
p3d
0.57358223,0.69424516,0.944226;-0.1885973,1.1386541,-0.1792402;-1.5959531,-0.73145473,-0.7917984;0.37236267,0.4696586,-0.5673471;0.039309394,1.1967643,1.2875853;-0.48515272,-1.1651537,-0.54976904;1.7231838,1.002488,0.68976825;-0.28209186,-0.14412808,0.42428374;0.6415378,-0.96818256,0.9776477;1.0807899,-0.7881863,2.0109167;-1.832823,-0.9848666,-0.86576945;-0.103525266,-0.59724635,0.74868846;-0.88843596,-0.6785351,0.087943584;0.033151705,0.8811756,-1.1391491;0.19742519,1.0566418,-1.1950487;-1.4715254,-1.0652201,-1.3195605;1.2402451,1.1971799,-0.21916461;-1.7251791,-0.6138594,-0.3819112;0.47469243,-1.2771525,0.18693332;1.6626077,0.651633,0.50907934;-0.508157,-1.1600554,-0.7910776;-0.8395032,-1.4749414,-0.040517267;0.96342736,0.109499,1.5506798;0.51948017,0.8613852,-0.55236185;0.7000122,0.27573046,0.008432963;-1.8236519,-0.937813,-1.4982923;-1.3217589,-1.0048385,-2.1159415;-0.915235,1.6712946,0.19115792;1.3897126,0.531281,0.7973499;-0.3282264,1.7737854,0.3252136;-0.2535699,-1.4247702,0.15366831;-0.94078434,-1.317806,0.17160977;0.6146553,-0.29570547,2.032842;-2.0849404,-0.8817158,-1.7264404;1.3180757,1.5694938,0.58272195;-0.9138329,-1.3041425,-1.0976877;0.46983883,-0.4529031,0.5876219;-1.3894986,0.32882786,-0.72486925;0.47282913,-0.606634,-0.643944;0.053284694,0.33049002,-0.4628414;0.9091545,0.44797206,1.5410931;0.5741456,1.2548925,-0.52560467;1.496444,-0.18462986,0.8834187;-1.6244744,-0.2556949,-1.0404524;0.3567275,0.9644261,-0.8226267;-0.5233556,-1.1790266,-0.8108385;-0.0270104,-1.2306598,-1.0627232;-0.051631596,0.12970828,1.4355885;-0.2918501,-0.54260933,0.21246631;-0.54268813,-1.1303623,-1.7187945;-0.749895,-1.153762,-1.8428649;-0.82406324,-1.3547558,-1.0683177;1.2525377,0.92472386,-0.27765778;-0.03565226,-0.8374536,-0.8340345;-1.7314743,-0.9792181,-0.44159406;-0.0870382,1.300355,0.04575904;-0.416326,1.3058629,-0.5333013;0.13063778,-0.83013535,-0.9819635;-1.6778704,-1.0955949,-0.40443298;0.70507735,-0.941207,1.6414758;0.40456384,-1.3894118,-0.14485398;1.0010141,-0.76753783,1.9022536;1.1322339,-0.6289414,2.094435;0.061550505,0.93686813,-0.87444335;1.427497,-0.38519165,1.8685306;-2.1715882,-0.6796681,-1.0286175;0.72974145,0.69114417,1.2811965;0.21056128,1.0811334,0.08581344;0.3867737,-0.67005336,1.566685;0.5881119,-0.21545807,0.65012044;-0.4167663,0.8708491,-1.2428368;0.2544544,-1.3253784,0.1679295;1.3466066,0.9401916,0.14589891;-0.3277377,-1.153831,-1.3853296;1.3844383,1.2128636,1.1086558;-2.1122844,-0.5973851,-0.7975346;-0.43178982,-0.66257924,0.5664608;-1.5705615,-1.0336844,-0.21051484;-0.30406,-0.98452115,-1.2979364;0.5789866,-0.5701354,0.99604535;0.6642648,1.337535,-0.5805596;1.466358,1.32009,0.006674501;0.10842119,1.1875458,-1.0624446;-0.88426864,-1.4659564,-0.070210285;-0.66402113,-1.2034433,0.52863324;0.6397462,1.3378038,-0.5927765;0.9331458,0.5782495,-0.10367246;0.24921346,-0.78133553,-1.0420368;-1.6002907,-0.96979356,-0.2835424;-2.0860708,-0.5323382,-0.6669324;0.07811964,1.6359609,0.526633;0.2953336,1.6766989,0.5033963;0.0985517,-0.8065084,-0.8033511;-0.010071897,0.094566256,1.4740025;0.4899399,-0.70013607,1.5795472;-2.1819599,-0.67986465,-1.0342128;-1.0492281,-0.9296923,-0.42385438;-1.8441212,-0.8147306,-1.8290391;-0.5352671,-1.5366797,-1.4373794;-1.244709,-0.8572541,-0.42630395;-0.7164206,0.5682547,-1.506808;1.0594636,1.6112514,0.6848987;0.33992717,-0.8325769,0.70700765;0.19526583,1.1619979,-0.0661667;1.8863176,0.46025068,0.29461503;-0.029994663,-1.4820447,-0.16236912;-0.023494506,-1.2631586,-1.0257682;0.012049228,1.1546242,1.2864763;0.36626923,1.0449922,0.03049214;-1.6228693,-0.81759673,-2.154841;0.8991834,0.4567416,1.5376813;-1.6488047,-0.17497231,-1.0255446;-1.9026637,-0.8806792,-0.6859439;-0.5074995,-1.1790168,-0.5892819;0.74241674,-0.56900334,1.7946546;0.27224913,-0.25845873,0.31333584;-0.9165424,1.6120815,0.3318621;0.60818964,1.6951447,0.8345287;0.29911664,-0.5201848,0.95592904;1.219164,-0.9234949,1.8889685;-0.7131446,-1.2573689,-1.3237537;1.1934664,1.1775177,1.1595814;-0.49856964,1.2530799,1.0753131;0.51748246,0.75950646,0.96063125;0.55121636,-0.88889414,1.1594865;-1.5650673,-1.180017,-0.27855963;1.2349308,1.1927913,-0.19554737;-0.018110937,-0.6275873,0.80822325;0.9563436,0.8915087,-0.4160204;1.7776779,0.96499974,0.5355762;0.72847635,0.4190663,-0.33137867;-0.48063177,-1.2438332,-0.52635866;-0.25268334,1.3320498,1.1213355;0.1463062,1.1689266,-1.0245678;-0.564565,0.6882747,-1.4873955;-0.10050258,1.6936456,0.49286914;0.4254939,-0.8240095,1.44594;-1.9552227,-0.7642273,-1.7995577;1.3275805,1.092759,1.2604979;-0.3360697,1.7470425,0.05063877;-0.058535267,-0.21175341,0.09233755;0.5272144,-1.3095368,0.046636105;0.9778176,-0.85495913,1.8870164;0.6580563,0.10460027,1.848728;-0.7367875,-0.9521449,-1.7957233;-1.8382561,-0.9305214,-1.6222485;-1.4896044,-1.0879933,-1.8903705;-1.8347443,-0.91625816,-1.5674732;-0.43551442,1.5464633,0.8762997;0.79590243,-0.01881799,1.3883958;0.07516445,0.9676329,-0.8692864;1.3940761,1.4558184,0.4166964;0.36845037,-0.850658,1.3419698;0.782447,-0.89587194,1.7759162;-0.23941593,-1.5010911,-0.64506054;-1.3270155,0.33813453,-1.1312563;0.1211638,1.0377289,-1.1845218;0.35677114,0.87459725,0.8000088;0.5392765,-0.9224892,1.1663243;-0.14416686,-1.5135511,-0.34525755;-0.0504186,-1.1864157,-1.1185682;0.26454875,1.2718583,0.6715348;0.26825422,-0.5494616,-0.5864669;-0.2139955,0.18183658,-0.52078074;1.2867137,1.0247718,1.274845;1.0431119,0.43297923,-0.052946772;0.7461737,0.4916726,-0.14618716;-1.6433761,-0.01709378,-0.9777363;-0.54730546,-1.0940892,-0.6349878;-1.5644745,-1.0118229,-1.4392092;-1.4745632,-1.161782,-0.16598585;0.9320962,0.2844326,-0.026942674;1.1862582,0.24145414,0.40280226;0.20350511,-0.011898759,1.5647602;-0.5613395,-1.0946099,-1.8618835;-1.4070327,-1.1776277,-0.110420756;-1.6168313,-1.0597886,-0.33146924;-0.5225607,-1.2572526,-1.3723258;0.67735153,-0.5831019,1.0817292;-1.0225224,-0.7374278,0.07556685;0.034877475,-1.4704604,-0.12926404;-0.33491445,-1.4381413,0.2134191;0.2611744,-1.2077569,0.61040187;-0.09605448,-1.4913034,0.23730823;-0.49888813,-1.4762114,-1.2336353;-0.21964353,1.7154795,0.41589454;0.89452267,0.5078671,1.6243614;0.85058564,1.2212375,-0.22086035;0.91038984,1.8145462,0.55960906;0.6471278,-0.9329342,1.096666;0.33871695,-1.4095161,-0.17031504;-1.6658306,-1.1842144,-0.45678985;1.7943149,0.981196,1.0275894;-0.604331,-1.0931785,-1.9362286;0.071453795,-1.461943,-0.15868357;0.17399642,0.50045687,-0.34645864;-1.715377,-1.4124179,-1.6403342;0.8361822,0.5694468,1.5401232;-0.17915994,1.6645813,0.74534535;0.22074926,1.0297115,-0.47468057;-0.3329792,-1.4778473,-0.27590606;-0.40809777,-1.5063658,-0.01014083;-0.86056703,-0.7909877,-0.43541357;-1.6187873,-0.7642944,-1.3424191;-0.7815964,-1.3510573,-1.746911;0.6404796,0.64000267,0.99117196;0.10249469,1.3817246,-0.04907833;-0.2373813,-0.08578135,0.49371937;1.4916348,0.26586115,0.73283523;2.0249112,0.62255603,0.17207763;1.3418398,1.3351592,0.11258077;-0.1396103,-0.89321023,-1.0790662;0.67044765,0.19542798,1.3073512;-0.31167877,1.3786331,0.06692765;-1.7896514,-1.4004445,-1.648215;-0.017955443,-1.1700094,-1.0297738;1.5738721,0.95007277,0.31595054;-0.009336913,-0.27002597,0.06531348;0.74437994,0.35106486,1.2083558;1.80697,0.43144625,0.75454766;0.33715877,-0.25234208,0.40806034;0.28522024,-1.3131294,0.19754484;-0.14942962,1.2722427,1.173488;-1.6567668,-0.7296786,-1.3145307;-1.5384909,-1.0762168,-1.8009698;-0.34208405,-1.4799404,-0.24716851;1.1344662,-0.78624374,2.0686662;1.4072113,1.1478262,0.79016775;0.55049336,1.7169367,0.56813747;0.5311647,-0.81935793,1.5200992;0.7681903,-0.5140466,1.8286897;-1.509879,0.27071163,-0.8409268;0.3894983,0.48546842,-0.4322963;0.272659,-0.8697401,0.52511275;0.9187571,-0.23128137,1.5212637;-0.66023564,0.6150974,-1.4680462;0.8949578,1.6621972,0.65028137;-1.7347697,-0.6127053,-0.35371777;-0.6074333,-1.1169298,-0.6306558;-0.840098,-0.73906857,0.50916386;0.44273886,-1.3690302,-0.10340653;-0.10631577,1.2027498,1.2036672;-0.43012077,1.3253963,-0.5065991;-0.019089278,0.0019933342,0.66417426;-1.782163,-1.0584892,-0.6043542;-2.1828606,-0.6782373,-1.0388428;-1.5157127,0.36967778,-0.9467513;0.27479154,1.2376883,0.71252584;-0.35434732,1.406701,1.0606581;1.2573678,1.5931753,0.37977257;-0.70316744,-1.2654266,-1.3181449;-1.7815503,-0.8685552,-1.7356222;1.7664713,1.1987303,0.9841018;-0.26110783,1.0775324,-0.8588798;-0.7351503,-1.1413469,-1.7008953;-0.73925984,0.54443735,-1.5299758;-0.56777567,-1.302314,-0.9297271;1.8128642,0.8559104,0.7269041;1.6111922,1.1963569,0.0654872;0.9832036,0.723362,-0.30055588;-0.49423116,0.84422857,-1.2797827;0.79141504,0.53961205,1.368091;0.7385031,-0.891072,0.95310444;0.36978072,-0.6708933,0.5711353;-0.048544306,0.15432046,1.414691;1.6217159,1.2103037,0.3358945;1.2987063,1.6322371,0.296443;0.12819207,1.4881313,0.032402072;0.01803512,1.190904,-0.10042294;-0.3147009,0.9206687,-1.2935522;-0.29846203,1.6764308,0.70502526;-0.23762216,-1.1776571,0.8023694;-0.069018506,-0.09490446,-0.11590508;-1.7589967,-0.1997919,-0.73704046;1.8035694,1.0774133,0.46865067;-1.8453895,-0.9641328,-0.63811994;-0.86480814,1.6700203,0.07215159;-0.92906165,-1.1239855,-1.9260836;0.24680524,-1.4403707,-0.15903988;-0.019221613,0.11797782,1.4520005;0.9072812,0.46530652,1.5326221;0.72243804,1.2510414,-0.39788437;0.3916217,-0.8110057,0.77880985;-0.24190971,1.3209587,1.1203897;1.4709061,1.2763371,-0.08698817;-0.7409116,-1.316038,-0.7974051;1.5773262,1.1040556,0.4385837;0.42804468,-0.61232764,-0.62525773;-0.14814334,1.1632179,-0.72757417;1.5876042,1.1566484,1.1886711;-2.1804266,-0.6711004,-1.0235441;0.42849243,-0.25341097,0.86507094;-0.31025577,0.66781294,-1.2972904;-1.1575713,-0.84432775,-0.36646426;-2.0322218,-0.522367,-0.58375925;0.77682036,1.3266474,-0.52432925;0.2565663,-0.06655005,-0.087839894;1.762161,1.017824,0.5242869;1.0515823,-0.65732163,1.0685854;-0.31401482,0.37406245,-0.59007406;0.75021017,1.6406872,0.8329431;0.22820511,-0.2926397,0.56390923;0.85148245,-0.53040665,1.2631192;0.5581681,-0.9906422,1.1017885;-0.16309911,-1.1811825,0.8064996;1.6433743,1.1981922,0.35148737;1.284893,1.5493455,0.3672049;1.0556895,0.8129854,1.3618878;1.6633574,1.1696224,1.0997493;-0.8919227,1.5402151,0.6296877;0.8367074,1.3189615,-0.4915006;-0.015892765,-0.8102805,-0.77813953;1.3920121,-0.14058447,0.7994578;1.0345999,0.36161017,-0.5025159;-1.0880436,-0.79778093,-0.44374815;-0.17104067,-0.34423986,0.11205674;-0.5598791,-1.1461197,-1.6864752;-1.3407564,-1.1834936,-0.8939752;-1.8848984,-0.7892418,-1.9049542;-1.6233376,0.093477316,-0.7710989;0.5043042,1.3213826,-0.6508137;-0.17826207,1.7526561,0.23167995;-2.2193732,-0.3420555,-0.5486337;-0.9823041,0.48257867,-0.7369895;0.05522212,-0.87743825,0.79195213;0.030860567,1.2625513,0.088745855;-2.0022297,-0.9469148,-1.6880653;0.5624899,0.52725065,-0.042845767;0.46274093,1.6767168,0.7483172;-0.5080427,-0.75097454,0.5741161;-1.5596194,-0.9146058,-0.9332771;-1.3406901,-1.2324594,-0.07717834;0.86687666,-0.69581723,2.0079305;-0.66796017,-1.4203635,0.001254666;-1.6766936,0.056743916,-1.1319157;0.05414376,0.44750652,-0.41857755;0.31064942,-1.272719,0.23402882;-0.10889199,0.15695474,1.4014113;0.13343403,-0.14796041,0.6080679;-0.05560816,-1.208655,0.49675968;0.62637377,-0.19326457,0.69460386;0.29107442,0.8669941,-0.8767788;-0.37201235,-1.4074072,0.25543696;-1.3531891,-0.75444615,-0.33614382;0.094718084,1.0429852,-1.197299;-0.39531606,-1.4395946,0.13359147;-1.7215503,0.06604751,-1.1415182;-0.35131088,-1.1924248,-1.3931711;-1.4707878,0.21493937,-1.0235908;0.034635883,1.1733987,1.330103;-0.37231943,0.8994404,-1.2163911;0.21501411,-0.80967414,-1.110721;-0.28780088,1.0967729,-0.8105384;-0.83415955,-1.1468335,-1.5822984;-0.23672444,1.7475524,0.3221188;0.77016056,-0.5205595,1.8271013;-0.8442369,-0.99118584,0.5044043;0.28628284,-1.266427,0.38396516;1.0600266,0.37760058,-0.45861718;1.2885344,-0.13467783,0.7521786;-0.5188821,1.0908277,-0.729363;1.6451358,1.1869946,1.1193585;1.6712031,1.1560314,0.06506288;1.4754722,0.687587,0.37654522;1.4324414,1.0306119,0.12241109;0.7034826,0.42024505,-0.34071198;-1.8443918,-1.3847364,-1.6137946;0.48734194,-1.3008602,0.08787564;-0.88109213,-1.4495184,-0.9710824;0.033851426,0.53137285,1.4058654;0.12427186,-1.4001682,0.14801542;1.056175,-0.44342935,1.4331024;1.213046,0.55259925,-0.41676205;-0.9719623,-0.97154105,-1.7290648;-0.10918275,-0.5835874,0.7376294;-0.8061749,-1.1139367,-1.5891006;-1.4819776,0.24660474,-0.75470597;0.8405208,-0.411364,1.8755832;-0.27104437,0.36151767,-0.55631155;1.2006155,0.8664554,-0.2992876;-0.08355892,1.3024882,0.048266366;0.0773044,-0.9513842,-0.92224103;-0.16196224,-1.3894207,0.27755123;1.4334788,-0.8596245,1.9883295;-1.727322,-0.72916013,-0.37859166;-0.031423368,1.6845064,0.520832;0.34854376,0.741343,0.8629259;-0.46677443,-1.2416819,-0.31415808;-1.328665,-1.2472575,-0.0715275;-0.25953707,-1.369815,-0.9427714;-1.6259066,0.25544766,-1.0306039;0.13639978,-0.92203075,-1.015843;1.5589492,0.9625585,0.25172383;0.072963744,0.069817185,0.6228607;0.7980477,0.31705877,1.3605134;-1.4843222,-1.171744,-0.18126568;-0.21528329,0.8490243,-1.0665741;0.9520042,0.46475878,-0.06863772;1.6497289,0.5784283,0.6988842;1.5068107,-0.031864725,0.80096596;-0.729589,0.55424106,-1.5216429;1.4248763,1.2687038,-0.053381458;-0.43078768,-1.0701061,-0.81233984;-0.14779894,1.293895,1.1792129;-0.16539717,-0.9601066,0.7593468;-1.5339645,-1.1028239,-1.8343726;0.08238278,-1.0819671,0.75953954;0.19462489,-0.66105205,0.6275917;0.6313685,0.057079587,0.28380522;-1.4798614,-1.1440524,-1.8687433;-1.2522072,0.35092416,-1.1102797;-0.16943258,0.9857213,-1.1748633;1.6218748,1.2572012,1.0385044;1.2190859,-0.83100116,1.8346809;-0.93002665,-1.3769073,-1.0605922;-0.55685025,-1.2460142,-1.6313404;1.5596675,1.2135459,0.5478263;1.3287401,1.4296752,-0.048126105;1.2143749,0.5005262,0.10843121;0.86333966,-0.100861564,1.6063402;-1.601625,-0.7570836,-0.7863002;0.14599033,-0.22708243,0.20612507;0.83789104,-0.041579638,1.6598264;-0.060088377,-0.058761187,0.68877834;1.4192024,0.2309767,0.91575056;-0.26199275,1.7122884,0.3986573;-2.1682107,-0.41199884,-0.60799754;-0.7945902,-1.2965645,0.21864724;0.31107056,-0.6550335,-1.0628042;-0.112971716,0.23799042,1.3567163;-1.8276634,-0.9950569,-0.86554116;-1.4505904,0.3973969,-1.012186;-1.6619934,-0.9282541,-2.0720053;0.58066785,-1.2661668,0.095651895;-0.03367227,-1.5159957,-0.22158517;-0.5834971,1.0533938,-0.74896055;0.2710073,0.046446282,1.5285865;-0.32560462,0.89700896,-1.0773119;-0.4190772,0.9318891,-1.135355;0.53530914,0.45166916,-0.55489916;-0.4603005,0.8711997,-1.2559325;0.71695507,-1.1888572,-0.017883373;-0.1587049,0.17852299,1.36746;1.815397,1.0890003,1.0379343;-0.7716825,0.7728668,-1.3096303;-0.6201148,0.6528497,-1.4335884;0.6413681,0.6973163,1.047292;-0.021244133,-0.71388215,0.7337633;1.1869067,1.1144472,-0.21880242;-1.8459349,-1.4106656,-1.6161683;-0.7455813,1.6911677,0.40147027;-1.2993721,-1.0885485,-1.3492104;-1.799251,0.18060583,-1.1231602;0.18589447,1.6700546,-0.19104916;0.75405586,1.7415684,0.6437758;-1.8433716,-0.9676639,-0.6237373;-1.6569961,-0.91415155,-1.3826631;-1.0403262,-1.076939,-2.0099497;1.2121488,0.14274484,-0.07872586;1.6256113,-0.6002839,1.8462487;0.52736026,-0.557502,1.543898;-0.78246003,0.49106678,-1.5653198;-0.21845697,-1.4861548,-0.3917037;-0.32597136,-1.4722197,-0.41085428;0.6069098,-0.15683717,0.5786194;-0.06187599,1.2455127,-0.60032266;-1.785895,-1.329543,-1.7937832;1.8755296,1.1769168,0.97889185;0.20930335,-0.5455395,-0.5594255;-1.2598146,-1.2643241,-0.06606258;-0.7162763,-1.1775064,-1.7693416;0.106914654,-0.43405402,0.8973727;-0.3161627,-1.5004482,0.002425003;1.5282907,0.9374235,0.41560996;-0.49221277,1.7964759,0.19149916;-0.06746642,-0.21330598,0.08155615;0.21378484,1.199697,0.5306761;-0.7535042,-0.6456457,0.31747738;1.0664988,0.45688644,0.077866815;1.340924,0.7829872,0.04999933;-1.8515784,-0.9289208,-1.6613424;-0.78983617,-1.3551474,0.2047126;0.24226008,-1.3463277,0.26426715;0.9819067,-0.50197226,1.0865523;-0.38519984,1.3266824,-0.14737257;-0.6286428,0.6523484,-1.4406742;0.77453977,0.4256739,1.1274908;0.059656348,-0.24842972,0.16083731;-1.746788,-0.81398565,-1.9982142;0.82651585,-0.3553693,1.87095;-2.1313772,-0.5871366,-0.8033374;-1.7928318,-0.92065585,-1.5937276;-1.2545205,-1.1866745,-1.9620577;-0.7295633,0.5267512,-1.5605546;-0.825536,1.655942,0.15080772;-1.5348,-0.92345846,-2.0479083;-1.8583344,-0.96757394,-0.9108005;-1.2602015,-1.3253952,-1.8625118;-0.5117774,-1.510776,-0.8839469;-1.8586543,-0.64819896,-0.48391977;-2.1224194,-0.6037867,-0.8199996;1.3688778,1.3309715,-0.13695182;0.42504528,1.1590872,-0.4741988;-0.86873984,-0.64508957,0.060264412;0.24901626,1.2198868,0.45398873;-0.7552923,1.6987619,0.36917514;-1.3573195,-1.2394398,-1.9167397;0.14847021,-0.46962577,0.91395104;1.1940384,-0.66412014,2.1344852;-1.6738824,-1.3821911,-1.6063251;-1.2718484,-1.0252837,-2.1159806;-0.8437389,-1.2815243,-1.2399033;0.38889292,0.8762926,-0.9058244;0.4841768,0.7860397,0.9281816;0.07456828,-0.7264563,-0.7337359;0.6820843,1.6329412,0.74728614;0.6826161,1.2385201,-0.38036495;-0.32684755,1.7316964,0.1015241;0.96102023,-0.86977684,1.0857344;1.3007697,0.73275614,0.06306054;0.8478913,-0.5933642,1.8985533;0.4040643,0.46062675,0.31321123;-0.14532417,-0.05761893,0.6542137;1.4928125,0.15674491,0.78817093;0.30224612,0.70085114,-0.2785011;-0.4980452,-1.1531833,-0.6647177;-0.20853424,-1.2103239,0.7537574;-1.4284883,0.3662583,-1.145078;0.4150505,-0.9000614,1.0714022;0.23688768,-1.2198598,-0.7781237;-0.015962606,0.4355934,-0.46421093;-0.48655248,-1.2005699,-0.3814862;-0.014312485,0.86795986,-1.0890955;0.6091888,-0.4874531,-0.6244701;1.8628337,0.759098,0.73424673;-0.71519905,0.98618734,-0.7994226;0.34803644,1.068019,-0.47677192;0.25544918,-1.2343515,0.42206916;1.0248721,0.14619452,-0.122191034;0.6992705,-0.4283807,-0.71311;0.6063155,0.5689316,-0.07984159;-0.7876188,-0.98900324,-1.8765925;1.4172777,-0.12002403,0.7965637;0.61350065,-0.60361665,-0.63901097;-0.3554231,1.276332,1.0663847;-0.67697877,1.0024191,-0.78124505;-2.0881832,-0.41108587,-0.6545431;-0.26829284,-1.3318222,0.2537831;-0.08824769,-1.22791,-1.1200542;0.77675,-0.48132035,-0.54110867;-1.2709315,-1.0264574,-2.1160522;0.2031782,-0.15303804,-0.004473146;-1.6261705,-1.077432,-0.316599;1.0963736,0.8755553,-0.37702256;-1.9150386,-1.1882895,-1.8768255;0.6497637,-0.18881023,0.7682502;-1.1156371,-1.2437626,0.10506458;-0.5490765,-1.491444,-1.4235774;0.69018596,0.6960815,1.2919744;0.7167695,-0.33324265,1.7264675;-0.37556046,1.1814958,-0.6583988;0.58045536,1.124754,-0.3681726;0.29137614,1.0369623,-1.1798208;-0.17091605,1.4734493,1.0186087;-0.18067905,1.0136532,-0.98562396;1.4128515,1.4005787,0.671707;-0.32101896,1.6679348,0.010521746;-0.33593762,-0.5647403,0.24873158;-0.4379865,-1.1121496,0.24237391;-0.7820945,-1.3107224,-0.8807521;-0.38936552,0.88968885,-1.2045232;0.105750926,-0.6633009,-0.6573616;-2.0341322,-0.52678776,-0.62593246;-0.62002134,-1.3942035,0.22641283;0.22506,-0.12815611,0.038381983;0.5621898,0.6972321,0.9381587;-1.721661,-1.2978709,-1.6267926;0.5404366,0.17100725,1.3797752;1.2818584,1.1648718,0.90080917;1.1405214,1.337381,0.9188996;-1.4637324,-1.0614855,-1.2953668;-1.8667748,-0.8565734,-1.7287123;-0.18170363,1.0938169,-1.1144568;1.9053947,0.8307565,0.6339841;-0.07458075,1.2354561,-0.3975047;-1.2167441,-1.2581599,-1.9480143;0.7527871,-0.256022,-0.43340066;0.8557942,-0.093618296,1.6124357;-0.9446434,-1.2263752,-1.793797;-0.38885978,0.88906044,-1.1365277;0.7554138,-0.5445451,1.825099;-0.10142588,-1.1960651,0.68956095;0.37200254,-0.791826,0.81887466;0.00723652,1.1877221,-0.53445536;1.2866235,1.5723019,0.36450204;0.89206725,1.5524797,0.86916506;0.6751251,-0.774886,1.2499275;1.1624976,0.24548917,0.31905773;1.5722357,-0.6729551,1.9063736;-0.7451867,0.59864295,-1.4866891;-1.2272946,0.35862082,-1.0969932;-0.80776596,-1.1315589,-1.6355864;-0.7071706,0.98785055,-0.8639447;-0.18044084,1.7012026,0.72932434;-1.0219119,-1.29503,0.19925548;-0.58202404,0.7975171,-1.3215203;-1.5281001,-1.1856949,-0.3259233;1.1965559,0.27478626,0.37432307;-1.6428688,-1.1168193,-2.047577;0.083270125,1.0652813,-0.48924983;-1.8324269,-0.9633578,-0.57839376;-1.2945131,-1.1623603,0.045315098;1.3542671,1.4343667,0.4612177;1.1410291,0.5864359,0.10111952;1.5432252,1.2017133,1.1277318;0.90510803,0.44063488,1.5454909;-0.71519613,1.6179839,0.7086249;0.48297292,-0.20087415,0.83747065;0.6293587,-0.9370124,1.1758271;0.8984415,-0.9755303,1.0487467;1.3484964,1.254152,0.05985823;0.17130372,-0.5406182,-0.57216996;0.9249945,1.5609386,0.8823887;0.2488532,-0.6610756,1.5018506;-0.33618185,1.299583,0.2184407;-1.1887472,-1.2733917,-1.9054209;0.0918779,-0.1423059,0.0076286383;1.8520876,0.81832975,0.80286056;0.23072958,-0.8092457,-1.0747324;0.3650001,0.8250351,-0.8777774;1.4128543,1.4005717,0.67170745;-1.8210914,-1.4109229,-1.640107;-1.5781848,-0.9864806,-1.2547323;0.18403755,1.547579,0.7531753;1.6718686,1.2901102,1.0474433;0.6309962,1.3358376,-0.59252954;-0.07210634,-0.87775105,-0.89252824;-0.42346975,-1.2669891,-0.41770735;1.1097417,0.029359886,0.53314894;0.7804296,0.06266576,1.5407343;0.80169225,1.3298662,-0.5140179;-0.19594109,-0.4726541,0.1855076;-1.284383,-1.0014464,-2.086434;-0.84455466,0.3509312,-1.2844234;1.8504453,0.8669113,0.65549064;-1.7671893,0.17598078,-1.1064724;0.2118671,-1.2192985,0.40988317;1.1194626,-0.81017834,2.0447469;0.828468,0.50391376,1.6772047;0.50735503,0.90873355,-0.564385;1.7000247,1.2057416,0.8938539;1.3905602,1.2319838,-0.1265706;-1.6607329,-0.048250668,-0.96331227;-1.8755889,-0.86688286,-0.58145434;1.2026395,1.5867949,0.45493665;0.74384004,1.6451422,0.82276875;-0.8835045,1.5331091,0.6625714;0.47663534,0.5345273,-0.1400421;1.5933132,0.28040957,0.7296058;0.16178022,1.643176,-0.19053678;-0.46515507,-1.1555898,-0.4413545;0.73696387,0.099780366,1.3956927;1.3644257,-0.24187984,1.0044901;-0.4276038,-1.294102,-0.5633244;1.1772445,1.1911913,0.8059269;0.66560674,-0.47003278,1.6970454;0.41026953,0.48342907,0.29964468;0.22534512,-1.0783541,0.664157;-0.77715576,-0.86704737,-0.52392286;0.65340436,-0.44163352,-0.54995346;-0.8027662,-1.1127557,-1.5830854;-0.12230392,1.166757,-0.6334086;-0.5054497,-1.1764504,0.55783474;-0.9155234,1.6182172,0.38879135;1.0358706,0.48424396,0.9062494;0.62318027,0.65783125,0.9836919;0.42695236,-0.92360914,1.1520262;1.4154998,-0.7168421,1.9383116;0.68016577,0.07521514,0.29403493;0.8681799,0.48450926,1.0167559;-0.78788656,1.6832741,0.41407892;-2.1431653,-0.663253,-1.0743139;-1.6364636,0.18894501,-0.99483526;0.86601055,-0.5520098,1.977638;1.6377047,1.0843734,0.748119;0.96832293,0.43989015,-0.09712415;0.40026376,0.8579364,0.8391654;0.27416387,-0.67044646,1.5016012;0.7039063,-0.52631456,1.8997562;0.32352588,-1.3742837,0.20564094;-0.42105108,0.8690024,-1.2425555;0.77712435,0.36488533,1.1335855;1.190669,-0.57269704,2.0595384;-0.40461785,-1.4375497,0.24242489;0.33582607,-0.74753773,0.8324923;1.4865432,1.291309,0.21015644;1.6575531,1.1834397,0.8706525;-0.34266657,-0.093344375,0.425001;-0.94355273,-0.7626594,-0.3666237;1.2444155,0.6764524,-0.4253905;0.2595613,-1.3033497,-0.66000736;-0.16245529,-1.4727776,0.13043904;0.7039616,-0.06489509,1.8363916;0.33359143,1.7373426,0.45652547;0.98569226,0.64209676,1.4588507;0.46869072,0.44247475,-0.4820722;0.76249427,-0.11272967,0.6859722;0.63310945,-0.4513902,1.5905756;1.2165309,-0.08946761,0.6862028;-0.80016035,-0.775761,-0.30390528;1.4403226,1.306615,0.17042835;1.0875419,0.65612584,0.08460979;-1.7866428,-1.3244658,-1.8259157;-1.114628,-0.7531155,-0.41175225;-0.15400052,0.010561109,0.061802;-0.3416826,0.8973704,-1.2092897;0.71820563,-1.1806576,0.018668445;-0.45384678,-1.1725044,0.56325936;-0.88592476,-1.4241526,-0.79949063;0.69500977,-0.6726848,1.7700381;-0.47078606,0.880819,-1.2452008;0.5249821,-0.56073415,-0.6147762;0.8554141,0.48285228,1.3902525;-0.8305147,-0.9044048,0.5431532;-0.758883,0.46822083,-1.4002259;0.3376984,-0.2665492,0.38723958;-0.3811081,-1.477031,-0.24154714;-0.42552936,1.3725901,0.27704617;-1.4488621,0.35812753,-0.75635046;-0.3704559,1.8077705,0.27994716;-0.19958907,1.3112413,0.023478478;-0.32109904,-0.13117047,0.43042052;0.36932108,-1.3696413,-0.010035736;-0.67024964,-1.4163023,-0.8239103;-0.10834329,-0.045294262,0.58593094;-0.3159661,-1.1911478,-1.4059608;0.84558904,-0.20079088,1.6223733;1.6521847,1.1072032,1.1090337;1.3720285,1.4090191,0.7285283;1.993251,0.59448564,0.17799734;1.3815858,1.3270124,0.121804535;-1.6551956,0.00039999656,-1.1515106;0.9244734,0.4408039,1.5692592;-0.7365621,-0.72263664,0.53101504;0.642359,1.7017047,0.71802145;-0.50227886,-1.2596384,-0.40339437;-0.014812301,1.1966527,0.19383772;-0.19842972,-0.29091638,-0.034093257;0.88342094,0.12910563,1.6233001;-0.6422046,-0.69562185,0.53253514;-0.6715716,-1.301555,-0.8200771;-0.76501197,0.47938097,-1.5352407;1.051708,0.0522689,-0.12023004;0.32540125,0.77479184,-0.97209203;-1.316181,0.47032213,-1.1430745;0.7369726,0.42738488,-0.3272537;-1.3278081,-0.9626128,-0.02413628;0.8989525,-0.43199915,2.0012918;1.6519727,1.2751598,0.90750766;0.8987571,1.7853612,0.67067605;0.8809652,0.53520423,1.4918138;0.8396013,1.4571546,0.8235733;-0.37680164,-0.4894741,0.14718322;1.7128755,0.98767203,0.033812944;-0.07460314,-0.49461666,-0.44936463;-0.06765882,1.6916444,0.4986128;-0.30919316,-0.94086266,-1.2866558;-1.5082961,-1.2868124,-0.3291927;1.5920875,-0.8269751,1.9677765;0.35321167,0.5509517,0.32040572;1.685153,1.1643369,0.40258712;-0.4953372,-0.5438481,-0.00853458;-1.224796,-1.271291,-0.033254743;0.68175346,-0.35563928,2.0261886;-0.14279154,-0.8809395,-1.0531476;-1.486553,0.3217333,-0.8468649;-0.39445984,1.791901,0.24191113;-0.20720507,1.7819413,0.4985411;0.97071713,-0.5158345,1.0956668;1.1609917,-0.7778803,2.0317788;-0.32206056,-1.1935551,-1.4143207;-0.0028975825,-1.3579036,0.32338333;-0.23968217,-1.0787754,0.61632717;0.23483673,0.7562704,0.69025344;0.38083905,0.8484326,0.02416584;0.72741467,0.73669267,1.331131;0.46168873,1.6613647,0.88463825;-0.29066336,-0.89471686,-1.2565436;0.6089555,1.2205831,-0.36287987;0.9075365,-0.9407284,1.076024;0.21652049,0.5082981,-0.31623092;0.18078226,1.1338527,-0.18001066;0.25009468,-0.9824341,0.44709814;-1.9565712,-0.8546347,-0.73853874;1.8868694,0.9831807,1.0277339;-0.60659873,-1.3082541,0.3839507;0.9686961,-0.5939567,2.0183156;-0.108713955,-1.1075008,-0.9588352;0.6096845,0.48649555,-0.15225281;0.4120575,0.15171875,1.3604577;0.7965657,0.4206703,-0.2910948;0.41657767,1.1013745,-0.39553562;-0.796789,-1.1790378,-1.5345939;-2.0345786,-1.2915485,-1.7363337;-0.14292915,-1.1468873,0.8403004;0.49963266,1.3124797,-0.6444547;-0.7037883,-1.0556937,-1.8861732;1.6638658,1.1367068,0.34962827;1.0313048,0.015451868,-0.13030756;-1.3934491,0.3180384,-0.7795112;-0.59345144,1.0475014,-0.7507137;-0.8630347,-0.9788487,-1.9248856;1.1729789,0.28364626,-0.019466009;-0.019268027,-0.36042264,0.17655607;-1.3446254,-1.1084775,-1.2551383;-0.63908786,-1.2746493,-0.7763038;0.8731546,-0.7429021,1.9046571;-1.5205356,-0.7289234,-0.32033303;-0.19536439,-0.27308208,0.03500034;0.87071466,-0.35987678,1.8714262;1.5638037,1.245935,0.2728805;0.3068659,1.0194372,-0.845074;0.7997731,0.64726675,1.0703118;0.65905714,-0.85514987,1.1517389;0.29287925,1.1677839,0.48540264;0.28219932,-0.2739382,0.33596393;1.000323,-0.3603703,1.196862;-1.565541,-1.2824163,-1.6052744;-0.84100336,1.6717638,0.41450685;-1.6168252,-0.7020071,-0.38465196;-0.52687156,0.81887776,-1.3055258;0.94831216,1.6375338,0.652596;0.016616657,-0.08003169,0.592306;0.13373719,1.4854959,0.56797564;-0.40558726,-0.7005995,0.22174855;0.6055492,0.6685775,0.96918195;0.85823447,1.3798103,0.760173;1.4936118,0.0061075045,0.8724009;1.559823,0.20508729,0.7358803;0.7221357,-0.4043411,-0.5361884;0.712582,1.3337743,-0.5550501;0.80699635,0.23480652,1.4092307;0.95773774,-0.30120188,1.4689542;-1.6181391,-0.94409907,-1.3110275;0.5878413,0.26186013,1.8625529;-0.6330035,-1.2819809,-0.7791223;-1.6890814,-0.98384756,-1.435833;-0.17977029,-0.24491037,-0.0070688096;1.1521463,-0.29903114,1.7027054;1.8256522,0.9269467,0.9830396;-1.860087,-0.92699623,-1.6354048;0.95723075,-0.29286623,1.2319416;1.7776864,0.9657741,0.7151689;1.2679538,0.9431228,0.107688114;0.6535394,-0.43501565,-0.56476307;-0.43335837,-1.2313651,-1.5085533;-0.50106734,-1.2817799,-1.3128717;-0.6747647,-1.3686572,-1.2901293;-1.5134708,-0.9987925,-1.2599715;-0.21659997,-1.3207504,0.372555;0.72709227,1.6481886,0.81314206;1.1324797,0.1814307,0.48708728;0.25246084,-1.1988616,0.36820558;-1.486946,-0.7450941,-0.23935235;-0.6697522,-1.3826698,-1.2980728;0.7738459,0.41515642,-0.29763162;-1.6456339,-1.364907,-1.7723128;-0.7774984,1.608099,-0.091576636;-0.789532,1.737882,0.14943734;0.10343656,-1.0978054,0.68154293;-0.07243337,1.2934538,0.056049787;0.5324744,0.65385354,-0.017815962;-0.22026351,-0.29522938,-0.080545306;1.4332287,-0.17299354,0.86621743;1.8214158,0.45299307,0.3328138;-0.5637111,0.8065559,-1.3192433;-0.77700114,1.6844814,0.09009505;-0.3333461,-0.660718,0.6422667;-0.22354011,0.80947775,-1.2355247;-0.66613334,-0.70195884,0.43889725;-1.5181843,-0.9402858,-2.0442622;-0.34190944,-1.4746231,-0.06786794;-0.11954035,1.45374,0.50613344;1.1842101,-0.29525703,1.3326036;-2.1332376,-0.8735591,-1.778466;-0.7895387,0.47748324,-1.5809138;-0.7061167,-1.2124693,-1.5061691;0.03913309,-1.4700167,-0.16646194;1.0276526,0.47491467,0.929268;-0.12433163,1.1730273,-0.17597732;-0.10293259,-0.20648636,0.04278888;0.23320864,-0.5114218,0.42793667;0.29124302,0.8200343,-0.86830825;0.6433211,0.55658746,0.93808556;-0.8799966,-0.86382186,0.51156604;-1.7073138,-1.1711296,-0.47147852;0.991258,1.207343,-0.3138651;1.4417759,-0.067137405,0.77229935;-0.49061882,-0.92182535,0.3267471;0.5113611,0.79578805,1.1019943;0.8922634,0.4929716,1.518053;0.45336816,-0.88276386,1.2740221;0.399075,1.068279,0.046750095;1.1569235,0.3122058,-0.096504025;1.0795943,1.6281165,0.6209752;1.521427,1.2699927,0.23616003;-0.2762155,1.7893043,0.31773734;0.3257497,1.0314267,0.029354228;0.65171486,0.25261933,1.2703986;0.99137926,-0.2889325,1.3480352;-0.02208778,-1.1630676,-1.1062874;-0.6701542,-1.4023081,-0.9192099;1.0415823,-0.33637,1.6469244;1.4786189,1.2187594,0.75261116;1.0439126,1.0587426,0.11578352;-1.6450883,0.24865763,-1.0485334;-0.5504161,-0.57232314,-0.021652328;-0.04776065,0.8483853,-0.96655864;1.0676092,-0.47985628,1.858728;-0.48495194,-1.0365131,0.28489596;-0.30536312,1.6786172,0.6990647;0.27511084,0.56137,-0.34719402;0.2977805,-1.0059117,0.53988135;-0.9861871,-0.62786996,0.5910875;-1.3655854,-1.1971632,-1.9071696;1.4097545,1.3171619,0.1450049;0.8806188,0.27596268,1.5404749;-0.04575628,1.2870519,1.2236419;0.8693774,-0.19720192,1.4449302;-1.0405902,0.48878518,-0.7762894;0.88651943,0.34587035,1.5738318;-0.14862075,-0.8335297,-0.6954635;-1.5037874,0.4021448,-1.1753392;-0.42417222,-0.71558046,0.21414585;-1.9565626,-0.71038663,-0.62428415;0.62971073,-0.1914897,0.71212333;1.220683,-0.08673132,0.68111444;-0.38451898,0.43142855,-0.6155811;0.64686704,-0.52247524,-0.7696091;-0.018604469,1.2674869,0.09698451;-1.5185324,-0.93664056,-2.0473206;-1.5457268,-1.18229,-0.28332287;0.9636595,-0.7421072,2.0104525;-0.1592141,1.178845,-0.101306945;0.70685726,0.28093123,1.2459629;-1.2810805,-1.2088226,-0.029920585;0.2190384,1.2669442,0.5924506;-0.019055922,1.2828658,1.2368187;0.21547526,1.0459106,0.056308772;-1.7341803,-0.15257141,-0.77224;0.25673935,-1.3122196,-0.64958566;-1.9093819,-0.82348937,-0.72882664;-1.8944046,0.20625867,-1.1462193;-0.41674572,-1.385305,-0.31395215;1.3462483,0.83503324,0.114711985;0.7390704,0.7156154,1.3495752;0.5058918,1.6463221,0.93751436;-0.04238574,1.1447347,-0.63946575;-0.6609822,1.0237678,-0.85492796;-0.83024603,-0.92333734,-1.9591634;0.6385816,-0.18335661,0.7567633;1.1904153,1.1166092,0.8144389;-1.5666684,-1.0041925,-0.14064352;-1.9292239,-0.6902496,-0.7274112;-0.17470023,-0.4802629,-0.37665835;0.3159345,-0.25095093,0.34221977;-0.12252573,1.2095244,0.13994537;0.59442025,0.25095344,1.8620251;0.809357,0.35420716,1.328215;-1.5427382,-1.0209398,-0.22843774;0.8554781,1.6006579,0.88036793;-0.6155153,1.6331924,0.7289175;-0.5042154,1.8415745,0.23864529;1.3532852,-0.5892536,1.9688689;1.787017,0.46282256,0.706892;0.24611214,1.223244,0.27837875;-0.7631819,-1.1600155,-1.249488;0.15366536,1.0050548,-1.1551719;-0.7873698,1.6726522,0.10126982;1.030327,-0.32067913,1.2787694;-1.5232726,-0.95485026,-2.0259573;0.5764254,1.7183609,0.6712702;0.8518978,1.2181205,-0.44618678;1.6695302,0.29059044,0.74877363;0.056397233,1.5950187,-0.086749904;-1.5063484,0.3092268,-0.8967798;-0.7365426,0.9236725,-0.761106;0.22651544,1.186849,0.7144663;0.73173094,1.6348066,0.90116054;1.0145643,1.0086447,1.2253718;0.5364109,0.4353625,-0.44311062;-1.9951901,-0.38010985,-0.667991;1.2323447,1.3462229,-0.22641225;0.79625314,0.88254756,0.96305317;1.3690954,-0.66515857,1.9608407;-2.181907,-0.6774826,-1.0337948;0.32625037,-1.3817255,0.062322743;-0.30591476,-1.418203,-0.851069;0.0003024197,0.08056585,1.4917594;-0.4958609,0.5488513,-0.6748873
