data_set
babi-q1
num_classes
6
data_points
1000
model
saved_models/babi-q1-e0052.ckpt
color_schema
#4E79A7,#F28E2B,#E15759,#76B7B2,#59A14F,#EDC948,#B07AA1,#FF9DA7,#9C755F,#BAB0AC
test_accuracy
0.505
test_loss
1.1785364894866943
train_accuracy
0.56125
train_loss
1.0749712812900543
val_accuracy
0.511
val_loss
1.1455064544677733
labels
12,9,15,12,15,12,11,12,17,17,15,11,17,10,10,15,11,15,17,15,12,17,17,12,10,10,10,15,15,15,12,17,15,15,9,17,9,11,15,10,9,11,9,12,11,15,12,9,17,10,10,17,11,11,15,10,15,12,11,12,12,17,9,11,11,15,15,9,17,17,11,12,11,10,9,15,15,15,12,17,11,9,10,11,17,11,11,12,15,15,9,9,12,9,9,15,15,15,10,10,10,9,17,11,11,12,10,9,17,10,9,9,15,12,15,11,17,15,9,17,10,9,10,12,10,17,11,11,11,9,11,12,9,11,15,9,17,15,9,9,17,12,12,17,10,15,15,15,15,15,11,11,9,17,10,9,11,10,17,12,10,10,10,11,9,11,11,11,15,10,17,17,11,9,9,17,15,10,17,17,12,12,12,12,10,9,17,11,15,17,12,15,11,12,12,11,17,15,9,10,12,17,17,10,12,9,15,12,9,12,9,10,12,10,9,10,9,12,12,9,9,12,15,12,10,17,12,11,9,9,17,11,12,17,12,10,10,10,10,17,12,15,11,11,15,15,11,11,11,11,10,17,9,9,10,10,17,17,15,11,11,17,12,17,17,9,11,10,9,10,15,17,17,15,9,17,15,12,17,9,9,11,17,17,11,17,9,17,11,9,15,15,10,15,15,11,11,12,12,9,9,9,9,17,12,11,9,17,17,15,11,11,17,10,11,17,10,17,17,11,11,15,15,11,11,9,10,11,11,10,15,17,15,10,10,17,12,17,12,12,12,11,17,15,11,17,12,12,15,15,10,11,11,10,10,9,17,12,11,12,11,9,11,11,11,11,11,12,12,12,12,12,11,11,17,10,15,9,9,10,9,10,10,17,17,15,17,17,17,15,15,12,9,10,17,17,10,17,9,11,10,11,10,15,17,15,12,10,11,15,10,11,9,12,17,10,10,15,12,9,12,12,9,12,10,15,15,17,10,10,17,15,15,15,17,11,15,9,10,11,10,12,9,11,10,11,10,12,11,15,15,15,15,11,9,15,10,12,11,12,9,11,10,17,11,11,10,10,10,17,12,17,17,9,15,11,9,15,11,9,10,10,12,12,11,10,9,12,10,9,15,10,10,11,11,15,15,10,12,12,15,11,9,12,9,15,10,17,17,10,10,17,10,10,17,9,9,10,12,11,17,17,12,12,11,12,17,11,11,12,11,11,11,17,9,11,10,12,12,10,11,17,12,12,15,11,15,15,12,10,10,9,17,10,15,12,15,10,10,10,11,10,11,15,10,9,9,15,10,10,10,10,15,15,17,9,10,12,10,10,12,12,11,15,10,10,11,12,10,10,17,12,17,11,9,9,17,17,11,10,10,10,15,15,17,11,15,12,11,10,15,17,9,11,9,17,15,12,15,17,11,17,17,15,9,10,9,9,10,10,9,10,10,15,11,11,11,15,12,9,11,11,10,17,11,11,12,17,15,15,9,11,15,15,11,9,15,15,11,15,15,15,11,10,10,9,17,17,17,17,10,10,17,9,15,9,17,12,12,12,15,15,15,17,9,11,9,17,9,12,11,9,9,17,11,11,11,10,15,10,12,12,9,9,17,12,12,9,17,12,11,11,15,15,12,11,12,17,12,17,11,12,11,17,17,11,17,9,11,9,10,10,12,17,10,12,9,9,9,15,11,11,15,17,9,10,9,12,17,15,17,17,12,10,12,11,11,17,15,9,17,10,9,11,12,15,9,15,12,10,9,10,17,17,15,15,9,9,9,17,10,17,17,9,12,17,17,12,12,11,11,11,11,17,11,17,17,17,17,17,12,9,17,10,17,11,10,10,12,12,11,11,17,12,12,17,17,15,11,17,11,11,9,12,9,17,9,10,9,15,11,9,11,15,10,9,9,9,17,12,11,11,17,15,15,10,10,11,11,17,10,12,9,10,10,10,10,10,15,17,9,11,17,15,12,11,10,10,15,12,10,11,12,12,11,11,11,15,12,17,10,12,17,17,12,10,10,12,17,10,11,17,11,12,17,17,11,12,11,17,9,9,11,17,11,11,15,15,17,17,10,10,17,12,11,15,12,11,11,10,9,12,12,15,10,9,17,15,17,9,17,17,10,17,15,12,12,11,10,10,10,17,17,15,12,17,9,9,15,10,12,15,15,15,17,17,15,11,15,10,12,9,9,10,11,11,9,9,12,15,9,15,9,12,12,10,17,17,10,12,15,9,10,17,11,11,11,17,9,9,11,15,11,11,11,15,12,17,9,10
pred_labels
9,9,15,11,9,12,11,12,17,9,15,17,15,11,10,15,11,15,12,11,12,17,12,10,17,15,10,9,11,15,17,17,15,15,9,17,12,15,12,11,9,11,11,15,10,12,12,9,17,10,10,17,11,12,15,9,11,10,15,17,12,17,9,11,9,15,9,9,17,9,11,17,11,12,9,15,17,15,10,11,11,11,10,17,17,11,11,10,15,15,9,9,9,9,17,15,15,15,10,15,10,9,12,11,10,12,12,9,11,15,9,15,15,12,17,17,15,9,15,17,10,9,15,9,17,17,11,17,11,11,11,17,15,10,10,9,17,15,9,9,11,12,17,9,10,15,10,15,15,17,11,11,17,17,17,10,10,9,17,17,12,9,10,17,9,11,11,15,15,15,17,11,11,9,10,17,15,12,17,15,12,17,12,17,15,9,9,9,9,12,12,15,11,11,17,11,10,9,9,10,17,17,10,10,10,9,11,12,9,15,11,10,9,9,10,12,11,12,9,11,12,12,9,15,15,17,17,11,9,17,17,15,11,17,12,10,9,15,10,15,12,9,11,12,15,15,11,9,15,11,10,15,9,10,10,10,10,11,11,11,11,9,12,17,11,11,15,9,9,10,9,17,17,10,11,15,15,10,12,9,9,11,17,15,11,17,11,12,11,9,15,9,10,15,15,11,11,11,12,10,9,12,17,17,17,11,9,9,9,9,11,10,11,10,15,11,10,17,15,15,11,15,15,11,17,9,10,11,9,17,15,17,17,17,15,11,12,11,12,17,12,11,17,15,10,17,15,12,11,15,11,10,11,10,9,17,17,12,11,11,11,9,11,11,9,11,15,12,17,15,12,9,10,15,17,17,15,17,11,11,9,12,12,17,15,9,17,10,17,12,15,12,11,10,9,17,11,11,9,11,10,11,10,15,10,10,17,17,10,10,10,10,9,12,17,10,9,11,11,9,15,12,9,12,9,9,15,17,10,9,15,11,15,12,10,11,9,10,11,11,11,12,11,11,10,10,9,12,11,11,15,10,15,15,9,15,15,10,10,12,17,10,17,17,17,11,15,9,10,17,12,17,12,11,15,17,9,15,11,10,15,17,12,12,15,10,9,12,15,9,15,15,10,10,10,15,15,10,17,15,15,11,10,15,9,15,10,9,9,10,10,10,10,9,12,9,10,9,12,11,17,17,12,10,11,12,17,11,17,12,11,17,11,11,11,11,10,12,11,10,11,10,12,12,9,11,15,12,12,10,10,9,15,11,10,12,17,10,9,9,11,10,10,9,11,9,15,15,17,12,11,11,15,17,11,9,10,9,9,9,15,15,10,11,10,10,12,9,10,10,17,17,17,11,11,9,12,11,12,10,10,10,11,15,17,11,17,11,10,10,15,15,11,11,9,9,15,9,17,12,11,10,9,17,10,10,9,11,12,10,9,10,15,15,9,11,11,12,11,9,11,10,10,11,11,15,12,17,9,10,9,11,10,15,11,9,9,11,11,11,12,12,12,10,9,17,17,17,10,10,10,11,17,9,17,9,17,12,10,9,15,15,15,17,11,11,9,17,17,12,11,9,9,17,17,11,9,12,10,11,12,17,9,9,9,11,11,17,12,11,11,11,15,15,10,11,12,17,17,17,11,12,9,17,10,17,17,9,15,9,9,12,12,17,12,12,9,9,9,10,11,15,9,15,9,17,9,12,9,12,17,10,12,10,11,11,15,9,11,9,9,9,9,11,12,9,10,17,12,9,11,17,17,15,10,15,15,15,12,9,12,17,12,9,11,9,9,10,11,12,11,9,17,15,11,17,9,17,11,9,11,10,10,15,17,11,10,11,12,11,11,10,11,12,12,17,17,15,11,9,11,10,9,17,9,17,12,10,15,15,11,9,12,9,10,9,9,11,11,10,11,17,17,15,15,17,10,17,12,11,15,9,9,9,10,10,17,17,15,17,9,11,12,15,15,11,15,15,15,17,9,11,15,12,11,11,15,15,10,15,10,17,9,12,15,10,10,12,9,9,17,17,11,12,15,17,11,12,17,10,9,17,11,11,11,11,9,11,9,17,12,17,12,9,11,15,12,11,9,17,9,11,17,15,10,11,9,9,17,10,9,10,11,10,15,12,12,10,10,9,10,17,9,17,12,17,9,9,11,15,12,15,15,17,11,9,9,10,11,10,12,9,15,15,11,11,9,9,9,15,9,15,9,9,11,9,10,10,9,9,15,9,10,11,11,15,10,9,9,9,11,15,11,9,17,15,12,10,9,11
pred_correctness
False,True,True,False,False,True,True,True,True,False,True,False,False,False,True,True,True,True,False,False,True,True,False,False,False,False,True,False,False,True,False,True,True,True,True,True,False,False,False,False,True,True,False,False,False,False,True,True,True,True,True,True,True,False,True,False,False,False,False,False,True,True,True,True,False,True,False,True,True,False,True,False,True,False,True,True,False,True,False,False,True,False,True,False,True,True,True,False,True,True,True,True,False,True,False,True,True,True,True,False,True,True,False,True,False,True,False,True,False,False,True,False,True,True,False,False,False,False,False,True,True,True,False,False,False,True,True,False,True,False,True,False,False,False,False,True,True,True,True,True,False,True,False,False,True,True,False,True,True,False,True,True,False,True,False,False,False,False,True,False,False,False,True,False,True,True,True,False,True,False,True,False,True,True,False,True,True,False,True,False,True,False,True,False,False,True,False,False,False,False,True,True,True,False,False,True,False,False,True,True,False,True,False,True,False,True,False,True,True,False,False,True,False,False,False,False,False,True,False,False,False,True,False,False,False,True,False,True,True,False,True,False,False,True,True,True,False,False,True,False,True,False,True,False,True,True,True,False,False,True,True,False,True,False,True,True,False,False,False,True,True,False,True,True,False,False,False,False,True,True,False,True,True,False,False,False,True,False,False,True,True,True,True,False,True,True,False,False,True,True,True,False,True,True,True,True,True,False,True,False,True,False,False,True,False,True,True,False,False,False,True,False,False,True,False,False,True,True,False,False,True,True,True,True,False,True,True,True,False,False,True,True,False,False,False,False,True,False,True,False,True,True,True,True,False,True,False,True,False,True,False,False,True,True,False,False,True,True,True,False,True,True,True,True,False,True,False,True,False,False,True,False,False,False,True,False,True,False,False,False,True,False,False,True,False,False,True,False,True,False,True,True,False,True,False,True,False,False,True,True,True,True,True,True,False,False,False,False,False,False,True,False,True,True,True,True,False,False,False,True,False,True,True,True,False,False,True,True,True,False,False,False,True,False,False,True,False,False,False,True,False,True,False,True,True,False,False,True,True,False,True,False,True,False,True,True,False,False,False,True,False,False,False,True,False,True,False,False,True,True,True,True,False,False,True,False,True,True,True,False,False,False,True,True,False,True,True,True,False,True,True,False,True,False,False,True,True,True,False,False,True,True,False,False,True,True,True,False,False,True,True,False,True,False,False,True,False,False,True,True,True,True,True,False,True,True,True,True,False,True,True,False,True,False,False,True,True,True,False,True,True,False,True,True,False,True,True,False,True,True,True,True,False,False,False,True,False,True,False,False,True,True,False,False,False,True,False,True,False,False,False,False,True,False,False,True,True,False,False,False,False,False,False,False,True,True,False,False,True,True,True,False,True,True,False,True,False,False,False,True,True,True,False,True,True,True,False,False,False,True,True,False,False,True,True,False,True,False,False,False,True,False,False,False,False,True,True,False,False,True,True,True,False,True,False,True,True,False,False,True,True,False,True,False,True,False,True,True,False,False,True,True,False,True,True,True,False,False,True,False,False,False,False,True,False,False,True,True,False,False,True,False,True,True,False,True,True,True,False,False,True,True,True,True,False,True,True,True,False,True,True,True,True,True,False,True,False,False,False,False,True,False,True,True,False,False,False,False,False,False,True,True,True,True,False,True,True,True,False,True,True,True,False,True,False,False,True,True,False,True,False,False,True,True,False,True,True,True,True,False,True,False,False,False,True,False,True,True,False,False,True,False,True,True,False,True,False,False,False,True,False,False,True,True,True,False,False,False,True,False,False,False,True,False,False,True,False,False,False,False,False,True,False,True,False,False,False,False,False,False,True,False,False,False,True,True,False,True,False,False,False,False,False,False,True,True,True,False,True,False,True,False,False,True,True,True,True,True,True,False,True,False,True,False,True,True,False,True,False,True,True,True,False,False,True,True,True,False,False,False,True,False,True,True,True,False,True,False,False,False,False,False,True,False,True,True,False,False,True,True,True,True,False,True,False,True,False,False,True,False,False,True,False,True,True,True,False,True,False,False,True,False,False,False,False,True,True,True,False,False,False,True,True,True,False,True,True,True,False,False,True,False,True,False,True,True,False,False,False,True,False,False,False,False,True,True,True,True,False,False,True,False,False,True,True,False,False,False,True,False,False,False,False,False,True,True,True,False,True,False,True,True,False,False,True,True,True,True,False,False,True,True,True,False,False,False,False,False,False,True,True,True,False,False,True,True,True,True,False,True,True,True,True,False,False,False,False,False,False,False,True,True,True,False,True,False,False,False,True,True,True,True,True,False,False,True,True,False,True,False
p2d-kl
0.7976410984992981
p2d-iter
599
p2d
1.9771295,0.7781372;1.0997113,-0.24707861;-0.50559133,-1.316224;1.1198726,1.3653314;0.0899685,0.033753414;-0.9665656,-0.06244986;1.0656321,0.56299675;0.67164606,-0.10803513;-0.48707753,-0.44846556;0.37816802,-0.17409888;0.095746554,1.1685115;-0.95064205,0.2080904;0.20520598,1.1191393;-0.43748754,0.60447633;-1.3353003,-0.32328734;0.27669004,1.1724182;1.84038,1.3572317;0.1466519,1.0231832;-0.86951923,0.024029423;-0.8744925,0.16911806;-0.15371951,-1.3550721;-1.415881,0.18064867;1.7222724,0.52485365;-1.0865895,-1.1536305;-0.9367825,-0.19041324;-0.27970487,0.80664766;-1.6016147,-0.46278676;-0.72196144,-1.9212207;-0.795029,-0.22069967;0.36850995,0.2754992;0.09370156,1.3932837;0.27260888,1.3272984;-0.7634581,-1.6884601;-1.6971346,-0.44163868;1.3312094,0.66773087;-1.183741,0.80959916;-0.01274289,-0.7850434;-1.0288568,-0.55713785;-0.5029711,-0.79956955;-0.259979,1.1461922;2.0307708,0.70618296;1.1461594,-0.35164914;-0.66442096,0.38561386;-1.3756406,-0.12032473;-0.28000146,0.6861537;-0.13702969,-1.343913;-1.05443,-0.32731524;1.1748418,0.51783204;-0.50944,-1.8865925;-1.3322257,-0.6947723;-0.9978551,0.8323536;-1.1996256,0.7600857;-1.2459943,-0.13422497;-0.8201331,-0.5845663;0.37678936,1.2356623;1.1128577,-0.23060665;0.007004074,0.15899096;-0.9611642,-1.5177761;0.14886926,1.2042491;-1.37829,0.20071246;-0.06916798,1.3634217;0.17110185,-0.39555266;2.050119,0.65932435;0.3102325,0.7197379;1.6338671,0.6764655;1.5376302,1.2500561;0.14762206,-0.1414944;0.20253178,-0.67791164;-0.34464693,-0.26027033;0.84335,0.00079198007;0.20528969,0.6872808;-0.46637928,-0.96144176;-0.68851864,0.23699136;-0.8313649,-0.8654539;1.7009332,0.85431427;1.8237872,1.2803215;-1.1269329,0.26890078;0.3140536,1.3134514;-1.0175922,-0.7766886;-0.85434943,-0.21608362;1.7723672,1.4107573;1.8126014,1.5308654;-0.9164427,-1.1333679;-1.109076,-0.6737652;-1.5663086,0.32425252;1.7353793,1.4229941;1.1729342,1.3273733;-0.7010588,-0.8174212;-0.5881219,-0.3186386;0.6932278,1.0040221;1.032213,0.78662974;1.4477608,0.59172714;-1.1263591,-1.43896;1.5576023,0.8529443;-0.13016544,-0.29013896;1.7655157,1.2733659;-1.0005773,0.052851874;-1.5509969,-0.085724495;-0.36916292,-1.9164457;-1.607985,0.20260486;-0.41527933,0.5319832;2.0910747,1.4754375;0.05883367,-0.76298684;0.26890665,0.94929135;-0.45546466,0.58022547;-0.46312448,-0.40219003;-1.047456,0.8224636;-0.5816665,-1.2965567;0.37264913,1.011585;-1.5494509,-0.06371969;1.9751655,0.6637657;-0.68446696,-2.0901926;-0.9293903,-0.69061637;-1.1649756,-0.21945676;-0.68312716,-1.6227156;-0.9662002,0.27234596;-0.057989933,-0.10764543;2.1577556,1.4197247;-0.2882757,-1.0550663;-0.280363,1.1129246;-1.9283308,-0.15207937;2.1029778,1.5054042;-0.76510334,-2.0233688;0.889035,0.19385873;-0.66803616,-1.3815742;-1.4679542,0.33712262;0.9860274,1.1310136;-0.2582653,1.0631336;-0.85461056,-1.1227723;0.99829257,0.46737215;0.89939976,1.3640369;-0.95832413,-0.25939882;-0.7791779,-1.8489344;-0.6340139,-2.078764;-1.3538567,-0.32229304;0.35049707,0.16461867;-0.14301008,-0.43842587;-0.64001906,-2.217139;2.0124378,1.6017697;2.0032434,1.4729186;-0.9284795,0.26235077;-0.6736287,-0.0062771393;-0.4699583,0.0042424044;0.8377091,0.68171614;-0.5716587,-2.1141768;-0.25349507,0.86463815;-0.8119198,-1.1567489;-1.482702,-0.0125996405;-0.7937152,-1.8711914;-1.1323224,0.24435782;1.4040126,1.4196613;1.7789711,1.5664588;0.3306634,-0.29368845;0.25732586,-0.32601276;-1.2311097,-0.6845062;-1.1967473,-1.203651;0.74866164,-0.55372256;0.7772257,-0.2846813;-0.6993161,-1.3636951;-0.533423,-0.52863723;1.5091352,1.346439;0.43998381,0.16705085;-0.45505893,-1.9545176;-0.39519465,-1.5621909;2.0395427,1.5506012;0.86843985,1.3419247;0.77091527,1.2399313;-1.4224676,-0.06708095;-0.89276755,-0.5883618;-0.29115888,-1.6182337;-0.046090897,1.1548018;0.76876694,1.2792407;-0.22294994,1.1225257;1.6825033,0.68109334;-0.44019273,-2.0411806;-1.5012097,0.347478;0.14184453,1.1503454;-1.6745317,0.18086734;-0.34168398,-1.5258445;-0.5799741,-0.3024557;-0.45729235,-0.40057972;-0.3052343,1.2748452;0.26821575,1.452538;-0.14467092,-1.7394962;-0.2632858,-1.93933;0.7576672,0.6705199;2.1136394,1.5718248;-1.0976266,-1.217175;0.028972931,-1.032824;-0.5817773,-1.5878444;-0.05809431,1.3674392;0.102766626,1.1815692;0.9581226,0.7095634;-1.00094,-1.4647646;-0.9689651,-0.29284704;0.75508124,1.2442191;-1.4826481,-0.43614995;0.96306086,0.097564615;-0.84207517,-1.7183642;0.21379468,-0.6423163;-0.3113863,1.2174057;-0.27850893,1.267661;-1.7139335,-0.07065917;-1.7114632,-0.32639626;-1.5589656,-0.12369738;1.7706983,0.71367484;0.80284303,0.88230616;-0.31620246,-0.75097984;-1.0872484,-1.4096065;-0.8913763,-1.2033554;1.4785734,0.9435841;-0.55859953,-2.073413;0.8621459,-0.020645771;1.5314463,0.376865;-0.66766715,-2.1781542;-0.9766289,0.761656;0.9574359,0.46527383;-0.28954262,-1.341515;0.20800969,-0.10913855;1.1227503,0.4999357;0.83503395,-0.046552237;-0.14602351,1.2870893;-0.62006515,-1.323897;-1.5166292,-0.47052246;-1.4727668,-0.11147163;0.13655497,1.4028671;0.3455457,-0.24180591;0.3031384,-0.06588722;1.2125877,0.85915864;-0.6099817,-1.6088533;0.3747747,-0.22831494;0.08257318,0.07793255;1.6018267,1.4048628;-0.3376066,1.1650058;0.49114555,-0.24762188;-1.2994602,-0.3524837;2.1456432,1.4674861;-0.7086498,-1.774125;-1.817194,-0.1674897;-0.86356604,-0.698003;0.29998225,1.5119952;-0.8284323,-1.692608;0.71055466,0.93080866;-0.87234807,-1.4640679;-0.23721354,-1.5645249;1.6999117,1.2685105;0.7015152,0.94849586;-0.035244256,-0.12634905;-0.08460651,-0.020796452;0.23266375,0.23867786;-1.8631611,-0.13152462;-1.6668655,-0.24355595;1.2893001,0.63754207;-1.1549768,-1.0361652;-1.0280393,-0.82475;-0.34062228,0.5812972;-1.8504311,-0.17946428;0.5352575,-0.5348309;1.0469441,1.1320046;1.098225,1.3014781;0.13770004,0.695364;-0.74894154,-1.6087611;0.43902582,-0.31751028;-0.9841213,0.43600637;0.9598502,0.38852292;1.3567057,0.77435553;0.13311051,0.20366175;0.5140423,-0.6667491;-1.0402663,-1.272295;-1.0760685,-1.1778693;0.4228241,0.261851;-1.3577468,0.20168824;-1.0488259,0.32256398;-0.32520285,0.71070135;1.7485578,1.5459071;0.27026466,1.2662734;1.0063286,1.1064923;-1.3962854,-0.45931926;0.024020424,1.4490656;1.2052548,0.4785658;1.950258,0.67306787;1.059437,-0.36464274;-0.6561456,-1.5715133;-0.72235274,-1.8309506;0.15129861,0.17969908;-1.1792984,0.8287141;0.04783814,-0.23065558;-0.24030952,-0.86352336;1.1074461,1.2215618;1.9570365,1.5081037;1.5971694,1.2561074;-0.6734082,-1.7697366;-0.4039804,0.36005518;-0.9481556,-0.60094005;0.53224355,1.3104722;1.6273352,1.452995;0.18510774,0.9471563;0.44172662,0.04820238;-0.26405588,-0.68521374;-0.47969496,-2.0959399;2.3144288,1.3396688;-0.17564052,-0.68386626;-0.71556133,-0.20035458;-0.6232793,0.006177117;-1.504832,0.2832299;1.8503641,1.545841;1.6672488,0.8228737;1.9698111,0.722686;1.9159863,1.5829045;-0.80556804,-1.81936;2.1372364,1.3254443;-0.77456146,-1.0832194;-0.8849957,0.46167558;-0.6736301,-0.78617644;0.43502676,1.2578714;-1.0133376,0.34571254;-1.0644624,0.76933444;-0.8092381,-0.97938335;-1.562451,-0.029492399;-0.036218468,0.14489184;1.9195111,1.3590977;0.8251733,0.7551835;0.78653306,0.82406056;0.63160485,1.015474;-0.8448352,-0.9388363;1.4557917,0.3643856;-0.7104999,-1.9321777;-0.8308079,-0.44440818;0.31247935,0.1335297;-0.51962227,-1.877538;0.1328037,1.0893592;-1.4496937,0.3612903;-0.33666337,-1.1223948;-0.291228,1.3492457;0.6729625,1.0328511;0.8519024,1.2814716;-0.09114503,1.2792048;0.516052,0.047219172;-0.55663955,-1.7449968;-0.14505106,-1.5059894;0.48806465,-0.35400096;-0.22462437,0.5567196;-1.58993,0.1536856;-0.71451634,-1.9954793;-1.069412,-0.9811389;-0.41085255,1.0742345;0.943506,1.0903411;-0.57971,0.5273299;-0.99011576,-0.5372111;0.6994013,0.6855714;0.24865504,0.70726925;-1.2160234,-0.37462488;-0.35689366,0.66353667;-0.16263871,-1.6273452;0.47613528,0.2686655;0.2230161,-0.38607994;-1.2741637,0.23903237;-0.4978733,-0.40488943;-0.28490534,0.5373663;-0.3461561,-0.61323196;1.2628119,1.2761593;2.1820974,1.3772641;1.3394727,0.70852226;-0.62245363,0.24274287;0.8747823,-0.41698873;0.9511637,1.3701875;-0.40520075,0.69920933;-0.81804043,-0.031446412;-0.2981912,1.1970348;-0.721314,-0.40341592;-0.1085628,1.3173158;0.8075772,-0.056024186;-0.6083072,-0.82436347;-1.3298247,-0.15660894;-0.22590303,1.0755132;-0.07992031,-1.5616273;-1.4119866,-0.19628677;-0.09018729,-0.2929804;-0.9682584,0.40165034;1.2744818,1.3727745;1.487928,0.3607336;-0.058211852,-0.7155468;-0.5007421,-0.02991256;-0.6673481,-0.16068834;0.27978614,1.2406783;0.2709754,0.15050752;-0.30114532,-1.0760725;-1.2243137,0.6627273;-0.1764593,-1.7206686;-0.10684739,1.4169879;-0.14580566,0.15907596;-0.5714347,0.52327216;-1.0996865,-1.1350167;-0.9797296,-1.3992368;1.9887457,0.72718424;-0.036402427,1.1660311;-0.17892618,0.70332307;1.1601998,1.3512272;-1.14262,-1.209088;-0.30911106,-0.093467645;-0.32521045,0.5871652;1.5821673,0.93154866;-0.98078,-0.9047902;-0.7015983,-2.139767;-0.7028329,-1.3475964;-1.521028,-0.043898925;-1.0889807,0.37023294;-0.780704,-0.47305027;-0.51884586,-2.1256366;-0.61407197,-2.1161122;0.33312327,-0.64514256;0.8185899,-0.499978;1.6500736,0.83642584;0.4043911,-0.38328055;-1.1644372,0.7859571;-0.028140143,1.4746038;1.2172996,0.53362906;0.19206446,0.23410699;-0.70767015,0.082341656;0.00048202378,-0.37090793;0.248573,1.1034635;-0.6310884,-1.5320183;1.0728582,0.23505208;-0.19204655,1.4128795;-0.9705123,-1.6301569;0.99391204,0.80189836;0.8466565,0.81972355;-0.61036503,-0.24964637;-0.82744825,-0.89129525;1.4156703,0.34476745;0.22283164,1.2510208;0.6271281,0.9527481;-1.444139,-0.15986897;-0.48563677,-0.7396249;0.21844532,1.5306989;1.0650417,1.1816517;0.6926358,0.02526681;-1.0421381,-1.173665;-0.1958172,0.5775258;-0.19277048,0.6655312;0.19495502,0.6914813;-0.8330972,0.8240403;1.4898217,0.7412803;1.5117935,0.89289784;0.6887183,-0.55854225;-0.26618832,0.610885;0.9997838,0.11174685;-0.5508014,-1.5569221;0.89071333,0.40227687;0.007707537,0.7825727;-0.029597979,-0.08311195;-0.20130813,-1.6441728;0.7821818,0.9798768;0.82669413,0.8990415;1.7857916,1.64586;0.11729015,1.1932169;-1.6217997,-0.18390648;-0.9572377,-0.84234446;-0.61271316,0.4148244;-0.16439207,-0.67248535;0.39961323,-0.19597596;-1.1379288,-0.98002857;-1.0013596,-0.3907862;-0.653817,-0.95758396;-0.18524052,1.1205028;1.1889045,1.2497921;-1.4113925,-0.06402408;1.2967253,0.61903363;-0.62322617,-2.2306316;-1.048109,-0.7030112;-1.0099833,0.7808686;0.2196074,-0.53893644;-0.52965593,-1.6189303;-0.01622306,-0.23047903;0.075353034,-1.0043616;-0.9865848,0.33859864;1.4400648,0.3171648;-0.44224992,-1.3282621;-0.7782945,0.06747762;-0.9760475,-1.5400608;-0.25401554,0.8224133;-1.5059357,0.24820405;0.2759863,1.480644;0.7871233,-0.08828935;-1.0088692,-0.5698315;-0.09348142,0.66780925;1.7121195,0.7818256;-0.5034369,-0.7858512;-1.5961323,-0.4004144;0.010205891,-0.4860045;1.8847165,1.2844707;-0.31523558,0.75824356;-0.84495175,-1.2741789;-0.9717044,-1.4385068;-0.58668333,-1.9897141;-1.6018337,-0.31674698;-1.5732641,0.28175887;-0.162749,-1.627115;-0.15012321,-1.712341;0.112346634,1.1140575;1.847872,1.2809081;1.7549512,1.4570398;0.6082689,-0.57593083;-0.4586021,-1.4553926;0.80443263,-0.28677642;0.13114367,-0.96839577;-0.8974022,-1.238348;0.19810551,-0.6295324;0.71111834,-0.29813337;-0.91558343,-1.1018239;-0.5466259,0.91511047;-1.2216209,0.70433015;-0.42596126,0.5681674;0.11544151,-0.547854;-0.05136742,-0.7236184;2.2754998,1.3132826;-1.1582458,-1.0603129;1.3690755,0.67991954;-0.2753037,-0.7458801;0.4203194,1.008543;0.26186326,-0.36596712;0.49900964,1.1026727;-0.96401596,0.47216386;-1.0892061,-1.3891108;-0.9383755,0.41228008;-0.14349647,-1.3411754;0.28237772,1.419168;0.34784123,0.9683914;-1.0400327,0.38573226;-0.89877653,0.81405574;0.9728655,1.3004994;-1.0028938,-0.4266685;-0.24029891,0.6315106;-0.8886988,-1.4168249;1.3806431,0.72141474;1.0957189,1.1919729;0.55636066,-0.60123736;-0.46988264,-0.53846055;-0.7904168,0.3400437;-0.40518755,-1.978693;1.0171521,1.3167477;-0.10561429,-1.511792;-0.8491925,0.47903696;-0.5813861,-0.76060194;-0.5461566,-1.3218615;0.8437087,1.0540124;0.5406736,0.90915066;-0.5430919,-1.7235901;-0.5943264,-0.50671744;-1.0057247,0.82076305;-0.11513421,1.5038186;0.8636051,-0.25741687;-0.07588043,-1.4367658;-0.18259607,0.69429487;-1.4992411,-0.3644931;0.78044766,-0.11223737;-0.5868819,-0.23789024;-0.98900944,-0.8340289;0.17927681,-0.5320363;0.97601086,0.09205099;1.244398,1.2613539;-0.5885568,-1.937959;-0.5937456,-0.8520931;0.7093838,-0.47529867;-1.0672625,-1.023875;1.6948462,1.6072208;0.03855032,0.0140101155;-0.3376607,-1.3969111;-1.0647628,-0.7215962;-0.14194743,-1.4483241;1.3418998,1.4085916;-0.92195815,0.06849443;0.5387221,0.90834326;-1.0317024,0.21434754;-0.91596085,0.31739932;2.000188,0.7824179;-0.6632741,-2.105675;1.5385611,0.54465044;1.4595044,0.42374974;0.95113975,-0.28283185;0.11989648,1.0636055;-0.31768826,0.76890785;-0.22513928,0.7360668;1.751447,1.5176077;-0.6030118,-1.9478742;-0.5499408,0.9134175;-1.1817212,-0.38849685;0.79961425,-0.24229054;-0.7687328,-1.3252873;1.0075566,-0.3521216;0.17197506,-0.42452112;-0.28858194,1.3073547;-0.62973833,-0.1051488;-0.18101056,1.0412153;1.4725596,0.9852153;2.2533495,1.3392556;0.6550392,-0.1570539;-0.6839565,0.056089643;1.2032808,0.42281353;-0.4446748,0.39435875;0.36616176,-0.63209754;-0.28608248,-1.8101878;-1.4181937,-0.2935825;0.062160313,-0.0036578253;-0.43826717,1.1258655;0.07664039,0.6961366;-0.8348874,-0.37074393;-0.87264735,0.2988585;-0.25897875,-1.9000657;0.64863425,-0.57308507;1.7521111,1.2488936;-1.5121421,0.3148746;-0.058264244,-0.18645176;0.43965578,1.0703033;1.8859693,1.5781499;1.8941278,0.6366671;0.66650534,0.65853035;-0.074890256,-0.5738783;-0.69018185,-1.393725;-0.5585429,-0.5032788;1.3598945,0.7970842;-0.48540422,-2.0649264;2.0464866,1.6116849;-0.091264084,-0.40054134;-0.6974905,-1.3127636;-1.5523708,-0.12836604;-0.027594425,-0.6850423;0.4580012,-0.084117785;-0.92081594,-1.5018454;-0.2679349,0.58714336;1.6948462,1.6072208;-0.9357134,-1.2060292;-0.844362,-0.8079289;0.32158285,0.2145703;1.7482162,1.5998751;1.8981805,1.3676437;-0.91403586,-0.93189573;-0.19881748,-1.4336468;-0.8060751,-0.51082766;0.1765006,-0.1287101;2.1700995,1.3205936;-0.69473565,0.47066092;-1.3145801,-0.6971011;-0.84842104,-0.96110433;-1.0734304,-1.5165062;0.45622486,0.8902408;-0.7690737,-0.68300176;0.8889255,0.14648566;0.61761886,0.16097252;-0.5344331,-1.9297335;1.8199075,1.5789993;1.2991048,0.7323351;-0.23395008,0.78346694;-0.8810638,-0.7428719;-0.53786945,-1.2565147;2.3120403,1.3534906;-0.19029061,-0.37985104;-0.72593397,0.18664032;1.5793909,1.4043082;1.3310333,1.1599271;-0.9562978,-0.0869643;0.67610866,-0.06604423;-0.49614507,-1.7734518;-0.5896528,-0.5727356;-0.0825051,-0.6682447;0.3841077,-0.2011444;0.48049608,1.064399;-1.1159819,0.42018384;-0.26060247,-1.6844962;-1.118879,-0.25844428;-1.2695987,-0.70312274;0.02958282,0.78913045;-1.4847486,0.18385659;-0.51730967,-1.3760704;-0.7255618,-0.2145625;1.7915839,0.71607333;-0.40127048,-0.9962149;0.48757613,-0.29776382;-0.5046876,-2.0389044;1.3969103,0.4603252;0.27972,0.13285288;-1.6672131,-0.43884155;0.13048327,0.25662804;-0.6450345,-1.8545439;1.3571774,0.8186081;0.9008627,1.330814;1.69815,0.5567424;-0.13179803,-0.33345285;1.9893378,0.6187878;-0.40793642,-0.99095845;0.21605426,0.71355325;1.2628784,0.4418127;0.34621322,-0.16699857;0.31626144,-0.3136091;-1.0848075,0.31021845;1.3114697,0.747628;1.1350484,-0.25568944;-0.7651614,-1.48674;-0.24903038,-1.679798;-0.0127968425,0.72797096;-0.82513195,0.79119223;-0.3227571,1.2214509;0.44328883,0.11530048;1.9034903,1.4967476;-0.021914436,-0.30804887;1.078367,1.3821692;-0.22263704,1.0984309;0.85667753,0.15242307;-0.66605365,-1.5057453;0.10586652,0.94834805;1.4784952,0.930991;0.3074682,-0.04416168;-1.5480783,-0.4415853;-0.8437298,-0.7922139;-0.48118016,0.4218207;0.1650088,0.7111641;-0.7499284,-0.008855053;-1.1604451,0.31831792;-1.8952191,-0.09544698;-0.3976786,-1.1476899;1.3481156,1.4102856;-0.9098424,-1.4111062;0.7647099,-0.26538652;-0.10895905,-0.39873406;-1.0092349,-0.8828599;-0.9510581,0.24794786;0.24518706,1.4342717;-0.011456086,-0.47479883;0.109726146,-0.99176556;0.36098394,0.31077725;1.4954104,0.37965423;0.8423198,-0.08167902;-0.2296743,-1.3695501;-1.8925247,-0.078775965;-0.6262587,0.0462165;0.18526642,1.5230939;1.0077792,0.13315359;1.8003846,1.6159725;1.9053884,1.55009;-0.6242908,-2.0517218;1.4520098,0.9147119;0.03113593,0.066910334;1.7118055,0.6209146;-0.5133894,-1.5096643;2.2364042,1.3500689;0.07098393,1.5216948;1.2422059,0.4928286;-0.6090659,-1.7858272;2.0705085,0.68432236;-0.8199803,-0.63781685;-1.1548438,0.85969883;-0.4908767,-1.9840022;-0.6497368,0.37170273;-1.0251418,-1.1173111;-0.10118274,0.7800763;1.6949732,1.3717444;0.44794118,1.3069178;0.57806337,0.15495384;0.9290802,0.67264515;2.0854592,1.4528365;2.090793,0.7538186;1.713334,0.8154863;-0.7044757,-1.4200683;0.99151003,0.436394;0.2556935,1.0717738;0.36032274,0.21286951;-0.17758621,-0.85776263;-0.8448235,-0.28127152;-0.8207186,-0.5424281;1.5447859,0.51685005;1.8878243,1.5319341;-0.3994764,-1.8813275;-1.5338551,0.13913721;-0.8101572,-1.7969799;-0.42419273,-1.9483448;1.071136,1.1504775;0.746263,0.69418806;0.7782971,0.71760356;0.7115722,-0.10516267;0.15932296,-0.4437971;-0.12117399,1.4447404;-0.36000207,1.2369322;0.14119633,1.2434233;0.91060954,0.2142717;0.34393314,-0.04166453;2.009727,0.67733413;1.8917544,1.6342989;-0.4709559,-1.9298841;-0.9420862,-1.1615279;-0.82977283,-0.057520498;0.7388901,1.2387431;0.4993537,-0.6334376;0.23874898,-0.46947786;-1.4980344,0.19805099;-0.03284304,-0.1920999;0.3576714,1.4720378;2.0145898,0.63773775;-0.5943564,-2.230412;-0.33402234,-0.56855994;0.90985626,0.25901642;0.9629703,1.3512402;0.9366233,-0.39969265;-0.30623898,-1.8145686;-0.17395735,0.7654;-1.0905222,0.20522079;1.8566457,1.3785548;-0.8787242,-0.86282325;1.1171883,-0.35087126;-0.1429777,-0.709511;0.41250202,0.001917138;1.1314032,1.2015443;-0.29367793,-1.9428391;0.8933006,1.4006712;-0.80001724,0.05101451;-0.21561684,-1.3962234;0.072746925,1.5215536;0.186094,-0.48522258;-1.7558486,-0.118167825;-0.8808067,-0.96917814;0.11928829,-0.5633462;1.0568323,0.5260888;-0.19309314,0.6075415;1.4825883,0.53720194;-0.5949259,-1.856823;0.9698016,-0.26728547;-0.9713867,0.29850128;-0.69058204,-1.5361413;-0.62643754,-2.147371;-0.729097,-2.1319377;0.13757597,1.0420318;0.0484456,0.6879223;0.2806107,0.2540945;-1.0713558,-1.4391613;-0.49514872,-1.2685541;-0.5780589,-2.1688526;1.9442567,0.76228285;1.4423994,0.4005863;-0.23669556,-0.93616015;0.4912729,1.0969993;-1.1048363,-0.29667473;1.7447978,1.4160228;-0.03667865,-0.28182805;-0.5307433,-0.19947504;0.34985504,1.260872;0.024457915,-1.0100167;-1.1554312,0.8367413;-1.7242776,-0.12972122;-0.85659283,-0.22968818;0.92612356,0.24286151;-0.0943237,-0.24806675;0.5743189,1.357949;-0.13953874,-0.8718857;1.0978345,0.4598751;0.51584595,-0.6257838;-0.49904037,0.41795138;-0.044307854,1.4690832;-1.9116064,-0.13524042;-0.073195264,-1.5397506;-1.5570166,-0.2691649;-0.23318322,-1.4921781;2.280315,1.3648725;-0.72767967,-1.5036094;-0.62333155,0.021212215;-1.4174385,0.3005506;-1.5205092,-0.28461325;0.9876118,1.3657328;-1.4960654,-0.3768491;-1.5196686,-0.4938392;0.2727772,0.20684439;-0.4918063,-0.33194023;1.5058589,0.39965406;-0.15325435,-0.22367498;-0.5698984,-1.7002225;-0.7412765,-0.5177799;1.6464213,1.3888366;0.26866436,0.69129074;0.052308135,-1.0115943;-0.39517793,-1.448044;-1.3852086,-0.44338462;-0.33570346,-1.4340758;-1.5716646,-0.33043686;-1.1970804,0.44111362;-0.062612474,-1.0138416;-0.343571,-1.3502331;0.40680924,0.8975372;-1.3171768,-0.3425106;-1.1824013,0.7329132;-1.0913628,0.7467855;-0.11809097,-0.83900964;-0.973152,-1.6058673;-0.9973949,0.36552155;-0.61141044,-0.1879094;-0.35306394,0.6259391;1.3026403,0.42403176;-0.7029856,-1.7167442;-1.4290487,0.35891515;0.32164043,0.9373639;0.0042426907,0.98519856;-0.8639298,-0.45822164;0.17006266,-0.5848807;1.877074,0.6185645;-0.34567446,0.051108718;-0.66485167,0.22096303;0.08752996,0.9356185;0.29889748,0.27391917;1.0482671,0.5239466;0.8742375,0.76786786;-0.117453955,-0.2551486;0.5189486,-0.054004055;-0.43236893,-1.4053235;1.496534,1.3475022;-1.1286484,0.85322976;0.032233372,-0.75934035;1.1172302,0.6309538;0.42878172,0.98649406;-0.12656319,0.1472339;-0.85456014,-0.58480763;-1.3958719,-0.2977782;-0.50826645,-1.8593844;-1.2255117,0.6715706;0.31512874,0.16727503;0.9412009,1.2249329;0.77597076,1.2995974;-1.3690567,0.30019793;-1.6358286,-0.296741;1.120919,0.5881965;0.0027393,-0.39072546;-0.76932716,-1.8088597;-0.89678276,-0.48107743;1.0287672,-0.22809894;2.069174,0.7416796;-0.30441105,-1.8036647;-1.3081783,-0.06933389;-0.8953158,-0.9363679;-0.7991817,-0.41463566;0.74844044,-0.112695254;-0.39275506,-0.92986387;-0.99974686,-1.4934846;-0.4886295,0.42691928;0.652957,-0.49257222;-1.5917678,-0.34136695;-1.5605217,0.09015067;0.11004512,-0.50797343;-0.6114498,-1.8537995;0.53439975,-0.034358524;-1.5011932,0.3667015;-0.7080688,-1.2984746;-0.863638,-1.7514673;-0.10900491,-0.19561133;-1.5729727,-0.037168555;0.18141106,1.4691443;0.48110643,1.3012873;0.6035349,0.89527714;-0.9049446,-0.49313304;-0.8649285,0.20958968;1.9247183,0.62529963;1.9051602,1.6375417;-0.95919,-1.3161323;-1.4408351,-0.36903426;-1.0503159,-0.36624998;0.496649,-0.3448586;1.6932031,0.77690893;-0.7666414,-2.0044684;-0.8803895,-0.7717408;-0.90621865,-0.9664731;-0.18322091,1.0977337;1.036673,-0.25354752;-0.6046702,-1.2826732;-0.15113597,-0.92760205;-0.65651476,-1.8161094;2.3055959,1.3227302;0.90732384,0.80325913;0.7283394,0.65903336;-0.055799827,-0.57746255;1.7394047,1.3872035;1.5273216,0.4834932;-0.58387667,-2.1965473;-1.0445645,-1.1984619;-0.92164254,-1.2991604;1.3795744,0.4644934;-1.600971,-0.3506554;2.140249,1.465601;0.98077923,-0.373245;-0.65398955,0.42774388;-0.059770215,0.112407826;0.5754289,0.88409907;-0.9883229,-1.2732458;0.70824367,-0.31383955;2.2051258,1.3972186;2.1353762,1.5301341;0.92454296,1.3570507;1.430047,1.2450622;0.7999091,0.93734276;1.8897756,0.76577884;-1.0814202,0.23256429;1.6834489,1.2646401;-0.9277563,-0.07247649;-0.101133816,-1.6919343;1.0760423,-0.31146955;1.0326896,0.7206493
p3d-kl
0.6473644971847534
p3d-iter
599
p3d
-1.4451336,-0.038891397,-1.468882;-1.3764241,-0.7586638,-0.35723984;0.6112931,-1.6507896,1.0948792;-1.0017173,1.3897182,-1.3416451;0.10276445,-0.40592688,-0.147999;-0.25648922,0.4049638,0.5230408;-1.0278995,0.3039469,-0.77379847;-1.5180384,-0.2006272,-0.032344047;-0.4312499,0.041088913,0.68419576;-1.3690218,-0.006564476,0.21502809;0.6733782,1.2778422,-0.80092746;-0.009936152,0.5758205,0.041140996;0.3584464,1.1043626,-0.79072464;1.5721822,0.714416,-0.27175266;1.7367512,0.06594029,0.38498372;0.3145221,1.1460869,-0.9044346;-1.0027647,1.2033434,-1.7802789;0.5386966,0.9300451,-0.6878164;-0.14121222,0.4598633,0.29160857;0.22128034,0.44382504,0.042527925;1.2923822,-1.060299,1.1080188;-0.23592678,0.9146906,0.39889038;-2.1578808,0.018051699,-0.6324781;-0.3382016,-1.1087134,1.0617164;1.2355944,0.6282582,-0.0022257324;1.2990708,0.80568975,-0.63933474;1.7842772,0.054541774,0.75332844;0.60056686,-1.9453008,1.7049067;0.5905992,0.02353026,0.362081;0.0762657,-0.07017357,-0.5601047;-0.18394318,1.698472,-0.8558682;0.28856915,1.4573759,-1.0429156;1.162613,-1.9156688,1.3194147;2.1524074,0.10410872,0.7338706;-1.0851686,0.09199886,-1.0137832;0.71674484,1.7213156,-0.14530765;-0.8324997,-0.92005616,0.68570155;1.1546314,-0.64687,0.5672157;0.05151276,-0.6851206,0.8802879;-0.56042427,1.28947,-0.5702563;-1.496044,-0.25146905,-1.464165;-0.7094682,-0.8298893,-0.3455327;0.8602549,0.85476065,-0.07656165;1.2282488,0.4903062,0.3532155;1.6168513,0.71377903,-0.47140986;1.3063394,-1.0393937,1.093339;0.54038393,0.08046276,0.6790211;-1.2178396,0.09050077,-0.77217925;0.9496154,-1.7296324,1.7429295;0.5883207,0.21593626,0.9308573;0.66323787,1.5990608,-0.28745976;0.8187604,1.61782,-0.08377988;1.3364353,0.28089365,0.257692;1.0387708,-0.47876948,0.70954525;0.33124077,1.1924613,-1.0440196;-1.4269392,-0.7491337,-0.3684532;0.53769404,-0.08134374,-0.215273;0.17122409,-1.3621578,1.5142468;0.50287074,1.3060156,-0.8243672;-0.34932038,0.92495936,0.36814654;0.032118008,1.8366833,-0.71404576;-1.1166707,-0.48477888,0.35187662;-1.3480084,-0.34166723,-1.4344165;2.268012,0.7129304,-0.9373334;-1.0451711,-0.03458317,-1.2126057;-0.32151848,1.2045705,-1.5548897;-0.5943637,-0.3748598,0.031907767;-0.79714197,-1.1653951,0.49949127;0.39271924,-0.2971169,0.29356277;-1.5286591,-0.18601458,-0.2662063;2.2296855,0.6998839,-0.8481724;0.50390273,-0.95536613,0.8743231;0.018350754,0.3370121,-0.16083764;0.5060197,-0.6428393,1.0804081;-1.7925713,0.19885314,-1.287205;-0.5138661,1.2190053,-1.7890767;-0.5281469,0.6966047,-0.0161969;0.28488228,1.4143655,-1.0581974;0.43955305,-0.34681484,0.9640465;0.69150895,0.0526992,0.39037585;-1.1738416,1.1760811,-1.6823199;-1.350636,0.76177174,-1.6050403;-0.2832035,-0.8879679,1.2375461;0.66862714,-0.057879515,0.8901405;-0.15289252,1.2316254,0.25953984;-1.1948354,1.1651201,-1.6656555;-0.8897476,1.29839,-1.3643506;0.20479137,-0.53090435,0.9527938;-0.20377423,-0.030090474,0.524299;0.3157156,0.85278267,-0.99038863;-0.38323376,0.2095772,-1.028906;-1.4164082,-0.13755007,-1.0041738;0.031043785,-1.4650002,1.3199426;-1.3993443,0.25612375,-1.2934382;-0.14680144,-0.45266286,0.26183286;-0.4412661,1.2250676,-1.7399668;0.38173017,0.549659,0.25019184;1.3497734,0.6543514,0.41238153;0.8858966,-1.5230345,1.7819262;0.39993843,1.0215899,0.33756393;1.7690787,0.70218384,-0.1807364;-1.3926866,0.8131899,-1.8900521;-0.95212275,-0.8181868,0.64470464;-0.2537946,0.7163578,-0.5931828;1.5951053,0.69546115,-0.22863333;-0.60990584,0.16876167,0.6436868;0.67806214,1.6173601,-0.25861707;0.40926614,-1.6735642,1.0832614;-0.5463814,0.86147547,-0.6920591;1.3170857,0.7079323,0.38884264;-1.4942149,-0.33527827,-1.3999742;1.2218919,-1.9646827,1.997649;1.232739,-0.53563064,0.9022135;0.93244237,0.16734082,0.59257823;0.81834114,-1.7403083,1.4320637;-0.12359784,0.66274625,-0.038088266;-0.17676827,-0.6183039,0.033337865;-1.2138035,0.91742074,-1.9636887;0.8311561,-1.2469699,0.84607995;-0.4727333,1.2118744,-0.5664394;0.6750309,0.5200622,0.7717663;-1.3859863,0.7217923,-1.8741248;1.4335631,-1.9385259,1.8640263;-1.4261545,-0.06585629,-0.37382457;0.06922151,-1.8394386,1.2458631;-0.21104403,1.1853626,0.18365023;-0.30116904,0.86609215,-1.1811974;-0.45412692,1.0756686,-0.5223051;0.06571838,-0.9312982,1.2526001;-1.0780927,0.18638046,-0.6268683;-1.0069646,1.4456803,-1.1611674;0.41836986,0.27949166,0.6679723;1.169444,-2.014904,1.6259617;1.055654,-1.9557781,1.9932611;1.7237948,0.07494439,0.39575636;-0.038159978,-0.30935204,-0.3785028;-0.6998261,-0.44688377,0.49136484;1.4410872,-1.9275589,2.2193565;-1.4869363,0.48017493,-1.7245581;-1.3128147,0.85479796,-1.8080173;-0.052983154,0.6391056,-0.025888627;-0.5134987,0.3533474,0.29273587;-1.0083232,0.21129686,0.25208282;-0.18173482,0.19888294,-0.76792413;1.2174684,-1.8573903,2.0435913;1.2734953,0.9096945,-0.74785686;-0.20551006,-0.875769,1.3391113;1.2913313,0.78092456,0.30098096;0.93362254,-2.012927,1.608144;-0.6190107,0.59744,-0.026338717;-1.436654,1.1872548,-1.4891562;-1.4347816,0.6754807,-1.5505451;-1.5157665,-0.27463618,0.29568714;-1.5401931,-0.3468347,0.38867784;0.45565763,0.09845107,0.95671695;-0.64250106,-1.2461256,1.0296593;-0.60697544,-1.1735317,-0.02614004;-1.5197623,-0.7531692,-0.048502117;0.037323583,-1.7905816,1.227629;0.012145686,-0.055967823,0.76835257;-0.41413453,1.8985205,-1.2980624;-0.2909579,-0.19863366,-0.3773187;0.7189317,-1.6303316,1.8485134;0.69227314,-1.3889141,1.5271988;-1.4111805,0.61878026,-1.7902973;-1.0702897,1.4145187,-1.1259856;-0.89644855,1.2048712,-0.97565645;1.4182514,0.5930462,0.29379535;1.1487265,-0.46324348,0.6971553;0.9984501,-1.2171301,1.5230385;0.9316835,1.313526,-0.9344889;-0.93399966,1.2695415,-1.0009336;-0.5854657,1.1892099,-0.600258;-1.0838733,-0.068468966,-1.2522249;0.8525089,-1.6843234,1.9715898;-0.22128896,1.2078518,0.18568064;0.5379351,1.2208236,-0.7794181;0.6499663,1.0194005,0.3286451;0.72514313,-0.96709096,1.3882065;-0.18723355,-0.038565874,0.49664524;-0.6240444,0.16965064,0.64066297;-0.34990418,1.5920349,-0.6447135;-0.15833841,1.751902,-1.0511987;1.556232,-1.3484077,1.5321808;1.3898855,-1.5392662,1.8115449;0.017534247,0.06921471,-0.74035376;-1.1732773,0.52890974,-1.7948313;-0.5797484,-1.1653137,1.122207;0.47966307,-1.3762996,0.5654643;1.1329603,-1.636775,1.3631898;0.019290004,1.8386995,-0.7311366;0.5835623,1.2978672,-0.79476035;-0.47226372,0.37650734,-0.8591103;0.04359507,-1.3187392,1.428582;0.42501843,0.21052784,0.66117483;-0.90524113,1.2124183,-0.9680657;1.742553,-0.02676281,0.6486751;-1.7162217,-0.29215857,-0.41863614;0.9728119,-1.9384942,1.4077672;-0.9727273,-1.1228808,0.4614425;-0.30150208,1.4926366,-0.5677193;-0.29415587,1.5888481,-0.6460741;0.95347565,0.7095724,0.5309051;1.5787967,0.34418866,0.70316416;1.7559028,0.7379682,0.34384575;-1.2944578,-0.055577625,-1.3075811;-0.26205665,0.51439327,-0.9604909;0.119211674,-0.8866452,0.7292501;-0.026217448,-1.4251376,1.3159082;-0.5717512,-1.0854726,1.2504818;-1.2673159,0.47844368,-1.3627299;1.1402166,-1.8070366,1.9821781;-1.5657377,-0.25469995,-0.23744205;-1.6650711,-0.39695558,-0.80666703;1.3014929,-1.9956939,2.1487148;0.76878273,1.4233426,-0.22722545;-1.0238448,0.16023117,-0.6036353;1.0565417,-1.2332724,1.0916373;-0.6779915,-0.29502472,-0.022728387;-1.2089921,0.13859041,-0.72215873;-1.705067,-0.2019651,-0.18894129;0.13010873,1.5816597,-0.6693347;0.3759704,-1.7292445,1.1400958;1.924873,-0.08287752,0.6877466;1.4923253,0.5594835,0.39601994;-0.19026741,1.6999229,-0.9041482;-1.3682574,-0.14682919,0.28050148;-0.6568985,0.019081185,-0.0115943495;-0.56428295,0.3553567,-1.1778924;1.0254021,-1.67185,1.3876845;-1.3676591,-0.092279345,0.28041425;0.17307073,-0.30672926,-0.18785763;-1.0540879,1.3479866,-1.5810257;-0.48238438,1.3897121,-0.5075277;-1.289899,-0.19810931,0.101065844;1.7671595,-0.013979154,0.3717696;-1.3595892,0.8187319,-1.917624;1.3846375,-1.881044,1.5419108;0.82880485,0.4869319,0.69402003;1.2991315,-0.6427735,0.92475194;-0.36809215,1.8760836,-1.1308924;1.0772641,-1.9185002,1.3650991;0.014961317,0.6648793,-0.9804144;0.50098133,-1.2386881,1.3715608;1.307093,-1.1701838,1.3810018;-0.40208808,1.2219812,-1.6858062;-0.0037928296,0.7034468,-0.98194474;-0.0696839,-0.5608891,0.03368919;0.30898666,-0.33109725,-0.0353265;0.14544114,-0.063183315,-0.41564023;0.7638106,0.6208193,0.7152393;1.4602901,0.45980075,0.60632086;-0.98729706,0.041125875,-0.95792633;-0.5137784,-0.73049253,1.0451418;0.6133729,-0.35912672,1.0492753;1.8738577,0.69196576,-0.30119142;0.6407092,0.4131586,0.7164126;0.047875166,-0.8291655,0.16944179;-0.31318063,0.88982314,-1.2258202;-0.6927854,1.3231992,-1.2752041;2.1775434,0.6961551,-0.7995358;0.5265023,-1.7311631,1.4607453;-1.5951061,-0.35521698,0.16464677;-0.044118345,1.0046918,-0.21036856;-1.1686416,0.15126224,-0.51012635;-1.087707,0.31389937,-1.1292809;0.112086974,-0.008499375,-0.31115156;-0.14131024,-1.21077,0.2581576;-0.52925116,-1.3142145,1.2350657;-0.30586445,-1.1271242,1.1216162;0.04512031,-0.13271597,-0.58410096;-0.39501315,0.9130619,0.35756743;-0.19495355,0.84224886,-0.04172078;1.4624732,0.6925052,-0.47384912;-1.1817734,0.69798034,-1.5610049;0.42266393,1.3253783,-1.0051198;-0.14679477,0.8941271,-1.2104611;1.5239172,-0.09386425,0.66935515;0.116800845,1.882441,-0.8805701;-1.3845477,0.08516525,-0.7518614;-1.4708275,-0.31049743,-1.3910083;-0.7393846,-0.840452,-0.25036907;0.83146006,-1.5627536,1.3974334;1.3429168,-1.9496024,1.6388162;-0.16524483,0.009406357,-0.2874801;0.69494015,1.7518238,-0.16958219;0.12246819,-0.7442442,0.17667823;-0.4780711,-1.1335603,0.87823576;-0.49556944,1.0728352,-1.2839664;-1.3569062,0.7915876,-1.7384802;-0.35148048,1.2111342,-1.5991005;1.4957929,-1.8666456,1.5482005;-0.66447663,-1.1956472,-0.07877035;1.2484882,-0.41854927,0.70435184;0.10169384,1.2215211,-1.2328632;-1.0986674,1.1308739,-1.5465448;0.11984795,0.80655843,-0.63744617;-0.43532297,-0.015226732,-0.2678079;-0.19003987,-0.788126,0.65209347;0.97377616,-1.757503,2.0459013;-1.0494914,1.0941261,-2.1120558;-0.14392027,-0.92324203,0.593281;0.36864403,0.013355404,0.34498852;-0.5468221,0.32599628,0.23931576;-0.086410075,1.1242107,0.274772;-1.455051,0.7265433,-1.6267005;-1.775344,0.14756934,-1.2328047;-1.6778792,-0.18109141,-1.446972;-1.3854239,0.594513,-1.6547626;1.3000294,-2.0237439,1.6014831;-0.972578,1.1817106,-1.9952551;0.507192,-0.8511433,1.3216227;0.37154216,1.0271623,-0.17959341;0.15413293,-0.45174843,0.90089035;0.35825172,1.1971594,-1.1227082;-0.22875266,0.84183425,-0.108904965;0.78058934,1.5169083,-0.17667824;0.564055,-0.5396512,1.2743472;1.1701461,0.70229125,0.3830387;0.4381452,-0.041315757,-0.1797204;-1.0555922,1.208111,-1.8298128;-0.04365687,0.19159609,-0.88410443;0.05809539,0.3747186,-0.92934173;0.03473568,0.8810493,-0.97205067;0.41924763,-0.5416275,1.2107338;-1.6620958,-0.38836682,-0.7629788;0.59085613,-1.9500712,1.7237161;0.678625,-0.3523899,0.504085;0.023966325,-0.36065713,-0.33313254;1.0803387,-1.737152,1.7513772;0.5559426,1.097402,-0.732161;-0.2510254,1.1896104,0.15345946;0.68321806,-1.4347955,0.8162545;-0.39383262,1.7311851,-0.7512008;0.2202028,0.9428632,-0.9970574;-0.94848514,1.2594556,-1.0674388;0.1979375,1.5314957,-0.7115382;-0.6818694,0.015532985,-0.28364924;1.6590629,-1.7198046,1.5410957;1.0469617,-0.8575665,1.3863254;-1.6784307,-0.45173725,0.13680537;2.117397,0.7546762,-0.33098263;0.31436387,0.9080572,0.41558707;1.4533365,-1.7550197,1.8423218;-0.25406227,-0.58376044,1.1428308;-0.33435684,1.1626767,-0.34877145;0.05086349,0.9295472,-1.1715028;1.2838588,0.91077805,-0.22239566;1.1438168,-0.5234344,0.55370134;0.051273692,0.08922881,-0.72215426;2.2537117,0.7032097,-0.8792477;1.6423496,-0.1495622,0.3811019;1.5083239,0.7182066,-0.40050346;1.1387147,-1.0933478,1.5822204;-0.012377015,-0.18681705,-0.5923351;-1.2233274,-0.44248915,0.3475235;-0.53620625,0.9109187,0.22320779;-0.5313908,0.16303432,0.6336249;1.8824846,0.89762956,-0.31848148;-0.028133001,-0.5886143,0.6381279;-0.66951185,1.1446491,-1.4082506;-1.1275278,1.0163344,-2.0093253;-1.1137466,0.18398803,-1.058407;-0.12517841,0.35799184,-0.20525216;-0.68647665,-0.9495172,-0.11865376;-1.0077083,1.4372045,-1.1867313;1.3157924,0.6368783,-0.42100713;-0.3438417,0.3605522,0.39625138;-0.31936985,1.4434724,-0.56722945;0.91494215,-0.44500712,0.4206756;0.1366722,1.6332548,-0.73302066;-1.7290214,-0.20197856,-0.16318944;-0.1752276,-0.5429102,0.93359095;1.299391,0.34722683,0.35940522;-0.53600293,1.1078904,-0.5412419;1.2455738,-0.9145719,1.486235;1.7775477,0.3885033,0.41269916;-0.1962536,-0.42920527,0.24387342;-0.1910957,0.91932285,-0.2124596;-1.1405965,1.186665,-1.3974422;-1.668504,-0.38865563,-0.7756289;-0.49142906,-1.0351529,0.6144623;-0.94810116,0.24038173,0.3102184;0.13716589,0.06990258,0.29878294;0.4209033,1.2749475,-0.99521524;0.086267196,-0.3501116,-0.34417108;0.8298201,-1.3088872,0.83886397;1.0231379,1.408432,0.025663935;1.5227841,-1.2900659,1.5584457;0.3935017,1.7814008,-0.7807775;0.2662799,0.12452662,-0.16512494;1.2910578,0.9002527,-0.21340226;-0.34335747,-1.076148,1.0430647;0.14430799,-1.2208453,1.3064257;-1.6019535,-0.1804333,-1.4563166;0.88955384,1.3223956,-0.9651577;1.760378,0.73315877,-0.5470702;-0.95705,1.3294144,-1.3563668;-0.5940585,-1.2111392,1.0833918;-0.35035187,0.01271295,0.11764456;1.8919797,0.6888877,-0.31205174;-1.5456498,0.4483833,-1.311401;0.18518168,-0.4523776,1.0785109;1.3575963,-2.0123262,2.0584295;-0.0023132935,-1.7821604,1.2024297;1.3078896,0.7509092,0.36228138;-0.049591105,0.9501588,-0.06106072;0.51543075,-0.3269601,0.58370584;1.1104851,-1.8026042,2.0790367;1.0945888,-1.9397507,2.0580058;-0.7177887,-1.1742889,0.3561124;-0.6016198,-1.0678433,-0.07234627;-1.72435,0.18355674,-1.2488469;-1.5403473,-0.5067054,0.2117619;0.6933005,1.6658218,-0.11513502;0.32603487,1.9236547,-0.8840644;-1.189153,0.03720943,-0.80711955;0.21848613,-0.04551305,-0.38170353;-0.35809526,0.2022808,0.098283716;-0.56976426,-0.518928,0.32753354;0.2604633,1.0592684,-0.8072921;0.9071653,-1.5616441,1.2959104;-2.0978997,0.010904142,-0.60303813;0.33738127,1.9139065,-0.70421827;0.25512022,-1.5378247,1.685838;-0.2584775,0.21294346,-1.0364273;0.04322304,0.31763437,-0.96728307;0.08931587,-0.08009025,0.39293846;0.39407706,-0.6805805,1.1217685;-1.613781,-0.40331653,-0.7123296;0.47806248,1.338584,-0.9607855;-0.033491086,0.7376566,-0.918903;1.6135238,0.4502686,0.39343664;0.24981296,-0.71471864,0.7890354;-0.011166361,1.9106803,-1.1125406;-0.40502024,0.9968854,-1.2478008;-1.2099227,-0.05907531,-0.2787578;-0.27835256,-1.10421,1.1427736;2.1217287,0.7204986,-0.36934152;1.8431162,0.8529668,-0.48614126;2.2276888,0.6989521,-0.84386826;0.482891,1.3983864,-0.37717646;-1.0168647,0.13030921,-1.2014232;-1.3060327,0.39170977,-1.3331985;-0.53925437,-1.1435996,0.028561037;1.9224218,0.7414066,-0.38489038;-1.7826498,-0.27646396,-0.4425413;1.1049837,-1.6997436,1.3024883;-1.0152396,0.24194555,-0.4930767;1.5514059,0.68304574,-0.7508541;-0.038703952,-0.5821965,-0.028323373;1.0543036,-1.1176641,1.6168272;0.101118974,0.7264299,-1.0570838;-0.06864993,0.5149828,-1.0108507;-1.1002966,0.52431613,-1.5107259;0.6265431,1.3021705,-0.82742643;1.392057,0.55042285,0.52267903;0.5499774,-0.44355404,1.0565038;1.0672551,0.8564566,-0.087361224;-0.21935883,-0.91445416,0.5909056;-1.3909684,-0.007171657,0.242883;-0.3806135,-0.5816635,1.0453736;0.44005832,-0.017062694,0.7446574;0.52988756,0.027429562,1.0594317;-0.60123575,1.1818776,-0.5853277;-0.60821486,1.119921,-1.3501261;1.4561937,0.5885314,0.28062123;-1.0498219,0.016500631,-0.9375293;1.4490117,-1.9256,2.2291744;0.6489555,-0.21092308,0.897124;0.7209467,1.4934541,-0.22697307;-1.188397,-0.84876245,0.4267415;1.2163348,-1.5346832,1.4185072;0.11071683,-0.62997055,0.18797287;0.566941,-1.3429219,0.5293392;-0.15768343,0.8271032,-0.098758504;-1.6451306,-0.43786207,-0.66938514;0.80282193,-1.6074744,1.0958978;-0.054449808,0.28505957,0.16446981;0.16511384,-1.45286,1.5451232;1.3324995,0.81842333,-0.67530537;-0.12888777,1.0798675,0.3339287;-0.30422097,1.8121023,-1.0750014;-1.6953855,-0.24322917,-0.10697796;1.1111035,-0.6644392,0.5942891;1.9978644,0.70368636,-0.5698718;-1.748927,0.032559212,-1.2279211;0.171628,-0.66977143,0.87436485;1.602052,0.10354264,0.6956269;-0.7075831,-0.7639504,0.30081275;-0.5631305,1.213461,-1.8266785;1.285305,0.7320556,-0.54525626;-0.19113283,-1.0548558,1.4048104;0.043780867,-1.2139534,1.4118017;0.75998485,-1.869889,1.8511921;1.6582972,0.29457244,0.5936497;0.06882828,1.1685102,0.28586733;1.1128886,-1.0855713,1.589317;1.4532365,-1.2706643,1.5829066;0.641513,1.1017706,-0.77815044;-0.5300023,1.2156253,-1.8031166;-1.1373138,1.0407062,-1.6433495;-0.48287824,-1.1394291,0.10995975;0.7337112,-1.2029195,1.3453008;-1.491466,-0.76104844,-0.06718366;0.5821779,-1.2772776,0.46029887;-0.3756683,-1.0402681,1.3336067;-1.0073102,-1.0729847,0.46382445;-1.5304545,-0.76431406,0.0173418;-0.16228023,-0.83682215,1.2341667;0.8796549,1.9732423,-0.78318363;0.9571182,1.5073172,-0.011966548;1.7005081,0.6836618,-0.22343272;-0.89151895,-0.8626907,0.39975005;-0.559193,-0.9911996,0.6193422;-1.0250527,1.1175548,-2.1201203;-0.56111825,-0.80581033,1.0477237;-1.0713211,0.08553005,-1.0494398;-0.0074098185,-0.8762814,0.7227165;-0.5856877,0.7580382,-0.74083596;-1.2869384,-0.36130798,0.3293272;-0.83603907,1.0268989,-0.80813146;0.17206399,1.0891972,-0.21537054;0.038987443,-1.3798321,1.2548308;-0.09412757,0.91993487,-0.21660195;1.3017291,-1.0393496,1.0895623;-0.0496883,1.6746929,-1.0513474;-0.380697,0.7271068,-0.6667797;-0.09028227,0.94124806,-0.11555496;0.57447976,1.449775,-0.32815406;-1.0092925,1.2586157,-1.1872343;0.6085704,-0.121941164,0.79849106;1.9168123,0.6925597,-0.42477238;0.3891815,-1.1177547,1.3354229;-1.1156834,0.18811096,-1.080993;-0.43891618,1.0201125,-1.2692692;-0.50303936,-1.1732206,0.17986937;-0.8442803,-0.6164315,0.6496402;0.48168662,0.7724489,-0.05430062;0.5996407,-1.6016718,1.8686393;-1.0289795,1.2789931,-1.2280158;1.1734455,-0.88285965,1.4042287;0.52615213,1.0499138,-0.19235127;0.059042122,-0.55754197,0.8214396;0.5594602,-1.6757084,1.1044178;-0.23369522,0.83103454,-1.0943215;0.35266328,0.65891355,-0.852416;1.6396142,-1.6808714,1.5100526;0.054334443,-0.010389487,0.7511542;0.67400616,1.5853385,-0.27709654;0.75015193,1.9748937,-0.8283186;-1.5173808,-0.7244383,-0.13017811;1.3196421,-0.86622405,1.2190664;1.7696488,0.7737507,-0.53257895;1.9278896,0.14454387,0.5431371;-1.6913762,-0.2583774,-0.07591071;0.18110609,-0.14767353,0.35960105;0.5842176,-0.37954,1.0596571;-1.1237053,-0.83189017,0.40656063;-1.802226,-0.27047583,-0.4147238;-0.62255913,1.1332823,-1.3923658;0.5276733,-1.7909509,1.7513869;-0.38078022,-0.53075415,0.9636024;-0.15265736,-0.956118,-0.026624165;-0.339785,-0.69663376,1.1403962;-1.3906262,0.525587,-1.458652;0.17786497,-0.47569633,-0.12345253;1.1412979,-1.3389313,1.1377912;0.6072069,-0.19839622,0.91991293;1.3226537,-1.0390111,1.2844743;-1.3808998,1.181392,-1.4421929;0.33576894,0.45937544,0.20399517;0.35863775,0.66988856,-0.8514381;-0.21461469,0.6741228,0.0875647;0.09716721,0.77598715,-0.045533508;-1.4631397,-0.034195166,-1.4873017;1.1357874,-1.9913142,2.0273037;-1.7050415,-0.114381574,-1.0328245;-1.6490794,-0.26794928,-0.8305954;-1.379197,-0.8046556,-0.20726825;0.57340133,1.036348,-0.7030219;1.2560693,0.75010365,-0.5568983;1.5400743,0.6888365,-0.5646578;-1.1493325,0.78504896,-1.581186;0.52937883,-1.8133489,1.7624401;0.9024153,1.9733342,-0.774814;1.5975386,-0.21587351,0.38298085;-1.5294943,-0.66886336,-0.096702345;-0.13909008,-1.6877886,1.1818776;-0.89232296,-0.89548904,-0.23657891;-1.1225939,-0.55330217,0.38148332;-0.36912507,1.6525481,-0.7014194;-0.07931365,0.1199426,0.23601727;-0.4109234,1.0048838,-0.541774;-1.18028,0.55628484,-1.3892982;-1.0644009,1.0807421,-2.0916607;-1.6735402,-0.25190985,0.044257917;-0.30812773,0.20980042,0.16779064;-1.5621887,0.042463437,-0.6844052;1.3619118,1.0075132,-0.03127127;-0.70529103,-1.1694741,0.32074207;0.5248933,-1.3528985,1.7551268;1.6546031,0.19021322,0.44153106;0.13027763,-0.53684473,-0.13446134;-0.044750247,1.2759358,-0.50090843;2.1170366,0.6957381,-0.74112195;0.6745458,-0.2091156,0.4428004;0.16189358,0.73054373,-0.025638694;1.1315064,-1.3953513,1.771226;-0.5232719,-1.150998,0.07576959;-0.35297605,1.245975,-1.7278596;-0.12628885,1.1881119,0.23286526;0.032499567,-0.44924384,0.11350351;-0.735227,0.97188246,-0.7696758;-1.3624513,0.6265793,-1.6446742;-1.4935617,-0.3626278,-1.3070958;0.10618744,0.03884635,-0.69420373;-0.24882743,-0.83285916,0.4245033;0.121740356,-1.7801049,1.276225;-0.07865479,-0.021571888,0.7496109;-1.0280846,0.33324477,-1.1556711;0.984394,-1.7301102,1.9926629;-1.5538363,0.42912886,-1.7336043;-0.46559244,-0.5255305,0.39981055;0.06664081,-1.7067678,1.1451917;1.7779909,0.72903734,0.34403455;-0.42298877,-1.0494998,0.5545391;-0.6641216,-0.7431984,-0.18502156;0.28670162,-1.3270704,1.4801841;1.9618895,0.7957077,-0.36094695;-1.3906262,0.525587,-1.458652;-0.4940138,-1.0462883,1.2645342;0.9210049,-0.6938742,1.0493052;0.064806975,-0.19983241,-0.4398233;-1.2838123,0.5692195,-1.4831735;-1.0724057,1.2071737,-1.8146771;0.31255254,-0.50974005,1.1880785;1.2752159,-1.1198536,1.2631338;0.9235307,-0.39498043,0.56194735;-0.6358166,-0.32930118,0.008949177;-0.97687083,1.1774364,-2.0184753;1.2784342,0.6687337,-0.060772292;0.5875681,0.19676305,0.94201165;0.4097126,-0.5430583,1.2442224;-0.13873303,-1.3498453,1.4994065;0.30070767,0.6704967,-0.76840705;1.3452901,-0.82894737,0.9407418;-1.9087065,-0.02144595,-0.38544425;-0.7185338,-0.2738136,-0.3992695;0.6986339,-1.7091486,1.7558568;-1.4850662,0.6320058,-1.5711416;-1.0856197,0.2847381,-1.0417639;1.3855281,0.7422835,-0.6232352;1.1527903,-0.61675996,0.981;0.5235389,-1.589381,1.013069;-1.0503206,1.0926929,-2.1085951;-0.37992463,-0.65077025,0.11143923;-0.42241958,0.3314745,-0.062425796;-1.030126,1.3645337,-1.5612059;-0.9791788,0.68157774,-1.4069961;-0.2665823,0.3802537,0.5383178;-1.3637636,-0.19231248,-0.112933695;1.9353883,-1.7331426,1.5881151;0.2694239,-0.10316542,0.757346;-0.25887114,-1.0107572,0.5387328;-1.3970091,-0.027909603,0.24603073;-0.81370056,0.91619843,-0.7748139;-0.041629497,1.0931684,-0.09694749;1.0980421,-1.2771162,1.6471452;0.86939406,0.13908264,0.48568395;0.5386688,0.12830539,0.97092986;1.5376788,0.6673689,-0.770146;0.011222961,0.91576284,0.37525862;0.8657699,-1.7293397,1.1736137;0.41930032,-0.011501646,0.34944355;-1.3481629,-0.06954864,-1.3152771;0.52282125,-1.0596278,0.87491244;-1.6005654,-0.3358409,0.112422384;0.91686535,-1.7392701,1.9538697;-1.7407888,-0.09965641,-0.81218517;0.041744865,-0.35960227,-0.3326865;2.0834475,0.08349328,0.71606046;0.22434771,0.07441279,-0.37426403;1.2249845,-1.840943,1.6858969;-0.973529,0.34600717,-1.180091;-1.0356538,1.3991811,-1.1349213;-2.124972,0.019297149,-0.66666365;-0.25922796,-0.48503882,0.3141577;-1.2987903,-0.40235314,-1.362365;0.5637628,-1.042696,0.8859992;2.2357876,0.70130116,-0.85954976;-1.5119455,-0.027292956,-0.72786665;-1.3062369,-0.016485933,0.19865952;-1.5809869,-0.31466535,0.3214616;-0.21326798,0.8446079,0.0039014246;-1.0667387,0.29611427,-1.0503143;-1.3507493,-0.7691558,-0.3785001;0.49058238,-1.3913734,1.2538944;1.0782745,-1.2392691,1.6419097;1.8694968,0.7018341,-0.695487;0.40009475,1.3536651,-0.34396127;-0.28976062,1.5079467,-0.56427675;-0.46195087,-0.33669516,-0.3337389;-1.2424387,0.8046512,-1.7061207;-0.35760856,-0.40226534,0.25199455;-1.0572602,1.4332968,-1.3182622;-0.60091656,1.1503407,-0.5773738;-1.8967103,0.014530071,-0.38760623;0.7958165,-1.4353255,1.2898991;0.16672276,0.8812558,-0.59512985;-1.262227,0.46472704,-1.3571563;-0.6080359,0.06447228,-0.034779746;1.8676449,-0.00049384206,0.680167;0.92257065,-0.66826916,1.0178533;1.2633848,1.0659978,-0.04659888;2.1967087,0.69849366,-0.82369596;-0.4476086,0.3875488,0.33728763;-0.22227661,0.9203257,0.045613814;0.52689433,0.5328756,0.6713738;0.010364562,-1.914855,1.203734;-1.3888856,1.1783136,-1.4460738;0.33191028,-1.1413271,1.3227247;-1.52649,-0.7075392,-0.05271486;-0.4575354,-0.5018044,0.40607405;0.24454945,-0.4142401,1.0149295;-0.12648252,0.6115156,-0.0030141175;-0.15726277,1.7218609,-1.0286574;-0.6498689,-0.7468532,0.26472318;0.60284716,-1.3046505,0.4977148;0.07319978,-0.007870932,-0.5930185;-1.6656696,-0.38483295,-0.79634315;-1.7726169,-0.23447452,-0.14025038;1.1179036,-1.1530497,1.1581696;0.47347638,0.5544504,0.65261906;-0.49488568,0.38943917,0.23569576;-0.110818736,1.9713947,-1.075607;-1.8597064,-0.20830896,-0.4421003;-1.3103307,0.5172823,-1.5370331;-1.4150993,0.6980751,-1.6612723;0.9698326,-1.935431,1.953018;-1.2242849,0.44960052,-1.3231794;0.22140414,-0.2915207,-0.14398168;-1.0476626,-0.22423251,-1.2078025;1.0677027,-1.7684361,1.2339988;-1.0626943,1.0803794,-2.076955;0.26214352,1.922911,-1.024071;-1.3974832,0.081618376,-0.79373133;1.6616584,-1.8391908,1.6114792;-1.3241258,-0.28409624,-1.4608608;1.1459074,-0.6281917,0.77258533;0.65744203,1.7888879,-0.2057098;0.64294016,-1.7217386,1.8564763;0.86866826,0.8428662,-0.075113386;-0.12218459,-0.97128403,1.1300523;1.0307496,0.5867307,-0.644044;-1.1938249,1.3246093,-1.6802441;0.17079411,1.2897501,-1.1540595;-0.6488576,-0.30679354,-0.3974152;-0.5126584,0.32154366,-0.79365355;-1.2937177,0.839742,-1.8918447;-1.5344169,-0.1447635,-1.5514534;-1.8116512,0.095571674,-1.2260369;0.17913207,-1.7821435,1.3489307;-1.1219455,0.18562922,-0.59035593;0.07367151,1.0202334,-0.7502147;0.047459237,-0.23829642,-0.4534686;-0.4927797,-1.1482425,0.83261436;0.4600188,0.36329126,0.61659735;0.9293247,-0.382146,0.6550621;-1.8001707,-0.1458353,-0.99447495;-1.4404346,0.74681747,-1.6647171;0.85906106,-1.545794,1.699727;0.31986946,0.8789186,0.38976547;1.2359946,-2.0219092,1.5537454;0.6425972,-1.5913645,1.8232611;-0.3105322,0.94644773,-1.2479142;0.026388714,0.09578562,-0.7555796;0.011893762,0.13794169,-0.8091502;-1.6097132,-0.21915673,-0.052768707;-1.0735937,-0.59799224,0.3788162;0.46086654,1.8905596,-0.792042;-0.1785233,1.5599099,-0.5626742;0.32332274,1.3617297,-0.85967374;-1.4266744,-0.018771332,-0.39603725;-0.64978004,0.031395458,-0.049959213;-1.4594824,-0.31983683,-1.4297436;-1.1007094,0.51812047,-1.6399933;0.4394421,-1.6002834,1.7480861;-0.44646904,-0.96412563,1.2017074;-0.3677478,0.3236551,0.44927174;-0.9023503,1.2044055,-0.95454127;-0.3356921,-1.1776465,0.23422305;-1.1405175,-0.6424718,0.48980713;0.042868305,0.9402954,0.35435957;0.15144056,-0.45572594,0.1219796;-0.054739386,1.7832322,-1.1393421;-1.3695459,-0.39378867,-1.3923192;1.454362,-1.9184078,2.2315223;0.3510754,-0.6245055,0.3364225;-1.2826934,0.039130185,-0.42565775;-1.0240482,1.4373757,-1.190458;-0.79010606,-0.974802,-0.15016368;0.49559727,-1.3792318,1.7534451;1.2737205,0.65263873,-0.59728926;-0.29676294,0.69547504,0.1151816;-1.1019025,1.2107853,-1.7865839;0.49062696,-0.57280594,1.0752637;-0.7294882,-0.82498795,-0.32318702;-0.2365415,-0.9996934,0.6123196;-0.5769017,-0.052039508,-0.14732653;-0.46233627,1.0380633,-1.2901518;1.3095918,-1.5569755,1.8287947;-0.80104077,1.5155503,-1.1917397;-0.054178987,0.34190214,0.21033387;1.2194762,-1.1435921,1.1900866;0.26098782,1.9236767,-1.0246589;-1.1752243,-0.69210225,0.40800634;1.0070319,0.64266497,0.61059344;0.44717717,-0.48929211,1.2471005;-0.9539505,-0.8563322,0.44864127;-1.0363119,0.21443094,-0.7320206;2.0033946,0.63205475,-0.3911761;-1.6163496,-0.10125164,-0.96101224;1.3173884,-1.8090174,1.7220551;-1.377499,-0.77519345,-0.22716145;-0.09012696,0.7343333,-0.054459106;0.7426264,-1.5379481,1.3214707;1.2571925,-1.9413066,2.0976875;1.4205616,-1.9943705,2.0439568;0.5534989,0.969529,-0.7069216;2.110835,0.69675976,-0.71908736;0.18150929,-0.09825083,-0.4630096;0.10919462,-1.3873565,1.3278364;0.5598146,-1.631578,1.0103656;1.3158085,-1.8873092,2.1389496;-1.3910419,-0.06770062,-1.4399422;-1.6669605,-0.3079053,-0.80592746;-0.19079372,-1.1728624,0.9326279;-0.82859486,1.012809,-0.8047351;0.7500564,0.10545497,0.61746037;-1.1979948,1.176433,-1.6724721;-0.19002587,-0.33890212,0.23863195;0.039338853,-0.14630753,0.28233027;0.5485107,1.2189839,-1.0680255;0.55893517,-1.3706248,0.561836;0.6815713,1.7592883,-0.18416005;1.1123288,0.6279214,0.59187555;0.6469044,0.06514857,0.39792565;-1.3690767,0.024560742,-0.42214555;-0.0055191857,-0.47565672,0.2167815;0.1469759,1.2759631,-1.3313125;-0.40760565,-1.1668521,0.79786044;-1.2713711,0.31178313,-0.71414185;-0.30824095,-1.1624252,0.22057918;1.2627338,1.0340995,-0.05073749;0.34549925,1.9173985,-0.86972296;0.65068597,0.556355,0.7394759;1.2316974,-0.8727146,1.4571257;1.1831931,0.20723653,0.639623;0.87674624,-0.8400991,1.35099;-1.0730921,1.0702882,-2.0949907;0.6182287,-1.4423288,1.2537216;-0.5216212,0.3135536,0.2223469;0.048664153,1.0719912,0.20119804;1.259088,0.13991831,0.6367028;-1.0120418,1.4361671,-1.2069085;1.8443007,0.108119495,0.55856186;1.9197427,-0.10705661,0.70528656;0.084683925,-0.16987497,-0.403144;-0.37571904,-0.104510814,0.52240384;-1.6766856,-0.3567421,-0.8143366;0.1848983,-0.42633957,0.21075435;1.6033534,-1.7092108,1.454772;0.5262422,-0.4025951,0.6497218;-1.177835,1.3276446,-1.6242807;2.2731373,0.70364034,-0.89264137;0.5567415,-1.3592774,0.5449387;1.143583,-1.4212108,1.2237614;1.5003,-0.07910302,0.6435999;1.2246202,-1.3482574,1.1965623;1.717951,0.26589724,0.58636415;0.24295051,1.1749853,-0.02358751;0.5599488,-1.4014082,0.65637434;0.87116617,-1.3136526,1.1430255;0.37418845,0.7387057,-0.75255364;1.7733217,0.018027093,0.37458977;0.8902767,1.552728,-0.070483305;0.73216623,1.5032526,-0.13465826;-0.5468532,-1.1372445,0.7688988;0.17936975,-1.5453345,1.6207309;-0.1979334,0.8821797,-0.1273647;0.12106006,-0.024059042,0.30510175;1.6771752,0.7684838,-0.35211122;-1.6444668,-0.07362766,-0.7223516;1.4215366,-1.93192,1.4236403;-0.2731225,1.1828799,0.15001689;-0.1427021,0.71389014,-0.66714674;-0.15077913,1.0400248,-0.71455866;0.65362483,-0.3832887,0.5283883;-0.9212188,-0.9659804,0.41047013;-1.4717771,-0.36870453,-1.2890598;-1.9969974,0.040319886,-0.34069437;-0.07579191,0.30459782,-0.16230786;0.13999568,0.87983483,-0.5857308;0.0173361,-0.04226176,-0.47292966;-1.0314573,0.21758874,-0.72813773;-0.1115604,0.2032049,-0.9292621;-0.02763512,-0.47648245,0.21741283;-0.94351315,-0.17731448,-0.0996266;1.0730783,-1.4471636,1.0545564;-0.39792594,1.8982428,-1.2785606;0.6577948,1.770868,-0.20975976;-0.9113663,-0.85213286,0.63080055;-0.98583287,0.33860058,-0.87920046;-0.62506795,0.6722941,-0.7347857;0.306695,0.080361746,-0.15311459;1.0904031,-0.47504395,0.7015634;1.5625782,0.1484162,0.44958884;1.0109236,-1.7481035,1.7235;0.98566407,1.4429305,0.018956792;0.034722466,-0.3226869,-0.37622714;-0.87850296,1.0436581,-1.1471931;-0.9117032,1.3236846,-1.0166479;0.13720134,1.0227475,0.17967401;1.4888059,0.29824504,0.63542265;-1.0588741,0.27141342,-0.84964395;-0.6180673,-0.52569324,0.35522512;1.2242947,-1.9865503,1.5792155;0.56249964,-0.47424063,0.5530053;-1.3515344,-0.7118605,-0.30429104;-1.5257468,-0.16823444,-1.5277809;0.4431575,-1.3685327,1.7497518;1.420992,0.4559668,0.2223832;0.36770463,-0.51338786,1.2022337;0.89488685,-0.42035678,0.45537156;-1.6807549,-0.24121599,-0.06077011;0.30488375,-0.9533472,0.8099158;0.059548993,-1.4449083,1.4689782;1.2466394,1.0786737,-0.048239242;-0.20654783,-0.9815497,0.035774574;1.7243122,0.2503215,0.6010312;0.55412054,0.7874325,0.4541966;-0.933227,-0.75424683,0.41240707;1.3507473,-1.8279953,1.7187806;-0.9802931,-0.10250214,-0.113648966;-0.2579853,1.2274811,0.1693422;0.0040503712,-1.7038984,1.1278892;0.9477709,-2.0117254,1.480375;0.02853679,-0.3714044,0.14277159;1.1923985,0.7307358,0.386308;-0.25771174,1.8656305,-0.99323446;0.13897654,1.2537354,-1.1764181;0.18481237,0.6141522,-0.8631809;0.5749222,-0.49901572,0.5757398;0.10094998,0.49325368,-0.015608553;-1.4189273,-0.377568,-1.321925;-1.089196,0.5108668,-1.6509781;-0.35044116,-1.2492926,1.3807304;1.7982097,0.07879704,0.5258684;0.4896016,-0.03900866,0.6875233;-1.680514,-0.43334675,0.12655033;-1.7788126,0.012509536,-1.1928113;1.4580268,-1.9108399,1.8348384;1.0352019,-0.6223077,1.0141482;0.4214037,-0.46637458,1.2459639;-0.66151094,1.1412446,-0.5996861;-1.4281021,-0.77031565,-0.29788372;0.35617688,-1.7064505,1.071511;-0.18432407,-1.2370353,0.81980586;1.5015085,-1.8778561,1.6581765;-1.0398028,1.1047795,-2.1176143;-0.07234934,0.24175897,-0.98731583;0.03996472,0.0404115,-0.71429443;-0.2885107,-0.85553503,0.42400223;-1.274073,1.2507033,-1.6930948;-1.671543,-0.22015081,-0.9624101;1.3909014,-1.9020354,2.1857417;-0.34169522,-1.1478711,1.1583109;-0.5163605,-1.3269075,1.3266186;-1.7464827,-0.072980404,-0.8022996;1.6823846,0.22327068,0.6199294;-1.3447179,0.81719667,-1.9163775;-0.8275023,-0.91962737,-0.20092377;1.1509128,0.752987,-0.053770676;0.29896685,-0.060362313,-0.13857023;0.24800628,0.63721395,-0.85469323;-0.5534737,-1.2659925,1.2821198;-1.5199182,-0.7925952,0.037428256;-1.1629435,0.97514087,-2.0096698;-1.2178764,0.6633692,-1.8669826;-1.0224309,1.442923,-1.1712843;-0.32864368,1.1835489,-1.482073;-0.1370628,0.65620685,-1.0345055;-1.166633,-0.07600883,-1.4463364;-0.5073069,0.5501615,-0.010042799;-0.39304325,1.2204576,-1.6760406;-0.302034,0.3838251,0.5208302;1.4229205,-1.2107598,1.6412826;-1.012975,-0.8113369,-0.30496892;-0.5864859,0.45401233,-0.9002013
