data_set
babi-q1
num_classes
6
data_points
1000
model
saved_models/babi-q1-e0160.ckpt
color_schema
#4E79A7,#F28E2B,#E15759,#76B7B2,#59A14F,#EDC948,#B07AA1,#FF9DA7,#9C755F,#BAB0AC
test_accuracy
0.891
test_loss
0.3594278155565262
train_accuracy
0.954625
train_loss
0.12150952375307679
val_accuracy
0.919
val_loss
0.3019484831392765
labels
12,9,15,12,15,12,11,12,17,17,15,11,17,10,10,15,11,15,17,15,12,17,17,12,10,10,10,15,15,15,12,17,15,15,9,17,9,11,15,10,9,11,9,12,11,15,12,9,17,10,10,17,11,11,15,10,15,12,11,12,12,17,9,11,11,15,15,9,17,17,11,12,11,10,9,15,15,15,12,17,11,9,10,11,17,11,11,12,15,15,9,9,12,9,9,15,15,15,10,10,10,9,17,11,11,12,10,9,17,10,9,9,15,12,15,11,17,15,9,17,10,9,10,12,10,17,11,11,11,9,11,12,9,11,15,9,17,15,9,9,17,12,12,17,10,15,15,15,15,15,11,11,9,17,10,9,11,10,17,12,10,10,10,11,9,11,11,11,15,10,17,17,11,9,9,17,15,10,17,17,12,12,12,12,10,9,17,11,15,17,12,15,11,12,12,11,17,15,9,10,12,17,17,10,12,9,15,12,9,12,9,10,12,10,9,10,9,12,12,9,9,12,15,12,10,17,12,11,9,9,17,11,12,17,12,10,10,10,10,17,12,15,11,11,15,15,11,11,11,11,10,17,9,9,10,10,17,17,15,11,11,17,12,17,17,9,11,10,9,10,15,17,17,15,9,17,15,12,17,9,9,11,17,17,11,17,9,17,11,9,15,15,10,15,15,11,11,12,12,9,9,9,9,17,12,11,9,17,17,15,11,11,17,10,11,17,10,17,17,11,11,15,15,11,11,9,10,11,11,10,15,17,15,10,10,17,12,17,12,12,12,11,17,15,11,17,12,12,15,15,10,11,11,10,10,9,17,12,11,12,11,9,11,11,11,11,11,12,12,12,12,12,11,11,17,10,15,9,9,10,9,10,10,17,17,15,17,17,17,15,15,12,9,10,17,17,10,17,9,11,10,11,10,15,17,15,12,10,11,15,10,11,9,12,17,10,10,15,12,9,12,12,9,12,10,15,15,17,10,10,17,15,15,15,17,11,15,9,10,11,10,12,9,11,10,11,10,12,11,15,15,15,15,11,9,15,10,12,11,12,9,11,10,17,11,11,10,10,10,17,12,17,17,9,15,11,9,15,11,9,10,10,12,12,11,10,9,12,10,9,15,10,10,11,11,15,15,10,12,12,15,11,9,12,9,15,10,17,17,10,10,17,10,10,17,9,9,10,12,11,17,17,12,12,11,12,17,11,11,12,11,11,11,17,9,11,10,12,12,10,11,17,12,12,15,11,15,15,12,10,10,9,17,10,15,12,15,10,10,10,11,10,11,15,10,9,9,15,10,10,10,10,15,15,17,9,10,12,10,10,12,12,11,15,10,10,11,12,10,10,17,12,17,11,9,9,17,17,11,10,10,10,15,15,17,11,15,12,11,10,15,17,9,11,9,17,15,12,15,17,11,17,17,15,9,10,9,9,10,10,9,10,10,15,11,11,11,15,12,9,11,11,10,17,11,11,12,17,15,15,9,11,15,15,11,9,15,15,11,15,15,15,11,10,10,9,17,17,17,17,10,10,17,9,15,9,17,12,12,12,15,15,15,17,9,11,9,17,9,12,11,9,9,17,11,11,11,10,15,10,12,12,9,9,17,12,12,9,17,12,11,11,15,15,12,11,12,17,12,17,11,12,11,17,17,11,17,9,11,9,10,10,12,17,10,12,9,9,9,15,11,11,15,17,9,10,9,12,17,15,17,17,12,10,12,11,11,17,15,9,17,10,9,11,12,15,9,15,12,10,9,10,17,17,15,15,9,9,9,17,10,17,17,9,12,17,17,12,12,11,11,11,11,17,11,17,17,17,17,17,12,9,17,10,17,11,10,10,12,12,11,11,17,12,12,17,17,15,11,17,11,11,9,12,9,17,9,10,9,15,11,9,11,15,10,9,9,9,17,12,11,11,17,15,15,10,10,11,11,17,10,12,9,10,10,10,10,10,15,17,9,11,17,15,12,11,10,10,15,12,10,11,12,12,11,11,11,15,12,17,10,12,17,17,12,10,10,12,17,10,11,17,11,12,17,17,11,12,11,17,9,9,11,17,11,11,15,15,17,17,10,10,17,12,11,15,12,11,11,10,9,12,12,15,10,9,17,15,17,9,17,17,10,17,15,12,12,11,10,10,10,17,17,15,12,17,9,9,15,10,12,15,15,15,17,17,15,11,15,10,12,9,9,10,11,11,9,9,12,15,9,15,9,12,12,10,17,17,10,12,15,9,10,17,11,11,11,17,9,9,11,15,11,11,11,15,12,17,9,10
pred_labels
12,9,15,12,15,12,11,12,17,17,15,11,17,10,10,15,11,15,15,12,12,17,17,12,10,10,10,15,15,17,12,17,15,15,9,17,9,11,15,10,9,11,11,12,11,15,12,9,17,10,10,17,11,15,11,10,15,12,12,17,12,17,9,11,11,15,15,9,17,17,11,12,11,10,9,15,11,15,12,17,11,9,10,15,17,11,11,12,15,15,9,9,12,9,9,15,15,15,10,10,10,9,17,11,11,12,10,9,17,10,9,17,15,12,15,11,17,15,9,17,10,9,9,17,10,17,11,15,11,9,11,10,9,11,15,9,17,15,9,9,17,12,17,17,10,15,15,15,15,11,11,11,9,17,10,9,11,10,17,12,10,10,10,11,9,11,11,11,15,10,17,17,11,9,9,17,15,10,17,17,12,12,12,12,10,9,17,11,15,17,12,15,11,12,11,11,17,11,9,10,12,17,12,10,17,9,15,12,9,9,9,10,12,10,11,10,9,12,12,11,9,17,15,15,10,17,17,11,9,11,17,11,12,17,17,10,10,12,10,10,12,15,11,15,15,15,11,11,17,11,10,17,9,9,10,10,17,17,15,11,11,17,12,17,17,9,11,10,9,10,15,17,17,15,15,17,15,12,17,9,9,11,17,12,11,17,9,9,11,9,15,15,10,15,15,11,11,12,12,9,9,11,15,17,17,11,9,17,9,15,11,11,17,10,12,17,10,17,15,11,11,15,15,11,17,9,10,11,11,10,15,17,15,10,10,17,12,11,12,11,12,11,17,15,11,17,17,12,12,15,10,11,11,10,10,9,17,17,11,12,11,9,11,11,11,11,11,12,12,12,12,17,11,11,17,10,15,9,11,10,9,10,10,17,17,15,17,17,17,15,15,12,9,10,17,17,10,17,9,11,10,11,10,15,17,15,15,12,17,15,10,11,9,12,17,10,10,15,12,9,12,12,9,17,10,15,15,17,10,10,17,15,15,15,17,11,15,9,11,15,10,12,9,11,10,11,10,12,11,15,15,15,15,11,9,15,10,12,11,12,9,11,10,17,11,11,10,10,10,17,12,17,17,9,15,11,9,15,11,9,10,10,12,12,11,10,9,12,10,9,15,10,10,11,10,15,17,10,12,12,15,11,9,12,9,15,10,17,17,10,10,17,10,17,15,9,9,10,12,11,17,17,12,12,11,12,17,11,12,12,11,11,11,12,9,11,10,12,12,10,11,17,12,12,15,11,15,15,12,10,10,9,17,10,15,12,15,10,10,9,11,10,11,15,10,9,9,15,10,15,10,10,15,15,17,9,10,12,10,9,12,17,11,15,10,10,11,12,10,10,17,12,17,11,9,9,17,17,12,10,10,10,15,15,17,11,15,12,12,10,15,15,9,11,9,17,15,12,11,17,11,17,17,15,9,10,9,11,10,10,9,10,10,15,15,11,11,15,17,9,11,11,10,17,11,11,12,17,15,11,9,11,15,15,11,9,15,15,11,15,15,12,11,10,10,9,17,17,17,15,10,10,17,9,15,9,17,12,12,10,15,15,15,17,9,11,9,17,9,12,11,9,11,17,11,11,11,11,15,10,12,12,9,9,17,12,12,9,12,12,11,11,15,15,12,11,12,17,15,17,11,12,10,17,17,11,17,9,11,9,10,10,12,17,12,12,9,9,9,15,11,11,15,17,9,10,9,12,17,15,17,17,12,10,10,11,11,17,11,9,17,10,9,11,12,15,9,15,12,10,9,10,17,17,11,15,9,9,9,17,10,17,17,9,12,17,17,12,12,11,11,11,11,17,11,17,17,9,17,17,12,9,17,10,17,11,10,10,12,17,11,11,11,12,12,17,17,15,11,17,11,11,9,12,15,17,9,10,9,15,11,9,11,15,10,9,9,9,17,17,11,11,17,15,15,10,10,11,11,15,10,12,9,10,10,10,10,10,15,17,9,11,17,15,17,11,10,10,15,12,10,11,12,12,12,11,11,15,15,17,10,12,17,15,12,10,10,12,12,10,11,17,11,12,17,17,11,12,15,17,9,17,11,15,11,11,15,15,12,17,10,10,17,10,11,15,12,11,11,10,9,12,12,15,10,9,17,15,17,9,17,17,10,17,15,12,12,12,10,10,10,17,17,15,17,17,9,9,15,10,12,15,15,15,17,17,15,11,15,10,12,9,9,10,11,11,9,9,12,17,9,15,9,12,12,10,17,17,10,12,15,9,9,17,11,11,11,17,9,9,11,15,11,12,15,15,12,17,9,11
pred_correctness
True,True,True,True,True,True,True,True,True,True,True,True,True,True,True,True,True,True,False,False,True,True,True,True,True,True,True,True,True,False,True,True,True,True,True,True,True,True,True,True,True,True,False,True,True,True,True,True,True,True,True,True,True,False,False,True,True,True,False,False,True,True,True,True,True,True,True,True,True,True,True,True,True,True,True,True,False,True,True,True,True,True,True,False,True,True,True,True,True,True,True,True,True,True,True,True,True,True,True,True,True,True,True,True,True,True,True,True,True,True,True,False,True,True,True,True,True,True,True,True,True,True,False,False,True,True,True,False,True,True,True,False,True,True,True,True,True,True,True,True,True,True,False,True,True,True,True,True,True,False,True,True,True,True,True,True,True,True,True,True,True,True,True,True,True,True,True,True,True,True,True,True,True,True,True,True,True,True,True,True,True,True,True,True,True,True,True,True,True,True,True,True,True,True,False,True,True,False,True,True,True,True,False,True,False,True,True,True,True,False,True,True,True,True,False,True,True,True,True,False,True,False,True,False,True,True,False,True,True,False,True,True,True,True,False,True,True,False,True,False,True,True,True,False,True,True,True,True,False,True,True,True,True,True,True,True,True,True,True,True,True,True,True,True,True,True,True,True,True,True,True,True,True,True,False,True,True,True,True,True,True,True,True,False,True,True,True,False,True,True,True,True,True,True,True,True,True,True,True,True,True,False,False,True,False,True,True,True,False,True,True,True,True,True,False,True,True,True,False,True,True,True,True,True,False,True,True,True,True,True,True,True,True,True,True,True,True,False,True,False,True,True,True,True,True,True,False,True,False,True,True,True,True,True,True,True,True,False,True,True,True,True,True,True,True,True,True,True,True,True,True,False,True,True,True,True,True,True,False,True,True,True,True,True,True,True,True,True,True,True,True,True,True,True,True,True,True,True,True,True,True,True,True,True,True,True,False,False,False,True,True,True,True,True,True,True,True,True,True,True,True,True,True,False,True,True,True,True,True,True,True,True,True,True,True,True,True,True,False,False,True,True,True,True,True,True,True,True,True,True,True,True,True,True,True,True,True,True,True,True,True,True,True,True,True,True,True,True,True,True,True,True,True,True,True,True,True,True,True,True,True,True,True,True,True,True,True,True,True,True,True,True,True,True,False,True,False,True,True,True,True,True,True,True,True,True,True,True,True,True,True,True,True,False,False,True,True,True,True,True,True,True,True,True,True,True,True,True,False,True,True,True,True,False,True,True,True,True,True,True,True,True,True,True,True,True,True,True,True,True,True,True,True,True,True,True,True,True,True,False,True,True,True,True,True,True,True,True,True,False,True,True,True,True,True,True,True,True,True,False,True,False,True,True,True,True,True,True,True,True,True,True,True,True,True,True,True,True,False,True,True,True,True,True,True,True,True,True,False,True,True,False,True,True,True,True,True,True,False,True,True,True,True,True,True,True,True,False,True,True,True,True,True,True,False,True,True,True,False,True,True,True,True,True,True,True,True,True,True,False,True,True,True,True,True,True,True,True,True,True,True,False,True,True,True,True,True,True,True,False,True,True,True,True,True,True,True,True,True,False,True,True,True,True,True,True,True,True,True,True,True,True,False,True,True,True,True,False,True,True,True,True,True,True,True,True,True,True,False,True,True,True,True,True,True,True,True,True,False,True,True,True,False,True,True,True,True,True,True,True,True,True,True,True,False,True,True,True,True,True,True,True,True,True,True,True,True,True,True,True,True,True,True,True,False,True,True,True,False,True,True,True,True,True,True,True,True,True,True,True,True,True,True,True,False,True,True,True,True,True,True,True,True,True,True,True,True,True,True,True,True,True,True,True,True,True,True,False,True,True,True,True,True,True,True,True,True,True,True,False,True,True,False,True,True,True,True,True,True,True,True,True,True,True,False,True,True,True,True,True,True,True,True,True,True,True,True,True,True,False,True,True,True,True,True,True,True,True,True,False,True,True,True,True,True,True,True,True,True,True,True,True,True,True,False,True,True,True,True,True,True,True,True,True,False,True,True,True,False,True,True,True,True,False,True,True,True,True,False,True,True,True,True,True,True,True,True,True,False,True,True,False,True,False,True,True,True,True,False,True,True,True,True,False,True,True,True,True,True,True,True,True,True,True,True,True,True,True,True,True,True,True,True,True,True,True,True,False,True,True,True,True,True,True,False,True,True,True,True,True,True,True,True,True,True,True,True,True,True,True,True,True,True,True,True,True,True,True,True,False,True,True,True,True,True,True,True,True,True,True,True,True,False,True,True,True,True,True,True,True,True,True,True,False,False,True,True,True,True,False
p2d-kl
0.5335878133773804
p2d-iter
599
p2d
1.804136,1.0942937;-1.0124315,0.34348267;-0.029597988,1.1705408;1.468628,0.85880345;-0.04837031,1.494804;1.5675482,1.1450807;0.6310302,-1.2877344;0.76306754,0.80281675;0.53790045,0.24879819;-0.71737343,0.14513217;-0.03688031,1.6564542;0.27911094,-0.8105412;0.44626123,0.01893367;-0.62951165,-1.4891722;-1.0237007,-0.26498598;-0.05092691,1.1724583;0.5077776,-1.0242958;-0.15176438,1.8437593;-0.708831,-0.15653224;0.28728867,0.13426472;1.5521027,1.1320826;1.4187968,-0.14670455;1.0909079,0.35501644;-0.7986057,0.09897369;-1.092784,-0.25707555;-0.5166995,-1.9220337;-0.50686216,-1.9699578;-0.12933283,1.6093743;0.2426869,0.2652018;-0.8643304,0.12810396;1.3934923,0.7659772;1.6372426,-0.06331177;-0.09923535,1.7559761;-0.15693259,1.723757;-1.7248063,1.3978127;1.27943,-0.1881913;-1.4301735,0.7514276;-0.07328437,-0.58387697;0.24574845,0.5071876;-0.4357593,-0.4889602;-1.5762135,1.3456599;-0.11437814,-0.6688544;-0.98581266,-0.1795317;0.45815894,0.36839253;0.051210415,-0.52753544;0.026775641,0.53148377;0.28126198,0.17018151;-1.7059273,1.4461255;1.1794409,-0.21375826;-1.0600598,-1.4077947;-0.9758712,-1.567443;1.4311105,0.066352166;-0.018938847,-0.57785875;-0.82863164,-0.15399633;-0.9463964,-0.0818936;-0.5167596,-1.9567409;-0.002505527,0.8084233;1.1185166,0.99902886;1.0561205,0.5794626;1.6856724,0.47099453;1.7198685,1.0005533;1.2181247,-0.2185212;-1.6186361,1.5182413;-1.165319,-4.7081372e-05;-0.8728601,0.0088567035;-0.13778745,1.9209679;0.043040615,-0.29426438;-1.35249,-0.10433432;1.5944465,0.056861974;0.30811134,0.6081528;0.66698724,-1.4492903;1.4191948,0.80432177;0.43014628,-0.9304166;-1.127247,-1.4477738;-1.6929728,1.4669521;-0.15211298,1.9262851;-0.32641762,-0.28703097;-0.020237386,1.7109876;0.84308165,0.5467318;1.6128452,-0.12424611;0.7047628,-1.3609152;-1.6369544,0.78044236;-0.87441385,-1.7871064;0.11804658,0.20421521;1.6572388,-0.03623789;0.62987405,-1.3729041;0.6391007,-1.3342229;1.7142103,0.99422586;-0.09137143,1.9304188;-0.22314943,1.8977653;-1.6705053,1.403098;-1.624291,1.1185673;1.0436426,0.87233925;-1.5376298,0.8555354;-1.2942617,0.046824522;-0.08715581,1.0947745;0.073836125,0.78779763;0.00400878,1.1481664;-0.65212876,-1.5237795;-1.1214592,-0.33776692;-0.8168543,-1.9379874;-1.5838853,0.73964757;1.6621939,0.34351715;-0.7231103,-0.3953776;-0.9736424,-0.053967074;1.3801117,1.1603547;-1.1125494,-1.3601314;-1.3564578,0.0018580742;1.438018,0.31105414;-1.0389144,-1.5790062;-1.3767308,0.844246;-0.8640147,0.0952699;-0.16289064,1.8316959;1.5024941,1.0515735;0.16242126,0.7832087;-0.033595923,-0.62783605;0.88366336,0.31040224;0.123795025,0.82318974;-1.2581451,0.0034061384;0.5005885,-0.0151452655;-0.9765365,-1.5098177;-1.6314056,1.2506766;-1.2803962,-0.12284834;1.2332901,0.5370499;-0.4719538,-1.8722665;1.6213564,-0.048505064;0.4321938,-0.9543402;-0.3823717,-0.19324069;0.7343789,-1.3036394;-1.6409187,0.71636546;0.7628007,-1.4422303;-0.46832705,-1.4534951;-1.3983942,0.6713969;-0.65886116,-0.36084637;-0.6183521,-0.19243373;-1.6312596,1.5002618;1.7606498,0.34209013;-0.019291699,1.7625415;-1.6405271,0.7329309;-1.0066464,0.23274224;1.0442462,-0.1950517;1.4230938,0.8844726;-0.5257188,0.0092813065;1.2006931,0.392819;-1.2320722,-1.374559;-0.07438817,1.8460796;0.1869885,0.48331067;-0.10740307,1.2907588;0.027990628,1.2130615;0.022415359,-0.19516109;0.45029616,-1.071291;0.29917523,-0.93409806;-1.0178539,0.22045548;1.5083276,0.33300108;-1.0005604,-1.4496342;-1.526834,0.8779484;-1.019565,-0.14666152;-0.45103917,-1.6138507;1.0287057,-0.25983477;1.0444437,0.7844802;-0.46120247,-1.9128166;-0.40258902,-0.7907574;-1.0547144,-1.4525362;-0.00545425,-0.6262392;-1.2219666,0.31025082;0.71331906,-1.3206525;0.1890439,-0.3397959;-0.22006097,-0.24906158;0.05189605,0.8752698;-0.92224425,-1.6508824;1.4355787,-0.17940263;0.47190276,0.009775563;0.19139212,-0.3421084;-1.57234,0.812293;-0.9527475,0.33427662;1.4142429,-0.090155296;-0.04058027,1.2179829;-0.6468348,-1.8750463;1.0654155,-0.1250747;0.68980384,0.21236798;1.4198053,1.1491454;0.5217213,0.39698654;1.2889134,1.1379822;1.3373727,1.1205828;-0.8986606,-1.6612068;-1.6196483,1.4734484;1.8006308,0.36595237;-0.12950146,-0.676076;0.11217342,1.0634091;1.7623713,0.41079444;1.5429305,1.200775;-0.038501613,1.8427216;0.73590285,-1.2150496;1.6832293,0.999885;-0.49294257,-0.27733207;0.76644,-1.5448961;-0.6035233,-0.6528268;-0.4485346,-0.21567658;-1.4245474,0.78783864;-1.0587376,-1.5496567;1.4666393,0.79281056;1.1083109,-0.25228164;0.33441848,0.18910722;-1.1320702,-1.3877448;0.72184306,0.29846194;-1.627647,1.3772141;-0.016338844,0.8742257;1.834199,1.0991721;-1.277027,0.2652763;0.21851589,-0.083947524;-1.5579605,0.8442828;-1.1680241,-1.3990936;1.265964,0.5755683;-0.45600048,-0.870496;-0.9547029,-0.21087754;-0.58746815,-1.6640922;-1.4957056,0.7936544;1.4595133,1.1063379;1.7224684,0.94755936;-0.47314423,-0.20192164;-1.4225904,0.61071295;1.1312422,0.4425707;-0.01694032,1.7979206;0.09613885,0.34533358;-0.9419491,-1.6747344;1.1377836,-0.24294578;0.37284794,-0.063852556;0.48259717,-1.0971885;-1.5087545,0.8121031;-0.91170824,0.34062353;1.1139032,-0.1954529;-1.0944513,0.0029781708;1.4884058,0.82912815;1.493978,-0.22964841;0.6030285,0.22033456;-0.84567565,-1.8531712;-0.4047317,-1.6549231;-1.3228743,-0.1764484;-1.1515179,-1.4737808;-0.7106139,-0.7391995;1.1381707,0.9862591;-0.07384051,1.6243172;0.7593639,-1.1996052;-0.60318446,-0.22410242;-0.028194126,1.0951538;-0.11186387,1.8604041;0.5180846,-1.1636989;0.03206287,-0.40671563;0.3215224,-0.07188369;0.030367652,-0.41586563;-1.0898671,-1.46536;-0.56102574,-0.6370637;-1.6465284,0.86327106;-1.3268265,-0.051997583;-0.80313635,-1.8582491;-0.9019277,-1.8062336;1.3606491,-0.065633036;0.68827635,0.28764036;-0.06467414,0.50167847;0.6781796,-1.3220133;0.8053798,-1.6072608;0.851289,-0.22653838;1.3360496,1.0704216;1.0363884,-0.21033944;0.8287838,0.2849972;-1.545434,0.81841004;0.034296736,-0.657434;-0.54597956,-2.0122638;-1.0409698,0.29994586;-1.2502977,-1.2862886;-0.12077765,1.7851324;1.5702741,0.22473618;0.24043149,0.11623101;-0.25147218,1.8768156;0.06702795,0.09768258;1.4699622,0.18916905;0.020416295,0.112676665;1.6375458,1.00424;1.7243745,0.41561544;-1.4211255,0.5988418;-1.571732,1.3542813;-0.07262655,-0.6678729;0.8016436,-0.20799631;0.6379879,0.32219884;0.66281086,-1.1730059;1.3281121,-0.18204346;-1.3602835,0.43579653;-1.4005053,-0.13614929;0.43740022,-0.92122394;-1.5532789,0.71946377;-0.1119398,1.9366544;0.18168274,0.28913966;-1.0125167,-1.586594;-0.10874525,1.5937505;-0.15488937,1.5895241;0.30070665,-0.8947731;-0.5465399,-0.29288486;0.40880975,0.2846396;1.4204243,0.8802196;-1.3933591,0.5383849;-1.6483587,1.4597346;-1.0027987,-0.126446;-0.6884454,-0.1673494;1.2595347,-0.19461995;1.3147904,0.47096938;-0.084788375,-0.6779989;-1.589188,1.04555;1.4855204,0.329149;-1.366187,-0.1598215;-0.0653785,1.5530517;0.40737832,-0.96563077;-0.5676473,-0.29348025;0.4597764,-0.0919;-0.6354522,-1.9484195;-0.4754144,-0.51660097;1.3601182,-0.15638913;-1.0886527,-1.3477873;1.5220876,-0.10591582;1.0009989,0.53777033;0.11877617,-0.4022279;0.73787284,-1.4694418;-0.08796198,1.6718457;0.08150645,0.2699533;0.6902851,-1.0594335;0.235325,0.21867535;-1.5922747,1.4000739;-0.575542,-1.7564337;0.82967955,-1.4267719;0.0926655,-0.25701475;-0.40465125,-1.6688343;-0.072510265,1.2157114;1.1154749,-0.22525755;0.15468526,0.8107128;-0.49063322,-1.5265474;-0.4980197,-0.6940577;1.6874012,0.2455769;1.0827361,1.0039405;-0.9523986,-0.039895583;1.2825307,1.0838205;-0.8948608,-0.1700929;1.5623347,1.1749257;0.78011644,-1.5101398;0.83113307,-0.20801255;-0.019565234,1.8289455;0.4956853,-1.1265209;1.315514,-0.18084083;1.3299161,0.4331379;1.1091934,1.0502579;-0.4505938,-0.6215069;-0.099734545,1.8226118;-0.50743604,-2.0100965;-0.24085517,-0.3379317;0.7422422,-1.2535108;-0.9476984,-1.7540995;-0.69480926,-0.78303146;-1.474863,0.6578553;1.6691473,-0.018685257;0.9357277,0.30938864;0.5632651,-1.2418917;1.4125717,1.0934192;0.5556015,-1.0058641;-1.5209429,0.56634104;-0.73655885,-0.43829483;0.20198101,-0.37824175;-0.75885445,-0.35420492;0.8203899,-1.5453385;0.33570954,-0.65382344;1.0400517,0.9583917;1.7373034,0.9836213;0.26322657,0.05118322;1.2079747,0.96102077;0.63644105,0.2707677;-0.11090109,-0.5790186;-0.4205514,-0.35728723;1.0965486,-0.21917422;-0.7923043,-1.7242557;-0.0868034,1.7385885;-1.648999,0.82981014;-0.8846692,-0.02092288;-0.545319,-1.6343915;-1.6064973,1.4708709;-0.49512163,-0.7284858;-1.3288736,-0.2325168;1.0863705,0.39417243;1.3346926,0.4367259;-0.005284372,0.7237291;1.2606466,-0.12765954;0.8699399,-0.21683621;-0.62241477,-0.6951893;-0.10102921,1.1278793;-0.056465186,1.7022061;1.1542547,0.9586343;-1.3871586,0.43207106;-1.1720296,-1.3107681;1.7697726,0.40553188;1.4457941,-0.14526883;0.9948101,0.6421581;1.8323063,0.45144808;-1.5503427,0.9908068;-0.7011793,-0.44744873;-0.8919855,-1.8151582;0.7706903,-1.6197357;-0.5163636,-1.8189048;0.061881725,1.218923;1.6299937,0.008273945;-0.02977582,0.473144;0.25767982,0.5048502;0.6203909,0.30792275;0.26457486,0.001695813;-0.10669252,1.1109432;-0.7352692,-2.0026019;0.57537323,-1.2902827;-1.6610492,1.3388358;0.71248573,0.7799287;1.3475088,-0.12351966;-1.2100286,-1.3619889;-0.4448501,-0.8364859;0.016990978,0.86796194;1.1386633,0.51784426;-1.5514239,0.64400053;0.59937674,0.377443;1.0201218,0.56891817;-1.6160594,1.2147788;-0.50852185,-0.63333195;-1.1306962,-1.5474532;-0.008170292,1.0213244;0.0066953753,0.1566451;0.77794933,-0.26250312;-0.7484458,-1.955098;-0.4465159,-0.8123935;1.4855349,0.17012694;-0.029186558,0.88461375;-0.0028751004,0.9470152;-0.4328625,-0.4451403;1.506132,-0.19461273;0.712579,-1.4895993;-0.7712911,-0.15581188;-1.2796831,0.3957759;-0.87124455,-0.05621105;-0.34260637,-0.29171672;-0.50361747,-1.9220418;1.7712114,0.97853464;-1.215618,0.29382592;-0.05724055,-0.49702394;-0.9082439,-1.7262338;-0.66201603,-0.40482545;-0.6137116,-1.411691;0.8635269,0.82500637;-0.194233,-0.4086521;-0.083468564,1.9991622;-0.032802958,1.6073414;0.05946336,0.37472606;-0.095865406,2.0100133;0.31426376,-0.9505618;-1.5550383,0.6483254;-0.025277365,1.6533056;-1.0344017,-1.4997073;1.7741264,1.0527343;0.49992144,-1.2219405;1.502147,1.1192341;-1.4532715,0.68803674;-1.0708747,0.035253517;-0.63941514,-1.4619743;1.4044818,-0.1711556;0.67474514,-1.05266;0.6916535,-1.2853565;-0.9783449,-1.7057618;-0.40620577,-0.5290581;-1.2116755,-1.34739;1.592002,-0.008017906;1.8176786,1.0185395;1.2135626,-0.098363645;0.663626,0.2204137;-1.4023141,0.945992;-0.06415058,1.8104087;0.3626052,-0.9852546;-1.7124177,1.5439457;0.030147173,1.1280444;0.48379433,-0.9892091;-1.5083637,0.7304336;-0.52646685,-1.8771963;-0.39502788,-0.7847066;1.8209169,0.99552536;1.2943254,0.5669377;0.3367137,-0.6898958;-1.2096347,-1.3860232;-1.6917477,1.3881171;1.0537484,0.94169086;-0.60761064,-1.9935018;-0.9314878,0.34118032;-0.10428503,1.9100251;-1.0581173,-1.541107;-0.5414337,-1.512047;-1.0243416,-0.18699668;-0.4179984,-0.6934075;-0.0019399604,0.85983086;-0.42160654,-0.11088401;-0.77074367,-1.8941039;1.0330845,0.9707907;0.5118055,0.29665446;-0.103248216,1.5461363;0.017427737,-0.45282114;-1.341219,0.3922213;1.827745,1.0731585;-1.409006,0.8828103;-0.041795567,1.617781;-0.6479488,-1.6802022;0.76918286,-0.17304897;0.3405762,-0.05412611;-0.93549865,-1.6285397;-0.82491744,-1.8889954;0.9191584,-0.21257418;-0.60407937,-1.6030849;-0.5990271,-0.7197639;0.28747472,0.39371297;-1.672988,1.5625917;-1.2934105,-0.011262017;-0.4118702,-1.6242954;0.75681084,0.80123156;-0.74121064,-0.3954169;1.1802434,-0.14284585;1.7276961,0.3889159;1.4798408,0.8430601;0.15692039,-0.06312123;0.70801234,-1.1746737;1.5235798,1.1474918;1.5450754,-0.09115693;0.6730023,-1.0312881;0.25483173,0.15454046;1.317552,1.0974301;0.78519547,-1.594848;0.17242764,-0.39610744;0.50478166,-1.1730394;-0.66991735,-0.67559004;-1.3638537,0.28825727;0.729269,-1.524436;-0.7686029,-1.9437423;1.2464505,0.92945296;0.45158085,0.3062386;-0.69693476,-1.9445903;0.7478003,-1.569327;1.4587052,0.22483197;1.256756,1.048782;1.40554,1.0335126;-0.016168008,1.1372827;0.66762954,-1.4040091;0.07674111,0.55836284;-0.75955,-0.17048231;1.6720731,1.0497633;-1.1085838,-1.3301452;-0.51009643,-2.0248387;-1.4077463,0.49770373;1.4057912,0.28766358;-0.35208812,-1.5613859;-0.0028143125,1.2636411;1.5096036,1.1819037;-0.015837401,0.48316637;-0.59084505,-1.4838755;-0.59403104,-0.7591279;-1.2838783,0.25124958;0.5248702,-1.0150198;-1.1289246,-1.5371152;-0.18328136,-0.5085634;-0.06392619,1.2945192;-0.7976868,-1.5012457;-1.6197523,1.3548731;-1.2807328,0.39197546;0.1418102,0.29795685;-0.6691807,-1.5122676;0.27401403,0.4672848;-0.5447307,-2.0646517;-0.43603185,-0.51960117;-0.82806385,-0.20368767;-0.70190316,-0.17848721;1.0951632,0.42182004;-1.5965834,1.2900947;-0.7900171,-1.9571118;1.2952832,0.6014422;-0.5755751,-0.79089624;-1.341296,-0.13487884;1.7919337,1.0804603;0.5567909,0.28532216;0.7493985,-1.1355292;-0.64980394,-0.07161373;-1.1644626,-1.3621564;-0.53279245,-1.847829;-0.73712516,-0.4066777;0.96711874,0.6079475;-0.758868,-1.787448;-1.1771085,-0.17885375;1.5338124,-0.022125294;0.97920364,0.43467364;1.4123938,-0.12292861;0.6519549,-1.0493468;-1.6947511,1.5628486;-1.636125,1.5600666;1.7385826,0.3120181;0.29842564,-0.014359222;0.15623917,-0.060763206;-1.1856594,-1.4068124;-0.7778543,-1.9768878;-1.098761,-1.5014821;-0.05041289,0.46505868;-0.17171985,1.6979288;1.1295359,-0.19123884;0.71773285,-1.5073367;0.018389447,0.6250877;1.2182267,0.69820744;0.9097443,0.59685564;-1.1085497,-0.25674498;-0.10042106,1.7299569;0.16247572,0.35287943;-0.9982455,0.1141831;-0.28118244,-0.30826375;-1.6722177,1.3401091;1.7118427,0.3428575;-0.0047854334,0.70201504;0.7493281,0.83575356;-0.49012512,-0.2892074;0.96886474,0.31393543;0.6593333,-1.187467;1.6789361,0.2795541;0.20800422,0.18391998;-0.054548323,0.52124816;-1.4316103,0.9683185;-0.49383795,-0.8302288;-1.4155647,0.74975055;-1.0864204,-0.041941147;-1.130991,-1.3890933;-0.4207503,-0.78054154;-1.6197523,1.3548731;-0.8763553,-1.9024215;-1.1164697,-0.33820808;-0.06107887,1.0287035;-0.16118282,1.4875634;0.3537805,-0.9486858;0.023244996,-0.48219478;0.010018287,0.7753122;0.5729128,0.14251594;-1.5285718,0.79011106;-0.67801744,-0.42346278;-0.48752293,-0.3068526;-0.9595727,-1.4866619;0.9771717,0.28382093;-0.5996403,-0.31600514;-0.030060854,-0.61168927;1.3597304,1.1206295;1.6744428,0.033443447;0.034445133,0.7986128;-0.91713065,-0.12631182;-1.5840902,1.1066185;0.42249823,-1.0137697;-0.099828154,1.3184283;-0.043303214,1.3040135;0.441785,-1.0575688;-1.6424083,1.4459364;0.029840412,0.94886637;-0.10504104,0.06509224;0.8817017,-1.5405252;-0.17352685,1.6412832;0.03332496,0.5323108;-0.83187413,-0.15731527;-0.08032731,-0.51118207;-0.47493574,-1.7371056;-0.6433998,-0.72621965;-1.4578779,0.67139375;0.7154061,0.19572431;1.058084,-0.25219175;1.1052514,0.46925452;-0.37082985,-0.17797495;-0.8723009,-1.8431172;-0.4617113,-1.350623;1.614057,0.29055324;-1.3437728,-0.0016383992;0.08050225,0.36587936;-1.6454467,1.2997633;1.3080989,-0.16064225;1.5663817,1.195135;0.30741584,0.28231332;-1.3056458,-0.17642745;-0.11917915,1.6204587;0.20191084,0.30697277;-0.17705153,1.873213;1.3529204,0.17046249;-1.004914,0.17246428;0.71755517,-1.3341409;-1.586449,1.0819858;-0.8339802,0.15939079;-1.4696202,0.6025704;1.0981935,0.9633514;0.64444226,-1.4509811;-1.6159148,1.2901667;-0.98370683,0.24834132;1.6932085,0.31833366;-0.057808153,-0.5202386;0.520969,-1.3174821;0.06324766,-0.45328093;-0.8462796,-0.046276577;-0.034989256,1.5607867;-0.4594498,-1.3539186;1.6937028,0.9562711;0.46696863,0.23257828;-1.6726377,1.2738907;-0.9118407,0.22134846;0.77520967,-0.26339412;1.7600683,1.0453302;-0.49613148,-0.15300731;-1.2780426,0.32228383;-0.8552774,0.0207134;0.46470702,0.3732443;0.52483463,-1.2535621;0.4026461,-0.9986278;0.009717854,0.64853835;-0.041608986,1.3053899;1.056672,0.6707034;0.7086046,-1.5466396;0.99590087,0.95125675;1.4478381,-0.21433456;0.18641077,0.75576323;0.8274847,0.23609449;0.6203239,-1.2650638;1.3840442,1.0668638;0.99578273,0.628697;1.6866945,-0.0012682822;1.0426326,0.2944382;0.0062680384,-0.63188696;0.6618985,0.2862873;-1.6953242,1.5158658;-0.015077024,-0.57978994;-1.457317,0.879532;-0.53512985,-1.8992712;-0.70698327,-0.62172115;0.36829448,0.33107468;1.3966695,-0.14360613;-0.5081296,-0.6358055;1.5111147,1.1862915;-1.5544429,0.8905203;-1.5568138,0.88321275;-1.0970138,0.061861962;0.077053025,0.9064648;0.63291043,-1.4113564;0.09198127,-0.37836874;-0.6186689,-0.13231331;-0.742779,0.14371905;-1.6853443,0.89283603;-0.54528385,-1.6844218;-1.7036874,1.3343014;1.4448577,1.1793842;1.738678,0.34368807;-0.06890758,1.181249;1.0463411,-0.16811635;0.57833207,0.13441668;1.1861237,0.99803513;-0.7035857,-1.9088551;-0.4414126,-1.4220197;0.4579193,-1.230747;0.21243931,-0.30879697;1.6999276,0.2824501;-0.95252085,0.0065203398;-1.6356404,0.76520413;1.5416849,0.22324002;-0.69886994,-1.5120963;-1.4013155,0.34348565;-1.1452773,-0.0074339467;1.5666211,0.92629355;-0.008452612,0.7331194;-1.27027,-0.006113728;0.018727308,0.5679458;1.0654471,1.0024732;-0.5024341,-1.8141992;-1.3104975,0.31349695;-0.48762915,-1.8878517;1.487413,-0.111276194;1.3838761,0.22380795;-1.0028203,-0.0383224;-0.08024808,1.709804;-1.6097637,1.1409755;-1.0644221,0.2371948;-1.0031577,0.055659533;1.500815,-0.23737955;-0.554545,-1.8469685;0.9875755,-0.20494303;1.0442327,0.31788406;-1.3453232,0.47546947;0.2806712,0.087532915;1.4811741,0.19200096;0.353841,0.368487;1.5672691,0.9223548;-1.3073069,-0.23895265;0.14612159,-0.4340324;0.83499485,-1.5918251;-0.24368379,-0.2779717;-1.2805977,-0.08179461;1.0075796,0.36206174;0.7197178,-1.2734213;1.7238879,0.29414892;1.7723765,0.46410933;-1.1719109,0.22041605;1.4386027,0.27739128;-1.3058807,-0.2501664;1.7168119,1.031132;-1.3706928,0.43296695;1.46442,0.16057083;-0.49138966,-1.4435745;1.5087411,0.19905224;0.68261266,-1.2277106;-0.84374934,-1.916291;-0.40813407,-1.5797008;0.73648274,0.79803836;-0.5835779,-0.7003097;0.70395666,-1.4620543;-0.25474033,-0.27513957;-0.49837565,-0.20734794;1.2970344,1.0364797;1.0561492,0.6886396;0.9954123,-0.2157543;0.96396744,-0.22532865;-0.041468058,1.1328402;0.32110178,-0.6904342;0.37049532,0.043139666;0.6914889,-1.4526755;0.063684165,-0.3695028;-1.4637794,0.74567574;0.86031705,0.8220934;-0.9592121,-0.1777239;1.477366,-0.0824485;-1.3948517,0.3888658;-0.6626867,-2.0203998;-1.327011,0.27176514;-0.15841307,1.6506989;0.70432544,-1.425767;-1.6182748,0.8278712;-1.100802,-0.14961202;-0.0553774,0.57431954;-0.9781259,-1.5911483;-1.6319985,1.2859809;-1.309786,0.42595872;-1.3701285,-0.012070336;1.7493684,0.44622707;0.5613608,-0.007987101;0.65678996,-1.3822635;0.14860888,-0.434161;-0.7848068,0.15081331;0.0037579006,1.5932336;0.09853003,0.25752604;-0.5779014,-1.7823007;-0.56777394,-1.7223781;-1.0131637,-0.09582013;-0.9444567,0.10258365;0.07829323,0.11509378;-0.5430107,-1.9813123;0.69960207,0.7724382;-1.2217951,0.26361153;-1.2232693,-1.3195431;-0.51268125,-1.5888776;-1.1062562,-1.4213891;-0.42840695,-1.5307544;-1.0286208,-1.5243804;-0.052432273,1.1534758;1.3986293,-0.19258411;-1.5861409,0.9504376;-0.68634236,-0.4252299;1.3195003,-0.10437017;-0.013968995,0.6758455;1.7846715,0.9589135;0.8223017,-1.5485687;-0.95682234,-1.6430236;-0.61643344,-0.7912637;-0.61328626,-0.20827165;1.4514936,1.215672;-0.53907496,-1.8102411;0.7597092,-1.5479608;1.5860342,1.1515603;1.154647,0.61532325;0.30633113,0.09997133;0.58617944,-1.3438861;-0.26100144,-0.48384643;-0.057024587,0.1253913;0.11302929,0.29197538;0.74888504,-0.15783249;-0.8671491,-1.8591584;1.5369339,0.8536178;1.2276576,0.38069993;-0.98784363,0.006494106;0.474148,0.3780895;-0.88832474,-1.8826771;-0.6073287,-1.6262751;1.1541759,0.92642987;0.31580564,0.060945805;-1.3569143,-0.1702234;0.35566324,-0.977876;1.3547572,-0.20320207;0.6423985,-1.0503222;0.9846303,0.44018215;1.6178126,0.42338812;1.600369,-0.062471595;-0.20721096,-0.4340136;1.3713403,1.0522013;-0.24965248,-0.22551218;0.6743232,0.17839164;-1.3758479,0.8421292;-0.7120381,0.158324;0.48929366,-1.1123888;-0.849942,-0.1798357;0.3342015,-0.630718;0.5155232,-1.3239367;-0.1227692,1.8203304;-0.13427845,0.048664194;-1.0387416,-0.031853486;0.820305,-0.2187014;-0.46165133,-1.912089;-0.5870592,-1.7118423;0.7210212,0.24812266;-1.3223007,-0.20595989;0.5939881,-1.2984385;-0.0626316,1.7395364;1.3078245,0.9966156;0.4509442,-0.9823087;-0.9086367,0.19688448;-0.37700436,-1.6333911;-1.3567523,0.31492272;1.4411371,0.9445555;1.7498119,0.99981;-0.038996987,1.8979341;-0.6262989,-1.6902925;-1.5371776,0.7048308;-1.4417576,-0.18239604;-0.21940726,1.9002845;1.1817292,-0.17473915;-1.6516478,1.4021155;1.5197008,0.20286521;1.4957875,0.30276576;-0.3424938,-1.5891058;1.434861,-0.06163876;0.1527155,0.548449;1.4732447,1.1569966;1.0865934,0.5465873;-0.53039694,-0.19005635;-0.6840172,-0.77018243;-0.524709,-0.71222574;-0.89706945,-1.8511614;1.046504,-0.024323896;0.9534817,0.29528037;0.02141409,0.9210984;1.1530164,0.5191036;1.5932728,-0.061762467;-1.6149067,1.1073165;-1.4559978,0.8483609;-0.1171707,0.05240198;-0.61426425,-1.5496866;1.7465205,1.023252;-0.029043004,1.8800122;0.07475727,0.24579035;0.17060176,0.40922368;1.0916803,0.4383822;1.5276233,0.21221003;-0.06107693,1.0726515;-0.06956144,-0.48260885;-0.03770187,0.5498981;-1.1426065,-1.3574235;1.4825126,1.1500219;-1.3532048,-0.07391873;-1.3706573,-0.02908767;-0.69557136,-1.5355562;0.33669257,-0.70378935;-0.11436532,-0.5569566;-1.6644354,1.5489701;-1.2925221,0.23783128;1.0643437,0.96336365;-0.54221547,-0.04872564;-1.5086225,0.92891085;-0.024786996,1.2631475;-1.6436076,0.8711754;1.0861558,1.0417569;0.216627,-0.056838706;-0.44277507,-1.845504;1.6577897,0.2430261;-1.4217299,-0.15510277;-0.45976645,-1.5613443;1.3770876,1.0828658;-0.01893378,0.9171033;-1.5715723,0.70487124;-1.246286,-0.14656952;1.6847879,0.38222557;0.08766096,-0.49197587;0.32997432,-0.91102856;-0.9504041,-0.11936011;0.74746877,0.27752674;-1.6214247,1.407224;-1.6165162,1.5480092;0.7993071,-1.5056951;-0.1005978,2.0100346;0.40677118,-0.89075476;0.26131985,-0.03021643;0.06781177,-0.3034875;-0.107435904,1.9084642;1.4283913,0.84417665;1.4571685,0.24813816;-1.54356,1.0295011;0.18882062,-0.08658022
p3d-kl
0.40186807513237
p3d-iter
599
p3d
-0.8292778,2.384704,1.0074949;0.9147666,-0.51821434,-0.6955567;-1.4031417,0.521317,-0.21135478;-0.5612432,1.7284995,0.8062848;-1.7961313,0.4236077,-0.36127216;-0.89598167,1.9282322,1.2323476;-0.8846608,-1.0821133,-1.674595;-0.20389396,0.60614765,0.97227824;0.07583411,0.452538,0.28668287;0.8948069,-0.27073994,0.046984263;-2.064465,0.40888628,-0.4248865;-0.26694536,-0.6667943,-1.0395316;0.41150662,0.2823403,0.11065077;0.032057308,-0.38074267,1.3459162;0.82777417,-1.3078362,0.14682473;-1.4104165,0.5649592,-0.20396459;-0.629802,-0.752677,-1.363714;-2.3515327,0.14449985,-0.5908819;0.5071555,-0.8530522,0.1658726;0.10597377,0.055408835,0.10511772;-0.87518847,1.8970149,1.256183;0.4331411,1.4644922,-0.010592935;-0.01993678,1.2337185,0.2872526;1.0598158,-0.48430097,-0.08581799;0.923601,-1.3556077,0.097840205;-0.49486488,-0.35218874,1.9264159;-0.5743292,-0.38693178,1.9596633;-1.9568596,0.21925445,-0.35217497;-0.12386198,0.07742691,0.13231534;0.8756451,-0.53505284,-0.14771414;-0.37400654,1.594078,0.7916394;0.14485224,1.8056546,-0.080217734;-2.2137105,0.23564401,-0.43736008;-2.149363,0.095547065,-0.40068087;2.1128366,-0.9631156,-2.055935;0.6389774,1.3189808,-0.010986352;1.6544774,-0.4078144,-1.0896194;0.021228187,-0.8149864,-0.74954873;-0.4599508,0.33366856,0.11609897;0.12621526,-0.5131971,0.35683167;2.1700373,-0.66243744,-2.0119646;0.12406205,-0.8729016,-0.8994237;0.77690744,-1.1918647,-0.031106848;-0.21397401,0.412987,0.34826463;-0.112738684,-0.5231021,-0.81959486;-0.665534,-0.10895972,0.100237794;0.0742866,0.018132646,0.20391428;2.1788695,-0.94423777,-2.1579967;0.7321933,1.1147151,-0.0875657;0.42069432,-0.999177,1.4716346;0.10055816,-0.9892885,1.5381658;0.4342069,1.6387424,0.2846002;-0.101131745,-0.8458656,-0.7019604;0.64870125,-1.01203,0.1469961;0.8425104,-1.0134497,0.029486854;-0.5463865,-0.38197088,1.9683884;-0.9133696,0.25913775,-0.050956856;-0.59048617,1.0955516,1.0842093;-0.38639614,1.1158339,0.39375713;-0.25045586,1.9741478,0.61964923;-0.7184879,2.176677,0.9145837;0.7040174,1.2131329,-0.071427315;2.381519,-0.92452437,-2.1463037;0.97305155,-1.1591039,-0.45247373;0.8199114,-0.74579126,-0.05878427;-2.496782,0.12350803,-0.5617204;-0.3507078,-0.39371398,-0.29081768;1.3515191,-1.2159171,-0.09696021;-0.09235562,1.5924869,-0.0240459;-0.53941345,0.58648044,0.13076833;-1.048777,-1.304348,-1.8293325;-0.45626983,1.6526288,0.800721;-0.45445973,-0.72331226,-1.2322574;0.39181176,-1.1556721,1.42586;2.2214768,-0.94823915,-2.1683621;-2.5209641,0.18276374,-0.54742426;0.074696966,-0.6844562,-0.047477122;-2.1662703,0.34579426,-0.29753152;-0.6458272,0.8083164,0.10364987;0.14104232,1.6632069,-0.18214136;-1.0329345,-1.0896229,-1.7843888;1.550291,-0.6104053,-1.4152524;-0.30754772,-1.0087306,1.580729;-0.06311808,-0.2766757,0.2893846;0.061555237,1.788766,-0.09417244;-0.9868588,-1.2210348,-1.6919422;-0.9967747,-1.1302208,-1.6150717;-0.7083091,2.1722407,0.9502564;-2.5183299,0.11761376,-0.49822652;-2.483907,0.37288564,-0.55623573;2.168927,-0.8735335,-2.057074;1.8590542,-0.55046356,-1.7629076;-0.35863203,1.0044204,0.9843846;1.6688861,-0.5138696,-1.3741692;1.2774516,-1.0485866,-0.37639752;-1.3458812,0.50121176,-0.04071959;-0.78911877,0.3509255,-0.15993412;-1.3557057,0.42756855,-0.22243734;0.027859513,-0.42686245,1.4174614;0.9547219,-1.3971386,0.2719528;-0.5270181,-0.90216625,1.7317966;1.4623063,-0.54906386,-1.3051809;0.0075535537,2.0262644,0.5429277;0.39004573,-1.0476092,-0.5529525;0.8554268,-0.98201627,-0.15131348;-0.9057307,1.5622684,1.1790388;0.5115938,-1.0669671,1.3662972;1.387047,-1.0954221,-0.26429406;0.327646,1.7025844,0.74243945;0.13207711,-1.1090162,1.5307164;1.8178983,-0.27158296,-1.1475096;0.8504704,-0.584448,-0.112893365;-2.3439918,0.19618763,-0.5937334;-0.69229704,1.822606,1.2682555;-0.7283466,0.5428698,0.01708775;-0.07359957,-0.8929908,-0.7960568;0.04490175,0.885999,0.40174523;-0.82211185,0.4999357,-0.019334173;1.2267667,-1.1425335,-0.3450087;0.53123564,0.3739989,0.1272813;0.20416145,-0.9240887,1.534504;2.0084536,-0.6864075,-1.8919016;1.2379372,-1.2942659,-0.1334912;-0.26406953,1.4623082,0.50758463;-0.4440468,-0.24519697,1.8998098;0.14396726,1.7975341,-0.049148608;-0.49367052,-0.7383597,-1.2153732;0.22211303,-0.4670168,0.10063737;-1.0057129,-0.99016196,-1.7960525;1.6011177,-0.6541518,-1.232706;-1.1836115,-1.279298,-1.8025492;-0.20283051,-0.3762241,1.1011426;1.5855687,-0.44261572,-0.9474814;0.38799354,-0.89035046,-0.46007589;0.2614501,-0.85199165,0.10959089;2.353988,-0.90296555,-2.132272;-0.04966861,2.1837084,0.49405202;-2.2598448,0.29310158,-0.29009506;1.5637373,-0.66250914,-1.2982706;0.9233877,-0.6522511,-0.50201225;0.7601981,0.9166574,0.11015307;-0.5919106,1.6314712,0.84339666;0.69283843,-0.1619881,0.23856147;-0.22322899,1.4011508,0.12140513;0.61245036,-1.2373937,1.4239467;-2.3793461,0.1703459,-0.4057763;-0.46369186,0.22594032,-0.0044889185;-1.5944268,0.35925505,-0.112327;-1.421953,0.39701462,-0.3455351;-0.18020597,-0.2819892,-0.27203998;-0.5912577,-0.9204679,-1.3477993;-0.41129643,-0.8918626,-1.0102319;0.96900094,-0.6272061,-0.46208534;0.25147444,1.838097,0.75223553;0.31565985,-0.91829026,1.5148569;1.6925483,-0.41468608,-1.3992503;0.75426924,-1.152513,-0.19641338;-0.40724853,-0.5201752,1.3668467;0.757787,0.8629948,-0.017481841;-0.23553143,1.0723821,0.78726447;-0.5185303,-0.30799094,1.8476056;0.061027594,-0.31307766,0.685904;0.33714852,-1.0311111,1.4656987;-0.08662482,-0.836566,-0.8073659;1.2439641,-0.5064722,-0.33970067;-1.0369172,-1.007345,-1.7184054;-0.37792745,-0.2115698,-0.52781206;0.0077890037,-0.55782396,-0.20830454;-0.95930046,0.3713871,-0.14737236;-0.07584054,-0.98842597,1.475378;0.40046093,1.424416,0.0010523461;0.44832554,0.30393428,0.14530653;-0.38832703,-0.20757864,-0.51637447;1.544799,-0.3368754,-1.3662081;0.7794533,-0.5026632,-0.66231537;0.46573007,1.5900352,0.030493153;-1.5037013,0.5577916,-0.26928267;-0.45362127,-0.5975038,1.7229458;0.6430993,1.0008302,0.20941363;0.14328709,0.6187575,0.35818663;-0.9069425,1.6470722,1.1754874;-0.21576908,0.53772056,0.37998557;-0.84696704,1.3955452,1.0739731;-0.8224395,1.4777462,1.1718131;-0.11203773,-0.9575741,1.4536128;2.320077,-0.87229097,-2.111485;-0.09730055,2.2650197,0.5436615;0.15572909,-0.88517874,-0.90353316;-1.1761194,0.3446964,-0.4158034;-0.1685138,2.1670816,0.55368274;-0.97662413,1.8925486,1.1952137;-2.3776262,0.1849143,-0.32235113;-0.9139529,-0.80932343,-1.7726254;-0.73201495,2.1108947,0.8984875;0.34191304,-0.6594311,-0.07658046;-1.2370671,-1.239281,-2.029762;0.53915787,-0.23320772,0.49854556;0.34786937,-0.5552699,0.012299387;1.710104,-0.41216633,-1.1048349;0.18186837,-1.1108148,1.4881823;-0.45659217,1.7768232,0.79965174;0.8044536,1.0431172,0.024848908;0.05980129,0.16655016,0.18278936;0.5309781,-1.1061417,1.4589192;0.18826598,0.6564769,0.59521157;2.1793551,-0.77689254,-2.007005;-0.9815926,0.39878467,-0.005709525;-0.8441184,2.4195275,1.0151724;1.3695518,-0.54541826,-0.28684852;0.5034589,-0.16161297,-0.054058887;1.6312219,-0.45863506,-1.3906943;0.5048254,-1.1823626,1.3609128;-0.343896,1.5049713,0.52327335;0.14344801,-0.4638664,0.8345293;0.74591786,-1.2091819,0.06584487;-0.13960855,-0.3790985,1.6131701;1.648403,-0.47525904,-1.2375094;-0.8171277,1.7334906,1.1766369;-0.64613444,2.1552312,0.95786923;0.4513584,-0.45823067,-0.031050486;1.4711863,-0.42791626,-0.902465;-0.23104987,1.2330391,0.330982;-2.3335946,0.2855136,-0.29227203;-0.3605581,-0.025354274,-0.14652498;-0.08438998,-1.0058354,1.5451682;0.7705419,1.1017277,0.04977081;0.5690107,0.012023579,0.23133308;-0.6399822,-0.938835,-1.382428;1.5936309,-0.31151083,-1.296595;0.69906735,-0.4863837,-0.6622889;0.7338978,1.0439249,0.02795;0.9588916,-1.0414159,-0.313069;-0.5241267,1.7535381,0.74915504;0.22108786,1.3215837,0.026991872;0.15940619,0.4234128,0.5418123;-0.38027146,-0.9569342,1.7003999;-0.53932583,-0.5694252,1.4141129;1.3077443,-1.3338352,0.006880647;0.35882717,-1.2089204,1.397223;0.57168967,-0.52679086,0.72325915;-0.56681633,1.1399581,1.0909244;-2.0085032,0.3375216,-0.34196192;-0.9274748,-0.76948726,-1.7906032;0.21436396,-0.82335114,0.122464955;-1.3299147,0.5903812,-0.14886194;-2.3848116,0.1284708,-0.5018948;-0.669904,-1.0462892,-1.4774954;-0.16567236,-0.48146638,-0.5774463;0.549357,-0.047792424,0.15685654;-0.14395306,-0.44798592,-0.6590185;0.35236827,-1.1195973,1.5042173;0.3259215,-0.23777846,0.49443442;1.524771,-0.29943386,-1.4939483;1.3671721,-1.2437018,-0.24550806;-0.3990332,-0.8583025,1.7148522;-0.28124633,-1.0120945,1.6543589;0.4973816,1.5109965,0.15760756;0.13122721,0.64188355,0.5222521;-0.62127715,-0.21525337,-0.08013358;-1.0029842,-1.0586073,-1.7084857;-1.2910846,-1.4002719,-2.0826218;0.7926087,0.54687345,0.15099216;-0.75241053,1.4880726,1.124818;0.7803265,0.9051018,0.10527999;0.13445339,0.83609784,0.46470684;1.607998,-0.4436047,-1.3445548;-0.1897993,-0.8543983,-0.8821003;-0.6517188,-0.4543195,1.9532335;0.98579276,-0.58425987,-0.6200854;0.70504665,-1.3053757,1.2718244;-2.2711625,0.20777819,-0.47442237;0.21366481,1.8613259,0.4576042;0.11299992,-0.029292036,0.074375376;-2.4595776,0.4436599,-0.5512122;-0.054773364,-0.085741706,-0.18385492;0.3621976,1.750179,0.47903052;-0.1134431,-0.1442808,-0.20213744;-0.7979664,2.02339,0.85741174;-0.15533815,2.1047494,0.54224783;1.4732842,-0.4431866,-0.8970005;2.1773665,-0.65964156,-2.0166426;0.041043475,-0.83730036,-0.9177593;0.76863784,0.4557673,0.17623;0.019743465,0.6083016,0.4832348;-0.81653893,-0.825108,-1.6680962;0.5927449,1.4061449,-0.05177599;1.3418266,-0.6142492,-0.67901516;1.4474243,-1.3355552,-0.06715465;-0.44587705,-0.71182597,-1.2429283;1.4620526,-0.49817666,-1.2265614;-2.5096264,0.098713726,-0.52453583;-0.2088848,0.017207198,0.057475176;0.09731133,-1.0650772,1.5319557;-1.9391575,0.2602823,-0.3548546;-1.9334359,0.17191313,-0.34221154;-0.3312408,-0.8596487,-1.0060984;0.347151,-0.7697074,-0.17278403;-0.06669474,0.27943322,0.2790361;-0.57857436,1.6411855,0.8551446;1.4512068,-0.48144966,-0.7794116;2.2818487,-0.86262435,-2.1239924;0.7788081,-1.1062273,-0.16529778;0.48037136,-0.8538951,0.16220336;0.6556025,1.2785931,-0.007948874;-0.16809395,1.5777565,0.34954605;0.07773064,-0.84505475,-0.9172566;1.8439941,-0.57374394,-1.6266186;0.26295218,1.7982944,0.7473598;1.366621,-1.2708127,2.2429038e-05;-1.8850662,0.3729679,-0.3363253;-0.47432828,-0.7948624,-1.211717;0.38530576,-0.80566067,-0.16005655;0.67129225,0.056745782,0.25474888;-0.5801842,-0.58815885,1.7473522;0.24174604,-0.47377917,0.34341574;0.53627604,1.457785,-0.07014961;0.5341468,-1.0084344,1.3749329;0.27323446,1.6127337,-0.06554286;-0.43937317,1.0797383,0.1945512;-0.34014013,-0.42294192,-0.5962041;-1.1306587,-1.1994895,-1.9438559;-2.0856788,0.28921318,-0.3783572;-0.2851248,-0.1585116,0.0022218656;-0.8538475,-0.5984183,-1.5202304;-0.019698473,-0.03553507,0.30443025;2.230884,-0.747687,-2.0232446;-0.20333996,-0.3619096,1.7854435;-1.2996141,-1.161057,-1.7726692;-0.22428258,-0.2649993,-0.34027007;-0.53387856,-0.5862211,1.4438009;-1.5047356,0.5603353,-0.21800162;0.7667132,1.0574118,0.04427206;-0.7703233,0.55684406,0.014576149;-0.26992553,-0.3359126,1.2982957;0.351262,-0.351593,0.56219953;0.05460044,2.0291207,0.37997898;-0.6000842,1.0286539,1.0546465;0.87822825,-0.941416,-0.026773619;-0.74183965,1.3974289,1.1935136;0.7234517,-1.0972775,0.1159748;-0.9400657,1.9231001,1.2061682;-1.25334,-1.2938833,-1.9447076;0.78345615,0.51166147,0.17183001;-2.3921125,0.26152438,-0.31622505;-0.6561663,-0.976054,-1.4216063;0.6049418,1.3936778,-0.03188659;-0.0948696,1.602476,0.2669945;-0.69099325,1.0703036,1.0806264;0.20831105,-0.4031063,0.48052108;-2.3444057,0.18806261,-0.45256537;-0.6383261,-0.41536814,1.9927933;0.035358064,-0.72071946,-0.2651553;-0.974325,-0.87809485,-1.7766477;-0.1829488,-1.085894,1.6056384;0.5040229,-0.5377549,0.7839762;1.4520475,-0.3743024,-1.0437163;0.074165404,1.8509616,-0.037537206;0.07968894,1.0031738,0.40429303;-0.795683,-1.0850122,-1.5514828;-0.786206,1.63369,1.1384277;-0.65238285,-0.66600466,-1.4127911;1.2673395,-0.5275533,-0.97890353;0.38840428,-1.0548462,-0.6095501;-0.42027426,-0.26902404,-0.5793122;0.4934687,-1.0360527,-0.45906517;-1.3202313,-1.3544515,-1.9839625;-0.5537705,-0.39907128,-0.8646795;-0.51231265,0.952222,1.063838;-0.71145064,2.193629,0.88892317;0.25018567,0.045542654,0.05861583;-0.5244125,1.2834269,1.0840966;0.11522505,0.533709,0.5259748;0.10301343,-0.85749453,-0.70236814;0.13248298,-0.70194876,0.110292256;0.7712621,1.0251092,0.04091297;-0.1715145,-0.7744145,1.6957266;-2.1941266,0.25638855,-0.40888116;1.468943,-0.3290835,-1.4464641;0.7723357,-0.8113989,-0.08266597;-0.20813926,-0.3754295,1.5144608;2.3241122,-0.8625258,-2.108284;0.31412238,-0.45416063,0.63917327;1.2830025,-1.3698922,0.10960144;-0.08979804,1.2210896,0.3634363;-0.08991169,1.6017785,0.3043289;-0.8429334,0.13177235,-0.08328445;0.5333135,1.2333635,-0.08283078;0.78945214,0.5832162,0.15318368;0.540607,-0.2625523,0.62365824;-1.3908933,0.42858276,-0.053055763;-2.1513507,0.34464046,-0.41837102;-0.5198037,1.1776086,1.0803539;1.3834128,-0.6231889,-0.6730267;0.62392324,-1.1470753,1.3103904;-0.16289513,2.182061,0.54426765;0.40679407,1.506977,-0.03208035;-0.5288272,1.0033289,0.41274646;-0.28267854,2.2860894,0.6110604;1.8127033,-0.46577173,-1.5715362;0.32963377,-1.008743,-0.6315965;-0.29854742,-1.0056762,1.6621835;-1.295418,-1.328517,-2.1382766;-0.34949255,-0.33256298,1.8188788;-1.3906416,0.34903225,-0.414068;0.017473513,1.7430221,-0.06328448;-0.56209886,-0.20835127,-0.039718337;-0.45033595,0.34947035,0.12898748;0.029434415,0.56083435,0.48423558;0.3661418,-0.014758221,0.060158767;-1.3902025,0.4398998,-0.031430773;-0.66221595,-0.78730184,1.7517481;-0.8147414,-1.1651049,-1.631292;2.0914538,-0.8156455,-1.9733485;-0.15482394,0.5159643,0.9712086;0.51112425,1.3945856,0.06969125;0.5955049,-1.2439078,1.3961155;0.11885415,-0.41480103,0.7857675;-0.97677046,0.35312435,-0.06750143;-0.21559894,1.2655741,0.54638547;1.3717119,-0.5300513,-1.1275035;-0.12940803,0.61450887,0.46897575;-0.44554055,1.0727944,0.28536212;1.9768457,-0.64772266,-1.8369793;0.40138814,-0.29419577,0.42477766;0.21827652,-1.2366872,1.409163;-1.1917304,0.43608102,-0.14085035;-0.21421675,-0.17206773,-0.13433754;0.8775426,0.40096834,0.14505407;-0.6074369,-0.803123,1.6574608;0.12444984,-0.3923459,0.75359637;0.3370503,1.739948,0.43824098;-1.003243,0.40777948,0.00793576;-1.0731548,0.367241,-0.124875285;0.1439926,-0.5681749,0.26296175;0.24613689,1.4015503,-0.03516454;-1.1219457,-1.279294,-1.9373901;0.57291496,-0.94040424,0.16356723;1.2247156,-0.6297053,-0.5672405;0.7394041,-0.84558946,-0.034338776;0.06766885,-0.6911309,-0.0015464493;-0.4868247,-0.33541036,1.9456805;-0.6757328,2.264755,0.90208983;1.271009,-0.45333946,-0.2932242;0.03480929,-0.6504968,-0.69721246;-0.2001997,-1.0303563,1.483708;0.29162973,-0.95812404,-0.5476305;0.067385465,-0.43969053,1.1445419;-0.21176344,0.8150292,0.9937241;0.08667234,-0.78976285,-0.4597256;-2.5941021,-0.03573464,-0.5136277;-1.9948928,0.4304674,-0.36295387;-0.43028763,-0.062131178,-0.17991126;-2.597284,-0.045515273,-0.52162975;-0.44851285,-0.8778169,-1.0389361;1.3647574,-0.51854813,-1.1441296;-2.0634267,0.42217878,-0.41383362;0.24758516,-1.036422,1.5106504;-0.7833298,2.2979856,0.9693127;-0.79617834,-1.0723156,-1.4220277;-0.9006251,1.8038877,1.08966;1.5184036,-0.37069058,-1.0417047;0.96129394,-0.955738,-0.31104007;0.067426644,-0.4061096,1.2980256;0.44978946,1.4783266,-0.103491426;-0.8531841,-0.6021206,-1.5021446;-0.9562059,-1.0021669,-1.7615719;-0.098380044,-1.0927513,1.6026585;0.096559316,-0.5217178,0.41168383;0.59602165,-1.2558755,1.36794;0.07555247,1.6717536,-0.06819201;-0.76587766,2.361002,0.85979474;0.5368255,1.1333894,-0.14503893;0.23314786,0.54565614,0.46887982;1.9436696,-0.36868918,-1.2707285;-2.344805,0.24013835,-0.38317055;-0.50898606,-0.87032586,-1.1353106;2.3292933,-1.0823272,-2.2271495;-1.3021013,0.4623505,-0.28585532;-0.59740883,-0.72872484,-1.2921053;1.490886,-0.36934745,-1.1962613;-0.3976808,-0.3328832,1.9331318;0.063360356,-0.27188066,0.67001545;-0.7366162,2.351658,0.82106787;-0.34172878,1.5594392,0.4936759;-0.53917587,-0.4508932,-0.8991818;0.56887317,-1.2522309,1.3952549;2.1188567,-0.8649005,-2.098639;-0.49345365,0.9764722,1.0646799;-0.6460033,-0.5535598,1.8396579;0.74644756,-0.4828422,-0.6594588;-2.507139,0.15168005,-0.4981402;0.1977556,-1.1171168,1.5178668;-0.1455899,-0.39188012,1.2912841;0.73432225,-1.2436618,-0.14978437;0.14521599,-0.44664133,0.5825712;-0.9825046,0.3390327,-0.04459303;0.45368868,-0.6452735,0.3082612;-0.4934764,-0.8149182,1.652549;-0.5235335,0.9393374,1.0648812;-0.030705707,0.4091647,0.3365263;-1.8906461,0.30961978,-0.26831222;-0.14795111,-0.57133967,-0.6020802;1.3712921,-0.5831874,-0.57486707;-0.8266395,2.4018507,0.9856971;1.8364996,-0.29857838,-1.2222382;-2.0089934,0.4078312,-0.3621067;-0.057629988,-0.4016791,1.7068578;0.73363024,0.40123093,0.24310294;0.4996563,-0.00885859,0.20191656;-0.02863019,-0.9761691,1.4996195;-0.45383897,-0.9287064,1.6816278;0.7873395,0.68184626,0.14599282;-0.105558425,-0.43112302,1.5086;0.50445676,-0.24251832,0.66596603;-0.2522162,0.28379327,0.10249882;2.3767822,-1.0460519,-2.215035;1.2914883,-1.1697628,-0.31796256;-0.49601623,-0.53022695,1.3549682;-0.19847591,0.59725827,0.97687805;0.41683802,-1.0533628,-0.554701;0.62746394,1.0906094,-0.11960124;-0.11250406,2.122581,0.5468259;-0.5388354,1.7512075,0.78736323;0.40840694,-0.21388555,-0.05942982;-0.92440444,-0.7782097,-1.672351;-0.9025918,1.8506242,1.19921;0.25792783,1.6649798,-0.08009245;-0.83784616,-0.58115166,-1.4810187;0.09484918,-0.04018149,0.18805075;-0.7884476,1.441289,1.1595345;-1.2994636,-1.3198562,-2.1001818;-0.3640338,-0.2998373,-0.5942283;-0.67679924,-1.0756294,-1.4631323;0.61331713,-0.36001366,0.585661;1.3990035,-0.75049967,-0.40341634;-1.1724813,-1.3302658,-1.9847993;-0.59420615,-0.84681237,1.6453196;-0.47042584,1.3727425,1.0349859;-0.10181167,0.3482058,0.35793337;-0.6037262,-0.67443573,1.5748681;-1.231443,-1.2155186,-2.0606036;0.35762846,1.7245418,0.5551329;-0.66615635,1.3646778,1.1803313;-0.660554,1.6247189,1.2210863;-1.3607007,0.45819545,-0.19318174;-0.9739765,-1.2276435,-1.8106543;-0.6282592,0.04064763,0.10331758;0.5356534,-0.96775985,0.121236265;-0.8069704,2.0987906,0.976838;0.50868756,-1.0412414,1.3127673;-0.6562078,-0.42708054,2.0049999;1.4683704,-0.49703747,-0.71630335;0.34003672,1.6319772,0.6987418;-0.44616374,-0.31679687,1.285387;-1.5181398,0.35735232,-0.2843648;-0.96191305,1.8214362,1.1558856;-0.5591903,-0.18253648,-0.037183203;-0.0293856,-0.40724307,1.28122;0.45832998,-0.27988237,0.7460733;1.3790268,-0.5647497,-0.27021265;-0.62177706,-0.7259448,-1.3865179;0.23151688,-1.2293355,1.4211774;-0.040812347,-0.8239025,-0.5270461;-1.5931728,0.37132934,-0.21069768;0.16380176,-0.6467161,1.4527828;2.1716468,-0.77015775,-1.9614618;1.2103547,-0.663933,-0.5814932;-0.255238,-0.03562327,-0.008311874;0.060846332,-0.4418906,1.4159795;-0.37499678,0.32976842,0.13878497;-0.7358372,-0.48567092,1.9935027;0.15686291,-0.52996767,0.39554617;0.6112335,-1.0769192,0.20999573;0.46092966,-0.88534164,0.21368498;-0.14632374,1.2118977,0.3445;2.0675974,-0.67141783,-1.9315195;-0.5831746,-0.8664009,1.6964389;-0.36044127,1.5557697,0.55023795;0.43893704,-0.23677072,0.81408215;1.3527555,-1.3176128,-0.076199904;-0.818546,2.3575294,0.9965053;0.030061087,0.44960946,0.3958206;-0.8100825,-0.69020045,-1.758809;0.51745343,-0.7694985,-0.38073605;0.54801893,-1.157157,1.3838733;-0.3269134,-0.30715874,1.9214712;0.40811777,-1.049642,-0.56114763;-0.42455998,0.93741,0.41101202;-0.40307036,-0.7318844,1.4072086;1.0526134,-1.3451296,-0.06477011;0.14337318,1.6707964,0.08785676;-0.12639043,1.0954927,0.67164075;0.46812013,1.528932,-0.030732624;-0.84379685,-0.6065459,-1.4771436;2.3474278,-1.0643997,-2.2255056;2.4148834,-0.9900817,-2.1873682;0.013556654,2.1598885,0.47713885;0.43521622,-0.019187234,0.104041256;0.40530547,-0.2537568,-0.046659194;0.5188485,-1.2208693,1.4014558;-0.6030822,-0.84608114,1.7259558;0.29337832,-1.1744797,1.500828;-0.6034695,-0.24653298,0.010463749;-2.0957494,0.08328107,-0.41964278;0.72871363,1.0254294,-0.030168904;-1.1459466,-1.3148779,-1.9523844;-0.7592522,0.026507191,0.03225614;-0.66666657,1.4539965,0.618884;-0.45501685,0.80261695,0.3088224;0.9437656,-1.3769597,0.090272464;-2.1845014,0.27274302,-0.43820617;-0.31138113,0.063315585,0.02034966;0.9380159,-0.7572071,-0.3091745;0.01677373,-0.6890743,-0.13448146;2.0755394,-0.79885364,-2.013817;-0.018499516,2.1194658,0.51126885;-0.8206626,0.102549635,-0.07008057;-0.2567833,0.58368754,0.99010503;0.36292782,-0.6377011,-0.05690303;0.086635925,1.041909,0.45676202;-0.83490866,-0.85017127,-1.6517155;0.0805808,2.0717983,0.43689692;0.055378072,-0.13657078,0.34264016;-0.6174352,-0.16945727,-0.1081999;1.9463942,-0.41647646,-1.3296384;0.1923947,-0.44654503,0.81880933;1.6712661,-0.4064623,-1.0701747;1.0304099,-1.052872,-0.1720143;0.50539565,-1.1129375,1.4138288;0.10276446,-0.34629583,0.6842638;2.1716468,-0.77015775,-1.9614618;-0.41256306,-0.9860476,1.7665486;0.94525343,-1.4008933,0.27036643;-1.2365173,0.43889076,-0.033122245;-1.7544167,0.14029935,-0.36416084;-0.4674537,-0.85411274,-1.0990733;-0.14212914,-0.59399396,-0.6614389;-0.8638721,0.23860765,-0.039996203;0.29761866,0.30360645,0.52092147;1.5863421,-0.40200529,-1.2830259;0.3061614,-0.9832053,-0.5848428;0.33430076,-0.6564625,-0.07264319;0.22551116,-0.8843248,1.5586451;0.12767194,1.0577457,0.43543014;0.40624484,-0.864651,-0.2475866;-0.08353388,-0.87778246,-0.7755269;-0.82324225,1.5241305,1.1752253;0.054677412,1.8557218,0.064402655;-0.8752492,0.28283012,-0.107007764;0.74459165,-1.039082,-0.010849599;1.8895073,-0.5815046,-1.7167245;-0.5306157,-0.8502486,-1.2594793;-1.6444244,0.35770625,-0.14133309;-1.6101034,0.39565796,-0.25110018;-0.58801204,-0.9085846,-1.3055873;2.2642963,-0.85918,-2.103339;-1.0563548,0.45362768,-0.10455634;-0.22011177,-0.48567227,-0.066417225;-1.433522,-1.3219559,-1.9386058;-1.9977806,0.114265926,-0.3867942;-0.66072106,-0.09627008,0.10875278;0.6621447,-1.0316833,0.19686887;0.041494906,-0.7070169,-0.6555555;-0.29044214,-0.17962238,1.6160594;0.54057735,-0.35431355,0.68420225;1.4928159,-0.37372208,-1.0321347;0.1831488,0.6561545,0.336402;0.81819254,0.9238285,0.03060163;-0.19514093,1.233942,0.41046837;0.20928079,-0.32236665,0.18919319;-0.3549602,-0.99684674,1.6923238;-0.17069283,-0.31928813,0.9151216;0.15424067,1.9901031,0.5483612;1.369321,-1.0969756,-0.25411233;-0.39922005,-0.021600267,-0.20879424;2.0600855,-0.7391374,-1.9217353;0.56058544,1.341323,-0.06088951;-0.96573746,1.9276458,1.1830871;-0.12546913,0.17112899,0.24206722;1.2795804,-1.3516103,-0.0041468386;-1.9760618,0.23465964,-0.36013216;-0.1717707,0.06801434,-0.03151336;-2.4129243,0.19504668,-0.6518726;0.11011084,1.5551951,0.27008408;0.93504333,-0.6688191,-0.3800303;-1.0569214,-1.0243906,-1.7093273;1.8625443,-0.56502724,-1.685995;0.8712995,-0.44650194,-0.14931633;1.4005514,-0.4558947,-0.9538124;-0.5372286,1.055037,1.0924263;-0.9924436,-1.302907,-1.8512373;2.0596395,-0.70208955,-1.918934;0.8766923,-0.6086129,-0.5169416;0.055615988,2.128555,0.52692306;0.012312733,-0.6921497,-0.6870359;-0.8221738,-1.2690929,-1.5345755;-0.2019724,-0.5361413,-0.6237753;0.72671777,-0.7738508,-0.005803946;-1.9128032,0.43718737,-0.3378937;-0.17657912,-0.32431012,0.9201519;-0.67270744,2.1210537,0.8405313;0.05083948,0.31348976,0.46039888;1.9933972,-0.7302465,-1.952177;0.7942464,-0.51808435,-0.39320815;0.879065,0.39312807,0.14364178;-0.78263915,2.2709594,0.9309989;0.4529606,-0.49131036,0.13790625;1.2951195,-0.6060734,-0.3869988;0.83618164,-0.7060227,-0.026944524;-0.22122458,0.4232432,0.35744798;-0.76480496,-1.1549764,-1.5081631;-0.47779945,-0.84720975,-1.2394311;-0.79152507,0.04909075,0.0010889939;-1.6158539,0.41039658,-0.2563136;-0.32935172,1.0530258,0.6271353;-1.1857866,-1.387147,-1.9808465;-0.47596556,0.8715778,1.061628;0.35673258,1.3529881,0.053675186;-0.66389215,0.55118585,0.046779945;0.12903628,0.8009901,0.31141457;-0.82805043,-1.0775026,-1.7030342;-0.73109126,1.5807981,1.1599699;-0.47245196,0.9857055,0.42273372;0.045545824,1.8743004,-0.008929929;0.05966861,1.0878754,0.24858016;-0.13352518,-0.8636392,-0.8216598;0.11621824,0.584366,0.5344801;2.3017795,-1.0290983,-2.191921;-0.105420515,-0.8516205,-0.7043721;1.6940913,-0.22037266,-1.3420889;-0.4403014,-0.36427167,1.9270849;0.67759943,-0.43796054,0.4761683;-0.106885,0.3372838,0.15847443;0.46045974,1.466598,-0.019991064;0.39987242,-0.31581956,0.46609256;-0.9612205,1.8247709,1.1792914;1.6825011,-0.46651837,-1.4399669;1.6715313,-0.4255067,-1.4405566;1.0361885,-0.9416379,-0.35284072;-0.9936962,0.37483525,-0.23068446;-0.9839562,-1.2647647,-1.7723935;-0.27920374,-0.41867664,-0.5269127;0.36508682,-0.859264,0.023772065;0.9174591,-0.32764325,0.009525485;1.5342379,-0.19719052,-1.514133;-0.23170803,-0.36434734,1.6135781;2.0342846,-0.8214121,-2.0516577;-0.89559007,1.7076367,1.2623552;-0.051396143,2.1432366,0.45848122;-1.4419644,0.53947836,-0.18155545;0.731122,0.9453329,0.16179141;0.31595963,0.2925111,0.5236054;-0.56711274,1.2316719,1.1440661;-0.56739134,-0.6671874,1.5229591;-0.23353134,-0.39013112,1.0226692;-0.837779,-1.0947716,-1.3427268;-0.3816217,-0.13338372,-0.48109904;0.07013427,2.0912046,0.4564685;0.86016583,-0.88650674,-0.15830487;1.5321214,-0.60770565,-1.3527018;0.2693826,1.8479646,0.47809365;0.09898742,-0.44845778,1.4582851;1.4562293,-0.72926307,-0.53638023;0.92592037,-1.1501344,-0.4428435;-0.7567586,1.842682,0.7313428;-0.85380447,0.14084378,-0.09098847;1.2524891,-1.1691471,-0.34135354;-0.6662661,-0.036127996,0.020866817;-0.591938,0.9978726,1.0654182;-0.34471852,-0.3059028,1.8152424;1.3933804,-0.5555811,-0.39611888;-0.45047876,-0.2785011,1.9349055;0.3492478,1.6122036,-0.06100882;0.16202542,1.625661,0.4409357;0.9607008,-0.99390644,0.019554144;-2.160058,0.28323257,-0.38664737;1.8915812,-0.5772652,-1.7650723;1.0151603,-0.7191219,-0.55594575;0.9925744,-0.8140982,-0.1594224;0.21726811,1.3018361,0.008213093;-0.32481048,-0.33998606,1.9233372;0.79238546,0.8183285,0.12643915;0.032162465,1.1172731,0.28605416;1.3431119,-0.54713005,-0.7270748;0.20616415,-0.020561235,0.15494092;0.34217277,1.7539439,0.46987757;-0.1370098,0.40354255,0.058470253;-0.7485336,1.84778,0.73052746;1.268382,-1.3426315,0.12919775;-0.3269728,-0.39660016,-0.6417625;-1.3569129,-1.3676724,-2.063552;0.041208837,-0.6540385,-0.21882407;1.2904232,-1.3375353,-0.22218834;-0.023616739,1.0939721,0.4239063;-0.9683034,-0.9453699,-1.7931553;0.039579567,2.130558,0.4609782;-0.2548908,2.1604588,0.45535633;1.1304517,-0.5179305,-0.13902709;0.3324632,1.6802155,0.6791388;1.255943,-1.3584824,0.14939117;-0.7631707,2.1814768,0.85390276;1.3885052,-0.5865002,-0.6572714;0.39281157,1.7573016,0.4552746;-0.1784747,-0.40914255,1.105053;0.26365048,1.7654874,0.44889843;-0.9066472,-0.8933831,-1.6955316;-0.48864624,-0.9702502,1.6702657;-0.46507782,-0.5147473,1.2607278;-0.18975298,0.55818677,0.97550523;0.4551966,-0.20529248,0.63728935;-1.0859697,-1.2578079,-1.8986646;-0.0034820957,-0.62707657,-0.16337672;0.45419738,-0.5772255,0.0548718;-0.7023708,1.4038233,1.0822364;-0.34590036,1.0497149,0.65926015;0.78796285,0.82811123,0.11358455;0.7929812,0.76844084,0.11131048;-1.3646294,0.49442142,-0.1691972;-0.5117331,-0.4561233,-0.8775005;0.3323132,0.14336391,0.1525018;-1.065993,-1.2671192,-1.8734637;-0.22987542,-0.4357977,-0.49670243;1.592899,-0.347677,-1.1226772;-0.20569073,0.8077718,0.98488605;0.78946686,-1.180458,0.029832043;0.37187818,1.6194044,-0.1098413;1.426193,-0.67237103,-0.61632115;-0.67740774,-0.6695324,1.8415687;1.3936967,-0.66625965,-0.35268128;-2.006383,0.1301442,-0.3900862;-1.0712434,-1.2483537,-1.8342115;1.5089786,-0.39889857,-1.4407979;0.924152,-1.2718035,-0.15486012;-0.6932419,-0.091253996,-0.12390105;0.069557786,-1.0140316,1.518715;2.0536003,-0.70996875,-1.9126246;1.2983723,-0.5554523,-0.6165202;1.3817316,-1.1106784,-0.2584951;-0.22408988,2.136106,0.5354596;0.5709652,0.24705845,0.2924341;-1.0086578,-1.214569,-1.7336667;-0.34292477,-0.40284547,-0.6523898;0.8720478,-0.37785202,-0.049906652;-1.9936059,0.45970735,-0.26064625;-0.2619521,-0.15221111,0.07318672;-0.20738558,-0.34171444,1.8518503;-0.20278418,-0.3688212,1.7061412;0.82208127,-1.0487161,-0.19602561;0.84642494,-0.7571629,-0.2930353;-0.0634248,-0.02035182,-0.15715238;-0.6154478,-0.4192325,1.9158837;-0.13656817,0.4877859,0.9730497;1.2838559,-0.45810488,-0.23517619;0.6406854,-1.2599604,1.3268199;-0.24554172,-0.370122,1.3971294;0.42880183,-1.104416,1.4418137;-0.35864997,-0.4421358,1.224875;0.20903872,-1.0540305,1.5223022;-1.4029175,0.5083212,-0.17078814;0.44204962,1.4379765,-0.13941135;1.7098929,-0.54945517,-1.5422604;0.314917,-0.99512017,-0.59174025;0.510215,1.3502165,0.10965777;-0.78482854,0.06755069,-0.08806506;-0.65766656,2.2805645,0.8447525;-1.3234571,-1.3573858,-1.9871339;-0.041928563,-0.9976931,1.5270921;0.4067805,-0.3617439,0.8088042;0.2349238,-0.85221654,0.12365668;-0.88422847,1.7579271,1.3430067;-0.337171,-0.36297017,1.8045217;-1.2322066,-1.2285451,-2.0310616;-0.9086081,1.9594128,1.1942893;-0.41415846,1.2785732,0.54347545;0.19301614,0.032085795,0.16045114;-0.880617,-1.2215381,-1.6587484;0.20748682,-0.6448959,-0.31476623;-0.2883296,-0.3381256,-0.10204357;-0.27588275,-0.07925276,0.080974884;0.70749533,0.36253855,0.2784509;-0.37449336,-0.989263,1.7017957;-0.56945395,1.8855797,0.79979;-0.23712224,1.4554002,0.069865555;0.9871835,-0.91313607,0.067876026;-0.22393407,0.4399654,0.36529502;-0.41855633,-1.02268,1.6762949;-0.121531464,-0.4430997,1.5494958;-0.46289894,1.191371,1.1248194;0.28107128,-0.026304869,0.21566236;1.3661007,-1.3465794,-0.016415888;-0.49476975,-0.873781,-1.1225073;0.56600064,1.4462577,-0.10732901;-0.83489746,-0.6201398,-1.4683707;-0.1370825,1.1112,0.6645251;-0.16267146,1.8354886,0.49511224;0.17560545,1.7659096,-0.064091906;0.14581527,-0.8896883,-0.507973;-0.7323122,1.5746773,1.1326016;-0.0548089,-0.58125716,-0.12057856;0.15704566,0.571711,0.27358025;1.8150152,-0.26847515,-1.1432303;0.9119643,-0.27314958,0.035004992;-0.6708726,-0.94892764,-1.3866756;0.65845263,-1.0645853,0.17325485;-0.5584536,-0.3583684,-0.8321837;-0.8191801,-1.2834524,-1.5323533;-2.3223145,0.1534805,-0.5009021;-0.18191592,-0.50388896,0.011368596;0.9888305,-0.9676031,-0.103039466;0.78557813,0.49213213,0.16522874;-0.517715,-0.31225806,1.8437529;-0.16195926,-0.36639836,1.7064962;0.2550894,0.6331603,0.5168588;1.2912041,-1.3432531,0.06305263;-0.855441,-1.1473744,-1.6368097;-2.2051873,0.31545135,-0.42862025;-0.60760295,1.4574362,1.0961747;-0.5453731,-0.76239455,-1.2514347;0.76229733,-0.5537525,-0.3457866;-0.5053604,-0.45886996,1.3787925;1.4123658,-0.68830585,-0.44050533;-0.73154426,1.5570928,0.7444101;-0.72367674,2.2167683,0.87479264;-2.4850786,0.17084889,-0.3481105;-0.13293852,-0.46380633,1.6766757;1.4576495,-0.48499396,-1.1912179;1.5054495,-1.25109,0.066387676;-2.4866896,0.366472,-0.5582169;0.6848562,1.1005926,-0.13675278;2.1769245,-0.82402354,-2.0757222;0.29321375,1.8064983,0.46661362;0.2741032,1.8023974,0.7006083;-0.46408516,-0.30444744,1.3492682;0.44534764,1.5520104,-0.17463277;-0.56856257,0.19756527,0.118902005;-0.91054714,1.7534982,1.1955012;-0.29802588,1.1301866,0.47539282;0.48651162,-0.6681819,0.040262062;0.5227941,-0.4903074,0.77431214;0.4016814,-0.39321652,0.60824186;-0.35591233,-1.0204694,1.6841239;0.5028388,1.0016825,0.34498724;0.11046396,1.0278444,0.41557348;-1.049965,0.3963485,-0.1094429;-0.20364542,1.263618,0.58357954;0.17718649,1.7522484,-0.06678868;1.8592272,-0.55601335,-1.741341;1.7596787,-0.39383227,-1.2523496;-0.20603564,-0.50627285,-0.05594435;-0.04244009,-0.51377064,1.3756807;-0.75346714,2.226128,0.9096617;-2.4618294,0.20060268,-0.32961592;-0.24533762,-0.20417024,0.060651984;-0.40851918,0.060318053,0.17390543;-0.17077743,1.1983453,0.369861;0.29201555,1.8268766,0.4755324;-1.2945446,0.46801224,-0.072648734;0.07420192,-0.627295,-0.69893605;-0.6688097,-0.12092321,-0.07539276;0.53458923,-1.1122369,1.388857;-0.900241,1.7721936,1.1978527;1.3366055,-1.1351832,-0.13684982;1.4077783,-1.1677643,-0.258327;0.07309747,-0.47821602,1.4735906;-0.5373428,-0.46911135,-0.91630375;0.060055587,-0.877296,-0.64081806;2.379133,-1.0291687,-2.2046149;1.3925705,-0.588618,-0.25460643;-0.5263754,0.9911862,1.0697;0.64630294,-0.3706078,0.26625863;1.7905614,-0.43307406,-1.4152158;-1.5630715,0.4438041,-0.2971192;1.5247927,-0.28963268,-1.4985167;-0.67144185,1.0291809,1.0696962;0.44828072,-0.13108712,-0.043982655;-0.46972403,-0.2762038,1.7528701;0.10938565,2.0002396,0.40077847;1.4694227,-1.2412125,-0.001247734;-0.34640625,-0.5710378,1.2918363;-0.74321496,1.5661653,1.1566383;-1.0537336,0.40203288,-0.0433454;1.426792,-0.50457406,-1.2479651;1.171608,-1.3169014,-0.096268184;-0.0898431,2.033803,0.49198377;-0.2507951,-0.61580294,-0.6880573;-0.39638045,-0.84536844,-1.0303392;0.73747486,-1.0766517,-0.09147495;0.25045156,0.69837475,0.5670511;2.2046335,-0.7956793,-2.0602405;2.4171894,-0.9688592,-2.1667619;-1.2677332,-1.3248262,-1.9212911;-2.5984147,-0.043430265,-0.5197718;-0.3888894,-0.690367,-1.1953154;0.43357056,-0.060877122,0.051054668;-0.31280747,-0.35967264,-0.34484798;-2.4877317,0.10722295,-0.5141745;-0.5271122,1.6621925,0.8351533;0.3275173,1.7191743,0.5977174;1.8633121,-0.53076166,-1.5551686;0.4669548,-0.19375958,-0.105198584
