data_set
babi-q1
num_classes
6
data_points
1000
model
saved_models/babi-q1-e0014.ckpt
color_schema
#4E79A7,#F28E2B,#E15759,#76B7B2,#59A14F,#EDC948,#B07AA1,#FF9DA7,#9C755F,#BAB0AC
test_accuracy
0.499
test_loss
1.3107679042816163
train_accuracy
0.49975
train_loss
1.3231137726306916
val_accuracy
0.505
val_loss
1.287046051979065
labels
12,9,15,12,15,12,11,12,17,17,15,11,17,10,10,15,11,15,17,15,12,17,17,12,10,10,10,15,15,15,12,17,15,15,9,17,9,11,15,10,9,11,9,12,11,15,12,9,17,10,10,17,11,11,15,10,15,12,11,12,12,17,9,11,11,15,15,9,17,17,11,12,11,10,9,15,15,15,12,17,11,9,10,11,17,11,11,12,15,15,9,9,12,9,9,15,15,15,10,10,10,9,17,11,11,12,10,9,17,10,9,9,15,12,15,11,17,15,9,17,10,9,10,12,10,17,11,11,11,9,11,12,9,11,15,9,17,15,9,9,17,12,12,17,10,15,15,15,15,15,11,11,9,17,10,9,11,10,17,12,10,10,10,11,9,11,11,11,15,10,17,17,11,9,9,17,15,10,17,17,12,12,12,12,10,9,17,11,15,17,12,15,11,12,12,11,17,15,9,10,12,17,17,10,12,9,15,12,9,12,9,10,12,10,9,10,9,12,12,9,9,12,15,12,10,17,12,11,9,9,17,11,12,17,12,10,10,10,10,17,12,15,11,11,15,15,11,11,11,11,10,17,9,9,10,10,17,17,15,11,11,17,12,17,17,9,11,10,9,10,15,17,17,15,9,17,15,12,17,9,9,11,17,17,11,17,9,17,11,9,15,15,10,15,15,11,11,12,12,9,9,9,9,17,12,11,9,17,17,15,11,11,17,10,11,17,10,17,17,11,11,15,15,11,11,9,10,11,11,10,15,17,15,10,10,17,12,17,12,12,12,11,17,15,11,17,12,12,15,15,10,11,11,10,10,9,17,12,11,12,11,9,11,11,11,11,11,12,12,12,12,12,11,11,17,10,15,9,9,10,9,10,10,17,17,15,17,17,17,15,15,12,9,10,17,17,10,17,9,11,10,11,10,15,17,15,12,10,11,15,10,11,9,12,17,10,10,15,12,9,12,12,9,12,10,15,15,17,10,10,17,15,15,15,17,11,15,9,10,11,10,12,9,11,10,11,10,12,11,15,15,15,15,11,9,15,10,12,11,12,9,11,10,17,11,11,10,10,10,17,12,17,17,9,15,11,9,15,11,9,10,10,12,12,11,10,9,12,10,9,15,10,10,11,11,15,15,10,12,12,15,11,9,12,9,15,10,17,17,10,10,17,10,10,17,9,9,10,12,11,17,17,12,12,11,12,17,11,11,12,11,11,11,17,9,11,10,12,12,10,11,17,12,12,15,11,15,15,12,10,10,9,17,10,15,12,15,10,10,10,11,10,11,15,10,9,9,15,10,10,10,10,15,15,17,9,10,12,10,10,12,12,11,15,10,10,11,12,10,10,17,12,17,11,9,9,17,17,11,10,10,10,15,15,17,11,15,12,11,10,15,17,9,11,9,17,15,12,15,17,11,17,17,15,9,10,9,9,10,10,9,10,10,15,11,11,11,15,12,9,11,11,10,17,11,11,12,17,15,15,9,11,15,15,11,9,15,15,11,15,15,15,11,10,10,9,17,17,17,17,10,10,17,9,15,9,17,12,12,12,15,15,15,17,9,11,9,17,9,12,11,9,9,17,11,11,11,10,15,10,12,12,9,9,17,12,12,9,17,12,11,11,15,15,12,11,12,17,12,17,11,12,11,17,17,11,17,9,11,9,10,10,12,17,10,12,9,9,9,15,11,11,15,17,9,10,9,12,17,15,17,17,12,10,12,11,11,17,15,9,17,10,9,11,12,15,9,15,12,10,9,10,17,17,15,15,9,9,9,17,10,17,17,9,12,17,17,12,12,11,11,11,11,17,11,17,17,17,17,17,12,9,17,10,17,11,10,10,12,12,11,11,17,12,12,17,17,15,11,17,11,11,9,12,9,17,9,10,9,15,11,9,11,15,10,9,9,9,17,12,11,11,17,15,15,10,10,11,11,17,10,12,9,10,10,10,10,10,15,17,9,11,17,15,12,11,10,10,15,12,10,11,12,12,11,11,11,15,12,17,10,12,17,17,12,10,10,12,17,10,11,17,11,12,17,17,11,12,11,17,9,9,11,17,11,11,15,15,17,17,10,10,17,12,11,15,12,11,11,10,9,12,12,15,10,9,17,15,17,9,17,17,10,17,15,12,12,11,10,10,10,17,17,15,12,17,9,9,15,10,12,15,15,15,17,17,15,11,15,10,12,9,9,10,11,11,9,9,12,15,9,15,9,12,12,10,17,17,10,12,15,9,10,17,11,11,11,17,9,9,11,15,11,11,11,15,12,17,9,10
pred_labels
9,11,15,11,9,12,11,12,12,17,15,17,15,11,10,15,11,15,12,11,12,17,9,11,11,15,10,15,11,9,17,17,15,15,11,17,12,11,12,11,9,11,11,10,11,12,10,11,17,10,10,17,11,12,15,9,11,12,15,17,12,17,9,11,11,15,9,9,15,12,11,12,11,10,9,15,17,15,10,12,11,11,10,17,17,11,11,10,15,15,9,9,12,11,17,15,10,15,10,15,11,9,12,11,11,12,12,9,11,10,9,10,15,10,17,11,15,9,12,17,10,9,15,9,17,17,11,17,11,11,11,17,15,11,10,9,17,15,9,9,11,12,17,9,10,15,10,15,15,9,11,11,17,17,12,10,10,9,17,12,12,9,10,11,9,11,11,15,10,10,17,11,11,9,12,17,15,10,11,15,12,17,12,12,10,9,9,11,9,12,12,17,11,11,17,11,10,9,9,11,17,17,10,10,10,9,11,12,11,11,11,10,9,9,10,12,11,12,9,11,12,12,9,10,10,17,17,11,9,17,17,15,11,17,9,11,9,15,10,15,12,9,11,12,17,15,11,9,15,11,10,15,11,11,10,10,10,11,11,11,11,9,12,12,11,11,11,11,11,11,15,17,11,15,11,15,15,10,12,11,9,11,12,15,11,17,11,12,11,9,15,9,11,15,15,11,11,11,12,10,9,12,17,17,17,11,11,9,9,15,11,11,12,11,15,17,10,17,15,15,11,9,15,11,17,9,15,11,9,17,15,17,17,17,15,11,12,11,12,17,12,11,17,15,11,17,15,10,15,15,11,10,11,10,9,17,17,12,11,12,11,9,11,11,11,11,10,12,17,11,12,12,11,10,11,10,15,9,11,11,9,12,17,17,15,9,9,17,17,12,11,10,11,10,9,17,11,11,11,11,10,11,10,9,17,10,17,17,10,10,10,11,9,12,17,10,11,11,11,9,15,12,9,12,10,9,15,17,10,11,15,11,10,12,17,11,9,11,11,11,11,12,11,11,11,11,9,12,11,10,15,10,15,11,9,15,10,10,11,12,17,10,17,17,11,11,10,11,10,17,10,17,17,11,9,11,9,15,11,10,15,17,12,12,11,11,9,12,15,9,15,10,10,10,15,10,15,10,12,15,15,11,11,10,9,15,10,17,9,10,10,10,11,9,12,9,11,9,12,11,17,11,12,11,11,12,17,11,17,12,11,17,11,10,11,11,11,12,11,10,11,10,12,12,15,11,15,12,12,10,10,12,15,11,10,12,17,10,9,17,11,11,10,15,11,11,11,10,17,17,11,12,15,17,11,9,10,9,9,9,15,15,11,11,11,10,12,9,10,11,17,17,17,11,11,9,12,11,12,11,10,10,11,9,17,11,17,11,10,10,15,17,11,11,9,9,15,9,17,12,11,10,9,17,9,10,12,11,10,11,11,10,15,9,9,11,11,12,11,9,11,12,10,11,11,15,12,17,9,11,11,11,15,15,11,9,15,11,11,11,12,9,12,17,9,17,11,17,10,12,10,11,17,15,11,9,17,12,10,11,15,15,15,9,11,11,9,17,17,12,11,11,9,17,17,11,11,12,10,11,12,17,9,9,9,11,11,17,12,10,11,11,10,15,9,11,12,17,17,17,11,12,9,17,10,11,17,9,15,9,9,12,12,17,12,12,9,9,11,10,11,15,9,15,9,17,9,12,9,15,17,10,11,11,11,11,15,9,11,9,9,9,17,11,11,9,10,17,12,11,11,17,17,9,10,11,9,9,12,17,12,17,17,9,11,9,9,10,11,12,11,11,17,15,11,17,9,12,11,11,11,11,10,15,17,11,10,11,12,15,11,10,11,12,10,17,17,15,11,9,11,11,9,12,9,11,12,10,15,15,11,9,12,9,10,9,9,11,11,10,11,9,11,15,15,17,15,17,9,11,15,12,11,11,10,10,10,10,15,17,9,11,17,15,10,11,10,15,15,17,11,11,12,12,11,11,9,12,11,15,10,17,9,12,15,10,10,17,9,10,11,17,11,9,17,17,11,11,17,9,9,17,11,11,11,11,9,11,9,11,12,17,12,11,11,11,10,11,9,17,15,11,12,15,10,11,9,9,11,11,9,12,11,10,15,12,12,11,10,9,10,15,17,11,9,17,9,9,11,15,12,15,15,17,11,9,9,11,11,10,12,9,15,15,11,11,9,15,9,15,9,15,9,9,11,9,10,10,15,12,10,9,11,11,11,11,11,9,9,9,11,15,11,9,11,15,12,10,11,11
pred_correctness
False,False,True,False,False,True,True,True,False,True,True,False,False,False,True,True,True,True,False,False,True,True,False,False,False,False,True,True,False,False,False,True,True,True,False,True,False,True,False,False,True,True,False,False,True,False,False,False,True,True,True,True,True,False,True,False,False,True,False,False,True,True,True,True,True,True,False,True,False,False,True,True,True,True,True,True,False,True,False,False,True,False,True,False,True,True,True,False,True,True,True,True,True,False,False,True,False,True,True,False,False,True,False,True,True,True,False,True,False,True,True,False,True,False,False,True,False,False,False,True,True,True,False,False,False,True,True,False,True,False,True,False,False,True,False,True,True,True,True,True,False,True,False,False,True,True,False,True,True,False,True,True,False,True,False,False,False,False,True,True,False,False,True,True,True,True,True,False,False,True,True,False,True,True,False,True,True,True,False,False,True,False,True,True,True,True,False,True,False,False,True,False,True,False,False,True,False,False,True,False,False,True,False,True,False,True,False,True,False,False,False,True,False,False,False,False,False,True,False,False,False,True,False,False,True,True,False,True,True,False,True,False,False,True,False,False,False,False,True,False,True,False,True,False,False,True,True,False,False,True,True,False,False,False,True,True,False,False,False,True,True,False,True,False,False,False,True,False,False,False,True,True,False,True,False,False,True,False,False,False,True,True,False,False,True,True,False,False,True,True,True,False,False,True,True,True,True,False,True,False,True,False,False,True,False,True,False,False,False,True,True,True,False,False,False,True,True,True,False,False,True,False,True,True,False,True,False,True,False,False,True,True,False,False,False,False,True,False,True,False,True,True,True,True,True,True,False,False,True,True,False,False,True,True,False,False,True,True,True,True,True,True,True,True,True,True,False,True,False,False,True,True,True,False,False,True,True,True,False,False,True,False,False,True,False,False,False,True,True,False,False,False,False,True,False,True,False,False,False,True,True,True,True,False,True,False,False,False,False,False,True,True,True,True,True,True,False,False,False,True,False,True,True,True,True,False,True,True,True,False,False,False,False,False,True,True,False,False,False,True,False,True,False,True,False,True,False,True,True,False,True,False,True,True,True,True,True,False,True,True,False,False,False,True,True,True,True,False,True,True,False,True,True,False,False,True,True,True,True,False,False,False,True,True,True,False,True,True,False,True,True,True,True,False,False,False,True,True,True,False,True,True,False,False,True,True,True,True,False,True,True,False,False,False,False,True,False,False,True,True,True,False,True,False,True,True,True,True,False,True,True,False,True,False,False,True,False,True,False,True,True,False,True,True,True,True,True,False,True,True,True,False,False,False,False,True,False,True,False,False,True,False,False,True,False,False,False,False,False,False,False,False,True,False,False,True,True,False,False,False,False,False,True,False,False,True,False,False,True,False,True,False,True,True,False,True,False,False,False,False,True,True,False,False,True,True,False,False,False,True,True,True,False,True,True,False,True,False,False,False,True,False,False,False,True,True,False,False,True,False,False,True,False,False,False,True,True,False,False,True,True,False,True,False,True,False,True,True,False,False,False,True,True,True,True,True,True,False,True,False,False,False,False,False,False,False,False,True,False,False,True,False,True,False,False,True,True,True,False,False,True,True,True,False,False,True,True,True,False,True,True,False,True,True,False,True,True,False,False,False,True,False,True,True,False,False,False,False,False,False,True,True,False,True,False,True,True,True,False,True,True,True,False,True,False,True,True,True,False,True,False,False,True,True,False,True,True,True,False,False,True,False,False,False,True,False,True,True,False,True,True,False,False,False,False,True,False,False,False,True,False,False,False,True,False,False,False,False,True,False,False,False,True,False,False,False,True,True,False,True,False,True,True,True,False,False,False,False,False,False,True,True,False,False,True,True,False,False,False,False,False,False,False,False,True,True,True,False,True,False,True,False,False,True,False,True,True,True,True,False,True,True,True,True,True,False,False,True,False,True,True,True,False,False,True,True,True,False,False,False,True,False,False,True,True,False,False,False,False,False,False,True,False,False,True,True,True,True,True,True,True,True,True,True,False,True,True,False,True,False,False,True,True,True,True,True,False,False,False,False,True,False,False,False,False,True,True,False,False,True,True,True,True,False,True,True,True,False,False,False,True,False,True,False,True,True,False,False,False,False,False,False,False,False,True,False,False,True,False,False,False,False,True,True,True,False,False,False,False,False,False,False,False,False,True,True,True,True,True,False,True,False,True,False,False,True,True,True,False,False,True,True,True,False,False,False,False,True,False,True,True,True,False,False,True,True,True,False,False,True,True,True,True,False,False,False,False,False,False,True,False,True,False,False,True,True,True,False,True,True,True,True,True,False,True,True,True,False,False,False
p2d-kl
0.7649111747741699
p2d-iter
599
p2d
0.6603889,-0.87357897;0.5450315,-0.2666618;0.43871123,0.7210891;1.9170133,0.2623596;-0.5248118,-0.64673966;-1.5529388,1.5376873;1.1177624,-0.20453593;-0.060007375,0.5412811;-0.11646333,0.43978631;-0.61267024,-2.0614598;-0.8130653,1.3422406;-0.8068801,-1.4439749;-0.7646367,-0.098614015;0.5546856,0.13677989;-0.2666118,-1.1040652;-1.2553341,1.5593688;1.8658085,0.4735991;0.43376997,0.8305553;-0.07161119,0.21146722;0.030037332,-0.79582053;-1.5546396,1.5344689;-1.3967339,0.021808038;0.5192087,-0.9423418;-0.29280937,-1.2425901;-0.70569724,-1.3556856;-0.584809,1.0526562;-0.71873045,0.7869753;0.2788219,0.90148383;1.063102,-0.43495238;0.6142006,0.8688265;-1.538688,0.9387239;-1.3164586,0.06684481;-0.95611703,-1.9053514;-0.64607364,1.5329368;0.7990712,-0.20303844;-1.3038191,1.1080431;-0.09141929,0.5228757;-0.2733301,-0.67790335;-0.1916855,-0.1671349;1.57763,0.039537136;0.74438643,1.5916559;1.8888264,0.48604932;-0.2026967,-1.5838479;-0.105817005,-0.5476518;0.65799403,0.16689329;-1.5517988,1.5679026;-1.0300075,0.964937;0.7404917,-1.282397;-0.6292606,-1.325379;-1.0233278,0.9430903;-1.3059684,1.3829337;-1.2390369,0.90129966;0.6907111,0.08324582;-0.27341625,-0.29713205;-0.754494,1.2999561;0.8678739,0.8645524;1.056106,0.45429593;-0.13119502,-1.1925334;-1.172367,0.24944302;-0.76721317,-2.0085611;-1.7467096,1.33233;-0.72161055,-1.9212791;-1.0629301,-1.4608443;1.9952796,0.41666046;0.60773975,-1.3015972;-0.6605967,1.4302151;0.6330564,-0.80602777;0.5921809,-0.42318574;-0.6385057,-1.9079921;-0.14311634,0.2197764;2.123734,0.6639715;-0.05193037,0.18392715;1.1014558,-0.43183437;-0.16915639,-0.32284376;0.8421538,-0.32095978;-0.634055,1.392469;-0.92896426,-0.88507736;-1.1329198,0.24805048;-1.0198282,0.8781799;-0.48202986,-1.7060626;2.131438,0.49373886;1.7860483,0.5383852;0.026735276,-0.5598257;-1.3502098,0.08599374;-1.0448387,-1.149363;2.1298916,0.43698984;1.8250921,0.2923329;-0.26946208,0.045614388;-1.1116587,0.021119092;-0.8729571,0.0821996;1.2034699,1.5266004;0.7932637,1.031907;-0.24937254,-0.23131321;0.63655037,-1.4245919;-0.6525435,-1.9619088;-0.65229845,1.4737048;-1.1262206,1.1951424;-0.6631466,1.0872023;-0.10791592,-0.38570452;-1.0563807,0.08895986;0.58517367,0.26009575;0.9896773,1.2329282;-0.09224869,0.48721763;1.161028,0.18767324;-0.3428025,-1.381791;-1.7105461,1.4907948;-1.3583829,1.3349367;-0.58173776,-0.61758906;1.1857187,0.13645752;-0.5682342,0.78123087;0.7981451,1.5853808;-0.61997074,0.95427674;-1.0315685,0.1732964;-1.1394061,0.9348997;-0.7460173,-1.8855504;-0.7320301,-1.4183881;0.4697704,1.101576;1.1698881,1.4853743;-0.5227301,-0.19870467;-0.5497083,-1.9484288;-1.4645603,1.6479609;0.86311996,1.2595358;-0.7945102,-0.3098413;0.6163089,1.4191222;-0.60781074,-1.8291554;-1.235535,0.35096088;1.8173089,0.45328656;-0.9394171,-0.89122903;0.6541631,0.14190687;1.1354696,-0.32611722;1.823661,0.18075077;-1.3210821,0.6830843;-0.6819716,-0.37057602;-0.29485843,-1.1633447;0.060845368,-0.5315663;1.243831,1.548504;-0.81919914,-1.9324858;-0.7067702,1.284993;0.7806763,1.1654687;1.1856844,1.3230687;-0.7095737,-1.4476839;-1.7127804,1.0780054;-0.9000801,-1.7007861;0.63970137,-0.6464148;-0.42116567,0.4170057;-0.5750277,1.0150976;-0.7728894,1.0697308;-0.8047538,0.29029265;-0.56260663,-0.7441222;-0.51843625,-1.8889831;2.0904872,0.61787933;1.2483517,0.46374837;-1.098632,-0.7336689;-0.6043258,-2.1466804;-1.1429198,0.89721286;0.5329719,0.56551963;0.14074187,-0.31646785;0.6802678,1.3465074;-1.0224087,-1.0483303;-1.6465245,1.45676;-1.4204221,1.3973302;0.8008728,1.3432914;-0.23270777,-0.36497682;-0.7338154,-1.3775929;0.8537783,-0.39409396;1.5006055,0.0121533815;1.5237485,0.09553754;-0.16797999,-0.64335257;-0.40888286,0.3690505;-0.67823106,0.47544459;-1.2298427,0.30522302;1.4602805,-0.06258852;1.3761545,-0.110741526;0.5723546,-1.3224139;-0.31355357,0.15257953;-1.2338811,0.26353857;-1.1825671,0.151087;-1.2396882,1.2788336;-0.47162142,-1.9769924;-1.045607,-0.019190682;-1.6658161,1.3345264;-1.2621728,-0.5010995;-1.6042012,0.96570665;-1.615379,0.9039131;-0.8575955,0.933315;1.2443429,1.5106404;0.8676781,1.6086936;1.0549313,0.11164579;-0.46591586,-0.6876796;-0.21386386,0.3669423;-1.7222108,1.319499;-0.88583267,1.2894204;0.98131335,-0.48033413;0.62777334,0.37432247;-1.4056714,0.7042311;1.606636,0.14018682;-0.5838413,0.61468065;0.64483225,1.292841;-0.6404285,-0.41462052;-0.17764935,-0.85832757;-1.5240847,1.0222533;-1.5321734,0.91148835;-0.8260053,1.0791839;-0.61949444,0.80765676;-0.6460866,0.59583914;0.6440425,-0.8759957;1.207934,0.4190201;0.05386919,-1.4784573;-0.07977163,-1.2140659;-0.40498325,-1.3315836;1.3512572,0.39426678;-0.94425535,0.91280586;0.6638557,-1.1578178;1.2067306,1.3202593;-0.08334426,-0.608433;-1.4268489,1.3657064;1.325029,0.17605871;-0.20590168,0.21009956;0.6355665,-1.1816149;1.0435026,-0.7066954;0.37515262,-0.8487387;-1.6698178,1.1715189;-0.701335,-0.4442216;-0.5968573,0.8213388;-0.6095117,0.72544235;-1.5252635,1.0129565;-0.65502596,-2.0335343;0.99342453,-0.5374667;0.8525868,1.0556108;-0.87658006,-1.7686944;-0.8213911,-1.7357926;0.54222816,0.87272;1.9377458,0.29604983;-0.99909925,-0.6595026;0.32415375,-1.4660147;0.5577381,0.2344969;0.97777444,1.2248749;-0.71954834,-0.10238207;-1.1102601,1.2172692;-0.95426834,-1.0622708;-1.7462802,1.3181031;-0.6003397,-0.6253329;1.0339938,0.46416664;-0.23606205,-1.4963825;-1.1956947,0.19000715;-0.6765603,1.4714965;1.0060763,0.49764302;0.8981054,1.4654672;-0.5644033,-0.81050944;0.6607911,-0.26329225;-1.433693,1.619379;-0.78652763,0.33671564;0.76636606,-0.22656251;0.2508537,-0.42942822;-0.9040028,0.9309257;0.59287024,0.29494613;-1.1821581,0.8183065;1.0928063,-0.5086914;1.0547225,0.4243286;1.7777065,0.33945894;2.1695435,0.5978387;-0.7030447,-1.5752219;0.2715802,-1.2618393;-0.4422431,-1.7596875;0.6764761,-1.3073426;1.2209209,0.2573843;0.44143784,-0.13535544;0.7978082,-0.09802235;-0.19817428,-0.83285254;-0.226024,-1.0334872;0.5195967,0.98528916;-1.1604251,-0.80979365;1.2997471,-0.21301548;-0.14512822,-0.6001453;1.2587037,0.3996702;-0.80436,1.3175633;0.3625077,-0.13412715;-0.59284526,0.5671033;-1.5383238,1.3054711;0.7258248,-1.2473075;0.7551625,1.6196415;1.7797694,0.48095727;-0.45613888,-1.7328207;-0.70933056,-0.40220568;0.85345405,0.14885038;-1.3073652,1.0342898;1.0896901,-0.29870546;-0.1915052,-0.13682364;2.0043833,0.555761;0.88280845,1.1954999;-0.63183165,1.4767516;0.5065482,-0.784862;0.11605769,-0.38583976;-0.83009595,-0.019011673;-0.93651277,0.15485995;2.0652227,0.4571684;0.91495025,-0.8400746;1.1047392,-0.16948488;-0.17419168,-1.7139177;-0.09313835,-1.1470909;0.97000635,1.4248279;0.41561723,-0.79431623;-0.46201658,-1.7891648;-0.9349826,-1.601908;-1.0448047,-1.1151736;1.2584003,0.33776873;1.0098023,0.885095;0.7757042,1.473537;0.8749014,-0.3370635;-0.7621279,-0.3448778;2.1171575,0.46934962;-0.37048867,-0.066906996;-0.11391036,-1.5868977;-0.19907461,-1.1686434;-0.8870888,-0.1813845;-0.9321129,-0.6924991;-1.5451926,1.6490688;-1.2229905,1.0821475;-0.585087,1.1370876;-0.4657139,-0.86070305;2.201276,0.46556023;0.6827953,0.98469055;0.24649988,0.90897715;0.67924726,-0.15419458;-0.59723914,-1.8097245;0.88425225,0.8814531;-0.5461588,1.0505742;1.2106189,-0.2921995;1.055091,1.3250805;-0.97162575,-0.9426937;-1.1103629,1.1606694;-1.2605951,0.109725155;-0.7051868,-2.0297966;-1.3087422,0.0068847067;0.46930307,0.82428217;1.6683114,0.17115463;-1.7018888,1.2300196;0.8351749,-1.1364768;0.09228533,-1.2249869;-1.0409454,-1.0313933;0.42774186,-0.8735377;2.1689677,0.6834151;-1.5044245,0.21913925;-0.9401592,-0.16751224;-0.093283884,-0.8435584;-1.4867431,0.14606126;-0.49909928,1.5510077;-0.9449008,0.7791927;-0.22162637,-0.7269953;-0.5461404,-0.86758506;2.1601582,0.6419518;-0.1453827,-0.23489626;0.9504721,0.42457044;-0.91787463,0.97812736;1.1305034,1.3521898;-0.80611813,-1.7748586;-1.131639,-0.8854624;-1.6396536,1.0149513;0.030080928,-0.3656013;-0.16648725,-1.6416689;1.9391114,0.5886898;0.90213376,1.1865393;1.1809012,0.35796237;1.3178403,0.028049676;0.4948912,-0.30693;1.8594251,0.17156757;0.18066706,-0.12711142;-0.13316293,0.37230486;-1.6861589,1.5300275;-0.51198786,-1.4350202;-1.7048297,1.4992924;0.36494157,-1.1451285;0.043714345,-0.4466915;0.45634001,0.60380226;-0.62627393,-1.4370866;-1.4776185,1.6603346;-0.23343171,-0.6467833;-0.71477586,-1.6565118;1.629709,0.18160067;0.961483,0.2851909;0.8577177,0.8765368;-0.33953428,0.20917994;-1.4925054,0.1684243;-0.50532836,-2.1300676;-1.0769536,0.2338413;1.2264887,1.5453962;-0.67268914,-1.6095461;-1.309498,0.6041396;-1.0573457,-0.17136623;-1.3308213,1.2929387;0.40155846,-0.08637485;-0.3121945,0.11565674;1.144754,-0.3708899;-0.29441652,-1.4682397;0.5607057,-0.89673775;-1.2393477,0.33400124;2.078042,0.66199005;1.4922287,0.098611586;-0.31633767,-1.2537464;-0.20468,-1.6124897;0.6087491,0.28446218;1.9288385,0.53456515;-0.42792094,-0.008532053;-0.6208604,-0.5370403;-0.9862211,-1.0468746;-1.0741682,1.5107566;-1.2153472,-0.5112479;-0.7820413,-1.5498303;-0.2987185,-0.37991753;-0.6480395,0.7178712;0.53438073,0.562426;1.9890853,0.75974655;0.86798114,-0.2868457;0.34238464,-1.269567;-1.3431644,1.0640265;-1.2802354,1.356452;0.98910713,-0.19065604;0.86951524,0.1295714;1.3946776,-0.05328047;-0.634207,-1.6291864;-1.071783,1.120668;-0.10614482,0.54947436;0.5660447,-0.7270036;0.10994784,-1.2406837;-0.41123107,-2.0541782;1.2827104,1.5598;-0.55011463,1.3799232;-1.3991044,0.100613534;-0.18472493,-1.1133065;-0.34368667,-1.29079;-0.82532287,1.3099365;1.0457045,0.50552166;0.13096449,-0.105026305;-0.13088605,-0.07903171;-1.2751666,0.7424824;1.8340828,0.57341874;0.6784912,-1.1215154;0.25360078,-0.36606032;0.82348925,0.38830674;1.6100792,-0.016468558;2.2056842,0.60459846;-0.09131995,-0.011759608;1.087666,-0.62815475;0.8453682,-0.2732967;2.0116658,0.72923154;0.6406845,0.32309076;0.6726763,1.3885213;-0.28635764,0.35599956;1.7448187,0.37494162;-0.23577046,-0.92646325;0.479876,1.004264;-1.4360982,1.6893592;0.36280382,-0.022598285;-0.3383354,-0.75172615;0.8587417,1.1113291;-0.81070447,1.2740185;-0.7147779,1.0897889;-0.7725821,0.7503123;1.5776528,-0.05441547;-0.24705048,-1.7218724;-0.8512583,-1.6918274;0.13896553,-0.25174785;-1.5559804,1.2695026;-1.3307817,-0.055553798;0.9752482,-0.87380314;1.876487,0.5377103;0.13763247,-0.06916627;0.79616535,-0.1636089;-0.26933974,-0.355931;-1.2518998,0.04521994;-1.3176996,1.3639581;-1.0643934,-0.74971396;-1.6446663,1.2965603;1.0345501,-0.61583555;0.60353965,0.96247137;-0.74761355,-1.4433151;0.6864456,1.2689301;-0.7820147,-0.12514772;1.371463,-0.13784353;-0.35733125,-1.3689396;-0.5872783,1.0304227;-1.3543172,0.065698735;-1.622353,1.1636246;0.32106987,-1.2940587;-0.2471501,-0.7032991;0.6559372,0.3361787;0.7106403,-0.8995155;-0.13495485,0.53188807;-0.6242684,1.0547504;0.5661412,-0.6782795;-0.6244383,1.4268786;-0.7340408,1.1104256;-0.661141,0.6294615;-0.29074565,-1.1025476;-0.34482935,-0.69949144;-1.1007836,1.5162016;-1.0663055,0.20144282;-0.6545401,0.66110957;-1.6180485,1.4499341;-0.9640909,-0.11933393;-0.62853765,1.395305;1.7988923,0.5897966;-0.101081975,-0.80049527;-0.2460708,-0.8609617;0.6205642,-0.4085896;0.46934626,1.0401363;-0.62568194,0.66739166;-0.93167084,-0.8405869;-1.0471462,-1.4819399;-0.523174,0.7300635;-0.76554054,0.8067359;-1.1936384,0.7818822;0.5416878,0.18262254;0.68963605,1.4534732;-0.29828015,-0.050329853;0.98958254,1.4551641;0.77877706,0.14508602;1.1443777,1.2768;-0.0059179002,-1.5032096;0.98080117,-0.71479344;-0.7895001,-1.8329455;1.3974456,0.036376756;-0.09114521,-0.008851906;-0.123971134,-1.2494323;1.2985443,-0.14339833;-1.5352441,1.5145048;-1.2026967,-0.6701907;2.0359676,0.52007073;-0.90656024,-1.6040117;-0.35399988,0.5190766;1.835806,0.25730398;-1.3144993,0.6480355;0.7919899,0.39989817;-0.21556216,-1.4188315;1.1299269,0.22476082;1.9450527,0.57154375;0.18389216,-0.4734018;-1.6511341,1.0761969;1.4576695,-0.17386389;-0.3241083,-1.4208045;1.432303,0.033886757;-1.5206927,1.6250595;0.013859594,-1.4184368;-0.36675987,-0.99866307;-0.71659434,-0.14150444;1.9103652,0.586663;0.25904092,0.9082845;-1.66819,0.966245;-1.0129116,0.8289041;-0.3554739,-1.0205358;-0.7692531,0.8029845;-0.12983786,0.16974677;-1.1147914,0.10093584;0.1899737,-0.43506947;0.1893893,-0.07042071;0.4152864,-0.8724615;-1.2132711,-0.07107747;-0.73291314,0.73145396;0.49955338,-0.9893204;-0.76510346,-1.8204036;1.879552,0.5953242;-0.14571172,-0.82034034;-0.1933675,-1.0126828;-0.4098896,-0.7470299;0.20821324,-0.394531;0.94705963,-0.2098187;0.46362993,-0.09133613;-0.3750508,0.31824607;-1.2742027,-0.015260508;-1.4488025,1.4937809;2.2013035,0.559417;-0.28345156,0.19493881;-0.8771968,0.12712756;-1.1833113,-0.64496857;0.99057686,-0.877498;0.6661283,-0.86014354;-0.69122785,0.9971235;0.69955736,-1.1902074;0.78876466,-1.2633862;0.76118267,-0.334406;-1.2500763,1.5538585;-0.5983398,1.106918;0.676274,0.20706022;0.42003313,-0.34995848;-0.16672024,-0.7392793;-0.7298932,0.7515576;0.049725473,-1.3233058;0.59826237,-0.8483611;-0.6942469,0.694827;0.6165593,0.16513261;-0.82758623,-1.7766919;-1.2093576,-0.5688465;-0.81341463,-1.5788891;1.0333865,0.23911965;1.1974483,0.5164418;0.9336426,1.4324188;-0.07178294,0.48666024;1.0700759,-0.8376888;-0.26992926,-1.7602321;2.0942254,0.73533356;0.53857803,0.56237835;-1.3987575,1.6348065;0.90005016,0.37027428;-0.57970786,-0.4505785;-1.1780211,-0.7184354;2.198893,0.6327029;-1.268132,0.26707157;1.3707333,-0.23502007;0.08552789,-0.20495735;-0.3434441,-1.2022624;-0.797508,1.3018057;-1.1709042,-0.0019730604;0.9823751,-0.26446384;1.2322956,-0.3367195;0.83578044,1.1534868;0.7859511,1.6206977;-0.8149494,0.122992024;0.5325262,-0.7895207;-0.6060848,-1.8566481;-0.16308647,0.39863846;1.3325992,0.32389215;-0.3202217,-0.11758509;0.850747,1.1873707;-0.90951043,-1.8562013;0.6508192,1.2377677;-0.7846483,0.81541234;-0.18621957,0.21183127;1.0773766,-0.5441051;-0.27486864,0.05203939;0.5146748,0.15108253;0.94705963,-0.2098187;0.12908342,-0.15326038;-0.54308957,0.9542096;0.7057169,1.0917653;0.7657455,-0.30087006;2.1463563,0.4647993;-0.3869215,-0.025775196;-1.4870429,1.4866745;1.4162363,-0.25710112;0.6407566,-1.035803;2.1694016,0.43696594;-0.36060292,-0.33793646;-0.88684577,1.015984;2.016414,0.33924416;1.1080168,-0.45269665;0.6070362,0.710778;-1.6423199,1.3481642;-0.68180287,-2.013367;0.62097937,-0.6177033;-0.14558385,-0.8778524;0.9280446,-0.22912134;1.7925621,0.45722848;0.22990656,-0.12130628;-0.98160243,0.0050443276;0.7939984,-1.3422844;0.9546936,1.3912992;-0.79155207,-0.3089325;1.3183867,-0.16135176;1.2484398,-0.38240528;-0.30477133,-0.738827;-1.5163181,1.4784791;0.5654667,-1.189388;-0.25221062,-1.7781126;-1.3284434,0.70607674;0.7589185,-1.1847591;-0.8216716,-1.7373748;1.2881742,-0.21948284;-1.0415058,-0.6186114;-0.67767596,0.4571215;-0.20613524,-1.4622692;-1.4443244,1.6385583;0.88351357,0.3100458;-1.1470184,-0.7004945;-0.7303756,-0.37269777;0.8503146,-1.0486523;0.6546602,-0.9252987;-0.9192246,-1.6299387;0.3114569,-1.4659965;-0.12851168,-1.2300665;0.7441278,-0.90946203;0.48438296,1.0071377;-0.5013429,1.0283247;0.34432355,-0.030360859;-0.6656016,-1.9401027;0.82663995,-1.1068536;1.5698768,0.06570305;0.66420084,1.451183;-0.9008522,-1.8353928;-0.641081,-2.0922947;-1.6728041,1.3701947;2.1468408,0.60627;0.71940327,-1.0987458;-0.59354347,-1.9804106;-1.64556,1.2443547;-0.7764527,-1.5576618;1.2396126,0.3270781;0.7784684,-0.19646016;0.053659976,-1.487694;-0.8767758,-0.14692126;-0.22584331,-1.1133405;-1.7411342,1.3927832;-1.5568964,0.88769186;0.5800877,-0.6430151;1.1230278,1.3101522;-0.9451768,-1.4375918;1.9687175,0.20966063;-0.3903188,-1.7408929;-1.0053418,-1.4478416;-0.12090475,-1.6221157;-0.37328348,-0.11205413;1.2880158,0.34482417;1.443804,0.15758936;0.14708395,-0.11895222;-0.82058287,-1.079856;0.63665617,1.3543519;2.1318998,0.6326034;0.10238519,-1.3961531;-1.1781198,-0.4478033;-1.3042452,-0.0297646;-0.7686201,-1.9238006;2.2331264,0.5606725;-0.17761351,-0.17649494;0.627166,1.4924574;-1.115382,-0.9687717;0.04254372,-0.49252298;-0.70832026,-1.4756829;-1.5061557,0.20105347;1.3215977,1.6019598;0.58382434,0.9476504;1.1571838,1.4011984;0.94955665,0.8429558;-0.08514815,0.2929925;-1.6842724,1.0391781;-1.2543242,0.75327796;0.11859746,-1.3350776;-1.3957415,1.3921262;0.55151695,-0.7710406;0.8891697,-0.32212865;0.9242984,-0.25957313;-0.38791108,-1.2814987;1.3268856,0.38925612;0.54730654,0.7182274;0.765233,1.4646081;-1.0086741,-0.24453531;0.94767064,1.3159436;-1.2841578,0.94274914;0.8722785,1.3528801;-0.21350668,0.27624664;0.52837336,-0.97933143;-0.93071854,-1.0076516;-1.2907964,1.0766459;0.120159894,-0.2809406;0.050682787,-1.3512279;-0.2205767,-1.1736028;0.7709912,0.17364943;1.9414005,0.20356837;-1.1430914,0.36670366;0.6244266,-0.7033492;0.7605324,-1.3476545;0.82143676,1.12465;0.7721561,1.5823405;0.7558845,1.1696336;-0.95448965,-0.97440463;1.1569307,-0.46495077;-0.28158343,-0.46022153;1.2492926,1.5215;-0.9630469,0.88294375;-1.2617357,0.20772442;-0.45800537,-2.129323;0.8671212,-0.8641302;1.2346594,0.29404813;-0.39241016,-0.30421346;-1.2388744,0.052210234;-0.9425501,-1.9067523;-0.3178153,-0.109539926;0.4154811,-0.051296514;1.2386523,1.4617378;1.1194061,1.3961738;0.30380753,-1.3864374;-0.54220045,-2.1320758;-1.3919644,1.386258;-1.5436844,0.8868695;-1.127456,-0.34450656;0.59677887,1.4796717;1.330662,0.074045084;0.7973583,1.6455657;1.1445382,1.5147562;-0.32697013,-0.22642897;0.3525056,-0.3870376;-0.097836636,-1.505831;1.5746764,0.13395391;0.5293816,-0.2642613;-0.97379863,-0.65984845;-1.0065497,0.16742821;0.75614816,-1.3987032;-1.2379079,-0.5590241;-1.0690755,-1.4581658;-1.0631253,0.8688741;1.0126314,-0.8176168;0.65935063,-1.2292688;1.8602898,0.18187642;0.2950163,-0.38834903;-0.9206327,0.98289204;0.32483488,0.02058633;-1.0882127,-0.92947984;2.1672072,0.47942585;0.43636775,0.5360788;1.7193123,0.5206275;-0.20750606,-1.548318;0.47594765,0.8274346;1.8661438,0.5703205;-1.2548358,1.4478221;1.8622743,0.22166981;0.18826814,-1.2053266;-1.1561334,0.80620533;-1.2774713,1.0309106;-0.7119127,-1.9878464;-0.9693344,-0.061555788;-0.6541401,-1.3793335;0.5373955,-0.98070836;1.2568213,0.2731324;0.60787034,0.2025705;0.5561615,1.342645;-1.0970441,-0.36540124;0.6311312,-0.45935452;-0.7378365,-1.4679317;0.36112267,-1.2889994;-0.64458585,0.88936186;-0.685605,-0.34338027;-0.93344986,0.06266568;2.1397805,0.68062925;0.8706564,1.0946136;-0.19688512,-1.5137917;0.7190922,1.1670012;-0.44809294,0.3724104;0.65119267,-0.8935969;0.78792334,-0.36124328;-0.19671902,-1.660937;1.0488551,-0.8228719;-0.15739778,-0.30823606;2.081892,0.4496343;-0.65221024,-1.6302329;-0.49037638,-1.9937488;-0.6729921,1.1205022;-0.58970267,-0.67428714;-1.2815706,1.0542974;-0.63045555,1.1597575;0.32548088,-0.7274845;-0.33593407,-1.8141631;0.6996934,-1.4168513;-0.61439526,1.0826267;0.39830253,-1.2298484;1.0545232,-0.51434857;0.37272128,-0.36733022;-0.12063373,-1.1149228;-1.2448747,1.3342739;-1.2661866,1.2671585;-1.1038842,0.78234214;-0.89940685,-0.015800135;-1.2634461,-0.4588287;0.96619946,1.3983322;0.505369,-1.3169945;-0.9988037,-0.6200288;-0.97818065,-0.12826468;-0.837093,0.72248054;1.8112518,0.1656285;0.12239292,-0.18615052;-0.43943056,-0.8539456;0.4249736,1.0752485;-1.658912,0.9397573;0.88556224,0.86364436;1.3986713,0.07618639;-0.17103404,0.5252319;-0.2609246,-1.6916821;0.7114692,0.039492074;2.2084322,0.6527368;0.58242846,0.86229277;-0.52721095,-0.19425184;0.73069984,0.36140493;-0.86921877,-0.80733764;-1.0789727,1.4965159;-1.4578881,0.9858924;1.1019762,1.5655569;-0.2994617,-1.743272;-0.5213793,1.5246295;0.59848064,0.3303279;-1.375432,1.6143292;-1.5767446,0.9760925;-0.35458463,-0.47894672;-0.2782738,-0.50065994;-0.75924623,-1.406531;-0.9749272,-0.69231683;1.5984341,0.41379598;0.5980419,-1.2233607;-1.1265337,-0.8949772;-1.2424322,0.40850914;1.9307433,0.45260298;0.02251345,-1.4070184;-0.9611869,-0.8323193;-0.6208047,-0.18024279;0.81786364,1.6056768;-0.92197245,-1.6553413;1.0700476,-0.33978528;1.5300432,-0.039502636;0.90940773,1.073536;1.2784771,0.2990206;0.64989525,1.0032669;1.2556765,0.2213419;0.6504695,-1.2254113;-0.4838701,-2.0700052;-1.3712538,1.3547461;-1.2416121,0.86788005;0.36509088,-1.3847892;0.9731237,-0.5330838;1.1862339,-0.19855376;0.3967406,-0.06832127;-0.38159624,0.36853582;0.80763024,0.4183391;-0.5215738,-2.0742006;-1.1479893,-0.45519567;0.51705986,0.9744558;1.7314603,0.25275502;-0.99454236,-0.62108624;-0.88597244,-1.0828149;-0.79495543,0.87877065;1.286517,0.3707602;-0.9486734,-1.4351543;-0.6377743,-0.41679212;-0.49938223,-1.862919;0.95592177,0.80249774;0.66461617,1.5272813;-1.1809895,1.1770356;1.8334594,0.6660706;-0.8061214,-1.0529736;-0.94439614,0.11080871;0.42299762,-0.8684;0.044528663,-1.4346786;0.6043387,0.05567884;-0.13688105,-0.28264385;0.6701709,-0.37171376;-1.098887,1.5244889;-1.1922514,0.3083407;-0.65941936,-2.061363;0.91608244,-0.6413709;0.6874897,-1.0497545;-1.2686914,0.21693738;0.6431012,1.1609023;-0.63761675,-0.45193884;1.0346768,-0.4521385;-0.14231528,-0.5756199;-1.7388703,1.4209421;-0.711878,1.2674493;0.3506943,-0.10688467;-1.488167,0.9560557;0.03308181,-0.7839354;0.81994253,1.6398427;1.1167672,1.4951521;-0.15160416,-0.79748017;0.76724315,0.21269986;-1.3426781,1.4517214;0.41850626,-0.9117177;0.76381755,-0.39439535;-1.1320153,0.15507409;-0.95301104,-0.088040456;-0.623519,-1.3581262;-0.71841145,-1.4396982;0.8605381,0.91486615;-0.5658805,-0.82394856;0.43468896,-1.411142;-1.0259964,-0.19196407;1.0025964,1.4256668;0.3930508,1.0013758;1.2966759,1.5138856;-0.3845122,-1.842047;1.0211445,-0.7165926;0.91270995,0.87928414;-1.3697917,1.5602646;-0.21837229,-1.051048;0.31919897,-0.1669967;0.36912742,-1.3706489;-1.0963032,1.493466;1.090362,1.3426985;0.9915502,0.29702795;1.0262504,-0.7386418;-0.3068549,-0.73433244;0.42134222,-0.03933095;0.33241916,-0.34020227;0.8673978,1.5537065;0.921634,1.38571;0.80610406,1.4835391;1.9062632,0.19605303;-0.48425195,1.369982;1.0086353,0.39905667;0.5583285,1.3510168;-0.50058174,-2.0284665;-0.66630644,1.487147;-1.5993813,1.3513179;-1.3879521,1.5230058;0.6650206,-1.3995132;1.8797728,0.35938877
p3d-kl
0.6393433809280396
p3d-iter
599
p3d
0.1225156,0.7679446,0.87386453;0.47790527,0.5423663,-0.2253584;-0.8494832,0.1948375,-0.7735204;1.0584843,1.7971208,-1.5263971;0.40546095,-0.8247767,0.4413994;-2.3124843,-0.7641536,-0.4667544;0.51275426,1.0970434,-0.3444634;-0.9067151,0.5168354,0.5973648;-0.9111025,0.30181232,0.67856675;1.2132858,-1.0359027,2.4469569;-1.2499417,-1.2774134,-0.7515434;0.76847255,-1.2012552,1.3178263;0.0784305,-1.2862062,-0.2007786;0.75663024,0.23644032,-0.54570955;0.71593636,-0.2645643,0.97285986;-1.8391252,-0.9712251,-0.6939687;0.64692026,1.6996471,-1.6757945;-0.62577975,0.36872953,-0.8277865;-0.49013698,0.25711635,0.93083596;0.7189206,0.20670368,0.39142692;-2.312418,-0.75841975,-0.4652097;-0.623158,-1.3603984,0.46626306;-0.09442844,0.9870916,1.0637212;0.7833833,-0.39353356,1.1906837;0.9100914,-0.9946764,1.1308051;-0.8835539,-0.7945563,-1.0894688;-0.73924345,-0.4088411,-0.66187906;-0.5882302,0.3035327,-1.1240706;0.6367127,0.92154515,0.045906875;-0.40228766,0.63048375,-0.57723486;-1.6136298,-0.9371464,0.29770777;-0.61816514,-1.3893317,0.24213798;1.1209966,-1.6372634,2.1026633;-1.5470015,-1.1425582,-1.2870235;0.03733452,0.80949056,-0.18391871;-1.6734952,-1.024604,-0.34712452;-0.8756136,0.49388015,0.5775867;0.28502512,-0.31600448,0.3286013;1.3616161,-0.1205559,0.044915836;1.0616868,1.470416,-0.8589256;-1.1967072,1.2813207,-0.0379129;0.67403466,1.6886039,-1.7320982;1.304298,-0.46773246,1.5107032;0.30054107,-0.37227577,-0.15065697;0.7451919,0.42370105,-0.7369053;-2.339382,-0.7789111,-0.503002;-1.463842,-0.38318548,-0.3845683;0.938126,0.8699185,1.0001051;0.6119555,-0.93332845,1.2602513;-1.4165218,-0.3605001,-0.33184183;-1.8754579,-0.40970314,-0.5692172;-1.3336787,-0.8544954,-0.21403866;0.8592239,0.58756036,-0.60174733;1.3396473,-0.3314115,0.3058135;-1.1834223,-1.2281146,-0.83374846;-0.30069447,1.0707759,-1.0713949;0.28559777,0.9603213,-1.2454412;1.1255456,-0.3498023,0.88163406;-0.72500056,-1.387653,-0.30542266;1.2485716,-1.3221275,2.4198887;-2.2382636,-0.5426261,0.022033012;1.066634,-1.1631311,2.187602;0.6955769,-1.6371391,1.5366659;0.90807337,1.804325,-1.7875806;0.9393827,0.6556645,1.2249523;-1.3806193,-1.2038832,-1.2165892;0.030343937,0.9018412,0.79291874;0.29226333,0.5319074,0.23599382;1.3532958,-1.299876,2.2003508;-0.36896387,0.48628035,0.8432591;0.98354274,1.7388113,-2.1226501;-0.48432106,0.21625172,0.96718985;0.63404715,0.8206866,-0.017427932;1.1891634,-0.17321058,0.30011111;-0.020209456,1.016839,0.061891265;-1.3021737,-1.1907054,-1.2152056;0.41172972,-1.271344,1.045397;-0.6822117,-1.3722248,-0.38929698;-1.2800751,-0.35290858,-0.23772664;1.090894,-0.83180857,1.7179967;0.7755695,2.053685,-1.9790435;0.44338217,1.6242951,-1.6315311;0.56667006,-0.16033038,0.03001864;-0.68928885,-1.3611121,0.27012053;0.15320413,-1.1316081,1.5937749;0.7657095,2.065674,-1.9475979;0.8916202,1.743768,-1.3716507;1.1717848,-0.021215297,-0.43032357;-0.28870204,-1.3721591,-0.07839655;-0.09432486,-1.0816804,-0.47704387;-1.3122414,1.2764148,-1.0320299;-0.5325147,1.0479286,-0.7545071;1.4820261,-0.24612454,0.36126593;1.1061175,0.8105001,1.3684666;1.2709715,-1.1873965,2.2573886;-1.4527639,-1.2052114,-1.2333317;-1.5865151,-0.8714385,-0.63023525;-1.0520654,-0.7946247,-1.0514092;0.22601603,-0.5633426,-0.34182668;-0.37654617,-1.2420678,-0.25437814;0.7605091,0.252608,-0.8785527;-0.6619271,1.341531,-0.7354739;-0.9166626,0.43233004,0.61568385;0.43148947,1.1095026,-0.7287749;0.80419564,-0.35593224,1.5177884;-2.509796,-0.7647616,-0.16114669;-1.9131763,-0.436869,-0.45699686;0.4102283,-0.93172616,0.4377491;0.47668272,1.1503308,-0.6122993;-0.58472717,-0.57205707,-0.9224876;-1.2208782,1.3014588,-0.09634712;-0.85072994,-0.61860234,-1.0283954;-0.43329337,-1.2894709,-0.45832765;-1.335835,-0.6661647,-0.32858053;1.0859969,-1.2539786,2.1322243;0.9197568,-1.0929635,1.2500734;-0.9637904,0.7721377,-1.0201676;-1.2236298,1.287248,-0.94955;0.61807716,-1.0926073,-0.37212023;1.4514918,-1.0871947,2.2639732;-2.2807355,-0.84209603,-0.77097505;-0.671973,1.272688,-0.41528085;0.23056556,-1.3401124,0.091562055;-0.77613926,1.1270113,0.1484067;1.5182774,-1.2756492,2.2069285;-0.95314884,-1.3734858,-0.3498166;0.63660824,1.6295621,-1.5729505;0.36298254,-1.2590693,1.0374361;0.76300037,0.43068326,-0.697574;0.62698364,0.96429265,-0.19365276;1.109164,1.7595507,-1.270106;-1.1296611,-0.958743,0.123017624;0.40511456,-1.1687769,0.123832;0.7109744,-0.3290748,1.0522016;0.62117386,-0.140167,-0.031551693;-1.3448842,1.2682757,-1.092086;1.0024202,-1.3620473,2.2751174;-1.1531255,-1.1630068,-0.94246495;-0.46279454,1.117548,-0.3285618;-0.94336194,1.3291513,-1.0716808;0.9197678,-1.0878148,1.2926836;-1.7961955,-0.5253188,0.24981298;0.73517644,-1.2502916,1.9193197;-0.266977,1.1225492,0.5831176;-1.0434145,-0.14576074,-0.022304159;-0.8382083,-0.7816831,-1.0853009;-1.2545165,-0.65273756,-0.9688297;-0.2818166,-0.89000463,-0.62363344;0.26528051,-0.76922464,0.60622805;1.2553821,-1.0364863,2.039615;0.9528318,1.7497059,-1.9904844;0.081836045,1.3240511,-0.92339784;0.017613055,-1.4822801,0.9130067;1.294931,-0.99126744,2.6094115;-1.3591197,-0.59241647,-0.17799412;-1.0350891,0.09212658,-0.5694384;0.61283225,-0.06336012,-0.34686613;-0.7554565,1.0527393,-0.0013938651;0.15315446,-1.0728555,1.366189;-2.3751082,-0.80014735,-0.18895894;-2.0626318,-0.45528942,-0.45767692;-0.8805957,1.1473546,-0.35991946;1.1889117,-0.32809815,0.41983724;0.9542043,-1.0554057,1.1630247;-0.09746445,1.0833907,0.21507321;1.0016141,1.397161,-0.72260624;0.90729845,1.4833112,-0.8513744;0.3360352,-0.3967196,0.1283369;-0.93736273,-0.07774617,0.14033078;-0.23853703,-0.6042751,-0.5986849;-0.8840402,-1.3817441,-0.2925768;1.0327896,1.3315953,-0.58401185;0.9447191,1.2786837,-0.42349637;0.9810569,0.6014122,1.2770038;1.2651219,0.03647059,-0.6304827;-0.8305553,-1.3870755,-0.21224165;-0.5889283,-1.3720002,-0.16014576;-1.6312081,-0.48039046,-0.5254774;1.3949295,-0.86702126,2.1955817;-0.16918331,-1.2557092,-0.11666392;-2.263622,-0.7606075,0.017202826;-0.5141765,-1.3625295,0.71449375;-1.6979423,-0.8144258,0.35364795;-1.6219532,-0.82206035,0.4444292;-1.1288826,-0.48618773,-0.61403185;-1.3349929,1.2660007,-1.0880119;-1.2529136,1.3350692,-0.24895315;0.4817146,0.9499516,-0.60516185;0.34274125,-0.6837966,0.45210877;-0.7954952,0.14992625,0.5816036;-2.2265382,-0.57767296,0.033180602;-1.2741691,-1.2629184,-0.5831891;0.5014504,0.9788483,0.26192683;0.8561619,0.3666278,-1.0684106;-1.2217494,-0.97729164,0.31338894;0.92162126,1.5797215,-0.9841493;-0.27879232,-0.38629732,-0.7173829;-0.65690243,1.0578407,0.012298344;0.55301094,-1.1927124,0.14897412;0.6240767,-0.26657596,0.51978827;-1.7612776,-0.94076425,0.18213294;-1.6069144,-0.9747941,0.35217205;-1.2396165,-0.69065607,-0.8019497;-0.5881701,-0.6655814,-0.8199461;-0.36832905,-0.36597723,-0.67152846;0.11532384,0.76521456,0.8770293;0.20199281,1.2481225,-1.1232351;1.541376,-0.23831862,1.1936383;1.0851496,-0.49047747,0.8377724;0.6593645,-0.40308568,1.4715278;0.3392431,1.4149941,-1.1976117;-1.2236187,-0.27780035,-0.4489507;0.7310689,0.66675436,0.98574126;-0.94173896,1.3440881,-1.1097492;0.41295308,-0.39139503,-0.03151706;-2.0461552,-0.45489335,-0.42153773;0.598004,1.3203975,-0.81457484;-0.44473532,0.45460743,0.7345115;0.75736326,0.6490436,1.047675;0.89037365,0.64271045,0.17028503;-0.24512774,0.5013947,0.95422494;-1.9906704,-0.7152857,0.2002431;0.42039922,-1.1489089,0.22826093;-0.6049349,-0.6503489,-0.8804795;-0.47342193,-0.5961633,-0.7755232;-1.7540977,-0.9434361,0.19404998;1.1733391,-1.1117413,2.4071722;0.57129717,0.95616126,0.3697679;-0.4683722,1.1415504,-0.69779056;0.8333411,-1.3312069,2.0210571;0.89669,-1.3798007,1.8678771;-0.47185814,0.5329643,-0.7072338;0.9796764,1.8617307,-1.5494403;0.1457709,-1.7233213,1.033203;1.2385883,0.260066,1.5144864;0.7449743,0.2023534,-0.78902584;-0.64262646,1.3268738,-0.71710896;0.15418683,-1.3083874,-0.25784984;-1.5293376,-0.7897598,-0.6347374;0.13232212,-0.99727005,1.2193499;-2.2262497,-0.5419957,0.027053298;0.41427797,-0.96164703,0.48965544;0.26426664,0.9195491,-1.2313582;1.1408435,-0.3693905,1.5102066;-0.6574786,-1.3594798,-0.17887296;-1.4564791,-1.2045879,-1.2321432;0.22842674,0.87517893,-1.2634262;-1.031309,1.3387586,-0.42251801;0.24870315,-0.7296335,0.7733691;0.0751631,0.52362967,-0.059676442;-2.2163978,-0.8338206,-0.7704388;-0.365459,-0.808757,-0.70365727;0.038883436,0.763965,-0.13993369;0.5580716,0.13928625,-0.057586156;-1.2125005,-0.40065104,-0.55144775;0.7692233,0.2774735,-0.9512564;-1.1647434,-0.74822146,-0.25388893;0.6889336,0.85962987,0.13468659;0.34248745,0.9736909,-1.249781;0.8375896,1.6173742,-1.4244353;0.9778425,1.8648355,-2.145737;0.98930806,-1.2952698,1.495169;1.3764695,0.2030714,1.0384048;1.1741681,-0.8386155,1.8288225;0.9548679,0.7816482,1.1522188;0.369818,1.2693857,-0.8237305;0.03512869,0.34737617,-0.28019723;0.071090266,0.75929224,-0.42119345;0.55538625,-0.27626213,0.53587776;0.7085709,-0.25741544,0.82155794;-0.69701385,0.6688028,-0.9168932;-0.10518541,-1.2887428,1.0556635;0.8678239,1.3663584,-0.18415686;0.295108,-0.4193247,-0.0064373827;0.20937115,1.3422683,-1.0114938;-1.2156883,-1.2736694,-0.74349695;-0.017662566,0.17894256,-0.2619362;-0.2570208,-0.32902613,-0.7017073;-2.0179172,-0.6701173,-0.13590555;0.87195647,0.82559973,1.0201392;-1.2150649,1.2912418,-0.061689887;0.5776371,1.5799781,-1.5626391;1.1154834,-0.8550899,1.7679648;0.40263826,-1.200269,0.14752924;0.4208977,0.6911906,-0.71601903;-1.5592539,-1.0357605,-0.27224603;0.53087217,1.0317107,-0.13200766;1.405344,-0.122776054,0.039282385;0.5665182,1.8789101,-1.9851441;-0.53492874,1.273913,-0.47738737;-1.4493991,-1.198492,-1.2438898;-0.2788056,0.757459,0.8278134;0.6991407,-0.043628033,-0.17861599;-0.06552551,-1.2815666,-0.26481855;-0.27567518,-1.1513761,-0.52980566;0.7761184,1.9661247,-1.8548113;1.097751,0.6024723,0.40846828;0.5010168,1.0227965,-0.4215802;1.513924,-0.5483306,1.6313778;1.13318,-0.34896538,0.711289;-0.9778449,1.3953475,-0.58394426;-0.2575015,0.5301222,0.8792096;1.2095604,-0.85235035,1.8775554;0.5759691,-1.1637077,1.8136638;0.14501044,-1.1193253,1.5237721;0.31116286,1.3366525,-0.9649606;-0.14626668,1.2436198,-0.9979407;-0.94631124,1.3083313,-0.13214903;-0.04202839,1.0811073,0.06814954;0.30562085,-1.3008374,0.1040294;0.74413544,2.058671,-1.9527534;1.2495784,-0.3955778,-0.2885181;1.4576801,-0.43549466,1.3633833;0.9428986,-0.2958041,0.9777416;0.08608325,-0.6954874,-0.175326;0.26032877,-1.6503861,0.98315746;-2.421684,-0.8036876,-0.6754278;-1.4604994,-1.188869,-0.44656566;-0.95299023,-0.9401866,-1.0859379;0.29604515,-0.5385591,0.82340986;0.7672227,2.1142013,-2.0601327;-0.5928226,0.9043984,-0.83988404;-0.58402824,0.28873312,-1.1726415;0.36019614,0.75037926,-0.28786424;1.5441656,-1.2761455,2.1875434;-0.29712906,1.0809475,-1.071028;-0.83948684,-0.793964,-1.1460383;0.7763811,1.0608811,-0.19930854;-0.86262596,1.1589775,-0.8498501;0.28333312,-1.177295,1.1354288;-1.5607502,-0.9515236,-0.6206677;-0.61392623,-1.4085914,0.05790166;1.1980076,-1.199585,2.3856404;-0.57189983,-1.2501836,0.21945126;-0.57072484,0.38469666,-0.7649157;0.9366566,1.6384225,-1.0668619;-2.106291,-0.67104864,0.16671053;0.7949413,0.85054284,0.65985376;1.4739385,-0.27550042,0.610725;0.13978176,-1.047643,1.3922321;-0.13377038,0.54547304,0.9771593;1.0433652,1.7742864,-2.0548546;-1.0060986,-1.1806964,0.5080217;0.018663792,-0.8108734,-0.13446598;0.67059696,-0.12745467,0.40940392;-0.84849477,-1.2571012,0.55692315;-1.5259885,-1.0408069,-1.5715249;-1.2212458,-0.26268324,-0.11740916;0.3887215,-0.33525193,0.3484754;0.26634333,-0.66731316,0.8516499;0.975736,1.7961348,-2.132735;1.24169,-0.0915622,0.09949751;0.5354337,0.86409366,-1.3490299;-1.263092,-0.4809873,-0.5914486;-0.9494376,1.2308036,-0.9693277;0.93552184,-1.350372,1.9276663;-0.045494687,-1.1962659,1.1179012;-1.7309599,-0.69868463,0.31718144;0.9989666,0.053527586,-0.061584573;1.4270155,-0.5028913,1.5300218;0.49662393,1.7591286,-1.9250596;-0.53710276,1.2827666,-0.51864284;0.35510483,1.1896923,-1.0934987;0.71623355,1.2714984,-0.6266505;0.5573176,0.6024737,-0.17021087;1.1120354,1.7846438,-1.304635;0.20874368,-0.18249299,-0.4193983;-0.7639746,0.25223023,0.7267302;-2.522095,-0.8127963,-0.1998209;0.7272112,-0.66414315,1.4020966;-2.5135405,-0.7732561,-0.1719295;1.2992829,0.31536147,1.0052489;0.82617354,-0.057359148,0.13765985;-1.1294905,-0.024832567,-0.55265784;0.79059845,-0.93290615,1.371207;-2.3007812,-0.84408563,-0.76594037;0.26462984,-0.28146404,0.20649272;1.0453435,-1.3323983,1.6394738;0.9225932,1.6749411,-0.9741052;0.6914602,0.81890976,-1.0591576;-0.2975987,1.0621424,-1.0560769;1.3068421,0.021967236,-0.6711366;-0.9030749,-1.2279848,0.5409496;1.372153,-0.83432823,2.5133498;-0.57096803,-1.351566,-0.47077885;-1.3351684,1.2686816,-1.0798929;1.0816953,-1.2436877,1.5678254;-0.9988823,-1.0639098,0.10218172;-0.13322274,-1.0632867,0.07102317;-1.8140358,-0.5086294,-0.43269375;0.0029837098,0.26795503,-0.40115082;1.2483234,-0.005341265,-0.5618968;0.68197185,0.8275167,-0.21194224;1.0018578,-0.3691437,1.5739356;-0.032648508,0.88667905,0.9601652;-0.93093103,-1.3762313,-0.32545075;0.9322254,1.6859984,-2.0468752;0.8711492,1.4415414,-0.843415;0.74333435,-0.44851217,1.2138932;1.3503844,-0.50487804,1.5275258;0.767518,0.27599669,-0.9430764;0.5337663,1.7732269,-1.8408338;1.2328324,-0.44647542,-0.43833542;0.44795236,-1.0254884,0.31897438;0.17842682,-1.0273689,1.3093895;-1.7243916,-0.6975479,-1.0568112;-0.40631706,-1.3718547,0.72626036;0.8809517,-1.0245608,1.6003572;1.1344837,-0.4423917,0.25983906;-0.532695,-0.4935105,-0.74076843;-1.0326511,0.09263525,-0.5685089;0.762806,0.83476853,-1.4644624;-0.011850948,1.0409688,-0.002958359;1.2720718,0.2971894,1.1340673;-1.6399362,-1.0040191,-0.23528104;-1.8037096,-0.39171377,-0.5549499;0.17211877,1.1743953,-0.21912493;0.3498352,0.71058136,-0.70117253;0.91954494,1.288929,-0.559769;1.160331,-1.2132567,1.5800793;-1.4187787,-0.9730807,-0.6236946;-0.8355002,0.5355614,0.5446898;-0.2895651,0.96041685,0.7344153;1.5281605,-0.24674687,0.5360879;1.4602876,-0.71629673,2.3176215;-1.4069182,1.2694883,-1.1483988;-1.2006575,-1.1662422,-1.3579339;-0.73493826,-1.3550667,0.3834283;0.89486665,-0.28150395,0.87671196;0.7244065,-0.474423,1.3223956;-1.2122931,-1.2808728,-0.7300801;0.24764821,0.94835913,-1.3184433;0.20917025,-0.22242516,-0.47535262;1.5732961,-0.20191012,0.35407156;-1.1383214,-0.8735589,0.0001364002;0.4888999,1.6034629,-1.7817608;0.63632274,0.72005117,0.9902663;0.68719333,0.1904876,-0.25130376;0.7193335,0.7078095,-1.2664216;1.1874868,1.3581754,-0.8896236;0.9631258,1.8855801,-2.1766133;-0.28224826,0.15379488,1.1092026;0.8575787,0.8963814,0.29735094;0.09746425,0.9753383,0.0070143887;0.84671205,1.5082388,-2.0392275;0.7839962,0.3516276,-1.0281198;-0.80315363,1.0967746,0.040794384;-0.85024,0.10182027,0.3439234;0.7170485,1.58868,-1.3795148;0.5672165,-0.3545436,0.70364064;-0.76135874,0.6750137,-0.9685426;-2.2778563,-0.8793964,-0.8288427;-0.028147656,0.2059048,-0.5223902;0.22722635,-0.39065677,0.4713179;-0.41567326,1.1776414,-0.5469211;-1.1534243,-1.2897798,-0.71021634;-1.1442356,-0.7488175,-0.9998766;-0.7524522,-0.3930169,-0.59816825;1.1993252,1.3046155,-0.8034873;1.4214143,-0.6299439,1.7089828;0.7994077,-1.403007,1.7898179;0.65457743,-0.010307269,-0.51533514;-2.0136445,-0.7910429,-0.10053461;-0.50829107,-1.2171687,0.34624043;1.1625073,0.7352634,0.37875918;0.5414272,1.6844258,-1.7885033;0.170257,-0.1982739,-0.5815886;0.057214666,0.7942325,-0.258004;1.1770442,-0.39101595,0.27990243;-0.54109967,-1.3342032,0.1077393;-1.8755481,-0.41340986,-0.54288864;0.096230015,-1.4582471,0.92342687;-2.22443,-0.82130075,0.04556484;0.7511892,0.8524953,0.41732717;-0.5758908,0.73981357,-0.81107277;0.91541225,-1.0952744,1.2804316;-0.67797333,0.97196066,-0.07930162;0.081835724,-1.2634151,-0.1389562;0.95513755,1.2334621,-0.40253404;0.7773466,-0.36366212,1.5066649;-0.8663881,-0.78140455,-1.1016865;-0.67060024,-1.3752685,0.28493086;-1.95531,-0.7724938,0.15440476;1.2917514,0.26966277,1.1367322;0.35159713,-0.29160064,0.35320035;0.7806667,0.37057954,-1.0518172;0.24647763,0.7867257,0.82129186;-0.85584086,0.49698123,0.4954372;-0.9469067,-0.8000813,-1.1017407;-0.35142305,1.0133524,0.6408118;-1.3467999,-1.1991597,-1.2275925;-1.2054125,-0.74596477,-1.0365452;-0.3951036,-0.48220438,-0.6749579;0.68581,-0.24792822,0.9941989;0.30718446,-0.45395952,0.4057266;-1.7374648,-0.70007783,-1.0554348;-0.5312174,-1.3227607,-0.44894233;-0.4413544,-0.49047408,-0.69397634;-2.3200016,-0.79580235,-0.22562177;-0.041798703,-0.9063089,-0.1791688;-1.3035305,-1.1921383,-1.2165724;0.44862902,1.5541781,-1.7428703;0.6127081,-0.12284267,0.40499252;0.57787335,-0.4212541,0.51520044;0.23555528,0.57340384,0.2238274;-0.82141596,0.7201773,-0.9980274;-0.43120188,-0.47020134,-0.71977;0.32906333,-1.2856071,0.94084626;0.7201824,-1.6104475,1.565921;-0.651295,-0.4140847,-0.93949777;-0.8227534,-0.3641915,-0.6258157;-1.1073006,-0.769194,-0.2232441;0.7644205,0.18923935,-0.6409463;-0.88969827,1.1928641,0.052303545;1.3135695,-0.27242005,-0.25553864;-1.0337023,1.4056756,-0.6138739;0.4731522,0.56138897,-0.67432135;-0.8373376,1.2593234,-1.0362747;1.4683441,-0.17455667,1.2791967;0.83419853,0.5129516,0.23953398;0.9999725,-1.2994366,2.0352416;0.79807305,1.5096475,-0.54694843;-0.2968538,0.16286543,1.0962172;1.114622,-0.44892275,0.946827;0.84194744,1.197733,-0.34359732;-2.2715573,-0.74980116,-0.45309526;-0.208628,-1.3501408,0.9700753;0.5106246,2.0033128,-2.0127506;0.6174683,-1.1634796,1.7994351;-1.3789188,-0.3056873,0.035625707;0.94738084,1.7907393,-1.3366536;-1.0729891,-0.9976075,0.116309196;0.7532266,0.7092282,-1.2696781;1.0745536,-0.33374053,1.3419143;0.48547947,1.0838319,-0.8082708;0.50115865,1.7673684,-1.9216422;0.6371741,0.090852804,0.05998942;-1.7964343,-0.64492035,0.21161783;1.1532209,1.1950651,-0.4250736;0.8823255,-0.34450585,1.5652837;0.8564916,1.42847,-0.64541173;-2.3685946,-0.80231255,-0.6716033;1.4992017,-0.33522037,1.0987129;1.2303714,-0.16836932,0.5444871;0.21166919,-1.2884742,-0.2069574;0.49155542,1.7202628,-1.8917612;-0.5888022,0.2887988,-1.1605178;-1.6181577,-0.67202455,0.30212733;-1.342859,-0.35113552,-0.12517348;1.1761593,-0.18852037,0.5958396;-0.8221967,-0.36435622,-0.62457293;-0.36641714,0.40610144,0.884032;-0.4444017,-1.316131,-0.19564547;0.6984073,0.11760702,-0.04333589;0.13618496,-0.13371967,-0.51906586;-0.14373204,0.5452416,0.9774038;-0.39909422,-1.4070807,0.31175676;-0.697063,-0.45667723,-0.63781804;-0.10932115,1.0586388,1.0725172;1.0274152,-1.280313,2.0033457;0.48501462,1.668894,-1.8544508;0.60171753,-0.20268805,0.45524308;0.73112154,-0.23113167,0.7649231;0.28201896,-0.53712183,0.53480023;0.62611574,0.084333,-0.15518805;0.09009856,1.158006,-0.16245382;-0.0129211275,0.39307478,-0.38010642;-0.8867179,-0.012921648,0.18316221;-0.54347295,-1.17097,0.1645005;-2.0292351,-0.8380839,-0.46477696;0.9259599,1.9654438,-2.1774788;1.2783276,0.05113537,-0.6614769;-0.1520737,-1.1116484,-0.556023;-0.2104195,-1.3407562,0.9317973;1.1430316,0.7476357,0.38408428;0.11436029,0.7636286,0.86918616;-1.0201668,-0.5943939,-0.99958766;0.77970064,0.73503095,0.9932192;0.877153,0.9480928,0.99806464;0.027967468,0.8295536,0.13200466;-1.8101314,-0.9763203,-0.6780646;-0.95935583,-0.8731077,-1.0954561;0.58796537,0.378303,-0.7553354;0.43220183,0.36307606,-0.08347097;0.49251616,-0.21544772,0.32427278;-0.6955716,-0.38496932,-0.6315409;1.4728149,-0.2625496,0.83175737;-0.0016451615,0.8428184,0.8705875;-0.5663216,-0.39124495,-0.69917655;0.6996166,0.3457969,-0.66894305;0.9166464,-1.3605053,1.9337198;-0.35365507,-1.3864056,0.80818504;0.84449303,-1.0418807,1.675996;0.5229144,0.9217927,-0.8851882;-0.028921988,1.2696756,-0.834456;-0.9689034,1.4081796,-0.5197644;-0.9070617,0.4513363,0.628291;1.138513,0.85588294,0.19848816;1.440618,-0.67092353,1.7844104;0.9833761,1.5860946,-2.1581273;-1.0315833,0.098820575,-0.569561;-2.1797771,-0.8129031,-0.80753267;0.44104922,0.72468716,-1.1538156;0.64496905,-1.094077,0.17839368;-0.15236413,-1.3788937,0.85852766;0.9795177,1.8443688,-2.1931195;-0.84182304,-1.4331009,-0.15806493;1.0243604,1.1306483,-0.22712958;0.4066224,-0.23211318,-0.42054507;0.666111,-0.35307646,1.1859071;-1.1979022,-1.276537,-0.7432349;-0.3749292,-1.4277904,0.05760053;0.24121095,1.0468038,-0.15245837;0.842831,1.0474125,-0.13315567;-0.4057716,1.2021408,-0.39935634;-1.2411115,1.3028868,-0.10021445;-0.044361956,-1.1585706,-0.6431064;-0.2403747,0.8314525,0.83181727;1.4973342,-1.2484791,2.2413833;-0.845133,0.17900835,0.71504074;0.40749186,1.394757,-1.0466847;1.2753257,-0.32536998,-0.16764785;-0.52808386,1.2187836,-0.4663324;1.012115,-1.5530227,2.0505836;-0.6252976,0.9635618,-0.07970557;-0.8469816,-0.35938197,-0.6240675;-0.43936697,0.45009857,0.75956076;0.7016,0.8413618,0.196933;1.187916,-0.02304963,-0.4428258;0.7938097,0.17201558,-0.5474081;0.09009856,1.1580058,-0.16245383;0.30313295,-0.19888274,-0.48583758;-0.69833124,-0.761403,-1.0391161;-0.52447945,0.91159785,-0.49724466;-0.02847822,0.81781554,0.086903706;0.7646597,2.0715542,-1.9784292;1.2440788,-0.4006966,-0.3966385;-2.1372774,-0.76902795,-0.43615225;1.138197,1.0724778,-0.2092242;0.43929997,0.74103576,0.9953778;0.74683654,2.1026978,-2.0001335;1.2286711,-0.52241206,0.17732835;-1.3110411,-0.475839,-0.705718;1.0849476,1.7088654,-1.8034818;0.6454468,0.8992407,0.012954549;-0.87772775,0.37709403,-0.74716544;-2.235715,-0.7507351,-0.019594075;1.2050037,-1.1689988,2.3863082;-0.3203397,1.0951749,0.48939082;0.67170465,-0.22405423,0.5033559;0.09151361,1.1339347,-0.13227016;0.60513306,1.6134063,-1.54761;0.13475265,-0.15493073,-0.30257994;-0.17865695,-1.0820634,-0.2941271;0.9855602,1.024461,1.0929884;-0.938829,1.3939157,-0.55822086;0.24511057,-1.3596624,0.090401664;0.86577255,1.2164648,-0.3231406;0.928727,1.002436,-0.044285107;0.21849228,-0.33986667,0.4522845;-2.195437,-0.71583635,-0.43100747;0.84542346,0.5300757,1.0531076;1.4414911,-0.6335659,1.8521496;-1.1623285,-0.9327179,0.13779216;0.7663744,0.842833,0.91386193;0.8958772,-1.3698334,1.8748748;0.85574543,1.3186227,-0.18023655;0.058950428,-1.7477115,1.0446283;-0.17731903,-0.6091323,-0.54387194;1.1388686,-0.35271886,1.4122287;-2.2484248,-0.84206104,-0.7760478;0.46389133,0.7036236,-1.0240717;-0.11772554,-1.3981346,0.8856878;0.39283738,-1.2646104,0.08547068;0.8253539,0.70218164,0.6391087;0.18042795,0.77177614,0.8977231;0.62444615,-1.1875349,1.8327763;1.2564938,0.23634396,1.5118871;1.0530376,-0.47902858,0.8920734;0.33713278,0.802009,0.76638633;-0.7642485,0.6746971,-0.9642153;-0.7387799,-0.8122597,-1.1869498;-0.044905186,0.18990034,-0.51878196;1.221189,-1.1892277,2.1676085;0.7293234,0.8570916,0.60690176;1.0282605,1.482009,-0.87731624;-0.8566968,1.201275,0.08756294;0.96840894,-1.5313084,2.0284455;1.2429649,-1.0617305,2.4920216;-2.271998,-0.7099441,-0.028231464;0.9704699,1.8249644,-2.1316803;0.62541497,0.7353319,0.8963974;1.1546916,-1.0385274,2.1585703;-2.1506817,-0.8428162,0.14649595;0.9014925,-1.0039815,1.6183047;0.34256834,1.3051698,-0.96099216;0.09859493,0.79502803,-0.18126728;1.548085,-0.23927946,1.2061137;0.054353595,-0.6840154,-0.27978438;0.8134358,-0.26471144,0.9251773;-2.3656747,-0.5745323,-0.041733038;-1.5667295,-0.9504224,0.37417877;-0.36711633,1.0598124,0.56714284;-0.89364725,1.3269113,-0.9458577;0.869428,-1.5001334,1.4295176;1.1301341,1.9345036,-1.4871161;1.2496221,-0.7968963,1.7941535;0.7203245,-1.5386529,1.5140028;1.4817199,-0.45913625,1.4188032;1.2604765,-0.40595934,-0.21644624;0.3232487,1.3411089,-1.029313;0.71956754,1.4620966,-0.875895;0.24102683,-0.17704934,-0.5290034;0.2966622,-0.7789164,1.1846691;-0.810902,0.90996605,0.1569953;0.98313636,1.7789255,-2.109521;1.5593721,-0.17854026,0.996861;-0.30332494,-1.3445119,0.583849;-0.5105929,-1.2186805,0.22952971;1.0695695,-1.2894299,2.2218003;0.91870964,1.9879919,-2.2019765;1.3612376,-0.10912439,0.064617716;-0.9262447,1.1415838,0.19910568;0.046538234,-1.2426671,1.2355454;0.708375,-0.12433527,0.07741705;0.92071325,-1.0771567,1.3324535;-0.97309774,-1.2012498,0.5307112;-1.5274428,1.2690016,-1.2248592;-0.58629423,0.70535976,-0.83235914;-1.0286559,1.1664745,-1.0095242;-0.3362921,1.1875662,-1.1965206;-0.59169155,0.29634607,0.8500871;-1.6330304,-0.5235151,0.18456616;-1.1334759,-0.8648567,-0.053420324;1.5455817,-0.17118995,0.8594676;-2.0361977,-0.44113672,-0.4662106;-0.24510281,0.89028275,0.81795835;-0.018664848,1.0871419,0.050107062;0.08265875,1.10823,-0.09246031;0.6663683,-0.36519912,1.3733997;0.32945183,1.3913633,-1.1636035;-0.8570219,0.29468846,-0.73958516;-0.9270702,1.3048007,-0.11860096;-0.004458003,-1.2100779,0.10641484;-0.7951798,1.3136166,-0.5737826;-1.3952004,-0.96885943,-0.1978924;-0.77321655,1.4937321,-0.55342656;-0.42901045,0.5528908,0.75320524;-0.09028966,1.0394576,1.0754071;0.3210943,-1.0463442,1.2135553;-1.6013471,-1.0232344,-0.3236105;0.6836216,-0.023008758,-0.45344403;1.5060332,-0.27798814,0.9112134;0.9014369,-0.301939,1.0037588;0.47204366,0.54379296,-0.74459815;1.1241469,1.9010053,-1.4459987;-0.88837886,-1.5623996,-0.28205746;-0.23282334,1.0842006,0.74701434;0.996175,0.98251635,1.1237563;-0.3984433,1.1624634,-0.44576547;-1.2067407,1.2875586,-0.06707135;-0.50234836,1.0802481,-0.3341898;0.31696415,-1.1240641,1.1873306;0.7550728,0.76947695,-0.04490774;0.970805,-0.45424536,0.09168366;-1.3409417,1.2689213,-1.08963;-1.2170904,-0.25432754,-0.35860354;-0.7844074,-1.3662962,-0.07553249;1.4170648,-0.7594943,2.4882445;1.0405396,0.5776183,0.5266035;0.3251182,1.3054162,-0.88057476;1.2219005,-0.5468864,0.07020023;-0.5373451,-1.3173918,0.07480086;1.1188093,-1.6133398,2.1091242;1.287977,-0.31752598,-0.17891024;-0.01872272,0.29317763,-0.45315206;-1.2228237,1.2412744,-1.1215124;-0.9477802,1.0525466,-0.9806075;1.2893646,0.2247656,1.3294907;1.3412967,-0.88089675,2.5394917;-2.0275311,-0.44042525,-0.46513686;-1.5552057,-0.9450212,0.35330683;-0.20937869,-1.2252957,0.43180278;-0.8993146,1.0872077,0.2550206;0.6625006,1.3533802,-0.5912746;-1.2615594,1.3086582,-0.1140582;-1.2487057,1.2724572,-0.88953376;1.2187511,-0.39299244,0.026619798;0.5129055,0.27499592,-0.05738291;1.3467989,-0.23769301,1.4093091;0.9086896,1.5582796,-0.9440746;0.501176,0.54219055,-0.24582104;0.16904023,-1.7077094,1.0173453;-0.40270063,-1.2619276,-0.47759476;1.05843,1.0110445,1.20122;-0.3811351,-1.3841715,0.7773945;0.6824426,-1.6406444,1.5384184;-1.4778584,-0.44845042,0.043851953;1.0604992,0.75504714,0.30354056;0.8337549,0.6839977,1.0597386;1.1139934,1.785638,-1.3115028;0.65764105,0.27039656,-0.11395433;-1.2821625,-0.46877632,-0.5964081;-0.01855046,0.1375056,-0.63399047;0.0028327378,-1.2031069,1.1785473;0.7798811,2.0863054,-1.9985758;-1.1806952,-0.14100711,-0.43028584;0.42409262,1.517671,-1.4687428;1.2490362,-0.4311518,1.503057;-0.59672844,0.39869758,-0.7724502;0.49404743,1.6567732,-1.8195304;-1.8942586,-0.5380987,-0.78840184;1.0657942,1.7764714,-1.3598584;1.5043707,-0.1573977,0.58207786;-1.127557,-0.74172896,-0.2993417;-1.5411049,-1.0123276,-0.2986187;1.1702539,-1.2138463,2.3444972;-0.10759628,-0.98283046,-0.23435922;0.75219005,-0.9783678,1.2509508;-0.080084346,1.0345349,1.0580144;0.36156246,1.2943637,-0.8731454;0.6797959,0.28568053,-0.7297585;-0.49853987,1.1805438,0.07300122;-0.15514939,-1.2055373,0.46184278;0.25474492,0.5860461,0.3189282;0.9164859,-1.0923638,1.3113065;1.2289344,0.31249952,1.1416417;-0.8078503,-0.5630678,-0.88697475;0.38616306,-1.1846952,0.06659529;-0.17077997,-1.2426156,-0.35743597;0.9927581,1.7370069,-2.1372514;-0.39164874,1.1803073,-0.57454884;1.2115375,-0.3787069,1.4841719;-0.5210398,1.0121408,-0.2874387;-0.94332135,-0.13749956,0.13343081;0.13358107,0.770217,0.8797364;0.0712747,0.89756477,0.14389935;1.4308035,-0.5645129,1.5439101;1.0889392,0.8255475,0.2535175;1.1953928,-0.14821051,0.30536225;0.7724553,1.9927213,-1.8673621;1.1279012,-1.2220163,1.5952837;1.3482492,-0.8754675,2.2058;-1.0729399,-0.83048666,-0.99562514;0.35288256,-0.9074379,0.46320102;-1.5679686,-1.0120031,-0.31041262;-0.9885511,-0.9609713,-1.0069822;1.2253832,0.45807585,0.55764276;1.4240683,-0.90346336,1.6848646;1.0907063,0.91472864,1.2970176;-0.9698823,-0.817088,-1.1084905;1.1037858,0.3640224,1.0438461;0.6377991,0.8881112,0.20587446;0.5216775,0.34693116,-0.04571695;1.1288146,-0.2717338,0.6668318;-1.6750115,-0.37001318,-0.51107925;-1.7027252,-0.57301456,-0.5231534;-1.0638456,-0.66135675,-0.39896452;-0.2933911,-1.0217513,-0.17853111;-0.55767363,-1.3413335,0.647471;-0.95395464,1.3932455,-0.5685006;0.9693689,0.49528828,1.2463588;0.11252955,-1.7579,1.039953;-0.050989125,-0.9138851,-0.1536684;-0.8661107,-0.5763632,-0.48408714;1.1075379,1.7436804,-1.2494848;0.38568363,-0.17303637,-0.50752246;0.31102693,-0.49412414,0.78771424;-0.88284075,0.84064007,-1.0428926;-1.5760701,-0.7156822,0.31841332;-0.29183397,1.0843982,-1.0735829;0.7690725,1.4105132,-0.67643225;-0.8476555,0.4657771,0.41639748;1.3843513,-0.5743398,1.742661;0.93464327,0.68118596,-0.5003763;0.98679346,1.8308063,-2.210268;-0.3854086,0.5660722,-0.6142759;0.6027237,-1.1006992,-0.3654369;0.75790995,0.5464084,-1.1306732;0.35231602,-1.2239078,0.7878018;-1.7231498,-0.6953277,-1.055264;-1.6298981,-0.9701325,0.08586855;-1.3200142,1.2533497,-0.7630171;1.3971575,-0.6888933,1.7874813;-1.4790641,-1.0638291,-1.5132631;0.7906308,0.29673907,-1.0178535;-2.1111128,-0.8023696,-0.8207571;-1.6782211,-0.84344417,0.28361142;0.99036586,-0.5731453,0.30239737;0.8829583,-0.44365424,0.1695618;0.9146607,-1.1155066,1.2195259;0.20284747,-1.6661867,1.0102024;0.7860505,0.7914887,-1.3654194;0.83469707,0.59001386,1.0999757;-0.030487763,-1.1439818,1.1234765;-1.0900874,-1.3339657,-0.47487402;0.707159,1.7969009,-1.7130679;1.5148159,-0.34134185,1.0772891;0.3259487,-1.3181818,0.97354;0.43282837,-1.2174535,-0.2881274;-1.2522645,1.3053602,-0.11875841;0.64274716,-1.2255298,1.8584509;0.51250136,0.9279488,-0.15472229;1.1112223,1.3291006,-0.7329285;-0.33104384,1.2236724,-0.6522497;0.34132868,1.3266257,-0.92630297;-0.65370655,0.87892926,-0.8505395;0.38193235,1.3104279,-0.7624507;0.81406605,0.6860653,1.0829909;1.3763173,-0.82283926,2.3727365;-1.9626592,-0.40626535,-0.46396294;-1.2884811,-0.8443672,-0.16999196;1.2065622,0.32758194,1.3486632;0.56585854,0.96763927,0.3968227;0.63990057,1.1571591,-0.3172159;-0.003428562,0.26837552,-0.4293661;-0.9429908,-0.04858082,0.1249577;0.7563057,0.7366019,-1.3035632;1.3420184,-0.86729527,2.404271;-0.21345887,-1.328038,0.6140701;-0.6872556,0.6584361,-0.9093538;0.8772311,1.6384215,-1.2184995;0.11663945,-1.760707,1.0432541;0.19129235,-0.8417951,1.1300422;-0.96797764,-0.4523805,-0.6629241;0.32092625,1.3412286,-1.0784577;0.8515188,-1.500932,1.4226741;0.56215817,-1.1967452,0.14931929;1.2500162,-0.995108,1.984427;-0.18901776,1.1941605,-1.1851618;-0.9993839,1.1946923,0.14454627;-1.6339852,-0.85628647,-0.5148356;0.4715165,1.4615512,-1.8970995;0.3233987,-0.8390949,1.2675862;-0.22992261,-1.2051181,-0.46601707;-0.14261247,0.54387695,0.9757858;1.5329946,-0.30035523,1.113478;0.9719044,0.3971693,-0.64042443;1.1996831,-0.10509188,0.21055101;0.19464159,0.67520195,0.12781687;-1.7412328,-0.70197284,-1.0551144;-0.85782856,-1.3644634,-0.36827448;1.2394158,-1.1076752,2.4405015;0.64543545,0.6192862,0.30484015;0.5087011,0.732069,0.9301586;-0.7908909,-1.3869096,-0.08519041;-0.564231,0.8515646,-0.23261909;0.552948,-1.1503272,0.19158944;0.5858887,0.96799976,0.13062754;0.26163948,-0.4426864,-0.06581701;-2.415822,-0.60340923,-0.065876804;-1.1281765,-1.1686097,-0.92281896;-0.009272642,0.17356598,-0.3143368;-1.6089282,-0.9686752,0.17678064;0.7130552,0.2169665,0.3629142;-1.2742755,1.3047229,-0.118669815;-1.2057894,1.2726173,-0.8426366;0.5881427,-0.21482876,0.4151435;0.49208286,0.53429955,-0.8310997;-2.0486016,-0.52256024,-0.6539428;-0.08994323,0.54273975,1.0069427;0.16133311,0.88328165,0.1353664;-0.51311123,-1.408821,-0.24745096;-0.06370875,-0.93103176,-0.24032818;0.6802227,-0.927355,1.2593306;0.9204161,-1.0927545,1.2840647;-0.31392524,1.055458,-1.0432714;0.2561283,-0.7306097,0.7642248;1.1276875,0.45874295,1.4083053;-0.08082003,-1.1480889,0.04070463;-1.0058507,1.4001552,-0.62931776;-0.7688665,0.5906439,-1.1092759;-1.3594613,1.2549505,-1.1816267;1.3913996,-0.92616034,1.8354568;0.8938008,0.5792493,0.1674717;-0.3014987,1.1160791,-1.083065;-2.016188,-0.82733375,-0.67475855;0.7317005,-0.25282952,0.8336371;0.025276586,0.05687082,-0.14117554;1.2002512,0.33367968,1.3220198;-1.728776,-0.6926326,-1.053349;-0.92076737,1.2661535,-0.8892653;0.6002896,0.87484133,-1.0487138;0.9274746,0.61772525,0.19957387;0.21214464,-0.3407191,0.45373744;-0.020940015,0.30417883,-0.47271228;0.47483963,0.23795786,-0.10107881;-1.1914395,1.2505547,-0.30727392;-0.9079697,1.3532759,-0.48863462;-0.9767178,1.3343116,-0.18185252;1.1196804,1.8499494,-1.3912663;-1.1842586,-1.0492116,-1.4569281;0.39954722,0.89056534,-1.1979905;-0.5241104,1.1853222,0.08351595;1.361257,-0.87421525,2.295898;-1.4623233,-1.203388,-1.2356945;-2.1578107,-0.6414758,-0.09639182;-1.9873984,-0.7354254,-0.6081141;1.0724486,0.8431088,1.3068309;0.79408795,1.8194824,-1.500367
