data_set
babi-q1
num_classes
6
data_points
1000
model
saved_models/babi-q1-e0139.ckpt
color_schema
#4E79A7,#F28E2B,#E15759,#76B7B2,#59A14F,#EDC948,#B07AA1,#FF9DA7,#9C755F,#BAB0AC
test_accuracy
0.871
test_loss
0.4181450262069702
train_accuracy
0.94275
train_loss
0.15834538548812271
val_accuracy
0.891
val_loss
0.3550824204981327
labels
12,9,15,12,15,12,11,12,17,17,15,11,17,10,10,15,11,15,17,15,12,17,17,12,10,10,10,15,15,15,12,17,15,15,9,17,9,11,15,10,9,11,9,12,11,15,12,9,17,10,10,17,11,11,15,10,15,12,11,12,12,17,9,11,11,15,15,9,17,17,11,12,11,10,9,15,15,15,12,17,11,9,10,11,17,11,11,12,15,15,9,9,12,9,9,15,15,15,10,10,10,9,17,11,11,12,10,9,17,10,9,9,15,12,15,11,17,15,9,17,10,9,10,12,10,17,11,11,11,9,11,12,9,11,15,9,17,15,9,9,17,12,12,17,10,15,15,15,15,15,11,11,9,17,10,9,11,10,17,12,10,10,10,11,9,11,11,11,15,10,17,17,11,9,9,17,15,10,17,17,12,12,12,12,10,9,17,11,15,17,12,15,11,12,12,11,17,15,9,10,12,17,17,10,12,9,15,12,9,12,9,10,12,10,9,10,9,12,12,9,9,12,15,12,10,17,12,11,9,9,17,11,12,17,12,10,10,10,10,17,12,15,11,11,15,15,11,11,11,11,10,17,9,9,10,10,17,17,15,11,11,17,12,17,17,9,11,10,9,10,15,17,17,15,9,17,15,12,17,9,9,11,17,17,11,17,9,17,11,9,15,15,10,15,15,11,11,12,12,9,9,9,9,17,12,11,9,17,17,15,11,11,17,10,11,17,10,17,17,11,11,15,15,11,11,9,10,11,11,10,15,17,15,10,10,17,12,17,12,12,12,11,17,15,11,17,12,12,15,15,10,11,11,10,10,9,17,12,11,12,11,9,11,11,11,11,11,12,12,12,12,12,11,11,17,10,15,9,9,10,9,10,10,17,17,15,17,17,17,15,15,12,9,10,17,17,10,17,9,11,10,11,10,15,17,15,12,10,11,15,10,11,9,12,17,10,10,15,12,9,12,12,9,12,10,15,15,17,10,10,17,15,15,15,17,11,15,9,10,11,10,12,9,11,10,11,10,12,11,15,15,15,15,11,9,15,10,12,11,12,9,11,10,17,11,11,10,10,10,17,12,17,17,9,15,11,9,15,11,9,10,10,12,12,11,10,9,12,10,9,15,10,10,11,11,15,15,10,12,12,15,11,9,12,9,15,10,17,17,10,10,17,10,10,17,9,9,10,12,11,17,17,12,12,11,12,17,11,11,12,11,11,11,17,9,11,10,12,12,10,11,17,12,12,15,11,15,15,12,10,10,9,17,10,15,12,15,10,10,10,11,10,11,15,10,9,9,15,10,10,10,10,15,15,17,9,10,12,10,10,12,12,11,15,10,10,11,12,10,10,17,12,17,11,9,9,17,17,11,10,10,10,15,15,17,11,15,12,11,10,15,17,9,11,9,17,15,12,15,17,11,17,17,15,9,10,9,9,10,10,9,10,10,15,11,11,11,15,12,9,11,11,10,17,11,11,12,17,15,15,9,11,15,15,11,9,15,15,11,15,15,15,11,10,10,9,17,17,17,17,10,10,17,9,15,9,17,12,12,12,15,15,15,17,9,11,9,17,9,12,11,9,9,17,11,11,11,10,15,10,12,12,9,9,17,12,12,9,17,12,11,11,15,15,12,11,12,17,12,17,11,12,11,17,17,11,17,9,11,9,10,10,12,17,10,12,9,9,9,15,11,11,15,17,9,10,9,12,17,15,17,17,12,10,12,11,11,17,15,9,17,10,9,11,12,15,9,15,12,10,9,10,17,17,15,15,9,9,9,17,10,17,17,9,12,17,17,12,12,11,11,11,11,17,11,17,17,17,17,17,12,9,17,10,17,11,10,10,12,12,11,11,17,12,12,17,17,15,11,17,11,11,9,12,9,17,9,10,9,15,11,9,11,15,10,9,9,9,17,12,11,11,17,15,15,10,10,11,11,17,10,12,9,10,10,10,10,10,15,17,9,11,17,15,12,11,10,10,15,12,10,11,12,12,11,11,11,15,12,17,10,12,17,17,12,10,10,12,17,10,11,17,11,12,17,17,11,12,11,17,9,9,11,17,11,11,15,15,17,17,10,10,17,12,11,15,12,11,11,10,9,12,12,15,10,9,17,15,17,9,17,17,10,17,15,12,12,11,10,10,10,17,17,15,12,17,9,9,15,10,12,15,15,15,17,17,15,11,15,10,12,9,9,10,11,11,9,9,12,15,9,15,9,12,12,10,17,17,10,12,15,9,10,17,11,11,11,17,9,9,11,15,11,11,11,15,12,17,9,10
pred_labels
12,9,15,12,15,12,11,12,17,17,15,11,11,10,10,15,11,15,11,12,12,17,17,12,10,10,10,15,12,15,12,17,15,15,9,17,9,11,15,11,9,11,11,12,11,15,12,9,17,10,10,17,11,11,11,10,15,12,12,12,12,17,9,11,12,15,15,9,17,15,11,12,11,10,9,15,11,15,12,17,11,9,10,15,17,11,11,12,15,15,9,9,12,9,9,15,15,15,10,10,10,9,17,11,11,12,10,9,17,10,9,17,15,12,15,11,12,15,11,17,10,9,9,12,10,17,11,11,11,9,11,10,9,11,15,9,17,15,9,9,17,12,12,17,10,15,15,15,15,11,11,11,11,17,10,9,11,10,17,12,10,10,10,11,9,11,11,11,15,10,17,17,11,9,9,17,15,10,17,17,12,12,12,12,10,9,17,11,15,17,12,15,11,12,11,11,17,11,9,10,12,17,12,10,12,9,15,12,9,9,9,10,12,10,11,10,9,12,12,12,9,17,15,15,10,17,17,11,9,11,17,11,12,17,17,10,10,9,10,10,12,15,11,11,15,15,11,11,12,11,10,10,9,9,10,10,17,17,15,11,11,17,12,17,17,9,11,10,9,10,15,17,17,15,15,17,15,12,17,9,9,11,17,12,11,17,9,9,11,9,15,15,10,15,15,11,11,12,12,9,9,11,11,17,17,11,9,17,9,15,11,11,17,10,12,17,10,17,15,11,11,15,15,11,17,9,10,11,15,10,15,17,15,10,15,17,12,11,12,11,12,11,17,15,11,17,17,12,12,15,10,11,11,10,10,9,17,17,11,12,11,9,11,11,11,11,11,12,12,12,12,12,11,11,17,10,15,9,11,10,9,10,12,17,17,15,17,17,17,15,15,12,9,10,17,17,10,17,9,11,10,11,10,15,17,15,10,12,12,15,10,11,9,12,17,10,10,15,12,9,12,12,9,10,10,15,15,17,10,10,17,15,15,10,17,11,12,9,10,11,10,12,9,11,10,11,10,12,11,15,15,11,15,11,9,15,10,12,11,12,9,11,10,17,11,11,10,15,10,17,12,17,17,9,15,11,9,15,11,9,10,10,12,12,11,10,9,12,10,9,15,10,10,10,10,15,17,10,12,12,15,11,9,12,9,15,10,17,10,10,10,17,10,17,15,9,9,10,12,11,17,17,12,12,11,12,17,11,11,12,11,11,11,12,9,11,10,12,12,10,11,17,12,12,15,11,15,15,12,10,10,9,17,10,15,12,15,10,10,9,11,10,11,15,10,9,9,11,10,15,10,10,15,15,17,9,10,12,10,9,12,12,11,11,10,10,11,12,10,10,17,12,17,11,9,9,17,12,12,10,10,10,15,15,17,11,15,12,12,10,15,15,9,11,9,17,15,12,11,17,11,17,10,15,9,10,9,9,10,10,9,10,10,15,11,11,11,15,12,9,11,11,10,17,11,11,12,17,15,11,9,11,15,15,11,9,15,15,11,15,15,12,11,10,10,9,17,17,17,11,10,10,17,9,11,9,17,12,10,10,15,15,15,17,11,11,9,9,9,12,11,9,11,17,11,11,11,12,15,10,12,12,9,9,17,12,11,9,9,11,11,11,15,15,12,11,12,17,15,17,11,12,10,17,17,11,12,9,11,9,10,12,12,17,12,12,9,9,9,15,11,11,11,17,9,10,9,12,17,15,17,12,12,10,10,11,11,17,11,9,17,10,9,11,12,15,11,15,12,10,9,10,17,17,12,15,9,9,9,17,10,17,17,9,12,17,17,12,12,11,11,11,9,17,11,17,17,9,17,12,12,9,17,10,17,11,10,10,12,17,11,11,11,12,12,17,17,15,11,17,11,11,9,12,11,17,9,10,9,15,11,9,11,15,10,9,9,9,17,17,11,11,17,15,15,10,10,11,11,12,10,12,9,10,10,10,10,10,15,17,9,11,17,15,12,11,10,15,11,12,10,11,12,12,12,11,11,15,15,17,10,12,17,15,12,10,10,12,12,9,11,17,11,12,17,17,11,12,11,17,9,17,11,11,15,11,15,15,11,17,10,10,17,10,11,15,12,11,11,10,9,12,12,15,10,9,17,15,17,9,17,17,10,17,15,12,12,11,10,10,10,17,17,15,12,17,9,9,15,10,12,15,15,15,17,17,15,11,15,10,12,9,9,10,11,11,9,9,12,17,9,15,9,12,9,10,17,9,10,12,15,9,9,17,11,11,11,17,9,9,11,15,11,17,11,15,12,17,9,11
pred_correctness
True,True,True,True,True,True,True,True,True,True,True,True,False,True,True,True,True,True,False,False,True,True,True,True,True,True,True,True,False,True,True,True,True,True,True,True,True,True,True,False,True,True,False,True,True,True,True,True,True,True,True,True,True,True,False,True,True,True,False,True,True,True,True,True,False,True,True,True,True,False,True,True,True,True,True,True,False,True,True,True,True,True,True,False,True,True,True,True,True,True,True,True,True,True,True,True,True,True,True,True,True,True,True,True,True,True,True,True,True,True,True,False,True,True,True,True,False,True,False,True,True,True,False,True,True,True,True,True,True,True,True,False,True,True,True,True,True,True,True,True,True,True,True,True,True,True,True,True,True,False,True,True,False,True,True,True,True,True,True,True,True,True,True,True,True,True,True,True,True,True,True,True,True,True,True,True,True,True,True,True,True,True,True,True,True,True,True,True,True,True,True,True,True,True,False,True,True,False,True,True,True,True,False,True,True,True,True,True,True,False,True,True,True,True,False,True,True,True,True,False,True,False,True,False,True,True,False,True,True,False,True,True,True,True,False,True,True,False,True,False,True,True,True,True,True,True,True,True,False,True,True,False,True,True,True,True,True,True,True,True,True,True,True,True,True,True,True,True,True,True,True,True,True,True,False,True,True,True,True,True,True,True,True,False,True,True,True,False,True,True,True,True,True,True,True,True,True,True,True,True,True,False,False,True,False,True,True,True,False,True,True,True,True,True,False,True,True,True,False,True,True,True,True,True,False,True,True,True,False,True,True,True,True,True,False,True,True,False,True,False,True,True,True,True,True,True,False,True,False,True,True,True,True,True,True,True,True,False,True,True,True,True,True,True,True,True,True,True,True,True,True,True,True,True,True,True,True,True,False,True,True,True,False,True,True,True,True,True,True,True,True,True,True,True,True,True,True,True,True,True,True,True,True,True,True,True,False,False,False,True,True,True,True,True,True,True,True,True,True,True,True,True,True,False,True,True,True,True,True,True,True,True,True,False,True,True,False,True,True,True,True,True,True,True,True,True,True,True,True,True,True,False,True,True,True,True,True,True,True,True,True,True,True,True,True,True,True,False,True,True,True,True,True,True,True,True,True,True,True,True,True,True,True,True,True,True,True,True,True,True,True,True,True,False,False,True,False,True,True,True,True,True,True,True,True,True,True,True,False,True,True,True,True,False,False,True,True,True,True,True,True,True,True,True,True,True,True,True,True,True,True,True,True,False,True,True,True,True,True,True,True,True,True,True,True,True,True,True,True,True,True,True,True,True,True,True,True,True,True,False,True,True,True,True,True,True,True,False,True,False,True,True,True,True,True,True,True,True,True,False,True,True,True,False,True,True,True,True,True,True,True,True,True,True,True,True,True,False,False,True,True,True,True,True,True,True,True,True,False,True,True,False,True,True,True,True,True,True,False,True,True,True,False,True,True,True,True,True,True,True,True,True,True,True,True,True,True,True,True,True,True,True,True,True,True,True,True,True,True,False,True,True,True,True,True,True,True,True,True,True,True,False,True,True,True,True,True,True,True,False,True,True,True,True,False,True,True,True,False,False,True,True,True,True,False,True,True,False,True,True,True,True,False,True,True,True,True,False,True,True,True,True,True,True,True,True,False,True,False,False,True,True,True,True,True,True,True,True,False,True,True,True,False,True,True,True,False,True,True,True,True,False,True,True,False,True,True,True,True,True,True,True,False,True,True,True,True,True,True,True,True,False,True,True,False,True,True,True,False,True,True,True,True,True,True,True,False,True,True,True,True,True,True,True,False,True,True,True,True,True,True,True,True,True,True,True,True,True,True,True,True,True,False,True,True,True,True,False,True,False,True,True,True,True,True,True,True,True,True,False,True,True,False,True,True,True,True,True,True,True,True,True,True,True,False,True,True,True,True,True,True,True,True,True,True,True,True,True,True,False,True,True,True,True,True,True,True,True,True,False,True,True,True,True,True,True,True,True,True,True,True,True,True,True,True,True,True,False,False,True,True,True,True,True,False,True,True,True,False,True,True,True,True,False,True,True,True,True,False,False,True,True,True,True,True,True,True,True,True,True,True,False,True,False,False,True,True,True,False,True,True,True,True,False,True,True,True,True,True,True,True,True,True,True,True,True,True,True,True,True,True,True,True,True,True,True,True,True,True,True,True,True,True,True,True,True,True,True,True,True,True,True,True,True,True,True,True,True,True,True,True,True,True,True,True,True,True,True,True,False,True,True,True,True,False,True,True,False,True,True,True,True,False,True,True,True,True,True,True,True,True,True,True,False,True,True,True,True,True,False
p2d-kl
0.5382832884788513
p2d-iter
599
p2d
-1.9512154,1.1746768;0.90600115,-1.2885667;-0.24404186,1.2849635;-1.7359099,0.9641913;-0.2973867,1.5157725;-1.7332048,1.1195648;-0.49423346,-1.190458;-0.681949,0.4728555;0.55002105,0.062337816;1.0457306,-0.7534071;-0.26042774,1.5062795;-0.18432997,-0.7026825;0.06988541,0.21372336;1.0060371,0.8103376;0.9610143,-0.43228874;-0.25898826,1.1281593;-0.45205358,-1.0005773;-0.28677094,1.6353475;0.79404163,-0.34846532;0.3599453,0.14234331;-1.6897545,1.1020017;-1.6775212,-0.07582456;-1.2362163,0.47044533;0.9444354,-0.7801637;0.9211441,-0.3432468;0.9407419,1.261805;0.9656305,1.2436517;-0.34117386,1.3478376;-0.38571844,0.47577825;0.74752253,-0.6600482;-1.2542247,0.7252993;-1.8046651,0.01728824;-0.21301715,1.7699977;-0.28661147,1.5384979;0.9923194,-2.1756485;-1.4328204,-0.20906799;0.9868045,-1.5667822;-0.022664286,-0.5842175;-0.30465806,0.43406335;0.5712435,-0.15590553;0.86440945,-2.1669116;0.14066872,-0.63800496;0.9027158,-0.3524335;-0.26060328,0.3138276;-0.38652718,-0.9011136;0.045774113,0.46539629;0.23705705,0.10354462;0.95229846,-2.3418443;-1.4191766,-0.31072468;1.4371462,0.8583524;1.3821421,0.9356853;-1.5787226,-0.032857284;-0.06741019,-0.6233509;0.86774975,-0.44605777;0.8182389,-0.5428437;0.9724409,1.2217104;-0.043086015,0.5189037;-1.495009,0.95704734;-1.2505836,0.5924815;-1.534769,0.39380896;-1.7981613,1.0616355;-1.4350064,-0.30055815;0.85932416,-2.392759;0.47933683,-0.69985044;0.3707752,-0.16478464;-0.23754379,1.8778472;0.5931914,-0.46975186;1.0592109,-0.689117;-1.7258828,-0.13643183;-0.38564906,0.5481387;-0.44101727,-1.2479053;-1.2702564,0.72044224;-0.27498195,-0.8267397;1.514737,0.78053826;0.94783425,-2.3344665;-0.2726952,1.7436851;0.5823501,-0.3034279;-0.23755376,1.5947007;-1.2530167,0.449001;-1.6789019,-0.18227677;-0.5611822,-1.2642965;0.9355206,-1.687012;1.2923441,1.0975702;0.6247639,-0.08220136;-1.6642833,-0.15904108;-0.5935937,-1.3576431;-0.4321598,-1.0879326;-1.8288466,1.0712332;-0.21889013,1.8440315;-0.30932498,1.7820268;0.91860664,-2.262592;0.9669383,-1.9444706;-1.1421282,0.7869902;0.97788644,-1.6568619;1.2689251,-0.7509617;-0.26399583,1.0679526;-0.18263912,0.6089637;-0.29130226,1.2597426;1.0039332,0.84211475;1.02555,-0.4416622;1.2048495,1.2711525;0.9021345,-1.5197555;-1.3344836,0.18947564;0.27099216,-0.60172945;0.91710585,-0.60142416;-1.4863323,1.0035094;1.506956,0.7265146;1.2638979,-0.7565914;-1.030346,0.18513526;1.3617157,1.0200319;0.8762163,-2.0862188;0.73971945,-0.66072917;-0.2830903,1.6276466;-1.7106704,1.1940938;-0.3664139,0.65054554;0.15444364,-0.58928543;-0.50320333,0.41239667;-0.13994409,0.47223267;0.8750759,-0.63536835;-1.0254238,-0.4215495;1.4824648,0.8106171;0.9384374,-2.124545;1.1253701,-0.88156915;-1.2406106,0.50196743;0.9227426,1.1891302;-1.8008516,0.06894473;-0.4655686,-1.0489334;0.18941921,0.128992;-0.47731444,-1.1261839;0.8991746,-1.5974174;-0.5897637,-1.4335185;0.6843633,0.5474486;0.9910822,-1.4581213;0.2801235,-0.41418424;0.80113304,-0.58047426;0.8667662,-2.3600018;-1.6718513,0.256646;-0.18219227,1.6385038;0.9870212,-1.313757;0.8183408,-0.86705667;-1.4039832,-0.19976462;-1.6908176,0.9308953;0.89920664,-0.17317826;-1.594204,0.4765773;1.6200258,0.6853686;-0.20771995,1.6967084;0.12421553,0.32553846;-0.345278,1.3040613;-0.29278395,1.3844469;-0.13662659,0.16109486;-0.27069184,-0.8997737;-0.27378765,-0.7214391;0.3235348,-0.21928672;-1.3708065,0.31713614;1.3129187,0.94725055;0.9580618,-1.7432973;0.9362003,-0.65244704;0.80432427,0.68171895;-1.1811438,-0.3730153;-1.3015839,0.8394064;0.9055397,0.89588535;0.4660914,-0.029536592;1.3686839,0.8962499;-0.07767297,-0.6079802;0.91442966,-1.1786461;-0.5851493,-1.3046544;-0.1722622,0.23281848;0.028169148,0.14839341;-0.062232185,0.4338342;1.2094532,1.0428443;-1.5210302,-0.22874434;0.42328665,0.14612992;-0.20109275,0.26205042;0.9533458,-1.8309102;0.87877643,-0.885868;-1.577318,-0.077008605;-0.30139804,1.1259422;1.2376944,1.098758;-1.2515583,-0.22410981;0.45947266,0.25471637;-1.4940484,1.0013326;0.31100422,0.21220472;-1.4308399,0.9483642;-1.5097029,1.0206271;1.14603,0.98948246;0.86275285,-2.331388;-1.7448232,0.27179056;-0.0457415,-0.7046164;-0.32351008,1.0610932;-1.7059891,0.24399124;-1.8062073,1.2026012;-0.19488758,1.6577942;-0.6916505,-1.2915437;-1.7584267,0.94919187;0.5896364,-0.25118953;-0.6788605,-1.4235761;0.8056059,-0.15232594;-0.13912103,0.22351748;1.0450624,-1.4468831;1.3642724,0.95972174;-1.5078669,0.8240187;-1.3328139,-0.31419656;-0.5134547,0.35037997;1.5862886,0.6780777;-0.72662234,0.40247646;0.9005796,-2.1833436;-0.1668255,0.6450671;-1.9130929,1.0898968;1.0890998,-0.9061492;0.99563175,-0.83416;0.97016037,-1.7061033;1.5401045,0.74142647;-1.2949255,0.50008136;0.8644548,0.0455847;0.94581604,-0.4605638;0.9599336,1.0126746;0.9525105,-1.5130574;-1.6533698,1.0330164;-1.9345193,1.138653;0.96450555,-0.7990538;0.9836882,-1.5282594;-1.1195166,0.43668061;-0.19558406,1.4986466;-0.36677033,0.61712986;1.2878748,1.0830357;-1.3626148,-0.2610606;0.55273944,0.1617118;-0.40212378,-1.0729471;0.9875332,-1.7943833;0.32729244,-0.40441966;-1.2624328,-0.33142313;0.9459328,-0.63730747;-1.4582554,0.63211024;-1.6465765,-0.22918987;0.5501214,0.22880156;1.2569187,1.1870971;0.6747172,0.77555984;1.452251,-0.6907688;1.5432361,0.8326372;0.67185247,0.0057376586;-1.2656939,0.83498836;-0.21469328,1.6028281;-0.6595954,-1.2497715;0.73516005,-0.35029;-0.24341995,1.1692146;-0.2285894,1.798783;-0.38617703,-1.1304314;0.20874193,-0.4053874;-0.5240692,0.34298784;-0.40620175,-0.8326769;1.5627816,0.7880276;0.7044716,0.061916657;0.88361645,-1.7432089;1.3731233,-0.7360822;1.1598595,1.2751918;1.3340284,1.0986049;-1.4749761,-0.12675236;0.5405945,0.32353073;-0.070164576,0.60417044;-0.5118015,-1.2084723;-0.6588397,-1.5021659;-1.2106397,-0.3451355;-1.5615019,0.9780898;-1.2228016,-0.3140515;-0.7114668,0.34375685;0.9718566,-1.7449597;-0.2583494,-0.69584066;1.0204753,1.3737007;0.8998122,-1.2544601;1.6278622,0.76867783;-0.32223913,1.6100012;-1.2782297,0.17318149;0.36320016,0.15951747;-0.16895778,1.5481815;0.044229414,0.22012816;-1.2175609,-0.25031936;0.042225122,0.22436683;-1.8764198,1.0791771;-1.6350466,0.28033197;0.97665924,-1.6345643;0.85952955,-2.1566348;-0.08186043,-0.7423573;-1.1207981,-0.38433227;0.36535537,0.21130872;-0.6283597,-1.1895074;-1.5802257,-0.11739527;1.0048988,-1.0682065;1.4970344,-0.7155894;-0.34013528,-0.87642694;0.9201891,-1.4681069;-0.23963046,1.8518919;0.14422515,0.23792791;1.3390918,1.0114555;-0.31158358,1.6489924;-0.29798502,1.7399697;-0.15706776,-0.6921598;0.53074616,-0.38053504;0.4221154,0.05801705;-1.5451334,0.84083056;0.99622095,-1.3535054;0.8914139,-2.3514016;1.2782247,-0.6873049;0.75269496,-0.28750968;-1.6331502,-0.07759272;-1.278421,0.42343986;-0.117035456,-0.7781367;0.90900964,-1.7611655;0.44777343,0.36428168;1.4144982,-0.6952998;-0.26652816,1.286976;-0.3171049,-0.90761566;0.6098593,-0.17482457;0.5082805,0.13405183;1.0512071,1.2573384;0.7361818,-0.16431744;-1.7255762,-0.015820049;1.5324262,0.7507266;-1.532403,-0.17494798;-0.37321794,0.7221749;-0.091982484,0.09250067;-0.63371056,-1.352642;-0.21531758,1.7306736;0.4742962,-0.484396;-0.6628815,-1.1901273;0.7665248,-0.09321595;0.9300467,-2.0170722;0.9583082,1.1621399;-0.73589003,-1.4030763;-0.025413387,0.20779157;0.815871,1.0801853;-0.25398937,1.2156228;-1.3415836,-0.28250414;-0.36657044,0.67401695;0.86865914,0.90349406;0.46542606,0.4406677;-1.5927485,0.20270799;-1.2456317,0.8544899;1.1833822,-0.6873947;-1.4503814,1.0088595;1.4275068,-0.62535036;-1.8258028,1.1888593;-0.46915102,-1.2095418;-1.0559074,-0.40965214;-0.18016902,1.8514401;-0.28303772,-0.8642726;-1.563193,-0.12310039;-1.6594108,0.43606833;-1.5338494,1.0332751;0.40453795,0.019991212;-0.18630429,1.9016857;0.9664713,1.3291487;0.536986,-0.24272275;-0.6265861,-1.2656947;1.3375542,1.1574663;0.7126205,-0.014763392;0.94618285,-1.4368352;-1.8073359,0.0485594;-1.0906416,0.4203145;-0.45590043,-1.1518707;-1.7479718,1.1110711;-0.48414534,-0.9820583;0.8579318,-1.4168489;0.25501654,-0.6239358;-0.039181013,0.07957356;0.47055233,-0.661793;-0.7278588,-1.4994348;-0.28227985,-0.60381114;-1.2024682,0.85443085;-1.8202035,1.0771903;-0.45562756,0.3071355;-1.3962137,0.893941;0.6056912,0.19605134;0.22167687,-0.5955235;0.67768514,-0.27322838;-1.4740448,-0.18846522;1.3258464,1.056842;-0.23772031,1.7273583;0.86326104,-1.4875213;0.54041564,-0.34851694;0.972281,0.9620788;0.8707914,-2.2999759;1.1311626,-0.49712923;1.3551031,-0.6212123;-0.6321108,0.32745928;-1.25015,0.4313755;-0.10653565,0.6343569;-1.6085922,-0.18921518;-1.4079423,-0.25624117;1.0216973,-0.23605765;-0.34155816,0.73880976;-0.23148248,1.7103245;-1.3433355,0.8026738;0.9827165,-1.2690183;1.5497227,0.69443786;-1.6949997,0.29105756;-1.5110794,-0.20825396;0.62339306,0.97430366;-1.6748303,0.28681913;1.0015529,-1.7602185;0.49105626,-0.7077488;1.3315253,1.0999937;-0.67136323,-1.5245774;0.93075114,0.893357;-0.411288,1.3006684;-1.6968132,-0.10844106;-0.0029490625,0.3556167;0.5894495,0.5321533;-0.679548,0.37950468;0.31554258,0.18903363;-0.38838634,1.2257184;1.127026,1.345373;-0.28012836,-0.8798804;0.9661423,-2.0897028;0.33793396,0.38126317;-1.4927893,-0.18294337;1.6191187,0.74068487;0.80996376,0.08929653;-0.18606037,0.6666947;-1.222466,0.5741459;0.9168192,-1.366587;0.34774727,0.09930795;-0.34994736,0.43716675;0.93536884,-1.9741807;0.98363143,-0.27534103;1.254364,0.9631914;-0.26337567,0.99621874;0.74139297,-0.7593709;-1.062881,-0.4092684;1.1436546,1.3090259;0.7826528,0.08542729;-1.3563434,0.11381906;-0.2573936,0.78452915;-0.1891476,0.72766095;0.6562682,-0.13356225;-1.6988597,-0.21856485;-0.6559018,-1.4261818;0.84230435,-0.4250378;0.9047366,-0.928333;1.0624875,-0.5347474;0.6308073,-0.22290425;0.9618225,1.2700602;-1.4286071,0.59738326;0.3101401,0.2901187;0.026768994,-0.51847917;1.2082417,1.0583005;0.35564154,-0.59223884;0.6686909,0.51556623;-1.1632073,0.80677444;0.42842448,-0.3788628;-0.18891495,1.93095;-0.21857858,1.6199516;-0.06861867,0.14866623;-0.21515492,1.9435029;-0.32048208,-0.73806554;0.9177927,-1.5692382;-0.2589251,1.4678969;1.4823056,0.8004127;-1.8941256,1.145252;-0.44715896,-1.0826832;-1.6345346,1.0033917;0.9893675,-1.5159574;0.9624082,-0.6283439;0.72163844,0.46527362;-1.65697,-0.10060453;-0.45206878,-0.9644974;-0.6259254,-1.3105189;1.4402336,0.98823214;0.67053014,-0.24804342;1.6145291,0.7256701;-1.7497648,-0.07506751;-1.9210943,1.1831231;-1.5241792,0.071602084;0.4993862,0.3022127;0.78568345,-1.7120686;-0.21003231,1.8056247;-0.20786253,-0.71423614;0.9309364,-2.395319;-0.2696612,1.0376838;-0.40667596,-0.9709701;0.9321617,-1.482764;0.9410502,1.2322891;0.6913976,0.051828757;-1.5227703,0.5926381;-1.3222661,0.47539726;-0.2159325,-0.66615665;1.6365595,0.7242434;0.9531242,-2.1617455;-1.1407382,0.83638036;1.0433482,1.3071405;-0.54745746,1.0993257;-0.2567731,1.7812258;1.3827405,0.98346335;0.7332097,0.44017956;0.6953322,-0.10053576;0.68592024,0.6203542;-0.12956345,0.6236618;0.5414791,0.07137842;1.1775112,1.2371699;-1.1714616,0.86106056;0.4783499,0.06776962;-0.28731441,1.3402394;0.43202227,-0.46286973;0.9305957,-0.95078915;-1.8880037,1.1214982;0.8373831,-1.743031;-0.2218474,1.6546034;1.0265467,0.84042203;-1.0938884,-0.38832462;0.49835184,0.36290506;1.1932617,0.95951;1.2057705,1.2316529;-1.1469098,-0.34043163;0.9523175,1.1115676;0.59462285,0.21983808;-0.38170135,0.52460307;0.8936533,-2.4170902;1.3125515,-0.7234428;0.68432295,0.6220433;-1.2522671,0.80278724;0.41866583,-0.6765902;-1.4286386,-0.1670023;-1.7439289,0.31758916;-1.378046,0.69209766;0.35622248,-0.023899477;-0.5938969,-1.131376;-1.819111,1.1760752;-1.632573,-0.11151156;-0.7456308,-1.2604586;0.20796925,0.13884869;-1.471432,0.95932204;-0.6870829,-1.5095768;-0.14367305,0.21788405;-0.35361502,-1.076491;0.63296515,0.16837211;1.0310965,-0.9696186;-0.65979236,-1.4687219;1.0895636,1.3405672;-1.5946203,0.9127299;0.3278239,0.109570794;1.1182812,1.2595488;-0.6760983,-1.3770484;-1.311425,0.15273461;-1.3443007,0.88058776;-1.5950062,0.98056996;-0.3131323,1.2996631;-0.44772667,-1.1747885;-0.13041602,0.56130224;0.7923188,-0.4931826;-1.5158863,0.9035228;1.5197119,0.6938638;0.9513024,1.3131442;1.0339401,-1.0724977;-1.01379,0.18596779;0.661003,0.91000384;-0.3685248,1.2625263;-1.7907248,1.1765739;0.02032787,0.36357105;0.5575723,0.51382434;0.65032685,0.38869837;1.0994349,-0.9159196;-0.36687845,-0.8880766;1.2634646,1.0540031;-0.069942705,-0.5216808;-0.36087534,1.2560917;1.0650467,0.8582601;0.8758039,-2.2343047;0.9472618,-0.9634985;0.060884614,0.17205332;1.5096141,0.65024614;0.5106506,0.49240002;1.0215318,1.3771825;0.66418356,-0.173173;0.844766,-0.50096416;0.90396535,-0.50895995;-0.6737908,0.29977873;0.87964195,-2.1373901;1.2109661,1.244271;-1.4119287,0.5857097;1.0973215,-0.35876733;1.4177848,-0.7136208;-1.9499125,1.19962;0.5764013,0.48317862;-0.61984396,-1.0937405;0.42531383,-0.46531397;1.5646113,0.7257998;0.96223307,1.0235208;0.38648644,-0.61265707;0.56597275,0.9241338;1.1794794,0.9799003;1.1393296,-0.54931575;-1.7416558,0.051344167;-1.2171662,0.70904726;-1.7466779,-0.018359715;-0.74085015,-1.3217862;0.969077,-2.2992096;0.87842745,-2.3787055;-1.4204025,0.26885077;0.94940615,-0.76316434;0.37095842,-0.037693784;1.5903606,0.7616141;1.1571684,1.304015;1.5164824,0.84382933;0.0361373,0.43862665;-0.3478541,1.6811959;-1.3830616,-0.27465257;-0.5789592,-1.3714986;-0.08308955,0.5404597;-1.2729231,0.6104178;-1.4431297,0.6489319;0.83802855,0.020424759;-0.29583913,1.5882332;0.09869634,0.2678137;0.834742,-0.76999223;0.55937207,-0.30082148;0.93488204,-2.257115;-1.712338,0.2943888;-0.08357383,0.5875064;-1.259009,0.9060118;0.78789186,-0.24771355;0.4967664,0.2645665;-0.58076197,-1.1658728;-1.5590004,0.25682467;0.70646995,0.07708329;0.6111325,-0.47690868;0.89470834,-1.9319587;0.67236775,-0.09941222;0.99508196,-1.5767667;1.1242224,-0.67754537;1.5828449,0.6865611;1.0279713,-0.32435483;0.8758038,-2.234305;1.2708108,1.1511326;0.98903507,-0.39900467;-0.30206543,1.0024285;-0.4726325,1.2165419;-0.23396961,-0.7211983;0.12561111,-0.5299852;-0.13673289,0.58948183;0.46021768,0.2517599;0.94561785,-1.5416213;0.49983093,-0.68273306;0.6765297,-0.19282237;1.2789321,1.0270181;-1.2676772,0.19905038;0.956003,-0.5792246;-0.05185088,-0.6246672;-1.5167642,0.9949147;-1.7890626,0.10807696;-0.29513276,0.7064215;0.8444808,-0.5788863;0.9342942,-1.9489635;-0.31823555,-0.92339635;-0.344456,1.3270768;-0.3171471,1.244747;-0.5319655,-1.1004218;0.8971758,-2.3227062;-0.26917544,1.0352069;0.64473915,-0.44965482;-0.75853264,-1.4290942;-0.33067673,1.6923413;0.03583912,0.4701014;0.89525557,-0.45590016;-0.0040447316,-0.56933117;0.8904364,0.92257535;1.0331117,-0.26753995;0.9645446,-1.4511082;0.45834497,0.3212414;-1.3028109,-0.3230017;-1.2288018,0.52568305;0.7377383,-0.18681872;1.2989904,1.1623205;0.62502354,0.89168864;-1.3897872,0.23512207;1.3004357,-0.7199575;-0.22802322,0.28032866;0.9429237,-2.1023195;-1.4338716,-0.23169458;-1.7753278,1.1477829;0.6269275,0.68246424;1.4392337,-0.672314;-0.30447724,1.4322618;0.102933936,0.16922958;-0.30133823,1.8153899;-1.5799153,0.2980867;0.41408867,-0.51472545;-0.54071033,-1.2425367;0.9253357,-1.9161139;0.8000373,-0.80207664;0.9422133,-1.4252138;-1.4286197,0.9709304;-0.41734815,-1.2062775;0.9212549,-2.0627854;0.39925388,-0.29495984;-1.4645373,0.2617335;-0.18514629,-0.64661765;-0.3420577,-1.136037;0.056405015,-0.4941179;1.2240785,-0.6402079;-0.2376504,1.3490989;0.7172824,0.123977154;-1.7113489,0.97863287;0.3476425,0.08858957;0.90601265,-2.1227694;0.78918713,-0.81596565;-1.0498309,-0.41376823;-1.9291886,1.1829505;0.3449012,0.034730155;0.9047764,-1.1918819;1.2386793,-0.7048629;-0.25923368,0.2910304;-0.3799524,-1.1596447;-0.30185112,-0.87449956;-0.10299377,0.5405438;-0.32979065,1.2830541;-1.4326715,0.75157195;-0.62181526,-1.4604266;-1.3078358,0.85877144;-1.4707906,-0.25962162;-0.50361276,0.2802337;0.46218446,0.34728292;-0.5202384,-1.1335732;-1.6233048,1.0271047;0.6098866,0.94670224;-1.7459877,0.07395971;-0.557379,0.2798848;0.0018566607,-0.62112945;-0.6901541,0.39355078;0.921561,-2.362791;-0.1355649,-0.6389009;0.89228296,-1.7256963;0.957956,1.2090163;1.0688443,-0.3473474;-0.47391915,0.3454544;-1.6945599,-0.06756188;0.9325696,-0.20998378;-1.7995685,1.1673548;0.9979089,-1.6745822;0.9619706,-1.9001188;0.8957937,-0.92849666;-0.29738367,0.57620114;-0.43243662,-1.2484426;0.39893767,-0.47201627;0.019796237,0.10536539;1.0764207,-0.76039064;1.0034485,-2.2518592;1.0162648,0.9880599;0.9369791,-2.1903374;-1.7223202,1.142833;-1.7463202,0.28160578;-0.26888725,1.1939986;-1.2638712,-0.26377496;0.6581973,0.072832584;-1.3579897,0.92719895;1.0855262,1.3121194;0.65134996,0.7252128;-0.54139674,-1.4195946;-0.32764542,0.3814712;-1.5337868,0.19840892;1.2077882,-0.6852391;0.90777755,-1.5770031;-1.5601974,0.20110509;1.0144155,0.8641204;1.2743165,-0.8395515;0.43248954,-0.6771965;-1.4365789,0.65083647;-0.10021839,0.6342548;0.99765635,-0.63535696;-0.027724829,0.4198399;-1.2922661,0.9229548;0.9520458,1.0326189;0.96452343,-1.3103229;0.9363745,1.1504233;-1.702522,-0.038743634;-1.4420468,0.19095089;0.9243872,-0.5250827;-0.27588147,1.5950865;0.91126126,-2.1613202;0.816932,-0.8979211;1.2935731,-0.72776186;-1.6991292,-0.22218975;0.9797511,1.0594808;-1.1849579,-0.33419463;-0.64766854,0.29698;0.97434074,-1.4816474;0.39850402,-0.14980969;-1.3540616,0.13751538;0.25072846,0.22877422;-0.45287356,0.43627435;1.4044044,-0.6647542;0.563991,-0.2118431;-0.71725494,-1.5309216;0.57615453,-0.37910184;1.483927,-0.7350071;-0.6650489,0.3159208;-0.6563394,-1.3264165;-1.6595432,0.25525096;-1.6042093,0.40731347;1.0758243,-0.8020725;-1.3093425,0.18336181;1.402459,-0.6580788;-1.7395409,0.9424532;1.0374494,-1.0116792;-1.3945881,0.10554907;0.65154415,0.5182298;-1.5932622,0.24212492;-0.6008423,-1.2495826;1.2062033,1.2927521;0.64348036,0.7905086;0.33117494,0.38267443;0.5865923,0.8157166;-0.63354856,-1.4047518;0.6049729,-0.39702365;0.4505542,-0.030553421;-1.5178375,0.9589934;-0.75099003,0.42956716;-1.2262948,-0.31969053;-1.3185556,-0.26208416;-0.28139612,1.1613264;-0.06089953,-0.5623704;-0.521364,0.34828994;-0.63437116,-1.4112139;0.25878555,-0.40174523;0.9509652,-1.7924284;-1.2014354,0.7795523;0.9754605,-0.50442517;-1.7564242,0.015587704;1.0244486,-1.0264691;1.0999317,1.3539181;1.3126206,-0.8062841;-0.35480633,1.6403788;-0.4448257,-1.2161262;0.9021826,-1.7582226;1.0907475,-0.56772983;-0.026186971,0.44394016;1.3484155,0.9430444;0.9179273,-2.0676298;0.96610945,-0.9771246;1.2736312,-0.80696195;-1.7062639,0.3470394;0.50893223,0.2238139;-0.59664714,-1.3539003;-0.21167372,0.14375651;0.741876,-0.76920146;-0.21237624,1.5613135;0.13733356,0.30110323;0.96682566,1.0857228;0.92361057,1.221078;1.1068991,-0.6253744;0.37402198,-0.25121963;0.75225145,-0.7918246;0.8629173,1.1075315;-1.1200027,0.8125942;1.0184475,-0.86545944;1.6453967,0.7126778;0.8640087,0.8252344;1.5578028,0.78309846;0.6124207,0.9263313;1.3825152,0.94448036;-0.26794735,1.18586;-1.5551757,-0.18793821;0.9731695,-1.6928599;0.20905474,-0.58143985;-1.5045711,-0.15493317;-0.1968351,0.6682961;-1.9041377,1.1148657;-0.7276828,-1.5010844;1.4096222,0.90186304;0.5107215,0.49542907;-0.09399526,0.14480844;-1.660512,1.1385094;0.98023033,1.2103637;-0.64263874,-1.3800564;-1.8767898,1.2031066;-0.5289269,0.4165487;0.35211655,0.104013935;-0.41544703,-1.1728716;0.49481192,-0.38055408;0.017277887,0.30167186;0.68117225,-0.38530728;0.6104852,0.26055288;1.3040761,1.1406931;-1.2917969,0.68042755;-1.6008115,0.4930092;0.8713105,-0.52274513;-0.42639804,0.388575;1.2769217,1.1862433;1.2549,1.0861977;-1.1863298,0.7957328;0.8484248,-0.17702001;1.4414928,-0.7028452;-0.18451025,-0.7057136;-1.6032746,-0.13625409;-0.5403948,-1.2138081;-1.1964304,0.68587726;-1.5941002,0.3873977;-1.7877188,0.039359216;0.2622653,-0.5431625;-1.7077912,1.0699947;0.048483476,0.13004127;0.49295688,0.15260148;0.8662886,-2.1107814;0.9774314,-0.24437241;-0.35588235,-0.99318993;0.9275262,-0.47430694;-0.35907933,0.62126625;-0.37711224,-1.1914113;-0.24702226,1.8196304;0.6839861,-0.43432254;0.49730512,-0.31705102;-1.1823115,-0.36835775;0.897791,0.86282367;0.9567549,1.0751551;0.5614776,0.28596327;1.1364146,-0.509775;-0.61924285,-1.4240218;-0.23878989,1.6937433;-1.5894457,0.93862194;-0.40422708,-0.96170974;0.4895545,-0.39483666;0.66232777,0.60865605;1.070946,-0.9697947;-1.8017063,1.0008308;-1.4854541,0.64629924;-0.1714441,1.8138232;1.0673764,1.0471344;0.9503469,-1.6118083;1.1395032,-0.7537846;-0.20576069,1.5257277;-1.2747426,-0.36925986;0.9075769,-2.3187954;-1.557047,0.19537911;-1.398587,0.28175178;0.62441725,0.9573809;-1.5939626,-0.082837775;-0.20851842,0.6102656;-1.7105477,1.1208518;-0.5700239,0.380639;0.50605243,-0.25936133;0.84872735,-0.3014188;0.9221396,-0.016201489;1.2913747,1.1929386;-1.2381864,-0.20399328;-1.3960215,-0.0032137402;-0.17159082,0.6986435;-0.6752731,0.41167754;-1.775914,0.023170598;0.9225004,-2.113557;1.0393413,-1.4809011;0.76282656,-0.52567494;0.80272824,0.41239795;-1.8636762,1.1213311;-0.16019703,1.8425878;0.14129435,0.124978505;0.5865378,0.013063832;-0.656252,0.30906948;-1.5279204,0.19919513;-0.2734648,1.074478;-0.52060026,1.1284313;-0.068053775,0.49138498;1.5071692,0.8245038;-1.7612147,1.1601509;1.3147966,-0.7742226;1.4406387,-0.75278306;1.0098984,0.8905277;-0.21310417,-0.63999486;0.1831055,-0.56568635;0.90264857,-2.395803;1.1078053,-0.890099;-1.3394759,0.89267623;1.0536933,-0.74228615;0.91123843,-1.8879734;-0.28024614,1.3111265;0.9845448,-1.9574155;-1.4722334,0.91781324;0.91253,-1.1611998;0.8876954,0.83057064;-1.5146706,0.21889465;1.3718764,-0.7023463;0.7097231,0.60135764;-1.6533676,1.0860252;-0.14980465,0.6736326;0.9179903,-1.4219918;1.4104867,-0.759447;-1.3307954,0.20955756;0.20857696,-0.52595574;-0.107588954,-0.64624685;0.8137251,-0.5436649;-0.93039286,0.17828551;0.9268537,-2.23054;0.8408299,-2.3760335;-0.70185477,-1.4629906;-0.22057272,1.9205459;-0.42026028,-0.91841835;0.3235912,0.24559818;-0.25457746,0.20271584;-0.21427745,1.864209;-1.2783859,0.73922974;-1.3530488,0.16082966;0.8857077,-1.8676945;0.34237877,-0.24559572
p3d-kl
0.4237143397331238
p3d-iter
599
p3d
-2.072423,0.7861872,-0.7495729;1.2949994,0.64951277,-0.4300117;-1.1679546,-0.08538626,1.0613979;-1.5884116,0.6722123,-0.7113363;-1.3915293,-0.031904936,1.3426075;-1.803751,0.45541322,-0.9030049;0.0024624725,0.7998856,2.1097374;-0.47383782,-0.14659539,-0.56260955;0.509544,-0.4028526,-0.25648978;1.2519095,-0.29489428,-0.1869084;-1.417565,-0.1277391,1.282103;0.14241575,0.72998554,1.1386291;0.10108892,-0.018631019,0.17907917;-0.07070527,-1.5749066,-0.6634376;1.1847613,-0.848841,0.36636502;-0.9904877,-0.16078548,0.87013566;0.0069464487,1.058579,1.7804458;-1.5787694,-0.21577042,1.3766118;0.91681385,-0.6558291,0.33540258;0.23999028,0.03686586,-0.21259819;-1.7416075,0.3821331,-0.9093303;-0.53991985,2.0471566,-0.8956791;-0.7391209,0.722879,-0.44199094;1.1057175,-0.112449184,-0.18669242;1.0568602,-0.61046803,0.16195801;-0.7499985,-1.85793,-0.7407943;-0.7231742,-1.848447,-0.7228235;-1.3453473,-0.038818788,0.95947874;-0.47680148,0.09286532,0.1717522;0.9706707,-0.06481917,0.16431682;-0.95522106,0.2456058,-0.7538418;-0.7817509,2.2213683,-0.88564664;-1.7180492,-0.14958622,1.6623801;-1.4323322,-0.13821143,1.324018;1.6179093,-0.14892262,-1.7811897;-0.19011492,1.6303219,-1.0529237;1.5291235,0.65347606,-0.81935;0.3150346,0.50320643,0.87776494;-0.3519363,0.028841292,0.25719157;0.47767118,-0.6037744,0.30163658;1.8182842,-0.12202191,-1.6916853;0.5662102,0.504735,0.94547015;1.0371711,-0.6059336,0.2104455;-0.20285447,0.13004315,0.21012123;0.07924127,1.0798625,1.5452265;-0.08200285,-0.67212147,0.65523547;0.24556586,-0.12380316,0.019395199;1.7301077,-0.48864734,-1.9939543;-0.04764453,1.5966616,-0.9177969;0.0775814,-2.275302,-0.35585564;-0.065199375,-2.30975,-0.36641285;-0.53523046,1.7948734,-1.0416509;0.27229628,0.5508412,0.96556956;1.0956755,-0.72275484,0.47203845;1.0919966,-0.41658983,0.59193164;-0.6978913,-1.8394337,-0.72639644;-0.22760023,-0.47518647,0.6918549;-1.3965058,0.16064245,-0.8019254;-0.8384684,0.36613712,-0.4628689;-1.039208,1.0834799,-0.78881764;-1.7732621,0.6794917,-0.778376;-0.071262896,1.6219991,-0.9086949;1.8515635,-0.6619383,-1.9770972;1.0914785,0.2079762,0.71716905;0.6121701,0.18754864,-0.016838646;-1.8435773,-0.24216828,1.7842507;0.7060601,-0.44054946,0.6929222;1.2407806,-0.34504896,-0.012639328;-0.5362827,1.8602294,-0.7646751;-0.5598947,0.07272315,0.23445712;0.08927895,0.67918944,2.1792824;-0.9549136,0.23707132,-0.6955016;0.15218161,0.8993494,1.3543038;0.2480543,-2.3151977,-0.31610683;1.7352842,-0.4793625,-1.9941226;-1.7309607,-0.16416587,1.5339456;0.6214011,-0.39714298,0.44461435;-1.5074209,-0.04100571,1.4240887;-0.76264286,0.7525442,-0.3489935;-0.40472016,2.010981,-0.7336891;-0.057325434,0.881328,2.255254;1.5586618,0.73859966,-1.0803251;-0.34438205,-2.3325808,-0.29606324;0.46883202,-0.76226604,0.16388477;-0.4176157,2.0586069,-0.8027361;-0.06277118,0.86831796,2.462334;0.0016171184,0.6901886,1.8256282;-1.8137851,0.7268139,-0.76570535;-1.814924,-0.20166409,1.7522938;-1.8280348,-0.14602432,1.51786;1.7489121,-0.3626262,-1.843391;1.6959344,0.32877523,-1.4343255;-0.873415,-0.13817105,-0.8567665;1.596771,0.68744797,-0.99097675;1.6191772,-0.08480428,0.39797002;-0.9038796,-0.1436865,0.7888726;-0.4585571,-0.29546967,0.6180623;-1.201677,-0.12165463,0.95584404;-0.11241994,-1.5844607,-0.60336536;1.2904062,-0.93827045,0.35596913;-0.6571464,-2.364289,-0.39652213;1.5609224,0.912961,-0.753621;-0.5724369,0.9458809,-0.89614165;0.7077689,0.30210876,0.84550524;1.2519627,-0.2724519,0.52568936;-1.4535966,0.07553892,-0.81409687;0.32165295,-2.1948934,-0.2953504;1.60982,-0.1253184,0.3384059;-0.34276786,0.55120516,-0.8584081;-0.18463726,-2.3825934,-0.3460077;1.744167,0.09482465,-1.7082709;0.9488671,-0.11271622,0.11336693;-1.5672023,-0.20961626,1.3698611;-1.8333848,0.5575289,-0.9929876;-0.64658695,0.04018185,0.38023153;0.52784485,0.371462,0.89592147;-0.4133675,0.19654778,-0.112611815;-0.23077957,-0.12504409,0.66609824;1.2304844,-0.225858,0.49340308;0.33894214,0.71680915,-0.955143;0.18084222,-2.3069754,-0.33258867;1.7198552,-0.05492436,-1.6525931;1.4455733,-0.12569281,0.028917843;-0.7510326,0.6027776,-0.5040049;-0.6539688,-1.7588855,-0.782189;-0.8404045,2.1682637,-0.87711823;0.0066915913,0.97057825,1.8702401;0.23959921,-0.19627649,0.10093563;0.019149639,0.921037,1.9786291;1.3979982,0.6646628,-0.8765353;-0.023060156,0.99873066,2.6114419;0.0026058208,-0.9443756,-0.31848213;1.489172,0.68165165,-0.6281374;0.4800848,0.12510301,0.55910385;1.0809665,-0.43964928,0.57451606;1.8314263,-0.61700237,-1.9677366;-1.002239,1.5866379,-0.88966817;-1.5178334,0.003494601,1.5391091;1.4640467,0.6354502,-0.35741994;1.1155692,0.37680286,0.14515187;-0.20077801,1.5152626,-1.0290139;-1.5214441,0.56063837,-0.66438174;0.86596173,-0.36010322,-0.23420617;-1.0900334,1.2576767,-0.53428185;0.4537011,-2.4319189,-0.3353215;-1.6145848,-0.088936925,1.5789101;0.09814537,-0.57288164,0.2724924;-1.2974648,-0.055912532,0.90661633;-1.3009822,0.030798577,1.1176741;-0.053189624,0.10150832,0.5945916;0.17084208,0.86334455,1.4641263;0.023122959,0.63380665,1.2481596;0.61181295,0.33825517,0.06677561;-0.77825785,0.88000387,-0.7927722;-0.1250115,-2.2548833,-0.4823812;1.5813916,0.57997775,-1.1407014;1.1626332,0.062085122,0.62977594;-0.10948199,-1.4289131,-0.32920533;0.1759445,1.0686926,-1.0153805;-1.0846609,0.006858535,-0.81309205;-0.29979905,-1.3797536,-0.5882452;0.49535877,-0.23006776,-0.049775053;-0.025742821,-2.174987,-0.34087494;0.25308073,0.5709738,0.9501432;1.2159901,0.4696895,-0.2757526;-0.06854056,0.9336882,2.3577678;-0.050979756,0.25636485,0.3494908;0.15569337,-0.09600138,0.4288528;-0.12464851,-0.32064188,0.6405535;-0.34682643,-2.0741737,-0.29646546;-0.24497637,1.748078,-0.90116185;0.2904073,-0.16918626,-0.25509545;-0.11359231,0.18905725,0.29332873;1.6205161,0.5012835,-1.2889266;1.178368,0.3651124,0.049524926;-0.46160904,1.8688765,-1.0209749;-0.9883942,-0.05538895,0.88632345;-0.3736316,-2.2236414,-0.42471084;-0.083993524,1.1340268,-1.1173148;0.13700706,-0.18527752,-0.4530918;-1.4587402,0.090841785,-0.8113995;0.06200414,0.14687768,-0.21915881;-1.3587372,0.011981926,-0.71933955;-1.4909456,0.0990482,-0.77999;-0.31625032,-1.8240337,-0.32846698;1.829027,-0.55963945,-1.9200453;-1.1000762,1.6931894,-0.89236075;0.3737096,0.68361336,1.0758564;-0.9313481,-0.014222072,0.75577193;-1.0242207,1.6792845,-0.90900743;-1.9687878,0.4336402,-0.8197388;-1.5530373,-0.02816975,1.5467349;-0.23877384,1.0374551,2.389013;-1.58835,0.6950995,-0.6604218;0.66995734,-0.43134007,0.25167352;-0.13403922,0.9531437,2.6371808;0.71114194,-0.47653502,-0.12942497;-0.017900782,0.22203603,0.35419777;1.3480177,0.5793729,-0.6386389;-0.09217014,-2.268278,-0.3332839;-1.2835615,0.46402037,-0.8015291;0.016498007,1.4433043,-1.0454715;-0.29656574,0.14044334,-0.17547035;0.4251197,-2.3612883,-0.38374192;-0.3540774,-0.02492286,-0.56810546;1.771291,-0.16562647,-1.7330462;-0.5059548,-0.35688683,0.6693957;-1.9222964,0.8189815,-0.70319283;1.4559293,0.05097973,-0.009467471;1.2154722,-0.023439242,-0.08783431;1.5963233,0.64558536,-1.0757887;0.32584316,-2.2956443,-0.31837288;-0.82370186,0.6919011,-0.5245739;0.67059344,-1.1050715,-0.18686873;1.1915917,-0.7725884,0.43306077;-0.3905764,-1.6532373,-0.7349517;1.5318543,0.76303333,-0.7219492;-1.6066027,0.4025927,-0.9082016;-2.0052176,0.8060043,-0.7414032;1.1365894,-0.08733944,-0.08362526;1.5649353,0.71485054,-0.7388818;-0.5847167,0.4641546,-0.598547;-1.4765183,0.16094992,1.2498254;-0.60766405,0.050051086,0.35041827;-0.33292013,-2.311381,-0.35792902;-0.06671502,1.5082709,-1.0644366;0.40064377,-0.32582283,-0.45931864;0.07864086,0.81295586,1.8445562;1.6499103,0.5278535,-1.2092285;0.5941314,0.2980779,0.3983716;0.077259235,1.2602428,-1.0263433;1.2066368,-0.038749583,0.57350767;-1.1264702,0.69672596,-0.5849763;-0.41388443,1.7340643,-0.69871634;0.3041744,-0.26772448,-0.5682162;-0.49623963,-2.415336,-0.34469235;-0.36440164,-1.0904442,-0.21626115;1.8523186,-0.44426283,0.40120158;0.19845703,-2.381307,-0.24294929;0.45424563,-0.7350377,-0.07512825;-1.0472611,-0.033705752,-0.75212026;-1.5163523,0.002228825,1.4433792;-0.20852609,1.0059221,2.2810366;0.83681655,-0.75615317,0.3955689;-1.0446064,-0.19766968,0.9115171;-1.7539668,-0.197148,1.6884466;0.12124153,0.6413514,1.9257685;0.35700077,0.06523675,0.63200814;-0.27338263,0.110235505,-0.21103887;0.033153757,1.1901052,1.4250033;0.28675133,-2.418516,-0.3130068;0.38175663,-0.87152267,-0.1397124;1.4722648,0.6994221,-1.2116499;1.7674226,-0.25418547,0.43619546;-0.6976229,-2.2827284,-0.43136182;-0.31885383,-2.4123085,-0.30914956;-0.31546777,1.6909378,-1.1216487;0.10283854,-0.33790544,-0.4988703;-0.35340756,-0.3960806,0.7714003;0.018295044,0.9066831,2.1249888;-0.1448737,0.87836736,2.7864296;0.12566179,1.1320304,-1.0365171;-1.4679298,0.29660997,-0.8381552;0.085907154,1.156061,-1.0555899;-0.36330009,0.1810645,-0.5377544;1.6092757,0.58404636,-1.1449034;0.027141519,0.65731317,1.1910491;-0.9161894,-2.0932362,-0.6165003;1.2517767,0.60631025,-0.37539443;0.3968666,-2.4248643,-0.19453444;-1.6025871,-0.15903193,1.3051533;-0.5152194,0.8351968,-0.8738363;0.21226948,-0.069979504,-0.19409226;-1.5805423,0.1534376,1.2796301;0.12536885,0.05106878,0.21056032;-0.03296023,1.0665538,-1.0874115;0.134087,-0.03659511,0.27196357;-1.888929,0.72275627,-0.672058;-0.9911759,1.4727652,-0.9123568;1.5816698,0.701889,-0.9490468;1.8197848,-0.103975035,-1.6776255;0.34590864,0.74856085,1.1588979;0.23484011,0.90602005,-0.99663854;0.14231801,0.047087416,-0.31913665;-0.20120186,1.0110142,2.1340508;-0.39791825,1.9623694,-1.0131671;1.4614135,0.5033041,-0.101832554;1.9258076,-0.39192066,0.4649809;0.10718017,0.9852304,1.483635;1.5395266,0.85692054,-0.6343406;-1.8159363,-0.22138669,1.7534753;0.08937148,-0.3815668,0.12731907;-0.19632874,-2.3234167,-0.33579314;-1.6329191,-0.19260119,1.3393772;-1.75882,-0.13021797,1.4891499;0.16402532,0.66539615,1.1254338;0.77678233,-0.1869872,0.3937493;0.37890652,-0.14727041,-0.09854876;-1.3462878,0.51464826,-0.7299239;1.4769787,0.5991262,-0.43233556;1.8238581,-0.548747,-1.9888979;1.6027967,-0.112513945,0.48883465;0.8226319,-0.5475712,0.26631746;-0.49233246,2.0110538,-0.96819496;-0.77577823,0.85911673,-0.36639038;0.3159273,0.8084481,1.2399558;1.5128788,0.64589906,-1.2110349;0.04579482,-0.28921932,-0.6886766;1.8246588,-0.4179448,0.37383574;-1.1854336,-0.041275896,1.0342302;0.12540513,0.8826405,1.5134456;0.5720336,-0.6052263,0.21788903;0.39402473,-0.2921953,-0.35454038;-0.7162745,-2.009503,-0.5534807;0.66693807,-0.5714877,0.017509991;-0.6613128,2.1352277,-0.89284617;0.3106142,-2.3074975,-0.3368976;-0.3168302,1.7681834,-0.9459439;-0.74830514,0.012402173,0.44846535;0.11759275,0.020130673,0.6905503;-0.12657815,0.88867575,2.4732208;-1.6642123,-0.11073604,1.595285;0.8089869,0.2127874,0.3645422;-0.1840448,1.1178198,2.145092;0.60903925,-0.5192533,-0.13300768;1.7270532,0.16775936,-1.5213406;-0.6036623,-1.7664232,-0.74848574;-0.060041253,1.164474,2.62047;0.034337334,-0.04368974,0.40512872;-0.5684007,-1.4959453,-0.39798847;-1.0956402,-0.16671291,0.95659757;-0.036975402,1.4484493,-1.0567446;-0.6775048,0.02752765,0.40265283;-0.2820023,-1.290507,-0.6515002;0.06002104,-0.46674153,-0.07931825;-0.8351874,1.5032959,-0.9119222;-1.0340254,-0.07870723,-0.67201245;1.4639219,-0.3038047,0.43454045;-1.4222455,0.0025664184,-0.8502559;1.7775967,-0.6020834,0.4184891;-1.9684266,0.48349443,-0.8283004;0.05355247,0.77153313,2.1193407;0.31217724,0.7609085,-0.9695777;-1.8099743,-0.123194546,1.805963;0.16596903,0.8700381,1.4344864;-0.37696552,1.9342921,-1.0189133;-0.9103759,1.4617413,-0.48616526;-1.5134327,0.15971914,-0.70215976;0.40038738,-0.09347509,-0.079251185;-1.863923,-0.2583065,1.865523;-0.8605332,-1.9691392,-0.72426856;0.56286114,-0.3564458,0.35787988;-0.15342017,0.9486343,2.2938988;-0.40647477,-2.4554415,-0.24055168;0.45710808,-0.86974955,-0.015287619;1.5514996,0.8266031,-0.5734799;-0.81785446,2.1951313,-0.8797272;-0.5243803,0.41870606,-0.5767046;0.03238967,0.7417078,2.0047894;-1.8016872,0.39762342,-0.81725293;-0.01569777,1.1280158,1.7726258;1.3902293,0.99148744,-0.56769603;0.70167446,0.38523623,0.7899662;0.25172237,0.051634442,0.60078114;1.0558702,0.16591448,0.70949304;-0.09537338,1.015008,2.8294616;-0.094295286,0.591293,1.0034697;-0.9612636,-0.15504758,-0.6865084;-1.8135753,0.69266176,-0.7650163;-0.18388286,0.20715839,-0.13061042;-1.2516215,0.08433186,-0.8224693;0.36928543,-0.45946378,-0.5387934;0.63343287,0.33568662,0.8428034;0.6991659,-0.77885795,0.34239042;-0.24858578,1.7691022,-1.0516342;-0.2787007,-2.356364,-0.42828786;-1.6667223,-0.13173616,1.5768478;1.3968517,0.92703915,-0.7168493;0.7546337,-0.21258153,0.3030868;-0.30524924,-1.6331816,-0.7004257;1.8314524,-0.46738657,-1.8894694;1.3506813,-0.5759058,0.11698897;1.6804439,-0.55751216,0.2911867;-0.37034392,0.25567544,-0.39721036;-0.73268354,0.794287,-0.40623766;-0.42123744,-0.35669997,0.7495727;-0.41810116,1.7415113,-0.8201543;-0.11284487,1.5779148,-1.0100442;1.0183061,-0.69937044,-0.14376399;-0.74878556,-0.023076434,0.52936125;-1.6408638,-0.13606203,1.5804511;-1.1095878,0.17633064,-0.7632838;1.4480392,0.61942226,-0.2916663;0.4047621,-2.2381978,-0.31421307;-1.0661484,1.598681,-0.91658616;-0.25869876,1.7488763,-0.95152354;-0.63018507,-1.013629,-0.34017828;-1.0372369,1.5591798,-0.9008132;1.6472532,0.5411903,-1.1399865;1.1091127,0.21172486,0.71042186;-0.32154104,-2.412094,-0.31247297;-0.15133812,0.9055954,2.8235075;-0.260368,-1.4270577,-0.6185994;-1.1959121,0.199847,1.0216216;-0.5394083,1.9387677,-0.8520313;-0.0054618586,-0.35419166,0.56943905;-0.038703512,-0.71368533,-0.16336824;-0.34816778,0.051168486,-0.49393496;0.1007372,-0.026632097,-0.18500237;-1.1956382,0.16794573,0.8805971;-0.81492084,-2.2692852,-0.4886011;0.14481838,0.8343991,1.4409896;1.6567291,0.029928762,-1.6430122;0.29885525,0.19343708,-0.56427515;-0.26653737,1.7238392,-1.0055977;0.4135858,-2.4515948,-0.26146877;0.5512273,-1.0528743,-0.23232113;-0.5270754,-0.2733392,0.6774869;-0.80075955,0.4147501,-0.5835099;1.4261599,0.79464585,-0.46428445;0.2766071,0.1458958,-0.263637;-0.40472922,0.079827644,0.19252202;1.6858307,0.2565078,-1.4656711;1.0504171,-0.52183867,-0.07610825;-0.19356509,-2.053868,-0.27817935;-0.81628966,-0.13529415,0.76621985;0.96413714,0.20340239,0.12188063;0.3058541,0.7806489,-0.97409743;-0.75132453,-2.2784896,-0.45247522;0.5306693,-0.968241,-0.24620475;-0.49609163,1.1150649,-0.9475034;-0.7280488,-0.17092645,0.67189217;-0.61680037,-0.24419717,0.72921956;0.5559284,-0.728608,0.10183773;-0.44309554,1.8785127,-0.63648146;-0.1369026,0.862398,2.6191278;1.0381874,-0.7012176,0.44265112;1.2597678,0.40328327,0.09151162;1.2212076,-0.47405902,0.16265354;0.60648704,-0.6159409,0.28305554;-0.76252276,-1.8794863,-0.7354792;-1.0853362,0.6957052,-0.6090222;0.036583357,0.33929396,-0.29312104;0.3217167,0.41932887,0.7294894;-0.36505672,-2.1414938,-0.19478641;0.8051729,0.18337545,0.7407956;0.046560764,-0.9345154,-0.18674286;-0.9069889,-0.1339896,-0.8235428;0.6462474,-0.10489421,0.5083004;-1.8858227,-0.3105219,1.8966758;-1.5064716,-0.048118543,1.4784452;0.060534474,-0.060262952,0.5956117;-1.8950211,-0.33683223,1.8995202;-0.038394865,0.60671586,1.3677766;1.4687839,0.8029062,-0.8576662;-1.3690071,-0.13629645,1.2340721;0.19207989,-2.3057876,-0.3429663;-1.9749475,0.7453009,-0.7448089;-0.0024731606,0.7717298,1.8497255;-1.564707,0.39528164,-0.8526181;1.5515782,0.69571114,-0.71627307;1.2401171,-0.09469207,0.5410536;0.1659176,-1.0060174,-0.2688394;-0.48928106,2.0622988,-0.92111284;-0.004434041,1.1272953,1.7254037;-0.14163193,0.8998516,2.3899324;-0.09552077,-2.2418237,-0.16610745;0.6786762,-0.7595122,0.30110702;0.42683578,-2.4222493,-0.25763452;-0.63441825,2.0179825,-0.80252784;-2.058377,0.7675715,-0.7452055;-0.5952513,1.5210644,-0.9463013;0.15767604,-0.1920452,-0.6487967;1.301733,0.4713966,-1.1214103;-1.7809,-0.13893634,1.6985723;0.11623304,0.70554197,1.1728542;1.761322,-0.68314534,-1.9967021;-0.8748218,-0.12878338,0.77601784;0.044465814,1.0148195,1.684776;1.4936095,0.84214807,-0.6658375;-0.70864224,-1.8324407,-0.7484996;0.40052497,-0.8082689,-0.12464;-1.1469152,0.920538,-0.6673793;-0.84048283,0.7897863,-0.5340191;0.0693498,0.66878736,1.0917255;0.44117042,-2.4504502,-0.25889748;1.696656,-0.08285462,-1.7740434;-0.8781954,-0.21120112,-0.7721509;-0.8009867,-2.060336,-0.5740632;-1.1153203,0.4893498,0.546183;-1.7664205,-0.1833055,1.6108353;-0.1126472,-2.3499002,-0.3204734;0.22751038,-1.0055826,-0.23666334;0.63479453,-0.96074873,0.05989795;-0.094822444,-1.0202826,-0.3117902;-0.43211228,-0.37693438,0.71667206;0.4647149,-0.3860528,-0.27100104;-0.6355086,-2.2987163,-0.4077813;-0.9309986,-0.21414977,-0.720529;0.4459844,-0.2525028,-0.20030649;-1.2504702,0.05658311,1.0467826;0.69295114,0.12446741,0.50679296;1.3224086,0.3992975,0.15141638;-1.942307,0.75577146,-0.7326196;1.3981272,0.54715246,-1.192909;-1.5656163,-0.055676714,1.5165895;-0.095860526,-1.6395468,-0.6117376;0.26384747,0.8396616,-0.986384;0.14703739,-0.47425225,-0.6058404;-0.21742484,-1.9118513,-0.3571726;-0.6120581,-2.3442287,-0.38998407;0.17005672,0.985824,-1.0369625;-0.52558124,-1.7176386,-0.6971997;0.32722816,-0.43126217,-0.5534354;-0.52315265,0.08728404,0.22404626;1.8040797,-0.7142227,-2.0201335;1.6682115,-0.18286529,0.4384768;-0.09901955,-1.0166273,-0.3014111;-0.99,0.0024647384,-0.6679728;0.989475,0.2565631,0.7709586;-0.27744874,1.5215409,-0.94416046;-1.1404015,1.651035,-0.885535;-1.0778705,0.46860856,-0.6334626;0.44971597,0.22131021,-0.2002079;-0.19853762,0.798102,2.0608418;-1.9565307,0.47481677,-0.8288547;-0.46293843,1.9611665,-0.9261308;-0.20673998,1.2835652,2.330943;0.20165476,-0.12552315,0.050724372;-1.400638,0.101126716,-0.7564916;-0.15956175,0.9401725,2.8090901;-0.0093546435,0.25037938,0.38477054;0.15751278,0.7491244,1.8176937;0.41558734,-0.5553526,-0.511225;1.467776,0.31049383,0.08106383;-0.1508563,0.8618123,2.7112846;-0.83251303,-2.2051907,-0.51075095;-1.3946528,0.35104084,-1.0222409;0.271803,0.032122836,-0.16080095;-0.6967665,-2.1536539,-0.45015493;-0.15784673,0.9655995,2.5474696;-0.5171537,0.942257,-0.91131175;-1.1829363,0.0053133387,-0.7857129;-1.4927074,0.3201088,-0.9286146;-1.2658418,-0.08995837,0.9466821;0.04100846,0.665344,2.050883;-0.352374,-0.46332657,0.6343916;1.0263537,-0.5734097,0.57626945;-1.4383343,0.29766688,-0.6403508;0.3806067,-2.1632655,-0.30585808;-0.83708197,-1.9329196,-0.75111485;1.4805464,0.45198295,-0.12506592;-0.33656293,0.52853054,-0.83852357;-0.5256342,-1.0572429,-0.35432807;-1.249819,0.049456168,0.85325927;-1.9324881,0.43273532,-0.82261586;0.024983067,-0.44991377,0.5689968;-0.044859406,-0.6026696,-0.19722562;0.14777043,-0.7528375,-0.46524343;1.469048,0.060401026,0.014412441;0.12066118,1.0625283,1.5071938;-0.3240656,-2.2453995,-0.21755233;0.1982338,0.56808674,0.7538516;-1.2387787,0.029033436,0.85003006;-0.10624327,-1.72058,-0.52640885;1.8151027,-0.30460173,-1.7847885;1.3614408,0.4085956,0.14023776;0.12448498,-0.17349474,0.3354281;0.43309522,-2.049569,-0.32440728;0.030728884,-0.5676706,-0.03422852;-0.9229295,-2.0951097,-0.6108641;0.6327347,-0.7546434,0.17825143;1.1433486,-0.6849875,0.6520846;1.2290682,-0.69731843,0.5794686;-0.40838444,0.30455247,-0.43766198;1.7977933,-0.047065675,-1.6930276;-0.6223175,-2.3497767,-0.3888389;-1.0451447,0.7157946,-0.54364574;1.2271312,-0.68083286,-0.023824105;1.8230985,-0.41002974,0.3439969;-2.0935946,0.7839086,-0.75066024;-0.0076505383,-0.5296167,-0.26900512;-0.24931423,0.8534656,1.9870472;0.69806504,0.180975,0.48219877;0.36120176,-2.33992,-0.3413258;-0.39828652,-1.6737881,-0.7494174;0.8781825,0.15519623,0.74917847;-0.602243,-0.8393876,-0.2789184;-0.26952815,-1.8962487,-0.3307049;1.3957375,-0.39457986,0.112621516;-0.7812371,2.0736668,-0.8559235;-0.8752949,0.19739114,-0.72761214;-0.67548746,2.1671143,-0.89247113;-0.17926957,1.226292,2.4512231;1.6763468,-0.49304014,-1.8910009;1.8353739,-0.6307376,-1.9874802;-0.7722162,1.0199587,-0.9238667;1.0589595,-0.20347305,-0.19839817;0.48200715,0.18368828,-0.16074339;0.35663155,-2.3994894,-0.24667378;-0.7344037,-2.2958019,-0.4463244;0.17115729,-2.3995326,-0.30243415;-0.059403304,-0.61240965,0.640229;-1.7067388,-0.26390812,1.3386314;-0.07642492,1.5161191,-1.0138817;-0.058896072,0.7814286,2.4783432;-0.2881458,-0.4186847,0.6957657;-0.8933564,0.36851203,-0.48149586;-1.1436274,0.687464,-0.4859614;0.6552183,-1.0677586,-0.075718015;-1.5482042,-0.14567386,1.3125962;0.023926847,-0.3250404,0.2287897;1.1427987,0.21536551,0.25817522;0.6265705,-0.32592282,0.42158678;1.7311666,-0.3526259,-1.8412254;-1.0826559,1.6176237,-0.88196087;-0.34780502,-0.41622517,0.7315681;-1.1170306,-0.14536983,-0.6279962;0.8516562,-0.5243254,0.11699305;0.16697854,-0.20140621,-0.5195681;-0.1366492,0.9222519,2.0761335;-0.8736082,1.3629714,-0.8800604;0.37687907,-0.86511904,-0.17169185;0.72864765,-0.4810998,0.7134322;1.5841874,0.29248688,-1.4693718;0.59547764,-0.9104213,0.09468807;1.540233,0.6254096,-0.8338291;1.4333647,-0.16500236,0.25108808;0.4397268,-2.318076,-0.3351314;1.1407335,-0.5769634,-0.017389145;1.8152994,-0.3045943,-1.7848287;-0.4368657,-2.446436,-0.35854033;1.1700708,-0.8864277,0.26434383;-0.8486313,-0.094729304,0.6900566;-1.228284,0.353801,0.76770365;0.080887236,0.68958014,1.2054205;0.4544015,0.32877544,0.74795556;-0.40301943,-0.41777724,0.66430753;0.11179532,-0.24791448,-0.42342952;1.509758,0.78593266,-0.7899356;1.1088014,0.16150405,0.6832883;0.6920915,-0.6818352,0.15897979;-0.29142258,-2.2393024,-0.48327652;-0.53561306,0.78571635,-0.8514078;1.2028177,-0.21954367,0.5984926;0.29143447,0.53314775,0.96238613;-1.4664499,0.13053104,-0.80404675;-0.895136,2.0790064,-0.87079066;-0.66688436,-0.09070097,0.55676794;1.1432339,-0.3834948,0.57785565;1.6580149,0.289686,-1.4519093;0.13263921,0.8677713,1.5367928;-1.3259145,-0.08205618,0.919402;-1.2136017,-0.11765669,0.87975955;-0.10824986,0.7914107,1.9429636;1.8040851,-0.50423396,-1.9376836;-0.869315,-0.13570283,0.76187295;0.7873491,-0.49582782,0.64539874;-0.112147234,1.2093785,2.693078;-1.7125759,-0.22453882,1.363946;-0.09810245,-0.6482973,0.6571203;1.1460216,-0.74498713,0.4726382;0.32633597,0.48201793,0.84747994;-0.28391215,-1.3673257,-0.68215495;1.063209,-0.7042363,-0.098946735;1.5511628,0.7579973,-0.6015776;0.103268646,-0.22136536,-0.6291565;0.0463603,1.3691266,-1.0285273;-0.7628028,0.5276689,-0.4788876;0.68712646,-0.5175527,0.053654037;-0.4410327,-2.4391243,-0.322512;-0.5194136,-0.9327472,-0.32614124;-0.69292825,1.0093733,-0.9134471;1.6500093,-0.21361224,0.4205298;-0.21043816,0.14057335,0.33425388;1.7064143,-0.0072239875,-1.6488012;-0.17461425,1.5953604,-0.984004;-1.8871114,0.4036806,-0.8209199;-0.21437027,-0.8421774,-0.21954967;1.8309011,-0.4801684,0.36678874;-1.4013447,-0.03105719,1.1327171;0.21676007,-0.1537664,0.30708978;-1.8487278,-0.2376745,1.569954;-0.9160268,1.3993664,-0.7732969;0.7777714,0.28668815,0.48152506;-0.014532458,0.96924216,2.198002;1.6207421,0.3269726,-1.4174234;1.0591335,0.24951413,0.12025558;1.5229892,0.8376745,-0.55694073;-1.3574711,0.016669493,-0.7920813;0.09791657,0.65193236,2.0908642;1.7234008,0.065994576,-1.5957633;0.73055977,0.18493178,0.13853408;-0.80561477,1.1311638,-0.95029956;0.102588475,0.6618222,1.0341517;0.18180275,0.63374496,1.8986546;0.33370435,0.32428175,0.6719663;1.5457729,-0.43287078,0.28305972;-1.2381854,-0.10188707,1.1481184;0.29368457,-0.8677021,0.0043881587;-1.5817473,0.625782,-0.7605803;0.29643384,0.14326307,-0.2434886;1.7329236,-0.009367398,-1.715982;1.0467893,0.27882516,0.0999955;0.31460613,0.7648865,-0.9680156;-2.063263,0.76982087,-0.75015825;0.37437132,0.11735679,-0.12354586;1.2133583,0.4895994,-0.26854104;1.5675757,-0.27406007,0.38495043;-0.17481579,0.19024421,0.2141803;0.14334846,0.66132337,1.9727501;0.13827288,0.8647778,1.4555733;-0.30639994,-0.34648094,0.70132715;-1.2630025,-0.057993628,0.9149722;-1.1591444,0.47120965,-0.7507905;-0.080380484,0.81148624,2.6631389;-1.1161535,-0.014003401,-0.78036255;-0.1671485,1.6543837,-0.90334535;-0.26372167,0.3392851,-0.12203607;0.072737195,-0.27588102,-0.6023539;-0.07618797,0.669128,2.0100973;-1.5820795,0.34578577,-0.9052205;-0.6058509,-0.96089286,-0.32938546;-0.81102586,2.0388303,-0.84748137;-0.29886052,0.3754456,-0.23723282;0.38180634,0.4939261,0.9419983;-0.33377266,-0.0071103745,-0.520029;1.7659698,-0.61046696,-1.9460125;0.17071112,0.5716672,1.0345528;1.477113,0.6613654,-1.187961;-0.6846364,-1.8231778,-0.73980457;1.2014743,-0.59495395,-0.037831936;-0.20518969,0.089110315,-0.17923565;-0.56194293,2.0874314,-0.8889405;0.94640136,-0.42701298,-0.17521493;-1.9365361,0.43668583,-0.82343954;1.620064,0.6716735,-1.0104157;1.6686374,0.36960477,-1.3726346;1.2702687,0.37991768,0.21200915;-0.4446752,0.11847418,0.49750468;0.096301265,0.6705708,2.1760478;0.7087117,0.12661104,0.53594846;0.16319646,0.1343071,0.4335401;1.3159837,-0.2930201,-0.17861061;1.6069885,-0.41449174,-1.7802985;-0.3684899,-1.6339178,-0.55107284;1.7251878,-0.14514941,-1.8006735;-1.8168141,0.3322101,-0.8403915;-1.0967562,1.6865242,-0.8539305;-1.0724212,-0.14664613,0.93017054;-0.025331333,1.208291,-1.0924921;0.4523695,-0.6850494,-0.21697077;-1.2149097,-0.04135206,-0.8692365;-0.7961958,-2.15931,-0.5156334;-0.28775057,-0.97785634,-0.18207954;0.05220915,1.0186676,2.5538924;-0.34289786,0.1614103,0.25730795;-0.7916859,1.3834531,-0.94334626;1.4935465,-0.2652209,0.4386324;1.433425,0.77076465,-0.86591345;-0.80371207,1.4320347,-0.92619926;-0.13040537,-1.6322907,-0.62543136;1.6473591,0.06689071,0.22099805;1.0112379,0.2314281,0.75594616;-1.14099,0.6729852,-0.48016587;-0.416416,-0.35584226,0.75738394;1.3183908,-0.14089665,0.50935715;-0.100085214,-0.39837348,0.6198493;-1.1867487,-0.1236163,-0.65885556;-0.42363116,-1.652436,-0.72953004;1.3751134,0.58450985,-0.4101137;-0.5891678,-1.72578,-0.75904787;-0.60519505,2.1212058,-0.91242975;-0.673893,1.2059654,-0.84820485;1.2185035,-0.59757304,0.4891272;-1.5345229,-0.14454895,1.3642948;1.7506616,-0.1693792,-1.6608192;1.1482521,0.43867114,0.1975013;1.6439512,-0.1863928,0.4093456;-0.4332273,1.8727223,-0.6282067;-0.430687,-1.7263882,-0.79724294;0.13728754,1.0800757,-1.0386329;-0.36240387,0.3149559,-0.4271834;1.4946461,0.72398746,-0.6538338;0.6213587,0.058902327,-0.03341522;-0.531213,1.065799,-0.9338261;0.15774669,0.20273623,-0.005918246;-0.44335175,0.137198,-0.0015575134;1.7937487,-0.4912972,0.35641566;0.5391178,-0.4680417,0.35862577;-0.12986425,0.99965984,2.8575768;0.767105,-0.2830649,0.44370267;1.9122235,-0.36159644,0.46839273;-0.36254627,0.27174354,-0.46204782;-0.19240375,0.82514477,2.4396594;-0.9909633,1.5640653,-0.89932936;-1.0331599,1.2808794,-0.65213984;1.363068,-0.13013262,-0.10506393;-0.5417285,0.8937955,-0.89790696;1.7828611,-0.50327617,0.35383978;-1.5628132,0.71045005,-0.69577193;1.4937806,0.3822717,0.020628111;-0.52291566,1.1918811,-0.99743026;0.03484613,-0.8714634,-0.21454649;-0.8920763,1.4465016,-0.90200573;-0.12641276,0.9256798,2.2523663;-0.6848361,-2.3726733,-0.3817957;-0.3483213,-0.94412345,-0.27762792;0.33434072,0.23581618,-0.5379513;-0.38165644,-0.6993855,-0.29679397;-0.11575908,0.8386442,2.5789313;0.76983154,-0.35778117,0.5067878;0.4901526,-0.17750436,-0.03874262;-1.4054999,0.1785494,-0.852954;-0.27064076,-0.17332557,-0.59796923;0.08476101,1.1539158,-1.0458243;-0.05338095,1.370812,-1.0602407;-1.0409762,-0.13433787,0.88798076;0.23271541,0.5323222,0.84451663;-0.28232715,0.10528027,-0.20482829;-0.13004959,0.80469865,2.5879073;0.40764326,0.07554868,0.55920327;1.5910678,0.529761,-1.2271156;-0.94097275,-0.0148924915,-0.8331207;1.2719679,-0.64789665,0.43764994;-0.74209124,2.1568687,-0.87937945;1.4941317,0.4405353,0.00900911;-0.83303833,-2.2272384,-0.5265094;1.6873617,-0.07009177,0.24682517;-1.6670482,-0.24221022,1.2880251;0.08469826,0.72642267,2.1226606;1.5072216,0.6848582,-1.2210789;1.320907,-0.37364754,0.21436505;-0.11041163,-0.4286797,0.6544699;-0.09880083,-2.2235708,-0.32766283;1.7264761,0.06591982,-1.6064398;1.3589995,0.4115243,0.060575403;1.6403533,-0.00038834615,0.27840015;-1.1360141,1.5165918,-0.814041;0.26303074,-0.2095169,-0.53438383;-0.06961227,0.86422145,2.4576979;-0.044599652,0.35155416,0.7124994;0.95852494,0.20949936,0.07914001;-1.481531,0.055155773,1.3805798;0.078632005,-0.5302463,0.17376131;-0.47892419,-1.7270969,-0.7851713;-0.6910998,-1.8054405,-0.76479477;1.3862863,-0.24236251,0.37908465;0.6687654,0.24232675,0.077020146;0.9796752,0.23783557,0.05519639;-0.5664668,-1.6343298,-0.47637913;-0.8364373,-0.18065761,-0.7701416;1.2835355,0.052136395,-0.084147856;0.45750806,-2.453724,-0.25614175;-0.19093132,-1.1892419,-0.56355804;0.28799358,-2.371994,-0.27361083;-0.57087266,-0.97138464,-0.31623244;-0.07469258,-2.321294,-0.37018695;-1.067342,-0.1610228,0.9154451;-0.32248208,1.8029679,-0.9144919;1.6040009,0.6753609,-1.0554454;0.5993025,0.32367715,0.8241338;-0.3239664,1.6753532,-0.9645955;-0.5322756,-0.2552497,0.67008626;-1.9383441,0.80967784,-0.74587464;-0.09710834,1.0141153,2.8313477;0.004680395,-2.2847528,-0.3388505;0.05488544,-0.6168694,0.013802271;0.034771953,-0.0079930285,0.62238914;-1.7600513,0.22631557,-0.8786756;-0.68546104,-1.8302796,-0.7016392;-0.08137475,0.96348995,2.5375688;-2.0447562,0.60232437,-0.7927682;-0.42956245,0.18567398,-0.16375615;0.28611532,0.093285866,-0.21488322;0.10213575,0.68503976,2.026619;0.7586335,-0.08396995,0.3497383;0.06593375,-0.2984284,0.4973416;0.7972055,-0.5958118,0.5103752;0.34811103,-0.1950144,-0.7076589;-0.40579876,-2.43043,-0.3195155;-0.94826144,0.31621754,-0.6121862;-1.1124285,1.2554805,-0.5139914;1.1987911,-0.66851723,0.65325403;-0.33710107,0.12257584,0.02476017;-0.48266494,-2.4276617,-0.32178155;-0.3482032,-2.2397368,-0.41019568;-0.96703213,-0.09880184,-0.89934725;0.7894344,-0.3961452,-0.17261016;1.8453516,-0.42185155,0.39641201;0.14272168,0.69182724,1.1468394;-0.3849109,2.031047,-0.9722814;-0.018476756,0.97992235,2.1375341;-0.8362873,0.27425578,-0.8038684;-1.0352651,1.2640456,-0.70953774;-0.7948098,2.1807535,-0.87853104;0.64379424,0.13952048,0.8103897;-1.71904,0.47856173,-0.92838204;0.19579305,-0.07087684,0.40493003;0.34711373,-0.29882336,-0.35283005;1.7410971,0.035026863,-1.7726692;1.0426183,-0.45458925,-0.15230104;0.1049076,0.84457445,1.6766119;1.1937941,-0.74805105,0.47760293;-0.6085421,0.07421824,0.3810533;0.15414947,0.6269726,2.028538;-1.7882066,-0.21550894,1.6908268;0.83287436,-0.5720623,0.5996079;0.7705165,-0.2058245,0.1776859;0.17047448,1.0703554,-1.017574;-0.24157724,-1.3230755,-0.572504;-0.4665021,-1.7069609,-0.7453003;0.21830617,-0.13301371,-0.7001744;1.3670589,-0.543441,0.122705065;-0.07163203,0.83678484,2.604075;-1.621237,-0.13371506,1.5624883;-1.4271269,0.33640608,-0.9752363;0.046003807,1.0145211,1.6669258;0.78106904,-0.0023618722,0.31052706;-0.08831076,-0.9539925,-0.31751785;1.5309913,0.24147695,0.11567681;-1.7090935,0.65064955,-0.637031;-1.1872463,0.71739244,-0.5961133;-1.7759476,-0.0679621,1.7702805;-0.46010613,-1.7442006,-0.46052095;1.5365951,0.74184996,-0.9181797;1.4224262,-0.4367537,-0.2326502;-1.5128865,0.09041606,1.2543167;0.11589963,1.3251443,-0.97142184;1.7851897,-0.51395863,-1.9189478;-0.7950593,1.4331465,-0.92082155;-0.76772755,0.9682236,-0.88856494;-0.6113389,-0.9940076,-0.34741962;-0.4763504,1.8314933,-0.9648956;-0.50508,-0.40815783,0.556115;-1.7864377,0.36400062,-0.8788589;-0.30868003,0.04452303,-0.27863252;0.6336068,-0.24298343,0.22601427;0.9489249,-0.8392244,0.19975924;0.82935935,-0.9495719,-0.2376543;-0.48331484,-2.4422584,-0.31308815;-0.10155463,1.0786468,-1.1416684;-0.41760343,1.4001167,-0.734823;-0.55759364,-0.2691042,0.7198311;-0.36462662,-0.03814065,-0.4991348;-0.7700908,2.1677186,-0.87694275;1.7385404,-0.051075406,-1.6272717;1.3711351,0.60711193,-0.72598827;1.0186694,-0.5139358,0.66053754;0.2699144,-1.1793288,-0.19696034;-1.9213524,0.7271587,-0.756263;-1.8010688,-0.08189593,1.8196948;0.22798839,-0.39497754,0.27793118;0.33052123,-0.6123328,0.0676598;-0.37354535,0.29031464,-0.4391554;-0.7810646,1.3738265,-0.93226546;-0.9120585,-0.1339397,0.7988525;-1.1458093,0.43030202,0.6275371;-0.2087645,-0.37676567,0.680983;0.18100524,-2.333044,-0.29724422;-1.8819824,0.41109216,-0.8580037;1.6713477,-0.18926406,0.2773028;1.8675956,-0.2785484,0.41755882;-0.17763144,-1.6445882,-0.6277586;0.055866398,0.6370195,1.0293404;0.55434597,0.3028183,0.85537267;1.8025775,-0.68166107,-1.9890242;1.472009,-0.004082791,0.040094767;-1.1920553,-0.017426308,-0.7725176;1.2630253,-0.32653144,-0.17357413;1.5734276,0.38186073,-1.4024278;-1.2250679,-0.018402457,1.0378408;1.6638728,0.38060734,-1.5021018;-1.4222388,0.124502175,-0.6295326;1.1949729,0.41862652,-0.259815;-0.19385524,-1.2509023,-0.55657893;-0.7812914,1.337566,-0.9019238;1.78131,-0.33189926,0.30170786;-0.055928025,-1.0625677,-0.25435147;-1.6863074,0.3188081,-0.8885682;-0.5181216,-0.31682163,0.719275;1.5106151,0.84636486,-0.5454473;1.8373234,-0.251531,0.34607148;-0.5887313,0.91760296,-0.8593176;0.54682094,0.17574906,0.83930206;0.22482866,0.58597213,1.0284847;1.09815,-0.459258,0.6124874;0.09736674,-0.054299984,-0.74133044;1.7373457,-0.3042771,-1.7930615;1.8434271,-0.6931181,-1.9427812;-0.08128178,1.0088339,2.7360733;-1.8790374,-0.3033921,1.8745785;0.04925347,1.1237859,1.6150005;0.037092645,0.12858374,-0.25694376;-0.27846485,0.23389015,0.4787216;-1.8293816,-0.21560825,1.7799065;-0.96320647,0.17752258,-0.64293027;-0.54643387,1.0222793,-0.9065333;1.5217925,0.38817337,-1.3806651;0.6760272,0.32513386,0.05860507
