data_set
babi-q1
num_classes
6
data_points
1000
model
saved_models/babi-q1-e0158.ckpt
color_schema
#4E79A7,#F28E2B,#E15759,#76B7B2,#59A14F,#EDC948,#B07AA1,#FF9DA7,#9C755F,#BAB0AC
test_accuracy
0.881
test_loss
0.39100892329216
train_accuracy
0.957375
train_loss
0.11835381871834397
val_accuracy
0.913
val_loss
0.29911667460203173
labels
12,9,15,12,15,12,11,12,17,17,15,11,17,10,10,15,11,15,17,15,12,17,17,12,10,10,10,15,15,15,12,17,15,15,9,17,9,11,15,10,9,11,9,12,11,15,12,9,17,10,10,17,11,11,15,10,15,12,11,12,12,17,9,11,11,15,15,9,17,17,11,12,11,10,9,15,15,15,12,17,11,9,10,11,17,11,11,12,15,15,9,9,12,9,9,15,15,15,10,10,10,9,17,11,11,12,10,9,17,10,9,9,15,12,15,11,17,15,9,17,10,9,10,12,10,17,11,11,11,9,11,12,9,11,15,9,17,15,9,9,17,12,12,17,10,15,15,15,15,15,11,11,9,17,10,9,11,10,17,12,10,10,10,11,9,11,11,11,15,10,17,17,11,9,9,17,15,10,17,17,12,12,12,12,10,9,17,11,15,17,12,15,11,12,12,11,17,15,9,10,12,17,17,10,12,9,15,12,9,12,9,10,12,10,9,10,9,12,12,9,9,12,15,12,10,17,12,11,9,9,17,11,12,17,12,10,10,10,10,17,12,15,11,11,15,15,11,11,11,11,10,17,9,9,10,10,17,17,15,11,11,17,12,17,17,9,11,10,9,10,15,17,17,15,9,17,15,12,17,9,9,11,17,17,11,17,9,17,11,9,15,15,10,15,15,11,11,12,12,9,9,9,9,17,12,11,9,17,17,15,11,11,17,10,11,17,10,17,17,11,11,15,15,11,11,9,10,11,11,10,15,17,15,10,10,17,12,17,12,12,12,11,17,15,11,17,12,12,15,15,10,11,11,10,10,9,17,12,11,12,11,9,11,11,11,11,11,12,12,12,12,12,11,11,17,10,15,9,9,10,9,10,10,17,17,15,17,17,17,15,15,12,9,10,17,17,10,17,9,11,10,11,10,15,17,15,12,10,11,15,10,11,9,12,17,10,10,15,12,9,12,12,9,12,10,15,15,17,10,10,17,15,15,15,17,11,15,9,10,11,10,12,9,11,10,11,10,12,11,15,15,15,15,11,9,15,10,12,11,12,9,11,10,17,11,11,10,10,10,17,12,17,17,9,15,11,9,15,11,9,10,10,12,12,11,10,9,12,10,9,15,10,10,11,11,15,15,10,12,12,15,11,9,12,9,15,10,17,17,10,10,17,10,10,17,9,9,10,12,11,17,17,12,12,11,12,17,11,11,12,11,11,11,17,9,11,10,12,12,10,11,17,12,12,15,11,15,15,12,10,10,9,17,10,15,12,15,10,10,10,11,10,11,15,10,9,9,15,10,10,10,10,15,15,17,9,10,12,10,10,12,12,11,15,10,10,11,12,10,10,17,12,17,11,9,9,17,17,11,10,10,10,15,15,17,11,15,12,11,10,15,17,9,11,9,17,15,12,15,17,11,17,17,15,9,10,9,9,10,10,9,10,10,15,11,11,11,15,12,9,11,11,10,17,11,11,12,17,15,15,9,11,15,15,11,9,15,15,11,15,15,15,11,10,10,9,17,17,17,17,10,10,17,9,15,9,17,12,12,12,15,15,15,17,9,11,9,17,9,12,11,9,9,17,11,11,11,10,15,10,12,12,9,9,17,12,12,9,17,12,11,11,15,15,12,11,12,17,12,17,11,12,11,17,17,11,17,9,11,9,10,10,12,17,10,12,9,9,9,15,11,11,15,17,9,10,9,12,17,15,17,17,12,10,12,11,11,17,15,9,17,10,9,11,12,15,9,15,12,10,9,10,17,17,15,15,9,9,9,17,10,17,17,9,12,17,17,12,12,11,11,11,11,17,11,17,17,17,17,17,12,9,17,10,17,11,10,10,12,12,11,11,17,12,12,17,17,15,11,17,11,11,9,12,9,17,9,10,9,15,11,9,11,15,10,9,9,9,17,12,11,11,17,15,15,10,10,11,11,17,10,12,9,10,10,10,10,10,15,17,9,11,17,15,12,11,10,10,15,12,10,11,12,12,11,11,11,15,12,17,10,12,17,17,12,10,10,12,17,10,11,17,11,12,17,17,11,12,11,17,9,9,11,17,11,11,15,15,17,17,10,10,17,12,11,15,12,11,11,10,9,12,12,15,10,9,17,15,17,9,17,17,10,17,15,12,12,11,10,10,10,17,17,15,12,17,9,9,15,10,12,15,15,15,17,17,15,11,15,10,12,9,9,10,11,11,9,9,12,15,9,15,9,12,12,10,17,17,10,12,15,9,10,17,11,11,11,17,9,9,11,15,11,11,11,15,12,17,9,10
pred_labels
12,9,15,12,15,12,11,12,17,17,15,11,15,10,10,15,11,15,15,12,12,17,17,12,10,10,10,15,12,15,12,17,15,15,9,17,9,11,15,11,9,11,11,12,11,15,12,9,17,10,10,17,11,15,11,10,15,12,12,12,12,17,9,11,11,15,15,9,17,15,11,12,11,10,9,15,11,15,12,17,11,9,10,15,17,11,11,12,15,15,9,9,12,9,9,15,15,15,10,10,10,9,17,11,11,12,10,9,17,10,9,15,15,12,15,11,12,15,15,17,10,9,9,17,10,17,11,15,11,9,11,10,9,11,15,9,17,15,9,9,17,12,17,17,10,15,15,15,15,11,11,11,9,17,10,9,11,10,17,12,10,10,10,11,9,11,11,15,15,10,17,17,11,9,9,17,15,10,17,17,12,12,12,12,10,9,17,11,15,17,12,15,11,12,11,11,17,11,9,10,12,17,15,10,12,9,15,12,9,9,9,10,12,10,11,10,9,12,12,11,9,17,15,15,10,17,17,11,9,11,17,11,12,17,17,10,10,12,10,10,12,15,11,15,15,15,11,11,17,11,10,17,9,9,10,10,17,17,15,11,11,17,12,17,17,9,11,10,9,10,15,17,15,15,15,17,15,12,17,9,9,11,17,12,11,17,9,9,11,9,15,15,10,15,15,11,11,12,12,9,9,11,15,17,17,11,9,17,12,15,11,11,17,10,12,17,10,17,15,11,11,15,15,11,17,9,10,11,15,10,15,17,15,10,10,17,12,11,12,11,12,11,17,15,11,17,17,12,12,15,10,11,11,10,15,9,17,12,11,12,11,9,11,11,11,11,11,12,12,12,12,12,11,11,17,10,15,9,11,10,9,10,10,17,17,15,17,17,17,15,15,12,9,10,17,17,10,17,9,11,10,11,10,15,17,15,15,12,11,15,10,11,9,12,17,10,10,15,12,9,12,15,9,10,10,15,15,17,10,10,17,15,15,11,17,11,15,9,11,15,10,12,9,11,10,11,10,12,11,15,15,15,15,11,9,15,10,12,11,12,9,11,10,17,11,11,10,10,10,17,12,17,17,9,15,11,9,15,11,9,10,10,12,12,11,10,9,12,10,9,15,10,10,11,10,15,15,10,12,12,15,11,9,12,9,15,10,17,12,10,10,17,10,17,15,9,9,10,12,11,17,17,12,12,11,12,17,11,15,12,11,11,11,12,9,11,10,12,12,10,11,17,12,12,15,11,15,15,12,10,10,9,17,10,15,12,15,10,10,9,11,10,11,15,10,9,9,15,10,15,10,10,15,15,17,9,10,12,10,10,12,10,11,15,10,10,11,12,10,9,17,12,17,11,9,9,17,17,12,10,10,10,15,15,17,11,15,12,12,10,15,15,9,11,9,17,15,12,11,17,11,17,15,15,9,10,9,9,10,10,9,10,10,15,11,11,11,15,12,9,11,10,10,17,11,11,12,17,15,11,9,11,15,15,11,9,15,15,11,15,15,12,11,10,10,9,17,17,17,15,10,15,17,11,15,9,17,12,15,9,15,15,15,17,9,11,9,15,9,12,11,9,9,17,11,11,11,12,15,10,12,12,9,9,17,12,12,9,12,12,11,11,15,15,12,11,12,17,15,17,11,12,10,17,17,11,17,9,11,9,10,10,12,17,10,12,9,9,9,15,11,11,15,17,9,10,9,12,17,15,17,17,12,10,10,11,11,17,11,9,17,10,9,11,12,15,9,15,12,10,9,10,17,17,12,15,9,9,9,17,10,17,17,9,12,17,17,12,12,11,11,11,9,17,11,17,17,9,17,17,12,9,17,10,17,11,10,10,12,10,11,11,12,12,12,17,17,15,11,17,11,11,9,12,15,17,9,10,9,15,11,9,11,15,10,9,9,9,17,17,11,11,15,15,15,10,10,11,11,15,10,12,9,10,10,10,10,10,15,17,9,11,17,15,12,11,10,10,15,12,10,11,12,12,12,11,11,15,15,17,10,12,17,15,12,10,10,12,12,12,11,17,11,12,17,17,11,12,15,17,9,17,11,15,11,11,15,15,12,17,10,10,17,10,11,15,12,11,11,10,9,12,12,15,10,9,17,15,17,9,17,17,10,17,15,12,12,12,10,10,10,17,17,15,12,17,9,9,15,10,12,15,15,15,17,17,15,11,15,10,12,9,9,10,11,11,9,9,12,17,9,15,9,12,11,10,17,9,10,12,15,9,9,17,11,11,11,17,9,9,11,15,11,17,15,15,12,17,9,11
pred_correctness
True,True,True,True,True,True,True,True,True,True,True,True,False,True,True,True,True,True,False,False,True,True,True,True,True,True,True,True,False,True,True,True,True,True,True,True,True,True,True,False,True,True,False,True,True,True,True,True,True,True,True,True,True,False,False,True,True,True,False,True,True,True,True,True,True,True,True,True,True,False,True,True,True,True,True,True,False,True,True,True,True,True,True,False,True,True,True,True,True,True,True,True,True,True,True,True,True,True,True,True,True,True,True,True,True,True,True,True,True,True,True,False,True,True,True,True,False,True,False,True,True,True,False,False,True,True,True,False,True,True,True,False,True,True,True,True,True,True,True,True,True,True,False,True,True,True,True,True,True,False,True,True,True,True,True,True,True,True,True,True,True,True,True,True,True,True,True,False,True,True,True,True,True,True,True,True,True,True,True,True,True,True,True,True,True,True,True,True,True,True,True,True,True,True,False,True,True,False,True,True,True,True,False,True,True,True,True,True,True,False,True,True,True,True,False,True,True,True,True,False,True,False,True,False,True,True,False,True,True,False,True,True,True,True,False,True,True,False,True,False,True,True,True,False,True,True,True,True,False,True,True,True,True,True,True,True,True,True,True,True,True,True,True,True,True,True,True,True,True,True,True,True,False,True,False,True,True,True,True,True,True,True,True,False,True,True,True,False,True,True,True,True,True,True,True,True,True,True,True,True,True,False,False,True,False,True,True,True,False,True,True,True,True,True,False,True,True,True,False,True,True,True,True,True,False,True,True,True,False,True,True,True,True,True,True,True,True,False,True,False,True,True,True,True,True,True,False,True,False,True,True,True,True,True,False,True,True,True,True,True,True,True,True,True,True,True,True,True,True,True,True,True,True,True,True,True,True,True,False,True,True,True,True,True,True,True,True,True,True,True,True,True,True,True,True,True,True,True,True,True,True,True,True,True,True,True,False,False,True,True,True,True,True,True,True,True,True,True,True,True,True,False,True,False,True,True,True,True,True,True,True,True,True,False,True,True,True,True,False,False,True,True,True,True,True,True,True,True,True,True,True,True,True,True,True,True,True,True,True,True,True,True,True,True,True,True,True,True,True,True,True,True,True,True,True,True,True,True,True,True,True,True,True,True,True,True,True,True,True,True,True,True,True,True,False,True,True,True,True,True,True,True,True,True,True,True,True,True,False,True,True,True,True,False,False,True,True,True,True,True,True,True,True,True,True,True,True,True,False,True,True,True,True,False,True,True,True,True,True,True,True,True,True,True,True,True,True,True,True,True,True,True,True,True,True,True,True,True,True,False,True,True,True,True,True,True,True,True,True,False,True,True,True,True,True,True,True,True,True,True,True,False,True,True,True,True,True,True,True,False,True,True,True,True,True,True,True,True,False,True,True,True,True,True,True,True,True,True,False,True,True,False,True,True,True,True,True,True,False,True,True,True,False,True,True,True,True,True,True,True,True,True,True,True,True,True,True,True,True,True,True,False,True,True,True,True,True,True,True,False,True,True,True,True,True,True,True,True,True,True,True,False,True,True,True,True,True,True,True,False,True,False,True,False,True,True,True,True,False,False,True,True,True,True,True,True,True,False,True,True,True,True,True,True,True,True,True,False,True,True,True,True,True,True,True,True,True,True,False,True,True,True,True,True,True,True,True,True,False,True,True,True,False,True,True,True,True,True,True,True,True,True,True,True,True,True,True,True,True,True,True,True,True,True,True,True,True,True,True,True,True,True,True,True,False,True,True,True,False,True,True,True,True,True,True,True,True,True,True,True,True,True,True,True,False,True,True,True,True,True,True,True,True,True,True,True,True,True,True,True,True,True,False,True,True,True,True,False,True,True,True,True,True,True,True,True,True,True,True,False,True,True,False,True,True,True,True,True,True,True,True,True,True,True,False,True,True,True,True,True,True,True,True,True,True,True,True,True,True,False,True,True,False,True,True,True,True,True,True,False,True,True,True,True,True,True,True,True,True,True,True,True,True,True,True,True,True,True,True,True,True,True,True,True,False,True,True,True,False,True,True,True,True,False,True,True,True,True,False,False,True,True,True,True,True,True,True,True,False,True,True,False,True,False,True,True,True,True,False,True,True,True,True,False,True,True,True,True,True,True,True,True,True,True,True,True,True,True,True,True,True,True,True,True,True,True,True,False,True,True,True,True,True,True,True,True,True,True,True,True,True,True,True,True,True,True,True,True,True,True,True,True,True,True,True,True,True,True,True,False,True,True,True,True,False,True,True,False,True,True,True,True,False,True,True,True,True,True,True,True,True,True,True,False,False,True,True,True,True,False
p2d-kl
0.5183880925178528
p2d-iter
599
p2d
1.5011268,-1.3969842;-0.3260744,1.2929597;-1.0128583,-0.62189466;1.4737784,-1.2978944;-1.28944,-0.7847648;1.3322221,-1.0725477;-1.6241592,0.36153665;0.8378717,-0.52239144;0.14904264,-0.04484006;0.2795212,0.6757238;-1.3539656,-0.93404657;-1.2988207,0.25051758;-0.33277935,-0.20324965;1.3985518,0.12525758;-0.09382873,0.80499464;-1.0783849,-0.6661369;-1.5451206,0.25698808;-1.6829854,-1.0355074;-0.13624848,0.36169872;-0.075259306,0.13996105;1.3197515,-1.0624561;-0.008917487,-1.5723732;0.47542888,-0.92666346;-0.11360441,1.1782213;0.10977628,0.49949524;1.7321535,0.0030582582;1.806744,-0.049459375;-1.5218116,-0.88122517;0.26609448,-0.5218987;-0.07414195,0.58297163;1.1691169,-1.1068238;0.19126081,-1.5369391;-1.4911851,-0.96628004;-1.5948329,-0.9979941;0.018278426,2.2791607;-0.33343726,-1.5456593;-0.21910977,1.6399058;-0.7601234,0.39576983;0.25209248,-0.59632146;0.28686053,0.16499446;-0.13449429,2.3150425;-0.73771906,0.5675341;-0.17525427,0.699038;0.22831683,-0.4796386;-0.8426696,0.22492951;-0.5258842,-0.21253751;0.028200042,-0.15160117;0.032702316,2.355635;-0.25598127,-1.6321918;1.4717314,0.73042023;1.4716355,0.5388123;-0.057819527,-1.4675949;-1.006771,0.35315794;-0.27467299,0.7718461;-0.22991471,0.81769323;1.7638307,-0.015552004;-0.72696435,-0.3988279;1.0147928,-0.7377457;0.7448973,-0.8169722;1.047196,-1.2439878;1.472291,-1.3739828;-0.11531863,-1.6150655;-0.060074355,2.420214;-0.2898286,1.0223641;-0.027123187,0.24813241;-1.6545112,-1.0635645;-0.62254167,-0.0494143;0.035334237,1.0877527;0.5127879,-1.1957015;0.30554825,-0.589895;-1.9642471,0.39092252;1.1251197,-1.0911261;-1.4224813,0.2639359;1.4044427,0.7383467;0.041375503,2.4182203;-1.6319475,-1.0243634;-0.40606174,0.36351663;-1.5522957,-1.0156096;0.72308624,-1.0448393;0.2536919,-1.5856478;-1.8940226,0.30639845;-0.26400745,1.7761292;1.6042112,0.2899468;-0.34607485,0.1936474;0.23552382,-1.5704248;-1.8979954,0.36449203;-1.924823,0.33257756;1.410318,-1.2848803;-1.6558535,-1.1121147;-1.6734754,-0.9636628;-0.046064436,2.2752292;-0.18587103,2.0683308;0.8446617,-0.68528396;-0.18863736,1.8510174;-0.09114403,1.1158082;-0.9587636,-0.62166727;-0.8096754,-0.3108539;-1.1512805,-0.76114684;1.3850942,0.16517822;-0.031595983,0.8316975;1.6720381,0.34051433;-0.21128632,1.7181681;0.53914374,-1.3516648;-0.6482498,0.5640776;-0.36272657,0.6229254;1.3197304,-0.9500634;1.3412198,0.80278957;0.0015168263,1.2131919;0.5914078,-1.3365068;1.5093591,0.53447455;-0.33982712,1.854792;-0.06780897,0.5720675;-1.6906363,-1.0476356;1.1149889,-0.9620282;-0.42838585,-0.26217788;-0.88785726,0.43673486;0.466965,-0.827197;-0.73957866,-0.29097998;-0.20734042,0.8968635;-0.44569892,-1.6744779;1.4532224,0.45757025;-0.093887076,2.1820495;0.054611214,1.115497;0.7083701,-1.0979401;1.6489804,-0.021055993;0.19950022,-1.4944525;-1.3832161,0.28972036;-0.15662657,0.33360326;-1.8425773,0.27971128;-0.29689556,1.7147828;-2.0987346,0.3410148;0.4339713,0.18084167;-0.18903886,1.5751948;-0.50983715,0.56244755;-0.3315385,0.3547632;-0.059497293,2.3874812;0.6790392,-1.4148105;-1.4236363,-0.99732554;-0.29684192,1.7136544;-0.3184938,1.2093323;-0.29074368,-1.5306736;1.2417072,-1.1395016;0.2937109,0.6212352;0.5751191,-1.1632167;1.4692876,0.8139263;-1.4960339,-1.0328169;-0.81992054,-0.27299517;-0.9995576,-0.73530245;-1.2550192,-0.75984824;-0.6326105,0.07108886;-1.5548031,0.34084734;-1.2305928,0.33379686;-0.347951,1.2254893;0.60707337,-1.3232127;1.5010731,0.6136549;-0.2192163,1.8197055;-0.57167006,0.4606749;1.3665456,0.018890455;-0.44957972,-1.6307937;0.96004134,-0.818733;1.738953,-0.07294699;0.38993102,0.19082841;1.4697697,0.68954533;-1.1668185,0.3200062;-0.21647346,1.2999561;-1.8907483,0.29938078;-0.85446584,-0.0051906626;-0.7856127,-0.2028063;-0.78227955,-0.46990833;1.4715962,0.34701514;0.085798495,-1.593295;0.14300081,-0.055644814;-0.8446442,-0.0127155455;-0.22080958,1.9516088;-0.37131068,1.2736106;0.052331883,-1.5017616;-1.2605939,-0.8371328;1.5729469,0.11290082;-0.3149448,-1.4952574;0.36039147,-0.84855866;1.3447512,-1.0263653;0.1611098,-0.18023549;1.2817755,-0.8623623;1.2854447,-0.9327839;1.4308715,0.37825224;-0.07211461,2.3701394;0.8287152,-1.4490166;-0.77906495,0.3263849;-0.96155566,-0.41976318;0.77160907,-1.4151452;1.3703741,-1.0430298;-1.5518806,-1.0982149;-1.7525382,0.21652487;1.4831765,-1.3322746;-0.04739358,0.35729918;-2.1129792,0.26774672;0.3866886,0.38592175;-0.1232281,0.26144287;-0.2956046,1.6203724;1.4446021,0.65526223;1.3237429,-1.1887615;-0.2932637,-1.6021726;0.03393127,-0.08600543;1.4532996,0.832499;0.7547224,-0.89610964;-0.091537975,2.297323;-0.78880274,-0.51564723;1.5370983,-1.4030328;-0.1920872,1.3420416;0.080576725,0.29739386;-0.1971667,1.7688575;1.3925854,0.7786233;0.7661576,-1.0711182;1.1538343,0.23207438;-0.22424597,0.7198952;1.5078979,0.060436673;-0.25057194,1.7420092;1.170797,-0.9106824;1.4203374,-1.3172406;0.015563317,0.45060393;-0.12535384,1.5699415;0.63925946,-0.9604627;-1.357493,-0.8458505;-0.43270534,-0.07353134;1.492615,0.46892583;-0.2652054,-1.5670913;0.24869248,0.04856291;-1.3520639,0.34938172;-0.1323156,1.7470305;-0.63974375,0.2504792;-0.20588236,-1.5798333;-0.60841465,0.46444118;1.3304358,-1.3172742;0.20596288,-1.6249156;0.30935705,-0.018022122;1.5401552,0.449329;1.2912589,-0.028206933;0.03951018,0.9326539;1.3476729,0.6367565;0.3715891,0.2972433;1.0053921,-0.7314559;-1.4796807,-1.0059775;-1.9745536,0.19276226;-0.30223978,0.41630802;-1.0552294,-0.62650186;-1.6042286,-1.0461482;-1.7521263,0.38094792;-0.7474449,0.21337456;0.26982027,0.5665449;-0.7831802,0.22782902;1.4345245,0.71941584;0.37169006,0.33029857;-0.26398358,1.9770572;-0.044575147,1.0795735;1.6821864,0.2528914;1.5293239,0.49606395;-0.05855905,-1.4840908;0.35150066,-0.81096804;-0.6143532,-0.17173283;-2.0415235,0.2930416;-2.15193,0.29168686;-0.44908032,-1.5941129;1.1235969,-0.8560501;-0.3183365,-1.5642605;0.3487696,-0.83480567;-0.20848931,1.8162738;-1.165562,0.3256923;1.8222519,-0.063153006;-0.30859005,1.276155;1.3607055,0.8795309;-1.541469,-0.94560444;0.43850166,-1.3206006;-0.18369868,0.31121546;-1.6547596,-0.9186899;-0.4989491,0.0659941;0.29440174,-1.3203849;-0.5459432,-0.026557062;1.4799751,-1.2750784;0.8229475,-1.3868557;-0.14000309,1.5628982;-0.13513742,2.3217535;-1.1569973,0.37652454;-0.5281775,-1.5908035;0.44862497,-0.74886256;-1.7544236,0.25078645;-0.15086472,-1.5397995;-0.06120876,1.3544081;0.22013544,1.0603881;-1.414154,0.24592818;-0.22598946,1.7686082;-1.6766986,-1.0995424;0.06310537,0.02087208;1.4688561,0.5685456;-1.4883944,-0.90748876;-1.44679,-0.8467583;-1.1543328,0.34726813;-0.45802206,0.36056378;0.0657126,-0.10519116;1.2214261,-1.0879977;-0.12643902,1.541699;-0.026864203,2.3492854;-0.2882043,0.6608617;-0.19562508,0.42816514;-0.1218995,-1.5506586;0.18690689,-0.2526299;-0.7526492,0.5732413;-0.14989424,1.9278201;0.70457447,-1.3610445;0.013227253,0.97029155;-1.2409414,-0.80732775;-1.356938,0.33607456;-0.2795217,0.6503445;0.20533666,-0.008919557;1.6676072,0.10427618;0.2685838,0.30404273;-0.09466469,-1.5339605;1.3472301,0.7689995;0.15072928,-1.5331491;0.28152233,-0.6167226;-0.91796553,-0.005893835;-1.9728655,0.3042547;-1.4579619,-0.96888894;-0.46262947,-0.033132527;-1.7261863,0.16011724;0.11349041,0.06963726;-0.13532314,2.241081;1.5598156,0.0790387;-2.167889,0.33704305;-0.51321137,0.06057128;1.4089874,0.007673627;-1.0623977,-0.65682507;-0.26594093,-1.5861002;-0.621952,-0.45063928;1.3879265,-0.04442159;0.45551103,0.16260688;0.55186814,-1.4213761;1.0396498,-0.7027129;-0.090280406,0.98539734;1.23317,-0.86611784;-0.13334388,0.8314894;1.3664628,-1.0766785;-2.0019414,0.3161384;-0.50101304,-1.5989493;-1.5151211,-1.0724818;-1.6656002,0.37452638;-0.18806024,-1.5399265;0.6428606,-1.1040627;1.0384336,-0.67237264;0.27431437,0.3229946;-1.592645,-1.064659;1.793025,-0.036349542;-0.4853399,0.32672405;-1.9085964,0.2400454;1.5970464,0.4626781;-0.2825444,0.42315048;-0.11575746,1.6066941;0.4226836,-1.4853455;0.64434963,-0.9357452;-1.8602121,0.36295593;1.2525393,-1.0247823;-1.6008682,0.19463003;-0.32324764,1.483504;-0.65677905,0.538739;-0.9019264,-0.010712457;-0.51437426,0.58153;-2.2048619,0.29987437;-1.0223149,0.0117540425;0.99615675,-0.6879599;1.3993037,-1.3091044;-0.0870354,0.17177641;1.0914899,-0.8657242;0.34417287,-0.0998658;-0.7609698,0.4173364;-0.4079331,0.256461;-0.2920925,-1.5634222;1.5321919,0.41530734;-1.5074859,-0.991626;-0.31686404,1.5253916;-0.0584285,1.0025462;1.2671541,0.27862945;-0.076989025,2.3523524;0.21670763,0.43998274;0.14566827,1.0188799;0.43975008,-0.8902766;0.5949368,-1.1050743;-0.6662507,-0.30861625;0.24677132,-1.5041515;-0.49642387,-1.6009139;0.40676686,0.3869711;-1.1699705,-0.70492697;-1.5032867,-0.998154;1.0226501,-0.7815136;-0.18687311,1.4800203;1.3299142,0.82610965;0.7861147,-1.3978591;0.08612386,-1.5659562;1.3854936,-0.1578429;0.88225466,-1.4430602;-0.18690044,1.9790077;-0.7051949,0.49199224;1.5353367,0.48471546;-2.1690974,0.24796538;1.5609553,0.047096882;-1.2822133,-0.72894555;0.25633222,-1.5185843;-0.5595002,-0.12391795;0.26874867,-0.5906231;0.3273246,-0.11502122;-0.096195124,0.24477844;-0.8795091,-0.5404234;1.7456923,0.17630549;-1.6267147,0.38525593;-0.0312798,2.25622;0.8262467,-0.50360906;0.069880016,-1.565793;1.4184526,0.83720493;1.1482813,0.23074926;-0.81680036,-0.49961972;0.6601307,-0.86466223;-0.2115087,1.5274732;0.6422255,-0.8335438;0.31277424,-0.5991896;-0.13952246,2.1945097;0.31656656,0.32720253;1.3799493,0.6583073;-0.8813839,-0.5032392;-0.4520991,-0.15358299;-0.6008627,-1.6218263;1.7129619,0.200049;0.43459272,0.20526351;0.32483584,-1.3447359;-0.83018845,-0.54846305;-0.86445475,-0.49795356;-0.20505083,0.39199555;0.19785413,-1.6056589;-1.9926742,0.34401104;-0.25971526,0.76296496;-0.10140101,1.260785;0.06053839,0.43095914;-0.4062735,0.3133791;1.7279966,-0.03535814;1.4247745,-1.3671459;0.09527167,0.2650319;-0.7688748,0.2974786;1.5755578,0.29414156;-0.7198957,0.4416666;0.7004793,0.08011681;0.8387666,-0.6130758;-0.82127696,0.41248545;-1.7147572,-1.1645358;-1.359106,-0.91061574;-0.7734757,-0.2826549;-1.7221676,-1.1659201;-1.5372443,0.37885362;-0.19294898,1.6605518;-1.3274477,-0.91206825;1.4429679,0.7329248;1.5123235,-1.3402091;-1.8498975,0.3567311;1.2822278,-1.0752714;-0.15455739,1.6039274;-0.42201695,0.65172046;0.5565738,0.10464362;-0.10787346,-1.5801382;-1.6905085,0.1574776;-1.7293127,0.32064852;1.5548717,0.31216148;0.28140116,0.17890558;1.4160142,0.7887686;0.15648939,-1.4868108;1.5055336,-1.3668131;-0.0064055994,-1.4189818;0.24913634,-0.053245172;-0.38571027,1.889283;-1.5417382,-1.0595808;-1.2985368,0.31686428;0.026231728,2.4521837;-0.99061364,-0.58821666;-1.5819888,0.25671268;-0.15392055,1.6889539;1.7154977,-0.012387901;0.42313945,0.14562939;1.3693663,-1.3621545;0.74385625,-1.078406;-0.9450118,0.029984245;1.4143919,0.84853387;-0.029282412,2.3019757;0.9648272,-0.69128203;1.8231708,-0.0002764411;-1.0801083,0.029834494;-1.6264887,-1.0888597;1.4293599,0.67767096;1.2813604,0.21786998;-0.1260697,0.754912;0.21744512,0.37759;-0.74744415,-0.4375954;-0.13178872,0.4210601;1.6687564,0.20468259;0.9490517,-0.6388449;0.15153085,0.00079970434;-1.3244153,-0.80913323;-0.932171,0.32060277;-0.01611743,1.2768453;1.5337592,-1.3571248;-0.36270583,1.9124812;-1.3929956,-0.9296677;1.4464897,0.1790083;-0.48564878,-1.5672377;0.26316708,-0.09599032;1.4215642,0.35050482;1.6340438,0.34628707;-0.49881512,-1.5634892;1.4057508,0.22086555;0.44389328,0.39119747;0.33763996,-0.5436472;0.011804588,2.4415686;-0.0965331,1.0364484;1.3043,-0.055522036;0.9275849,-0.64436394;-0.68317693,0.5701019;-0.21874925,-1.5241966;0.82812905,-1.4130263;1.3634529,-1.2966143;0.08879499,0.18450965;-1.846,0.2140888;1.254037,-1.008225;0.16761431,-1.5500126;-1.6849303,0.15386848;0.054338753,-0.0027705962;1.257594,-0.9285757;-2.154573,0.2578345;-0.6554089,0.12913899;-1.6859813,0.41025397;0.38739565,0.4060224;-0.0067279297,1.2858604;-2.0317283,0.34467193;1.6536802,0.25298703;1.0950323,-0.9382985;0.07449488,-0.09293538;1.6648402,0.1717329;-2.071778,0.25590205;0.31570005,-1.2908908;1.2774227,-0.91046953;1.0948173,-0.90430194;-1.0868461,-0.7021496;-1.829348,0.3954572;-0.5512463,-0.34777316;-0.2774173,0.73332536;1.4431922,-1.253704;1.3202459,0.6414157;1.8331459,-0.04037815;-0.07664011,1.3919346;0.34066266,-1.251454;1.3488183,-0.12722175;-1.1975758,-0.7483847;1.3158551,-1.0316029;-0.53303534,-0.102124825;1.3780546,0.11913621;0.44602472,0.36655512;0.042333443,1.1551685;-1.5305768,0.23276736;1.3763028,0.68109506;-0.9777624,0.3520172;-1.1761547,-0.7534011;1.2978821,0.31033453;-0.10068496,2.268746;-0.059257556,1.2564838;-0.42569032,-0.0073627746;1.3157905,0.24682753;-0.0032716757,-0.15856119;1.8680336,-0.099338755;0.29765505,0.17587325;-0.28647438,0.8397224;-0.1538979,0.43785688;0.5354995,-0.9199787;-0.13765404,2.266718;1.6894209,0.24617472;1.1770784,-1.2046865;1.1710894,0.32644397;0.14312881,1.0511563;1.5493572,-1.3850429;0.49429008,0.10643018;-1.6465629,0.21213515;-0.6419372,0.30487016;1.419337,0.8079789;1.6511635,0.012034874;-0.623902,0.55140543;1.291318,-0.21098945;1.503078,0.3002334;0.090127386,1.0957694;0.17920853,-1.429812;0.8217263,-0.8996704;-0.010047749,-1.5435462;-1.7057681,0.17638905;0.040643793,2.4253247;-0.028539095,2.4402833;0.62714106,-1.40714;0.2869986,0.6136744;0.06987651,0.18969096;1.3832583,0.8448049;1.6894568,0.2914348;1.4077759,0.6970989;-0.56114024,-0.15461336;-1.5954379,-0.9554049;-0.17753413,-1.5866554;-2.028331,0.34840104;-0.5991116,-0.3381555;0.7051473,-0.9964691;0.34356958,-0.5434597;0.1473549,0.457865;-1.5058622,-0.9575166;-0.36749572,-0.24478444;-0.13281608,1.0620894;-0.45795843,0.32452828;-0.07291514,2.1962888;0.73412436,-1.4076066;-0.6868995,-0.3508933;0.95222855,-0.6050536;0.08817823,0.4315236;0.34478194,-0.85302955;-1.6562186,0.2868369;0.6216338,-1.3832699;0.09397637,0.03251068;-0.5964145,-0.1273507;-0.13269678,1.9576685;1.2280681,0.2651311;-0.20861591,1.6038322;0.046364788,1.0369766;1.4397129,0.76500964;0.2527032,0.35454327;-0.10068503,2.268746;1.6759169,0.36808544;1.2527331,0.8345126;-0.8846943,-0.594871;-1.2918472,-0.69454014;-1.286119,0.30361915;-0.7502584,0.32101735;-0.679363,-0.40838265;0.36515698,0.05258337;-0.16815972,1.7122386;-0.8557158,0.40462223;0.16466531,0.40438396;1.4213575,0.2812273;0.31732413,-0.8880424;-0.4100464,0.6083306;-0.89429206,0.40401644;1.2757734,-0.9436168;0.34388787,-1.4326953;-0.7357851,-0.33805734;-0.26260784,0.68621427;-0.17830403,2.0382674;-1.3664297,0.3315338;-1.1239111,-0.7677926;-1.167284,-0.77841794;-1.608158,0.31141436;-0.04043516,2.3413112;-0.9213578,-0.5695451;-0.5546167,-0.054345526;-2.271646,0.26350093;-1.4990455,-0.88643414;-0.52123713,-0.21134318;-0.28007865,0.78098744;-0.69680494,0.40541208;1.611351,-0.062669314;0.4367722,0.32318893;-0.13329847,1.6155244;0.29477626,-0.16769281;-0.317073,-1.6180847;0.59511524,-0.9192481;-0.13921256,0.33851922;1.6076978,0.40337616;0.6808864,0.07402159;0.63865066,-1.3731658;0.17103851,1.1174759;-0.76437724,-0.23103082;-0.12393632,2.204281;-0.12290129,-1.5607262;1.404579,-1.0967381;0.013988451,-0.15426354;0.08825854,1.0453166;-1.4187326,-0.85870886;-0.4367995,-0.30299732;-1.7080438,-0.99122345;0.29347917,-1.4228798;-0.25949085,1.1636368;-1.8542594,0.30051374;-0.16210602,2.0180428;-0.07861393,0.5582979;-0.084736906,1.4692711;1.0358331,-0.74741286;-1.9123757,0.4176672;-0.07748503,2.262791;-0.24278454,1.1723183;0.5969416,-1.360066;-0.7283023,0.37545696;-1.5648618,0.4584014;-0.73314744,0.3078654;0.06795524,0.48530608;-1.3269231,-0.8750021;0.6827664,0.10568697;1.3986253,-1.2871691;0.29512265,-0.0060342443;-0.0780474,2.2166698;-0.33679432,1.2118001;-0.6012213,-1.6227226;1.4680839,-1.3143548;-0.05433988,0.3301157;-0.19346811,1.2687632;-0.029492702,0.96121895;0.22597748,-0.45364532;-1.628574,0.41915363;-1.399698,0.3477355;-0.5984883,-0.30461755;-1.1290046,-0.7295293;0.8864177,-0.96225774;-2.0721815,0.3591882;0.8887379,-0.59907794;0.043543275,-1.6165522;-0.40354717,-0.28929287;0.24466307,-0.14588222;-1.7339474,0.3678491;1.1093032,-0.88362694;1.3115333,-0.18723755;0.46265996,-1.4699821;0.47604668,-0.95654225;-0.9255952,0.40561682;0.3822794,-0.8067469;0.0040060203,2.4009457;-0.8938003,0.37966388;-0.30676356,1.9197395;1.7164613,-0.008189861;0.13962914,0.6195718;0.17538506,-0.15355983;0.13907027,-1.560711;0.30731544,0.30772352;1.2981638,-0.992927;-0.18766242,1.7999835;-0.21153858,1.8768101;-0.19885233,1.1044677;-0.83041894,-0.32647112;-1.7668208,0.4103326;-0.7066536,0.20423423;-0.45848772,0.018573167;0.26248097,0.6964243;-0.3027432,1.9776632;1.4771978,0.053646665;-0.04920465,2.2154522;1.3733557,-1.0159488;0.8809164,-1.4132447;-1.0361114,-0.6591658;-0.37469468,-1.5263149;0.33566007,0.07183132;1.1533176,-0.830497;1.5860417,0.23604433;0.7624462,0.06495105;-1.8261019,0.45903674;0.2602872,-0.49236494;0.5402861,-1.3776041;-0.16108806,0.94105625;-0.27477068,1.7260158;0.47983867,-1.3552393;1.2621,0.31492615;0.044350103,1.317604;-0.29549867,1.0187621;1.2256442,-1.2062567;-0.6790126,-0.32310474;-0.19269162,1.0948253;-0.52025944,-0.15993902;1.0616525,-0.7123585;1.5379486,0.04871913;-0.13339275,1.3599925;1.6623082,-0.04531451;0.112324536,-1.5305305;0.51852864,-1.2452388;-0.0764807,0.9603996;-1.4174638,-0.9214738;-0.17715788,2.0780742;-0.25836104,1.1387652;-0.012511373,1.0354812;0.13291518,-1.6450311;1.636372,0.02332639;-0.3705938,-1.5445057;0.42237723,-0.90646404;-0.12514867,1.5267692;-0.12777302,0.3093773;0.2946649,-1.3111303;0.15027058,-0.21463576;1.2049049,-1.2100738;0.08927388,0.99325943;-0.9240813,0.07159951;-2.2022855,0.27418774;-0.4627689,0.35401943;0.16211455,1.0976892;0.449332,-0.88215077;-1.9504629,0.27046174;0.71296275,-1.4220343;0.8181131,-1.3442703;-0.09189345,1.1960533;0.5634412,-1.2966521;0.10250345,0.96997213;1.3689996,-1.2546607;-0.040519685,1.3802536;0.36164534,-1.3672203;0.7311821,0.08789783;0.5060826,-1.3377438;-1.7406796,0.28279865;1.6515616,0.29873115;1.2632511,-0.02782414;0.84441274,-0.54784113;0.5960588,0.082337335;-1.967763,0.3484232;-0.46850318,0.0314435;-0.059344146,0.24991886;1.233459,-0.9004538;0.86932737,-0.75824517;-0.38840353,-1.5643309;-0.3905983,-1.5842553;-0.94285333,-0.58303696;-0.9935796,0.07483677;0.12744819,-0.1473441;-1.9259824,0.37256184;-0.6970047,0.17685798;-0.276637,1.8486439;0.7994538,-0.5494752;-0.17368867,0.8031884;0.087625936,-1.4844221;0.008817341,1.3400545;1.7476242,0.11723419;-0.03652171,1.3074739;-1.4795535,-0.86283517;-1.9408542,0.3690575;-0.2206791,1.9215058;-0.10336383,0.69936585;-0.6102459,-0.11026873;1.4815559,0.48454913;-0.13274473,2.1710274;-0.08617353,1.3061678;0.08577484,1.1834296;0.85411465,-1.3862324;0.3103773,0.6481239;-1.8890759,0.36842054;-0.82364845,0.1638122;-0.06855739,0.56971604;-1.3862691,-0.88651735;-0.39964166,0.0012126169;1.6012217,0.05917639;1.653245,0.052092563;-0.33081147,0.63512945;-0.18182522,0.22288874;-0.40987965,-0.16629823;1.792883,-0.07266278;0.83305275,-0.5566106;-0.19844015,1.3354695;1.3722562,0.83441925;1.2167045,0.24594007;1.4389275,0.64396894;1.3271567,-0.07694746;1.4836583,0.54494065;-1.0170081,-0.64588255;0.0372141,-1.5346451;-0.17365138,1.8362048;-0.6651195,0.49004698;0.028145479,-1.5829965;-0.7264691,-0.2998282;1.4023169,-1.361087;-2.2043433,0.30049318;1.449622,0.51126665;0.6553376,0.10215618;-0.34287295,0.39420915;1.3932483,-0.9759085;1.5898508,0.03676838;-2.1101959,0.2604508;1.3960606,-1.1240529;0.53862846,-0.73464066;-0.04000774,0.19055077;-1.6823603,0.39995345;-0.47506943,0.40210798;-0.49875575,-0.14261778;-0.36374825,0.008273892;-0.5428529,-1.5485537;1.5831208,0.42538115;1.3244101,-1.2828863;0.6266554,-1.1545982;-0.2692156,0.8593051;0.22512725,-0.43480048;1.63223,0.42473775;1.507164,0.1375653;1.0776535,-0.8019283;-0.028470049,0.18548162;0.13247655,1.0299437;-1.2953525,0.3211313;0.0005725606,-1.5423379;-1.8727958,0.22775568;0.7806077,-0.89927554;0.74769294,-1.3022623;0.1202449,-1.5152555;-0.8225959,0.41959777;0.97530836,-0.8397633;-0.34234425,0.32736176;0.3178668,-0.7308851;-0.3414065,1.8651597;0.28872126,0.54766077;-1.6051978,0.34657028;-0.25668538,0.758782;-0.97128457,-0.3887036;-1.5431418,0.46082518;-1.6490335,-1.049623;-0.40074256,-0.02388336;-0.019619307,0.37516764;-0.5351366,-1.604123;1.7514185,-0.073030174;1.5352786,0.09906539;0.2927788,-0.83054006;0.048013717,0.9325914;-1.8893253,0.39821002;-1.5272955,-1.0006058;0.9972693,-0.8435906;-1.3928875,0.283455;-0.54486126,0.14162266;1.3858845,-0.009226633;-0.022265527,1.3279511;1.2586641,-1.1737322;1.3520201,-1.324004;-1.5613745,-1.1133769;1.526624,0.1183483;-0.17168331,1.6676338;0.19808735,0.9504891;-1.5753614,-0.8806553;-0.2700291,-1.6480415;-0.015352915,2.392924;0.463512,-1.3479698;0.7093011,-1.367275;1.3634304,-0.16147783;0.07477757,-1.4549123;-0.7115856,-0.4828006;1.2776642,-0.9939542;0.4652783,-0.71294904;-0.10733043,0.3019044;0.3952309,0.2935507;0.1571566,0.56803846;1.6268988,0.39625338;-0.30523807,-1.4354991;0.34904838,-0.92635286;-0.82232285,-0.4681841;0.730993,-0.9110075;0.15110004,-1.4937809;-0.15743324,2.081541;-0.28839073,1.6340637;-0.56751615,-0.04279957;1.4002284,0.32283643;1.4357692,-1.3158062;-1.521311,-1.104016;-0.38442427,0.041572105;-0.33743593,-0.2849091;0.48050523,-0.86720556;0.41557077,-1.341783;-0.96633536,-0.64272857;-0.9782233,0.08783102;-0.5860265,-0.2351112;1.3756886,0.7942272;1.2409636,-0.9878022;0.044366643,1.0561254;0.13815886,1.1616085;1.3001952,0.2817319;-1.0204664,0.08980169;-0.75636864,0.44976866;-0.009469722,2.4489942;-0.15316914,1.3212299;0.9971681,-0.70585895;0.34628108,0.50802857;-0.25330967,1.8068131;-1.22821,-0.79106677;-0.23685297,1.9746003;1.0424079,-0.67408746;0.07711003,0.25635785;1.7409958,-0.08190205;0.5106787,-1.3934468;0.17695735,0.98160845;1.299722,0.021337833;1.1934597,-0.9481563;-0.7905788,-0.48171514;-0.19685271,1.6787226;0.056489117,1.1216052;0.7052339,-1.3392056;-0.91819686,0.32058173;-1.1988325,0.30885652;-0.19071245,0.8424922;0.5657763,-0.9933225;-0.07106203,2.3084514;-0.062401984,2.4439254;-2.1388671,0.32630587;-1.7143831,-1.1616415;-1.3700707,0.25234655;0.19666708,-0.17665726;-0.57355964,0.023681484;-1.6328262,-1.0889575;1.1884804,-1.1226146;0.36035073,-1.2888167;-0.13329476,1.9809572;0.073398076,0.2624279
p3d-kl
0.41550445556640625
p3d-iter
599
p3d
-1.54141,1.6112535,1.5009538;1.3095478,0.1623811,-0.42550668;-1.1963066,-0.03974463,-0.4688769;-1.4753631,1.3785713,1.430311;-1.5970665,-0.009514822,-0.68385816;-1.1890479,0.87164783,1.5560478;-0.16804837,-0.13251582,-1.8345428;-0.16035515,0.0806112,1.2146628;0.118052796,-0.11017842,0.33162612;0.9893228,-0.055555474,0.30268016;-1.8160682,-0.10603142,-0.61541975;-0.09754313,-0.1767518,-1.2619916;-0.22321557,-0.14892504,-0.059221745;-0.24719375,-1.1488438,1.0368148;1.1271969,-1.0589396,-0.04656895;-1.3062148,-0.026346296,-0.4950439;-0.29469594,-0.17685977,-1.5984993;-2.217551,-0.42992884,-0.84546787;0.51004577,-0.54156774,-0.107551545;0.29269236,-0.22818895,-0.031900734;-1.1598992,0.85266393,1.5680418;0.17810166,1.750104,0.5874996;-0.37518433,0.8462171,0.6419644;1.2054394,-0.12392505,0.12820506;0.83675843,-0.781004,0.11740174;-0.7132037,-1.3591294,1.2135073;-0.85720104,-1.3879652,1.2299427;-1.8676772,-0.42503533,-0.76214623;-0.47772306,0.01167859,0.43019444;0.9265881,-0.2113862,-0.21671376;-1.0892097,1.0156009,1.2947143;-0.10254447,1.9530616,0.5614901;-1.9974169,-0.23722035,-0.7101235;-2.1445673,-0.21074694,-0.82677424;2.0557497,1.0418136,-1.5849179;0.5656025,1.4526929,0.80960053;1.6343883,0.7965224,-0.46893945;0.41915604,-0.58321786,-0.9394956;-0.6564699,-0.16053474,0.49054965;0.092494994,-0.7814014,0.11344026;1.9994236,1.4080852,-1.57624;0.70733064,-0.70775497,-1.0342451;0.9221248,-0.869562,-0.1003631;-0.40143162,-0.014640981,0.3734337;0.037641257,-0.5438912,-0.9866775;-0.4339783,-0.7492292,-0.252084;-0.1660901,-0.24493067,0.27027285;2.098211,1.1125454,-1.7575572;0.5761902,1.7051126,0.67391866;0.38287652,-2.215427,0.92217207;0.08851099,-2.038369,0.88270533;0.16058294,1.5415909,0.7883202;0.2442923,-0.2635223,-1.1737882;1.011454,-1.0429648,-0.32989386;1.0973437,-0.8605865,-0.29883146;-0.76615304,-1.4008584,1.2456945;-0.71011966,-0.28904977,-0.38690558;-0.5847505,0.27640647,1.4184898;-0.66766876,-0.28573304,0.7793581;-1.0351585,1.2833552,1.1952925;-1.4932532,1.5615382,1.4766868;0.36462393,1.820925,0.61102766;2.1676672,1.3624208,-1.7927694;1.382987,-0.558969,-0.48016596;0.5016814,-0.10781133,-0.068787895;-2.2500129,-0.43115354,-0.7540171;-0.1806416,-0.7160568,-0.5547005;1.4093589,-0.41019052,0.19402416;-0.5462329,1.4559035,0.6334083;-0.64237434,-0.11408444,0.5282844;-0.40608796,-0.0033812188,-2.290037;-1.0027828,0.9130384,1.2121782;-0.18304285,-0.20148247,-1.4530914;0.4073249,-2.265346,0.86199236;2.1929746,1.2115744,-1.869278;-2.1913528,-0.47430307,-0.6843758;0.41906676,-0.8383677,-0.41308293;-2.0927026,-0.37930962,-0.63147575;-0.77356803,0.8344676,0.72938573;-0.18081856,1.8001508,0.4048171;-0.4709448,-0.14613187,-2.1282685;1.5202284,0.9361728,-0.7849842;-0.36826396,-1.7124028,0.73802555;0.18036194,-0.79832655,-0.18955563;-0.1722961,1.8264141,0.44941154;-0.37239882,-0.13492268,-2.2294874;-0.43334103,-0.22176987,-2.2686481;-1.3770783,1.3563436,1.402947;-2.3268745,-0.4014055,-0.73587877;-2.1401896,-0.61097175,-0.6259515;2.0169654,1.1898248,-1.5440831;1.7862018,1.1542686,-1.1775405;-0.4653865,0.13394839,1.1528271;1.6630465,0.9567631,-0.8391957;1.5131671,-0.378154,-0.16631316;-1.1219827,-0.034886148,-0.48018035;-0.5717212,-0.0029423835,-0.4479363;-1.4245139,-0.18095736,-0.6245465;-0.19308037,-1.2166265,1.0202966;1.1966903,-1.0824946,0.052784774;-0.36165938,-1.9219302,0.8677301;1.516159,0.73134273,-0.6832153;-0.5031608,1.640093,1.0271518;0.72907215,-0.6974686,-0.8737416;0.81458306,-0.72189665,-0.46719566;-1.0885782,0.5698932,1.6104892;0.5726295,-2.2131655,0.82348615;1.5399203,-0.23918602,-0.031501725;-0.5239195,1.7109871,1.1510555;0.05537689,-2.0784142,0.8438936;1.7947907,1.1873046,-0.6861645;0.8972763,-0.2351631,-0.19178447;-2.2346535,-0.4566804,-0.8264523;-0.9351507,0.6123613,1.3138657;-0.35578656,-0.18912993,-0.22814633;0.41194603,-0.46469653,-1.1240388;-0.3549094,0.56471753,0.6109699;-0.5118035,-0.16149342,-0.43821812;1.1456674,-0.6664139,-0.29087123;0.80386156,1.3774173,0.5778777;0.01602564,-1.8673713,0.9354576;1.8985803,1.2072858,-1.3893462;1.4206014,-0.3699806,0.2847931;-0.70658237,1.0277492,0.8624716;-0.619282,-1.2652745,1.2928061;-0.13951313,1.8769172,0.63740385;-0.121846244,-0.16497341,-1.450384;0.46321458,-0.5265542,-0.12505624;-0.47679123,-0.14278106,-2.032445;1.4945331,0.9678988,-0.59153587;-0.58638597,-0.08476998,-2.4545927;0.24171926,-0.7011363,0.4894727;1.5941197,0.6706991,-0.33734357;0.72309214,-0.69991744,-0.6374621;0.45548794,-0.8753208,-0.3071843;2.1255896,1.3288593,-1.7284929;-0.7152817,1.7673519,1.0204235;-1.9800102,-0.12972029,-0.5888286;1.4721287,0.9442047,-0.61058575;1.2108598,-0.01778895,-0.3823728;0.5164555,1.5133102,0.83305466;-1.2465246,0.84148926,1.2633706;0.88495785,-0.048406012,0.3264826;-0.6441423,1.2814084,0.6965423;0.5383138,-2.40692,0.9294699;-2.0885642,-0.20125942,-0.64287585;-0.4975627,0.037797023,-0.45286912;-1.2091212,-0.33166787,-0.60155165;-1.5200214,-0.013527063,-0.6815109;-0.08165246,-0.2886446,-0.48756024;-0.13506429,-0.16502638,-1.7288438;0.115728125,-0.09830997,-1.3693724;1.1419877,0.040938366,-0.359295;-0.5471796,1.6460364,1.1560776;0.20842615,-1.9957961,0.9582772;1.6882522,0.93956614,-0.7450085;0.5675669,-0.7055605,-0.68184376;-0.44472885,-1.092761,0.81975365;0.77197415,1.3363618,0.6922285;-0.6359205,0.4726638,1.2565932;-0.80381835,-1.2524312,1.2433172;0.2461355,-0.71636105,0.42718574;0.33111298,-2.1557803,0.89710194;0.1370836,-0.19193867,-1.2859645;1.2529726,0.19505171,-0.072216175;-0.4775738,-0.1900031,-2.1308882;-0.20911291,-0.11031438,-0.7004317;-0.34951308,-0.07182972,-0.49720868;-0.8267396,-0.13905823,-0.37405252;-0.13333915,-1.6326613,0.77705526;0.07155888,1.7583286,0.47697234;0.09772939,-0.08530761,0.31250015;-0.21915168,-0.11955265,-0.67122304;1.7053323,1.0947281,-0.99617064;1.2158482,0.16716523,-0.4461746;0.064093985,1.7859532,0.6779262;-1.6104147,-0.06860309,-0.57383126;-0.42004466,-1.3889124,1.1167284;0.47426328,1.3685468,0.8363235;-0.14935952,0.62456536,0.61996937;-1.204876,0.750862,1.5675714;-0.06355269,0.17244892,0.2432217;-0.95990574,0.4296897,1.6708837;-1.0572835,0.4991222,1.5705597;-0.0647225,-1.6325182,0.7922422;2.1067116,1.3242787,-1.6927867;-0.9428294,1.8283565,1.0647177;0.2723056,-0.55761266,-0.90641344;-0.8026982,0.06805882,-0.67428696;-0.8507955,1.7429614,1.0492702;-1.2515211,0.76279694,1.544648;-2.237578,-0.22762658,-0.6101909;-0.5123232,-0.20473577,-1.8111479;-1.5055757,1.470163,1.4177983;0.59829015,-0.45508403,-0.015226022;-0.7321184,-0.008230303,-2.3674781;0.5294186,-0.2990556,0.50018257;0.44305342,-0.2969875,-0.18033479;1.5576743,0.9326046,-0.37524968;0.26832032,-2.1771047,0.85023737;-1.1849302,1.1382091,1.3533194;0.5772209,1.6079437,0.7299015;-0.057103552,-0.15701026,0.13443215;0.5837098,-2.3301628,0.92072976;-0.6004824,0.6887342,1.0253689;2.0043788,1.2929503,-1.5608974;-0.8890337,-0.1549073,-0.34562933;-1.5749836,1.6462715,1.4990801;1.3002222,0.2333149,0.0022332647;0.6788957,0.12735209,0.026248962;1.6255051,0.85724,-0.7007719;0.49058464,-2.3317595,0.8297647;-0.8235919,0.895086,0.8094225;0.11788012,-1.1981357,0.68923795;0.95339805,-0.93032473,-0.23837379;-0.41101497,-1.2204684,1.13042;1.5871394,0.9340287,-0.6180979;-0.9033737,0.5690288,1.4750305;-1.3913172,1.4146733,1.4245766;0.7812619,-0.31263876,0.014647696;1.639519,0.56012774,-0.32436696;-0.5683962,0.8889198,0.8786153;-1.7082993,-0.23805074,-0.618119;-0.17022283,-0.306818,-0.31033993;-0.015952151,-1.9331114,0.8496154;0.51736253,1.5719702,0.7609993;0.49617988,0.01723337,0.36425415;-0.011235279,-0.26120448,-1.4724958;1.731096,0.80105895,-0.6196551;0.25825578,-0.3150014,-0.65619355;0.4463515,1.6784465,0.7191165;0.5755474,-0.6597149,-0.7289807;-1.2986481,1.4271473,1.3049741;-0.13264406,1.6013707,0.3964624;0.31400508,0.1351583,0.43390623;-0.09777577,-1.985656,0.8816936;-0.45511016,-0.9299502,0.6941841;1.2286841,-0.60308015,0.20453201;0.26785567,-2.1639059,0.67194307;0.45529857,-0.5236709,0.40659714;-0.56852275,0.27603447,1.4154007;-2.0365822,-0.250727,-0.65252304;-0.7295719,-0.11213193,-2.075635;0.47128266,-0.9852413,-0.19028212;-1.246098,-0.004247579,-0.4548932;-2.2063017,-0.33082455,-0.7496789;-0.24011768,-0.028472362,-2.0266395;0.09441329,-0.5688718,-0.79766464;0.79942936,-0.023668949,0.23927;0.08949811,-0.62476385,-0.87334114;0.3621366,-2.2826388,0.8751159;0.45349815,-0.44226128,0.45903465;1.5905815,1.1585245,-1.0475136;1.50443,-0.5042565,-0.06673107;-0.47265816,-1.7348716,0.8762027;-0.027278936,-2.0341406,0.8542685;0.17486162,1.5461279,0.73721594;-0.122337714,0.52905446,0.643168;-0.40632558,-0.7018788,-0.45797804;-0.60776377,-0.1523408,-2.3437958;-0.7168435,0.061251108,-2.4509192;0.7471654,1.297177,0.76724225;-0.7953551,0.4577975,1.4581857;0.562476,1.5117434,0.8018838;-0.13197386,0.60935694,0.6564381;1.6511627,0.9317306,-0.7745074;0.14450786,-0.19041872,-1.3065337;-0.8777423,-1.3771194,1.2062645;1.3160658,0.10534196,-0.41071022;0.64527833,-2.3897028,0.7463227;-1.9976107,-0.3611794,-0.7622615;-0.37742916,1.5228577,0.9591696;0.43346575,-0.5003633,-0.16646805;-2.0383484,-0.628868,-0.60694706;0.035552863,-0.4659432,-0.41432816;-0.15632835,1.5007783,0.9651774;-0.13361895,-0.71355194,-0.46034077;-1.4970611,1.3309135,1.3706592;-0.9264088,1.6487366,1.0693969;1.6245706,0.5718288,-0.3212612;2.005616,1.417507,-1.5826726;0.10653566,-0.36367673,-1.3224757;0.8086987,1.1661263,0.74864423;-0.2859711,0.34706995,0.6170329;-0.45381746,-0.20220685,-1.8669398;0.34560055,1.6787307,0.7332212;1.5475681,0.16015391,-0.15920305;1.6617502,-0.74982107,0.15924709;-0.19985369,-0.21207315,-1.4235567;1.5640631,0.8876124,-0.7327318;-2.3252363,-0.41461077,-0.7469438;0.15078665,-0.27600378,0.14032684;0.10884848,-2.0995774,0.8405996;-1.8866094,-0.3199451,-0.7922181;-1.7896173,-0.4039725,-0.68179923;0.15297687,-0.25754243,-1.3062437;0.3873415,-0.8286093,-0.50039124;-0.054963302,-0.14954506,0.21666037;-1.1474845,0.84068966,1.3108706;1.6218245,0.54738826,-0.27589065;2.0874753,1.2561466,-1.6888162;0.8814858,-0.7693077,-0.33675417;0.6069872,-0.76185936,-0.1742754;0.3205798,1.7073226,0.6976283;-0.12311259,0.37105638,0.20700029;0.71130115,-0.71046406,-1.0657827;1.6101714,1.2786148,-0.94730717;-0.7327638,1.6364654,1.053774;1.288241,-0.5720116,0.12576705;-1.5561048,-0.100509144,-0.60904056;-0.02299753,-0.25475153,-1.4669619;0.85557044,-0.7843581,-0.31378955;0.22499922,-0.096484005,0.39550707;-0.56427675,-1.4331092,1.0415353;0.46749625,-0.6618224,0.3119895;0.27664003,1.709809,0.7178523;0.5230022,-2.1629014,0.88607806;-0.056247633,1.7845709,0.5623724;-0.6639745,-0.13035613,0.5135229;-0.25639105,-0.09596582,-0.79249585;-0.54629177,-0.06761668,-2.2311223;-1.9736865,-0.1973636,-0.67531896;-0.12319624,-0.37574598,-0.3715551;-0.56252617,-0.15168323,-1.6983827;0.2750517,-0.2914625,0.20989715;1.952595,1.3154798,-1.4531089;-0.40546283,-1.3240193,1.2199925;-0.68399405,-0.08611648,-2.5215793;0.030305231,-0.5258874,-0.45303273;-0.48860782,-1.1399392,0.8642083;-1.2793167,-0.035095163,-0.48686832;0.53251755,1.5963773,0.7402267;-0.59973687,-0.05396291,-0.19863316;-0.53471667,-0.96104074,0.85312665;0.17932218,-0.7053813,0.48023528;-0.58696485,1.6966035,0.87493783;-0.53824747,0.27134502,1.4768265;1.3470657,-0.7098491,-0.10651938;-0.9522304,0.37010264,1.5671386;1.1619546,-0.96407753,-0.12486598;-1.2479718,0.86559814,1.5531327;-0.52111995,-0.11719218,-2.3176556;0.7958589,1.2038422,0.7640489;-2.1843123,-0.18728611,-0.6216887;-0.1730233,-0.06716348,-1.8980268;0.3892078,1.6208439,0.75835407;-0.7029642,1.0912645,0.6975561;-0.50470454,0.24079466,1.5048213;0.50012237,-0.70176595,0.35252306;-2.2222767,-0.3066872,-0.7148882;-0.8343971,-1.3977402,1.245277;0.37043527,-0.7281681,-0.52508885;-0.5925411,-0.15157881,-2.0566876;-0.14520058,-2.0624275,0.8156574;0.42126238,-1.0226533,-0.0952757;1.6450455,0.54465896,-0.4165621;-0.4436647,1.7857448,0.65858;-0.5605991,0.80428636,0.8572394;-0.35867327,-0.09105192,-2.1599813;-1.1188699,0.6998482,1.4496052;-0.42539725,-0.26698738,-1.599657;1.3763584,0.33212137,-0.5388825;0.7034194,-0.6838007,-0.8782198;-0.25276607,-0.097660914,-0.7594014;0.76009274,-0.7069911,-0.6592953;-0.75829536,0.0004568855,-2.5286946;-0.22905187,0.120741166,-0.9276977;-0.5048472,0.2416312,1.4359382;-1.37258,1.3954954,1.395331;0.34634045,-0.14230172,-0.07271954;-0.81272787,0.44169748,1.388335;0.045100745,0.17465518,0.57166576;0.44521254,-0.5744913,-0.95422465;0.20439008,-0.8082527,-0.2821672;0.53708065,1.536601,0.77803487;-0.13698645,-1.9275336,0.9691049;-2.042544,-0.23459215,-0.6904697;1.4277097,0.44606772,-0.5859466;1.3737272,-0.6621587,-0.061957587;0.020739196,-1.2538142,0.882312;2.080175,1.3202665,-1.6702875;0.71499264,-0.8070203,0.34802532;1.5130495,-0.7407808,0.25436017;-0.30348617,0.75633734,0.64885336;-0.59845275,1.1827297,0.70630616;-0.5700414,-0.44731572,-0.44405735;-0.18267952,1.6814259,0.5463611;0.7959319,1.2122657,0.771087;0.53749084,-0.32857537,0.53477454;-1.3654824,-0.09174995,-0.6910406;-2.0379899,-0.24674377,-0.6669678;-0.6681587,0.28125975,1.3483262;1.4554746,0.4592251,-0.30067173;0.6172677,-2.2285645,0.83633274;-0.86974627,1.7047355,1.0547082;0.061254278,1.8145977,0.5216948;-0.682133,-0.66787076,0.8441775;-1.0196743,1.794583,1.0836606;1.7804322,1.1150131,-0.9760366;0.5873049,-0.6579721,-0.91807467;-0.043815076,-2.0255535,0.8568357;-0.7841206,0.0368017,-2.4267502;-0.453178,-1.275401,1.2017882;-1.5173272,0.03822928,-0.786923;-0.20972733,1.757214,0.5563747;-0.29942742,-0.76285404,-0.40159792;-0.62688905,-0.13529502,0.5093384;0.0155043965,0.20506966,0.53724444;0.4707847,-0.19098848,-0.14808188;-0.9742958,-0.06332398,-0.4775447;-0.6288012,-1.6474918,0.9057787;-0.1357056,-0.10575748,-1.8665544;2.0165591,1.1421349,-1.517278;-0.12171513,0.06710726,1.1976914;0.07283633,1.7606697,0.53933054;0.56357527,-2.4020016,0.84095746;0.11852694,-1.168085,0.67456967;-0.87946373,-0.14581719,-0.39627713;-0.5521216,0.5593422,0.8597208;1.4798625,0.52538985,-0.43507642;-0.5248023,0.4454364,0.81475496;-0.65013224,-0.11605737,0.5597432;1.9115452,1.2368095,-1.3668997;0.4801384,-0.6674678,0.4280673;0.28405672,-2.2233589,0.7373372;-0.92425346,-0.085031584,-0.4820329;-0.27682805,-0.52246517,-0.2561774;0.9362477,1.0585487,0.7499331;-0.5697079,-1.6235437,0.85406715;0.24591419,-0.80620056,0.49984348;-0.21661352,1.5523243,0.9293235;-0.9662866,-0.11114,-0.36717722;-0.90596855,-0.099139705,-0.46551505;0.5183092,-0.7902272,-0.057187937;-0.11530976,1.695314,0.4061319;-0.50852096,-0.017858762,-2.2870173;1.0006411,-1.025405,-0.30999893;1.4640487,-0.044568606,-0.19954875;0.7259624,-0.5775948,0.097634934;0.33102995,-0.8170148,-0.37591374;-0.74172914,-1.336835,1.2623287;-1.4096087,1.5726728,1.3956541;0.63842297,0.2280476,-0.008875153;0.22765213,-0.5107608,-0.87168276;-0.32031706,-1.6784008,0.72872627;0.5035845,-0.5706043,-0.8880043;-0.12795511,-0.7960319,0.516552;-0.32163915,0.09737368,1.1953313;0.43277422,-0.4277684,-0.9978715;-2.4701147,-0.47789046,-0.73665833;-1.8019379,-0.09579442,-0.60725725;-0.49874985,-0.10128758,-0.4835888;-2.4753191,-0.4828871,-0.73880535;-0.12877755,-0.36098373,-1.8162167;1.5196481,0.6232165,-0.5487888;-1.7690862,-0.10713712,-0.59391075;0.38959917,-2.2364733,0.8871681;-1.5225266,1.5240192,1.4671328;-0.34718546,-0.23218442,-2.1884828;-1.1724527,0.8686805,1.4496789;1.6486005,0.6426799,-0.38777444;0.8755882,-0.66223365,-0.5476995;0.070948005,-0.7955893,0.7295633;0.3264609,1.7743119,0.6700471;-0.5389183,-0.14204471,-1.6653758;-0.31985748,-0.14455664,-1.9216886;-0.3055374,-1.7004738,0.65486634;0.10841444,-0.82958657,0.06362798;0.48598447,-2.3503182,0.8188301;-0.06389015,1.6886739,0.6159783;-1.5365232,1.5877753,1.4408727;0.10855999,1.6384501,0.88986266;0.17359917,0.06251908,0.45693266;1.8041749,1.353114,-0.70673674;-2.1687994,-0.31624132,-0.5896785;0.004478056,-0.096240595,-1.433489;2.2050076,1.2262036,-1.8788683;-1.1408138,-0.056131996,-0.44113043;-0.33207735,-0.10489028,-1.6366566;1.5996443,0.6644247,-0.57749814;-0.7063245,-1.3623267,1.2598269;0.22860938,-0.5960912,0.49453828;-1.3986487,1.5220456,1.2870766;-0.7966638,0.9187235,0.7833509;-0.19302705,-0.079083316,-0.87424684;0.56667024,-2.4086661,0.8221786;1.9871172,1.210466,-1.6353154;-0.4878351,0.23526548,1.3806467;-0.84341615,-1.3634608,1.1013384;-0.09116275,0.2789824,-0.8688021;-2.269329,-0.42042333,-0.6998415;0.28333881,-2.2490327,0.84112227;-0.07244356,-1.1605372,0.8345841;1.0203251,-0.9804059,-0.058983453;0.60114306,-0.7686238,0.31190288;-0.7697852,-0.2504409,-0.36294454;0.58743733,-0.62435323,-0.15352467;-0.51665425,-1.5945992,0.8763203;-0.38433334,0.18720335,1.3694707;0.17652924,-0.15611215,0.28677884;-1.6229098,-0.20314245,-0.69393283;0.22961073,-0.26661438,-1.0553863;1.569396,-0.053096082,-0.10117717;-1.5511065,1.5857543,1.4614414;1.7721772,1.3629282,-0.751861;-1.8434795,-0.1529214,-0.61957645;-0.16708371,-1.3178484,1.165867;0.76415884,1.1976335,0.762253;0.12922451,0.19901852,0.36841697;-0.069742255,-1.5887499,0.84551966;-0.32830584,-1.8845495,0.8543191;0.76935947,1.1783239,0.7812735;-0.19960682,-1.357381,0.9260274;0.5078379,-0.21748917,0.5210699;-0.57033277,0.07784285,0.4743883;2.200408,1.2486877,-1.8666296;1.3879122,-0.5623877,-0.13333039;-0.51802295,-0.89246845,0.71406984;-0.3862246,0.19769259,1.3573484;0.7285911,-0.70825195,-0.9349461;0.4339339,1.6988397,0.83396053;-0.93339103,1.731545,1.0526404;-1.3316473,1.3756233,1.3468137;0.4598417,0.24255021,0.0085703125;-0.5830665,-0.1981437,-1.9593033;-1.0917946,0.70520866,1.4926982;-0.07443125,1.8449407,0.5351167;-0.53721035,-0.1445093,-1.6492937;0.11871945,-0.25543618,0.13462982;-1.0405267,0.4835069,1.5509384;-0.7690042,0.019303752,-2.4175878;0.046069853,-0.34025827,-0.6250838;-0.15055425,-0.031745594,-1.951099;0.5673507,-0.39878336,0.5796541;1.5777694,-0.03354147,-0.07806352;-0.54113126,0.0070848754,-2.3364403;-0.46230012,-1.7010506,0.82055444;-0.8903346,0.5762402,1.3138487;-0.025928695,-0.14129288,0.21324636;-0.53572154,-1.4798539,0.87558407;-0.70706964,-0.030856838,-2.2948532;-0.18841293,1.4288467,0.9962162;-1.0440378,0.43487844,1.550287;-0.86232144,0.4716671,1.347444;-1.306761,-0.1117845,-0.57401085;-0.29574865,-0.011166488,-2.140537;-0.5792221,-0.36951658,-0.20521492;1.0030432,-0.8733339,-0.3384198;-1.4325594,1.2493339,1.433765;0.2979319,-2.1360314,0.6305635;-0.8655075,-1.434972,1.2451701;1.5343702,0.26166582,-0.04854592;-0.22230592,1.3128431,1.0116013;-0.6237348,-0.69628173,0.80925614;-1.4535612,-0.15714093,-0.69256073;-1.20749,0.73584265,1.5047145;-0.2502925,-0.8060383,-0.37149838;-0.25630984,-1.1520394,0.967929;0.51199967,-0.3992098,0.5855122;1.4811556,-0.2596504,0.20195873;-0.3115168,-0.22486097,-1.5583568;0.30739942,-2.265132,0.7503847;0.30060762,-0.15581195,-1.1015611;-1.4364114,-0.19077161,-0.6750268;0.04879124,-1.3791398,0.89087635;2.0193634,1.2857347,-1.4913579;1.507628,-0.097212024,-0.16733463;-0.06284623,-0.4713967,-0.2620389;-0.058287475,-1.2643907,0.92246336;-0.13947737,-0.40095854,0.28610566;-0.9886616,-1.3759619,1.203648;0.105498224,-0.8107266,0.117132455;1.1498393,-0.98549116,-0.38031822;0.60254,-0.70429367,-0.16984877;-0.45805508,0.8087457,0.6990673;1.9439883,1.3182577,-1.5200118;-0.48985913,-1.7233942,0.8584824;-1.2397186,0.962605,1.1034151;0.14762427,-1.0478088,0.9001297;1.5494103,-0.6639635,0.22597712;-1.5761273,1.6328405,1.5005295;0.15342471,-0.61908865,0.6074072;-0.453769,-0.36848354,-1.6864573;0.25629395,-0.70867103,-0.7130771;0.54207903,-2.3294718,0.8750238;-0.57509446,-1.3545088,1.302812;0.7236133,-0.6913609,-0.82763255;-0.6623447,-0.3358945,0.7779854;-0.22887595,-1.5738248,0.78461903;1.5030831,-0.4642025,0.2432025;-0.10486619,1.7387911,0.7758924;-0.6483526,0.6754171,1.0940931;0.16512866,1.7967544,0.6323112;-0.5258579,-0.12308002,-1.6869231;2.195838,1.1985571,-1.8640943;2.19597,1.3185129,-1.842051;-0.6308323,1.7690061,1.0382351;0.8758657,-0.04765461,0.30190018;0.45894235,0.19205064,-0.012475932;0.54780585,-2.3906326,0.76753235;-0.4412042,-1.8251879,0.8588491;0.3150386,-2.305322,0.8274923;-0.339383,-0.8877524,-0.35253537;-2.0603735,-0.344381,-0.89150923;0.41920108,1.7369449,0.71221817;-0.5385913,0.0068209614,-2.3321064;-0.60893637,-0.45763204,-0.28687358;-0.6811509,0.54457104,0.6680022;-0.56933033,0.082549036,0.50482464;0.7558024,-0.7847317,0.21433763;-1.9898031,-0.27931467,-0.71745;-0.27921677,-0.21306546,-0.10976016;1.3899846,-0.48390868,-0.19689803;0.34698588,-0.7736344,-0.48761314;1.9245286,1.1628882,-1.410298;-0.7903525,1.7447028,1.0367233;-0.62568015,-0.3633366,-0.41161814;-0.33085445,0.18328951,1.3981731;0.7155251,-0.6822166,0.12379332;-0.1211646,0.63532245,0.6496749;-0.3145713,-0.21760496,-1.7840961;-0.62229425,1.6792462,1.0185971;0.18744908,-0.28708938,0.18932708;-0.32189146,-0.7468747,-0.45416158;1.7403216,1.3236388,-0.9585192;0.044955842,-1.2641788,0.7852254;1.6385859,0.76626784,-0.36655545;1.4651268,-0.59644073,0.08753703;0.4583949,-2.2512937,0.9009431;0.539435,-0.75818634,0.35756034;2.0193636,1.2857347,-1.4913579;-0.33911443,-1.9797219,0.90069294;0.6980023,-2.0641835,0.7730417;-1.0461873,-0.22625174,-0.4853356;-1.4821701,0.015116036,-0.8646237;0.0027354683,-0.10490246,-1.4030961;0.26795205,-0.5491027,-0.86991465;-0.69662553,-0.30509764,-0.29335293;0.25333434,-0.22351374,0.5290261;1.6364278,0.7658116,-0.584148;0.4065463,-0.43929505,-1.0609614;0.6431243,-0.7469183,0.23604257;-0.12704864,-1.5773568,1.0681634;-0.09246173,0.74906284,0.64185345;0.7925194,-0.74615866,-0.5240252;0.36831194,-0.41529799,-1.1129488;-1.0610268,0.5205933,1.5594963;-0.3301634,1.6589979,0.740529;-0.6040162,-0.24765669,-0.46230778;0.90488887,-0.8436588,-0.29948586;1.7669048,1.1488984,-1.1349431;-0.031933367,-0.21879773,-1.4911301;-1.3998231,-0.25123942,-0.64598066;-1.4523898,-0.20117939,-0.63708186;-0.23225044,-0.20888078,-1.7590064;2.0750217,1.263841,-1.6729443;-1.0471473,-0.113342896,-0.3986402;-0.1633363,-0.7898967,-0.44146273;-0.85772765,-5.7200203e-05,-2.6120706;-1.8700085,-0.35084784,-0.8305083;-0.42810455,-0.7256763,-0.2511448;1.014983,-1.096103,-0.3171767;0.44581354,-0.59827775,-0.83395594;-0.61857814,-1.0908307,1.2974044;0.49936232,-0.65320826,0.5598755;1.653454,0.60015327,-0.4194942;0.010127115,0.4122389,0.5273822;0.61590546,1.598785,0.7077359;-0.5333796,0.74912745,0.7566918;0.4792121,-0.5110065,-0.101481944;-0.23431031,-1.9981431,0.87043554;-0.12317739,-0.75211746,0.46812823;-0.6236022,1.7214063,1.0747828;1.6159648,-0.6074978,-0.0036530108;-0.389919,-0.096274026,-0.44955298;1.9236974,1.2242101,-1.3866758;0.32463259,1.7219763,0.69432825;-1.315612,0.91837245,1.5618078;-0.1541523,-0.29496747,0.25842872;1.4911637,-0.6194404,0.1497724;-1.7536994,-0.28453773,-0.7280116;-0.4009949,-0.10781993,-0.21964905;-2.13308,-0.5952684,-0.832809;-0.25555387,1.6195112,0.73700106;1.29376,-0.18648975,-0.3444247;-0.45287025,-0.24889357,-2.0934815;1.7795659,1.1729994,-1.0874288;0.889658,-0.18911657,-0.2150629;1.6064981,0.34063613,-0.23211414;-0.60606617,0.28470615,1.424707;-0.33433318,0.047213066,-2.2172506;1.98068,1.2603316,-1.528764;1.3133441,-0.16651547,-0.31741172;-0.55497897,1.7209072,1.1088849;0.38049272,-0.6029359,-0.8753786;0.028101448,-0.023697576,-1.8343815;0.26056546,-0.549855,-0.8323197;0.82006985,-0.5684438,0.11645678;-1.7319652,-0.11089914,-0.599263;-0.09384586,-0.8040488,0.49660748;-1.3685851,1.3642616,1.3907102;0.347663,0.1373413,0.38992274;1.9068655,1.1855235,-1.463862;1.1426543,-0.0048268503,-0.3490232;0.93797445,1.0580451,0.74876857;-1.4721022,1.4173298,1.4277524;0.53261733,-0.42572471,0.04214014;1.2877957,0.091236375,-0.10834606;1.2848749,-0.65385026,0.027977731;-0.34479222,-0.014732621,0.37321603;-0.08999471,-0.05467114,-1.8877268;-0.03301197,-0.1634126,-1.5569752;-0.57083905,-0.5288821,-0.32072896;-1.3906969,-0.13205741,-0.5961143;-0.85914284,0.8446221,1.1306871;-0.56412995,0.050285798,-2.407624;-0.30705562,0.13592038,1.2928609;0.11940124,1.6325101,0.47840112;-0.36131796,-0.112666786,-0.14823599;0.049388155,0.24897571,0.37180993;-0.24084213,-0.075190425,-1.9938868;-0.8270143,0.50110763,1.3985062;-0.65683174,-0.40315905,0.77226794;-0.5069535,1.7301941,0.6939733;-0.39776406,0.9388238,0.6268035;0.34419963,-0.39862663,-1.1441909;-0.15365584,0.520248,0.6694071;2.1593754,1.2283598,-1.805478;0.3584487,-0.3555745,-1.0803713;1.7253994,1.2665353,-0.81504554;-0.70377505,-1.3595133,1.2468488;1.0718595,-0.6016032,0.2800251;-0.013788002,0.155403,0.2621743;-0.03350659,1.8229221,0.52362776;0.45619094,-0.71419775,0.4224882;-1.1502125,0.6191106,1.4902403;1.670858,0.8932735,-0.7428834;1.6896576,0.98927754,-0.8749878;1.3431448,-0.34428772,-0.27859992;-0.5738059,-0.037109677,-0.5484134;-0.21251577,-0.046602637,-2.079759;0.110124975,-0.55441105,-0.719124;-0.030955823,-0.50420886,-0.3370264;1.0394361,-0.10381235,0.2738463;1.5505651,1.1727139,-1.0701902;-0.43298945,-1.2012777,1.0565832;1.9109372,1.1553924,-1.4825143;-1.232401,0.7183685,1.5907378;-1.004747,1.7441673,1.0504363;-1.2494864,-0.03653347,-0.4862829;0.5910301,1.3564485,0.8376863;0.3410377,-0.2283435,0.4860273;-0.85574037,0.30505216,1.4405975;-0.39076442,-1.5332711,0.8090312;-0.24588625,-0.83178633,0.5576469;-0.26657376,-0.3600961,-2.204385;-0.456579,0.0026540866,0.37163058;-0.5058564,1.7048582,1.0021156;1.2310004,-0.6202408,-0.21161433;1.4990638,0.9186791,-0.6360431;-0.43307945,1.6250048,0.986185;0.041995402,-1.2438297,0.97066605;1.6312785,0.03533632,0.019326352;1.3768408,-0.5671966,-0.49456733;-1.3014283,0.9519883,1.1574048;-0.5876123,-0.40977013,-0.44817474;1.3372467,-0.36698717,-0.2703341;-0.3403515,-0.68475866,-0.33079314;-0.56870335,0.28073788,1.4980948;-0.40700603,-1.239507,1.2199816;1.4165297,0.218091,0.019509917;-0.6589859,-1.2311308,1.3086369;-0.0068358546,1.8832792,0.5872907;-0.52268565,1.3722818,0.8291309;1.2984049,-0.7100289,-0.07383619;-1.8507047,-0.19010356,-0.6574119;1.801668,1.1597998,-1.1853755;1.3445505,-0.19222587,-0.36948124;1.4294133,-0.5990004,0.006489974;-0.006874248,1.604406,0.36693093;-0.5504548,-1.3804458,1.2956396;0.6026519,1.3864441,0.82159233;-0.28593078,0.79891574,0.62862295;1.6073494,0.51710755,-0.27246705;0.45006648,-0.41938147,-0.09684879;-0.1556499,1.4791609,0.97371835;-0.10878144,0.19820504,0.17602487;-1.2825174,0.9516708,1.1231992;1.4180337,-0.7263153,0.18602838;-0.11893635,-0.11390057,-0.8541283;-0.7779264,0.013821912,-2.5062072;0.4325431,-0.7313786,-0.5108392;1.6095418,-0.62685996,0.04301981;-0.30201042,0.7471016,0.67786664;-0.5582351,-0.0469505,-2.1313052;-0.7679564,1.7742777,1.0210648;-0.9019799,1.5863976,0.93598706;1.2969002,-0.10002453,0.09928573;-0.4747354,1.5379272,1.1561437;1.3893167,-0.76494884,0.23633066;-1.3813276,1.2627366,1.2936683;1.58075,0.20773979,-0.123738036;-0.26242864,1.6537514,0.93412215;-0.14335087,-0.8634187,0.56977654;-0.5009325,1.5694253,0.9150599;-0.39534658,-0.19595122,-1.8909472;-0.40471193,-1.805971,0.7990497;-0.41714036,-0.8833573,0.66830933;-0.20184378,0.087180346,1.2223542;-0.0025088673,-0.7042755,0.59061736;-0.47288075,-0.02174934,-2.2588701;-0.023359628,-0.45479786,-0.35814622;0.4496226,-0.22936575,-0.056980312;-0.96771836,0.50671476,1.5875573;-0.5921881,0.19256772,1.1367195;0.6364296,1.3793517,0.7965308;0.6622139,1.3960849,0.78192985;-1.0847453,-0.09341528,-0.42646363;-0.13317785,-0.037104707,-0.96399355;-0.06425659,0.044810094,0.25620073;-0.40222433,-0.025135258,-2.2163086;0.081382714,-0.53423464,-0.6880753;1.7144951,1.0684663,-0.70440143;-0.18622132,0.04410235,1.1664077;1.1005831,-0.95165545,-0.18678404;0.021144485,1.8643485,0.69805944;1.6247109,0.060455393,-0.09817435;-0.6646253,-1.5702374,1.0072484;1.5272532,0.0342522,-0.00063259667;-1.8182384,-0.32175004,-0.8249147;-0.41405192,-0.046413083,-2.2415643;1.605952,1.1181582,-0.9547034;0.9333712,-0.81497526,0.0106070535;-0.30600983,-0.77089393,-0.4907152;0.009079969,-1.9372028,0.846312;1.8960676,1.2252246,-1.344837;1.4956182,0.07777462,-0.16818069;1.600698,-0.35951582,0.033813104;-0.96264863,1.6663266,1.04602;0.9114642,-0.0107902,0.36615232;-0.36478248,-0.115049,-2.212321;0.026997335,-0.327604,-0.8448862;0.8949298,-0.22871937,-0.19090456;-1.7940916,-0.26155776,-0.57918656;-0.03225606,-0.61564404,-0.22449544;-0.45822126,-1.3542862,1.2887485;-0.56841564,-1.3363494,1.1615233;0.82611257,-0.7669651,-0.4194846;0.56282234,-0.14121266,-0.30616045;-0.26888233,-0.48029986,-0.18444586;-0.8577452,-1.3302954,1.1992584;-0.20986077,0.0791936,1.2088008;1.2500721,0.19971569,0.05973258;0.57453847,-2.3430912,0.78978527;0.050626695,-1.2024945,0.7927658;0.25947452,-2.156942,0.84583753;-0.54107076,-0.8173304,0.7547747;0.087798536,-2.0530066,0.8705429;-1.2145617,-0.06660721,-0.48711342;0.13428184,1.8461854,0.5851658;1.6170405,0.9164742,-0.84285253;0.6070176,-0.6412764,-0.8485941;0.1191599,1.6403688,0.573983;-0.5285687,-0.22338349,-0.45018303;-1.3844326,1.5629246,1.3633108;-0.7575307,0.00044543124,-2.5286374;0.074132085,-1.9563941,0.86578256;-0.06791747,-0.75387055,0.47084895;0.4284243,-0.98324543,-0.27326933;-1.2180653,0.6195355,1.6767738;-0.50507426,-1.2966549,1.1902223;-0.735026,-0.018846761,-2.3609765;-1.3039889,1.0021697,1.5553013;-0.41102904,0.316724,0.68973815;0.40554443,-0.19539885,0.028776733;-0.15639734,-0.052024804,-1.9472687;0.4145308,-0.93609685,-0.5452649;-0.3023143,-0.68343884,-0.307038;-0.019653112,-0.65662473,-0.17724103;0.777776,1.0448197,0.74707675;-0.18183506,-1.9994168,0.8667024;-1.27356,1.3338226,1.3199883;-0.74165076,1.2422287,0.6591764;1.1767331,-0.9195512,-0.36839595;-0.30383247,-0.033994798,0.37551588;-0.22977853,-2.02684,0.81554306;-0.3169378,-1.3830724,1.098165;-0.7513199,0.24772009,1.3620231;0.40114924,-0.19404387,0.063080914;1.5201657,-0.7093487,0.19926292;0.011609197,-0.08873451,-1.4416498;0.16513844,1.862071,0.6209278;-0.58615243,-0.20879167,-2.0008852;-0.61719614,0.68407786,1.0562283;-0.786846,1.4213613,0.97459835;-0.0243951,1.8705354,0.6151153;0.4388493,-0.4224619,-1.0025148;-0.66341025,0.5139304,1.2721034;0.43666282,-0.74230295,-0.35962677;-0.27102095,0.44011348,0.44762146;1.8006805,1.2117598,-0.70805466;0.7267108,0.033540998,0.2680596;-0.18028483,-0.076754294,-1.7676702;1.0012099,-1.0096704,-0.3110267;-0.7432407,0.09831016,-0.7176643;0.047683485,-0.028455343,-1.8011675;-2.2345812,-0.39367536,-0.7911256;-0.08570714,-0.7086432,-0.2667589;0.62770385,-0.3264537,-0.036166146;0.8297725,1.1606381,0.7576565;-0.8139016,-1.2640115,1.2377859;-0.36763674,-1.3364683,1.187249;-0.03977174,0.5717105,0.64312553;1.2359204,-0.5980508,0.21858625;-0.34865785,-0.08740385,-2.2432404;-2.0560753,-0.28234255,-0.66746914;-0.69460106,0.48937598,1.2800158;-0.13846275,-0.18119872,-1.4536809;0.15385342,-0.34481043,-0.4762246;-0.5011615,-1.0871348,0.8285094;1.5657464,0.08359643,-0.03607017;-1.3370249,0.86294216,1.2264744;-1.3230143,1.4376185,1.3232234;-2.2578015,-0.25972614,-0.5910383;-0.3513778,-1.3645713,1.1476332;1.5546317,0.6624231,-0.5499546;1.497928,-0.98615456,0.14766105;-1.9040704,-0.528083,-0.63742924;0.59188795,1.7342255,0.68228394;2.1428876,1.2599032,-1.7795475;-0.41720098,1.5937316,0.95497173;-0.7384581,1.6485597,1.0720044;-0.66506094,-0.60788876,0.82308817;0.032566093,1.8203146,0.7716057;-0.7995998,-0.19014847,-0.23931748;-1.1120051,0.6594206,1.5152642;-0.36215764,0.24207492,0.57994795;0.4871284,-0.3730329,-0.105099015;0.42264882,-0.5357378,0.488495;0.95534587,-0.6471042,0.33162034;-0.25538662,-1.9886734,0.8356749;0.37565073,1.2074707,0.8506164;-0.14725602,0.9001255,0.6462242;-0.8455093,-0.1521003,-0.4194571;-0.587881,0.7491388,0.99093586;-0.070454024,1.8350964,0.649208;1.8046243,1.1638002,-1.2002699;1.5830803,0.9370679,-0.40641287;-0.13704202,-0.78912264,-0.45075074;-0.05620649,-1.5976266,0.9965862;-1.4244612,1.4147117,1.418241;-2.2149293,-0.25467876,-0.5512137;0.035317987,-0.65410143,-0.21889473;-0.3684692,-0.2317246,-0.041300308;-0.36124408,0.6846745,0.66048914;-0.34282207,1.5848272,0.9861293;-1.1427057,-0.037715826,-0.5310751;-0.09355114,-0.04203517,-0.9387347;-0.46725702,-0.64475083,-0.36039218;0.5358285,-2.2508125,0.8548122;-1.0758698,0.6587826,1.487808;1.4525106,-0.52393556,0.12444718;1.6447443,-0.4650131,0.055592798;0.0034823355,-1.3094771,0.91724855;-0.13382985,-0.061913222,-1.0390697;0.5047703,-0.5380105,-0.93699723;2.1979294,1.2769593,-1.8588531;1.3389475,0.10705844,0.080269575;-0.5304511,0.24820033,1.4243667;0.6716258,-0.10104409,0.41124636;1.6539222,0.99093896,-0.69446737;-1.529277,-0.1059459,-0.6261429;1.6589242,1.1584102,-1.0297842;-0.50808775,0.24291077,1.5094396;0.60662264,0.19288976,-0.016219534;-0.8111056,-1.2386863,1.2322717;-0.5144774,1.6571925,0.897163;1.508715,-0.861645,0.12338021;-0.3786,-1.0415618,0.7029085;-0.97794807,0.5528304,1.4455537;-0.8464241,-0.18405,-0.38345227;1.5374699,0.65885645,-0.5787467;1.4376698,-0.35314903,0.28559932;-0.7258174,1.5769298,1.0037185;0.23086509,-0.29394314,-1.0444189;0.117480576,-0.17333157,-1.2960466;1.1503274,-0.85885924,-0.23474337;-0.4342618,0.9893205,0.91139793;2.0507321,1.258155,-1.570934;2.185026,1.384891,-1.8229623;-0.66578436,-0.049013924,-2.489997;-2.4663894,-0.4773686,-0.7376603;-0.1461412,-0.253633,-1.3994448;-0.023354214,0.23540534,0.2668611;-0.012488624,-0.71457237,-0.52796334;-2.2813797,-0.3709557,-0.73462087;-1.1287022,0.92626417,1.2538799;-0.2535736,1.427999,1.0060462;1.7840225,1.2639256,-1.0014012;0.6210452,0.19608895,-0.02997509
