data_set
babi-q1
num_classes
6
data_points
1000
model
saved_models/babi-q1-e0070.ckpt
color_schema
#4E79A7,#F28E2B,#E15759,#76B7B2,#59A14F,#EDC948,#B07AA1,#FF9DA7,#9C755F,#BAB0AC
test_accuracy
0.658
test_loss
0.9245295476913452
train_accuracy
0.680375
train_loss
0.8577620689868927
val_accuracy
0.676
val_loss
0.8923625664710999
labels
12,9,15,12,15,12,11,12,17,17,15,11,17,10,10,15,11,15,17,15,12,17,17,12,10,10,10,15,15,15,12,17,15,15,9,17,9,11,15,10,9,11,9,12,11,15,12,9,17,10,10,17,11,11,15,10,15,12,11,12,12,17,9,11,11,15,15,9,17,17,11,12,11,10,9,15,15,15,12,17,11,9,10,11,17,11,11,12,15,15,9,9,12,9,9,15,15,15,10,10,10,9,17,11,11,12,10,9,17,10,9,9,15,12,15,11,17,15,9,17,10,9,10,12,10,17,11,11,11,9,11,12,9,11,15,9,17,15,9,9,17,12,12,17,10,15,15,15,15,15,11,11,9,17,10,9,11,10,17,12,10,10,10,11,9,11,11,11,15,10,17,17,11,9,9,17,15,10,17,17,12,12,12,12,10,9,17,11,15,17,12,15,11,12,12,11,17,15,9,10,12,17,17,10,12,9,15,12,9,12,9,10,12,10,9,10,9,12,12,9,9,12,15,12,10,17,12,11,9,9,17,11,12,17,12,10,10,10,10,17,12,15,11,11,15,15,11,11,11,11,10,17,9,9,10,10,17,17,15,11,11,17,12,17,17,9,11,10,9,10,15,17,17,15,9,17,15,12,17,9,9,11,17,17,11,17,9,17,11,9,15,15,10,15,15,11,11,12,12,9,9,9,9,17,12,11,9,17,17,15,11,11,17,10,11,17,10,17,17,11,11,15,15,11,11,9,10,11,11,10,15,17,15,10,10,17,12,17,12,12,12,11,17,15,11,17,12,12,15,15,10,11,11,10,10,9,17,12,11,12,11,9,11,11,11,11,11,12,12,12,12,12,11,11,17,10,15,9,9,10,9,10,10,17,17,15,17,17,17,15,15,12,9,10,17,17,10,17,9,11,10,11,10,15,17,15,12,10,11,15,10,11,9,12,17,10,10,15,12,9,12,12,9,12,10,15,15,17,10,10,17,15,15,15,17,11,15,9,10,11,10,12,9,11,10,11,10,12,11,15,15,15,15,11,9,15,10,12,11,12,9,11,10,17,11,11,10,10,10,17,12,17,17,9,15,11,9,15,11,9,10,10,12,12,11,10,9,12,10,9,15,10,10,11,11,15,15,10,12,12,15,11,9,12,9,15,10,17,17,10,10,17,10,10,17,9,9,10,12,11,17,17,12,12,11,12,17,11,11,12,11,11,11,17,9,11,10,12,12,10,11,17,12,12,15,11,15,15,12,10,10,9,17,10,15,12,15,10,10,10,11,10,11,15,10,9,9,15,10,10,10,10,15,15,17,9,10,12,10,10,12,12,11,15,10,10,11,12,10,10,17,12,17,11,9,9,17,17,11,10,10,10,15,15,17,11,15,12,11,10,15,17,9,11,9,17,15,12,15,17,11,17,17,15,9,10,9,9,10,10,9,10,10,15,11,11,11,15,12,9,11,11,10,17,11,11,12,17,15,15,9,11,15,15,11,9,15,15,11,15,15,15,11,10,10,9,17,17,17,17,10,10,17,9,15,9,17,12,12,12,15,15,15,17,9,11,9,17,9,12,11,9,9,17,11,11,11,10,15,10,12,12,9,9,17,12,12,9,17,12,11,11,15,15,12,11,12,17,12,17,11,12,11,17,17,11,17,9,11,9,10,10,12,17,10,12,9,9,9,15,11,11,15,17,9,10,9,12,17,15,17,17,12,10,12,11,11,17,15,9,17,10,9,11,12,15,9,15,12,10,9,10,17,17,15,15,9,9,9,17,10,17,17,9,12,17,17,12,12,11,11,11,11,17,11,17,17,17,17,17,12,9,17,10,17,11,10,10,12,12,11,11,17,12,12,17,17,15,11,17,11,11,9,12,9,17,9,10,9,15,11,9,11,15,10,9,9,9,17,12,11,11,17,15,15,10,10,11,11,17,10,12,9,10,10,10,10,10,15,17,9,11,17,15,12,11,10,10,15,12,10,11,12,12,11,11,11,15,12,17,10,12,17,17,12,10,10,12,17,10,11,17,11,12,17,17,11,12,11,17,9,9,11,17,11,11,15,15,17,17,10,10,17,12,11,15,12,11,11,10,9,12,12,15,10,9,17,15,17,9,17,17,10,17,15,12,12,11,10,10,10,17,17,15,12,17,9,9,15,10,12,15,15,15,17,17,15,11,15,10,12,9,9,10,11,11,9,9,12,15,9,15,9,12,12,10,17,17,10,12,15,9,10,17,11,11,11,17,9,9,11,15,11,11,11,15,12,17,9,10
pred_labels
9,9,15,11,15,12,11,12,17,9,15,15,15,10,10,15,11,15,12,15,12,17,17,9,11,15,10,15,17,15,17,17,15,15,9,17,9,15,12,17,9,11,11,15,11,15,12,9,17,10,10,17,11,15,15,10,15,12,12,17,12,17,9,15,15,15,9,9,17,9,11,17,15,10,9,15,17,15,17,17,11,11,10,15,17,11,11,10,15,15,9,9,12,9,11,15,15,15,10,15,10,9,17,11,11,12,10,9,17,10,9,9,15,12,9,11,15,9,15,17,10,9,9,9,17,17,11,17,11,11,11,10,15,10,10,9,17,15,9,9,17,12,17,9,10,15,10,15,15,11,11,11,9,17,10,9,10,10,17,12,10,9,10,11,9,11,17,15,15,15,17,17,17,9,12,17,15,12,17,17,12,17,12,12,15,9,17,11,15,17,12,15,11,9,12,11,15,17,9,10,17,17,17,10,10,9,15,12,9,11,9,10,12,10,15,10,9,12,9,11,9,12,15,15,10,17,9,11,15,17,17,15,12,17,17,10,9,12,10,17,12,15,11,15,15,15,11,15,15,11,10,10,9,10,10,10,17,9,15,11,11,17,12,17,9,11,15,15,9,10,15,17,17,10,15,17,15,10,12,9,9,11,17,15,11,17,11,10,11,9,15,9,10,15,15,11,11,9,12,9,9,12,11,17,17,11,9,9,9,9,11,10,11,10,12,17,10,17,15,15,11,15,15,11,10,9,10,17,15,10,15,17,15,17,15,17,12,9,12,17,12,11,17,15,11,17,15,12,15,15,10,10,11,10,9,9,17,12,11,12,11,9,9,11,9,11,10,12,12,11,12,9,11,15,17,10,15,9,17,11,9,9,12,17,15,15,17,17,17,12,15,12,9,10,9,17,10,17,9,11,10,11,10,15,10,15,17,17,17,15,10,11,9,12,17,10,10,15,11,9,12,9,9,10,10,15,15,17,10,10,17,11,15,12,17,11,9,9,10,11,11,12,9,9,10,11,17,12,11,15,15,9,15,15,9,15,15,10,11,12,9,9,17,17,17,11,10,9,10,17,12,17,17,11,15,17,9,15,11,9,15,17,12,9,15,10,9,12,10,9,15,10,10,10,10,15,15,10,12,15,15,11,10,10,9,15,10,17,9,10,10,17,10,10,12,9,10,9,12,11,17,17,12,12,11,12,17,11,11,12,11,10,11,12,9,11,10,12,17,10,11,15,12,12,15,11,15,12,12,10,10,9,15,17,15,12,17,10,9,9,11,10,10,15,11,9,9,15,10,12,10,15,15,11,17,9,10,9,9,9,12,15,11,11,10,10,11,10,10,9,17,17,17,11,11,9,9,11,9,10,10,10,10,15,17,11,15,17,15,10,15,15,9,17,9,9,15,12,10,17,11,9,9,9,10,10,9,11,10,10,9,10,15,9,9,11,10,15,12,9,11,10,10,17,9,15,12,17,17,10,9,11,10,15,11,9,15,17,11,15,15,12,12,17,12,9,17,17,9,11,10,15,17,9,17,9,17,12,10,9,15,15,15,17,9,11,9,17,9,12,11,9,9,17,17,11,10,12,15,10,12,17,9,15,17,12,11,9,12,12,11,11,15,15,10,11,12,17,17,17,11,12,10,17,11,11,17,15,15,9,10,12,12,17,12,12,9,9,9,10,11,15,9,15,9,10,9,12,9,15,17,10,12,10,9,11,17,15,9,9,9,9,17,11,12,15,9,17,12,10,9,10,17,17,10,15,9,15,9,17,10,17,12,9,11,9,9,9,15,12,11,9,12,15,11,17,17,17,11,9,12,9,17,15,17,11,10,9,12,11,11,17,11,12,15,17,17,15,11,17,11,10,9,12,10,17,9,15,9,15,11,15,12,15,10,9,10,11,17,12,11,9,11,15,15,10,10,11,12,9,10,12,9,10,10,10,17,10,15,17,9,9,12,15,15,11,10,15,9,12,10,11,12,12,12,11,9,15,11,17,10,12,15,15,15,10,10,12,10,9,17,17,11,10,17,17,11,12,15,10,9,17,11,12,9,11,15,17,9,17,10,10,17,9,11,15,12,11,9,17,9,12,11,15,10,9,17,9,17,9,9,9,11,17,15,12,12,10,12,15,10,17,17,17,12,17,9,9,15,15,12,15,15,15,11,17,9,10,10,12,12,9,17,15,11,11,10,9,9,17,9,15,9,12,11,10,17,10,9,9,15,9,9,10,11,15,10,9,9,9,11,15,11,9,11,15,12,17,9,9
pred_correctness
False,True,True,False,True,True,True,True,True,False,True,False,False,True,True,True,True,True,False,True,True,True,True,False,False,False,True,True,False,True,False,True,True,True,True,True,True,False,False,False,True,True,False,False,True,True,True,True,True,True,True,True,True,False,True,True,True,True,False,False,True,True,True,False,False,True,False,True,True,False,True,False,False,True,True,True,False,True,False,True,True,False,True,False,True,True,True,False,True,True,True,True,True,True,False,True,True,True,True,False,True,True,True,True,True,True,True,True,True,True,True,True,True,True,False,True,False,False,False,True,True,True,False,False,False,True,True,False,True,False,True,False,False,False,False,True,True,True,True,True,True,True,False,False,True,True,False,True,True,False,True,True,True,True,True,True,False,True,True,True,True,False,True,True,True,True,False,False,True,False,True,True,False,True,False,True,True,False,True,True,True,False,True,True,False,True,True,True,True,True,True,True,True,False,True,True,False,False,True,True,False,True,True,True,False,True,True,True,True,False,True,True,True,True,False,True,True,True,False,False,True,True,True,False,True,True,False,True,False,False,True,False,True,True,False,True,False,False,True,True,True,True,True,False,True,True,True,False,False,True,True,False,True,False,True,True,True,False,True,True,True,True,True,True,False,False,False,False,True,True,True,True,True,False,False,True,True,False,False,True,True,True,True,False,True,True,False,False,True,True,True,False,True,True,True,True,True,False,True,True,True,False,False,True,False,True,True,False,False,False,True,False,False,True,False,True,True,True,False,False,True,True,True,True,False,True,True,False,False,True,True,True,True,False,False,True,True,False,True,False,True,True,True,True,True,True,False,True,True,True,True,False,True,True,False,True,True,True,True,True,True,True,False,True,False,True,False,True,True,False,True,False,True,False,True,True,True,True,False,False,True,False,False,True,False,True,True,True,True,False,True,True,True,True,False,True,True,True,True,True,True,True,True,True,False,True,False,False,False,True,True,True,True,True,True,True,True,True,False,True,True,False,True,False,True,True,True,True,True,True,True,False,True,False,True,True,False,True,True,True,False,True,True,False,True,True,False,True,True,True,True,False,True,False,True,True,False,False,True,True,True,False,False,True,False,True,True,False,True,True,True,True,True,False,True,False,True,True,True,True,False,False,True,False,False,True,True,True,True,True,True,True,True,False,False,True,True,True,True,False,True,True,False,False,True,True,True,True,False,True,True,True,True,True,False,True,False,False,True,True,True,True,True,True,True,True,True,True,True,True,True,False,True,False,True,True,True,True,False,True,True,False,True,True,True,True,True,False,True,True,True,True,False,False,True,True,False,True,False,False,True,True,False,True,False,True,True,True,True,False,True,False,True,False,True,True,True,False,False,False,True,False,True,False,True,True,True,False,True,False,True,False,True,True,False,True,False,False,False,True,True,True,False,True,True,True,True,False,False,True,True,False,True,False,True,False,True,True,False,True,True,False,False,False,False,True,True,False,True,True,True,True,False,False,False,True,False,True,True,True,True,False,True,True,False,False,True,True,False,False,True,True,False,True,True,True,True,False,True,True,True,False,False,False,False,True,True,True,False,False,True,False,True,True,False,True,True,True,False,False,True,True,True,True,True,True,True,True,True,True,True,True,True,True,False,True,False,False,True,True,True,False,True,False,True,True,False,True,False,True,True,True,True,True,False,True,True,True,False,True,True,True,False,True,False,True,True,False,False,True,True,False,True,True,False,True,True,True,True,False,True,False,False,False,True,True,True,True,False,True,True,False,True,True,False,True,False,False,False,True,False,False,False,True,True,True,True,False,True,True,True,True,True,True,False,True,True,False,True,True,True,True,False,True,False,False,False,False,False,False,True,False,False,False,True,True,True,True,False,False,True,True,True,False,True,True,True,False,True,False,True,False,False,True,False,True,True,True,True,True,True,False,True,True,False,True,True,False,True,True,True,False,False,True,True,True,False,False,True,True,True,False,False,True,True,True,True,True,False,False,True,True,True,True,True,True,False,True,True,True,True,False,False,True,False,True,True,False,False,True,True,True,True,True,False,True,False,True,False,True,True,True,False,False,False,True,True,True,False,False,False,True,True,False,True,True,True,True,False,False,True,False,True,False,False,True,True,False,False,True,True,True,True,False,True,True,True,True,False,False,True,True,False,True,True,True,True,False,True,True,False,False,False,True,True,True,True,False,False,False,True,True,True,False,True,True,True,True,True,False,True,True,True,True,False,True,False,False,False,False,True,True,False,False,True,True,False,True,False,False,True,True,True,True,False,True,True,False,False,False,True,True,False,False,True,False,False,False,True,True,True,True,True,False,True,True,True,True,True,False
p2d-kl
0.7855771780014038
p2d-iter
599
p2d
-0.30955896,1.0211513;-0.12858938,1.1347059;-1.422919,-0.47718573;-0.55082095,0.30298644;-1.6344888,-0.88440937;-1.4342794,0.20296556;-0.56322926,1.3843253;-0.79051965,0.59053636;-0.08646114,0.47402874;0.14242724,1.1958027;-1.6791015,-0.7737903;0.9062413,0.3615046;-0.97277564,-0.518242;0.48533207,0.16821346;0.736942,0.0055192765;-1.8324766,-0.8994388;-1.4249572,-0.9753456;-1.8628786,-0.95768875;-0.62473565,0.29293296;1.0141059,0.17882192;-0.35982698,-0.16126743;-0.010252593,-0.27279332;1.3524816,-0.06146183;1.4221178,-1.664846;0.58148265,0.21646185;0.6290736,0.40078133;1.1830178,-0.9612725;-0.49595425,-0.1619348;0.25875843,0.786852;-0.079942204,1.7649304;1.2899545,-0.17408335;-1.2603942,0.009370575;-1.3595132,-0.5216295;-1.6798987,-0.86588144;0.38947514,1.3157098;-0.2709074,-0.6200768;0.6231868,1.7152271;0.50064516,0.7864169;1.3938754,-1.698827;-0.5695287,0.30933648;-0.82911795,-1.0959331;0.554857,1.1164525;0.44895953,0.15350716;-0.6525121,-0.062572576;0.1319261,1.576604;1.4713424,-1.8356917;-0.31617424,-0.26173466;-0.52529377,1.2844001;-0.032654405,0.06216758;-0.40470964,-0.5566004;-1.5189558,0.191197;-0.26947308,-0.6595123;1.4253274,-1.9206346;1.1807557,-0.17326464;-0.989342,-0.55215126;1.2376244,-1.3289484;1.386099,-2.2033975;0.8661122,0.022636117;-1.4420167,-0.13230059;0.12813306,0.7080168;0.67007524,1.2540004;-0.66937864,0.7190278;-0.27047375,1.0917871;-0.38218722,0.25777242;-0.13559401,1.5466565;-1.8511124,-1.0153573;1.51782,-1.682978;1.3095031,-0.69074637;-1.5693482,-0.7330671;0.19708772,1.049579;-0.6184666,-0.1612932;0.82676184,0.18987077;-0.6973786,0.06258605;-0.17229383,0.102949165;-0.8124063,-0.9625175;-1.9235008,-1.1104581;-0.5226506,0.502951;-1.8752462,-0.91254944;-0.060465276,0.11545521;-0.9551398,0.28686768;-1.4117585,-1.0563585;-0.5189728,1.3503445;-0.23622854,0.01908238;0.42546594,0.4286408;-1.204224,0.03198862;-1.4843228,-1.1123263;-0.7340352,0.013610076;0.7803674,0.14995725;-1.3089228,-0.3052715;-1.6018325,-0.6967028;1.0018511,0.8698669;-0.8213664,-0.8490794;-0.19818546,0.6884275;-0.4079894,1.3173355;0.94064033,0.6708051;-0.6685165,1.2425658;0.5205493,0.70139575;-1.3774085,-0.33420977;1.4890019,-2.1560585;-0.9616565,0.5477137;-0.2735374,0.026108736;-0.81973815,-0.7996838;1.3672684,-0.077066064;0.446103,0.88782525;0.7171388,0.11099622;0.19870928,0.16528697;-0.26534432,-0.2229236;1.127139,0.62490344;-0.5230549,0.5371981;-1.1946257,0.99620116;-0.87896264,-1.2034292;1.5400676,-2.4722753;-1.4798824,-0.4259892;-0.2645686,-0.27921885;0.7585253,1.5233889;0.9699517,0.41365182;-0.05754206,1.7353983;-0.85688996,-0.9512562;0.023546824,1.5881271;-1.0935607,0.097932406;0.22114357,-0.27552992;-1.6783242,-1.2273976;-0.13616781,1.0508703;0.21993165,1.0109841;0.7192821,1.5791314;-1.1274362,0.14405781;-1.2083063,-0.9179986;0.025358202,0.31390917;-0.2968336,0.20122585;-0.0071611395,1.3970698;-1.2659104,-0.9405542;0.38894975,0.20360488;1.4936055,-1.524918;1.3839635,-1.4569385;1.1670052,-0.9015049;0.8538275,1.2820473;1.5244586,-1.6768982;-0.96540815,0.64116925;-0.83301365,-0.8945196;0.055365156,1.3310776;0.052097935,0.08350226;0.14612463,0.54780066;0.08683444,0.551307;0.21318601,1.550049;0.32552147,-0.19983555;-1.8223537,-0.9607185;1.4586014,-2.2766702;-1.5911877,-0.6233006;-1.4063493,-0.5746901;-0.1707737,1.5918524;-1.1025575,-0.5412632;0.36266473,1.4430516;-0.38556892,1.0242245;-0.7128129,0.74962187;0.2618484,-0.2390151;1.5241356,-2.467967;0.69367975,0.28034586;0.6793608,1.4448291;-0.25551164,-0.54300517;-0.235743,-0.39210668;-1.4906759,-0.11691143;0.6216286,1.0564681;1.4613267,-2.0192993;1.3951561,-1.9535486;-0.96466696,-1.2346345;-0.83647543,-0.10159687;0.027755205,0.2068715;-0.3551326,0.24957691;0.10670739,1.5676211;0.47043893,0.3346732;-1.2549942,0.00047942362;0.07433233,0.44464296;-0.75287384,0.31047451;-0.20407887,1.1432322;1.6393303,-2.6137905;-1.188854,0.11140537;-1.4131993,-0.3517191;-0.48274988,-0.47124338;-0.20511825,-0.49972627;1.3432336,-0.34230176;0.21222578,0.19121397;0.3300693,0.4965063;-1.5452545,-0.055924352;0.19498767,0.1569427;0.82175964,-0.1230151;-0.041215613,1.8165181;-0.6605187,0.81543684;1.3360927,-0.9836807;-0.65199274,1.3713896;0.92647886,1.0883435;-1.3521017,0.3493911;-1.648173,-0.6947577;-1.1532316,-0.89531094;1.3382995,-0.7650484;-0.07043911,0.2419932;-0.78055084,-0.033593193;1.0427352,-0.3237611;0.67821014,1.5517257;0.7831026,1.4258276;1.2266803,-1.2785538;1.0137006,0.024484798;-0.008880573,-0.30435735;-1.0127729,0.40100685;0.2959808,-0.23809695;1.1461589,-0.76835245;-0.7828246,-1.0536978;0.54385453,0.9562357;1.1121925,0.13541654;1.515947,-2.6261785;0.49875867,1.1136664;-0.53256637,1.225988;-0.4444532,-0.4964437;-0.13932523,0.8252193;1.187415,-1.2507843;1.588015,-2.6757767;0.49298698,0.24454486;0.60432005,1.2588546;-1.4187273,0.21943898;0.7714765,0.99910545;0.3399129,1.0349168;0.6223774,1.562318;-0.95073795,0.44237337;-1.230951,0.6375942;1.2684809,-0.94818354;-1.1701845,0.9980659;-1.1042168,0.18724935;0.1180069,1.1795443;-0.14010929,1.5820179;0.26854452,1.474433;1.3057032,0.050227158;-0.6743371,0.7486174;-0.0014527555,1.6394325;-0.8666412,0.15317175;-0.9743612,0.4216387;1.4232452,-0.27357724;-0.26801163,0.025998164;-0.96225137,-1.2284428;1.1068059,0.25216877;-1.1998043,0.7944552;0.9899913,0.07989332;-1.6034502,-0.19604562;-0.045408007,1.6025195;-0.67010015,0.053522438;1.1371729,-0.123355955;0.97280407,-0.19531529;-1.8813232,-1.0626429;-1.4483353,-0.9750946;1.491827,-1.5208228;1.3143657,-0.43524972;0.45529845,1.012591;-0.38966134,-0.49799168;0.80987483,-0.20125912;-0.9194522,-0.87888354;1.34305,-1.2941766;-1.5234058,0.18539952;-1.2410398,0.9775106;-1.0382367,0.51763666;1.2009737,-0.4507443;-0.11692907,1.541749;-0.664216,-0.08767755;-1.1223658,-0.6632607;0.7489609,1.6451865;-0.85098815,0.6283351;-1.0141557,0.16034123;0.3060881,1.0136019;-0.027292008,1.378329;1.1736554,-0.34166306;1.2283788,-0.7894063;1.1380284,0.84524363;1.0487387,-0.7337625;-1.610864,-0.9020122;1.2809384,0.0658154;1.3283902,-0.29404575;-1.5400269,-0.49185935;-0.4805725,1.3139926;1.2243062,-0.00057725416;-0.6205806,1.247392;1.3574128,-1.5711974;-0.10674906,0.33504578;0.31591988,1.3588395;-0.833327,-1.1006684;0.39266384,1.2017;0.0019877655,-0.2282604;1.0130754,0.43964314;-1.0309268,-0.6473576;-0.29529423,-0.65619314;1.4055595,-1.0757537;1.379779,-1.782082;-1.147782,-0.7803529;-0.45242828,1.2898424;-1.807729,-0.9365784;1.4175191,-1.0066363;-1.1370648,0.82744616;-0.6817136,-0.0025608626;-1.8436091,-0.95841146;1.0070593,0.56394494;0.2695085,1.080699;0.94644904,0.727575;1.3969123,-0.2652638;1.42077,-0.048955504;-1.781402,-1.1981304;1.3969675,-1.7295594;0.9706161,0.23823078;-1.1081475,0.20863952;0.3990657,0.51841784;-0.50428873,1.4396906;-0.041996304,1.1525944;-0.56292045,0.8667154;0.42288572,1.2735609;1.2880293,0.15355459;-1.440654,-1.1135622;1.4706706,-2.2728343;0.75723916,0.31411827;-0.49643552,-0.32880914;-1.2182199,0.5535534;0.048102368,0.08354855;-1.1245953,0.9151971;0.37723723,0.41708478;-0.4962107,-0.45303538;0.43123144,1.0490265;-1.4682927,-1.0910035;-1.8002654,-1.0419531;-1.3783009,-0.64709276;-1.1895361,-0.7540795;-0.3768476,0.116333924;-0.12611899,1.2212309;1.3983902,-2.1301045;0.0035511726,0.16543485;0.8521995,1.2875271;1.1240377,-0.5234383;-1.7027503,-0.80548227;-1.0232205,0.2661344;1.5151917,-1.4336928;-0.71301556,0.7885173;-1.6006858,-0.8403743;-0.76568973,0.31518254;-1.4084809,0.063695475;0.8427554,0.95916456;0.2680957,0.2526858;0.81969607,0.051812496;0.5945863,1.7818909;-0.19699113,0.22836277;-0.15706727,-0.42763552;-0.19724308,-0.23203571;0.67997545,0.100187674;-0.1302256,-0.4136404;-1.5791527,-0.8957495;-1.4643242,0.16993514;-0.2288864,0.25995854;-1.7527673,-0.9748891;1.0364314,-0.61022997;0.47587296,0.1737156;-0.6775732,-0.1445249;0.82278407,-0.23529974;1.0428643,0.8401416;-0.5639887,0.79119575;-1.1755456,0.061670844;1.3679081,-0.31964532;-0.28059235,0.2682667;0.30070743,0.59899247;-1.1667349,-0.83061105;-0.9336135,-1.002498;-0.0353059,1.3326961;0.42753848,0.76035935;0.80864733,0.9258059;-1.2718436,-0.94073325;1.405547,-2.0202973;-1.4111146,0.11300084;-0.6714503,0.4660615;0.96603066,0.51259637;-1.5594529,-0.076373294;0.59936446,1.5864695;1.4011984,-1.8477534;-0.18236609,0.15305252;0.042005338,-0.00506583;0.30796418,-0.16708755;-1.7770587,-0.89791346;0.9284671,0.8420808;-0.5103747,0.42134276;-0.7767173,-0.23619282;-0.10745454,1.1679257;1.2635056,-1.3144729;0.65540475,1.4270345;0.34197572,0.5231553;-0.7090348,1.1813741;1.4811263,-1.4821485;0.8630244,0.6999608;-1.1163656,0.33222738;1.4069074,-0.45948988;-1.472957,-0.07590511;-1.5387623,-0.9333289;-0.8874354,0.4573907;1.1991707,-0.51425254;-1.5185372,0.13546151;-0.19739783,1.0570898;-1.1795068,0.031354252;-0.54880553,-0.1285596;-1.4262927,-0.15300661;0.4441915,1.3411299;0.5742075,1.2311624;-1.2586977,0.98140436;-1.0808595,-0.98206544;1.1332835,-0.8413951;0.03299851,1.8184268;-0.075114965,-0.03879696;0.4672883,0.3242652;-0.9443589,0.30199587;1.0994308,-0.15930526;1.5521207,-2.050529;1.6093168,-2.6818302;-1.2293174,0.8637339;-0.72196925,-0.2903939;-0.8485326,-0.8479098;0.02359087,0.66813755;-0.21913725,-0.48129183;-1.158038,0.88279086;0.43079987,1.427134;1.0683569,0.72924334;0.7722647,0.33705786;0.07669325,1.2965817;0.22958161,1.0443088;1.5196419,-1.7380085;-0.2770853,1.1681439;-0.5141721,0.12618634;1.5204716,-2.1189451;1.0173796,0.8262504;0.015956726,1.7465384;-0.034736652,-0.23922284;-0.45290932,-0.46324962;0.45556983,1.3935204;0.41498703,0.49333164;0.93873686,0.52539384;0.6633451,0.4289586;0.87038887,0.13617058;-1.4246987,-0.08107146;-1.4354827,-1.0142179;1.1094218,0.4495569;1.4983023,-2.5636733;-0.3586545,0.33332863;0.44317815,0.11567907;1.0497292,-0.63642436;-0.84512866,0.35149702;0.17697622,1.1452162;-0.44065094,1.3904219;-0.57348686,-0.17933494;0.74821526,-0.074107245;1.3202015,-0.6419466;-0.2207802,0.5356849;0.23935811,0.94716793;-1.895115,-1.1256889;-1.6079291,-0.9258787;1.3318218,-0.55062044;-1.9030056,-1.0946256;0.45672533,1.0582539;-0.4196773,1.1936976;-1.6417339,-0.72025096;-0.5103969,-0.46895543;0.88112277,-0.0658088;-0.34046036,0.118858464;-1.6000891,-0.19953214;0.13562293,1.1950011;1.4894142,-2.5312214;1.0484229,-0.17575036;0.31244066,0.046903994;-1.5644547,-0.7607115;-1.0513271,-0.62666094;-1.1427021,1.0181804;0.3522195,1.46772;0.95636815,-0.27596134;-0.034673348,-0.098831564;1.3838474,-0.11990267;-0.060284093,0.52811676;0.6521282,1.7598389;1.2235556,-0.36873275;-1.6126635,-0.93243116;0.06506424,0.21884951;1.1259893,0.8853566;-1.6575166,-0.8233374;-0.61762685,0.09587218;1.2224327,-0.5906118;0.5720265,0.38958076;1.2177459,0.008502821;-1.3949832,-0.07608405;0.5918089,1.629655;1.5610927,-2.5620189;-0.58802176,-0.31778222;0.0013626362,1.0503899;-1.2550229,0.5520912;1.4547105,-2.250708;-0.38981605,1.102789;-1.9269394,-1.06611;-1.1867938,1.0040597;1.1539743,-0.857374;0.99720186,-0.6047611;1.211221,-0.82607925;1.4554254,-2.113365;-0.06552161,0.058084648;0.30852604,-0.20895667;0.26851726,-0.16425762;0.99357253,0.092830315;-0.9694645,-0.6659402;0.056793753,1.5059294;1.1756366,-0.5373275;1.3596221,-1.5750403;-0.118942924,0.9861918;-0.6588582,1.2896794;1.4981066,-2.4378848;0.71005905,1.6322968;0.081875935,0.86388093;0.8614875,-0.035270073;-1.1447728,0.9799305;-0.206916,-0.5853827;-0.5360355,-0.16831486;0.90928274,-0.021904526;0.6608848,1.3965031;-1.0513798,-1.2875375;1.3295785,-1.2673824;0.5924436,1.031296;-0.17363136,0.575685;0.28138587,1.1240727;-1.331724,-0.060591664;-0.59728384,0.57393163;-0.8872162,0.16022262;1.3420444,-1.8636749;-0.4802193,0.32190806;-0.37015498,-0.16972774;-1.1963013,0.005280219;-1.2473161,-0.74124694;-0.5218811,0.37338385;-1.5532616,-0.17339124;-1.2367152,-0.8801592;1.0456345,-0.43824062;-0.7257065,-0.27179474;1.4299207,-1.7572542;-0.4527273,1.1857237;-1.46227,-1.0233579;-0.017544055,0.9533067;-0.86869097,0.670618;0.30324173,0.6397019;-0.27515173,-0.047852874;-0.7863804,-0.039438583;1.4313256,-0.5389215;-0.8503162,0.3940936;-1.4781708,0.0050706035;-1.7326043,-0.90547377;-1.212308,-0.9331118;-0.67496306,1.2509545;1.2510046,-0.1437111;1.4252403,-0.34077647;-1.1757766,0.85330534;-1.2437935,0.8320012;1.1631444,0.7656655;1.5932903,-2.510308;-0.039208822,0.29216865;-1.1895771,0.65450364;-1.3827728,0.25354585;1.27703,-0.32732704;-0.07087587,0.18282798;0.08324171,0.8179977;-0.54253983,0.8650705;-1.183306,-0.868727;1.0907093,-0.8280265;1.1691312,-0.82125515;-1.6589631,-0.95373416;1.355085,-1.2784756;-0.971573,-0.98934036;1.4355909,-1.0907032;0.92090076,0.6531373;1.4920659,-2.3155856;0.90050495,0.05298192;-0.5720516,-0.17450152;-0.17377974,0.2556387;0.035675287,1.6384618;1.0811942,-0.14822735;0.33189017,0.6122683;-1.0233194,-1.311093;-0.23647964,-0.056235388;-0.42257622,0.9350284;0.514672,1.468916;0.5223345,1.3627391;0.48678493,0.5396485;-1.4362062,-0.51270264;-0.70112526,-0.28040433;-0.48728096,1.3426166;1.4321796,-2.25634;1.2522601,-1.4085767;1.3026386,-1.5081773;0.047443453,0.80457264;-1.2360505,0.883136;0.45603454,1.3977612;-1.1863449,-0.16040824;0.3836235,0.59947836;-1.0929464,0.15878068;-0.7761871,-0.07581099;-0.48665673,1.3908912;-1.6833683,-1.21848;-0.23843463,1.0837187;0.8019768,0.3865169;-0.36314097,1.3211335;0.69314367,-0.04304823;-1.2142177,0.8782046;0.8271229,-0.25840273;0.555117,0.3086757;-1.4081198,-0.6155138;-1.0367534,0.28362805;-0.309078,0.17211653;1.0888005,-0.42167413;0.3172815,0.6229434;1.3919643,-1.5513965;-0.10359553,0.95957214;-1.8976725,-0.970854;-0.12147687,-0.19930258;0.90027523,0.75458384;0.33216092,0.7829716;-0.957705,-1.0461545;-0.59137964,0.8629334;-0.055744115,1.7691058;0.70504177,1.2516267;1.3880453,-1.6238303;1.3148029,-0.18680426;-0.49534518,1.4134187;1.6247586,-2.54677;-0.7978798,-0.8876511;0.8976127,0.7725948;1.2227979,-1.048502;0.48959926,0.30463153;0.5147164,1.5090281;0.17068331,1.212116;-1.1074647,0.8234749;0.71287316,-0.026254246;-0.97157395,-0.98934126;0.51559967,0.28227165;0.48995778,0.43883485;0.83520275,1.1963807;0.5025472,0.9973091;-0.5924792,1.3872728;1.4880602,-2.2276533;1.2503736,-0.042323995;0.22851719,0.6608724;0.88528764,0.9653508;-1.012509,-0.89219457;-0.5651331,-0.12377205;-0.3782408,-0.54096276;-0.040456362,0.18692303;1.5112531,-2.5385509;-0.6254197,1.3432083;-0.37887827,-0.20288037;-1.3351085,-0.04164977;1.5710809,-2.2962623;1.244149,-1.0248582;-0.95184773,-1.0050182;-0.46090433,1.4431374;-1.5549123,-0.5174854;-0.1768633,-0.23584762;0.117769964,1.5445256;-1.7239588,-1.2034471;-1.3637954,-0.5595876;0.37657446,0.7065412;-1.2356428,-0.7735325;-1.8594598,-1.1164073;1.2122598,-0.21047431;0.74368703,1.085272;1.1597329,0.11337506;1.4334856,-1.8033372;1.1056455,0.39634293;0.93964446,1.1310979;-0.65929073,0.71177703;-0.98561805,0.20753884;1.6051383,-2.6049721;1.0963651,-0.7429876;-0.40931767,-0.51837033;0.7541266,-0.0044521466;-0.14901112,-0.26109257;1.1293194,0.5831296;-0.0040327287,0.2440984;-0.76936656,-1.0511152;0.1750722,0.4594642;-0.776001,0.6220568;1.2915533,-1.7073238;0.639604,1.5198845;-1.369535,-0.61971897;0.6693258,0.41489986;-1.3902894,-0.40338233;-0.9677406,0.30087185;-0.88718545,-0.9528083;-0.8232738,-0.092123754;0.764134,1.3965721;0.9846137,0.69219255;-0.63821304,0.87736005;0.24277705,0.21520004;-1.098698,-0.6082553;-0.32153136,1.2912239;-0.8920789,-1.117484;-0.24737377,1.0078355;0.9428135,0.30426326;-0.061082684,1.4229203;1.3069156,-1.3916754;1.5396872,-1.9013408;-1.4872355,-0.40173924;-0.3831344,0.22337487;1.2721803,-0.14738184;-0.1445068,0.46235865;0.8820005,1.324925;0.005880074,1.5386789;0.110742345,1.2797669;-0.830616,0.34174547;0.91475123,0.3257213;-0.166747,0.9977109;1.5249084,-1.8521769;-1.4518778,-0.24858882;-1.0884334,-1.017788;-0.74934506,-0.0037201266;1.2293876,-0.93650085;-1.4354787,-0.456772;-0.49167132,0.03294368;-1.0956488,-0.60698265;-1.3275771,0.39990565;-1.1194872,0.06173278;-0.06574202,-0.06208487;0.72847617,1.5364655;-1.1012627,-0.555208;-0.27094954,-0.2393471;-0.47604454,0.13643734;-1.3006786,-0.07592583;1.3682313,-1.1045462;0.9239293,0.4395964;-1.3201668,0.061209176;1.5149237,-1.4710094;1.0569396,0.60299987;-0.91123587,-0.84750354;1.1784338,-0.7027848;0.7060324,1.3471801;1.476049,-1.821948;-0.019065058,-0.18059993;-0.2593852,0.34682536;-1.503208,-0.02453152;-0.30405584,1.1158333;-0.43781963,1.3251992;-0.912279,-0.9469367;1.4930817,-2.3896945;-1.0822945,-1.0108286;1.4508607,-1.2019079;-0.34583178,1.157708;0.055858485,1.7209722;-1.052711,-1.2247922;-1.2224338,0.7536632;0.38695034,1.3906968;-0.23658194,0.5451998;0.7360564,1.4861622;-1.42071,-0.3923949;-1.08958,0.3787473;1.4717828,-2.4029744;-1.4499079,-0.21859574;0.53440666,0.18156938;0.4555725,1.145674;-1.2552153,-0.84689194;-1.1525638,-0.22829205;1.319997,-0.5107215;0.9382971,0.8869746;-0.9769166,-1.2540693;-0.2615794,1.059071;-0.025336739,1.197007;1.5473899,-2.1011233;0.32385886,1.1623552;-0.8458277,0.21164688;1.4816982,-1.4441721;1.3260667,-0.71582204;1.0599337,-0.28578776;-0.85633767,0.6012719;1.1464374,-0.5973018;-0.5406378,1.1428941;1.24422,-1.0825186;-1.1981761,0.13937;1.5782074,-2.4855554;1.4356349,-1.9930278;-1.8215632,-1.01566;-0.09543451,1.7754338;0.24399,1.5244938;0.7441577,1.172248;-0.6144569,0.6197041;1.2814521,-1.4889868;-1.0470372,0.15633012;-0.8868274,0.16621378;-0.88926315,-1.0217638;0.33422557,0.95701665;-0.62076735,0.78396666;0.845579,1.3450539;1.3597547,-1.7302458;1.2156038,-0.81115675;1.0917389,0.08552227;-1.0261627,-0.5412774;1.0718583,0.9525421;0.09481577,0.7573202;-0.14161779,-0.2637142;0.13729961,1.4355476;-1.3463556,-0.051521856;1.3373424,0.037954587;1.6183823,-2.4078987;0.3273901,0.75629824;0.74845225,1.0536214;0.7972594,0.37967378;0.5521922,1.3039054;1.253345,-1.6773626;-0.35334876,0.2860046;0.8788247,0.5929102;-1.4519955,-1.1021856;-0.4580106,-0.4686458;0.42362154,1.3021042;-0.24255686,0.6893599;-0.44902128,1.1395836;-1.4771832,-1.0366883;1.5744296,-2.4398754;-0.54110444,0.1680099;-0.3090658,-0.23477393;1.0600997,-0.01342198;-1.184601,0.23633611;-0.67773354,0.6235935;-1.3817694,-0.2743334;1.3614621,-1.4343922;0.08652807,0.7666103;-1.0278608,-0.9137818;0.6809572,0.3156227;-0.3729183,1.1573135;0.23434147,0.36783576;1.1989799,-0.7272998;-1.2218122,0.10739591;1.634823,-2.6390626;1.4641749,-2.0735884;0.8033126,1.4270905;-1.6222922,-0.8215259;-0.31200334,0.18247706;1.0224053,0.92046994;1.0857831,0.37520668;1.2772087,-0.48113015;0.8913926,-0.07600528;-0.84044224,-1.0923375;1.2130781,-1.2496167;1.1664302,-0.4049933;0.12221247,0.5255548;0.82700527,0.13782622;-1.4694558,-1.1279762;0.6711102,1.0447891;0.9114441,0.6857199;-1.9196477,-1.0168513;1.6249641,-2.745164;0.122186966,0.8311591;1.1057402,-0.6323089;1.1851096,-0.51036483;0.6631261,1.2353053;1.3887323,-1.1395042;-0.5308622,-0.18440758;0.045852397,0.6911238;0.33910528,0.9406162;0.5013546,1.2349001;-0.48128724,0.06266753;-1.1604419,0.88687116;-1.0039549,0.49915972;0.24293204,-0.25279644;-1.3600005,-0.31981143;0.983539,-0.007203797;-1.0277377,-1.3018179;1.5232025,-2.5929263;-0.5838622,0.30941007;1.2863327,-0.3332333;1.049606,0.062084667;-1.2645344,-0.93625176;-0.25325456,0.07356344;-0.17317873,0.22973852;-0.15492456,1.6199769;-0.9019248,0.62195355;0.04798773,0.96061873;-1.2271142,-0.8216533;-0.84734076,0.5904419;1.4758034,-1.7752256;0.26443306,0.7073135;-1.1248605,-0.66113436;0.28777295,1.4577308;0.45764178,0.74757755;1.2570626,-1.1261895;0.99168897,0.37539113;-1.1778518,1.0283735;-0.9381673,0.4524451;1.243777,0.16092919;1.0473984,0.5372737;1.0433254,0.5469071;-0.59117514,-0.29337043;-1.0501801,0.6716541;-1.2824265,0.48677176;1.5015872,-2.0441136;1.4884709,-1.9813738;0.061962456,0.213295;-1.0727566,0.1404779;-0.6172226,-0.0409597;-0.11831491,0.78341264;1.6384159,-2.6919231;-1.1580298,0.09429594;1.0048165,0.50698197;-1.4789453,-0.2172026;0.88797545,0.36329582;0.10654855,0.9171338;-0.6112215,0.7886701;-0.63383645,0.57744867;-0.65126103,0.10221225;-0.23631379,0.21464017;1.4391981,-1.0575773;-0.54589355,1.3981589;-1.7278898,-0.9982861;0.8990923,0.6466207;0.77130437,0.95223236;1.5391005,-2.3542552;-1.4838519,-0.11348147;0.3716707,0.20030002;1.3826141,-0.18068512;0.8617482,0.9222084;-0.6130686,1.1094242;-1.4321052,-0.7779347;-1.460093,0.039427925;-0.20157054,0.1682079;1.5609946,-2.5992925;-0.05138391,0.24855468;-0.080604486,1.6731563;0.22358097,0.9011139;-0.5997971,0.3639143;-1.2972217,-0.33095422;-1.1779934,0.72647077;0.8600174,0.925688;-0.25293598,0.9776935;-0.20119408,1.2318282;0.38228503,0.57281387;-0.12563108,0.87229717;0.6442801,1.6751189;0.6902785,1.6217257;1.0592432,-0.3786413;-0.2808659,-0.57575977;0.8674591,0.61645937;-1.418721,0.06982443;0.74398094,0.988803;1.2875781,-1.2426692;-0.49899802,0.13476405;1.4287742,-1.5579119;-1.1585556,1.034463;-1.0203397,0.3596847;-0.060257457,0.4295843;1.4838096,-1.6558235;-0.084762454,0.69408685;-1.0735929,0.22675681;1.4206212,0.049420413;0.9595276,0.90841615;0.08064288,1.421805;-0.21987158,0.1234287;-0.14905466,0.53706175;-1.8204651,-0.89228594;-1.7677871,-0.9553725;0.9971869,0.2851443;1.224377,-0.34914055;1.3281512,0.058952887;-0.13862714,1.748629;1.2090757,-0.97744435;1.2793617,-1.1050622;0.5504874,0.10503809;0.5848731,1.8054553;-0.023121797,1.0184633;1.5999992,-2.5589876;1.1066859,-0.5259602;1.081183,-0.36685467;0.05336482,0.2714338;1.1278678,0.89482915;0.7916136,1.5015802;1.5341635,-1.7304254;1.4985372,-1.8819942;-1.7112093,-1.2108617;-1.7574763,-1.0244662;-0.029080773,1.7717294;-0.21337055,0.6303462;-1.2686627,-0.5531291;-0.057384476,0.996763;1.2572062,-1.689851;0.6403402,0.33156732;1.0479877,0.8975361;1.4062057,-1.2781526;1.0090164,-0.31224918;-0.9545464,-1.2167845;0.57488596,1.288579;0.74546087,0.24333481;0.031741366,1.5250354;0.54497594,0.9494305;1.3468838,-1.3357397;1.4120401,0.043496776;-1.7386545,-1.1942996;-0.9107369,-1.2540206;-1.2963096,-0.965451;-1.894913,-1.0244586;-1.4241731,-1.029192;-0.17589356,1.0282326;0.4057071,0.82288873;-1.8714453,-1.0281498;1.3766272,-0.36889023;0.86901057,-0.15797977;-0.037846144,1.1916482;0.09105105,1.3470054
p3d-kl
0.6207135319709778
p3d-iter
599
p3d
-0.33113137,1.1845939,0.94759935;-0.15299474,1.3773344,1.0563067;-1.3634578,0.8440982,0.11534861;-0.5318946,0.42856,0.34393016;-1.6587572,0.28707743,0.004235045;-1.1662356,0.9287859,-0.36908406;-0.66212815,0.5216451,1.7034869;-0.8041032,1.1384207,0.25632232;-0.21433806,0.62378234,0.1971956;0.07611465,0.57498616,0.99752647;-1.6778712,0.28486678,-0.32820946;0.9471057,0.66977644,0.0041023535;-0.9678863,0.6214839,0.5769703;0.3639431,0.16400973,-0.24149537;0.7776264,-0.37079388,-0.5388176;-1.8863188,0.16758607,-0.4642136;-1.4332258,-0.00630449,0.48621082;-1.9461391,0.13035455,-0.46176508;-0.60330623,0.47165003,0.43529314;1.0233094,0.2577775,-0.32397592;-0.43380544,1.0401074,-0.32893944;-0.2080869,0.2831461,-0.9829583;1.4088434,-0.13579293,-0.57251686;1.5036193,-1.8378518,-1.729632;0.5066095,0.31885386,-0.0548177;0.60557604,-0.13463424,-0.05921521;1.1603929,-1.2660267,-1.0513546;-0.6888905,-0.5259928,-0.13144906;0.17042556,-0.034222756,0.40826195;-0.15295853,0.42892668,1.8077714;1.2050953,0.058769286,-1.0279704;-1.1671443,0.4953538,-1.3916088;-1.309074,0.9782372,0.4247078;-1.6972547,0.40307665,-0.19240789;0.3472409,0.60123265,1.4218686;-0.5616669,0.46762034,-1.0608087;0.44067314,-0.9278002,1.3713442;0.44304338,0.0032090745,0.6394474;1.4529312,-1.938682,-1.73294;-0.5417673,0.52342165,0.28390187;-0.88567066,1.392435,1.2681848;0.54405767,0.53581214,0.7132025;0.29506135,0.13341027,-0.037920207;-0.66817045,-0.2629789,0.571512;-0.04303197,-0.29237986,0.9994989;1.5300119,-1.9546864,-2.2753057;-0.45598704,0.23427501,-0.22777149;-0.62013596,0.86648744,1.7642659;-0.14762618,-0.014612673,-0.3570495;-0.5539051,-0.14289802,-0.8523958;-1.2829775,1.3260365,-0.46748933;-0.56184566,0.41766,-1.088713;1.5131419,-2.3114367,-1.8557754;1.1677994,-0.23706767,-0.764366;-0.9815631,0.45596918,0.67097753;1.4150797,-1.5602373,-0.8385166;1.5956202,-2.662628,-1.4280739;0.8224337,0.1588758,-0.5956844;-1.307275,0.61791193,-0.4948484;0.11767342,0.58817065,0.4059816;0.43886513,-0.59312063,0.8035726;-0.70208085,1.2090923,0.75531286;-0.28754857,0.9407312,0.9794298;-0.4145194,-0.3999884,0.30000243;-0.26508483,0.20719786,1.5073806;-1.9528809,0.20747319,-0.4355918;1.6434292,-1.8048136,-1.891461;1.4053417,-1.0067995,-0.6791123;-1.5393147,0.13288118,-0.27676478;0.13781877,0.33301774,0.8264039;-0.5856337,-0.5404943,0.4818966;0.75048196,0.48887327,-0.3635655;-0.66582537,-0.06060704,0.9449551;-0.14066997,-0.6117147,0.40192696;-0.851144,1.2625287,1.6845464;-2.0702233,0.12741601,-0.36289957;-0.50475705,0.3620008,0.8260631;-1.9450483,0.011719856,-0.42021307;-0.15376219,0.0439579,-0.20517808;-0.64854664,0.73240286,-1.112172;-1.4247291,-0.12832789,0.54155886;-0.5930504,0.70191044,1.7370626;-0.25138515,-0.66838175,0.13266072;0.38261595,-0.5052034,-0.07844144;-1.0683523,0.5115603,-1.4743242;-1.5215265,-0.21744436,0.49329254;-0.7292041,0.00043433715,0.9522669;0.6876668,0.2688298,-0.40713415;-1.1808187,1.0601143,0.08456818;-1.5729793,0.4902928,-0.16496418;0.9444145,-0.23478557,0.7295687;-0.8338515,1.0841525,1.6731703;-0.26060542,1.2392002,0.096145205;-0.472096,0.9605016,1.6721996;0.9877746,0.305189,0.5565552;-0.5888536,-0.015006906,1.5286857;0.47831,-0.105519146,0.50071484;-1.2868601,1.0571922,-0.0635332;1.647857,-2.5480125,-1.7467439;-0.75394756,0.9749722,-0.7798454;-0.2700901,-0.84055686,0.20580153;-0.8025177,1.0756968,1.7286155;1.4371765,-0.15433297,-0.6106563;0.3719683,0.012870558,0.86234903;0.68857855,-0.18952313,-0.38828713;0.07034849,-0.6960165,-0.3920549;-0.37829664,0.093452275,-0.42701167;1.1029242,-0.14344852,0.36790285;-0.5009104,0.43121907,0.8978348;-0.93961006,2.025673,-0.45899472;-0.9880868,1.4234949,1.2073282;1.7808341,-2.9750693,-1.8518527;-1.4084527,0.80500877,-0.13358876;-0.3883472,0.25826082,-0.45966676;0.615666,-0.5620146,1.3651671;1.0165384,0.34209117,0.1167134;-0.13629934,0.35316128,1.7807355;-0.89883935,1.1123577,1.4553508;-0.09720179,0.14392431,1.3906511;-0.89453024,0.56083983,-1.4419776;0.12191799,-0.24157755,-1.0426505;-1.816403,0.35513228,0.46101248;-0.10153738,0.95803094,1.0005106;0.15202002,0.21442196,0.7827569;0.6128681,-0.79687375,1.2842978;-0.9191619,0.66115385,-1.4246987;-1.2220104,-0.03146377,0.76290566;-0.07936379,0.5413238,-0.28780118;-0.33704245,-0.5176779,0.5812636;0.023584103,0.87880933,1.5911839;-1.234853,-0.12354962,0.4916521;0.31310204,0.675217,0.00064235745;1.610081,-1.5314156,-1.6887906;1.4052515,-2.0181153,-1.38344;1.1365427,-1.2659523,-0.92717654;0.54250664,0.058893748,1.6725423;1.655727,-1.825046,-1.9003062;-0.77656126,1.1114072,-0.7148193;-0.8624119,1.1092956,1.5766779;0.01267451,0.5876921,1.2888006;-0.048490863,0.35435715,-0.541583;0.07617057,0.2615855,0.20441799;0.015712937,0.49521843,0.2718527;0.07760372,0.27332196,1.735902;0.28122607,-0.2331247,-0.9005719;-1.8964293,0.28679627,-0.48924664;1.6038176,-2.79121,-1.934822;-1.5582727,0.60085934,-0.19884719;-1.3601068,0.77078813,0.3489994;-0.30716193,0.3126594,1.5386329;-0.99288917,-0.35834455,0.69649786;0.27634397,0.8458628,1.3363582;-0.45250145,1.0732538,1.0446986;-0.73497343,1.4122164,0.69626004;0.18459821,-0.2582952,-0.9862119;1.7729055,-2.995883,-1.7534826;0.7335392,-0.40772247,-0.1508516;0.6369453,-0.8562923,0.7790888;-0.5053784,0.4909111,-0.99434656;-0.41702387,0.553537,-0.6178965;-1.3548417,0.9075118,-0.5090206;0.5589816,0.035991333,1.2732173;1.591628,-2.3522713,-1.8883543;1.4681573,-2.4333963,-1.8638123;-1.107779,1.3035699,1.4194379;-0.8738512,0.15747915,0.7541709;-0.04095636,0.19800141,-0.18512893;-0.35920104,-0.4241997,0.28241906;-0.0054606395,-0.17171094,1.1492773;0.39085335,-0.15134768,-0.2766115;-1.1549497,0.4829068,-1.3808165;-0.0002477753,0.42540008,0.096535034;-0.6636095,0.61967194,0.221725;-0.18695371,0.9260107,1.0902368;1.9386493,-3.079369,-2.0911481;-1.036914,0.591643,-1.3830277;-1.2846876,0.79155725,-0.024841597;-0.66021645,-0.07960143,-0.6046022;-0.40620157,0.37948284,-0.9371327;1.3113083,-0.24586302,-1.1786984;0.08448479,-0.6685679,-0.36828062;0.25190756,-0.72980136,0.15021496;-1.3454921,0.46563283,-0.9159689;0.069435365,-0.70426655,-0.3900107;0.71297234,0.3382353,-0.8739667;-0.08145167,0.38683513,1.8685172;-0.7384229,1.3061231,0.97138256;1.2086124,-1.7025642,-0.8797845;-0.61104304,0.16266961,1.7610797;0.8148315,-0.33336127,1.2756755;-1.0422622,0.86257374,-0.32058543;-1.6105089,0.36259058,-0.39156014;-1.1845251,0.3338708,0.91233146;1.4199055,-0.86281586,-0.96607614;-0.1389909,0.051906392,0.0063879737;-0.797856,0.07920136,0.9221587;0.9727055,-0.4191149,-0.8864543;0.6196864,-0.9252232,1.084684;0.57505214,-0.36878702,1.4590472;1.4042803,-1.4602987,-0.822986;1.0881841,0.4517656,-0.57374334;-0.21719672,0.29203182,-1.0308456;-0.7496516,0.88930094,-1.0219529;0.24109343,-0.23858014,-0.95512;1.1380451,-1.0344261,-0.8178871;-0.81649774,1.4390031,1.3293028;0.4842382,0.11732852,1.1636099;1.0723332,-0.12598103,-0.23329137;1.777742,-3.2381036,-2.0080333;0.44628662,0.42903793,0.9544585;-0.6571152,0.8938339,1.654383;-0.60443383,-0.2104643,-0.6835291;-0.16044532,1.2213976,0.5278756;1.3938594,-1.389342,-0.6255895;1.9028659,-3.1568518,-1.8641963;0.39893025,0.10207131,-0.22494164;0.6438765,0.36348048,0.892286;-1.141831,0.8939038,-0.35616526;0.72755265,0.11753961,0.8057622;0.24436375,-0.017977737,0.8961939;0.477184,-0.81888044,1.1000031;-0.725175,0.64964783,-0.76207;-0.94627565,1.3716556,-0.24262749;1.2222117,-1.0266123,-1.2638067;-0.90931237,2.0058246,-0.45556378;-0.89694196,0.42699322,-1.3196901;0.049420137,0.6545811,0.9412487;-0.2694331,0.26165634,1.5477363;0.19597404,0.33072296,1.5943587;1.3395417,0.0055276784,-0.4021867;-0.706714,1.2906467,0.7855243;-0.090236224,0.12904441,1.5775828;-0.8866785,0.8292345,0.26570094;-0.7627863,0.57240003,-0.8839197;1.44709,-0.28204,-1.0655943;-0.26391378,-0.8283404,0.20344579;-1.1067667,1.3081828,1.453325;1.0396799,-0.18632556,-0.1369415;-0.957794,1.7095251,-0.44363934;1.0339658,0.4255489,-0.52409655;-1.4807969,0.48212725,-0.8867524;-0.17863841,0.05695392,1.5710776;-0.6393487,-0.19662298,0.8786381;1.0943592,-0.18341553,-0.65453494;0.9946953,0.20429526,-1.065231;-2.013702,0.20885842,-0.46312746;-1.4551631,0.009710412,0.5179086;1.6118674,-1.5192416,-1.6985567;1.2827398,-0.50198185,-0.94186234;0.3531657,0.12533672,1.3008004;-0.52001417,-0.19676681,-0.7936093;0.71584505,0.18313342,-1.0007534;-0.9392349,0.81873727,1.5316007;1.3516272,-1.8199121,-1.2194779;-1.2898664,1.325265,-0.44171077;-1.0260518,1.9776413,-0.5725646;-0.65360624,0.4041821,-0.9960524;1.160229,-0.7835827,-0.11801341;-0.2516188,0.090857096,1.4772519;-0.669152,-0.3535956,0.68047225;-1.0699698,-0.28999087,0.7203101;0.66379386,-0.8211557,1.3723142;-0.5989036,1.0779653,-0.3602559;-0.7939673,0.43729687,-1.2020082;0.2347288,-0.115106136,0.95893747;0.015930172,0.96845335,1.6104139;1.109557,-0.61883533,0.1781861;1.2122477,-1.1512543,-0.6464607;0.91180664,-0.8172553,0.36572406;0.9781848,-0.9113557,-0.86371535;-1.6323702,0.3305912,0.0959172;1.3004483,0.04057727,-0.41310576;1.282396,-0.15659693,-1.1936401;-1.4816518,0.77036697,-0.23719825;-0.5114266,0.45443308,1.6706307;1.2155955,0.21639672,-0.599409;-0.5635721,0.18373013,1.612483;1.4274861,-1.6872966,-1.5735121;-0.24403909,0.21697748,0.10591631;0.26300305,0.5948661,1.5361159;-0.8938419,1.3885689,1.2742121;0.32564858,0.38710803,1.3180851;-0.20974123,0.23020934,-0.9219274;1.0232656,0.09220752,0.19794853;-1.0325675,0.24626002,0.7960706;-0.6132057,0.47312132,-1.074382;1.4499798,-1.0360731,-1.4156148;1.5309259,-2.1489334,-1.5413859;-1.1194718,-0.008114504,0.8372727;-0.5072891,0.79165477,1.6558158;-1.8751975,0.23621438,-0.41552272;1.4564201,-0.9450905,-1.3946084;-0.87702495,1.6992666,-0.6363774;-0.6697676,-0.11117878,0.7152384;-1.9223546,0.20246726,-0.46395543;0.87936443,0.026539277,0.1500295;0.12161457,-0.09840468,0.9890459;0.99122936,0.18104209,0.57638913;1.4282784,-0.27102062,-0.9707118;1.417439,-0.56101435,-0.33633888;-1.9370322,0.25682983,0.14251307;1.4714634,-2.0168345,-1.7129198;0.99680465,0.45488584,-0.20062716;-0.89795774,0.41288695,-1.267655;0.35613817,-0.64349496,0.10741561;-0.56398636,0.72788507,1.8266625;0.0020002502,1.3351078,1.1668507;-0.57923895,1.3390468,1.0886356;0.39343867,0.6197468,1.2927378;1.3038986,0.08519084,-0.24424444;-1.4890592,-0.18942931,0.5692739;1.6070313,-2.7765934,-1.9809239;0.6713916,0.348166,-0.054436423;-0.61353284,-0.14501312,-0.31650412;-0.9069678,1.1014462,-0.083326556;-0.05603435,0.38611218,-0.53373307;-0.87848556,1.9248157,-0.7690206;0.32447228,-0.6705954,-0.121382065;-0.67272484,-0.11317707,-0.55246085;0.33707485,0.16144519,1.1561229;-1.5039654,-0.19409846,0.5004581;-1.9027197,0.29763654,-0.21595831;-1.3529807,0.795851,0.5550752;-1.126645,0.33056092,0.7203296;-0.3601652,-0.13222188,0.09899051;-0.16567753,1.4708667,1.2408942;1.5682403,-2.4485662,-1.44993;-0.11152828,0.349014,-0.2940649;0.5420753,0.04446859,1.6516743;1.116413,-0.6404216,-0.7209477;-1.7126913,0.28666037,-0.34219018;-0.76740694,0.7132964,-1.2907073;1.6205028,-1.3590531,-1.6626179;-0.7311056,1.4875752,0.7246996;-1.6089548,0.24249439,-0.012304707;-0.6876085,0.661436,0.20752136;-1.1913655,0.5977194,-0.5885466;0.80871767,0.17310931,0.99654067;0.14924602,-0.38781586,-0.30891103;0.73255694,0.34096336,-0.5921624;0.38409722,-1.0030975,1.4128255;-0.15724379,-0.5100301,0.6417477;-0.32712677,0.4436621,-0.9103486;-0.33938462,0.8295964,-0.48505756;0.629151,-0.23379895,-0.46879062;-0.310244,0.56103444,-0.9638159;-1.5967914,0.23991269,0.12557784;-1.2159116,1.0474124,-0.3433369;-0.21859638,-0.37755945,0.6674343;-1.823357,0.33288574,-0.17500739;0.9687547,-0.8781233,-0.5107006;0.35397473,0.17381379,-0.19513886;-0.71201426,-0.3897564,0.6467387;0.7209632,0.2252338,-1.0539657;0.9589307,-0.3941446,0.64237994;-0.56229025,1.2152051,1.0226439;-1.0286019,0.52529746,-1.4562576;1.3425149,-0.17329437,-1.1095036;-0.31639168,-0.53122324,0.7594909;0.21205045,-0.47095355,0.30082476;-1.158118,0.06214608,0.86298656;-1.0012554,0.9463343,1.477027;0.016745938,1.0785908,1.5444516;0.35214254,-0.077834606,0.50580525;0.7455149,0.3539391,0.9724048;-1.2408675,-0.1234381,0.48768964;1.5022441,-2.5474343,-1.8966417;-1.1725358,0.6616611,-0.50872284;-0.65252167,0.8416781,0.38750654;0.99095774,0.29677588,0.27309862;-1.3772118,0.47006136,-0.9329048;0.44964865,-0.91869175,1.09203;1.4704133,-2.1854067,-1.7814559;-0.15263188,-0.53758687,0.4998439;-0.08473273,0.36607957,-0.69131976;0.25855526,-0.27583665,-0.8867798;-1.8218398,0.2961524,-0.37076867;0.9487023,0.16232567,0.84564465;-0.45071486,0.44057617,0.5659607;-0.89473957,-0.24905314,0.7038626;-0.12737925,1.4650308,1.1329397;1.4359399,-1.5249544,-0.9744515;0.5740613,-0.8331945,0.8407486;0.26839623,-0.5946201,0.14081523;-0.61746097,-0.19705117,1.5504512;1.6234487,-1.5013529,-1.6372014;0.92244625,0.60262376,0.6874385;-0.9116674,0.6128339,-1.0362619;1.3406569,-0.30697352,-1.3764524;-1.3431007,0.74415207,-0.56270164;-1.550055,0.1446358,0.22818767;-0.7780405,0.93915784,-0.32253703;1.1388999,-0.7399504,-0.24954516;-1.2998457,1.2447629,-0.41686973;-0.1872358,1.0207263,0.90177476;-1.0416926,0.5153735,-1.473773;-0.6648847,-0.37280867,0.092479214;-1.3235549,0.44580323,-0.5005633;0.38747627,0.77795225,1.1271834;0.6113145,0.5060687,0.89734346;-1.0576843,1.983994,-0.561551;-1.1633408,0.5215824,1.2247077;1.0885067,-1.1773394,-0.8375061;-0.1250441,-0.25329915,1.5379778;-0.21978483,-0.0015740612,-0.45827815;0.3900017,-0.14735249,-0.29311907;-0.637622,0.72333014,-1.069367;1.0909537,-0.08939713,-0.81771165;1.7246038,-2.2252474,-1.7808336;1.9365351,-3.1366198,-1.9219438;-1.0051812,1.7375134,-0.62763554;-0.8567956,-0.4755975,0.5901155;-0.8472454,1.0456686,1.6783675;-0.008679197,0.8333151,0.37623486;-0.41809547,0.43264848,-0.8929966;-0.9086224,1.821838,-0.7155235;0.37777206,0.9135989,1.1012663;1.0593393,-0.46181762,0.35398018;0.6892843,0.41003984,-0.03276491;-0.011411989,0.6021999,1.2076033;0.114794485,0.115878135,0.76404387;1.6406189,-1.868053,-1.9192688;-0.2816226,0.9850548,1.1674674;-0.5725021,0.12839103,0.111986525;1.6962855,-2.4130154,-1.6181215;0.9685301,-0.2661149,0.69679826;-0.03269074,0.16294783,1.7667127;-0.2271213,0.322222,-0.8896575;-0.6102959,-0.21124181,-0.62708724;0.40677366,0.89266133,1.0875254;0.374313,-0.6067981,0.05732407;1.0094349,0.4985897,0.31177384;0.6709759,-0.2158595,0.021327972;0.84413904,0.1573163,-0.3696504;-1.3096014,0.51326376,-0.79829955;-1.4428458,-0.053831786,0.5314428;0.9521773,-0.36153355,0.124166355;1.7370428,-3.178895,-2.0135539;-0.38975626,-0.46058255,0.26850855;0.27820826,0.16026449,-0.106333725;0.99336195,-0.96269965,-0.5509332;-0.76617324,0.7795565,-0.090718605;0.115707494,0.4524667,0.9479358;-0.47788718,0.72043234,1.7873152;-0.63565946,-0.45997274,0.1684913;0.8363643,-0.5320674,-0.5582736;1.3895733,-0.8684336,-0.68102765;-0.3529572,1.0143437,-0.25321537;0.14185832,0.06062619,0.6926162;-2.0511334,0.21640767,-0.37628308;-1.6367928,0.3009434,0.119299956;1.364438,-0.6841208,-0.56385994;-2.051406,0.21829972,-0.38244876;0.3730922,0.20566747,1.1887908;-0.45105743,0.8055468,1.4282676;-1.6141033,0.36670846,-0.32571718;-0.6935224,-0.14993979,-0.5587619;0.8311421,0.13668978,-0.75373995;-0.4316806,-0.34132302,0.6511082;-1.4800038,0.49989557,-0.86945313;0.064876296,0.5627895,0.97355866;1.7497324,-3.184896,-1.8690901;1.017544,-0.095612794,-0.8552659;0.28944063,-0.7494729,-0.32200396;-1.5396228,0.11621866,-0.21823417;-1.0118878,0.037756346,0.7879362;-0.8774597,1.9650768,-0.46388122;0.25456986,0.8936153,1.3599322;0.9560187,0.122670695,-1.1615001;-0.18588246,0.1790067,-0.6324651;1.4345963,-0.30589852,-0.59293866;-0.24652366,0.5864733,0.45257235;0.47810888,-0.93530846,1.4695667;1.2099077,-0.6164752,-0.08487667;-1.6396551,0.30889603,0.12028893;-9.5855736e-05,0.322709,-0.260286;0.8894725,-0.79653996,0.40043187;-1.6688498,0.3182911,-0.18572184;-0.52985936,-0.20478198,0.7320927;1.1932251,-0.9401939,-0.2981816;0.5263077,-0.0644619,-0.10562422;1.2030046,0.24727152,-0.5826735;-1.2764974,0.33938426,-0.6900469;0.4258857,-0.96150196,1.1339039;1.8264712,-3.0512555,-2.0697014;-0.55737334,-0.7507993,0.24186663;0.08133166,1.3508351,0.94968134;-0.948122,1.109148,-0.24094261;1.5973847,-2.7777922,-1.9227943;-0.42596927,0.91327995,1.2334671;-2.0674274,0.14132816,-0.38951695;-0.92639786,1.9966438,-0.43003985;1.133992,-1.160278,-0.88988435;0.89839715,-0.78229326,-0.41160485;1.1990218,-1.1578972,-0.7437101;1.6109222,-2.464503,-1.7356817;-0.16315708,-0.084670864,-0.31340846;0.25747976,-0.24787462,-0.9199618;0.19420058,-0.3229526,-0.87538946;1.0181787,0.34735453,-0.5261375;-1.0030543,0.57845896,0.81453466;-0.02272593,0.08678876,1.3185521;1.1149261,-0.7851801,-0.3250555;1.4257092,-1.7205526,-1.5897092;-0.11228778,1.2332532,0.81659025;-0.58826894,0.01987523,1.6431606;1.7270427,-3.0124297,-1.762626;0.63226444,-0.92477405,1.2299336;0.16825731,1.0086349,0.43971407;0.8124663,0.084645554,-0.7120495;-0.8973675,2.0502217,-0.61611015;-0.4295063,0.062432766,-0.91354644;-0.67642,-0.3583157,-0.005773942;0.85800815,0.22442491,-0.7646583;0.5936367,-0.78437483,0.77976054;-1.2307829,1.1428268,1.1956975;1.342929,-1.7850387,-1.1680937;0.5354973,0.15883426,1.2234068;-0.30794504,0.91246736,0.09575954;0.13205692,-0.10542617,1.0914673;-1.2339981,0.33441946,-1.0471746;-0.5614216,0.9542176,0.6810816;-0.8984276,0.84826356,0.10315026;1.4041027,-2.057485,-2.1187441;-0.47792444,-0.062110785,0.6906318;-0.46538264,1.0503173,-0.34675872;-1.0625775,0.47360614,-1.4837959;-1.2476891,0.35598478,0.6786658;-0.4739014,0.40857202,0.4740525;-1.4214303,0.6491916,-0.75709456;-1.2060165,0.014273299,0.58459026;0.9959524,-0.65056586,-0.98025787;-0.85090435,-0.4542493,0.60523653;1.4720684,-1.9200768,-1.9689642;-0.5002592,0.75765735,1.4310222;-1.4840572,-0.073145986,0.479363;0.06507526,1.4525437,0.7735516;-0.6405785,1.095069,-0.3659624;0.21548592,-0.42397115,0.3370723;-0.28450555,-0.83895665,0.080075294;-0.8049468,0.08365404,0.90552336;1.3546481,-0.4124613,-1.5401362;-0.74376917,0.76421577,-0.16190934;-1.2864637,0.8124302,-0.6843062;-1.7821152,0.24530347,-0.22066814;-1.2359742,-0.043825544,0.76791084;-0.61562294,-0.027560867,1.5291233;1.2301534,0.023741696,-0.89773655;1.4432194,-0.23880783,-1.1493855;-0.9336886,1.7881967,-0.81159323;-1.022103,1.6777085,-0.6181032;0.9628926,-0.86011106,0.14440025;1.8628569,-2.8893085,-2.0156538;-0.13914219,0.23141283,-0.0044742757;-0.9211027,1.5612967,-0.2005122;-1.0995551,0.7402196,-0.43194926;1.2441567,-0.3074192,-1.0453053;-0.12621453,-0.07864973,-0.039574523;0.151705,0.94389755,0.3821017;-0.5528155,1.3168421,1.1142135;-1.1997925,0.11698285,0.8617627;1.0402017,-1.0737588,-0.9701412;1.106737,-1.2962042,-0.6860722;-1.6876296,0.512208,0.015530218;1.332068,-1.8094625,-1.264543;-1.0416403,0.81277174,1.508637;1.4839768,-0.98983014,-1.5235208;0.96215624,0.39487323,0.5647385;1.6629796,-2.828106,-1.9431742;0.862893,0.39143717,-0.6443698;-0.63987696,-0.4377972,0.16072246;-0.11273304,-0.38719022,0.7722058;-0.100112006,-0.02108829,1.4414227;1.0407255,-0.16072801,-0.685355;0.24097267,-0.51398903,0.3122655;-1.2050061,1.2449692,1.2343869;-0.26797444,-0.6743232,-0.03744439;-0.43671983,1.3432239,1.1769195;0.48562935,0.8143242,1.3531224;0.5291669,0.7804667,1.0987632;0.43048635,-0.20422576,0.23135363;-1.3754287,0.792842,0.12066275;-0.8223804,-0.50869995,0.5513359;-0.53158236,0.4939434,1.7238069;1.5809858,-2.829194,-1.7958225;1.3818517,-1.6871154,-0.94025713;1.2980072,-1.6077633,-1.6362767;0.10656846,1.0086874,0.35872984;-1.0112897,1.7686278,-0.5982905;0.40707108,0.89657795,1.1016184;-1.1220295,0.14682484,-1.1214938;0.3317696,-0.70477283,0.32303467;-0.8888134,0.49569798,-1.3555539;-0.80682796,0.023818946,0.8774963;-0.53712904,0.54075384,1.8007942;-1.8198681,0.3488561,0.4346893;-0.2424074,0.8787088,0.9336877;0.72494125,0.5862244,-0.004870304;-0.38979065,1.1579394,1.6010416;0.70534986,-0.26046404,-0.62756574;-0.9920732,1.7429842,-0.71146756;0.723523,0.22998358,-1.0909318;0.5021157,-0.0432985,-0.24276753;-1.3774225,0.7808722,0.41729352;-0.7802015,0.75834227,-1.3096013;-0.36480206,-0.6455902,0.58974004;1.0594511,-0.6406252,-1.1269373;0.23078406,-0.3552457,0.26511914;1.4823468,-1.7264767,-1.503397;-0.08666498,1.2844666,0.7670653;-2.0003104,0.045246802,-0.42956865;-0.24215703,0.7299285,-0.5972089;0.9391138,0.36992317,0.7368854;0.25633538,-0.27123174,0.56045836;-1.0414387,0.9159103,1.4557236;-0.63240325,1.3924891,1.052388;-0.12705626,0.3604705,1.8173162;0.47897586,-0.49609283,0.93781435;1.453175,-1.9766204,-1.5445731;1.219387,0.10732863,-1.1864848;-0.5554683,0.6490586,1.8294674;1.9120282,-2.929804,-1.9518793;-0.8103121,1.2386178,1.525862;0.94062096,0.40582302,0.76428974;1.2748698,-1.313891,-1.0319575;0.4014249,-0.030538945,-0.2314234;0.47814897,0.84694755,1.406254;0.10611776,0.4940669,1.0833476;-0.8323707,1.6324596,-0.6134748;0.7570368,-0.4156875,-0.47903073;-1.0416406,0.8127699,1.5086349;0.42897728,0.015032093,-0.32839355;0.42679143,-0.13439938,0.0247114;0.57194996,0.09255301,1.4172511;0.435355,0.12964827,1.2690102;-0.711383,0.3936553,1.5897039;1.6395085,-2.7096298,-1.8236606;1.2606452,0.04803673,-0.68065405;0.12111791,0.010823646,0.2610769;0.85942763,0.10980372,1.0357064;-1.0468565,0.5783444,1.2545477;-0.6602187,-0.35489756,0.1469796;-0.5140694,-0.13462847,-0.8573853;-0.09064282,-0.015420187,-0.08295452;1.7389185,-3.1023602,-2.0386438;-0.65672344,0.15890734,1.5671817;-0.48693877,1.042312,-0.37295666;-1.2339555,0.38274476,-1.040561;1.7727195,-2.558189,-1.9937657;1.2566218,-1.2868127,-1.1357601;-1.0263162,0.8786967,1.4762775;-0.521765,0.7506904,1.8951938;-1.5049448,0.74638253,-0.23670581;-0.31252223,0.8646888,-0.5696263;-0.010198235,-0.19926447,1.0873221;-1.8639164,0.31284395,0.31059557;-1.3245277,0.9377406,0.48125246;0.33090043,-0.44565523,0.54802054;-1.2189399,0.2769922,0.6269369;-2.0043461,0.21800993,-0.23594967;1.2284055,-0.3469511,-0.6958794;0.6839541,-0.04052778,0.8102575;1.1785529,-0.21076638,-0.08494203;1.4760596,-2.0021963,-2.0306098;0.9401581,-0.38812515,0.0047567924;0.8249914,-0.35230568,1.3416659;-0.70282847,1.1379253,0.7730217;-0.6982659,0.58120495,-1.2855587;1.9047698,-3.0338225,-2.013126;1.0657929,-0.92079747,-1.1858534;-0.55130965,-0.1856263,-0.7953856;0.814753,-0.39622265,-0.65021724;-0.28995794,0.7962282,-0.6230767;1.108536,-0.03302534,0.3954637;-0.10499306,0.31077933,-0.16736713;-0.7923332,1.4700443,1.3000689;0.13948141,-0.77078885,0.007706257;-0.7610599,1.1976448,0.33978957;1.5692384,-1.8717179,-1.1160189;0.52910584,-0.88725805,1.0176609;-1.3417724,0.8643422,0.5546039;0.67675734,-0.25500497,0.009606849;-1.2921538,0.87551856,0.046846602;-0.6640439,0.82637835,-1.1521208;-0.8881794,0.96822655,1.2656677;-0.8599423,0.13656151,0.80118823;0.5188874,-0.5063854,1.4488512;1.0750555,0.22571997,0.5541755;-0.71646583,1.1380262,1.1348442;0.11844408,-0.544276,-0.3542648;-1.0084085,-0.31753877,0.71338886;-0.29150638,1.2348969,1.4003339;-0.9759468,1.2168438,1.1905015;-0.26519725,0.8331727,0.80377156;0.9976402,0.6334022,-0.091965474;-0.017263053,0.98026174,1.7405804;1.4307637,-1.9185885,-1.0908686;1.640207,-2.131754,-2.22045;-1.406097,0.8224563,-0.1935255;-0.40434468,-0.36997074,0.23625802;1.1775217,0.13972948,-0.98898464;-0.35014448,0.58605325,0.14176296;0.5907694,-0.06831934,1.7585573;-0.08762836,0.16644856,1.4272964;-0.0031771634,0.53185683,1.044194;-0.7473312,0.72644395,-0.032763;0.95337445,0.6697763,-0.052652128;-0.0868928,0.75394094,0.8517357;1.6055003,-2.0438774,-2.198984;-1.2947735,0.4279334,-0.2789266;-1.1802819,0.54216653,1.2231793;-0.7506315,0.036829457,1.0193659;1.1950526,-1.2156407,-1.1144717;-1.3563061,0.7613083,0.062008508;-0.5471117,0.03386195,-0.032475624;-1.0034192,-0.32366252,0.7107534;-0.9995276,0.89702547,-0.2648919;-0.9373692,0.55290085,-1.4716588;-0.216932,0.037167396,-0.5181741;0.60078424,-0.7290727,1.2973336;-0.9916113,-0.35938585,0.69896317;-0.37904903,0.18008077,-0.38946143;-0.5047472,0.1677244,0.070306815;-1.2008259,0.3049994,-1.1374725;1.3910582,-1.1550171,-1.3568466;0.95491046,0.5068617,0.143677;-1.1712459,0.5769701,-1.0156853;1.6291672,-1.4301586,-1.6627584;0.9058768,-0.22245806,0.3352027;-0.9216304,0.8155712,1.533724;1.1367555,-1.2970624,-0.39855218;0.5733593,-0.5707419,0.9235999;1.541689,-1.9938629,-2.1743705;-0.1742366,0.29693353,-0.8395585;-0.29932252,0.107149445,0.2916019;-1.345489,0.7990147,-0.72003037;-0.3212847,1.0657876,1.1019185;-0.45452288,0.69585025,1.6893922;-0.9492977,0.908528,1.4258137;1.694032,-2.9366138,-1.799496;-1.1712519,0.5448432,1.2357038;1.5105484,-1.1818321,-1.593144;-0.35963085,0.9182113,1.2974734;-0.0186503,-0.01551985,1.7327775;-1.2130339,1.0232508,1.236846;-0.9959101,1.5594425,-0.46246132;0.32375562,0.78666013,1.2996508;-0.39008453,1.069342,-0.23368287;0.55570906,-0.6943494,1.3952667;-1.3042835,0.75459915,0.05683746;-0.86228967,0.59179085,-0.9867436;1.6713685,-2.9958348,-1.895176;-1.2757788,0.54110074,-0.29392058;0.4603589,0.23206374,-0.20818469;0.4123721,0.36523125,1.1631409;-1.1792578,0.04702209,0.46230322;-1.0227294,0.67680526,0.34676072;1.3209707,-0.5924238,-0.7589671;0.9420032,0.06333464,0.90030307;-1.1268133,1.2985573,1.374318;-0.27104175,1.004008,0.93146664;-0.004084508,1.2207341,1.223062;1.7281879,-2.32217,-1.7207495;0.2095855,0.08525708,1.2028784;-0.84093773,0.87319493,0.2908618;1.6085066,-1.4307152,-1.624827;1.4109867,-0.8730207,-0.8069721;1.0075077,-0.38473022,-0.84344476;-0.59564084,1.0582542,-0.37176058;1.0883633,-0.8284774,-0.536746;-0.6935433,1.0124644,1.4995402;1.2563128,-1.3146973,-1.2437594;-1.0453336,0.61453784,-1.3141384;1.8354368,-2.8758152,-1.9785128;1.5305487,-2.4299834,-2.0321128;-1.9138608,0.27700543,-0.34280044;-0.17309418,0.47301507,1.8261522;0.15262161,0.26860482,1.7021961;0.6589785,-0.25745666,0.85109526;-0.5890384,1.059765,0.7190847;1.2836251,-1.5739521,-1.6091413;-0.8375565,0.4074935,-1.2390683;-0.881629,0.80841297,0.14915082;-0.9353879,0.99743485,1.1501433;0.2688093,-0.23291068,0.853792;-0.69113433,1.3907661,1.014529;0.5191787,0.0027915188,1.6773156;1.552768,-2.0000353,-1.5174797;1.1973063,-1.1647457,-0.7003111;1.0534369,-0.048700534,-0.3950028;-0.9493003,0.124451496,0.78855354;0.8937938,-0.61866504,0.6620127;0.13257809,0.84292734,0.35248354;-0.2780434,0.7996989,-0.64305526;0.071164206,0.08715278,1.2629926;-1.2511551,0.38310164,-1.0233054;1.3877982,-0.033590592,-0.39746222;1.8670592,-2.6495354,-1.8697836;0.25056458,-0.25557858,0.4931029;0.6970492,0.028866246,0.85619557;0.7176001,0.5706205,-0.016405422;0.5866098,0.6123133,1.0063412;1.5706649,-1.7556406,-0.9410969;-0.37497756,-0.42466694,0.37959307;0.8731557,0.42811853,0.4494153;-1.4946456,-0.19409579,0.50430596;-0.6169626,-0.18870223,-0.62623227;0.38717735,0.64131725,1.288118;-0.29995674,1.2672329,0.15035577;-0.49198857,0.7012408,1.3360496;-1.5018051,-0.10103185,0.4670817;1.8150522,-2.8195527,-1.98779;-0.6002725,0.27028042,0.17221057;-0.42975095,0.2665058,-0.29435623;1.0658002,0.1690283,-0.69993633;-1.0030024,0.65141124,-1.1019567;-0.63544476,1.3212707,0.5955959;-1.3107544,1.1358758,-0.12749645;1.3287958,-1.8735586,-1.5305494;0.12565808,0.84492904,0.37817362;-1.0741132,0.54608536,1.2868489;0.7094667,-0.33995414,-0.09060693;-0.4047998,0.9663308,1.3111631;0.08624947,-0.18106903,-0.09199618;1.1685002,-1.2836099,-0.46613663;-1.0672102,0.5453158,-1.2622695;1.9436694,-3.104104,-2.0731244;1.6081392,-2.4084325,-1.8543354;0.582219,-0.3196479,1.5153611;-1.624642,0.31873697,-0.076727085;-0.36749807,-0.626779,0.591475;0.93023396,-0.34734973,0.6745227;0.88747036,-0.4156097,-0.09791005;1.263721,-0.5237892,-0.6575664;0.8448405,0.14907086,-0.78990066;-0.8917661,1.3679328,1.2503297;1.4054314,-1.3438662,-0.7368673;1.0996305,-0.7538121,0.012541206;0.053083714,0.31896034,0.18492363;0.7476141,0.41280496,-0.45612016;-1.5111707,-0.21611282,0.5011497;0.6267047,-0.071318544,1.2441761;0.9539689,0.3758411,0.57712847;-2.043909,0.06833875,-0.39402902;1.9750566,-3.206962,-1.9271035;0.24054365,0.8597835,0.18397827;1.1014721,-0.8276454,-0.91975;1.1384851,-0.82602453,-0.26571614;0.40874186,-0.5181664,0.8103781;1.436246,-1.1819936,-1.4183223;-0.68447614,-0.39251798,-0.037010908;0.032266222,0.84659433,0.3526764;0.28821903,-0.35004684,0.90148985;0.47022486,0.74726856,0.80894387;-0.5276965,0.05262864,0.00021630696;-0.9121269,1.8414698,-0.74918026;-0.7561771,0.60171884,-0.7954976;0.1555031,-0.25561735,-1.0102199;-1.2441157,1.0590763,-0.07776393;1.0786594,0.5822555,-0.6128338;-1.206933,1.225811,1.2343701;1.7630688,-3.1611574,-2.1431036;-0.54210883,0.6061587,0.22489318;1.2471187,-0.32425794,-0.97916347;1.0136124,0.093920715,-0.51828223;-1.2325145,-0.12112229,0.49260807;-0.25697577,-0.7103316,0.26616627;-0.12507477,-0.42528167,0.72696906;-0.2904846,0.35733473,1.6072472;-0.8725981,0.9428045,-0.37388617;0.17183335,1.2523525,0.67323697;-1.199281,0.14678654,0.6123329;-0.55995864,1.0717924,-0.37245747;1.5480068,-1.9453282,-2.0994513;0.17698298,-0.10179573,0.32824928;-1.0697569,-0.27242637,0.7195697;0.22379467,0.41538978,1.5710113;0.39732102,-0.07177676,0.5178422;1.2380362,-1.3827403,-1.4660769;1.0480722,0.2978268,0.12835355;-0.9195407,2.0341136,-0.4788666;-0.7310832,0.66550595,-0.6700179;1.2546386,-0.369887,-0.38988817;0.8839415,-0.11473057,0.18957074;0.8474191,-0.09567827,0.20500709;-0.58566356,-0.6976009,0.23375331;-0.6454276,0.12933958,-0.9065661;-0.9589472,0.97722185,-0.2751508;1.6401039,-2.3137445,-1.6821395;1.6000072,-2.195887,-1.6481572;-0.0052601993,0.3304383,-0.275848;-0.86109406,0.518395,-1.3896334;-0.5707114,-0.3813218,0.6149985;-0.13803661,1.1997019,0.42933872;1.9665759,-3.1210108,-1.9894094;-0.9974294,0.5629648,-1.4597952;0.95844406,0.063061826,0.15452069;-1.2873733,0.37341887,-0.42599443;0.92028856,0.6708138,0.011290451;0.23426878,1.0567236,0.49233752;-0.71813136,1.436805,1.116811;-0.59556377,1.0656202,0.6122264;-0.59248483,-0.103938326,0.859977;-0.22812872,-0.45692006,0.5498443;1.4841831,-0.94726616,-1.511223;-0.64278793,0.6009619,1.7756015;-1.80271,0.33571795,-0.0795938;0.9345602,0.43122643,0.53449655;0.71895057,0.16491452,0.74818224;1.7292931,-2.8081968,-2.1040635;-1.3455077,0.85175997,-0.5102775;0.27834916,0.76441854,0.06704686;1.4345435,-0.29399168,-0.7509835;0.83820873,0.19219406,1.0175837;-0.7123169,0.1783555,1.1498402;-1.4028254,0.37565306,0.318045;-1.2511153,0.8093419,-0.49800053;-0.1788652,-0.5117043,0.5157645;1.8354291,-3.1099284,-2.064595;-0.15104921,0.14489095,-0.062438164;-0.11165357,0.5683739,1.575465;0.112444334,0.056784343,0.5975181;-0.5745227,0.5373465,0.43963483;-1.1660204,1.0374532,0.14925717;-0.916997,1.6135273,-0.35023877;0.8373373,0.19434278,1.0130327;-0.27854562,0.805538,0.7872657;-0.18520471,0.739786,1.1839671;0.32958242,-0.68297017,0.25334394;-0.1350928,1.2606082,0.62050706;0.47583747,-0.8014502,1.3715463;0.5864853,-0.938474,1.2556885;0.9976916,-0.5364394,-0.94326276;-0.5818096,0.5955987,-1.0747714;0.90692824,0.58633095,0.5111999;-1.1924342,0.60889226,-0.5722635;0.6925047,0.15469034,0.7237343;1.3733459,-1.4647458,-1.2580088;-0.5384728,0.1853076,0.089491114;1.5576591,-1.8646353,-1.4866283;-0.8967097,2.0387652,-0.4812494;-0.75313294,0.81586474,-1.1282063;-0.17595269,0.50697595,0.17752838;1.5822158,-1.7412374,-1.8720324;-0.11061022,0.833382,0.351374;-0.86456096,0.6956765,-1.392377;1.3554107,-0.67368746,-0.38082188;0.9364301,-0.07204433,0.8844537;-0.043212865,0.35473076,1.2837658;-0.23522267,-0.41858026,0.30293396;-0.29131728,0.74393386,0.13183828;-1.8761431,0.16544147,-0.4513946;-1.8347647,0.41324437,-0.25585717;1.0107563,0.29074907,-0.123741955;1.2154827,-0.58203673,-0.046479475;1.3724725,-0.010242976,-0.36083618;-0.25543043,0.6428338,1.6882813;1.2066807,-1.3014883,-1.0347029;1.2664253,-1.4510641,-1.2838497;0.5297493,0.28651443,-0.3946328;0.3641029,-1.0244995,1.4430817;0.040927675,1.3799707,0.86367285;1.8870788,-2.9602468,-1.9765804;1.1392566,-0.58842903,-0.8444243;1.023611,-0.5228113,-1.0793118;-0.014035027,0.3873723,-0.23273721;0.8849405,-0.81404036,0.404815;0.61698467,-0.336547,1.4120363;1.645876,-1.8446046,-1.8936423;1.6108865,-2.1206708,-2.0536993;-1.8516055,0.3248931,0.3526566;-1.84097,0.30626723,-0.12113383;-0.086371124,0.3474804,1.8296664;-0.30814323,1.1471924,0.009427073;-1.2518387,0.22215047,-0.12792917;-0.017275812,1.422976,0.83907473;1.5799315,-1.7786173,-0.96779925;0.6142195,-0.06356267,0.018385675;0.92350334,-0.457646,0.6462379;1.4636784,-1.4198159,-1.2459177;0.9290326,-0.3055013,-0.88863486;-1.0956237,1.3062736,1.4519448;0.63471234,0.52426887,0.93646204;0.64726377,0.24298419,-0.19598468;-0.08625151,-0.04756129,1.2645597;0.48193115,0.13981782,1.118844;1.3644875,-1.9225751,-1.1986083;1.3779514,-0.6125543,-0.35130224;-1.878205,0.30260894,0.25931454;-1.0648053,1.4116718,1.1824363;-1.2816143,-0.14449175,0.4684184;-2.0173056,0.16312511,-0.4739039;-1.4380008,-0.06521702,0.5348451;-0.12701477,0.8404388,0.83569384;0.32853678,-0.113925025,0.6843731;-1.9888223,0.21289833,-0.4560872;1.3471384,-0.09224502,-1.216868;0.76506716,0.44203803,-0.7790669;0.01168536,1.2895261,1.2394998;-0.0127327945,0.46770325,1.1832757
