data_set
babi-q1
num_classes
6
data_points
1000
model
saved_models/babi-q1-e0187.ckpt
color_schema
#4E79A7,#F28E2B,#E15759,#76B7B2,#59A14F,#EDC948,#B07AA1,#FF9DA7,#9C755F,#BAB0AC
test_accuracy
0.913
test_loss
0.34699678975343706
train_accuracy
0.975375
train_loss
0.07211275746766478
val_accuracy
0.9345
val_loss
0.23608263003081084
labels
12,9,15,12,15,12,11,12,17,17,15,11,17,10,10,15,11,15,17,15,12,17,17,12,10,10,10,15,15,15,12,17,15,15,9,17,9,11,15,10,9,11,9,12,11,15,12,9,17,10,10,17,11,11,15,10,15,12,11,12,12,17,9,11,11,15,15,9,17,17,11,12,11,10,9,15,15,15,12,17,11,9,10,11,17,11,11,12,15,15,9,9,12,9,9,15,15,15,10,10,10,9,17,11,11,12,10,9,17,10,9,9,15,12,15,11,17,15,9,17,10,9,10,12,10,17,11,11,11,9,11,12,9,11,15,9,17,15,9,9,17,12,12,17,10,15,15,15,15,15,11,11,9,17,10,9,11,10,17,12,10,10,10,11,9,11,11,11,15,10,17,17,11,9,9,17,15,10,17,17,12,12,12,12,10,9,17,11,15,17,12,15,11,12,12,11,17,15,9,10,12,17,17,10,12,9,15,12,9,12,9,10,12,10,9,10,9,12,12,9,9,12,15,12,10,17,12,11,9,9,17,11,12,17,12,10,10,10,10,17,12,15,11,11,15,15,11,11,11,11,10,17,9,9,10,10,17,17,15,11,11,17,12,17,17,9,11,10,9,10,15,17,17,15,9,17,15,12,17,9,9,11,17,17,11,17,9,17,11,9,15,15,10,15,15,11,11,12,12,9,9,9,9,17,12,11,9,17,17,15,11,11,17,10,11,17,10,17,17,11,11,15,15,11,11,9,10,11,11,10,15,17,15,10,10,17,12,17,12,12,12,11,17,15,11,17,12,12,15,15,10,11,11,10,10,9,17,12,11,12,11,9,11,11,11,11,11,12,12,12,12,12,11,11,17,10,15,9,9,10,9,10,10,17,17,15,17,17,17,15,15,12,9,10,17,17,10,17,9,11,10,11,10,15,17,15,12,10,11,15,10,11,9,12,17,10,10,15,12,9,12,12,9,12,10,15,15,17,10,10,17,15,15,15,17,11,15,9,10,11,10,12,9,11,10,11,10,12,11,15,15,15,15,11,9,15,10,12,11,12,9,11,10,17,11,11,10,10,10,17,12,17,17,9,15,11,9,15,11,9,10,10,12,12,11,10,9,12,10,9,15,10,10,11,11,15,15,10,12,12,15,11,9,12,9,15,10,17,17,10,10,17,10,10,17,9,9,10,12,11,17,17,12,12,11,12,17,11,11,12,11,11,11,17,9,11,10,12,12,10,11,17,12,12,15,11,15,15,12,10,10,9,17,10,15,12,15,10,10,10,11,10,11,15,10,9,9,15,10,10,10,10,15,15,17,9,10,12,10,10,12,12,11,15,10,10,11,12,10,10,17,12,17,11,9,9,17,17,11,10,10,10,15,15,17,11,15,12,11,10,15,17,9,11,9,17,15,12,15,17,11,17,17,15,9,10,9,9,10,10,9,10,10,15,11,11,11,15,12,9,11,11,10,17,11,11,12,17,15,15,9,11,15,15,11,9,15,15,11,15,15,15,11,10,10,9,17,17,17,17,10,10,17,9,15,9,17,12,12,12,15,15,15,17,9,11,9,17,9,12,11,9,9,17,11,11,11,10,15,10,12,12,9,9,17,12,12,9,17,12,11,11,15,15,12,11,12,17,12,17,11,12,11,17,17,11,17,9,11,9,10,10,12,17,10,12,9,9,9,15,11,11,15,17,9,10,9,12,17,15,17,17,12,10,12,11,11,17,15,9,17,10,9,11,12,15,9,15,12,10,9,10,17,17,15,15,9,9,9,17,10,17,17,9,12,17,17,12,12,11,11,11,11,17,11,17,17,17,17,17,12,9,17,10,17,11,10,10,12,12,11,11,17,12,12,17,17,15,11,17,11,11,9,12,9,17,9,10,9,15,11,9,11,15,10,9,9,9,17,12,11,11,17,15,15,10,10,11,11,17,10,12,9,10,10,10,10,10,15,17,9,11,17,15,12,11,10,10,15,12,10,11,12,12,11,11,11,15,12,17,10,12,17,17,12,10,10,12,17,10,11,17,11,12,17,17,11,12,11,17,9,9,11,17,11,11,15,15,17,17,10,10,17,12,11,15,12,11,11,10,9,12,12,15,10,9,17,15,17,9,17,17,10,17,15,12,12,11,10,10,10,17,17,15,12,17,9,9,15,10,12,15,15,15,17,17,15,11,15,10,12,9,9,10,11,11,9,9,12,15,9,15,9,12,12,10,17,17,10,12,15,9,10,17,11,11,11,17,9,9,11,15,11,11,11,15,12,17,9,10
pred_labels
12,9,15,12,15,12,11,12,17,17,15,11,17,10,10,15,11,15,15,12,12,17,17,12,10,10,10,15,15,15,12,17,15,15,9,17,9,11,15,10,9,11,10,12,11,15,12,9,17,10,10,17,11,12,15,10,15,12,12,12,12,17,9,11,11,15,15,9,17,15,11,12,11,10,9,15,11,15,12,17,11,9,10,15,17,11,11,12,15,15,9,9,12,9,9,15,15,15,10,10,10,9,17,11,11,12,10,9,17,10,9,9,15,12,15,11,17,15,9,17,10,9,9,12,10,17,11,15,11,9,11,10,9,11,15,9,17,15,9,9,17,12,17,17,10,15,15,15,15,15,11,11,9,17,10,9,11,10,17,12,10,10,10,11,9,11,11,11,15,10,17,17,11,9,9,17,15,10,17,17,12,17,12,12,10,9,17,11,15,17,12,15,11,12,11,11,17,11,9,10,12,17,15,10,12,9,15,12,9,9,9,10,12,10,11,10,9,12,12,11,9,12,15,15,10,17,17,11,9,9,17,11,12,17,12,10,10,12,10,10,12,15,11,11,15,15,11,11,17,11,10,17,9,9,10,10,17,17,15,11,11,17,12,17,17,9,11,10,9,10,15,17,15,15,15,17,15,12,17,9,9,11,17,12,11,17,9,9,11,9,15,15,10,15,15,11,11,12,12,9,9,11,15,17,17,11,9,17,9,15,11,11,17,10,12,17,10,17,15,11,11,15,15,11,17,9,10,11,11,10,15,17,15,10,10,17,12,15,12,11,12,11,17,15,11,17,17,12,10,15,10,11,11,10,10,9,17,12,11,12,11,9,11,11,11,11,11,12,12,12,12,12,11,11,17,10,15,9,11,10,9,10,10,17,17,15,17,17,17,15,15,12,9,10,17,17,10,17,9,11,10,11,10,15,17,15,15,12,11,15,10,11,9,12,17,10,10,15,12,9,12,15,9,12,10,15,15,17,10,10,17,15,15,15,17,11,15,9,11,11,10,12,9,11,10,11,10,12,11,15,15,15,15,11,9,15,10,12,11,12,9,11,10,17,11,11,10,10,10,17,12,17,17,9,15,11,9,15,11,9,10,10,12,12,11,10,9,12,10,9,15,10,10,11,10,15,15,10,12,12,15,11,9,12,9,15,10,17,17,10,10,17,10,17,12,9,9,10,12,11,17,17,12,12,11,12,17,11,11,12,11,11,11,12,9,11,10,12,12,10,11,17,12,12,15,11,15,15,12,10,10,9,17,10,15,12,15,10,10,9,11,10,11,15,10,9,9,15,10,15,10,10,15,15,17,9,10,12,10,9,12,17,11,15,10,10,11,12,10,10,17,12,17,11,9,9,17,17,11,10,10,10,15,15,17,11,15,12,12,10,15,15,9,11,9,17,15,12,11,17,11,17,17,15,9,10,9,9,10,10,9,10,10,15,11,11,11,15,17,9,11,11,10,17,11,11,12,17,15,11,9,11,15,15,11,9,15,15,11,15,15,15,11,10,10,9,17,17,17,15,10,10,17,9,15,9,17,12,12,9,15,15,15,17,9,11,9,17,9,12,11,9,9,17,11,11,11,12,15,10,12,12,9,9,17,12,12,9,11,12,11,11,15,15,12,11,12,17,15,17,11,12,10,17,17,11,12,9,11,9,10,10,12,17,10,12,9,9,9,15,11,11,15,17,9,10,9,12,17,15,17,17,12,10,11,11,11,17,15,9,17,10,9,11,12,15,9,15,12,10,9,10,17,17,11,15,9,9,9,17,10,17,17,9,12,17,17,12,12,11,11,11,11,17,11,17,17,9,17,17,12,9,17,10,17,11,10,10,12,17,11,11,11,12,12,17,17,15,11,17,11,11,9,12,15,17,9,10,9,15,11,9,11,15,10,9,9,9,17,17,11,11,17,15,15,10,10,11,11,15,10,12,9,10,10,10,10,10,15,17,9,11,17,15,12,11,10,10,15,12,10,11,12,12,12,11,11,15,15,17,10,12,17,15,12,10,10,12,12,12,11,17,11,12,17,17,11,12,11,17,9,9,11,15,11,11,15,15,12,17,10,10,17,17,11,15,12,11,11,10,9,12,12,15,10,9,17,15,17,9,17,17,10,17,15,12,12,11,10,10,10,17,17,15,17,17,9,9,15,10,12,15,15,15,17,17,15,11,15,10,12,9,9,10,11,11,9,9,12,17,9,15,9,12,11,10,17,9,10,12,15,9,10,17,11,11,11,17,9,9,11,15,11,17,15,15,12,17,9,11
pred_correctness
True,True,True,True,True,True,True,True,True,True,True,True,True,True,True,True,True,True,False,False,True,True,True,True,True,True,True,True,True,True,True,True,True,True,True,True,True,True,True,True,True,True,False,True,True,True,True,True,True,True,True,True,True,False,True,True,True,True,False,True,True,True,True,True,True,True,True,True,True,False,True,True,True,True,True,True,False,True,True,True,True,True,True,False,True,True,True,True,True,True,True,True,True,True,True,True,True,True,True,True,True,True,True,True,True,True,True,True,True,True,True,True,True,True,True,True,True,True,True,True,True,True,False,True,True,True,True,False,True,True,True,False,True,True,True,True,True,True,True,True,True,True,False,True,True,True,True,True,True,True,True,True,True,True,True,True,True,True,True,True,True,True,True,True,True,True,True,True,True,True,True,True,True,True,True,True,True,True,True,True,True,False,True,True,True,True,True,True,True,True,True,True,True,True,False,True,True,False,True,True,True,True,False,True,True,True,True,True,True,False,True,True,True,True,False,True,True,True,True,False,True,True,True,False,True,True,False,True,True,True,True,True,True,True,True,True,True,False,True,False,True,True,True,True,True,True,True,True,False,True,True,True,True,True,True,True,True,True,True,True,True,True,True,True,True,True,True,True,True,True,True,True,False,True,False,True,True,True,True,True,True,True,True,False,True,True,True,False,True,True,True,True,True,True,True,True,True,True,True,True,True,False,False,True,False,True,True,True,False,True,True,True,True,True,False,True,True,True,False,True,True,True,True,True,False,True,True,True,True,True,True,True,True,True,True,True,True,False,True,False,True,True,True,True,True,True,False,True,False,True,True,True,True,True,True,True,True,True,True,True,True,True,True,True,True,True,True,True,True,True,True,True,True,True,True,True,True,True,False,True,True,True,True,True,True,True,True,True,True,True,True,True,True,True,True,True,True,True,True,True,True,True,True,True,True,True,False,False,True,True,True,True,True,True,True,True,True,True,True,True,True,False,True,True,True,True,True,True,True,True,True,True,True,True,True,True,True,True,False,True,True,True,True,True,True,True,True,True,True,True,True,True,True,True,True,True,True,True,True,True,True,True,True,True,True,True,True,True,True,True,True,True,True,True,True,True,True,True,True,True,True,True,True,True,True,True,True,True,True,True,True,True,True,True,False,True,True,True,True,True,True,True,True,True,True,True,True,True,True,True,True,True,True,False,False,True,True,True,True,True,True,True,True,True,True,True,True,True,True,True,True,True,True,False,True,True,True,True,True,True,True,True,True,True,True,True,True,True,True,True,True,True,True,True,True,True,True,True,True,False,True,True,True,True,True,True,True,True,True,False,True,True,True,True,True,True,True,True,True,False,True,False,True,True,True,True,True,True,True,True,True,True,True,True,True,True,True,True,True,True,True,True,True,True,True,True,True,True,False,True,True,False,True,True,True,True,True,True,False,True,True,True,True,True,True,True,True,True,True,True,True,True,True,True,True,True,True,True,False,True,True,True,True,True,True,True,True,True,True,False,True,True,True,True,True,True,True,True,True,True,True,True,True,True,True,True,True,True,True,False,True,True,True,True,True,True,True,True,True,False,True,True,True,True,True,True,True,True,True,True,True,True,True,True,True,True,True,False,True,True,True,True,True,True,True,True,True,True,False,True,True,True,True,True,True,True,True,True,False,True,True,True,False,True,True,True,False,True,True,True,True,True,True,True,True,True,True,True,True,True,True,True,True,True,True,True,True,True,True,True,True,True,True,True,False,True,True,True,True,True,True,True,True,True,True,True,True,True,True,True,True,True,True,True,False,True,True,True,True,True,True,True,True,True,True,True,True,True,True,True,True,True,True,True,True,True,True,False,True,True,True,True,True,True,True,True,True,True,True,False,True,True,False,True,True,True,True,True,True,True,True,True,True,True,False,True,True,True,True,True,True,True,True,True,True,True,True,True,True,False,True,True,True,True,True,True,True,True,True,False,True,True,True,True,True,True,True,True,True,True,True,True,True,True,True,True,True,True,True,True,True,True,True,True,False,True,True,True,False,True,True,True,True,False,True,True,True,True,False,False,True,True,True,True,True,True,True,True,True,True,True,True,True,False,True,True,True,True,False,True,True,True,True,False,True,True,True,True,True,True,True,True,True,True,True,True,True,True,True,True,True,True,True,True,True,True,True,True,True,True,True,True,True,True,False,True,True,True,True,True,True,True,True,True,True,True,True,True,True,True,True,True,True,True,True,True,True,True,True,False,True,True,True,True,False,True,True,False,True,True,True,True,True,True,True,True,True,True,True,True,True,True,True,False,False,True,True,True,True,False
p2d-kl
0.5044986009597778
p2d-iter
599
p2d
2.0075996,0.6695259;-0.9476091,1.230882;0.34062394,1.337324;2.0069735,0.66984516;0.27706772,1.4769675;1.5164275,0.7154094;-1.5047445,-0.796516;1.1444504,0.58489305;-0.5223557,0.09448838;0.33538118,-0.33534053;0.34938073,1.4860578;-0.972577,-0.4896604;0.3729028,-0.17667581;0.32222104,-1.471957;-0.8217643,0.25300428;0.36918783,1.3557806;-1.4517034,-0.8158947;0.24769776,1.9081986;-0.6348464,0.17575914;-0.47087753,-0.013507989;1.4650528,0.64867806;1.3700422,-0.8083015;0.9167257,-0.11108147;-0.72654766,0.73295164;-0.29458347,-0.09829714;0.3885377,-1.6133877;0.5007413,-1.7154176;0.30956945,1.9345032;0.4858877,0.009781517;-0.35041985,0.21269797;1.7292105,0.6365984;1.4363143,-0.5489573;0.3174111,1.583476;0.24052745,1.8489677;-1.194819,1.9291848;1.2975221,-0.8111885;-1.0254402,1.0255814;-0.99177516,-0.38504153;0.6121023,0.13646518;-0.1087093,-0.6029266;-1.1644503,1.8441048;-0.97324747,-0.5293513;-0.6330912,0.3380677;0.51109755,-0.031129139;-1.2616432,-0.74642175;0.05060668,0.19328845;0.575552,0.010726663;-1.0824027,1.9068664;1.4299045,-0.75768113;-0.42864645,-1.5181042;-0.29045933,-1.578175;1.2688215,-0.6077953;-1.0837288,-0.4847706;-0.7429675,0.25511882;-0.7398593,0.2010259;0.40923616,-1.6719986;0.30314738,0.34180614;1.2527571,0.6445633;0.7908276,-0.006987775;1.6177673,0.5293632;1.9277157,0.66263074;1.4813782,-0.669402;-1.1445706,1.9305288;-0.9119431,-0.2777982;-0.3695081,0.0723912;0.29225096,1.8760778;0.25199363,0.14271101;-0.86322075,0.61525714;1.5321609,-0.11594082;0.6841334,0.13010532;-1.5175006,-0.71594757;1.5729407,0.582045;-1.2995026,-0.72004956;-0.4062534,-1.519527;-1.1543467,2.0821524;0.35630473,1.9869158;-0.52732176,-0.19457617;0.3582508,1.7142193;0.8340757,0.11692651;1.5424168,-0.5160713;-1.706607,-0.85275424;-1.0575085,1.1764683;-0.11352854,-1.709655;-0.11331581,-0.33882374;1.4801981,-0.64244443;-1.6618518,-0.78405035;-1.5833919,-0.7208842;1.8747973,0.67850465;0.32812345,1.8680106;0.42549506,1.7515852;-1.1260464,1.8610743;-1.0556238,1.779907;1.1568198,0.5393845;-1.0697968,1.4167256;-0.98766345,0.64492923;0.3484108,0.4057193;0.414227,0.21504456;0.3310699,1.4018062;0.1685209,-1.433478;-0.6744543,0.026978184;-0.094886646,-1.6409769;-1.0852274,1.2027045;1.3688784,-0.12095288;-1.0045755,-0.46127012;-0.7935929,0.031336997;1.4786091,0.738261;-0.3872442,-1.5113084;-0.9296764,0.72403175;1.3028387,-0.19992703;-0.21288717,-1.6538817;-1.1863217,1.2745469;-1.0617768,0.6689084;0.26591977,1.9388417;1.4570665,0.57925254;-0.022266157,-0.009769436;-1.0476363,-0.4421517;0.9148932,0.006530025;0.265805,0.23124757;-0.917231,0.50814044;1.1646849,-0.832601;-0.26916206,-1.5615325;-1.1293176,1.7937771;-0.6475144,0.49158347;1.6076121,0.46847284;0.36256176,-1.7041728;1.3120531,-0.7425432;-1.279313,-0.6978941;-0.14240609,-0.29688248;-1.436858,-0.83334327;-0.94489425,1.1005021;-1.7856389,-0.78251165;0.049511384,-0.6807711;-1.0106617,1.0325971;-0.8610116,-0.24847995;-0.7094742,0.14026518;-1.1552707,1.9728359;1.4037627,-0.09578342;0.32582372,1.8004367;-0.9762945,1.3988242;-1.1229051,0.73055035;1.2611556,-0.8802533;1.7794145,0.70217115;-0.2529075,0.060597323;1.0180956,-0.024949208;-0.49291465,-1.5318756;0.30149254,1.7797496;0.4242425,0.20767252;0.23200756,1.5876266;0.28159162,1.4525483;0.050287504,0.030940497;-1.48397,-0.8206788;-1.2333395,-0.58517325;-0.94691074,1.0032381;1.3368429,-0.05991464;-0.43920025,-1.471542;-1.0858659,1.2974882;-0.7493424,-0.3765683;0.42725408,-1.4848188;1.22815,-0.911886;1.0821973,0.54221493;0.48994353,-1.6720515;0.020799955,-0.7171545;-0.35711652,-1.5255615;-1.0351689,-0.42721245;-0.91007876,0.692699;-1.8630179,-0.92416495;-0.7653393,-0.7480084;-0.66613,-0.5832708;0.3549892,0.37189198;-0.03404269,-1.5666119;1.4322915,-0.62136596;0.30846712,-0.27945837;-0.74139255,-0.7042772;-1.0390091,1.3012799;-1.1072599,0.8585026;1.3219452,-0.6001144;0.38385427,1.5513217;0.31460813,-1.6242886;1.2619832,-0.6627769;0.93532,-0.11834748;1.5461088,0.7513125;0.14610061,-0.31887063;1.383392,0.80170584;1.436964,0.75834477;-0.25623673,-1.6802025;-1.1339796,1.9415461;1.4627926,-0.03794951;-0.9111916,-0.52314043;0.25998056,1.3291367;1.411914,-0.037567534;1.6266809,0.7451566;0.34365502,1.7252223;-1.5959463,-1.0273077;1.8270272,0.672919;-0.5832407,-0.026873218;-1.8354925,-0.8718093;-0.18165997,-0.005455422;-0.5399279,-0.1597492;-0.8573077,1.0395517;-0.25834045,-1.6456666;1.7357308,0.6456059;1.3555777,-0.88698554;0.40037298,-0.046031546;-0.55356944,-1.4548492;1.2211735,0.36457434;-1.1014053,1.8346016;0.31298712,0.3189822;1.9703978,0.6386447;-0.916354,1.0999553;-0.7701015,0.90719837;-1.0609714,1.2452484;-0.43977404,-1.5574148;1.6336917,0.5106412;-0.016335247,-0.90457165;-0.78651196,0.13005091;0.21280096,-1.4743929;-1.0400496,1.2192436;1.4329154,0.6655987;1.7781119,0.633667;-0.7406904,0.92176056;-1.0171359,0.9515515;0.8955011,0.006821968;0.38572767,1.9489828;-0.08333406,-0.2600709;-0.19536826,-1.6276314;1.2933993,-0.9075567;0.24178393,-0.30939826;-1.3286983,-0.7361661;-1.1090755,1.4021028;-0.91242987,1.2075707;1.448264,-0.66587055;-0.86855793,-0.2479692;1.8034334,0.58570963;1.5179716,-0.6631379;0.18166776,-0.3902629;-0.07983454,-1.6108466;0.518992,-1.5501289;-0.64564264,0.4448209;-0.32695937,-1.6539383;-0.39822218,-0.13723472;1.3750341,0.7221157;0.37517753,1.8277392;-1.6325706,-1.0466871;-0.6126933,-0.065020435;0.3865785,1.2705759;0.29521102,1.7456348;-1.4497979,-0.7486735;-0.73105395,-0.5404054;-0.17213821,0.05466831;-0.849486,-0.12588508;-0.3420244,-1.6176475;0.25930884,-0.27496767;-1.0190349,1.4710371;-0.9141529,0.5561798;-0.094569385,-1.6642439;-0.12768096,-1.6379014;1.2717537,-0.602525;1.0358183,-0.17706268;0.15705007,0.19552086;-1.5585841,-0.71552885;-1.8231068,-0.8973034;1.229817,-1.0385467;1.1938659,0.636522;1.3067651,-0.9339555;1.0488694,-0.058113344;-1.0672622,1.2664716;-1.053455,-0.50379014;0.5252073,-1.7240324;-0.9436265,1.2585891;-0.5177305,-1.4974815;0.3238531,1.9661531;1.1737192,-0.31605718;-0.64509517,0.13414803;0.37840623,2.0164082;-0.3421285,0.199839;1.1891466,-0.3695224;0.23422375,0.20454086;1.8633142,0.72897404;1.4556397,0.054705035;-1.1282694,1.31082;-1.1670496,1.8432852;-0.9741108,-0.53625673;1.2009329,-1.1149389;0.8504267,0.018452924;-1.7270576,-1.0095907;1.3479997,-0.7520597;-1.0149581,0.83544683;-0.84795547,0.4902303;-1.1998526,-0.74098873;-1.0646302,1.1707202;0.34208024,1.9333076;0.017799063,-0.120057166;-0.21913107,-1.636611;0.31910133,1.4267793;0.40128115,1.786844;-1.1179352,-0.5350677;-0.79295397,-0.10668892;0.72678584,0.032961994;1.5559899,0.63865745;-1.0129808,0.9690417;-1.1209345,2.0109954;-0.8071082,-0.019190788;-0.7021661,0.16706736;1.3162776,-0.8567171;0.4287097,-0.2744838;-1.259625,-0.650902;-1.0202719,1.3921021;1.3267814,-0.060633585;-0.6921478,0.4827221;0.3195178,1.4600832;-1.5723966,-0.8575896;-0.7739946,0.057007633;0.30786657,-0.3562412;0.4229964,-1.5940319;-0.45846668,-0.07619414;1.3131244,-0.7744504;-0.3988147,-1.4467767;1.3471284,-0.6165193;0.652247,0.14921814;-0.70955586,-0.62971747;-1.768963,-0.87267405;0.32037938,1.593193;-0.5022559,-0.3304403;-1.259952,-0.82096523;0.07706792,-0.22344878;-1.1165032,1.9531847;0.1526015,-1.4828365;-1.8440399,-0.7795509;-0.60308886,-0.4234848;0.45786092,-1.4970093;0.36735636,1.2611803;1.3879039,-0.7491125;0.3435489,0.28716916;0.36002964,-1.4603122;0.038115025,-0.686733;1.4369093,-0.12048067;1.315923,0.72282183;-0.76127094,0.28639507;1.2192245,0.6922813;-0.78463924,0.25034446;1.5939735,0.7285156;-1.6965863,-0.7907743;1.221833,-1.0827545;0.36118662,1.8090804;-1.5457579,-0.76625013;1.2793766,-0.82800156;1.5693431,0.0077548684;1.288946,0.7058111;-0.33867022,-0.107533775;0.28524378,1.8460339;0.4944925,-1.7318451;-0.77844346,-0.38893378;-1.6721874,-0.9901681;-0.16213049,-1.6838576;-0.09163431,-0.6929863;-1.0746524,1.0375757;1.4490815,-0.5157348;0.91661656,0.12895508;-1.8109345,-0.9292534;1.5518359,0.6502354;-1.2191955,-0.7443355;-1.1110866,0.89873546;-0.9602446,-0.28883922;-0.7424506,-0.6842539;-0.8354239,-0.144865;-1.9254501,-0.93302685;-0.77712387,-0.74824953;1.0871731,0.6456868;1.8760337,0.6505564;0.3422942,-0.1235283;1.2832873,0.65953153;0.24340351,-0.40214086;-0.9440353,-0.32653502;-0.57985353,-0.29807392;1.2505401,-0.96858335;-0.23883879,-1.552005;0.32007432,1.6649942;-1.1416303,1.0323757;-0.8573779,0.43986905;0.20182796,-1.4707322;-1.1171415,1.9840064;-0.055395983,-0.7875314;-0.75879186,0.47687113;0.9446268,-0.06805697;1.1660779,-0.12871513;0.16620265,0.2310063;1.3812959,-0.4838122;1.2250695,-1.0608894;0.19545585,-0.5278982;0.24401659,1.3986485;0.32908565,1.7481639;1.4058399,0.7026428;-1.0898236,0.973846;-0.54717827,-1.4382281;1.476387,0.04164121;1.4674733,-0.5609534;0.46990788,-1.5365888;1.5065502,0.06807838;-1.0673975,1.3184383;-0.97811997,-0.31322888;-0.11585835,-1.6360099;-1.8781074,-0.97918564;0.32431132,-1.5659783;0.2705559,1.5145264;1.4783648,-0.5114765;0.08886396,0.1524962;0.6844889,0.086908996;0.20664681,-0.41486913;-0.3517414,0.1538789;0.32602125,0.33970952;0.04830466,-1.7134147;-1.5269845,-0.7720619;-1.1628618,1.9560944;1.0884023,0.59671813;1.411463,-0.67618406;-0.4730432,-1.5819998;8.508589e-07,-0.84095687;0.31635687,0.36541593;1.522029,0.45366234;-1.1157475,0.99085593;1.4742196,0.49394473;0.70252144,0.09240004;-1.0932326,1.6157879;0.058758546,-0.3121318;-0.412887,-1.3873638;0.26725197,0.36633506;0.011358966,-0.035136655;1.199548,-1.1345879;0.048624795,-1.6795194;-0.034305155,-0.74565434;1.264944,-0.34123668;0.3649457,0.34262088;0.27135175,0.36739546;-0.49809924,-0.0662835;1.5063039,-0.5396931;-1.6988982,-0.82553226;-0.73451704,0.22793129;-1.0770375,0.8898795;-0.48141763,-0.09789103;-0.580369,-0.31139046;0.45274985,-1.6953975;1.8680022,0.63704973;-0.8276493,1.0433408;-0.8792675,-0.48489907;0.02228948,-1.6089203;-0.882374,-0.3141832;0.05586772,-1.359384;1.1682563,0.5816804;-0.82939607,-0.35403818;0.28958967,2.02555;0.33700162,1.5262936;0.40440163,0.22823863;0.29200605,2.0428238;-1.2795631,-0.59089726;-1.1162812,1.003461;0.3553611,1.4505275;-0.4363214,-1.521581;1.9467334,0.66004395;-1.717855,-0.7835393;1.521315,0.641942;-1.050179,0.9981722;-0.8575584,0.009432284;0.070209734,-1.3072841;1.4384445,-0.67433083;-1.5763477,-1.0092131;-1.4845512,-0.7949078;-0.15029958,-1.724809;-0.040432706,-0.7127135;-0.4969637,-1.4856119;1.4951237,-0.17160971;1.9555162,0.71417904;1.3088697,-0.5163498;-0.20448197,-0.0059504607;-1.0204206,1.6204447;0.35476193,1.7775787;-1.2355508,-0.6291431;-1.136053,2.0597205;0.3500459,1.2506058;-1.6873454,-0.9616238;-1.0131584,1.2274715;0.3781552,-1.6612419;0.058462445,-0.64990324;1.8256847,0.70095557;1.6179409,0.43101093;-0.85624075,-0.5593079;-0.44750795,-1.5833353;-1.0803088,1.7017903;1.2637626,0.6794555;0.44533432,-1.6392733;-1.1252941,0.80304295;0.3416941,1.994583;-0.4027334,-1.5837758;0.39261594,-1.4641094;-0.7870156,-0.13200887;-0.030202542,-0.6533258;0.28062564,0.32506886;-0.6172241,0.13724975;0.075578906,-1.6864748;1.132713,0.6648368;0.18922448,-0.28572202;0.31498644,1.3855331;-0.7990152,-0.466752;-0.9623464,0.8134738;1.9827085,0.69167453;-1.0493803,1.6749208;0.32557473,1.5440694;0.15808249,-1.5258607;1.1823564,-1.0648589;0.19622186,-0.34281707;-0.31287712,-1.4927464;-0.036704645,-1.6737163;1.2123488,-1.0047331;0.35903344,-1.5420378;-0.21185006,-0.032631416;0.7743526,0.11607521;-1.1656756,2.0643797;-0.9001625,0.55098057;0.48661518,-1.437029;1.2197179,0.6190299;-0.97419727,-0.42442077;1.3146477,-0.7252328;1.364294,-0.09966448;1.5542432,0.5698528;0.013725358,-0.4172428;-1.831837,-1.0089663;1.3610963,0.6218801;1.4829097,-0.4978562;-1.2386055,-0.82617706;-0.5063127,-0.17948452;1.4165078,0.7062462;-1.873542,-0.93318313;-0.7764342,-0.5831172;-1.4022906,-0.7100454;-0.52339333,0.32001513;-0.9284643,0.81643766;-1.752287,-0.84559935;-0.001908084,-1.5910442;1.3428501,0.60638255;0.09358717,-0.39788297;0.41451663,-1.4511712;-1.8441427,-0.90733284;1.1409633,-0.35959405;1.4544771,0.7854638;1.3390275,0.6226629;0.31356922,1.3300995;-1.7571002,-0.83554274;0.2983995,0.26387382;-0.7227395,0.14994285;1.9114823,0.7139211;-0.47688323,-1.4139965;0.45699957,-1.7414118;-1.0439444,0.96251917;1.1318785,-0.3477534;0.5715865,-1.6751775;0.30384088,1.5838505;1.5834172,0.7516265;-0.39761636,-0.3138524;0.3655582,-1.5791489;0.18876503,-0.53582585;-0.8341011,0.8131091;-1.266847,-0.73411286;-0.47500506,-1.606999;-0.82648486,-0.6894001;0.2781977,1.6367666;0.18963106,-1.4765154;-1.1044617,1.7804854;-1.0488875,0.796661;0.22255935,0.053756073;0.14117771,-1.4399388;-0.119163856,-0.33532456;0.5612375,-1.7125237;-0.013476293,-0.6945427;-0.7259293,0.16889776;-0.6019114,0.11848227;0.95552635,-0.022638498;-1.0992665,1.7471505;0.07266517,-1.6926341;1.6641258,0.5185301;0.11841387,-1.3444653;-0.8579087,0.59314454;1.992933,0.69766533;0.8183596,-0.044391695;-1.6404129,-1.0589246;-0.5076378,-0.36413103;-0.5229045,-1.4709501;0.32382262,-1.6864173;-0.9279809,-0.21983436;0.6785413,-0.011584661;0.019233635,-1.633934;-0.59159595,0.44999754;1.3784167,-0.5061632;1.5477582,0.5763019;1.4034165,-0.6417451;-1.6258335,-0.9887723;-1.1507975,2.0968263;-1.1767243,2.0413454;1.3162577,-0.14349853;-0.25391552,0.06638239;0.0067137415,-0.41002417;-0.49914145,-1.5663229;-0.022098592,-1.691331;-0.42835194,-1.5918977;-0.34987426,-0.34487662;0.24718747,1.8602943;1.2640817,-0.99274117;-1.6555831,-0.7980599;0.07029169,0.17796688;1.7499149,0.79206705;0.6643741,0.031225905;-0.5859983,0.40583092;0.31789428,1.8079057;0.35530117,-0.05563967;-1.0682695,0.6591121;-0.6518692,-0.35750154;-1.1227144,1.7475463;1.419989,-0.070670076;0.15095212,0.22503455;1.0667381,0.6323348;-0.57099324,-0.08046265;1.0289222,-0.09474816;-1.4740906,-0.8541152;1.2625121,-0.217219;0.025963489,-0.28203687;0.13327017,0.11727499;-1.0177269,1.5735494;0.43959495,-1.4293981;-1.008504,1.0380545;-0.8745888,0.5375428;-0.40844977,-1.5620563;-0.03753569,-0.7763496;-1.1044194,1.780561;-0.26473236,-1.5604427;-0.44654426,-1.3590412;0.46945563,0.2781297;-1.7338542,-1.0550218;-1.1898352,-0.59312695;-0.88625526,-0.44111916;0.2807084,0.28866288;0.28008407,-0.42596018;-1.0733086,1.2956638;-0.9054231,-0.39092204;-0.44884944,-0.16932772;0.003828652,-1.4695389;1.0870329,-0.33346364;-0.7044142,-0.40218854;-1.0596601,-0.47472736;1.3920834,0.73385155;1.4155254,-0.458989;0.24736485,0.3113362;-0.6383523,0.31292745;-1.0755488,1.4250025;-1.2991536,-0.687053;0.23983829,1.6066915;0.29395813,1.3827313;-1.6547178,-0.9418256;-1.1366897,1.9981141;0.3299696,1.2782954;0.13278395,0.076035105;-1.8343397,-0.78065956;0.28100345,1.8165853;0.05230943,0.19268829;-0.75222194,0.20306455;-0.90733886,-0.370177;0.30767068,-1.4506855;-0.4006718,-1.3273897;-1.052298,1.0627244;0.32915288,-0.34164378;1.2848371,-0.9891902;0.9313922,0.027063482;-0.48788658,-0.052975353;-0.076537736,-1.6646062;0.09160937,-0.7891635;1.3736713,-0.07718341;-0.90916693,0.6483842;0.14525092,0.051611982;-1.0807204,1.8152261;1.3208473,-0.8164199;1.6561251,0.7584701;0.6178256,0.03579017;-0.8555766,0.5356079;0.3052848,1.932733;0.4325301,0.29667124;0.22698139,1.6550058;1.347985,-0.46755075;-0.7702897,0.9475889;-1.6843683,-0.8594594;-1.0739951,1.7550795;-0.32070878,0.18798243;-1.0274636,0.851588;1.2661085,0.70225346;-1.7607739,-0.8198437;-1.1202648,1.7987837;-1.0861053,0.71611005;1.3029995,-0.15944979;-0.9578618,-0.37245816;-1.6393297,-0.73661584;-0.84932745,-0.22788325;-0.35489875,-0.08466559;0.32555464,1.5401416;0.09549109,-0.78443843;1.8456435,0.64421856;0.16895315,-0.383433;-1.0891576,1.8744258;-1.1125708,0.76785314;1.2063364,-1.1268619;1.9462874,0.6832313;-0.41763842,-0.0010641227;-0.8474173,1.0435158;-0.7101896,0.2710103;0.60205865,0.013556969;-1.6330792,-0.82987297;-1.5201321,-0.75363886;0.025862632,0.1260416;0.30169022,1.3655063;1.3090962,0.36027694;-1.7696729,-0.8332454;1.0826705,0.5842549;1.3794296,-0.6256615;0.3798062,-0.024439048;0.42560008,-0.27308664;-1.797922,-0.87222344;1.2569102,0.6134911;0.6922158,-0.00027106077;1.5002738,-0.18774356;0.9753584,-0.09067337;-1.0482713,-0.47006908;0.8116754,-0.031653978;-1.1608042,2.0263844;-0.86175174,-0.34368688;-0.96515596,1.3118829;0.42188418,-1.6863437;-0.26193342,-0.08025808;0.191722,-0.26179013;1.3925916,-0.6893785;-0.05187366,-0.6589432;1.5638521,0.73640096;-1.0806412,1.3679091;-1.0801566,1.4874306;-1.0938613,0.7765397;0.26512414,0.1471048;-1.7173762,-0.85803497;-0.7380808,-0.6520673;-0.47101334,-0.37813362;-0.21993813,0.047241073;-0.90089566,1.2556424;0.34423938,-1.5078485;-1.15082,1.9086034;1.6078992,0.77435553;1.4784111,0.003878589;0.35573214,1.2895024;1.2587905,-0.8249378;0.21361312,-0.48143893;1.4011917,0.7455955;-0.0011146655,-1.5814313;-0.029124347,-0.6027949;-1.4210572,-0.66762376;-0.06780838,-0.25737166;1.3970456,-0.12519237;-0.7020762,0.23069562;-0.99858177,1.37216;1.2785966,-0.26087558;0.18729182,-1.4846394;-0.9875945,0.7903206;-0.99078023,-0.4538748;1.768737,0.735069;0.15867251,0.22548424;-1.0325265,0.74101186;0.06787672,0.18846259;1.425201,0.7838884;0.19895223,-1.4303539;-0.91290057,0.8332727;0.39600947,-1.7255415;1.38279,-0.7172609;1.2081962,-0.19766073;-0.6577341,0.22748415;0.35440457,1.8804427;-1.0834906,1.5209779;-0.9957326,0.64334846;-0.81484103,0.5450733;1.534869,-0.58303446;0.34747168,-1.6672909;1.3056912,-0.90545624;0.9773876,-0.08950796;-1.1236559,1.2907647;0.13387308,-0.2743723;1.215065,-0.3401158;0.32611236,-0.17504038;1.8209976,0.72698724;-0.76956564,0.50134915;-0.7913145,-0.6352866;-1.8973967,-0.94720984;-0.71874845,-0.3209557;-0.8987771,0.4865134;0.96167296,-0.038583796;-1.6898711,-1.0123776;1.4527193,-0.07087493;1.542706,0.013902609;-0.7436394,0.74116534;1.3314143,-0.01618353;-0.71060055,0.45973754;1.9063796,0.689373;-1.0626037,0.93069845;1.2540069,-0.32156214;0.0055226334,-0.75470626;1.439171,-0.0709674;-1.5280007,-0.8497134;0.0427784,-1.6943921;0.47918049,-1.3905246;1.1587297,0.58675754;0.79025793,-0.06699839;-1.6742178,-0.82404673;-0.6112616,-0.4249876;-0.38976803,-0.040737938;1.4968401,0.7572926;1.4526211,0.53212154;1.3286179,-0.86365503;1.277397,-0.90679854;0.33957475,1.3457773;-0.87435615,-0.67022496;0.24540949,-0.2842678;-1.656862,-0.90121394;-0.7387253,-0.52481085;-0.980716,0.9850749;0.23902847,-0.5122193;-0.8730569,0.4184088;1.3084877,-0.7705926;-1.0274364,0.90675706;0.11015816,-1.673571;-0.83201545,0.85505086;0.32626876,1.899189;-1.5913146,-0.7665271;-1.0317807,1.4533329;-0.64920294,0.41464722;-0.3781312,-0.35281032;-0.1678361,-1.6109878;-1.0793444,1.7946388;-1.0285499,1.0322001;-0.9012454,0.62625515;1.4395199,0.011280377;-0.20995508,0.05238012;-1.6311762,-0.7848981;-0.77868813,-0.61492354;0.19617103,-0.21986838;0.39045173,1.7141683;-0.1629396,-0.33525124;0.2833047,-1.6409999;0.38774678,-1.5622945;-0.78397155,-0.03951496;-1.0622935,0.60845804;0.027383268,-0.038276244;0.4322397,-1.6519573;1.0863765,0.5692245;-0.8096863,0.8586713;-0.5196089,-1.5375032;-0.009651595,-0.84377456;-0.3237417,-1.5840716;0.49815947,-1.3523697;-0.3298697,-1.5771878;0.32860172,1.3002107;1.4037176,-0.7645367;-1.0493398,1.337015;-0.9380551,-0.3014999;1.2453798,-0.7627497;0.20148258,0.13447131;1.7938247,0.60572124;-1.9266287,-0.93348485;-0.1760411,-1.5743235;0.03900323,-0.76838213;-0.44123584,-0.28533295;1.5883565,0.8122625;0.3968329,-1.6314857;-1.907628,-0.9751748;1.4924161,0.6658514;0.90728045,0.1285974;-0.42006364,0.0076962104;-1.5239608,-0.72260076;-0.7133787,-0.4477493;-0.01471563,0.007233379;0.5075519,-0.00025484146;1.1636661,-1.0392218;-0.106433205,-1.6437371;1.7425349,0.60334957;1.5858501,0.030844646;-0.6741322,0.13126254;0.1077315,-0.40291253;-0.18515462,-1.6757576;0.085176826,-1.4574751;1.2477703,0.7497111;0.12617399,-0.34042516;-0.70690936,0.4855249;-1.2317345,-0.62182957;1.4507941,-0.58537227;-1.7433652,-0.9783427;1.2947726,0.3386514;1.3919704,0.040615328;1.3413906,-0.7477934;-0.8725674,-0.38285312;1.1851364,0.549919;-0.6011739,-0.13695271;0.8888708,-0.09791573;-1.189484,1.2699498;-0.7753152,0.82943875;-1.3855764,-0.733195;-0.64230156,0.19308536;-0.76737887,-0.7633969;-1.6984016,-0.7640156;0.26803496,1.9031988;-0.4355971,-0.31505722;-0.61268693,0.21196629;1.2188114,-1.058668;0.4926623,-1.6764756;0.22221203,-1.5263567;0.33819836,-0.3885577;-0.23470086,-0.03268785;-1.7825899,-0.76509047;0.33766273,1.7539271;1.2067078,0.55370504;-1.2444144,-0.7105297;-0.3821129,0.15495627;0.38948092,-1.521641;-0.9400149,0.8407391;1.7830548,0.74743176;1.8340205,0.6197425;0.40711915,1.8609778;0.34373438,-1.5992315;-1.0576925,1.2421025;1.1761407,-1.1159718;0.36417106,2.0499144;1.4721307,-0.7143746;-1.1128143,1.9291863;1.2530879,-0.27606973;1.4243562,0.049757954;0.5094586,-1.5487906;1.3736857,-0.571387;0.32658678,0.2444874;1.6316026,0.7603773;0.7732806,0.01843014;-0.5077876,-0.109240115;0.060369827,-1.2677656;-0.5644157,0.44205067;-0.13127202,-1.6696717;1.2061752,-0.5900848;1.1512218,-0.428635;0.35141397,0.3967572;1.2964323,0.30800837;1.3182095,-0.6829027;-1.0615344,1.8235624;-0.9044951,1.0492167;-0.4433923,-0.34756592;-0.30477893,-1.4928299;1.8981895,0.65838814;0.38450605,1.9057101;-0.18509774,-0.31565753;0.3413032,0.17710055;0.92847365,-0.05330342;1.2324241,-0.32870895;0.3179098,0.4001201;-0.89109474,-0.5169991;0.098999694,0.20445128;-0.4180601,-1.4828345;1.5808061,0.73099864;-0.8630366,0.5121796;-0.9021335,0.60860527;0.1410878,-1.451831;-0.85666794,-0.68763506;-0.8945578,-0.32078075;-1.1261069,2.056662;-0.8098011,0.94065046;1.2389781,0.66255575;-0.61325115,0.21198139;-1.0561354,1.6039245;0.30393967,1.5080603;-1.0314035,1.4368975;1.3135419,0.7484904;-0.38300854,0.10861161;0.49586847,-1.6686257;1.2620207,-0.28989014;-0.792804,0.5607973;0.43129978,-1.4511958;1.145809,0.6216203;0.27680585,0.337538;-1.0650873,1.1690067;-0.5656992,0.46336088;1.4017708,-0.005144768;-0.8489748,-0.45184904;-1.1166048,-0.5422867;-0.76785725,-0.02849983;1.0818738,-0.27154294;-1.1287394,1.8526161;-1.1877649,1.9960723;-1.8438534,-0.82873493;0.30755648,2.0220854;-1.1882744,-0.7037832;-0.34150127,0.1408283;-0.48309523,-0.3827438;0.31792766,1.8282202;1.8002023,0.659195;1.1187631,-0.33897153;-1.0640948,1.6357319;0.014769788,-0.43446815
p3d-kl
0.386848509311676
p3d-iter
599
p3d
-1.4807715,2.317233,0.9652049;1.4791795,0.21170807,0.1610274;-1.3137841,-0.56327015,-0.60406935;-1.4787892,2.3178234,0.96568364;-1.5714885,-0.622575,-0.69360864;-1.2237995,1.7705688,0.10775501;0.09062965,0.68112886,-2.1676252;-0.8595486,1.1276941,-0.28913075;0.49949536,-0.86787635,-0.1996603;0.005705641,0.18291771,0.4989567;-1.540181,-0.6737297,-0.51404977;0.37640598,0.072269544,-1.3102041;-0.17799371,0.37363976,0.16856447;-0.6036185,-1.1024653,1.0057381;0.82897574,-1.2388868,-0.14449199;-1.3388077,-0.539028,-0.5407864;0.032622106,0.6420307,-2.0720174;-2.162004,-0.95423144,-0.56729364;0.65933746,-0.9605995,-0.32397574;0.31830075,-0.68026227,-0.2529064;-1.1123096,1.6213951,0.10642697;0.32985964,0.7586158,1.4151886;-0.32580292,0.6184508,0.28887898;1.0055888,-0.5844192,0.15135117;0.61920893,-0.8414148,0.28756085;-0.72040635,-1.3717251,1.1766293;-0.9618837,-1.3369342,1.3069679;-2.197594,-0.9952605,-0.39813352;-0.2763285,-0.056551892,-0.31324193;0.7010248,-0.1558315,-0.037820477;-1.254592,1.8751985,0.5689591;-0.022154551,1.1307117,1.3579301;-1.6785448,-0.7529819,-0.51828074;-2.0763154,-0.9427667,-0.5886706;2.300034,0.595419,1.1594064;0.28270578,0.5749312,1.3544968;1.5890802,-0.27084854,0.120829575;0.5449517,0.03992817,-1.2199849;-0.6931597,0.077132806,-0.22260676;0.16298819,-0.7344916,0.10820152;2.1435046,0.76643115,1.0623801;0.3280263,0.015334368,-1.3943912;0.78214014,-0.9184842,-0.020980546;-0.3350983,-0.025243938,-0.12037607;0.09808815,0.39147043,-1.7547612;-0.34443104,-0.74389595,-0.6121945;-0.47622964,0.04109389,-0.060860585;2.2940464,0.65018266,0.9787342;0.32314828,0.95882684,1.3210646;0.44879195,-1.6779444,0.8089567;0.22274812,-1.8054856,0.94221413;-0.020788157,0.6941715,1.2552818;0.46237457,0.25757423,-1.3861979;0.8406725,-1.0954028,-0.33581766;0.8089252,-1.0617485,-0.4437718;-0.78025705,-1.3475623,1.2948182;-0.7335481,-0.4084429,-0.6110669;-1.0170755,1.3247378,-0.22048959;-0.5789561,0.3030346,0.25104043;-1.0632075,1.670653,0.5457976;-1.3985803,2.2130253,0.8523963;0.21053883,1.1554381,1.4040751;2.2921684,0.7765087,1.0957823;0.5917133,-0.074932836,-0.9953071;0.37330583,-0.09239598,0.002224858;-2.1148758,-0.8808405,-0.4889861;-0.44873062,-0.1350775,-0.759857;1.3041794,-1.0319049,0.0022620542;-0.51528287,1.5137607,1.1545902;-0.7389895,0.12878554,-0.054960206;0.2277721,0.65616167,-2.2368042;-1.1185058,1.6529657,0.39255267;0.13313676,0.49115098,-1.7767296;0.38608736,-1.6719848,0.70539576;2.4948072,0.7404178,1.2770427;-2.291644,-0.90286183,-0.30883005;0.30043453,-0.4622119,-0.4543161;-1.8547277,-0.811979,-0.33440945;-0.43116027,0.5331762,0.008907539;-0.024715224,1.41436,1.3122944;0.033393547,0.88951355,-2.5930974;1.6988724,-0.019467471,0.2887001;-0.1475908,-1.8834876,0.82528585;-0.00977063,-0.347756,-0.17724405;0.17164086,1.1778972,1.3946271;0.12889257,0.8009064,-2.5116968;0.1963885,0.61844,-2.3644178;-1.3371322,2.1510925,0.77212286;-2.1063464,-0.8840031,-0.3967706;-1.9189456,-0.76268816,-0.17985646;2.1892219,0.69300205,1.0083303;2.1260333,0.6552,0.8004759;-0.9141829,1.0311487,-0.23686674;1.806251,0.3505858,0.47652897;1.420875,-0.83264834,-0.28092077;-0.8711071,-0.3900427,-0.5804564;-0.6222487,-0.030147588,-0.60367703;-1.4082761,-0.65606153,-0.5856505;-0.30026188,-1.1445664,1.0385507;0.7026027,-1.4316155,0.3638747;-0.13916679,-1.8190619,0.98521733;1.7375007,0.018547188,0.308232;-0.4907229,1.1815958,0.9075686;0.47458902,0.038695242,-1.3826531;0.7910749,-0.62389225,-0.5525786;-1.2380234,1.7397232,0.0075693526;0.34426767,-1.6541944,0.6963369;1.3636255,-0.7771818,-0.018263284;-0.42078555,0.9423886,0.9088494;0.05115569,-1.9027783,0.88903695;1.816845,0.32078215,-0.014165555;1.1509011,-0.5269898,-0.12756093;-2.2113383,-0.9532186,-0.5204552;-1.0070004,1.5222614,0.20621073;-0.055888876,-0.6597236,-0.55959505;0.50828815,0.15313604,-1.3507869;-0.5071584,0.6151299,0.2128542;-0.5644246,-0.26092327,-0.65905154;1.2575157,-1.1608473,-0.24064301;0.429803,0.9401109,1.1689203;0.18985228,-1.7550883,0.9463914;2.1105328,0.64673954,0.92836;0.92710936,-0.9572616,0.19671522;-0.9615898,1.5849603,0.63030326;-0.70077914,-1.2455392,1.3576136;0.20738128,0.6956344,1.3074338;0.1716538,0.44346765,-1.7724652;0.07147803,-0.38435972,-0.22604391;0.00011690125,0.6396703,-2.040766;1.4485648,-0.07904866,0.2441794;0.07672611,0.8185067,-2.7906854;-0.058065373,-0.6985302,0.4036016;1.5581708,-0.23421854,0.10757613;0.5894626,-0.21413906,-0.90466017;0.71141326,-1.016672,-0.51913595;2.337181,0.780459,1.1568933;-0.51594406,1.2752751,0.91847223;-1.9919436,-0.8563131,-0.41774678;1.6725513,0.25815985,0.56216407;1.2656292,-0.34769338,-0.2743417;0.37889808,0.44537812,1.2868208;-1.2568932,2.0971859,0.58229715;0.6426601,-0.37017378,0.45128664;-0.5547681,0.7044805,0.46805626;0.550309,-1.7417065,0.66700846;-1.9696734,-0.838089,-0.47197524;-0.61906105,0.0016954272,-0.59651864;-1.5783322,-0.9132831,-0.40316895;-1.5210024,-0.6405028,-0.68693715;-0.12973095,-0.4560493,-0.6404454;0.041721787,0.6743141,-2.1309917;0.3319773,0.52487576,-1.634677;1.3909456,-0.1802317,-0.03277634;-0.53961664,1.1796452,0.7760719;0.46638972,-1.5675906,0.79069656;1.7433598,0.25946906,0.22524683;0.33322674,-0.15733126,-0.85814774;-0.7274253,-1.2655377,0.87958807;0.49429697,0.64769727,1.2039098;-0.780446,0.9926584,-0.3679767;-0.9223404,-1.2940726,1.2468351;-0.07300452,-0.81152546,0.36072892;0.3357607,-1.6729988,0.8506757;0.49229383,0.16246276,-1.2877204;1.3411397,-0.84787524,-0.014023741;-0.08955325,1.1192656,-2.894873;-0.18041717,0.23724522,-1.0998497;-0.0974108,-0.11278038,-0.789429;-0.8189475,-0.3205622,-0.58888304;-0.1898791,-1.6296046,0.7548841;0.09539409,1.077576,1.4142983;-0.099573016,0.17159379,0.35370108;-0.14275223,0.13207509,-1.065526;1.6880568,0.3126763,0.23805371;1.4677286,-0.337775,-0.19928573;-0.0062976326,0.8455444,1.3341007;-1.6316379,-0.62644017,-0.3946775;-0.6276078,-1.5222038,1.1729429;0.05247338,0.6191499,1.3120888;-0.38487723,0.52026236,0.43420106;-1.2825629,1.8520129,0.12376927;0.07286168,-0.11358401,0.17996667;-1.1947743,1.7280886,-0.20928577;-1.277992,1.660686,-0.082506955;0.078593716,-1.8703724,0.73534244;2.3102257,0.75969416,1.09316;-0.5400528,1.4757136,0.843511;0.27918446,0.06486649,-1.2244347;-1.3194866,-0.607288,-0.7758082;-0.5951581,1.3406729,0.8771379;-1.3293785,1.9622669,0.24767958;-1.882048,-0.7894299,-0.38828757;-0.26623568,0.89163506,-2.3045557;-1.2929333,2.0921717,0.6901574;0.57397485,-0.5908001,-0.3693562;-0.020114116,1.0232242,-2.8453631;0.4955833,-0.3889654,0.48425874;0.35057956,-0.46521845,-0.43945223;1.2671689,-0.05916444,0.15650073;0.10971619,-1.8688757,0.8087776;-1.2589147,1.8983654,0.57604116;0.4364825,0.650507,1.3789816;-0.30480722,0.32896814,-0.021729529;0.62439674,-1.5566871,0.5063186;-0.7939854,1.0471483,0.15611905;2.1714685,0.7401569,0.9266515;-0.7159862,-0.43353745,-0.5605535;-1.4272705,2.2357278,0.9617225;1.381815,-0.10297859,0.29589474;1.0663545,-0.23951755,0.14558494;1.7026818,0.13009371,0.23659803;0.4421232,-1.7787875,0.729996;-1.0474098,1.6761497,0.59444463;-0.06982676,-1.149374,0.58361673;0.81631005,-0.816077,-0.5195717;-0.37412667,-1.2119535,1.0230641;1.6526785,0.09157327,0.23473836;-1.1300939,1.5937331,0.0327404;-1.2721391,1.9425209,0.6552836;0.99971944,-0.17579333,0.09176202;1.5784723,-0.42454547,0.07791302;-0.5688931,0.5545232,0.27164516;-2.2233198,-0.7967163,-0.3002449;-0.16949168,-0.10787434,-0.4373435;0.023274004,-1.803197,0.8554944;0.42437413,0.46588847,1.3286426;0.0010474772,0.048824273,0.2975361;0.122129545,0.51670295,-1.857096;1.8094062,0.45399785,0.3301996;1.4120079,0.1806233,0.0874612;0.18255553,1.0782616,1.4004091;0.5982038,-0.1926155,-0.91119355;-1.2812452,1.8810207,0.7535595;0.22782354,1.2294718,1.288485;0.10937142,-0.12668118,0.37756103;-0.15084417,-1.7225468,1.0147054;-0.9119743,-1.2795794,0.9579304;0.8886824,-0.8474646,0.117027916;0.20288514,-1.8223674,0.68945044;0.360428,-0.84616536,-0.026393417;-1.1717806,1.5768639,-0.12607451;-2.012183,-0.89011574,-0.28505063;-0.26988927,0.805884,-2.3911853;0.55790454,-0.5102958,-0.42151108;-1.1833757,-0.48369142,-0.5548345;-1.919317,-0.8022444,-0.5003496;0.16543598,0.6318122,-2.0637476;0.07321001,-0.11761942,-0.982046;0.5569922,-0.25682378,0.30650288;0.7191031,-0.37365848,-0.7814269;0.26138863,-1.8995427,0.8231103;-0.054674603,0.09241965,0.2599601;1.7176901,0.51320606,0.50834423;1.3102871,-1.1115118,-0.1684537;-0.14518034,-1.829224,0.96271443;-0.09643556,-1.8415093,0.975608;-0.040164836,0.7055481,1.3113174;-0.4220732,0.4955059,0.6214635;-0.41922992,-0.50490075,-0.7307933;0.17006488,0.5648902,-2.300124;-0.02500633,1.0823926,-2.824282;0.5685574,0.27625057,1.1391547;-0.95534503,1.2354962,-0.2959059;0.4741196,0.53080493,1.3062648;-0.52581257,0.716057,0.5487246;1.7329625,0.16122879,0.2729118;0.42801514,0.22249125,-1.365894;-1.0051135,-1.350086,1.301459;1.4814318,0.26085296,0.20666327;0.5471772,-1.6485648,0.57362825;-2.2556074,-0.93483514,-0.37457833;-0.26420823,0.6326613,0.91800106;0.6184878,-0.9990529,-0.42644832;-2.332216,-0.90703005,-0.24353006;0.7053218,-0.14039148,-0.030663742;-0.18654238,0.6537477,0.9660389;-0.45886394,-0.27596697,-0.6677093;-1.2952673,2.2325332,0.6841733;-0.72722393,1.4985256,0.8108966;1.8102918,0.27936774,0.16699871;2.141284,0.77013636,1.0667429;0.3190205,0.0106261475,-1.4059778;0.6449902,0.14569554,1.0332365;-0.6048292,0.4604869,0.25095794;-0.22946881,1.0210408,-2.5704646;0.22667897,0.75033873,1.3598813;1.5382407,-0.6297029,-0.13721211;1.2458507,-1.3279368,-0.106484495;0.0813338,0.36651775,-1.6242142;1.7000701,-0.024808306,0.24396116;-2.2005622,-0.9256723,-0.35298753;-0.032175917,-0.5281426,-0.26561794;0.06473125,-1.8757044,0.890514;-1.455018,-0.66196316,-0.5929001;-1.9323008,-0.9440507,-0.2436133;0.39817354,0.31587175,-1.4870518;0.6623946,-0.4220283,-0.6866425;-0.5755249,0.20722163,0.07570391;-1.1594399,1.711971,0.2839688;1.5811532,-0.41265148,0.13183255;2.4139068,0.7801223,1.1612047;0.77121687,-0.5159606,-0.59647846;0.72198504,-1.0105944,-0.4500622;0.37387013,0.5925077,1.3512412;-0.05566167,0.45281637,0.36654624;0.2771456,0.386893,-1.7551507;1.7048092,0.33776817,0.4741538;-0.53561306,1.1692512,0.75835145;0.9747588,-1.0116515,0.12109184;-1.5118136,-0.64880896,-0.5940789;-0.0014698093,0.76343584,-2.3093944;0.7682482,-0.6702724,-0.5112383;-0.0011035963,0.10148758,0.50849015;-0.72323585,-1.5103738,1.1439683;0.38848895,-0.6266819,-0.1607912;0.24057212,0.6576748,1.328187;0.3822204,-1.494057,0.7191336;0.038601797,0.8828132,1.3425719;-0.7228624,0.1260669,-0.19062674;-0.07611608,-0.044441648,-1.0250146;0.020603256,0.9828601,-2.715138;-1.7040228,-0.74444056,-0.54063636;0.12136429,-0.41887283,-0.67432857;-0.047813118,0.4367744,-1.7361003;0.05847487,-0.26875728,-0.023275718;2.3073254,0.7974421,1.1047237;-0.29665747,-1.2054721,1.1328766;0.016188534,0.7948711,-2.9044898;0.09528993,-0.10283175,-0.6259818;-0.76813537,-1.336115,0.86878127;-1.1815621,-0.49221325,-0.5770451;0.2684726,0.8620652,1.4011891;-0.67250544,-0.26271167,-0.5676494;-0.5859517,-1.2406899,0.87600374;-0.06222829,-0.72748613,0.37782;-0.48548016,1.3332449,0.9892947;-1.1147573,1.5045372,-0.26794282;0.9242042,-1.0868928,-0.34947938;-1.057283,1.299028,-0.33025798;0.8696044,-1.1464138,-0.3148796;-1.2912817,1.892372,0.21356805;0.108913414,0.8111766,-2.5836349;0.61091566,0.21669501,1.0891591;-1.9905126,-0.90677613,-0.3326362;0.17705108,0.7154648,-2.2472408;0.2915205,0.50760955,1.3424653;-0.7189253,1.6352423,1.0760072;-1.0759217,1.4396589,-0.28816965;0.37159988,-0.7105767,0.14508462;-2.0570233,-0.9753123,-0.460356;-0.9615662,-1.3562208,1.3330077;0.34351122,-0.13408613,-0.9081002;-0.20402163,0.9260974,-2.471841;-0.06735056,-1.9418957,0.8603871;0.012570787,-0.87736416,0.1354383;1.6426122,-0.22501937,0.024812518;-0.054782797,1.193674,1.3133419;-0.64916307,0.7024031,0.05141974;-0.08917114,1.0461861,-2.7919493;-1.1735554,1.7118044,0.26207453;0.090684846,0.3213911,-1.6678991;1.58076,-0.4136969,-0.19137788;0.6552678,-0.11831551,-1.1120403;-0.11721761,0.10448146,-1.0745896;0.68078274,-0.36680108,-0.7817318;-0.14866278,1.1226906,-3.0211556;-0.16740565,0.2487142,-1.1178805;-0.8329301,1.1620774,-0.49055174;-1.341605,2.110117,0.79127944;-0.17343698,0.26710066,0.023655515;-1.0619736,1.3528111,-0.19780691;-0.11900317,-0.13213104,0.38584277;0.5954823,-0.08040693,-1.1065567;0.25522175,-0.32326743,-0.59312886;0.4990114,0.38136926,1.2336111;0.16806316,-1.7605065,1.0264249;-1.8077263,-0.77633476,-0.50874484;1.675739,-0.17897967,-0.14336057;1.1161989,-1.1825067,-0.23968306;-0.36643034,-1.1855726,1.0713549;2.3698924,0.7943077,1.1284477;0.07836026,-0.9730539,0.42909545;1.0570728,-1.2045401,0.09040507;-0.41173705,0.6698954,0.3091013;-0.34248137,0.91023415,0.5214736;-0.46937323,-0.5261449,-0.69867605;-0.008684591,1.1300102,1.1131172;0.5892327,0.24373154,1.1152476;0.09269076,-0.4276664,0.5853405;-1.4293776,-0.70489573,-0.78627515;-1.9061059,-0.85435075,-0.40126455;-1.2240158,1.5223529,-0.050337814;1.6995097,-0.37210882,0.007589199;0.62290335,-1.5213138,0.4820222;-0.67655015,1.5500642,0.82906866;0.008744466,1.1949717,1.3912823;-0.83112454,-1.3363096,0.946536;-0.6811869,1.658181,0.84002;1.7294227,0.28601947,0.27489862;0.6385847,-0.023172177,-1.1037599;-0.11355548,-1.8338418,0.98283756;-0.17264728,1.1740817,-2.9169574;-0.6018359,-1.2548183,1.1565304;-1.6394029,-0.67696834,-0.69225127;-0.056239925,1.2403367,1.3683968;-0.304737,-0.63061476,-0.6543816;-0.64996916,0.18829766,-0.055181187;0.054728653,-0.19021463,0.43052325;0.7546087,-0.15752594,0.049071044;-0.7451339,-0.350588,-0.62265176;-0.42411596,-1.802535,0.9248783;0.14581233,0.6763977,-2.2214904;2.3432045,0.6989687,1.1249217;-0.8010234,1.0857086,-0.41680178;0.16877584,0.990702,1.4548031;0.47168374,-1.8424193,0.6641525;-0.083510675,-1.0466107,0.48195523;-0.77491,-0.3930908,-0.61538434;-1.0042775,1.3886558,0.48632148;1.7122858,-0.29658076,-0.054487996;-1.0542365,1.3574975,0.35249078;-0.65172434,0.22727461,-0.041852;1.9387603,0.57594997,0.6688332;0.19772325,-0.41000926,0.26872137;0.34960875,-1.396767,0.5795761;-0.7258776,-0.3860299,-0.70888084;-0.12008521,-0.65982366,-0.44751143;0.66326416,0.12832071,1.0211177;-0.41603652,-1.7585511,0.87906134;0.03722003,-0.9176989,0.37485453;-0.20554052,0.8667671,0.9829242;-0.78775036,-0.42151198,-0.4895061;-0.73004436,-0.43751583,-0.6912938;0.41834208,-0.64948815,-0.24645285;-0.000889375,1.3104988,1.325719;0.076510236,0.89086926,-2.5673845;0.80476224,-1.0842438,-0.3744581;1.4847034,-0.3152442,-0.09353543;0.37399858,-0.517968,-0.24567017;0.23389426,-0.3042456,-0.60158503;-0.86980176,-1.329177,1.3046916;-1.3220621,2.0764263,0.8005047;1.2255708,-0.04589616,0.20440869;0.30782104,0.0036612812,-1.1334867;-0.31628573,-1.6499693,0.7849745;0.55030817,-0.22203034,-1.0601312;-0.19173342,-1.1125726,0.8010248;-0.89848477,1.1202807,-0.26331863;0.4368316,-0.20273434,-0.9964567;-2.3717592,-0.94846123,-0.43818325;-1.6219207,-0.66501516,-0.54718775;-0.623702,-0.052695498,-0.6249212;-2.39005,-0.9513097,-0.4381673;0.31485686,0.60610455,-1.7063338;1.6936387,-0.2729333,-0.07138702;-1.4873033,-0.6461794,-0.51608473;0.44674563,-1.6842431,0.768589;-1.4183195,2.2333658,0.88234967;0.07591744,0.7668192,-2.6366558;-1.144095,1.6805489,0.22390512;1.5998474,-0.31117266,0.03511571;0.90374815,-0.4808583,-0.53885365;-0.137981,-0.9592887,0.81327116;0.17956899,1.0464777,1.3248448;-0.24162216,0.8741312,-2.2501872;0.07977916,0.66294193,-2.139298;-0.07448447,-1.7951999,0.78300166;-0.054533064,-0.8835943,0.22881076;0.52525127,-1.6289343,0.591965;-0.40557858,1.4314772,1.1300611;-1.4156389,2.3133435,0.87030715;-0.0011846278,0.8622145,1.1076428;0.51968366,-0.43527603,0.45722556;1.8292264,0.514248,0.8110591;-1.9627819,-0.76961946,-0.38944826;0.2805557,0.46138677,-1.6712267;2.467648,0.7445912,1.2679424;-1.1674486,-0.49240932,-0.59228486;-0.16102132,0.93432134,-2.5048077;1.6193267,0.13688467,0.18717355;-0.72200346,-1.3734634,1.2947971;0.007496157,-0.6562749,0.4568272;-1.2013236,2.0874166,0.7422125;-0.965588,1.5766865,0.6639475;0.17295994,0.057707135,-1.1718435;0.43672612,-1.8280957,0.69083303;1.9865246,0.6004514,0.8411298;-1.0525503,1.3705385,-0.26350775;-0.82625127,-1.3735031,1.2094932;1.3361667,-0.19755667,-0.13704452;-2.3044724,-0.908488,-0.3317579;0.39360878,-1.8210709,0.77823305;-0.6743325,-1.2061073,0.8740075;0.63498324,-0.38643613,-0.7060288;0.06458151,-0.7862784,0.2854596;-0.6936679,-0.46696937,-0.6179687;0.5954608,-0.9518506,-0.3710553;-0.44205922,-1.7487171,0.9252747;-0.9100903,1.2241874,-0.44442537;-0.015521361,-0.053402014,0.17322466;-1.393699,-0.6102704,-0.65210396;0.24629816,-0.10094811,-1.0328203;1.4735193,-0.6771206,0.012654615;-1.4506165,2.3077917,0.9384253;1.9208493,0.5718856,0.8461398;-1.6373547,-0.69944346,-0.54189444;-0.3178056,-1.2429289,1.2314801;0.5690705,0.17784455,1.0636907;0.05292745,-0.085427314,0.2980841;0.22982399,-1.584315,0.8261953;-0.26011327,-1.8149533,0.9523045;0.51141226,0.27727816,1.1753049;-0.6443481,-1.2747375,1.062664;0.52062696,-0.5307187,0.4549842;-0.58201313,0.41503295,-0.029092032;2.4755218,0.7571269,1.2745392;1.236018,-1.0773096,-0.171156;-0.80707765,-1.2182676,0.7771972;-0.9467705,1.2713145,-0.23699763;0.5022603,-0.04139748,-1.3203356;0.2207388,0.7666627,1.213589;-0.55245453,1.1520011,0.927201;-1.0992187,1.613683,0.3765162;0.2758107,-0.015168715,0.016572315;-0.23539023,1.1230412,-2.790835;-1.0310754,1.4550124,-0.011346823;-0.0749999,1.2705541,1.3328623;-0.06550609,0.4057265,-1.6837112;0.26477513,-0.6097474,-0.46649316;-1.202172,1.571219,-0.047133036;-0.10435512,1.143777,-2.9169211;0.079418726,0.073493086,-1.0044563;0.22744095,0.54346067,-1.9946268;0.72374123,-1.1393787,0.20450325;1.4436527,-0.67808074,0.09661697;0.06626223,0.9660994,-2.684565;-0.2583915,-1.6335204,0.7951769;-1.0058272,1.4297328,-0.010843452;-0.07482569,-0.25595126,0.17490937;-0.66019464,-1.3564137,0.8195319;-0.052969296,1.1007308,-2.853307;-0.1923697,0.5433539,0.8858894;-1.3126308,1.6705574,-0.07879816;-1.0270416,1.4270678,-0.033993695;-1.3063316,-0.60655487,-0.6117898;0.074914925,0.9736077,-2.692849;-0.61360633,-0.454367,-0.5051932;0.74824387,-0.9874321,-0.5088816;-1.368151,2.2668095,0.78633505;0.47236377,-1.4633921,0.55078775;-0.8956992,-1.3764303,1.3942603;1.63878,-0.44074985,0.1079877;-0.192293,0.54319173,0.8483312;-1.0675056,-1.3275476,1.1714661;-1.6793495,-0.76623446,-0.5231219;-1.3014878,1.9000474,0.18573098;-0.012953,-0.6250485,-0.6365977;-0.669208,-1.2858667,1.1343006;0.05754927,-0.46638814,0.57582957;1.2086713,-0.54896814,0.15653346;0.11864955,0.4043529,-1.7594577;0.4459024,-1.8699378,0.625511;-0.012391815,0.26763538,-1.1597822;-1.7097913,-0.8978112,-0.43755046;-0.3543809,-1.1717167,1.1271656;2.1074452,0.7126127,0.8611414;1.4279418,-0.50219035,-0.16372007;-0.26080588,-0.15167037,-0.4634475;-0.2548044,-1.1566261,1.0808727;-0.0021605717,-0.3484519,-0.18146089;-1.0658848,-1.3482708,1.249828;-0.012622843,-0.8120289,0.2940038;0.74532354,-1.0720607,-0.4935679;0.5660717,-0.90603584,-0.35366854;-0.5191276,0.63454115,0.36509833;2.0560243,0.6775929,0.86811054;-0.43095538,-1.7561402,0.9474137;-1.0744656,1.7001762,0.629941;-0.15114604,-1.0062525,0.96264404;1.2918594,-1.0939909,-0.0050155693;-1.4653738,2.3219662,0.93783075;-0.5152382,0.33418712,0.34436104;-0.2824693,0.779188,-2.4212852;0.08698641,-0.4212636,-0.7726395;0.5743174,-1.6024891,0.56994516;-0.6348936,-1.3314049,1.3776143;0.70909995,-0.21220234,-0.99091387;-0.7014189,0.028257078,0.14773524;-0.32991478,-1.7060585,0.78157616;0.80024344,-0.8775999,0.22513433;-0.006862293,1.0729405,1.1507647;-1.0924114,1.632017,0.35905617;0.11056959,0.98552275,1.3923911;-0.20832945,0.90085536,-2.3589175;2.5089374,0.73048246,1.2940931;2.445603,0.79855657,1.250773;-0.42599314,1.0997027,0.8313838;0.6602295,-0.37521595,0.4333869;0.2677835,-0.0040268423,-0.016191324;0.50824195,-1.8026949,0.61883986;-0.28921002,-1.8345203,0.96163416;0.42804825,-1.8435448,0.74332446;0.006270599,-0.7861369,-0.72569907;-2.0804992,-1.0358263,-0.5348632;0.55733556,0.45917144,1.1854832;0.12513362,0.82817173,-2.493975;-0.3354173,-0.7021503,-0.61496395;-1.0965368,2.172545,0.4603386;-0.6592404,0.05176092,0.060831793;0.75280845,-0.90366024,0.19534436;-2.0110717,-0.82066494,-0.43966568;-0.21856032,0.20519647,-0.025031267;1.1461432,-0.5458273,-0.19493169;0.2530831,-0.22921735,-0.73156554;2.0621724,0.6366134,0.880085;-0.5439862,1.3382134,0.9153465;-0.4548459,-0.5500847,-0.6872955;-0.7964922,1.1287079,-0.5031458;0.49234825,-0.49422973,-0.38092384;-0.46273166,0.6449108,0.52985376;-0.014442149,0.68360585,-2.1031084;-0.32178503,0.9819109,0.8361323;0.24944702,-0.47460032,0.19472317;-0.23886046,-0.42586678,-0.71454924;1.7917788,0.4614722,0.7530088;-0.71083057,-1.249283,0.7738236;1.5750545,-0.27005008,0.15864381;1.2697963,-1.1789882,-0.1068351;0.40077165,-1.7766666,0.76199776;0.04624224,-0.9313496,0.4128055;2.1074452,0.7126128,0.8611415;0.20844768,-1.79333,1.0008394;0.40982166,-1.3105577,0.5278665;-0.7709116,-0.037846483,-0.4331324;-0.28880486,1.0847697,-2.531424;0.33014053,0.41681153,-1.5857557;0.39074162,0.010883515,-1.0361681;-0.6381598,-0.4471404,-0.5856468;-0.09662546,-0.0901004,0.5099621;1.725405,0.26499167,0.23223527;0.466276,-0.17694396,-1.1975716;0.22961617,-0.47280115,-0.22187108;-0.1186078,-1.4139234,0.9596225;-0.18823576,0.46372128,0.7762892;0.2626767,-0.12609436,-0.80230093;0.47247818,0.18652754,-1.3911905;-1.1992416,1.5899621,-0.11166698;-0.11614972,1.1212299,1.193088;-0.65512174,-0.33636189,-0.70784235;0.77282876,-0.865737,-0.09250275;1.8029833,0.40470007,0.4483743;0.19257158,0.48234788,-1.7908419;-1.6210582,-0.92428815,-0.39168465;-1.3812312,-0.675118,-0.6364439;-0.12071945,0.9162119,-2.4380312;2.3934135,0.77506655,1.1524409;-1.2259972,-0.5201077,-0.59961075;-0.20844343,-0.33620614,-0.6923288;0.0077746785,0.79394925,-2.8790507;-2.0084503,-0.9952773,-0.43082348;-0.34566894,-0.7414845,-0.6040716;0.79496014,-1.1119967,-0.4284593;0.4864779,-0.0874559,-1.0823382;-0.6296321,-0.9997951,1.0776047;0.30436453,-1.200716,0.53983617;1.626119,-0.1891777,0.094523855;-0.031246534,0.1749656,0.50004697;0.5548281,0.47281206,1.2169925;-0.5892223,0.6282083,0.2760187;0.3906981,-0.6605736,-0.24784869;-0.17186359,-1.8447646,1.0217515;-0.25292245,-0.87904155,0.41264117;-0.547045,1.2092646,0.88175577;1.3150947,-0.9377284,-0.07418751;-0.17669654,-0.23504394,-0.6686918;2.1443975,0.7319869,0.8728511;0.30679202,0.62138253,1.3382034;-1.342882,2.0152683,0.28897232;-0.5733286,0.044504587,-0.028505452;1.2470459,-1.1923321,-0.078077845;-2.201781,-0.94659144,-0.42197025;-0.73971653,-0.09237124,-0.39412194;-1.6804574,-1.0212458,-0.37447277;-0.05593503,1.0191242,1.0758809;1.079917,-0.16169252,0.1086681;0.010847658,0.7767825,-2.6018097;2.0772488,0.6681651,0.8095927;0.6912929,-0.13443935,0.008238097;1.5746329,-0.60099006,-0.15362906;-1.1042706,1.3571343,-0.24967353;0.09418676,0.97618717,-2.6992261;2.1265543,0.6585967,0.90325123;1.2582315,-0.4538583,-0.24836257;-0.41746777,1.0546507,0.8331612;0.54607254,-0.031669978,-1.1734796;0.19905198,0.7196481,-2.4817283;0.60028344,-0.2366136,-0.86689454;0.3716737,-0.6296134,0.1085694;-1.6452688,-0.6800958,-0.5568675;-0.25226778,-0.86732346,0.41324577;-1.3190506,2.0452275,0.7526831;0.11854207,-0.14982237,0.34869012;2.2148907,0.6108095,0.9915746;1.2936243,-0.27206072,-0.16997372;0.65809155,0.13959672,1.0291218;-1.4165194,2.2529442,0.87199825;0.46784428,-0.52055717,-0.03732653;1.2522637,-0.044855367,0.1615597;0.8555601,-0.9670081,-0.29873306;-0.5130071,0.059215024,-0.02419878;0.078377604,0.84255385,-2.4346738;0.1619929,0.65365416,-2.2250662;-0.21629041,-0.73201036,-0.64449406;-1.3622715,-0.63306,-0.6430178;-0.8661657,1.1868845,0.3015589;0.0881426,0.9844049,-2.7086112;-0.79871845,1.0587336,-0.41684803;0.05629264,0.96308964,1.5453165;-0.28827763,0.2710573,-0.05946353;-0.06798839,0.4406053,0.36563304;0.027662754,1.0582465,-2.7677033;-0.9786977,1.3050925,-0.16612767;-0.6859521,0.05451829,0.13403201;-0.3745711,1.4376278,1.1505605;-0.3810269,0.73284256,0.38600415;0.46895504,0.18068469,-1.3639457;-0.5415357,0.3179316,0.33744088;2.4144025,0.74854225,1.2481871;0.49241996,-0.27433273,-1.1119446;1.5793633,0.39979872,0.24368687;-0.8052726,-1.3416029,1.3116184;0.55491793,-0.7558261,0.351544;-0.03592232,0.0015406462,0.108472876;0.18278195,0.92974627,1.4470632;0.1368466,-0.79202086,0.32417396;-1.2833234,1.8616617,0.16812125;1.7865705,0.3306884,0.35489404;1.8468276,0.49798283,0.5052819;1.3088987,-0.3112524,-0.14984636;-0.47478744,-0.11647551,-0.7506545;0.05731993,0.9613533,-2.5807903;-0.07318468,0.056844056,-1.0418979;-0.017226228,-0.3481279,-0.7107724;0.59575516,-0.34577373,0.49553922;1.4415181,0.32328755,0.12591259;-0.59503317,-1.2543267,0.99124336;2.268191,0.6843116,1.1044108;-1.3374645,1.9528326,0.21147533;-0.6372612,1.5217313,0.85369235;-1.2234981,-0.51955897,-0.58308285;0.27637526,0.46138406,1.3489887;0.05888099,-0.31733266,0.53689635;-1.2542045,1.5545493,-0.11150619;-0.25543487,-1.6194437,0.7692092;-0.1007424,-0.75330985,0.13998014;0.25482762,0.4397997,-2.0630763;-0.17419519,-0.052555416,-0.40418166;-0.47635856,1.2458909,0.9284149;0.8302725,-0.93318796,-0.38588122;1.6584005,0.29183033,0.46902612;-0.3131004,0.93947625,0.9271299;-0.35170713,-1.2069393,1.0915861;1.5365652,-0.73436666,-0.10226588;0.4663564,0.022611829,-1.3481642;-1.1951989,2.129949,0.54704005;-0.4576877,-0.5328784,-0.70490825;1.3575888,-0.5857382,-0.17703415;-0.3470343,-0.7125047,-0.6133825;-1.2263997,1.7340407,-0.12225067;-0.3443833,-1.0975269,1.1276524;1.422333,-0.636091,0.1322219;-0.77870685,-1.1780221,1.3400869;0.21661846,0.88292617,1.3866252;-0.32701924,0.8923086,0.70337313;0.7816705,-0.80309254,-0.3275714;-2.1241653,-0.85104716,-0.34261626;1.872363,0.5439699,0.538362;1.4255207,-0.82062167,-0.3101698;1.1519488,-1.0950317,-0.12250402;0.097074814,1.339217,1.2382511;-0.66725713,-1.3306016,1.3312358;0.4232457,0.47220457,1.3493863;-0.37722132,0.76711833,0.34410566;1.7543617,0.31561357,0.12911035;-0.0077781444,-0.1564095,0.056379523;-0.21979447,0.744908,0.95336807;-0.121585265,0.23427519,0.11118743;-1.1765692,2.1259708,0.7152693;1.0869956,-1.1591003,0.03728676;0.02381444,0.15990953,-1.0421915;-0.14586459,1.1396235,-2.9614797;0.3663042,-0.26717335,-0.8072198;1.2287812,-1.1886282,-0.22336987;-0.49106297,0.63232577,0.38857546;-0.22817716,0.98927253,-2.4712;-0.5481866,1.4033556,0.9373675;-0.7020463,1.5959603,1.0093157;1.0539567,-0.5977954,0.15832052;-0.60437584,1.1752177,0.710385;0.9449095,-1.1391288,0.14140622;-1.3843803,2.208904,0.793637;1.6504465,-0.4972159,0.007949708;-0.22584786,0.8560671,0.9582673;-0.08790417,-0.91508424,0.34850717;-0.5501877,1.3738683,0.9291978;0.0027262133,0.7298361,-2.215301;-0.41359258,-1.7828982,0.8925418;-0.7616509,-1.170116,0.68884355;-0.90508205,1.1090566,-0.29425654;-0.52832234,0.25115895,0.39049214;0.083467714,0.8675601,-2.5261564;0.09059648,-0.10143427,-0.6436249;0.35063663,-0.43824556,-0.039938465;-1.2514548,1.7857901,0.0148068275;-1.0837073,1.3860468,0.25124896;0.37010822,0.55928886,1.415891;0.43193084,0.49911723,1.2995487;-1.3260983,-0.5775145,-0.58445656;0.06156554,0.2671411,-1.2415452;-0.04003462,0.060073096,0.25572464;-0.052610304,0.8827616,-2.4613304;0.10833269,-0.074313015,-0.9509496;1.4834621,-0.25173426,0.019601215;0.07169464,-0.32208025,0.6149172;1.1123036,-1.2164315,-0.29247046;0.24418293,0.66200763,1.3002273;1.6014246,-0.5173798,-0.015166259;-0.4370824,-1.6982802,1.0353242;1.2162071,-0.45001757,0.17761292;-2.1188254,-1.0857519,-0.34072468;0.1792704,0.7429042,-2.361024;1.7359884,0.46712196,0.4965172;0.8994353,-0.8772063,0.06530371;0.025125792,-0.7133699,-0.7407743;0.0032210774,-1.806858,0.9489268;2.1138973,0.7269921,0.86625177;1.5648227,-0.22203492,0.07419087;1.3645663,-0.9920936,-0.058013048;-0.6711583,1.4322746,0.86335903;0.5962517,-0.30036893,0.57121253;0.13188367,0.7749674,-2.453383;0.030006925,0.10037183,-1.053823;-0.022570236,0.05505488,0.10710589;-1.8478748,-0.7838226,-0.2672999;-0.07696163,-0.2851045,-0.3629276;-0.5442861,-1.3191881,1.3077297;-0.69794357,-1.3012675,1.0790842;0.7169177,-0.52703685,-0.6146631;1.0821524,-0.64472985,-0.27947548;-0.16054517,-0.68682003,-0.4199005;-0.8081214,-1.3626076,1.2434146;-0.7968402,1.0399181,-0.3945066;1.1716264,-0.41973004,0.1866179;0.5139995,-1.7303452,0.56203896;-0.05829614,-1.0493281,0.4998744;0.25067964,-1.803502,0.8459052;-0.69974595,-0.09497702,0.12335707;0.28054684,-1.8177005,0.88849926;-1.2523032,-0.5543651,-0.603974;0.28651652,0.8901191,1.326037;1.7569008,0.1762004,0.38165554;0.62920797,-0.13789664,-1.1011008;0.1793073,0.49532738,1.3797383;-0.35979593,-0.25774238,-0.72309154;-1.2552172,1.9165273,0.7333235;-0.14944878,1.1230583,-3.0234609;0.032978266,-1.7085806,0.968179;-0.13793223,-0.8931478,0.3998647;0.05474902,-0.5479837,-0.57715636;-1.3888624,1.9647322,0.12106225;-0.7428992,-1.318881,1.2143329;-0.18904877,1.1488483,-2.965315;-1.1533247,1.6664144,0.13851333;-0.64347243,0.6712741,0.045524467;0.47028732,-0.48670426,-0.05567335;0.22561096,0.67961127,-2.23888;0.20658298,-0.04270104,-0.8478762;-0.067335084,-0.6470665,-0.58974856;-0.33715525,-0.038464814,-0.21269652;0.5088079,0.15410368,1.0475634;-0.12645647,-1.8318347,0.98731005;-1.2263573,1.8460755,0.6190099;-0.74586856,1.6731882,1.0790576;0.6544908,-1.009337,-0.53680503;-0.10407786,-0.24718621,0.20595603;-0.013860843,-1.9437573,0.8848107;-0.21900155,-1.2898601,0.99320585;-1.1827108,1.2849195,-0.21091697;0.12309413,-0.20657201,0.2405328;0.9926955,-1.0651002,0.120643325;0.28987575,0.46569723,-1.6624209;0.06331932,1.1553394,1.3323097;-0.19563524,0.98461926,-2.6202059;-0.83475053,1.1639038,0.31860805;-0.7095047,1.3375478,0.7465019;0.22960691,0.7506517,1.3316543;0.44222808,-0.1592552,-1.1162744;-0.86377805,1.1083174,-0.1970923;0.43495268,-0.6448725,-0.54108524;-0.33546522,0.5515967,0.23907971;1.8173484,0.31517714,-0.026602967;1.0992825,-0.46030128,0.18508261;0.1651067,0.53434336,-1.9722501;0.6831413,-0.9746697,-0.284357;-0.2058306,0.25237313,-1.1022726;0.15813862,0.8240587,-2.596515;-2.1563487,-0.95684797,-0.52256304;0.033880156,-0.48883703,-0.5951196;0.69008803,-0.86492413,-0.24652848;0.5869394,0.24125284,1.1090903;-0.9285623,-1.3048064,1.2492263;-0.41863438,-1.253132,1.1457218;-0.06055015,0.1599192,0.60305834;0.5278849,-0.5609893,0.39542544;0.11091297,0.8312034,-2.8055663;-1.9111316,-0.8680734,-0.3820257;-0.8870256,1.1457747,-0.15390384;0.13897206,0.3997161,-1.7020708;0.84484947,-0.13471591,0.04808666;-0.6740238,-1.3025757,0.9844949;1.4645118,-0.6342329,0.09382597;-1.2090878,2.173475,0.55827004;-1.332453,1.9923412,0.746233;-2.0719972,-0.9052917,-0.19997045;-0.6349386,-1.3767945,1.1560771;1.6988941,0.11729355,0.26314366;0.63839334,0.111686826,1.0042691;-2.3838377,-0.9365927,-0.25348023;0.26352245,1.0954869,1.2802254;2.3102045,0.7182436,1.0575538;-0.27362534,0.8965723,0.90525115;-0.726765,1.4266071,0.7736984;-0.90842515,-1.3015248,0.95883924;0.06042157,0.9820601,1.2375379;-0.61995196,-0.39641073,-0.44218057;-1.3397828,1.9786483,0.24682815;-0.5890438,0.29135016,0.17811756;0.34847298,-0.58537275,-0.33940157;-0.057557393,-0.82200986,0.7099082;0.7264407,-0.8486412,0.2648532;-0.100175254,-1.8840163,0.9414755;-0.07776441,0.5348598,1.323669;-0.15247068,0.49815857,1.0230396;-0.8569761,-0.34952706,-0.5901669;-0.79559433,1.1564872,0.39162382;0.1207627,0.74600834,1.33222;2.1812055,0.6742225,0.842197;1.3651228,-0.0545654,0.10463186;0.022806557,-0.4899743,-0.69565994;0.2252766,-1.5791798,0.85536724;-1.363386,2.158913,0.8125267;-2.1543534,-0.9137219,-0.24535577;-0.059658386,-0.31789953,-0.44683966;-0.5675553,-0.32437515,-0.36801863;-0.455223,0.5990425,0.3379341;-0.22831269,0.79767156,0.9553831;-0.8339616,-0.3720784,-0.6344538;0.27738124,0.07282324,-1.1586038;-0.38362193,-0.6587952,-0.65018404;0.41800714,-1.5921654,0.73418856;-1.2904584,1.8811953,0.19213389;1.2691766,-1.2692878,-0.10678676;1.3555614,-1.0335802,-0.07456367;-0.27207768,-1.1897398,1.0582827;0.0081696445,0.2668938,-1.2229989;0.56427485,-0.23881398,-1.112555;2.4680655,0.7616066,1.257663;1.1780981,-0.23663585,0.21107085;-1.0247295,1.3227823,-0.26448944;0.6839411,-0.9756331,-0.24172829;1.8734763,0.5315127,0.72111744;-1.607141,-0.66373867,-0.62019295;1.7093517,0.5087236,0.39539465;-1.1379205,1.5211565,-0.30076364;0.9245378,-0.15149608,0.08907658;-0.9256108,-1.2741108,1.2512444;-0.24707152,0.9150084,0.91950554;1.1291804,-1.0714881,-0.069527455;-0.7019259,-1.2971176,0.8100042;-0.8532749,1.2062719,-0.32677743;-0.70508987,-0.46761394,-0.63373876;1.6979657,-0.01976213,0.2237749;0.7628459,-0.8446495,0.28476608;-0.6363135,1.340596,0.8172806;0.3224809,-0.10419393,-1.1426084;0.38472953,0.3165323,-1.4840214;0.7003646,-0.5643683,-0.5932335;-0.2921137,0.5030779,0.72982794;2.1775205,0.6997419,1.0036749;2.3419409,0.81301135,1.2451079;0.021562083,0.92729855,-2.899575;-2.3611321,-0.93490237,-0.4150253;0.15109116,0.29697523,-1.6110328;0.7286131,-0.16783068,0.07809623;0.03508859,-0.3666961,-0.7712701;-2.0400357,-0.83636165,-0.4434859;-1.3302699,2.0393276,0.6332604;-0.19678752,0.5234297,0.8264025;1.9081813,0.5522843,0.75873846;0.26867965,-0.0047475253,0.03992654
