data_set
babi-q1
num_classes
6
data_points
1000
model
saved_models/babi-q1-e0020.ckpt
color_schema
#4E79A7,#F28E2B,#E15759,#76B7B2,#59A14F,#EDC948,#B07AA1,#FF9DA7,#9C755F,#BAB0AC
test_accuracy
0.534
test_loss
1.1994049520492553
train_accuracy
0.513
train_loss
1.2245210549831391
val_accuracy
0.523
val_loss
1.1948293914794923
labels
12,9,15,12,15,12,11,12,17,17,15,11,17,10,10,15,11,15,17,15,12,17,17,12,10,10,10,15,15,15,12,17,15,15,9,17,9,11,15,10,9,11,9,12,11,15,12,9,17,10,10,17,11,11,15,10,15,12,11,12,12,17,9,11,11,15,15,9,17,17,11,12,11,10,9,15,15,15,12,17,11,9,10,11,17,11,11,12,15,15,9,9,12,9,9,15,15,15,10,10,10,9,17,11,11,12,10,9,17,10,9,9,15,12,15,11,17,15,9,17,10,9,10,12,10,17,11,11,11,9,11,12,9,11,15,9,17,15,9,9,17,12,12,17,10,15,15,15,15,15,11,11,9,17,10,9,11,10,17,12,10,10,10,11,9,11,11,11,15,10,17,17,11,9,9,17,15,10,17,17,12,12,12,12,10,9,17,11,15,17,12,15,11,12,12,11,17,15,9,10,12,17,17,10,12,9,15,12,9,12,9,10,12,10,9,10,9,12,12,9,9,12,15,12,10,17,12,11,9,9,17,11,12,17,12,10,10,10,10,17,12,15,11,11,15,15,11,11,11,11,10,17,9,9,10,10,17,17,15,11,11,17,12,17,17,9,11,10,9,10,15,17,17,15,9,17,15,12,17,9,9,11,17,17,11,17,9,17,11,9,15,15,10,15,15,11,11,12,12,9,9,9,9,17,12,11,9,17,17,15,11,11,17,10,11,17,10,17,17,11,11,15,15,11,11,9,10,11,11,10,15,17,15,10,10,17,12,17,12,12,12,11,17,15,11,17,12,12,15,15,10,11,11,10,10,9,17,12,11,12,11,9,11,11,11,11,11,12,12,12,12,12,11,11,17,10,15,9,9,10,9,10,10,17,17,15,17,17,17,15,15,12,9,10,17,17,10,17,9,11,10,11,10,15,17,15,12,10,11,15,10,11,9,12,17,10,10,15,12,9,12,12,9,12,10,15,15,17,10,10,17,15,15,15,17,11,15,9,10,11,10,12,9,11,10,11,10,12,11,15,15,15,15,11,9,15,10,12,11,12,9,11,10,17,11,11,10,10,10,17,12,17,17,9,15,11,9,15,11,9,10,10,12,12,11,10,9,12,10,9,15,10,10,11,11,15,15,10,12,12,15,11,9,12,9,15,10,17,17,10,10,17,10,10,17,9,9,10,12,11,17,17,12,12,11,12,17,11,11,12,11,11,11,17,9,11,10,12,12,10,11,17,12,12,15,11,15,15,12,10,10,9,17,10,15,12,15,10,10,10,11,10,11,15,10,9,9,15,10,10,10,10,15,15,17,9,10,12,10,10,12,12,11,15,10,10,11,12,10,10,17,12,17,11,9,9,17,17,11,10,10,10,15,15,17,11,15,12,11,10,15,17,9,11,9,17,15,12,15,17,11,17,17,15,9,10,9,9,10,10,9,10,10,15,11,11,11,15,12,9,11,11,10,17,11,11,12,17,15,15,9,11,15,15,11,9,15,15,11,15,15,15,11,10,10,9,17,17,17,17,10,10,17,9,15,9,17,12,12,12,15,15,15,17,9,11,9,17,9,12,11,9,9,17,11,11,11,10,15,10,12,12,9,9,17,12,12,9,17,12,11,11,15,15,12,11,12,17,12,17,11,12,11,17,17,11,17,9,11,9,10,10,12,17,10,12,9,9,9,15,11,11,15,17,9,10,9,12,17,15,17,17,12,10,12,11,11,17,15,9,17,10,9,11,12,15,9,15,12,10,9,10,17,17,15,15,9,9,9,17,10,17,17,9,12,17,17,12,12,11,11,11,11,17,11,17,17,17,17,17,12,9,17,10,17,11,10,10,12,12,11,11,17,12,12,17,17,15,11,17,11,11,9,12,9,17,9,10,9,15,11,9,11,15,10,9,9,9,17,12,11,11,17,15,15,10,10,11,11,17,10,12,9,10,10,10,10,10,15,17,9,11,17,15,12,11,10,10,15,12,10,11,12,12,11,11,11,15,12,17,10,12,17,17,12,10,10,12,17,10,11,17,11,12,17,17,11,12,11,17,9,9,11,17,11,11,15,15,17,17,10,10,17,12,11,15,12,11,11,10,9,12,12,15,10,9,17,15,17,9,17,17,10,17,15,12,12,11,10,10,10,17,17,15,12,17,9,9,15,10,12,15,15,15,17,17,15,11,15,10,12,9,9,10,11,11,9,9,12,15,9,15,9,12,12,10,17,17,10,12,15,9,10,17,11,11,11,17,9,9,11,15,11,11,11,15,12,17,9,10
pred_labels
9,10,15,11,15,12,11,12,12,17,15,17,15,11,10,15,11,15,12,11,12,17,12,10,11,15,10,15,11,15,17,17,15,15,9,10,12,15,12,11,9,11,12,10,11,12,10,9,10,10,10,10,11,12,15,9,11,10,15,17,12,17,9,11,9,15,9,9,17,12,11,12,11,10,9,15,17,15,10,12,11,11,10,17,17,11,11,10,15,15,9,9,12,9,17,15,15,15,10,15,10,9,12,11,10,12,12,9,11,15,9,10,15,12,17,11,15,9,12,17,10,9,15,9,17,17,11,17,11,11,11,10,15,10,10,9,17,15,9,9,11,12,17,9,10,15,10,15,15,11,11,11,17,17,12,10,10,9,17,12,12,9,10,11,9,11,11,15,12,10,17,11,11,9,10,17,15,10,11,15,12,17,12,12,10,9,9,11,9,12,12,17,11,10,17,11,10,9,9,10,17,17,10,10,10,9,11,12,10,15,11,10,9,9,10,12,11,12,9,11,12,12,9,10,10,17,17,11,9,17,17,15,11,17,12,10,9,15,10,15,12,9,11,12,15,15,15,9,15,11,10,10,9,10,10,10,10,11,11,11,11,9,12,17,11,11,15,9,10,10,15,17,17,15,11,15,15,10,12,9,9,11,12,15,11,17,11,12,11,9,15,12,10,15,15,11,12,11,12,10,9,12,17,17,17,11,9,9,9,15,11,10,12,10,15,17,10,17,15,15,11,15,15,15,17,9,10,11,9,17,15,17,17,17,15,11,12,11,12,17,12,11,17,15,11,17,15,12,15,15,11,10,11,10,9,17,17,12,11,12,11,9,11,11,10,11,15,12,17,11,12,12,10,15,17,10,15,9,17,11,9,10,17,17,15,9,17,17,17,12,15,10,11,10,9,17,11,11,10,12,10,11,10,9,17,10,17,17,10,10,10,10,9,12,17,10,9,11,11,9,15,12,9,12,9,9,15,17,10,10,15,11,10,12,17,11,9,10,11,11,11,12,11,9,10,10,9,12,11,10,15,10,15,15,9,15,15,10,11,12,17,10,17,17,17,11,10,9,10,17,10,17,12,11,15,11,9,15,11,10,10,17,12,12,11,10,9,12,10,9,15,15,10,10,10,10,15,10,12,15,15,11,10,15,9,15,10,9,9,10,10,10,10,9,12,9,10,9,12,11,17,17,12,10,11,12,17,11,17,12,11,17,11,10,11,11,10,12,11,10,11,10,12,12,15,11,15,12,12,10,10,12,15,11,15,12,17,10,9,9,11,10,10,15,10,9,15,15,17,12,11,12,15,17,11,9,10,9,9,9,15,15,10,11,10,10,12,9,10,10,17,17,17,11,11,9,12,11,12,10,10,10,11,15,17,11,15,11,10,10,15,17,11,11,9,9,15,9,17,12,11,10,9,17,9,10,12,11,10,10,9,10,15,9,9,11,11,12,11,9,11,10,10,11,11,15,12,17,9,10,9,11,15,15,11,9,15,11,11,15,12,12,12,17,9,17,11,17,10,12,10,11,17,15,11,9,17,12,10,9,15,15,15,17,11,11,9,17,17,12,11,9,9,17,17,11,9,12,10,11,12,17,9,9,9,11,11,17,12,12,11,11,10,15,12,11,12,17,17,17,11,12,9,17,10,11,17,9,15,9,9,12,12,17,12,12,9,9,9,10,11,15,9,15,9,17,9,12,9,15,10,10,12,10,11,11,15,9,9,9,9,9,10,11,11,9,10,17,12,10,11,10,17,15,10,15,15,9,12,9,12,17,12,12,11,9,9,10,11,12,11,10,17,15,11,17,17,12,11,9,11,10,10,15,17,11,10,11,12,15,11,10,11,12,12,17,17,15,11,9,11,10,9,12,9,17,12,10,15,15,11,9,12,9,10,9,9,12,11,10,11,11,17,15,15,10,15,17,9,11,15,12,11,10,10,10,10,10,10,17,9,12,12,15,10,11,10,15,15,12,9,11,12,12,11,11,15,15,11,15,10,17,9,12,15,10,10,12,10,10,17,17,11,12,15,17,11,12,17,10,9,17,11,11,11,11,9,11,9,11,12,10,12,11,11,15,12,11,9,17,15,11,12,15,10,11,9,9,17,9,9,10,11,10,15,12,12,10,10,10,10,17,17,11,9,17,9,9,11,15,12,15,15,17,11,9,9,10,11,10,12,9,15,15,15,11,9,9,9,15,9,15,9,9,11,9,10,10,15,12,10,9,11,11,15,15,10,9,9,9,11,15,11,9,11,15,12,10,9,11
pred_correctness
False,False,True,False,True,True,True,True,False,True,True,False,False,False,True,True,True,True,False,False,True,True,False,False,False,False,True,True,False,True,False,True,True,True,True,False,False,False,False,False,True,True,False,False,True,False,False,True,False,True,True,False,True,False,True,False,False,False,False,False,True,True,True,True,False,True,False,True,True,False,True,True,True,True,True,True,False,True,False,False,True,False,True,False,True,True,True,False,True,True,True,True,True,True,False,True,True,True,True,False,True,True,False,True,False,True,False,True,False,False,True,False,True,True,False,True,False,False,False,True,True,True,False,False,False,True,True,False,True,False,True,False,False,False,False,True,True,True,True,True,False,True,False,False,True,True,False,True,True,False,True,True,False,True,False,False,False,False,True,True,False,False,True,True,True,True,True,False,False,True,True,False,True,True,False,True,True,True,False,False,True,False,True,True,True,True,False,True,False,False,True,False,True,False,False,True,False,False,True,True,False,True,False,True,False,True,False,True,False,False,False,True,False,False,False,False,False,True,False,False,False,True,False,False,True,True,False,True,True,False,True,False,False,True,True,True,False,False,True,False,True,False,True,False,True,True,False,False,False,True,True,False,True,False,True,True,False,False,False,True,True,False,True,True,False,False,False,False,False,True,True,True,True,True,False,False,True,False,False,True,True,True,False,False,True,True,False,False,True,True,True,False,True,True,True,True,False,False,True,False,True,False,False,True,False,True,True,False,False,True,True,False,False,True,False,True,True,True,False,False,True,True,True,False,False,True,True,True,False,False,True,True,False,False,False,False,True,False,True,False,True,True,True,True,True,True,False,True,True,True,False,False,True,True,False,False,True,True,True,True,True,True,True,True,False,True,False,True,False,False,True,True,False,False,True,True,True,True,False,False,True,True,False,True,False,False,True,True,True,False,True,False,False,True,False,True,False,False,False,False,True,True,True,False,True,False,False,False,False,False,True,False,True,True,True,True,False,False,False,True,False,True,True,True,False,False,True,True,True,True,False,False,False,False,True,True,False,False,False,True,False,True,False,False,True,False,False,True,True,False,True,False,True,False,True,True,False,False,True,True,False,False,False,True,False,True,True,False,True,True,False,True,False,False,True,True,True,True,True,False,True,False,True,True,True,True,True,True,True,True,True,False,True,False,False,False,True,True,True,False,True,True,False,False,True,True,True,False,False,True,True,False,True,False,False,True,False,False,True,True,True,True,True,False,True,True,True,True,False,True,True,False,True,False,False,True,True,True,False,True,True,False,True,True,True,True,True,False,True,True,True,False,False,False,True,True,False,True,False,False,True,True,False,True,True,True,False,True,False,False,False,False,True,False,False,True,True,False,False,False,False,False,False,False,True,True,False,False,True,True,True,False,True,True,False,True,False,False,False,True,True,True,False,True,True,True,True,False,False,True,True,True,False,True,True,False,True,False,False,False,True,False,False,False,True,True,False,False,True,True,True,True,False,False,False,True,True,False,False,True,True,False,True,False,True,False,True,True,False,False,True,True,True,True,True,True,True,False,True,True,False,False,False,False,False,False,False,True,False,False,True,False,True,False,False,True,True,True,False,False,True,True,True,True,False,True,True,True,False,True,True,True,True,True,False,True,False,False,False,False,True,False,True,True,False,False,False,False,False,True,True,True,False,True,True,True,True,True,False,True,True,True,False,True,False,True,True,True,False,True,False,False,True,True,False,True,True,True,True,False,True,False,False,False,True,False,True,True,False,True,False,False,True,True,False,True,False,False,False,True,False,False,False,True,False,False,False,False,True,True,False,True,True,False,False,True,False,True,False,False,False,True,False,False,False,False,False,False,False,False,True,False,False,False,True,True,True,False,False,False,False,False,False,False,True,True,True,False,True,False,True,False,False,True,True,True,True,True,True,False,True,False,True,True,True,True,False,True,False,True,True,True,False,False,True,True,True,False,False,False,True,True,True,True,True,True,False,False,False,False,False,True,False,True,True,True,True,True,False,True,True,False,False,True,False,True,True,False,True,True,False,True,True,True,True,True,False,True,False,False,True,False,False,False,False,True,True,True,False,True,False,True,True,True,False,True,True,True,False,False,True,False,True,False,True,True,False,False,False,False,False,True,False,False,True,True,True,True,False,False,False,False,True,True,True,False,False,False,True,True,False,False,False,False,True,True,True,False,True,True,True,True,True,False,False,True,True,True,False,False,True,True,True,False,False,False,False,False,False,True,True,True,False,False,False,True,True,True,False,True,True,True,True,False,False,False,False,False,False,True,False,True,False,False,False,False,False,False,True,True,True,True,True,False,True,True,True,False,True,False
p2d-kl
0.6870384216308594
p2d-iter
599
p2d
-1.2477542,-0.37349117;-0.95510566,1.5739285;0.50599444,0.35257232;0.20330778,-1.7806793;-0.77484363,0.27725482;1.4287665,-0.7116962;-0.48641202,-0.6803742;1.7643844,-0.614224;1.4072399,-0.5408587;-1.1058899,0.9364823;1.8489797,-1.4208103;0.8660421,-0.8513714;0.39102423,-0.54997027;0.15750147,1.2491059;0.26024038,1.1068398;1.3318111,-1.0775697;0.35293987,-1.6110171;1.214075,-1.1252534;0.7313402,-0.43297586;0.08151934,-0.8484603;1.3597568,-0.65152526;1.4704905,-0.87720275;-1.337203,0.2947245;-0.96089536,1.8190011;-0.4254593,0.627396;0.961602,0.106622025;1.0330131,0.21301599;-1.3897574,1.3336824;0.12014807,-0.95652926;-0.74435127,0.0942407;1.8152385,-1.0166951;1.9345741,-1.3337567;-0.629476,0.10050997;1.4241658,-1.3563318;-0.880119,0.24224608;1.4010216,0.18943186;-1.2266365,0.5857138;-0.14369145,-0.50075763;-0.36358884,1.0618521;0.3013143,-0.6859789;-1.437024,-0.36974213;-0.012434627,0.41012564;-0.45826992,1.0238346;0.4212012,0.57464164;0.20766222,1.2256407;1.3304703,-0.62564987;1.2254288,0.39191395;-1.4230276,0.7368735;-1.3675349,2.0964887;1.1871315,0.43383008;1.5335035,-0.11728788;1.3288964,0.36082718;0.039814647,0.2820715;0.4261576,-0.30185795;1.6115637,-1.2379057;-1.6302235,0.73384404;-0.26300302,-0.51916265;-0.33865646,1.2144005;1.6658608,-1.2111571;1.2071373,-0.69907457;1.7784642,-0.69816524;-1.1435351,1.0656399;-1.3858455,0.20390798;0.0021799812,0.3271403;-1.3464644,0.7119432;1.6918842,-1.4595041;-1.2602001,-0.19049656;-1.2081493,1.9007599;-1.2562184,1.4049923;-1.2860141,0.30750558;0.07906273,0.36137983;0.88249594,-0.61939186;0.07379505,-0.9666781;-0.2352915,1.1058346;-1.5844774,0.5423556;1.7129672,-1.4620411;0.24392866,-0.54111093;1.8465084,-1.3947968;0.79625267,0.6518187;-0.57912654,1.3821098;0.31622717,-1.6358904;-0.33221656,-1.2068129;0.2663839,1.2294422;1.2477772,-0.7919859;0.83293384,-0.2663478;0.30350623,-1.749716;0.111449346,-1.9073327;-0.3647404,1.2903781;1.5246248,-1.1738832;1.3128023,-1.2935549;-1.0641891,-1.09943;-1.671964,0.6772877;-0.32140976,0.89757377;-1.4282005,0.73029965;-0.66260624,0.5810475;1.7061386,-1.50389;1.3809233,-1.0951796;1.0229357,0.070113644;-0.08489026,0.9895373;1.4275296,-1.1637424;0.3424859,1.0654349;-0.98955697,-0.24932851;-1.2546477,0.27899095;0.059471186,-1.2995602;-0.3048441,1.4679369;1.686728,-0.7709204;1.4146577,-0.0815773;-1.243248,1.6675811;0.09350435,-1.0014386;0.53580713,0.45819697;-1.4191217,-0.37721434;0.22857474,0.7397992;1.4829074,-1.2170589;1.2821095,-0.58858204;-1.4299592,1.7429993;0.17073368,-0.56649846;-0.6243889,-0.92212313;-1.0950184,-1.0990701;-0.4973586,0.41883034;0.75922525,-0.65969753;1.4626305,0.22503829;-1.0577114,-0.23526318;-0.5726477,0.1292805;-1.2748173,-0.4555068;-1.3974131,1.9782939;1.9518359,-1.4340411;0.32697812,-1.5190954;1.2501057,-1.0218049;0.18019445,1.2497157;-0.4123504,-0.29693383;0.20381221,-1.8268913;-0.068049535,0.7908752;-0.65385693,0.27945653;-0.25871885,1.4900534;0.29597297,1.1146024;-0.9177545,-0.96191615;-1.0900724,0.8033849;1.1024793,-0.01809312;-1.0283985,-0.23354168;-0.954245,-1.0641696;0.12031107,-0.4808338;1.7410161,-0.6607453;-1.1481321,0.9335306;-0.75945914,-0.04730345;-0.20893332,0.9469109;0.9978118,0.061483864;0.93272525,0.17798157;0.75500876,0.30171666;-1.3734068,1.329959;-0.68071693,0.60708493;0.10754931,0.2717896;-0.9162455,-1.0954945;-0.46939147,-0.064186685;-1.4985331,1.7489972;1.3347503,0.14656188;-0.8968181,1.5158418;0.27351743,1.1608403;-1.4619532,0.5188761;-1.4086701,1.9614781;1.6975132,-0.82976997;1.5688517,-0.21161477;-1.0414959,-0.1529939;-0.28456798,0.9118576;-0.43243483,0.642415;-1.1013113,-0.26958472;0.27843007,-1.4088584;0.08413885,-1.9062444;0.34576735,0.6127521;0.34995282,-0.30124512;0.18730244,0.71529984;1.915217,-1.4022787;0.2944174,-1.3568256;0.11285991,-1.8634338;-1.2809111,-0.06215608;0.79335845,0.7578212;1.9444644,-1.4204171;1.7920743,-1.2992084;1.2861924,0.2725411;-0.4808032,0.6559285;1.5019666,-1.1227192;1.4325699,-0.5308948;0.9341753,-0.4857747;1.6270643,-0.7700075;0.8938148,-0.33804175;1.0004233,0.454583;-0.8401351,-0.8998857;-1.1252054,-1.005297;-1.0290539,1.8827313;-1.1977766,1.6325817;1.3241926,-0.5711529;1.341989,-0.44286868;1.8540157,-1.3430635;-0.4740495,-0.7160423;0.46216208,0.92650855;0.8055188,-0.5428722;0.115373716,-1.7856938;0.35644898,0.70471436;-1.4051903,0.52754074;-1.2940732,1.4773196;-1.2249047,1.9970793;1.7970918,-0.99357617;1.8389263,-1.0279053;0.95410234,0.32356748;0.9206915,0.24700049;1.1290152,0.3110858;-1.2467682,-0.4116784;-0.3026739,-1.2213339;0.46839693,-0.14758861;-1.2063243,1.9372423;0.14274925,1.3051213;-0.5002542,-0.5662044;0.81499386,0.6213622;-1.3583089,0.41043487;-1.598093,0.6003906;-0.9564052,1.7126929;1.4931803,-0.15288228;-0.43386304,-0.3752949;0.45625085,-0.44261998;-1.2165786,-0.4381259;0.08842635,-0.7717192;-1.2530847,0.1731808;1.3717943,-0.5080444;-1.326074,1.2686136;0.8388445,0.23343703;0.2838009,0.71199757;1.8165916,-1.0119957;-1.2013191,1.0323831;-0.6581567,-0.54602885;-0.80865955,-0.8692438;-1.0758095,0.8356335;-1.1625453,1.049089;-0.32549083,-0.93826693;0.14620852,-1.7995667;0.83717245,-0.5702968;-1.3146021,0.24050203;0.31929174,1.0820361;-0.9781502,-0.16893055;-0.5666893,0.3432923;0.95905805,0.5209021;1.1443725,-0.89525044;1.7636695,-0.6692737;-0.72809535,0.47119623;-0.059850823,-1.3084909;-0.53546524,1.3969699;1.706189,-1.2082841;1.7619804,-1.4982362;-0.06692409,-1.291456;-1.0146359,-0.96967864;-0.3882913,-1.0062735;-0.7932996,0.36572647;1.4478291,0.25138855;0.8942137,0.20385545;-1.5087084,0.8850917;-0.21667612,1.5047634;1.5194963,0.01885239;0.30873346,1.0559734;1.48167,0.12945873;-0.8682458,0.54951507;0.42544794,-1.5254694;0.24690238,-1.6248318;0.13128504,0.3206911;-1.4034896,1.8114406;1.2476221,-0.42419612;0.24599144,-0.62848556;-0.95800555,0.46020082;-0.5375812,-0.6187182;-0.23974675,-0.9619598;-1.0874605,1.4035957;-1.2504629,2.0598931;-0.9373275,1.788166;-0.74615407,0.12921515;0.9975256,-0.45298502;0.8992394,-0.85936767;0.3334996,0.640343;-0.36902407,-1.2299737;1.9179021,-1.4730047;-0.102594316,-1.1926979;0.37191075,0.9323012;1.516989,-0.35605016;-1.1967533,0.003027106;-1.410813,-0.4150364;0.24173233,1.3425022;-0.78374517,1.09819;-0.61598766,0.016312977;-0.23501594,-0.5152356;1.3540996,0.25114608;-0.5028569,-0.42489016;-0.381912,1.1104074;0.4044839,-1.5591801;-1.1866449,-1.2392133;1.7322835,-1.5163581;-1.1663113,0.6021961;0.21953265,1.1345258;0.4340181,-0.5587825;1.4784883,-1.3362966;0.32365865,-1.6905344;0.3722874,-0.7660663;-0.38906074,-0.48882508;-0.6292793,1.0325245;-0.7790755,1.4316432;-1.123425,-1.1366109;-1.1561804,0.48847252;0.12668473,-0.45252118;0.8953044,-0.5626699;1.6107006,-1.1128069;-0.5361461,-0.5894655;-1.6472405,0.60991937;-1.0879222,-0.944315;-0.9815615,-1.0373644;-0.59807706,0.003273535;0.3291315,-1.7481167;-0.31066847,0.642004;-0.4876565,0.9302833;-0.29839852,1.2397785;0.31922805,-0.40619203;0.21208772,-0.57917565;1.5933918,-0.2558402;1.6129576,-1.1564578;1.0237519,0.0010545952;0.32922402,0.45929274;0.3493109,-1.7036916;-0.5303704,-0.8924368;1.4371308,-1.4316345;0.010426074,-1.2373774;-0.09827314,0.92004246;-1.6143045,0.6333367;0.6620129,0.36100703;0.15152094,-1.027929;-0.66184384,-0.8218575;-1.3938651,2.021739;1.3094914,-1.0692129;1.8960887,-1.345127;-1.2419014,1.0743172;-0.101653546,0.8651045;0.010736572,-0.9196945;0.08956755,-1.8344711;1.7567202,-0.86959344;-0.62359685,-0.5426212;0.4425117,-0.23183978;-0.08632032,0.81699467;-1.2423728,0.3917061;0.22883138,0.9420267;1.627163,-0.9205957;0.902051,0.2978429;0.1693658,1.2413628;1.1737306,-0.6701869;1.325777,-1.4183148;0.90407455,0.6562048;0.3722212,0.37102082;-0.7511237,0.35599518;0.13584697,0.30069417;-0.2921203,1.1019924;-0.2052943,-1.1208588;1.4643389,0.06574084;-0.8365794,0.110822625;-1.1524369,1.0052695;1.5817343,-1.0853269;1.3618847,-0.48765048;-0.34335798,1.4092461;-0.66238546,1.2978556;0.45684102,-1.5662714;-1.1496439,-1.2044379;-0.31900427,-1.2000573;0.22984025,-1.5640358;-1.054608,1.8535703;0.18359444,-1.8421597;0.4144256,0.45513093;0.54651815,-0.25248346;2.0289142,-1.4296554;0.1793855,-0.6840888;1.6717402,-0.7732899;-1.2420334,0.316533;-0.3144609,1.4353539;0.26521805,-0.36292323;0.23532309,-0.5120913;1.4264734,0.274011;-0.19850269,-0.8403255;-1.4285622,1.6246825;0.8328527,-0.8332124;0.06767016,0.25410822;-1.6185379,0.71542;-0.3028259,0.87868255;0.91983926,-0.42971182;0.87238705,-0.742334;1.7346272,-1.3560917;-0.904725,-0.9324062;-0.69543755,0.6346261;0.7490118,0.6104206;1.2488507,-0.83722025;1.497063,-0.29915705;-0.175094,-0.9964229;0.72370213,0.7732083;0.22710058,1.3297981;-0.50737214,1.4438547;-1.2938167,0.5071308;1.9133384,-1.3738029;0.18606368,0.33126923;0.27194944,-1.4620901;-1.1961423,1.9840128;-0.60093325,1.1869854;0.29682726,1.0699747;-0.3635387,-0.2503244;-0.56995684,1.4933796;-1.3138314,1.3558087;-0.6801702,1.579148;1.0086168,0.14821716;0.8011032,-0.3458554;0.81697994,-0.73705465;-1.2466226,1.9560348;0.5967332,0.51334435;-0.9010538,1.5512763;0.32944334,1.1509287;-0.9813792,-0.20990169;-1.2891145,0.2598193;1.5287179,-0.5605587;1.541507,-0.11888729;-1.5740477,0.4810543;-0.28330466,-0.99961346;0.1813028,-0.8143918;-1.042499,1.0425364;1.2632642,-1.0732094;-1.292257,-0.36744872;-1.3884708,-0.29282394;-0.28179887,0.8158104;-1.2956587,2.0696282;-0.9087606,-0.95926005;1.5720533,-1.4651011;1.380568,-0.911944;-0.21795656,1.1123333;-1.149688,1.8952217;1.8863447,-1.4319503;-0.023343274,-1.3082339;0.43763646,0.51513195;-0.48916078,1.1985745;1.3194177,0.21211022;0.43932506,-1.568931;-1.2736747,-0.10101617;-0.23892812,1.4603227;0.2360812,1.1802601;0.057173166,0.18823452;0.14074832,0.2815512;0.4810555,-0.14776576;-0.6288374,-0.5781432;-0.8850707,-0.7463507;0.33889884,1.1359619;0.3268976,1.0264375;-1.0787678,-0.1163634;-0.36215022,0.43814045;0.22626622,-1.3354188;0.36155373,0.62423664;-0.7219749,0.099190876;1.41073,0.040981505;-0.13783665,-1.0663577;-0.26402435,-0.88971305;-0.7523059,-0.77257574;1.8691081,-1.4478487;0.9160516,0.11753474;1.0765597,0.39373434;-0.3858673,1.0235891;-0.70819783,1.3192338;-1.0804275,0.75246;0.35722825,0.97432446;1.5382463,-0.6307876;-0.6081995,1.5620548;0.86578923,-0.7848564;0.42933616,-1.6480528;0.45673075,0.48583746;-0.89698637,0.26734483;-0.7731772,1.5612804;1.2300153,-0.83334345;1.2014515,0.39009747;-1.3870336,1.730459;0.93187046,-0.3798958;-0.87919587,0.51975334;-0.76636714,0.35434148;0.1450846,-0.507032;-1.5545417,0.6545097;0.42979798,-0.54972905;0.2767437,-1.2978883;-1.1199304,1.9327686;0.9777652,0.079027675;1.4353304,-0.8786642;1.65503,-0.75234526;-1.2166722,0.34271497;-0.015535774,-0.89002955;0.3104535,0.99819916;-1.3990767,0.4239129;-1.0997338,0.57237077;0.8018779,0.28315648;-1.2704235,1.1528362;1.7368962,-1.4932472;0.9550189,0.041945428;0.90985054,0.45470944;-0.25326464,1.4233867;-1.1081369,1.6669879;0.9718735,0.172991;1.704376,-1.3092256;1.0048409,0.3791783;1.2914453,0.15933564;1.0724932,-0.9562975;1.739693,-1.4684129;0.42013672,-1.6013695;-0.9995091,1.7845626;0.2698209,0.5866657;-1.0020027,1.5624294;-0.723979,0.075951286;1.0577569,0.23815863;-1.3375936,1.997102;-1.3709419,1.7100471;0.25190142,0.76713955;1.6280845,0.011823525;1.2959223,0.3776561;0.082838826,1.2283571;-1.2245587,-0.24693297;-0.22956216,0.76379406;-1.1926136,-1.2341313;-0.99071974,1.7823675;-0.8689643,0.06617836;-0.63477844,1.1153178;0.0988366,-0.83846176;-1.166874,1.0341352;0.07676137,-1.6988479;0.6976753,-0.41281375;-1.1504314,1.8206172;0.16931915,-0.79268306;1.3404304,-0.6367191;1.1859676,-0.720038;0.526822,-1.6311706;0.82038456,-0.58680546;1.4881908,-0.18288143;0.06832816,-1.880031;1.0568639,0.51180255;0.22732978,1.0112007;-0.31943348,1.1818193;-0.8420631,0.56985736;0.4658053,-1.6501384;-1.0296067,1.7844489;0.96940035,-0.32126516;0.36418167,-1.2327341;-0.4743664,1.4680157;0.1426172,-1.6815082;1.2315278,0.32266954;-0.4986514,0.9745717;-0.39889285,1.165446;0.35489133,0.5307476;0.47672567,-1.5885516;1.3343471,-1.3746824;1.3714641,-0.61065185;1.1375006,0.5184584;0.843131,0.73087233;1.6313521,-0.0024830638;-0.3357265,0.87910366;1.5733303,-1.1785882;0.16095859,1.2233843;0.43702182,0.46271515;-1.2519577,0.23361667;1.5512477,-1.0543877;1.0348296,0.3638956;-1.3420554,1.7643499;-1.1469928,1.1168094;0.4503278,-1.6039593;-1.0365356,1.8213924;-0.33581355,1.5116614;-1.1956334,1.5229818;-0.26151183,1.5203007;-0.7896167,-0.6348099;-0.27802554,-0.95688766;0.33865857,-0.34193042;1.433183,0.12916125;1.7088922,-1.0916687;0.10647084,0.29068872;0.4305136,-0.33767298;1.4118207,-1.3810079;1.8071762,-1.0936024;0.7627979,-0.7783123;-1.2430818,-0.379678;0.25502127,0.755173;-1.5284384,0.7362367;-1.022826,1.4446926;-1.0051744,1.4988827;1.2995683,-1.0635037;0.9679928,0.037436113;0.3167723,1.2142003;-0.25556007,-1.0327649;-1.1576967,1.9755431;1.6406555,-0.018688712;-0.40897825,1.206095;-1.3292907,-0.28978693;0.18856803,0.8059605;-0.29923826,1.5217831;-1.1706293,1.0048033;0.94637066,-0.45002973;0.84320664,-0.72459054;0.063649684,-1.2922482;-0.45990276,-0.8894223;-1.187821,-1.2002137;-1.4275541,-0.21394126;0.28962407,-0.8405452;-1.157223,0.43165547;0.13304095,0.22641607;-0.9155202,1.5709506;1.5495977,0.21755466;0.29441482,0.3982967;-0.7700529,0.15797403;1.1494929,-0.7994624;0.088169575,0.38294846;1.4512835,-1.0704678;0.30189186,-1.1311367;0.38393366,0.6904465;-1.1853077,2.0093088;1.8883736,-1.4631672;1.876264,-1.3791012;-0.50722045,-0.35039136;0.22462358,-1.2714698;-1.1373104,-1.1911241;-1.3978876,-0.3913013;1.4508649,-1.4111183;-1.1780411,0.577883;-1.3990363,2.0584955;1.637204,-0.6696335;-0.5020463,-0.64295536;-0.6392159,1.4593337;-0.9915708,-0.06933898;-1.3925645,1.6513541;-1.0242059,1.5523589;1.6197146,0.050497647;-0.79879093,1.3747332;-0.8797621,0.53406477;-0.38218597,1.2490959;0.19689518,1.1251595;-0.78961664,-0.63481;0.3184946,0.83518195;0.51607287,0.41379043;-0.77737874,0.07544405;-0.87878454,0.1185147;0.33051464,-1.6546707;-0.31947058,0.6385778;0.8022986,-0.46098968;0.2808875,-0.8123544;-1.3006247,-0.23857962;0.31789067,-1.7713431;-0.16501127,1.0384866;1.5596938,0.21207416;-0.35451266,0.6355684;-0.436896,-0.41475984;-0.09107058,-1.1604965;1.7340896,-0.88056326;-1.113323,0.8869221;-1.0499141,-0.9598933;-0.19546284,1.3781596;-0.8035886,-0.6557436;0.32701528,-1.5892817;0.41832352,0.49566096;1.5316457,-1.2318366;-0.77240115,0.4375429;-1.1382768,-1.1332014;-0.5946079,0.09268771;0.2242242,-1.1517588;0.14849755,-1.7664655;-0.18310945,-1.0319754;1.3926593,-0.67867315;-1.2738724,-0.26935244;-0.62947667,1.1819596;1.1244695,0.5056133;-1.0004991,1.3579878;-1.1698434,1.1003983;0.14254041,-1.4807543;1.5374305,-0.7236518;-0.058429074,0.9566557;-0.34769318,1.1555102;1.4088279,0.2862586;-0.16754499,-0.8722658;1.3669195,-0.89562654;-0.6099151,0.26859123;0.17132488,-0.9570885;-1.251422,-0.29157332;-1.0143918,0.77524656;-1.2072846,0.5157188;-1.2788404,2.0287077;-1.41056,0.44585338;-0.6879132,0.013432302;0.8930118,0.0685635;-0.08883287,-1.1994915;-1.4322642,1.6804951;-0.51741016,-0.26043394;0.313809,-1.3035179;-1.1913419,-1.0530988;-0.4804129,-0.022738323;-1.2004788,1.1004789;1.7277403,-0.74797076;0.09872477,0.32115206;-1.2062784,-0.19128703;-1.0726668,0.98699945;0.94816744,-0.40229425;0.8986784,-0.7724394;-0.47297645,-0.41128814;-1.0580193,1.4174663;-0.6395459,0.91780645;0.8829991,0.5306521;-0.2047338,1.436259;1.751074,-0.67683244;1.8354627,-1.0040996;-0.7464286,-0.06957882;-0.9853493,-1.0975026;-1.090441,1.0879549;0.23501875,-1.8453141;0.14978889,-0.5935211;-1.0814362,0.734823;-0.5936207,1.0167946;0.3739505,-0.6718873;-0.500663,-0.4943879;0.14842929,-1.7267864;0.36006042,0.64236957;0.5406907,0.37736893;-1.3594682,0.37313938;0.08269347,0.32218686;-0.543842,0.95423365;1.5445495,-1.018716;1.3847759,0.1419132;-1.2160417,1.0706252;0.16361605,0.26061907;0.7132198,0.79160666;-1.318534,-0.3218806;-0.47788092,-0.02955137;-0.25919464,1.3990283;0.14797942,-0.5253583;1.5878813,-0.8731184;-1.138695,-1.0582684;-0.35967115,-0.9645142;-0.6669122,-0.8305486;-1.620512,0.6801417;-1.1671609,0.32066187;0.7163586,-0.42464063;1.343159,0.22452252;0.46501574,-0.14774364;1.5533957,-0.17667408;-1.3290882,0.5018617;-0.9088802,-0.7352681;-0.86137486,-0.7145865;-1.0133591,1.7419827;-0.5021147,-0.535687;0.00089435367,-0.97932756;-1.1318681,-1.0065413;1.0929959,-0.8912792;-0.9768479,-0.9024165;1.3623055,0.23743987;-0.94846547,-0.7451519;-0.4043886,0.42307243;-1.3669907,0.1554316;0.32884815,-0.2934082;1.4486524,0.1432005;0.39779025,0.94959766;-0.47251913,0.99190694;-0.8645555,1.7906088;0.26737502,0.40018293;0.17944022,-1.8661163;1.3371301,-1.1030452;-1.177403,0.78486735;-0.57200205,-0.34420294;-0.80095744,-0.794441;-1.4008269,-0.44264856;-1.5427861,0.57381696;-1.3661731,2.0548747;-0.06259064,0.38477352;0.3848718,-0.7312071;-0.92885894,-0.9597997;0.8295536,0.6843669;1.5048182,-1.0794659;-0.5858289,1.3425328;-1.5092473,0.78180283;-0.5460642,-0.57071674;-0.59248704,1.5042644;1.6387851,-1.161309;-1.3432149,1.56208;-0.6687737,1.456241;-0.16536142,-1.0171967;-0.7945747,-0.96548307;-0.6838184,-0.8538146;-0.7066582,1.1376119;-1.4433097,1.7137086;1.5427936,-0.18984815;1.5774715,-0.69117606;1.5649773,-0.94055265;-1.3148385,-0.41359827;0.1668398,-1.4521749;-1.4360944,-0.40409347;-1.0765109,-1.0484788;-0.7717923,1.4849801;0.24540697,0.43299976;0.55104125,-0.26369503;0.08375076,-1.8503219;-0.9452536,1.5199528;-0.9894886,0.7810324;1.560849,-1.2806891;-0.7856175,0.38667953;1.1461129,-0.7087025;-1.1571101,0.80803406;-0.2418876,0.7801065;-0.43573916,0.5757844;-1.2530665,-0.037818603;0.21521558,-1.8665761;-1.0613527,1.8211458;0.8871766,0.56102467;-0.1259289,-1.032284;1.1791506,-0.8083884;0.3050203,-1.6584924;0.9269525,0.6203655;-0.39869037,-0.24704504;-0.74827886,1.3969648;-0.55177027,0.3151063;0.46496508,-1.6317347;1.1327742,0.16802314;0.31015953,-1.2098418;0.4590671,-0.4079881;0.4629405,-0.60823864;1.4144359,0.17940545;-1.4335855,1.8489846;1.1236724,-0.021736538;0.2796642,-0.5421761;-1.3283067,0.5157265;-0.5270252,-0.5496355;0.28643999,0.95311755;-1.1343786,-0.25747725;-0.33696672,0.4627785;-0.9920224,1.5463332;0.16934754,-0.5557983;-1.2178332,0.4280368;0.18979926,0.7490823;-1.3116068,1.3840492;1.0626292,-0.96297085;0.078744985,0.40938824;-0.7863234,-0.8231828;-1.1802245,1.8411658;-0.90719324,0.20798168;-0.73240983,1.6066399;-1.2491283,-0.34917003;-1.6019528,0.7506086;-1.1965784,1.8004682;0.2656828,-1.2762218;-0.2762562,1.1491793;0.30339226,-1.703068;-1.0434438,1.0969983;-0.5946262,0.6253331;1.1308712,-0.07974325;-1.257538,1.5960442;1.444819,0.15215062;1.1234398,-0.05683746;0.66680866,-0.76973784;-1.3047502,-0.041374512;-0.4813658,-0.27765658;1.0128058,0.034307316;-0.8337549,1.3756719;-0.51936287,-0.29695848;-1.1566962,1.9232196;-0.30510902,1.0757662;1.4872997,-0.08689306;1.3827636,0.30652678;0.7650035,0.57549876;0.980822,0.47825313;1.1846919,-0.67889804;-1.1057249,-1.1389235;-0.75786763,0.9949511;0.70437324,-0.32497558;1.4084799,-1.1496465;1.2444717,0.2920658;0.2180057,-1.8259996;0.3679498,0.7754026;0.3404094,0.43677625;-0.59258235,-0.85828704;0.8583669,-0.43051618;-1.6293175,0.69960064;0.21767603,-1.1700474;0.4347687,-0.4299172;-0.5550944,1.1968889;0.33437258,-1.2739964;0.11800677,0.3536915;-0.7740997,0.15741;-0.41038376,0.42310235;0.19209889,0.29517272;0.42714778,-0.5507026;0.9471384,0.21211585;1.5259088,-0.6177801;-0.7457963,-0.030659266;-0.6264201,1.3110186;1.2864746,-1.3987843;0.34973055,1.0211747;1.5267085,-0.009067785;1.2804854,0.112636626;-1.2231854,1.8636703;-1.2769951,2.0381925;0.17696331,-0.54280305;0.8110317,-0.73993933;0.17418097,1.0380296;-1.3311136,0.3737319;1.4654137,-1.1384594;1.9477714,-1.3978103;0.30032927,-1.5863729;0.32920775,-0.81294656;0.6309578,-0.71722835;-1.2823937,1.7905322;-1.3987569,-0.35355976;-1.0257664,0.72101724;0.08433856,-1.0243871;0.31789246,-1.2469678;-0.7471131,-0.9097669;-0.52053607,-0.60726136;-0.6487395,-0.8205941;0.13148175,-1.4276108;-1.2612387,-0.09748772;-0.9880128,1.0879302;1.5478317,-0.17537376;1.33806,0.33115062;-1.2186499,0.6219451;-0.6411773,-0.50990105;-0.42178303,-0.71618605;-0.1798633,-0.9824693;0.44574186,-0.6538534;0.20576787,1.0456995;-1.3431183,2.0215318;-0.11755959,0.88079137;-0.73373175,0.16234356;0.24142833,-1.4608961;0.9360159,-0.74057937;1.129891,-0.9990689;1.4989475,0.031948376;-0.4775827,-0.4625829;-1.0567039,0.990132;-1.3383756,1.2663331;-0.49812627,0.54714704;-1.5686984,0.7391262;-1.3767446,-0.38984144;-0.7313479,1.5522515;-0.18933445,-1.1121236;-0.10349612,0.9832204;1.0590426,-0.94520867;-1.2398072,0.37964505;-0.5421092,0.9802794;-0.86074847,1.5205214;0.76536053,0.7552179;-1.6414969,0.57104236;0.9780193,0.1596054;1.677776,-1.2577864;-1.4167807,1.7577409;-0.07048066,-0.49066138;-1.2654378,-0.0801072;1.9549245,-1.3767967;-1.0363809,1.5267006;-1.3145256,1.3219004;-0.105809905,-0.4545002;0.51282376,0.47784394;1.7681983,-0.7066161;1.7055515,-1.3719963;-0.1169994,-1.1562525;1.5136136,-0.9862313;-0.07853982,-0.50234485;-1.4180118,-0.33027825;-1.0613306,-1.033174;-0.9981802,1.8189064;-0.15557005,-0.9287413;0.77186775,0.6896896;-1.2347797,0.41576558;-1.5684161,0.67056227;1.090439,-0.8850528;0.727121,0.32151762;0.26927972,-0.47073704;0.12905017,-0.52758336;-1.5764527,0.68761736;-1.2588632,1.6728389;-1.3284242,0.44932142;1.1897898,-0.93582827;-1.1561884,-1.1556698;-0.76122236,-1.0067567;-0.82802075,-0.9988745;-1.3348044,1.8113244;0.061141223,-0.747309;-1.6157085,0.6579706;-0.15637057,0.91746455;-0.3020682,1.479275;-1.1660794,1.6139636;-1.2517878,0.46633053;0.9768816,0.19332387;-1.004165,-0.21058421;0.26298928,1.3229839;0.27394688,-1.1602445;-0.20899937,-0.91062814;-0.121510416,-1.1102805;-1.0532422,1.7661077;-1.309824,1.1903754;-1.0174004,-0.9265565;-1.1699787,-1.0963603;0.18661626,-1.8822659;1.364982,-1.4091752;-0.23777321,-1.077784;-0.9882666,-0.79695797;-0.49786523,0.5652469;1.691833,-1.4926499;1.6759719,-0.7061643;1.4092828,0.22970216;-0.99133444,1.4154315;0.21965185,-1.5399364
p3d-kl
0.568818211555481
p3d-iter
599
p3d
1.3776312,-1.3940588,-0.17566797;0.5625249,-0.647093,1.5584893;-0.2548982,0.85429746,0.07387902;0.3025902,-0.11598871,-1.7003306;0.17163247,-1.0924457,0.46440446;-1.6204051,0.44038633,-0.95160306;0.6048922,-0.5980211,-0.59783405;-2.2266574,0.5231207,-0.9189895;-1.7984104,0.619032,-0.73115563;1.691656,-0.50062966,1.0596149;-1.7522447,0.44833273,-1.8854973;-0.9191604,0.3017939,-0.9495551;-0.38060248,0.35709774,-0.39700523;0.5335673,1.5044028,1.0829275;0.34939754,1.5256801,0.8572471;-1.0782433,0.47851464,-1.2140433;-0.08411491,-0.4252437,-1.523016;-0.8805942,0.19283643,-1.2493491;-1.1063713,0.29067755,-0.2694819;-0.04670872,-0.27122578,-0.6323815;-1.5573567,0.38192275,-0.80624455;-1.4499935,1.0220912,-1.0726224;1.4920216,-0.8209498,0.5467453;0.68698573,-0.16814701,1.8238368;0.24119039,0.26997703,0.4690227;-0.83218646,1.892768,-0.20893145;-1.0555468,1.8705821,-0.047360078;1.1202604,-1.4034489,1.4515676;-0.17744343,-0.28690693,-0.7684689;0.15018448,-1.353439,0.23894754;-1.9808891,0.8154824,-1.4224122;-1.8980486,0.6451201,-1.8157282;-0.06897762,-1.188842,0.17745546;-1.0384194,0.15483597,-1.5920935;0.3570429,-1.3874571,0.5363886;-1.4414611,0.96868515,-0.16618277;1.2095233,-0.8236506,0.84959567;0.07293919,0.080036104,-0.18385467;0.46137103,0.45897567,0.8634254;-0.34591693,0.042199183,-0.52524585;1.4505265,-1.8560327,-0.12315758;0.6074221,1.4543426,0.44951236;0.6386679,0.38874114,0.79720896;-0.13307346,1.234875,0.3081137;0.52876365,1.5754235,1.0339594;-1.5455257,0.39632478,-0.75441426;-1.4066342,1.0865166,0.16440713;0.5892674,-0.95376945,0.9281941;1.4868393,-0.17631924,2.224227;-1.2655278,1.0338773,0.2027295;-1.8588247,1.409461,-0.32825264;-1.3056711,0.8296032,0.067108616;0.6915698,1.4826938,0.2308417;-0.5564397,0.3840659,-0.087445535;-1.4019291,0.56421524,-1.5590651;0.5781995,-1.4698349,1.0135263;0.30642638,-0.13813543,-0.2752355;0.39322406,0.45639572,1.0941514;-1.5236539,0.62626857,-1.5535938;-1.3419157,0.813828,-0.77671033;-2.1755607,0.67895883,-0.99447286;1.5864744,-0.4903614,1.2592248;1.5594686,-0.70124364,0.4741739;0.7255051,1.450484,0.31946152;0.7570181,-0.7768684,0.8845052;-1.4254185,0.2247839,-1.8774152;1.1739845,-1.3914657,0.054999143;1.0947032,-0.20809066,1.9541596;1.2673761,-0.7642869,1.4650515;1.3656386,-1.1111759,0.4797287;0.62417996,1.7007272,0.3329206;-1.1457754,0.127151,-0.6045809;-0.12355153,-0.40452513,-0.7659744;0.23746762,0.60646755,0.932279;0.5038376,-1.5125846,0.6938216;-1.4357185,0.21890052,-1.8907752;-0.37424296,-0.16336283,-0.34679922;-1.755708,0.4843858,-1.8571544;-0.7242571,0.7103034,0.50789803;0.85104,0.30489627,1.3205837;-0.037014782,-0.35742188,-1.5671796;0.44829366,-0.95630944,-0.8917386;0.512212,1.7156305,1.0065581;-1.2699904,1.118501,-0.8364777;-1.368876,-0.41221577,-0.24174048;0.066289805,-0.38279545,-1.7216603;0.49496296,-0.3676146,-1.840146;0.48784012,0.49232584,1.1941274;-1.2752652,0.6543912,-1.4456115;-0.91937715,0.15995212,-1.4457358;0.8957741,-1.8684467,-0.84451467;0.52682513,-1.6145449,0.94587237;-0.3582985,0.19314985,0.98272926;0.6251322,-0.9792412,0.9378524;0.23760442,-0.3360852,0.52546406;-1.4446089,0.2103235,-1.9056449;-1.126651,0.5463687,-1.2635217;-0.89389634,1.8499795,-0.29186442;-0.12023406,0.7298184,0.85286975;-1.0949899,0.7073675,-1.3753529;0.35350266,1.6297762,0.77019817;0.7254624,-1.6044116,-0.026905185;1.5032822,-1.0995061,0.48939854;-0.09301403,-0.611692,-1.1698325;0.44660777,0.80111736,1.4223915;-1.9555563,0.82949907,-1.0551504;-1.8244127,1.0492865,-0.2088568;1.1309987,-0.7182107,1.7913092;-0.11520713,-0.3855589,-0.81880814;-0.28650364,1.3085544,0.15105596;1.4467705,-1.8485488,-0.13190699;-0.2584883,1.1295904,0.61943763;-1.1723495,0.55703104,-1.47427;-1.4931177,0.4760274,-0.62882364;1.5145979,-0.3732481,1.7271397;-0.5542554,-0.2982179,-0.3364319;0.11730458,-1.6264312,-0.34188104;0.9258538,-1.9202068,-0.8602612;-0.13910833,-0.22076152,0.43923897;-0.90006304,0.11818678,-0.626208;-1.5462996,1.1617973,-0.110545516;0.8164842,-1.6007824,-0.00810449;-0.152412,-1.0616164,0.1854686;1.3227193,-1.53689,-0.27771404;1.5164084,-0.20279346,2.059167;-1.8892794,0.540626,-1.9280151;-0.07668362,-0.41666013,-1.3734763;-1.0006291,0.40382287,-1.0587983;0.54059434,1.495869,1.0686601;0.6558532,-0.08911619,-0.030880913;0.34114963,-0.047906816,-1.7712092;-0.38398173,0.45130295,0.5799369;-0.00054808,-0.85412145,0.36965525;0.4474241,0.9216216,1.4353694;0.4223243,1.6531655,0.8422973;0.6726695,-1.8084173,-0.6000802;1.7233042,-0.47860417,0.8351473;-1.0034515,1.7036909,-0.44817057;0.7319611,-1.6037049,-0.020636337;0.80281866,-1.5334646,-0.7598683;-0.54792273,-0.3675045,-0.2169101;-2.156834,0.64358264,-0.96189296;1.5204952,-0.41205686,1.0535455;0.052876476,-1.5092295,0.055947766;-0.19671725,0.4324764,0.93230665;-0.87153286,1.9317762,-0.2896447;-0.8465511,1.8043028,-0.09407426;-0.5284477,1.5094441,0.036894068;1.1340479,-1.3524107,1.4428144;0.26024485,-0.36498168,0.5644521;0.668825,1.7075943,0.20530759;0.73213893,-1.3443996,-0.80678385;-0.4869779,-1.2188714,-0.044378087;1.6566335,-0.35634798,1.7143351;-1.644818,0.8175645,-0.15818864;0.528713,-0.53546196,1.4723966;0.31012085,1.5506586,0.9430006;0.8031778,-1.4305525,0.6507113;1.5370163,-0.21931693,2.0336995;-1.9159147,0.82641023,-1.1516168;-1.9243085,1.3451701,-0.45393223;0.7729692,-1.5572581,0.106990464;-0.33050227,0.2613817,0.9638614;0.24655752,0.2693079,0.49386406;0.92443335,-1.563451,-0.0575514;0.1497795,0.017376296,-1.302627;0.53004974,-0.36097577,-1.8431576;0.0095473975,1.2372171,0.37492254;-0.40336576,0.52244526,-0.050574154;-0.14326207,0.9737073,0.61463726;-1.8602319,0.56819534,-1.8999096;0.15193665,0.061758265,-1.2293454;0.5121579,-0.28162825,-1.7944877;1.21305,-1.02503,0.17365229;-0.86207056,0.70292586,0.63982874;-1.8854696,0.5461315,-1.9170799;-1.6895579,0.5897836,-1.699292;-1.5360782,1.2303673,-0.013512863;0.24870433,0.15536937,0.53499436;-1.2865974,0.65528584,-1.3583823;-1.86192,0.6397729,-0.7470794;-1.3390702,-0.0299021,-0.4099598;-1.8829062,0.8948357,-1.0267122;-1.4404933,0.029445391,-0.19862752;-0.9259855,1.0688877,0.15649012;0.5461666,-1.714263,-0.46092746;1.011709,-2.0005522,-0.7194881;0.77393484,-0.3610679,1.9685763;1.0180048,-0.8215559,1.7634236;-1.5898529,0.4798961,-0.6833559;-1.8800864,0.47882986,-0.5777569;-1.8108054,0.54621255,-1.7933942;0.5787737,-0.6222506,-0.6470582;0.08664752,1.7948021,0.63095564;-1.1009434,0.124571085,-0.48720086;0.4514335,-0.2104515,-1.6809466;-0.047651198,1.3076129,0.48220953;0.7885958,-1.4235533,0.6141907;1.1428891,-0.9939379,1.5560883;1.1476874,-0.1369401,2.1027572;-1.9672204,0.8183848,-1.40241;-1.9893469,0.81849825,-1.4348592;-0.95552653,1.2731463,0.015134004;-0.8329605,1.6214787,-0.039406616;-1.2912531,1.6472818,0.058964815;1.3800105,-1.4057024,-0.22908552;0.41089502,-0.94745094,-0.91263586;0.8968414,0.32273445,0.48618987;1.0976317,-0.10096155,2.0114298;0.604966,1.6519351,1.1418021;0.6498484,-0.5226691,-0.3988669;-0.713271,0.82375914,0.45838612;1.058924,-1.0949377,0.56327575;0.57330894,-1.590154,0.81092983;0.6036436,-0.5054812,1.7730426;-1.9245107,1.2878923,-0.33740628;0.6450789,-0.2199955,-0.1309459;-0.60718656,0.33479273,-0.28630865;1.2936597,-1.3766333,-0.26115018;0.13355649,-0.06065669,-0.56418943;1.4509501,-1.2383195,0.31781045;-1.8068261,0.53972477,-0.66531867;1.1926409,-1.2356981,1.3583418;-0.65998256,1.6831686,-0.02709576;-0.16391061,1.1918491,0.5464576;-1.9818213,0.8175094,-1.4220859;1.6143346,-0.58963364,1.2268126;0.93235093,-0.61400336,-0.37743425;0.5597432,-1.5165374,-0.48576498;1.6457618,-0.43785405,0.89730746;1.6261659,-0.56662625,1.234202;-0.0523799,-1.2808943,-0.6017402;0.39190155,-0.2541276,-1.7132554;-1.0479916,-0.04246399,-0.49441013;1.4228079,-0.9921296,0.42070556;0.34953177,1.6061878,0.7985991;0.66806054,-1.6119177,0.098091826;-0.05918681,-0.571987,0.38312832;-0.9188706,0.9522204,0.20534714;-0.9794856,1.3178732,-0.76771146;-2.172772,0.65936995,-0.9671028;0.17750286,-0.63576496,0.5251859;-0.28341678,-0.8440271,-1.2533774;0.713749,0.26452294,1.4187616;-1.5940241,0.6429506,-1.5688245;-1.4689741,0.21608464,-1.919116;-0.30873644,-0.87554866,-1.2387192;0.8924838,-1.8039168,-0.63161004;-0.07561645,-1.5130901,-0.679767;0.16065305,-0.9781633,0.5701563;-1.5360416,1.1327428,-0.07346209;-0.77501416,1.6917229,-0.080053635;0.47064412,-1.3079541,1.2365922;0.43664888,1.031201,1.4387558;-1.5465609,1.5622681,-0.28958607;0.35050324,1.6207278,0.7716245;-1.4750158,1.2273254,-0.21863659;0.42895672,-0.7287577,0.7744194;-0.2667987,-0.6638638,-1.3940033;0.06601351,-0.17190188,-1.5220445;0.6485523,1.731489,0.23728962;1.4759737,-0.3123297,1.8281789;-1.8607428,0.28161877,-0.5116506;-0.82324505,-0.1780888,-0.44155443;0.6897451,-0.7556294,0.5545361;0.66220045,-0.5907902,-0.4682765;-0.065267496,-1.1026884,-0.65786;0.50185615,-1.1935679,1.317368;1.2519308,-0.11823292,2.1828983;0.627076,-0.20124789,1.8031613;0.15432014,-1.3066318,0.28469646;-1.4103628,-0.26658964,-0.32487568;-0.96044976,0.33184212,-0.976198;-0.015046002,1.2371399,0.40372068;0.54597974,-1.0696403,-0.8867159;-1.8058709,0.40440068,-1.9580439;-0.2663183,-1.0500517,-1.0254937;0.13272779,1.5017954,0.67659754;-1.8459119,1.043287,-0.6119136;0.9666182,-0.92505026,0.25693658;1.4543878,-1.8608161,-0.15650961;0.8319109,1.4549668,1.0165505;1.268751,-0.1601201,1.043243;-0.11056535,-1.279761,0.050747044;0.26351947,-0.13752186,-0.2800467;-1.4028141,0.8434134,-0.076461084;0.6517098,-0.38714802,-0.18531099;0.39721695,0.3139102,0.97845215;-0.23472293,-0.57609284,-1.4508584;1.0562693,-1.9544884,-1.07866;-1.4490887,0.20620865,-1.9126328;1.1710789,-0.6776958,0.8408574;0.36069447,1.4139843,0.9100415;-0.37982756,0.4800701,-0.40882316;-1.1339985,0.27065125,-1.5926367;-0.0042611174,-0.37680098,-1.6378344;-0.2498813,0.24613316,-0.6783162;0.4434766,-0.27885646,-0.2786485;0.8993486,0.0062428354,0.85557866;0.563886,-0.31375402,1.3165632;1.0033925,-1.8949196,-0.9073496;1.0806216,-0.80756915,0.63982296;-0.5576161,-0.35616088,-0.17619291;-1.1940584,-0.0025319415,-0.521965;-1.4798107,0.7957739,-1.4138666;0.66866106,-0.56932974,-0.43285912;0.502672,-1.5709815,0.8201759;1.0106243,-1.8931317,-0.6237443;0.8873508,-1.5558615,-0.71701443;-0.15051542,-1.2949998,0.031086985;0.052665856,-0.39289427,-1.7179662;0.13002996,0.52926916,0.47687358;0.7208274,0.3369421,0.6355775;0.39700964,0.61125803,1.1203821;-0.29858673,0.38475886,-0.2151779;-0.55807054,-0.23446384,-0.3756162;-1.8885108,1.3281406,-0.5500761;-1.4527909,0.72219753,-1.4681461;-0.88593423,1.8428539,-0.3906546;0.13428794,1.1615973,0.13978903;-0.017783113,-0.39592102,-1.6570455;0.19646342,-1.3753189,-0.48686248;-1.0362383,0.037009932,-1.6703027;-0.20038036,-0.7390012,-1.101234;-0.06886879,0.5119616,0.7625266;0.56940484,-1.5571465,0.8687943;-0.38014957,1.488646,0.0889703;-0.1574109,-0.25515953,-0.8622736;0.2912853,-1.5664984,-0.2534315;1.5056233,-0.17705524,2.125131;-1.0604544,0.46531785,-1.1933823;-1.8223201,0.61724013,-1.825214;1.6092275,-0.71564084,1.286876;-0.23437458,0.412038,0.7264055;-0.34972006,-0.44624344,-0.6584835;0.5204846,-0.29864076,-1.7694224;-1.9856857,0.795404,-1.2236942;0.88317454,-0.5621873,-0.37143892;0.7286573,0.34193137,0.4201306;-0.34937546,0.40764424,0.6295561;1.3009801,-1.1204277,0.63126856;0.56349856,1.6061896,0.51207477;-1.6906062,0.8543962,-1.2126532;-0.8076028,1.393554,-0.013160716;0.5221282,1.5199068,1.0782748;-1.3393583,0.752137,-0.8103476;-0.840374,-0.083430044,-1.5712291;-0.95319474,0.8606786,0.44467032;0.07439013,0.99929184,0.04890898;0.12346001,-0.9476833,0.54227644;0.65271115,1.7370639,0.21891314;0.32868266,0.5463636,0.9370767;0.008810028,-0.96864355,-0.9084643;-1.3928949,1.5088878,-0.24042252;0.33277643,-1.4226305,0.31717554;1.6292778,-0.5683889,1.1765422;-1.404502,0.92614365,-1.3797857;-1.8224181,0.5220127,-0.63314253;0.41610008,0.6527299,1.3612547;0.90690106,0.08367359,1.193175;-0.28648272,-0.60278934,-1.4682516;1.0287548,-1.9318856,-1.0154945;0.41287753,-0.9420497,-0.8944276;0.16620058,-0.23924904,-1.446122;0.795501,-0.32474706,1.921652;0.35827056,-0.07231431,-1.7877738;-0.04521318,1.3009884,0.16781734;-0.9213349,0.27538654,-0.07201157;-2.0772965,0.5121064,-1.9406428;-0.22918367,-0.13033992,-0.45653397;-1.9394556,0.8421079,-1.0514996;1.448039,-1.1019146,0.5491329;0.44095108,0.7408083,1.3770703;-0.17800842,0.34119216,-0.1468614;-0.3995289,-0.13108544,-0.32044697;-1.5208174,1.088003,-0.040790204;-0.12206697,-0.8684194,-0.5030626;1.5551573,-0.5181322,1.5619771;-0.88279396,0.24370946,-0.91531205;0.6967598,1.5369995,0.1837251;0.57430595,-1.4876156,0.9886965;-0.40176693,0.21577993,0.96045995;-1.4029931,0.10976888,-0.33845636;-1.0216663,0.2188716,-0.794316;-1.5344259,0.45517248,-1.7490137;0.66510034,-1.7885147,-0.56906337;0.2868059,-0.34018353,0.5831581;-0.5351787,0.5117048,0.50707;-1.1937002,1.270052,-0.8457861;-1.775438,1.0455972,-0.5016319;-0.15150443,-1.0381823,-0.73663276;-0.8194108,0.8968083,0.64799;0.80550355,1.4543698,1.0160104;0.6138481,0.23911123,1.5180136;1.2821066,-0.7772614,0.64881206;-1.841533,0.60028857,-1.866582;0.5386182,1.5916508,0.18475088;0.08992664,-0.11732045,-1.341371;1.1003159,-0.14475204,2.0892057;0.8685926,0.12834054,1.0512048;0.35976255,1.6164165,0.7873779;0.6660386,0.09850619,0.003122945;0.6372864,0.34696284,1.3417326;1.1532372,-1.1577375,1.4638462;0.99083614,-0.11029544,1.4605873;-0.9405214,1.8743255,-0.1390234;-1.1965234,-0.16295023,-0.29002744;-0.9406194,0.16073644,-0.7643034;1.1762078,-0.12609307,2.0406601;-0.44785824,1.2212995,0.2753694;0.54865557,-0.524524,1.5209227;0.49282908,1.6935799,0.85692334;0.70467573,-1.6067272,0.027644368;1.4480113,-1.0533816,0.4547372;-1.7311653,1.0882744,-0.703951;-1.8561238,1.4192393,-0.335037;0.4278674,-1.4190403,0.6423306;0.10723085,-1.0464293,-0.6639969;0.013945531,0.038640272,-0.67122746;1.7468445,-0.25860393,1.2275165;-1.006734,0.4063992,-1.1690449;1.4936067,-1.3935037,-0.15015693;1.376937,-1.7354966,-0.012293691;-0.56924605,0.28114092,0.8472186;1.3202857,-0.11394646,2.193394;0.6665206,-1.8061317,-0.59728014;-1.2113807,0.09995604,-1.787044;-1.2847662,0.86828446,-1.0568123;0.24953793,0.6724291,0.9376175;0.9902377,-0.18961734,1.9611858;-1.7849422,0.43614697,-1.9119312;-0.27751553,-0.7962071,-1.2559646;-0.106963925,1.329468,0.21499507;0.6735746,0.25612274,1.0627877;-1.4924958,0.74740714,-0.07194339;-0.28119716,-0.5899078,-1.4645702;1.1986953,-1.0615138,0.13785873;0.43965435,0.94350964,1.3794342;0.5054201,1.5407172,0.9368891;0.8121167,1.4212712,0.11675889;0.6484121,1.7560586,0.20613295;0.91053665,0.33056882,0.48427618;0.91380054,-0.52666533,-0.43021554;0.84470356,-1.2392858,-0.4875692;0.51261675,1.6648076,0.8354029;0.33511597,1.6345737,0.72090286;0.8771321,-1.5190415,0.188104;-0.31367335,0.07410788,0.46077892;0.033138454,-0.12707248,-1.1894178;0.044743937,1.276974,0.3954029;0.12861432,-1.3333136,0.2354703;-1.2810885,1.5716182,-0.32215413;-0.20083982,-1.0986761,-0.84084576;-0.04596193,-1.0628381,-0.5385977;0.55656236,-1.5130701,-0.25392458;-1.7852659,0.41807327,-1.9197294;-0.8229113,1.7182537,-0.22340667;-1.0901649,1.3201047,0.19820449;0.5300108,0.5912176,0.80010056;1.0262731,0.24211165,1.6789389;1.6375173,-0.498843,0.7617679;0.202568,1.5407014,0.6913368;-1.7644302,0.98975134,-0.8124175;0.95795405,0.116427764,1.4163126;-1.0178928,0.26394826,-0.8329091;-0.26222858,-0.5299166,-1.5689784;-0.11941485,1.3813235,0.17700402;0.35099232,-1.4102001,0.59168667;0.769312,-0.23890017,1.4870808;-1.1739017,1.206471,-0.84488726;-1.4074031,1.158799,0.18894275;1.4459944,-0.33308792,1.6777668;-1.4549143,0.14173663,-0.2755303;0.46912846,-0.6893464,0.7375907;0.1383354,-0.9612723,0.55558383;-0.5488054,-0.3407957,-0.2679087;0.67021364,-1.497964,0.9016918;-0.39129087,0.46761906,-0.40398136;0.10868147,0.045224883,-1.1430814;0.9728017,-0.10071505,1.9979848;-0.85410166,1.9373722,-0.26024258;-1.3751572,1.0395403,-1.0477504;-1.9230357,0.84115225,-1.0293525;1.4114411,-1.1732125,0.5891091;-0.15241623,-0.5245425,-0.6359695;0.36484322,1.6538719,0.66793203;0.9908516,-1.1589706,0.582489;1.0814753,-0.559118,0.76614827;-0.5964844,1.5800036,0.03392129;1.4176689,-0.8842431,1.2707402;-1.4469336,0.20781149,-1.9095736;-0.83242494,1.9042107,-0.30589855;-0.8835216,1.2866786,0.25590986;0.44411153,0.8959114,1.3308547;0.8486179,-0.7179517,1.7769172;-0.8945714,1.8483195,-0.10222977;-1.5134546,0.51714253,-1.6848534;-0.97850007,1.4221433,0.17902282;-1.5734808,0.61455697,-0.12870432;-0.846483,1.5029624,-0.6877323;-1.4516821,0.21912724,-1.9029812;-0.25760466,-0.616966,-1.5043975;0.68539685,-0.32771057,1.8405162;0.06126551,0.82499444,0.38990617;0.65634835,-0.71368384,1.5445662;0.13360184,-1.3561326,0.2126322;-1.1357664,1.9052931,-0.019851679;1.4105718,-0.15049252,2.1017184;1.4272305,-0.36485383,1.6566749;-0.2231557,1.1427388,0.6159842;-1.5855227,1.8975765,-0.243788;-1.2156664,0.9622112,0.08416427;0.42353174,1.2888967,1.1256024;1.177822,-1.5093869,-0.0038240387;-0.7155644,0.46467072,0.6896778;1.0570921,-1.9566338,-1.0737729;0.67392224,-0.39048246,1.8678004;0.4167209,-1.4887078,0.2710355;0.85381913,-0.01251035,0.9868995;-0.031524446,-0.21037748,-0.6339666;1.6207354,-0.57561773,1.2155812;0.50005907,-0.17842303,-1.5230362;-1.0718727,0.28423423,-0.23082338;0.9778875,0.025121303,1.8224987;-0.029337272,-0.0132215535,-0.6286344;-1.5476165,0.38268217,-0.7752321;-1.314088,0.870992,-0.7934987;-0.42589018,-0.40666443,-1.5494552;-1.0630189,0.052691,-0.53435975;-1.9470674,1.2448163,-0.3660767;0.5412047,-0.35249165,-1.8218915;-1.0001543,0.76277447,0.19580042;0.5479669,1.5375303,0.6612436;0.38918775,0.49779287,1.0456619;0.3756198,-0.6812448,0.7891187;-0.31292966,-0.5460229,-1.5659891;0.69155204,-0.32507303,1.843529;-1.4178418,0.3102572,-0.20632021;0.073643714,0.2817108,-1.0741605;0.5733572,0.27740455,1.5619992;0.35698524,-0.16636251,-1.5299541;-1.3048787,1.217939,0.066741616;0.7196305,0.31140187,0.7241837;0.46424317,0.32896465,1.0407742;-0.11865144,0.9514512,0.22483659;-0.3119038,-0.5762918,-1.4922577;-0.8971533,-0.019894354,-1.555212;-1.6068828,0.48882556,-0.7714086;-1.1456859,0.7906968,0.29245165;-0.93295175,0.79956007,0.5454231;-1.6082437,1.8957632,-0.25876698;-0.3846735,0.17082952,0.9806931;-1.3738033,0.6611911,-1.471805;0.5205628,1.4874829,1.0690677;-0.09538237,1.3187183,0.16439402;1.412992,-1.178347,0.42668176;-1.4011647,0.87260056,-1.3074802;-1.0379958,1.4350132,0.14862032;1.3445394,-0.27530736,1.7408098;1.6257683,-0.5058287,1.3469733;-0.2932149,-0.57338476,-1.5078118;0.75651056,-0.2956135,1.8852252;0.44928223,0.7579911,1.4936289;0.97526723,-1.0558679,1.6507668;0.42756355,0.9301503,1.4577577;0.782746,-1.0484923,-0.3129493;-0.02609132,-1.1738585,-0.641705;-0.36915419,0.44270584,-0.11227448;-1.4604964,1.0543917,-0.25353205;-1.7036642,0.70758206,-1.4167029;0.652778,1.7310761,0.21937187;-0.5664386,0.3779724,-0.13261716;-1.0168358,0.104003586,-1.6012781;-1.8667333,0.7474773,-1.5167267;-0.79143506,0.13117276,-0.8000628;1.3754237,-1.3910636,-0.18244655;-0.21452339,1.1682625,0.6140627;0.6515806,-1.2584502,1.010962;0.5376616,-0.96706784,1.3877401;0.573738,-0.8599469,1.497115;-1.0507317,0.46159825,-1.1855403;-0.8270039,1.9125,-0.3085847;0.5153539,1.8193641,0.94416237;0.067894965,-1.0117747,-0.7446594;1.0385859,-0.1804793,2.0737438;-1.6335393,1.9059412,-0.27488452;0.5523926,0.3996968,1.0686735;1.3566682,-1.5668494,-0.02550877;-0.3618282,0.9978509,0.68790346;0.43377385,0.8482243,1.4825113;1.6201617,-0.5797529,1.1801423;-1.3642687,-0.088676564,-0.35123736;-0.97629905,0.15752836,-0.77193105;-0.11523384,-0.60925114,-1.163873;0.2649926,-1.221761,-0.56093705;1.0451044,-1.9478637,-1.0301176;1.5822484,-1.4498632,0.11955263;-0.024848437,0.27702996,-0.7816345;1.2158848,-1.1490195,0.75182253;0.8057126,1.668331,0.20099837;0.5547952,-0.53927195,1.5495027;-1.4374704,1.5490077,-0.068831354;0.25052315,1.3192688,0.1438667;0.16027227,-1.3053591,0.32778892;-1.1065062,1.0335114,-0.7924977;0.61181045,1.6933817,0.36364818;-1.2816663,0.5962306,-1.2826418;0.009011579,0.16175012,-0.9124851;-0.09996199,1.321221,0.44687352;1.0943135,-0.14535534,2.1107152;-1.7846631,0.4189784,-1.9363608;-1.7725368,0.63192326,-1.8752306;0.5543247,-0.4139225,-0.065209925;0.10345159,-0.10043812,-1.1085054;1.0222837,-1.926575,-0.9916538;1.4500324,-1.8471735,-0.13902916;-1.052684,0.08040845,-1.6547862;1.1838015,-0.7244388,0.7951499;1.5183247,-0.17810647,2.170672;-1.9475211,0.804797,-0.90150315;0.63301486,-0.5735511,-0.5250485;0.5754306,0.09575279,1.3233078;0.6433064,-1.5623273,0.27637804;1.4617856,-0.57137245,1.6520761;0.6809347,-0.76088244,1.5362729;-1.4865471,1.8921537,-0.17134638;0.61365414,-0.4189026,1.222168;0.46043593,-0.71387386,0.7694003;0.47544515,0.40726405,1.1464919;0.43214035,1.403975,0.8889054;0.782746,-1.0484923,-0.3129493;-0.040618464,1.3965057,0.6707429;-0.25159943,1.0264176,0.12337183;0.21381119,-1.3952843,0.23343718;0.39888301,-1.403526,0.35438466;-0.028140178,-0.36417028,-1.5874096;0.14841123,0.5177145,0.46780387;-1.2454394,0.38482666,-0.38610306;-0.05338722,0.25738302,-0.74797446;1.2940606,-1.3978658,-0.014042802;0.08070865,-0.39551008,-1.7424535;0.09183636,0.57203376,0.8345077;-1.3923687,1.6204177,-0.06279708;0.17116004,0.49354282,0.46000764;0.5880626,-0.28058007,-0.17390615;-0.23405105,-1.0266502,-0.9982543;-1.9368708,0.79685897,-1.2256045;1.6327988,-0.4812772,0.98986375;0.93491215,-1.8469602,-0.63336056;0.46072507,1.0226245,1.2458128;0.7905436,-1.0780461,-0.34126955;-0.033616234,-0.4146878,-1.5012614;-0.08360122,1.3238252,0.18323253;-1.2526214,0.5422464,-1.5128279;0.19971547,-0.7755653,0.5907053;1.005369,-1.8955119,-0.91029626;-0.11894513,-1.1807053,0.14543773;0.0011748706,-0.09012302,-0.97076744;0.40663722,-0.18078774,-1.6637461;-0.13643579,-1.0474479,-0.77397364;-1.5818969,0.39248848,-0.8714269;1.371168,-1.3149091,-0.0026141917;0.91486776,0.08111254,1.0469279;-1.1384137,0.7483976,0.22402716;0.58921474,-0.97714937,1.2110834;1.6051753,-0.5446048,1.3325677;0.3493143,-0.24878554,-1.3110994;-1.6857189,0.8788116,-0.94121885;-0.12879121,0.770732,0.767161;0.48098165,0.48230228,0.9941978;-1.5025933,1.0605316,-0.021768615;-0.052359696,-0.81166404,-0.5551166;-1.272085,0.9046369,-1.0169556;-0.01840286,-0.8022205,0.3350405;-0.30084217,-0.1938058,-0.78523374;1.3331244,-1.3312355,-0.047445282;1.585659,-0.35316375,0.7963073;1.289431,-0.9064595,0.7625542;1.2813826,-0.118215896,2.1585548;0.95043266,-1.1507677,0.61800593;0.14810303,-1.4773849,-0.11404621;-0.689681,1.9437608,-0.23482554;-0.26776475,-1.032033,-1.0407163;1.5186117,-0.51731956,1.7202579;0.64033484,-0.37244233,0.08243499;0.10663157,0.13376872,-1.152638;1.1263173,-1.9630985,-0.7979375;-0.41360912,-1.2044773,-0.026660549;1.6138642,-0.62084436,1.3166965;-2.0415652,0.7517087,-1.0541803;0.6439858,1.7023572,0.25575313;1.2103586,-1.1865724,0.019919617;1.7751461,-0.38536957,1.1404203;-1.4546494,0.02442355,-0.3097193;-1.0347722,0.24836706,-0.8528894;0.6285565,-0.32818824,-0.16894129;0.5125538,-1.0964701,1.343268;0.97983116,-0.06994582,0.7248647;-0.776688,0.98389286,0.30379483;0.4369733,0.9867223,1.3294746;-2.1657724,0.6684215,-0.96975446;-1.9916472,0.81959814,-1.4237652;-0.0015107993,-1.5073822,0.030614262;0.8196342,-1.6012146,-0.81981176;1.745039,-0.39187604,1.2919691;0.32229543,-0.06425943,-1.7795795;-0.58124304,-0.33977666,-0.36232477;1.6449387,-0.5149082,0.71922153;0.8449805,0.10333253,0.821779;-0.39233455,0.16930649,-0.537705;0.6440331,-0.43635982,-0.29419816;0.38288695,-0.24092789,-1.5956131;-0.03166846,1.2560662,0.39886326;-0.3112428,0.94433045,0.075685024;1.103592,-1.0693154,0.49800068;0.64841074,1.6971643,0.26736757;0.80400926,0.2544816,0.7071499;-1.4684149,0.7890138,-1.2686449;-1.4269569,0.8726027,-0.24397267;1.5656881,-0.668327,1.2685771;0.6459958,1.7924398,0.16748837;-0.8320117,0.9246729,0.6842773;1.3956612,-1.5334493,-0.073911004;-0.42391995,-1.2038829,-0.03136031;0.4608432,0.83756006,1.3040619;-0.547957,-0.32932425,-0.28703243;-1.6572635,0.9421176,-1.1281791;0.9730605,-2.1024845,-0.8018098;0.017838374,-1.3557554,-0.6287224;0.30522072,-1.563397,-0.27164894;0.5789993,-1.5246252,0.9424407;1.504011,-1.2835329,0.5903983;-1.0879719,0.2967817,-0.24651536;-1.4311633,0.8047397,-0.082210556;0.8744072,0.32377335,0.50200486;-1.9224852,1.3485367,-0.4062175;1.3952676,-0.74404067,0.5879883;0.89160126,-1.307814,-0.44987702;0.82927597,-1.2251395,-0.42014533;0.7152763,-0.45108572,1.8237265;0.6446842,-0.48893335,-0.36281174;-0.22726285,-0.5710046,-0.7593452;1.0364562,-1.9436214,-0.72404015;-0.92458636,1.3258533,-0.70869786;0.8456622,-1.6536243,-0.56781644;-1.4004911,0.8693088,-0.09101946;0.96163434,-1.3738774,-0.44943193;-0.23151219,-0.025577253,0.42452088;1.5146822,-0.83852226,0.34505615;-0.36856377,0.53256655,-0.036353312;-1.477288,1.0669714,-0.24889316;0.16989939,1.6327477,0.65036553;0.66923696,0.3653949,0.74746203;0.5948354,0.13317108,1.6798207;0.295336,1.3299863,0.16666651;0.3696249,-0.103528485,-1.8062056;-1.0867915,0.49817222,-1.2265427;1.7893105,-0.705116,0.85007346;0.6307553,-0.58170563,-0.040102717;0.6154713,-1.5150687,-0.34070203;1.452167,-1.8705626,-0.20424992;0.65665746,-1.5622926,0.7315669;1.4752024,-0.16452748,2.1660812;0.6234385,1.1984357,0.36418307;-0.33846062,0.11778018,-0.64522403;0.68055,-1.8065946,-0.6021184;-0.82392734,0.6522421,0.5434496;-1.3454387,0.7272863,-1.3087536;0.89530635,0.25812638,1.2650634;0.66746014,-1.0673057,1.0716475;0.6784282,-0.5617345,-0.40962875;0.7576067,0.24822164,1.3637501;-1.4927057,0.71289915,-1.4835844;1.3331586,-0.7773042,1.6003956;0.6089963,-0.0053128293,1.3456761;-0.159948,-1.0500517,-0.762721;0.4300199,-1.7318022,-0.58287513;0.32367834,-1.6047137,-0.29717013;0.95503867,-0.21005769,1.0210948;1.5418696,-0.3559267,1.6461179;-1.9216359,1.3398299,-0.4114021;-1.811608,0.9326197,-0.91727376;-1.5863872,0.687139,-1.1777949;1.4635326,-1.5614663,-0.20524356;0.25010413,-0.29265428,-1.2840517;1.4580361,-1.8642553,-0.14877823;0.871949,-1.9690567,-0.7702728;0.63129354,-0.27191943,1.3868117;0.30972055,1.2708455,0.20924194;-0.91845983,0.28553414,-0.07885818;0.5235919,-0.3149927,-1.7865998;0.5303908,-0.6732393,1.5028735;1.5260828,-0.3002576,0.80963236;-1.286616,0.4544907,-1.5815159;0.16894235,-0.91926223,0.57012206;-1.2825562,0.8472524,-0.74759895;1.7562888,-0.6369383,0.8803663;-0.64177674,0.37487137,0.7407525;0.3735031,0.19364038,0.40449384;1.1634352,-0.9992931,0.20536022;0.3538416,-0.083649114,-1.7922511;0.76470715,-0.21006323,1.8771154;-0.8327105,0.9243586,0.34686932;-0.21615309,-1.1017352,-0.7982321;-1.1382873,1.033373,-0.83870333;-0.026455693,-0.3559425,-1.5952572;-0.93834895,1.0733857,0.40610874;0.65624064,0.013691749,0.025193155;0.5811008,-0.2637184,1.2883643;-0.034521274,-0.56126964,0.35226542;-0.30700538,-0.54787755,-1.551237;-1.2347536,1.6659657,-0.14719342;0.051903795,0.16937813,-1.0321151;-0.6271261,0.3396931,-0.2334833;-0.47859907,0.40939966,-0.48351794;-1.4523482,0.9850958,-0.18409109;1.5435815,-0.28683406,1.8715553;-1.0423051,1.68764,-0.45017758;-0.35503036,-0.04492242,-0.37634882;1.436286,-0.691369,0.58821905;0.6620457,-0.5228971,-0.38725862;0.44819087,1.6540395,0.56918406;0.9928756,-1.5196203,-0.034360044;-0.35384423,0.20507577,0.5156492;0.6166946,-0.7561114,1.5371187;-0.5573144,-0.2995222,-0.3273212;1.3019159,-1.0468847,0.67510885;-0.22885412,1.0036585,0.64375967;1.1474702,-1.132381,1.49599;-0.8277198,1.4839692,-0.6986743;0.592611,1.6810533,0.4165808;0.55343753,-1.4923959,-0.38908848;1.0330931,0.07548105,1.864975;0.5042995,-1.4327877,0.54963106;1.0038686,-0.16612154,1.522982;1.3701161,-1.3816819,-0.1513572;0.59590167,-1.4166154,1.0274609;1.0613906,0.16200583,1.7812017;0.12878259,0.03346691,-1.1232797;0.32343486,0.5736677,0.9839887;0.010791314,-0.37599874,-1.6541716;1.6672076,-0.24211489,1.315131;0.26947924,-0.10574686,0.5336422;-1.0734715,1.7892989,-0.50414294;1.1282663,-0.8537713,1.7043465;-1.4735909,1.0609543,-0.23536065;-1.0584916,1.7674321,-0.46979952;-0.5984535,-0.01989313,-0.7632221;1.2792991,-1.0558139,0.20483737;0.57712716,-0.29725426,0.03983853;-0.88730353,1.920974,-0.32610425;0.67400146,-0.46196595,1.2474524;0.674684,-0.38347203,0.021278005;1.0007924,-0.21129385,1.9993205;0.2842131,0.44513917,0.9428931;-1.8389184,1.3853616,-0.22821452;-1.5025989,1.021291,0.017674375;-0.5264473,0.56848973,0.49791428;-0.8241513,0.97788256,0.17033486;-1.320456,0.73629093,-0.7946308;1.0006046,-1.8836185,-0.8988282;0.83742344,-0.56531984,0.88942087;-1.018259,-0.19374174,-0.26375312;-1.0924615,0.64450884,-1.3528084;-1.3236037,1.2529877,0.007299143;0.33721182,-0.040173613,-1.7670225;0.075635076,1.410764,0.5421436;0.13343586,1.2221509,0.13764127;0.19728737,-1.4799871,-0.31487006;-1.3665228,0.26282772,-0.36463258;0.56909233,-1.5041716,0.9668451;0.04102391,-0.10771369,-0.97586787;-0.58017355,0.37729257,-0.25689322;0.795226,0.20404345,1.062593;0.06640943,0.1817423,-1.1271269;0.62737256,1.7126993,0.2964048;0.16123511,-1.3034527,0.3286987;-0.21481234,-0.027929997,0.41716146;0.5956598,1.5950115,0.16092141;-0.391572,0.4575777,-0.40401727;-0.8484309,1.7934332,-0.05125329;-1.7247136,1.0157193,-0.7936385;0.042259924,-1.4624778,0.067809924;0.9483384,0.18421759,1.2238113;-0.79955083,-0.10768444,-1.5269728;0.31341493,1.6136738,0.7157559;-1.5644248,1.5557151,-0.35615024;-1.5327499,0.4481428,-0.19418882;1.1096935,-0.12926477,1.8871044;1.28188,-0.11861482,2.162899;-0.5480673,-0.29665285,-0.32131582;-0.926506,0.14548285,-0.77123266;0.6284866,1.4228289,0.7091803;1.1135609,-1.0696923,0.50111246;-1.184927,0.7331963,-1.3628345;-1.8707482,0.57547295,-1.9086959;-0.017897274,-0.3459236,-1.4912342;-0.077459715,0.35113126,-0.7172377;-0.64871216,0.017240426,-0.64850646;1.210924,-0.26774478,1.7967521;1.4371693,-1.8324436,-0.10387208;1.667943,-0.42278054,0.6949027;-0.09372695,-0.41807768,-0.8473792;0.069796346,0.17717919,-1.0907885;0.39920712,-1.3997107,-0.5412607;0.664536,-0.5773203,-0.4585698;0.28721926,-1.5463973,-0.25031134;0.17126457,-0.46424744,-1.2640704;1.1935865,-1.0618397,0.13920122;1.6245804,-0.09473964,1.2790208;-1.9273461,1.3487582,-0.40235913;-1.367915,0.82902753,0.035192918;1.1697516,-0.7584009,0.902705;0.89649695,-0.6004249,-0.3170609;0.48428616,-0.47879574,-0.6779459;-0.151272,-1.0341372,-0.7176663;-0.452391,0.33243376,-0.5478166;0.57328033,1.4774169,0.7282576;1.4449726,-0.050268814,2.1262255;-0.20712778,0.41651642,0.75731623;0.14714971,-1.2536148,0.31595674;0.12856178,-0.16080812,-1.3274084;-1.1530674,0.2524128,-0.8289647;-0.82536066,1.4366716,-0.79309237;-1.4245937,1.6591423,-0.29096326;0.62625784,-0.3812257,-0.24292116;1.7907267,-0.34774405,1.1462482;1.1779948,-1.2889007,1.3472095;0.21558522,0.01474684,0.3727218;0.5648576,-1.3378664,1.0075365;1.4469812,-1.8059013,-0.1454967;0.8503731,-0.19256409,1.4528832;-0.03586313,-0.9936724,-0.9011307;-0.037838172,0.6600143,0.8161889;-0.84784436,1.5086308,-0.6699297;1.3227421,-1.1223905,0.61893106;0.7856195,0.24364603,0.73305494;0.5574316,-0.43865448,1.4697139;-0.8510189,0.8300908,0.6253633;0.45579666,-1.5177224,0.77255845;-0.9028412,1.8469875,-0.11786035;-1.5065281,0.5974508,-1.6081485;1.5004845,-0.34430796,1.7340035;-0.013413984,-0.1256835,-0.24446376;1.1992315,-1.0463239,0.15519279;-1.8975062,0.5721657,-1.8812329;0.69645774,-0.78274137,1.5051095;1.1497493,-1.2072548,1.418845;0.086773105,-0.22950536,-0.19655855;-0.24286954,1.1724347,0.20051636;-2.1651137,0.6873998,-0.99995893;-1.4840925,0.41373435,-1.7514321;-0.23222537,-1.0574905,-0.9753827;-1.4544717,0.7750276,-1.1971439;0.010977592,-0.07578983,-0.24419057;1.4328759,-1.8309155,-0.0666147;0.8524707,-1.9476751,-0.74745876;0.7125201,-0.32485852,1.8613778;0.017036172,-0.8681186,-0.6673551;-0.73554504,0.71383935,0.56313044;1.2809474,-1.0956516,0.6633724;0.6305911,-1.4734411,0.9176466;-0.93416876,1.3283917,-0.6984895;-0.5186641,1.3730497,0.037117507;-0.2683964,0.04704796,-0.27821973;-0.5467427,-0.33839953,-0.27873546;0.6311164,-1.4908793,0.9395737;1.171477,-0.71787095,1.805533;1.0802861,-0.97885364,0.60566276;-0.9639433,1.2464443,-0.84564066;1.0146856,-1.9180845,-0.94629097;0.3298255,-1.8013003,-0.62029815;0.47099742,-1.836726,-0.62854385;1.3286812,-0.1263945,1.7825857;0.18386312,-0.056898918,-0.5078597;0.57805854,-1.535588,0.9089762;-0.22112863,0.48385742,0.8452558;0.4484566,0.8190373,1.433221;0.9473304,-0.85440177,1.7364163;1.141246,-1.0073801,0.69884384;-0.8924755,1.8463078,-0.0805423;0.7072945,-1.6175456,0.020397913;0.8055742,1.4825801,0.9939114;0.021017145,0.032927558,-0.9444808;-0.11396614,-0.9485983,-0.59748;-0.19812554,-1.0474863,-0.90834045;0.74245554,-0.43391773,1.8576134;1.2631191,-1.0753984,1.2723327;0.8897624,-1.7962587,-0.5922294;1.0507119,-2.0011783,-0.8638848;0.37701687,-0.10973503,-1.8109654;-0.92168665,-0.015384262,-1.5959406;0.06282195,-0.95513505,-0.8236738;0.99754226,-1.4652536,-0.52516246;0.2492871,0.03266266,0.4033861;-1.4339707,0.20561308,-1.9013432;-1.9381217,0.6272782,-0.9944383;-1.5930878,0.95642763,-0.09552352;0.5503393,-0.9259265,1.3652183;0.17707917,-0.29081702,-1.4181405
