data_set
babi-q1
num_classes
6
data_points
1000
model
saved_models/babi-q1-e0155.ckpt
color_schema
#4E79A7,#F28E2B,#E15759,#76B7B2,#59A14F,#EDC948,#B07AA1,#FF9DA7,#9C755F,#BAB0AC
test_accuracy
0.897
test_loss
0.3731258718967438
train_accuracy
0.95925
train_loss
0.11672310100123286
val_accuracy
0.92
val_loss
0.2822156842648983
labels
12,9,15,12,15,12,11,12,17,17,15,11,17,10,10,15,11,15,17,15,12,17,17,12,10,10,10,15,15,15,12,17,15,15,9,17,9,11,15,10,9,11,9,12,11,15,12,9,17,10,10,17,11,11,15,10,15,12,11,12,12,17,9,11,11,15,15,9,17,17,11,12,11,10,9,15,15,15,12,17,11,9,10,11,17,11,11,12,15,15,9,9,12,9,9,15,15,15,10,10,10,9,17,11,11,12,10,9,17,10,9,9,15,12,15,11,17,15,9,17,10,9,10,12,10,17,11,11,11,9,11,12,9,11,15,9,17,15,9,9,17,12,12,17,10,15,15,15,15,15,11,11,9,17,10,9,11,10,17,12,10,10,10,11,9,11,11,11,15,10,17,17,11,9,9,17,15,10,17,17,12,12,12,12,10,9,17,11,15,17,12,15,11,12,12,11,17,15,9,10,12,17,17,10,12,9,15,12,9,12,9,10,12,10,9,10,9,12,12,9,9,12,15,12,10,17,12,11,9,9,17,11,12,17,12,10,10,10,10,17,12,15,11,11,15,15,11,11,11,11,10,17,9,9,10,10,17,17,15,11,11,17,12,17,17,9,11,10,9,10,15,17,17,15,9,17,15,12,17,9,9,11,17,17,11,17,9,17,11,9,15,15,10,15,15,11,11,12,12,9,9,9,9,17,12,11,9,17,17,15,11,11,17,10,11,17,10,17,17,11,11,15,15,11,11,9,10,11,11,10,15,17,15,10,10,17,12,17,12,12,12,11,17,15,11,17,12,12,15,15,10,11,11,10,10,9,17,12,11,12,11,9,11,11,11,11,11,12,12,12,12,12,11,11,17,10,15,9,9,10,9,10,10,17,17,15,17,17,17,15,15,12,9,10,17,17,10,17,9,11,10,11,10,15,17,15,12,10,11,15,10,11,9,12,17,10,10,15,12,9,12,12,9,12,10,15,15,17,10,10,17,15,15,15,17,11,15,9,10,11,10,12,9,11,10,11,10,12,11,15,15,15,15,11,9,15,10,12,11,12,9,11,10,17,11,11,10,10,10,17,12,17,17,9,15,11,9,15,11,9,10,10,12,12,11,10,9,12,10,9,15,10,10,11,11,15,15,10,12,12,15,11,9,12,9,15,10,17,17,10,10,17,10,10,17,9,9,10,12,11,17,17,12,12,11,12,17,11,11,12,11,11,11,17,9,11,10,12,12,10,11,17,12,12,15,11,15,15,12,10,10,9,17,10,15,12,15,10,10,10,11,10,11,15,10,9,9,15,10,10,10,10,15,15,17,9,10,12,10,10,12,12,11,15,10,10,11,12,10,10,17,12,17,11,9,9,17,17,11,10,10,10,15,15,17,11,15,12,11,10,15,17,9,11,9,17,15,12,15,17,11,17,17,15,9,10,9,9,10,10,9,10,10,15,11,11,11,15,12,9,11,11,10,17,11,11,12,17,15,15,9,11,15,15,11,9,15,15,11,15,15,15,11,10,10,9,17,17,17,17,10,10,17,9,15,9,17,12,12,12,15,15,15,17,9,11,9,17,9,12,11,9,9,17,11,11,11,10,15,10,12,12,9,9,17,12,12,9,17,12,11,11,15,15,12,11,12,17,12,17,11,12,11,17,17,11,17,9,11,9,10,10,12,17,10,12,9,9,9,15,11,11,15,17,9,10,9,12,17,15,17,17,12,10,12,11,11,17,15,9,17,10,9,11,12,15,9,15,12,10,9,10,17,17,15,15,9,9,9,17,10,17,17,9,12,17,17,12,12,11,11,11,11,17,11,17,17,17,17,17,12,9,17,10,17,11,10,10,12,12,11,11,17,12,12,17,17,15,11,17,11,11,9,12,9,17,9,10,9,15,11,9,11,15,10,9,9,9,17,12,11,11,17,15,15,10,10,11,11,17,10,12,9,10,10,10,10,10,15,17,9,11,17,15,12,11,10,10,15,12,10,11,12,12,11,11,11,15,12,17,10,12,17,17,12,10,10,12,17,10,11,17,11,12,17,17,11,12,11,17,9,9,11,17,11,11,15,15,17,17,10,10,17,12,11,15,12,11,11,10,9,12,12,15,10,9,17,15,17,9,17,17,10,17,15,12,12,11,10,10,10,17,17,15,12,17,9,9,15,10,12,15,15,15,17,17,15,11,15,10,12,9,9,10,11,11,9,9,12,15,9,15,9,12,12,10,17,17,10,12,15,9,10,17,11,11,11,17,9,9,11,15,11,11,11,15,12,17,9,10
pred_labels
12,9,15,12,15,12,11,12,17,17,15,11,17,10,10,15,11,15,15,12,12,17,17,12,10,10,10,15,15,15,12,17,15,15,9,17,9,11,15,10,9,11,11,12,11,15,12,9,17,10,10,17,11,12,11,10,15,12,12,12,12,17,9,11,11,15,15,9,17,17,11,12,11,10,9,15,11,15,12,17,11,9,10,15,17,11,11,12,15,15,9,9,12,9,9,15,15,15,10,10,10,9,17,11,11,12,10,9,17,10,9,9,15,12,15,11,12,15,9,17,10,9,9,12,10,17,11,15,11,9,11,10,9,11,15,9,17,15,9,9,17,12,12,17,10,15,15,15,15,11,11,11,9,17,10,9,11,10,17,12,10,10,10,11,9,11,11,11,15,10,17,17,11,9,9,17,15,10,17,17,12,12,12,12,10,9,17,11,15,17,12,15,11,12,11,11,17,11,9,10,12,17,12,10,12,9,15,12,9,9,9,10,12,10,11,10,9,12,12,12,9,12,15,15,10,17,17,11,9,9,17,11,12,17,17,10,10,9,10,10,12,15,11,11,15,15,11,11,9,11,10,10,9,9,10,10,17,17,15,11,11,17,12,17,17,9,11,10,9,10,15,17,17,15,15,17,15,12,17,9,9,11,17,12,11,17,9,9,11,9,15,15,10,15,15,11,11,12,12,9,9,11,11,17,17,11,9,17,9,15,11,11,17,10,12,17,10,17,15,11,11,15,15,11,17,9,10,11,11,10,15,17,15,10,10,17,12,11,12,11,12,11,17,15,11,17,17,12,10,15,10,11,11,10,10,9,17,12,11,12,11,9,11,11,11,11,11,12,12,12,12,12,11,11,17,10,15,9,11,10,9,10,10,17,17,15,17,17,10,15,15,12,9,10,17,17,10,17,9,11,10,11,10,15,17,15,15,12,11,15,10,11,9,12,17,10,10,15,12,9,12,12,9,12,10,15,15,17,10,10,17,15,15,15,17,11,15,9,11,11,10,12,9,11,10,11,10,12,11,15,15,15,15,11,9,15,10,12,11,12,9,11,10,17,11,11,10,10,10,17,12,17,17,9,15,11,9,15,11,9,10,10,12,12,11,10,9,12,10,9,15,10,10,11,10,15,15,10,12,17,15,11,9,12,9,15,10,17,17,10,10,17,10,17,12,9,9,10,12,11,17,17,12,12,11,12,17,11,15,12,11,11,11,12,9,11,10,12,12,10,11,17,12,12,15,11,15,15,12,10,10,9,17,10,15,12,15,10,10,9,11,10,11,15,10,9,9,15,10,15,10,10,15,15,17,9,10,12,10,9,12,12,11,11,10,10,11,12,10,9,17,12,17,11,9,9,17,17,12,10,10,10,15,15,17,11,15,12,12,10,15,15,11,11,9,17,15,12,11,17,11,17,17,15,9,10,9,11,10,10,9,10,10,15,11,11,11,15,17,9,11,11,10,17,11,11,12,17,15,11,9,11,15,15,11,9,15,15,11,15,15,12,11,10,10,9,17,17,12,11,10,10,17,11,15,9,17,12,12,9,15,15,15,17,11,11,9,9,9,12,11,9,9,17,11,11,11,12,15,10,12,12,9,9,17,12,12,9,11,12,11,11,15,15,12,11,12,17,15,17,11,12,10,17,17,11,12,9,11,9,10,10,12,17,10,12,9,9,9,11,11,11,15,17,9,10,9,12,17,15,17,10,12,10,10,11,11,17,9,9,17,10,9,11,12,15,9,15,12,10,9,10,17,17,12,15,9,9,9,17,10,17,17,9,12,17,17,12,12,11,11,11,9,17,11,17,17,9,17,17,12,9,17,10,17,11,10,10,12,17,11,11,11,12,12,17,17,15,11,17,11,11,9,12,11,17,9,10,9,15,11,9,11,15,10,9,9,9,12,17,11,11,17,15,15,10,10,11,11,15,10,12,9,10,10,10,10,10,15,17,9,11,17,15,12,11,10,10,15,12,10,11,12,12,12,11,11,15,15,17,10,12,17,15,12,10,10,12,12,10,11,17,11,12,17,17,11,12,11,17,9,17,11,15,11,11,15,15,11,17,10,10,17,10,11,15,12,11,11,10,9,12,12,15,10,9,17,15,17,9,17,17,10,17,15,12,12,11,10,10,10,17,17,15,12,17,9,9,15,10,12,15,15,15,17,17,15,11,15,10,12,9,9,10,11,11,9,9,12,12,9,15,9,12,9,10,17,9,10,12,15,9,9,17,11,11,11,17,9,9,11,15,11,12,11,15,12,17,9,9
pred_correctness
True,True,True,True,True,True,True,True,True,True,True,True,True,True,True,True,True,True,False,False,True,True,True,True,True,True,True,True,True,True,True,True,True,True,True,True,True,True,True,True,True,True,False,True,True,True,True,True,True,True,True,True,True,False,False,True,True,True,False,True,True,True,True,True,True,True,True,True,True,True,True,True,True,True,True,True,False,True,True,True,True,True,True,False,True,True,True,True,True,True,True,True,True,True,True,True,True,True,True,True,True,True,True,True,True,True,True,True,True,True,True,True,True,True,True,True,False,True,True,True,True,True,False,True,True,True,True,False,True,True,True,False,True,True,True,True,True,True,True,True,True,True,True,True,True,True,True,True,True,False,True,True,True,True,True,True,True,True,True,True,True,True,True,True,True,True,True,True,True,True,True,True,True,True,True,True,True,True,True,True,True,True,True,True,True,True,True,True,True,True,True,True,True,True,False,True,True,False,True,True,True,True,False,True,True,True,True,True,True,False,True,True,True,True,False,True,True,True,True,False,True,True,True,False,True,True,False,True,True,True,True,True,True,True,False,True,True,False,True,False,True,True,True,True,True,True,True,True,False,True,True,False,True,True,True,True,True,True,True,True,True,True,True,True,True,True,True,True,True,True,True,True,True,True,False,True,True,True,True,True,True,True,True,False,True,True,True,False,True,True,True,True,True,True,True,True,True,True,True,True,True,False,False,True,False,True,True,True,False,True,True,True,True,True,False,True,True,True,False,True,True,True,True,True,False,True,True,True,True,True,True,True,True,True,True,True,True,False,True,False,True,True,True,True,True,True,False,True,False,True,True,True,True,True,True,True,True,True,True,True,True,True,True,True,True,True,True,True,True,True,True,True,True,True,True,True,True,True,False,True,True,True,True,True,True,True,True,True,False,True,True,True,True,True,True,True,True,True,True,True,True,True,True,True,True,True,False,False,True,True,True,True,True,True,True,True,True,True,True,True,True,True,True,True,True,True,True,True,True,True,True,True,True,True,True,True,True,True,False,True,True,True,True,True,True,True,True,True,True,True,True,True,True,True,True,True,True,True,True,True,True,True,True,True,True,True,True,True,True,True,True,True,True,True,True,True,True,True,True,True,True,True,True,True,True,True,True,True,True,True,True,True,True,True,False,True,True,True,True,False,True,True,True,True,True,True,True,True,True,True,True,True,True,False,False,True,True,True,True,True,True,True,True,True,True,True,True,True,False,True,True,True,True,False,True,True,True,True,True,True,True,True,True,True,True,True,True,True,True,True,True,True,True,True,True,True,True,True,True,False,True,True,True,True,True,True,True,True,True,False,True,True,True,True,True,True,True,True,True,False,True,True,True,False,True,True,True,True,True,False,True,True,True,True,True,True,True,True,False,True,True,True,True,True,True,True,True,True,False,True,True,False,False,True,True,True,True,True,False,True,True,True,True,True,True,True,True,False,True,True,True,True,True,True,True,True,True,True,False,True,True,True,True,True,True,True,True,True,True,False,True,True,True,True,True,True,True,True,True,True,True,False,True,True,True,True,True,True,False,False,True,True,True,False,True,True,True,True,True,False,True,True,True,True,False,True,True,False,True,True,True,True,True,True,True,True,True,False,True,True,True,True,True,True,True,True,True,True,False,True,True,True,True,True,True,True,True,True,False,True,True,True,False,True,True,True,False,True,True,True,True,True,True,True,True,True,True,True,True,False,True,True,True,True,True,True,True,True,True,True,True,False,True,True,False,True,True,True,False,True,True,True,True,True,True,True,True,True,True,True,True,True,True,True,False,True,True,True,True,True,True,True,True,True,True,True,True,True,True,True,True,True,False,True,True,True,True,False,True,True,True,True,True,True,True,True,True,True,True,False,True,True,False,True,True,True,True,True,True,True,True,True,True,True,False,True,True,True,True,True,True,True,True,True,True,True,True,True,False,False,True,True,True,True,True,True,True,True,True,False,True,True,True,True,True,True,True,True,True,True,True,True,True,True,True,True,True,True,True,True,True,True,True,True,False,True,True,True,False,True,True,True,True,False,True,True,True,True,False,True,True,True,True,True,True,True,True,True,True,True,True,False,True,False,True,True,True,True,False,True,True,True,True,False,True,True,True,True,True,True,True,True,True,True,True,True,True,True,True,True,True,True,True,True,True,True,True,True,True,True,True,True,True,True,True,True,True,True,True,True,True,True,True,True,True,True,True,True,True,True,True,True,True,True,True,True,True,True,True,False,True,True,True,True,False,True,True,False,True,True,True,True,False,True,True,True,True,True,True,True,True,True,True,False,True,True,True,True,True,False
p2d-kl
0.5259696841239929
p2d-iter
599
p2d
0.006895129,2.1601949;-1.306281,-0.91620183;1.2180378,-0.659149;-0.014607766,2.0560308;1.5169626,-0.7909728;0.19122207,1.847774;0.23810495,-1.5533671;-0.30417642,0.31264937;-0.110597,0.22240669;-0.78525555,-0.13423564;1.609172,-0.7610652;0.051892765,-1.2369692;0.38596708,-0.26800284;1.1254218,0.76546276;-0.48139188,-0.48495957;1.3032826,-0.66806847;0.33307576,-1.5784988;1.7832576,-0.950803;-0.37789777,-0.39970237;-0.02125248,0.30526388;0.20647308,1.8093898;-0.987928,1.0422571;-0.23471637,1.2200724;-0.8058902,-0.18071319;-0.1413959,-0.20660438;1.2573525,0.992615;1.250373,1.103443;1.5617278,-0.8456922;0.15445998,0.41478702;-0.5781372,-0.24901347;0.05964465,1.9231886;-0.937806,1.108179;1.6692392,-0.8286599;1.6053269,-0.8239781;-2.1985037,-0.87628394;-0.977426,0.85738635;-1.4973445,-0.84437907;-0.24117073,-0.8823498;0.34196368,0.80819696;0.17033838,-0.059909336;-2.2386262,-1.0102364;-0.32355866,-0.9331861;-0.458153,-0.51855266;0.16953744,0.4611334;-0.0902821,-1.1957889;0.5348475,-0.5302317;0.09536256,0.338168;-2.339347,-0.8905429;-1.0856011,0.870563;1.6487273,0.38289848;1.4583386,0.50675774;-0.81497264,1.0301349;-0.041961312,-0.99675643;-0.43339732,-0.41105586;-0.6895929,-0.46256787;1.2613363,1.126184;0.7785825,-0.59265983;0.28420836,1.4031967;0.09659602,0.95928335;0.020774242,1.6171374;0.020351741,2.097341;-1.071519,0.94406456;-2.403021,-0.9690497;-0.68654907,-0.71464807;-0.24486956,-0.2234898;1.8949555,-0.94383067;0.34977993,-0.587754;-0.8086399,-0.27814496;-0.90399545,1.2931662;0.32375762,0.8953073;0.16660258,-1.6557081;0.017517585,1.7159613;0.08725111,-1.2471309;1.7007066,0.30672994;-2.360784,-0.893458;1.8871552,-0.8851402;-0.096522525,-0.399563;1.841494,-0.86662257;-0.17992383,1.6999757;-1.0074447,1.2302643;0.3185285,-1.7491387;-1.6062574,-0.925213;1.418116,0.6147123;0.1038752,-0.22315258;-1.0384725,1.0826551;0.21405637,-1.6799502;0.17765836,-1.5593765;0.017949061,2.0631325;1.9243567,-0.9516424;1.9431825,-0.87115484;-2.2605836,-0.9379066;-1.9485506,-0.9251208;0.365503,1.2564518;-1.5326796,-0.8585018;-0.9685463,-0.50531024;1.0413277,-0.6293389;0.79741544,-0.5015155;1.1575904,-0.665954;1.145861,0.7697299;-1.0217152,-0.17932464;1.4081022,0.7719236;-1.570965,-0.8860547;-0.47773674,1.235813;-0.6663479,-0.7149673;-0.6100676,-0.53450453;0.2674544,1.7969177;1.6424164,0.29972205;-0.98837733,-0.49450734;-0.4394311,1.0737548;1.6118667,0.42367142;-1.9729139,-1.0138319;-0.62529755,-0.24854359;1.7915089,-0.9557488;0.15687503,1.7545309;0.9245419,-0.5073625;-0.07452314,-1.0339812;0.07031008,0.94448173;0.98249364,-0.53937525;-0.8639312,-0.4989575;-0.88041747,0.5599182;1.4209521,0.51094824;-2.0297163,-0.9376226;-1.0359976,-0.37630862;-0.0022812139,1.1219281;1.1926296,0.99437517;-0.84900343,1.2244148;0.2401799,-1.4361782;0.019101212,-0.33563256;0.29156753,-1.644974;-1.542812,-0.96706694;0.21415672,-1.731599;0.2651031,0.16399744;-1.5028591,-0.8833623;-0.25651613,-0.6903404;-0.25067714,-0.42072895;-2.3633382,-0.9674474;-0.4868602,1.386041;1.7771952,-0.7896767;-1.4990972,-0.9646926;-1.0833437,-0.8930846;-0.97419345,0.76635903;-0.07046625,1.7817944;-0.16584195,0.16101441;-0.33751166,1.3393912;1.8200722,0.26995254;1.8067435,-0.8299337;0.7592574,-0.43643507;1.4504664,-0.7383248;1.3768831,-0.79689306;0.36065713,-0.7384229;0.046623733,-1.3028954;0.23288774,-1.2830354;-0.98132545,-0.6847015;-0.3879856,1.1347508;1.4318508,0.46310198;-1.7649473,-0.9044143;-0.42142937,-0.65683264;1.0322845,0.81865007;-0.9347168,0.5674886;0.31437352,1.4577686;1.1665299,1.0748969;0.19961347,0.10681416;1.6064839,0.36507654;0.047345538,-1.0932982;-1.0014476,-0.7700078;0.37042797,-1.8042188;0.32012028,-0.92131406;0.25962296,-0.38613576;0.7780717,-0.5445134;1.3536052,0.52389586;-1.0090199,1.0788332;-0.08601051,0.47551244;0.3925647,-0.8306321;-1.8098361,-0.9402411;-1.1625205,-0.91844803;-0.87090963,1.1483065;1.1434151,-0.6947733;1.2315845,0.773056;-0.94750565,0.7334281;-0.17420344,0.47049257;0.23034433,1.8709995;0.092574544,0.5199055;0.2520824,1.590547;0.31375825,1.6367807;1.4641929,0.4117153;-2.3490725,-0.97623056;-0.4982625,1.4853015;-0.32893166,-0.93415;1.0821232,-0.67033863;-0.47024792,1.4309261;0.23046283,1.8735839;1.7499356,-0.8014026;0.3896481,-1.5802386;-0.02217265,1.9502095;-0.13094479,-0.2553902;0.41355357,-1.8751029;-0.102743566,0.049623232;0.07248429,-0.4015078;-1.5209949,-0.9464784;1.5732087,0.40200198;0.051916417,1.9624573;-1.0460236,0.7914903;0.1088389,0.41576967;1.8099529,0.3005647;0.024390187,1.0289761;-2.1992295,-0.9633224;0.9835181,-0.60001546;0.020862862,2.1328108;-1.173333,-0.81723386;-1.0435214,-0.7962496;-1.6954827,-0.8916007;1.7575417,0.2489955;-0.12581351,1.7310026;0.4006919,0.07649301;-0.4785368,-0.48627833;1.1621861,0.8035662;-1.5210891,-0.87224746;0.2067248,1.6417423;0.042575356,2.077483;-0.27632743,-0.19434965;-1.3887888,-0.7621313;0.024076236,0.9134773;1.723675,-0.7641109;0.24061309,-0.37118158;1.5145148,0.4454442;-0.98537004,0.8406647;-0.098402284,0.35788053;0.08802766,-1.343527;-1.7521372,-0.8840563;-1.0923047,-0.9099635;-1.0339451,0.8679481;-0.47237375,-0.66366017;-0.028894976,1.7812883;-1.0689063,1.1691562;-0.18489303,0.406375;1.4497414,0.59467864;0.908386,0.8872896;-1.0545659,-0.2810316;1.5478778,0.31197673;-0.08661024,-0.0055432464;0.28976217,1.3851955;1.7768536,-0.85600376;0.45768687,-1.696388;-0.2481338,-0.4034119;1.2804953,-0.64112425;1.7933409,-0.89157605;0.09004244,-1.4473798;-0.27635345,-0.6885509;-0.75514483,-0.20229635;0.13597177,-0.8568885;1.6781652,0.3486322;-0.025875445,0.04954731;-1.7629739,-0.9905394;-0.9539094,-0.43951154;1.3426733,0.852207;1.5149665,0.49595487;-0.8384016,1.0547543;-0.116184115,0.709178;0.65780735,-0.6098875;0.28073412,-1.6695678;0.36972278,-1.9025505;-0.9886187,0.6359238;0.28433427,1.5970747;-0.9805221,0.6530661;-0.11498435,1.051618;-1.7183874,-0.89408875;0.06527429,-1.1238391;1.2420716,1.1424725;-1.3239506,-0.9200164;1.6483182,0.24042754;1.759854,-0.9011546;-0.5218832,1.1494383;-0.051255353,0.2735727;1.9293423,-0.8251722;0.33572066,-0.3329666;-0.58748454,1.0851829;0.34290737,-0.37397045;-0.050452795,2.0334451;-0.42102435,1.5256684;-1.4662871,-0.8046774;-2.2219958,-1.0165511;-0.06470203,-1.2073927;-0.9625947,0.5387552;0.005146662,0.80513966;0.30220175,-1.5558946;-0.96495026,1.0201148;-1.1640756,-0.6573641;-1.1450952,-0.30062234;0.22226685,-1.3788754;-1.4772097,-0.8665533;1.9231385,-0.9636608;0.26516494,-0.25011405;1.5637048,0.43846023;1.6223619,-0.8711999;1.4924122,-0.8482099;0.023597695,-1.146965;-0.34413576,-0.61554986;0.09831719,0.36099088;-0.07751924,1.6994879;-1.3436939,-0.7485763;-2.3420115,-0.93166727;-0.7284353,-0.5226712;-0.16957027,-0.36720526;-0.9907442,0.9171763;0.006727007,0.57750267;-0.3121166,-0.95454633;-1.8499297,-1.0100212;-0.4080888,1.1123741;-0.83721906,-0.2923516;1.1807722,-0.70471305;-0.25582713,-0.95996845;-0.37998745,-0.59996897;-0.12443521,0.2433091;1.2737824,0.8436887;0.067479104,0.005402021;-0.93465465,1.0733404;1.6676991,0.30451977;-0.8805407,1.105934;0.35302386,0.8417451;0.32936877,-0.81486326;0.3533077,-1.8267263;1.7061874,-0.8372076;0.028628157,-0.44719034;0.41190287,-1.5474344;-0.010071481,0.23652473;-2.1716497,-0.9884557;1.2169901,0.9638248;0.32988426,-1.8938081;0.26039293,-0.3413199;0.96631753,0.84339905;1.2635021,-0.6521078;-1.0178425,0.8124273;0.959313,-0.515969;0.82926893,0.8475863;0.20802826,0.17772658;-0.5223803,1.3057255;0.24274859,1.3775417;-0.8275561,-0.4112154;0.3397059,1.5416142;-0.6856985,-0.42493132;0.22249807,1.8323722;0.31222233,-1.8090981;-0.9791889,0.55592334;1.847632,-0.81537294;0.12705147,-1.4934323;-0.91608536,1.0664653;-0.30354738,1.4709278;0.21663499,1.3940336;0.1061847,0.038328588;1.8506714,-0.9102379;1.2762494,1.1148525;-0.054343875,-0.8958947;0.40407455,-1.7558018;1.4920369,0.58090067;0.24415007,-0.0013816361;-1.4045419,-0.78548896;-0.8909862,1.1769873;-0.019858524,1.1801994;0.16731188,-1.5172037;0.24038588,1.7411511;0.16539642,-1.3999529;-1.284621,-0.95865417;-0.34359565,-0.8666574;0.31672004,-0.8105861;-0.5641002,-0.67280006;0.26556048,-1.8685977;0.28958124,-0.9928411;0.2729306,1.28765;0.015929312,2.035105;0.055121604,0.42742354;0.25107455,1.6814728;-0.15748791,0.39309332;-0.2854776,-0.8502352;-0.06345845,-0.39010704;-0.9956285,0.7883638;1.2777104,0.64087725;1.660507,-0.8051609;-1.3584447,-0.9423338;-0.8223672,-0.41473174;1.2008451,0.67112637;-2.3241289,-0.9653679;-0.13865474,-0.12205351;-1.0586551,-0.24894041;-0.059348963,0.89460295;-0.31594294,1.2688476;0.7085837,-0.6013248;-0.99477607,1.1547832;-0.9884532,0.60945266;-0.12621966,0.033214856;1.1986754,-0.74529874;1.7485127,-0.8424441;0.24937254,1.4293966;-1.2179929,-0.7511596;1.798131,0.23773046;-0.43573326,1.4689142;-0.98188853,1.0865082;0.8115577,0.9239731;-0.46300364,1.5103015;-1.857204,-0.93558675;-0.66309375,-0.72796005;1.5024157,0.5131393;0.43197215,-1.9219463;1.1684477,0.9035375;1.283856,-0.7929279;-0.9261451,1.2133083;0.3701446,-0.51105314;0.33984923,0.7816902;-0.16424863,0.39061704;0.048538093,-0.33778602;1.0702101,-0.70564115;1.3845553,0.8383662;0.15095936,-1.5236973;-2.1832569,-0.9174998;-0.30656797,0.3090769;-0.96621245,1.0816969;1.7375007,0.26042533;0.3397005,0.10503673;0.92194533,-0.60406154;0.06229498,1.0733819;-1.3572115,-0.8774063;0.016677763,0.78881955;0.3092418,0.86831456;-1.9380739,-0.95107764;-0.24026582,-0.148225;1.5129573,0.37414423;1.0177037,-0.6587706;0.30235767,-0.323062;-0.99185395,0.4940096;1.3549398,0.8257801;0.14623417,0.08995442;-0.57555383,1.1124512;0.9484267,-0.6018364;1.017016,-0.6550252;-0.17024623,-0.35487264;-1.0181867,1.1993282;0.29854786,-1.7774172;-0.469888,-0.41600496;-1.1102743,-0.67399305;-0.64790845,-0.49334902;-0.12822469,-0.40041962;1.2250786,1.036696;0.030815706,2.0006702;-0.40819478,0.10515189;0.06841615,-0.9310479;1.3264401,0.5885394;-0.2688038,-0.83265644;0.3473554,0.19448031;0.35915226,1.2225772;-0.089836486,-0.9130572;1.9971162,-0.9937667;1.6876922,-0.7985935;0.42156005,-0.72210366;1.973168,-1.0105296;0.21344914,-1.2789065;-1.4437617,-0.9085587;1.5839224,-0.74388754;1.7038581,0.35830837;-0.030893689,2.1098087;0.18350212,-1.5796813;0.18888037,1.7133893;-1.4086561,-0.7735796;-0.47599965,-0.6665423;0.4091945,0.20942347;-1.0209419,0.9701508;0.34982502,-1.4904224;0.31933838,-1.671702;1.3856963,0.5740606;0.17856193,-0.09006404;1.7625749,0.21817744;-0.8656592,0.9437839;-0.035285946,2.1150892;-0.84609693,0.9402794;-0.19860722,0.46260878;-1.7248503,-1.0817931;1.853483,-0.87606674;0.1485942,-1.259782;-2.4710379,-0.9241284;1.1218067,-0.6252131;0.28345218,-1.4724027;-1.6320846,-0.8943817;1.2492121,1.0516528;0.021691471,0.03700102;-0.029421113,1.8485978;-0.19436392,1.6579766;0.08163115,-1.0273736;1.7648574,0.25702846;-2.22092,-0.90441257;0.34368533,1.2818291;1.1978738,1.120205;-1.7975676,-1.1135483;1.8980453,-0.91549355;1.7154124,0.34767652;0.40005866,0.2121989;-0.3351156,-0.52367896;0.14508541,-0.007407322;0.78066397,-0.5901412;-0.42527252,-0.3788958;1.3323125,0.755436;0.30599144,1.2914159;-0.079078905,0.30450335;1.4861536,-0.8149179;0.012035528,-0.9537954;-1.074603,-0.65280175;-0.05207266,2.0806355;-1.7300124,-1.0724579;1.6891439,-0.8079477;1.2056773,0.6331554;-0.9462776,0.58109957;-0.13052793,0.37297717;1.350601,0.5269444;1.4081686,0.6842743;-0.96204543,0.6179358;1.1957685,0.73201364;-0.119085565,0.06504895;0.29394275,0.91678417;-2.4475896,-0.9189579;-0.8970578,-0.4569579;0.91532636,0.88632256;0.27011758,1.2716649;-0.6345811,-0.74152935;-0.9088717,0.98885906;-0.43599877,1.5159614;-0.026684808,1.7591468;-0.38767433,0.12137964;0.41246635,-1.6565906;0.22087827,1.7708308;-0.9371928,1.1770903;0.4016666,-1.5016471;0.2964772,-0.21637492;0.31869063,1.6045218;0.41744578,-1.9023535;0.23331413,-0.8604121;0.09602697,-1.5399998;-0.07368773,0.07689454;-1.1227702,-0.6247861;0.30823198,-1.8125045;1.3347783,0.82865506;0.14941281,1.6524653;-0.043722946,0.3227298;1.2762318,0.8047097;0.39770457,-1.8600973;-0.5490324,1.1262523;0.3085375,1.513253;0.20193125,1.7088352;1.393786,-0.7164883;0.13088122,-1.5514605;0.69820976,-0.52682847;-0.55351835,-0.44732165;-0.047634676,1.972006;1.6537796,0.27146995;1.286028,1.1382279;-1.181154,-0.7479533;-0.422788,1.0560088;0.81897026,0.94511974;1.4339756,-0.78883666;0.27306944,1.7699262;0.25948104,-0.5198743;0.86462337,0.8554511;0.055147763,0.100791104;-1.0870799,-0.50587195;-0.06552895,-1.2190636;1.5547974,0.34544197;0.12894957,-0.9677751;1.423871,-0.76043284;1.2464057,0.50935394;-2.227387,-0.97281915;-1.1041751,-0.6699168;0.2374755,-0.36854813;1.295642,0.52887154;0.25837165,0.30520025;1.2499677,1.1839176;0.19630185,-0.02958959;-0.59942096,-0.4079801;-0.4094181,-0.387785;-0.052860074,0.998303;-2.1768167,-0.988193;1.3922812,0.7467766;-0.11571645,1.6874233;0.40572882,0.10917526;-1.0491176,-0.31732342;-0.009460123,2.1703827;0.28014976,0.28632012;0.47708806,-1.6759667;0.050526693,-0.81107557;1.7854995,0.28225467;1.2316642,0.99158925;-0.31697866,-0.83479106;0.2031106,1.0051556;1.3159009,0.52245754;-0.70053726,-0.23574825;-0.81235605,1.246103;0.04119191,1.657406;-0.9971871,0.9776762;0.34649447,-1.5425781;-2.3977835,-0.88658905;-2.4407628,-0.95136833;-0.48003507,1.3524809;-0.78220344,-0.1451621;-0.37305436,0.100952126;1.7130944,0.253765;1.404186,0.75490564;1.7536722,0.32628015;0.4528111,-0.52102077;1.6879475,-0.92458117;-1.045782,0.7998274;0.25381783,-1.7637585;0.6868483,-0.55506486;0.19750555,1.0207785;0.24027191,0.9392009;-0.14238334,-0.16492972;1.7565881,-0.8986894;0.29728237,-0.21827853;-0.80517584,-0.5173889;-0.115241855,-0.47488573;-2.207859,-0.9297135;-0.44803852,1.4978735;0.74220544,-0.5797029;0.24372107,1.2789904;-0.13278623,-0.24483615;-0.13547952,0.66967523;0.36062065,-1.6383239;-0.44673443,1.424811;-0.0064607933,0.18298468;0.38675928,-0.53140813;-1.8319727,-1.0209973;0.3002498,0.10666192;-1.4975398,-0.7882346;-0.8589686,-0.42600006;1.7600986,0.2995986;0.23441646,0.107903175;-2.227387,-0.97281915;1.4722296,0.7003143;-0.10308922,-0.021054173;1.0826715,-0.6411637;1.4008925,-0.90088725;0.13277817,-1.2205018;0.039689504,-0.87147707;0.71464425,-0.5498985;-0.17071217,0.5303584;-1.4825833,-0.836067;-0.20972168,-0.89702654;-0.12071115,-0.22962654;1.3441216,0.63748723;-0.10142971,0.8824982;-0.41293964,-0.60642165;-0.03333941,-1.0692285;0.293965,1.6643397;-0.79535437,1.2139297;0.8488717,-0.5815526;-0.5466687,-0.49873653;-1.9978921,-0.94230366;0.062144566,-1.2891456;1.4261913,-0.7233554;1.3538581,-0.7405127;0.23308098,-1.3922079;-2.3344343,-0.93700105;1.0584962,-0.5974472;0.22410364,-0.50509685;0.38244143,-1.9607226;1.5894758,-0.8865785;0.54972607,-0.53176;-0.469196,-0.41561556;-0.0029783607,-0.9744649;1.0987109,0.96067876;0.09317646,0.1125101;-1.4534214,-0.80051535;-0.24849953,0.4312927;-1.0521849,0.76610726;0.014849543,1.0860549;0.010400451,-0.28515628;1.4640048,0.641166;0.35803136,0.27092445;-0.47837737,1.2517775;-0.894375,-0.44894633;0.6613655,-0.42820892;-2.1211782,-0.95134145;-0.9794127,0.9371648;0.19852455,1.8777368;0.22552435,0.27565837;-1.083354,-0.30579478;1.6353495,-0.86124474;0.34092623,-0.2990192;1.8630598,-1.000165;-0.69522434,1.2326527;-0.8539484,-0.68338925;0.3325898,-1.7502394;-1.8851621,-0.9572972;-0.56679577,-0.23615654;-1.2984242,-0.6996431;0.3122027,1.3622593;0.13251494,-1.6250381;-2.0221496,-0.9519268;-0.9132176,-0.67958564;-0.47643363,1.3379452;0.0687204,-1.0562986;0.008368594,-1.40777;0.048363954,-0.8662293;-0.7321046,-0.32140762;1.5646684,-0.7630937;0.27614576,0.014548896;0.033528306,2.0364904;-0.11763741,0.32884145;-2.1766074,-0.95244306;-1.0477016,-0.8698028;-0.9853526,0.5121341;-0.006121402,2.1246471;-0.046355847,-0.2015346;-1.0521071,-0.84729904;-0.79198796,-0.37995028;0.16336751,0.8533708;0.043490186,-1.3826134;0.011003849,-1.2448561;0.64113146,-0.5562971;1.3067403,-0.71817505;0.042928796,1.6997659;0.26098335,-1.815164;0.3145825,1.2879014;-1.0594145,1.0054523;0.6682223,-0.4368574;-0.03248336,0.56702137;0.05392227,-1.3506359;0.27830595,1.5499142;0.80448884,0.86830187;-0.5823116,1.398724;-0.035469823,0.5252128;-0.019121,-1.0711161;-0.020293426,0.7667997;-2.397087,-0.9278238;0.002897053,-1.0463502;-1.8157477,-0.98280853;1.2449487,1.0649189;-0.64964366,-0.1506513;0.0018465242,0.3822216;-0.9287454,1.1380364;0.16449305,0.0966682;0.27438268,1.7906936;-1.5285008,-0.8207844;-1.8649664,-0.9185584;-0.95488846,-0.6591197;0.85255694,-0.84417135;0.09246794,-1.5368364;-0.25911346,-0.6827336;0.042017255,-0.43721613;-0.8495644,-0.24637036;-2.112912,-1.0310701;1.1916051,0.8317376;-2.1400704,-0.92479074;0.2752017,1.7271178;-0.38864022,1.518508;1.286094,-0.66863674;-0.9702703,0.76716363;-0.049338818,0.06624219;0.35126644,1.5126716;1.2738441,0.8278683;0.35115978,0.3366859;0.06733757,-1.5890114;0.1816598,0.81957006;-0.5175134,1.3010085;-0.7936377,-0.44555667;-1.5922503,-0.95248026;-0.5249791,1.2243887;1.1942905,0.63320845;-1.1420712,-0.55441785;-0.6938202,-0.6998085;-0.10939849,1.7514205;0.7155224,-0.60504663;-0.92922336,-0.46900147;0.37606472,-0.53091437;0.24872093,1.37659;1.1794928,0.6593902;-1.1804256,-0.7014022;1.1692965,0.9988104;-0.9947537,0.9864695;-0.41852823,1.3026384;-0.7650273,-0.4057705;1.6001586,-0.788871;-2.0682118,-0.9791591;-0.99109256,-0.65344495;-0.9252049,-0.42563748;-1.0474069,1.178206;1.2212925,0.9567165;-0.9753502,0.7175151;-0.08686346,0.8443817;-1.2938216,-0.7295117;-0.029958991,0.358213;-0.55976003,1.092344;-0.02428876,0.44987446;-0.103973754,1.7727985;-1.0296011,-0.25928992;0.052966468,-0.8216504;0.34808776,-1.9021524;-0.27203447,-0.62268555;-1.1334407,-0.31205288;-0.08483095,0.86628926;0.35915655,-1.7077423;-0.4745994,1.4008757;-0.41589466,1.437634;-0.8959173,-0.29639554;-0.4294005,1.2356505;-0.9954075,-0.25123662;0.0026824027,1.9599527;-1.1859573,-0.642819;-0.6171221,1.0669882;0.34698611,0.1935385;-0.49289268,1.2083241;0.36076576,-1.7232478;1.4245253,0.6810589;0.89238626,0.8610707;-0.30665836,0.30720407;0.3227627,0.29107293;0.26250422,-1.7147197;0.10182657,-0.4070594;-0.030736748,-0.26899227;0.25477564,1.5765423;0.21707864,1.0531906;-1.0263537,0.85284173;-0.98751515,0.59696;1.1921594,-0.63801044;0.27967703,-1.0460366;-0.054965857,0.43805942;0.29580534,-1.7608283;0.17195414,-0.82105404;-1.5870435,-0.83572125;0.13895576,0.63557285;-0.71903145,-0.44617108;-0.8802633,1.1836597;-1.1872773,-0.5999578;1.3467798,0.9008682;-1.1078875,-0.5778901;1.7153308,-0.94270587;0.18670641,-1.6638864;-1.7198409,-0.95818764;-0.42880726,-0.56852627;0.38557586,-0.54936016;1.5502685,0.4237816;-2.0757403,-0.95179963;-1.1738672,-0.6991187;-1.0140498,-0.45264107;-0.098471664,2.02858;-0.77485555,-0.09543747;0.20163795,-1.6414385;0.21561664,-0.8513497;-0.5632302,-0.23720425;1.5157746,-0.7462427;0.24452884,-0.13468216;1.1988308,0.95921487;1.2578921,0.95318466;-0.4670237,-0.5822006;-0.22963719,-0.5611438;0.37057394,-0.31656468;1.2183971,1.1277382;0.3518288,1.2345481;-0.77974194,-0.24444708;1.7182244,0.23166211;0.37095684,0.08736143;1.5679874,0.37272036;0.8597545,0.87934005;1.5992271,0.41768277;1.2128643,-0.651;-0.956035,0.9615915;-1.8028278,-0.893803;-0.30315873,-0.83157504;-0.8549255,1.0552888;0.7438581,-0.53957;-0.0154199535,2.019893;0.26635462,-1.869045;1.4906292,0.44649827;0.30958676,0.1906098;0.29113418,-0.4454682;0.28563237,1.846409;1.2095147,1.0667737;0.3565706,-1.8322622;0.18964995,1.8324252;0.13552383,1.0790391;0.00461526,0.32652378;0.13003184,-1.616367;0.010498611,-0.57136905;0.3208331,-0.47243738;0.21216539,-0.1957328;-0.24881674,0.4784305;1.4663036,0.6187875;-0.005609883,1.7342229;-0.2951489,1.4667662;-0.59369427,-0.40295944;0.16437401,0.8742947;1.437405,0.7291374;1.2263252,0.85342914;0.3796849,1.458145;-0.05281065,0.3278998;-1.0426573,-0.28292096;0.14496605,-1.2559897;-1.0164665,1.0075524;0.3952453,-1.7886697;0.036292277,1.6348114;-0.03303447,1.1372524;-0.8993364,1.1495708;-0.08781178,-0.9457283;0.21088456,1.6166798;0.13797148,-0.39098546;-0.10374336,0.5070895;-1.9890327,-1.017829;-0.32251433,-0.03672038;-0.011495875,-1.2533157;-0.648873,-0.42351556;0.8969792,-0.84752053;0.00815163,-1.3957349;1.8340026,-0.9214912;0.21013597,-0.5005122;-0.7181873,-0.3488516;-0.9826897,0.56019235;1.1528825,1.0611176;1.2054782,0.90704244;-0.14963306,0.69815516;-0.9846409,-0.2859893;0.20812899,-1.5915664;1.8041791,-0.8479758;0.2986987,1.4782292;0.2529837,-1.4460245;0.03791103,-0.46837705;0.8655406,0.8420774;-1.1433778,-0.6160587;-0.08584156,1.8198186;0.0028179826,1.925072;1.9560952,-0.9201579;1.2774619,0.86276007;-1.4451709,-0.85406536;-0.90607375,-0.15600362;1.8999646,-0.8231966;-1.0710021,0.8779729;-2.376649,-0.93747926;-0.5018575,1.216403;-0.41245908,1.4903444;0.8041161,0.9095812;-0.9120643,1.0010532;0.89836484,-0.5567233;0.27057815,1.7256582;0.14473587,0.99556047;0.12267024,-0.35024288;-0.0059949467,0.06727179;-0.6860389,-0.18520375;1.4427812,0.7024855;-0.8511412,0.7831983;-0.7352861,1.0192661;0.8152558,-0.5746838;0.03211074,1.0275104;-0.8603656,1.2108722;-1.9031744,-0.9144944;-1.5416361,-0.9436674;0.20516612,-0.5167389;1.323594,0.43293366;0.0022372503,2.0801718;1.9693918,-0.90840524;0.1862379,-0.20088635;0.34197375,-0.17915826;-0.034622837,0.9489017;-0.53227574,1.2309759;1.2401296,-0.70637226;0.25943035,-1.0393519;0.4095296,-0.507971;1.6985856,0.29145992;0.25052583,1.7214023;-0.88775957,-0.32401133;-1.112252,-0.33474365;1.1573807,0.6818923;0.28661704,-1.0659438;-0.05884618,-0.9687053;-2.4637387,-0.9405483;-1.0618938,-0.7658491;0.31107718,1.3370507;-0.80286384,-0.34057716;-1.9600052,-0.96808237;1.208715,-0.6982461;-1.7476908,-0.96662265;0.20809753,1.4154994;-0.3930477,0.09082172;1.1568279,1.0899358;-0.5124734,1.2479557;-0.99730766,-0.31988123;0.9645022,0.79888594;0.25494608,1.6320369;0.8269587,-0.60435075;-1.5995703,-0.9009365;-1.0403053,-0.37817642;-0.4341435,1.278626;0.120900154,-1.1448281;0.056475222,-1.1480956;-0.56899697,-0.54439145;-0.14773524,0.74416375;-2.2479212,-0.9533035;-2.4345376,-0.9777563;0.30880934,-1.8616632;1.9856244,-1.0001725;0.19311287,-1.3621479;-0.009963267,0.41780657;0.20321377,-0.82064974;1.8849288,-0.93430537;-0.018247126,1.7311141;-0.48745337,1.0985261;-1.8957859,-1.0100181;-0.4203861,0.09671183
p3d-kl
0.4153752624988556
p3d-iter
599
p3d
-1.9485408,1.4273869,0.38803166;1.3824923,-0.18532039,-0.88382936;-0.76794064,-0.17389637,1.2733028;-1.8082762,1.2874532,0.31529996;-0.7661617,-0.23344697,1.8436152;-1.7931182,0.8140438,-0.07762223;0.5217049,-1.5139617,1.4680556;0.06019411,0.5780557,-0.8842501;0.043738645,0.22375335,-0.6015594;0.8894969,0.7068371,-0.62177455;-0.91313356,-0.22333646,1.9447746;0.57084584,-0.9194852,1.0459344;-0.08140734,0.40253276,0.076020986;-0.6930773,-1.0291122,-0.6541731;0.7222186,0.47813657,-0.04023527;-0.83081716,-0.16390659,1.4138937;0.38308018,-1.5710095,1.5471672;-0.85590976,-0.49526775,2.4474466;0.5945869,0.43050903,0.1838834;0.0011065007,0.3607826,-0.31043607;-1.771738,0.76419234,-0.15160859;-0.42061535,2.0463493,-0.3507082;-0.92490935,1.0382124,-0.11103998;0.97127086,0.6603487,-0.6036261;0.43171296,-0.14076467,-0.34239268;-0.9827579,-1.3628614,-0.5180991;-1.1767422,-1.4187126,-0.46735457;-0.87817866,-0.45070848,1.9306043;-0.31565258,0.11294138,-0.037084915;0.9265609,0.2723597,-0.74794936;-1.7082118,1.093864,0.08059013;-0.5468583,2.203369,-0.3254406;-0.90984124,-0.30538952,2.1161208;-0.8028106,-0.3018188,2.036012;2.1258178,0.32312265,-1.9653975;-0.21803367,1.9407033,-0.612289;1.6657106,-0.007940291,-0.9017285;0.7859505,-0.47966978,0.40730622;-0.6330421,-0.108268455,0.3188914;0.08527428,-0.3570182,-0.23517418;2.3065221,0.16619791,-1.8483672;0.9369128,-0.488432,0.4816791;0.7483809,0.3073627,-0.042711448;-0.41692472,0.14178921,-0.04097056;0.6168035,-0.5892204,1.0336987;-0.09012534,0.2847294,0.77480245;-0.16608715,0.10310095,-0.17184022;2.299054,0.41042107,-2.133249;-0.13647065,2.0065997,-0.44241908;-0.08938656,-1.6702592,-1.1568648;-0.30995992,-1.4481851,-0.8828808;-0.5401088,1.8333927,-0.54729927;0.5849436,-0.73894155,0.5399962;0.646547,0.49334624,0.16554934;0.9363605,0.6419918,0.14613426;-1.2042814,-1.4377391,-0.45341533;-0.35024667,0.03756531,0.8696057;-1.2578877,0.2607448,-0.42276534;-0.7854291,0.4061637,-0.12505218;-1.3967414,1.0274,-0.23704289;-1.8726686,1.3513465,0.3100689;-0.22429885,2.0929942,-0.3659188;2.4395127,0.4055188,-2.089734;1.1321199,-0.010516797,0.1921321;0.45539778,0.18738453,-0.30804756;-0.96377337,-0.4330075,2.641109;0.10054852,-0.070463575,0.6689888;1.0821902,0.5410287,-0.42777446;-0.7180603,1.7991982,-0.030140195;-0.7598169,-0.032424554,0.1986531;0.65537024,-1.5703504,1.6589491;-1.4476787,0.9095062,-0.04451187;0.53660893,-1.0252193,1.0353116;0.046403937,-1.6958307,-1.2320415;2.319404,0.4331614,-2.1460524;-1.0053409,-0.3976408,2.5452456;0.42203575,-0.040720418,0.05674322;-0.933552,-0.23933077,2.4815137;-1.2298993,0.9500648,0.2227088;-0.5653156,2.0692525,0.016568566;0.4973312,-1.8099545,1.856303;1.678216,-0.21874219,-1.117212;-0.37432462,-1.5736367,-0.586519;0.17939666,-0.24237657,-0.05875339;-0.4251876,2.1760523,-0.21954143;0.61881274,-1.6616998,1.6893532;0.64554393,-1.5701646,1.4057038;-1.8283246,1.3353505,0.26317722;-0.96027863,-0.42871928,2.6954544;-1.0692022,-0.4692797,2.6229174;2.260162,0.28049082,-1.9497774;2.047257,-0.013006075,-1.524754;-1.0591468,0.24524768,-0.6807093;1.6910901,-0.08791326,-0.9444384;1.3081173,0.5613392,-0.064260714;-0.6209487,-0.14570093,1.0327951;-0.3416767,-0.15931602,0.6966923;-0.69980085,-0.21735802,1.2276399;-0.69385535,-1.0722591,-0.6487451;0.9481781,1.1077312,-0.02536784;-0.61857855,-1.6166774,-0.5077208;1.6765871,-0.2460114,-0.9989538;-0.9117849,1.429463,-0.49434587;1.1216751,-0.026481032,0.22969335;0.91629535,0.29423162,0.044370353;-1.7590381,0.6063621,-0.12825488;0.033687614,-1.5648452,-1.222898;1.3011223,0.5608182,-0.13402715;-0.71620935,1.1566899,-0.6163991;-0.1395807,-1.6791713,-1.0448914;2.0676422,-0.15017587,-1.60679;0.94974154,0.35652566,-0.6822929;-0.8558562,-0.49920425,2.464777;-1.6928494,0.8215906,-0.31591424;-0.5507078,-0.11675064,0.6097503;0.67370814,-0.7486557,0.5956008;-0.7614411,0.4563784,-0.14409344;-0.6121723,-0.14364798,0.729146;1.1860013,0.5686286,0.0725747;0.06679384,1.3675045,-0.73485833;-0.32557717,-1.4186469,-0.83788365;2.0545237,0.086807586,-1.6827536;1.2445953,0.90492326,-0.28753486;-0.9604268,0.7041039,-0.09322845;-1.0160522,-1.308976,-0.65160835;-0.75249165,2.0647514,-0.1932137;0.43849435,-1.3136616,1.2978847;0.2952282,0.09980262,0.053399347;0.4791722,-1.6176813,1.6847602;1.6099796,0.003837717,-1.1694666;0.635614,-1.7308197,1.796946;-0.12271835,-0.45266965,-0.5084672;1.660491,0.029922571,-0.9651908;0.67389834,-0.19743812,0.23863833;0.49703768,0.31224656,0.2535609;2.3856592,0.3653809,-2.0464892;-1.1102777,1.5729162,-0.36768103;-0.95953524,-0.15277532,2.2862246;1.5702475,-0.002030419,-1.1155785;1.1546495,-0.08907882,-0.773852;-0.12745853,1.8415477,-0.728743;-1.4540906,0.927102,0.1999834;0.19276398,0.27370113,-0.65134907;-1.0156996,1.2538487,-0.16198832;0.131253,-1.881442,-1.3715345;-0.96915156,-0.24076882,2.3705828;-0.27238157,-0.28236452,0.5591376;-0.8930804,-0.41395912,1.6909219;-0.7283786,-0.30817735,1.6594636;0.019569438,-0.33879423,0.5754893;0.63126427,-1.005197,1.1290075;0.5247554,-1.406058,0.99551684;1.2132865,0.05783599,-0.27502593;-0.8477914,1.1178294,-0.563577;-0.29011348,-1.4137836,-0.9613427;1.8897299,-0.08065175,-1.2703489;0.840013,-0.059913278,0.07163393;-0.7306114,-0.9729208,-0.387531;0.1051702,1.5079502,-0.78187287;-1.323464,0.42325458,-0.5374661;-1.1238444,-1.2257323,-0.4580182;-0.020205358,-0.36187255,-0.48003227;-0.084596865,-1.5604191,-1.115459;0.5509846,-0.8508515,0.7852298;1.1105657,0.11621396,-0.48439363;0.45617977,-1.8906075,1.9946135;0.08414521,-0.755662,0.68415475;0.060626864,-0.034218416,0.34194678;-0.34784737,0.013145966,0.7666352;-0.2997292,-1.3171163,-0.6789934;-0.43876007,2.0614142,-0.25311863;-0.20180841,0.6175648,-0.3652494;-0.05334038,-0.55899966,0.7216845;1.8979348,-0.111503825,-1.3882481;1.2471747,-0.16531739,-0.8226058;-0.64663136,2.1138334,-0.3033263;-0.6453406,-0.20205037,1.2687709;-0.6889908,-1.2936605,-0.6335537;-0.118081376,1.7564291,-0.78443;-0.24668604,0.56318617,-0.6172768;-1.8224746,0.77340215,-0.033552323;-0.44178528,0.28225788,-0.1636724;-1.4982055,0.3927121,-0.24088302;-1.5626416,0.37604707,-0.26949188;-0.15665233,-1.4234933,-0.852505;2.3809323,0.35588324,-2.0238461;-1.2615021,1.6682336,-0.30925876;0.94446087,-0.48771048,0.48527026;-0.6052552,-0.21537215,1.1302173;-1.1753694,1.5654396,-0.31770137;-1.8181272,0.7667308,-0.020057967;-0.937572,-0.17970426,2.2499988;0.3131957,-1.534363,1.6308681;-1.6740079,1.1445743,0.23828816;0.4350524,-0.10099177,-0.23313256;0.44361115,-2.0453446,2.138627;0.25480384,-0.0052280286,-0.75205916;0.2837311,-0.012534597,0.21214342;1.6205996,0.06118345,-1.1275554;-0.12529567,-1.6174552,-1.0172799;-1.7453494,1.1594402,0.12878588;-0.09511115,1.9854983,-0.6352929;-0.27725896,0.21160272,-0.12843561;0.100748606,-1.7883537,-1.4183524;-0.8890215,0.57087606,-0.33226526;2.2316427,0.22392504,-1.8478246;-0.5905603,-0.08145745,0.91218036;-1.9130589,1.4083225,0.36282274;1.3072621,0.1509809,-0.7754057;1.1100093,0.19635503,-0.6145392;1.826329,-0.07718374,-1.1789929;0.15383495,-1.7835166,-1.2966117;-1.3298608,0.91427433,0.21867752;-0.055005204,-0.6786029,-0.76396346;0.72672814,0.43706623,-0.0057702013;-0.7380474,-1.1241626,-0.6260577;1.6782824,-0.040151205,-0.966023;-1.532893,0.62298524,-0.31478477;-1.8485496,1.3730961,0.2457385;0.51480347,0.19107963,-0.42917082;1.6170701,0.033235114,-0.6542026;-0.7061208,0.5128352,-0.22802246;-1.0141122,-0.3576598,2.1352766;0.07004741,-0.008208978,0.29759005;-0.1900762,-1.5413287,-0.9060032;-0.19022152,2.006116,-0.6304009;-0.11113398,0.37348726,-0.49284372;0.606042,-1.0937096,1.2026231;1.9032272,-0.12913711,-1.224421;1.1692874,-0.14802806,-0.7637126;-0.17503718,1.9779853,-0.5198862;0.9106781,-0.03133688,0.02286635;-1.4772049,0.9715034,0.11500364;-0.48218164,1.916535,-0.010435944;-0.19958393,0.42082122,-0.7065686;-0.41462052,-1.553588,-0.76713145;-0.81462693,-0.8090071,-0.19476354;1.164708,1.1146535,-0.14293087;0.020746307,-1.57323,-0.94526494;0.31310058,-0.14997388,-0.8173572;-1.2331773,0.248915,-0.44363272;-0.9981772,-0.36723557,2.3313391;0.26615188,-1.7895969,1.8089293;0.529903,0.27847028,0.14492893;-0.84198457,-0.14617437,1.3561399;-0.90413564,-0.3432357,2.4034035;0.65471405,-1.2127161,1.3409313;0.68901926,-0.16983615,0.2316363;0.9560972,0.51796263,-0.6052264;0.3367038,-0.47312227,0.68136865;-0.012253901,-1.7423962,-1.1637278;0.19734317,-0.13764006,-0.7183929;1.7968637,-0.22164491,-1.4438721;1.2475866,0.7212497,-0.043145224;-0.73820657,-1.5105855,-0.42898962;-0.26399988,-1.5889971,-0.8767911;-0.55096316,1.913974,-0.4963956;-0.49848568,0.601799,-0.57059413;-0.16046289,0.012321025,0.8596925;0.5052684,-1.6708015,1.6987461;0.5183009,-2.059778,2.1480014;0.048296213,1.6612349,-0.7822865;-1.5001167,0.4183672,-0.32421446;0.028174482,1.6833667,-0.7894896;-0.85373044,0.8826127,-0.33134675;1.8498548,-0.07980507,-1.2065455;0.5516685,-0.92873627,0.82557005;-1.2108119,-1.4264344,-0.4240918;1.3969022,-0.17802468,-0.91100484;0.11262152,-1.6791984,-1.0851392;-0.9243482,-0.44979256,2.35358;-0.754179,1.3971164,-0.5003321;0.030535078,0.3106247,-0.3504536;-1.1217467,-0.4312871,2.5095;-0.001899693,0.28285038,0.2070424;-0.6319886,1.4752064,-0.5574552;0.04508178,0.28512895,0.321073;-1.7576144,1.2592527,0.35960296;-1.3136153,1.5246958,-0.20646182;1.6749343,-0.018540615,-0.7859558;2.301328,0.14759381,-1.8318315;0.67793417,-0.67869806,1.0207685;0.16032352,1.512469,-0.82726866;-0.5995946,0.41898724,-0.32361102;0.4038477,-1.4816073,1.5548748;-0.41681984,2.122846,-0.40798092;1.4290868,0.18435939,-0.3796269;1.3005341,1.1565099,-0.047994856;0.43683663,-1.2377956,1.2189916;1.6572206,-0.13178335,-0.9019804;-0.9516068,-0.42889345,2.7096689;-0.04594157,-0.051951576,0.13695139;-0.1660445,-1.622987,-0.9832874;-0.84563303,-0.45133004,2.0702941;-0.7676502,-0.4571565,1.869505;0.61781317,-0.94922507,0.81976426;0.70360065,-0.03600542,0.07290968;-0.21261002,0.13702986,-0.18052383;-1.3231391,0.8530523,0.11926172;1.5671922,0.079038,-0.6115934;2.348865,0.3921888,-2.0544302;1.0225902,0.42787674,0.07630918;0.44172972,0.23037188,0.06624829;-0.2838432,2.0359094,-0.5298398;-0.36792806,0.609043,-0.15881242;0.93400633,-0.5236073,0.5193552;1.8484143,-0.073207475,-1.5611492;-0.7936477,1.1322178,-0.5676575;1.0115114,0.7398287,-0.3168093;-0.68453187,-0.25174668,1.3131506;0.8503062,-0.5745636,0.5495208;0.7392422,0.02080035,0.017232375;0.01554273,0.26994318,-0.6139035;-0.7447784,-1.38382,-0.51101124;0.14457072,-0.1740085,-0.47648785;-0.5124029,2.120151,-0.3644068;0.0326277,-1.601372,-1.2699083;-0.56837463,1.9306893,-0.30038002;-0.67427367,-0.06585753,0.36653465;0.058262862,-0.4889245,0.73352456;0.48659799,-1.9549035,1.9942821;-0.9148043,-0.29394555,2.1905794;0.37340057,0.008270757,0.30705407;0.26182497,-1.4817878,1.5909976;-0.09220062,0.12886368,-0.4206043;2.229885,0.15474367,-1.8091017;-0.9615773,-1.3196115,-0.60894585;0.5325401,-1.937491,2.1613045;0.011321113,0.027850106,0.25501958;-0.7563552,-0.9279361,-0.2820174;-0.81905663,-0.1538758,1.3443513;-0.13053921,1.9482772,-0.6213893;-0.6022954,-0.12041033,0.62861085;-0.7875192,-0.62785023,-0.19616123;-0.12533553,-0.2772866,-0.47067666;-0.9705379,1.54901,-0.33941227;-1.2234415,0.22081418,-0.35670882;1.0628132,0.766472,-6.5702676e-05;-1.4515363,0.2644517,-0.4175516;0.91302556,0.8011757,0.12868273;-1.7849333,0.76004994,-0.09414132;0.53279793,-1.9031782,1.9485407;0.14436173,1.5455654,-0.82981133;-1.0435083,-0.25686932,2.4196553;0.6226964,-1.3034468,1.4318615;-0.52496976,2.1144516,-0.4136515;-1.1310424,1.4457266,0.014017367;-1.2398393,0.22316948,-0.2985127;0.11185527,-0.28214598,-0.5269708;-0.9473851,-0.3772239,2.5272558;-1.1995335,-1.4504964,-0.46387416;0.5066997,-0.56970805,0.38376027;0.3765244,-1.8442422,1.9103687;-0.33660966,-1.6458846,-0.6935304;-0.031287137,-0.45208147,-0.2690207;1.6365985,-0.015196803,-0.668499;-0.6594125,2.1143758,-0.23947273;-1.0585028,0.7775965,-0.07128601;0.60891896,-1.4128858,1.4014618;-1.6774048,0.607799,-0.1905465;0.41883987,-1.1100163,1.344795;1.3909262,-0.32475296,-0.86073107;0.9204047,-0.37382162,0.3446486;0.08106457,-0.47041443,0.70850664;0.9670925,-0.0007795697,0.14397196;0.6276141,-1.8909111,2.0659935;0.16607748,-0.84876066,0.7981556;-1.1036577,0.117241286,-0.5287451;-1.8006505,1.3076154,0.23057571;-0.109247096,0.45073286,-0.05380395;-1.6148744,0.5588605,-0.28136262;-0.1771566,0.39954212,-0.6443231;0.8335145,-0.4044896,0.33057547;0.33095568,-0.1894855,0.026066232;-0.124520674,1.9122058,-0.69076467;-0.4956161,-1.3539752,-0.81136036;-0.8993258,-0.2585101,2.1040118;1.4565854,-0.26048866,-0.9402917;1.0570438,0.7496957,-0.0037263092;-0.53997874,-1.130524,-0.7393871;2.3585331,0.3442326,-2.0060747;0.42552006,-0.2059683,-0.52567196;1.1278564,1.1632032,-0.15439565;-0.6504367,0.67953825,-0.26741445;-0.91360885,1.5182098,-0.08056667;-0.2414022,0.011402227,0.87384486;-0.49881712,1.8699094,-0.15432194;0.0767847,1.6205783,-0.7902817;0.29294565,-0.025205122,-0.806846;-0.73597807,-0.40145573,1.2639627;-0.95692766,-0.30283856,2.2727761;-1.2489195,0.34648657,-0.33070305;1.4125617,0.14081717,-0.61832684;0.15613596,-1.7196523,-1.3843625;-1.246347,1.5385741,-0.26154244;-0.47688305,2.100764,-0.28348657;-0.8919912,-0.6183093,-0.09376432;-1.2958219,1.6004213,-0.24776846;1.9770063,-0.10739781,-1.4180049;1.122315,-0.048295256,0.23299643;-0.28358978,-1.5842662,-0.85505724;0.43958858,-2.0945604,2.2289088;-0.88050723,-1.1895236,-0.60423535;-0.64982545,-0.3168508,1.5174;-0.6480703,1.9717482,-0.14363432;0.081624076,0.19493218,0.6681375;-0.5990288,-0.1364727,0.22747356;-0.1816425,0.38094682,-0.6670214;0.25253743,0.13242215,-0.008044871;-0.6303902,-0.33017948,1.0975803;-0.7153683,-1.5766431,-0.39582747;0.6265066,-1.3966271,1.4250314;2.1629584,0.24909134,-1.8994452;0.066255525,0.5761219,-0.8859059;-0.48493928,2.0504253,-0.301387;0.14073658,-1.7807548,-1.2576717;-0.06504441,-0.61590064,-0.651324;-0.5135908,-0.06284601,0.8994904;-0.92354417,0.5242111,-0.10540995;1.4655741,-0.08119791,-0.8556658;-0.5849008,0.35996312,-0.33253646;-0.7264271,-0.04355979,0.15451764;2.0190217,-0.015938703,-1.540917;0.4510966,0.12547286,-0.5123401;-0.079344295,-1.5101604,-0.92029667;-0.5602458,-0.1567492,1.0603466;0.011840355,0.17002648,0.2591064;0.24191959,1.5013646,-0.8526557;-0.708884,-1.4969363,-0.3735518;0.04544581,-0.36481264,-0.62122947;-0.67252934,1.4712076,-0.53438264;-0.5467189,-0.065597884,0.8952197;-0.5692399,-0.1473476,1.0582167;0.4515024,0.2166697,0.03746645;-0.54134995,2.0276413,-0.013156263;0.5308209,-1.8591437,1.8782173;0.694511,0.51574564,0.16895585;1.370045,0.109958306,-0.33674732;0.9227071,0.44861823,-0.036162384;0.45056584,0.09182383,0.09332964;-1.0706967,-1.3525913,-0.5371627;-1.7558515,1.2691066,0.16992275;0.22024941,0.75444967,-0.27403185;0.49315915,-0.48881143,0.7800453;-0.40436855,-1.3400676,-0.528642;0.7995645,-0.39466512,0.31309032;-0.2010315,-0.61803144,-0.45781147;-0.9917811,0.2037329,-0.73729837;0.5947633,-0.56613654,0.40426213;-0.9052917,-0.42925137,2.8662112;-0.9035577,-0.22023724,2.143007;-0.09626956,-0.290502,0.6481539;-0.9044252,-0.45066604,2.8571465;0.5316719,-1.3545439,0.9953005;1.5827711,-0.19724002,-0.97876084;-0.91277075,-0.20390262,1.888938;-0.029763397,-1.7268848,-1.2470866;-1.8682216,1.3858771,0.37530118;0.63007975,-1.5767374,1.4668208;-1.6024292,0.7012749,-0.18407094;1.629072,0.020469986,-0.6806403;0.91640455,-0.029013004,-0.031965014;-0.26026595,-0.72201,-0.5400276;-0.31387967,2.1144443,-0.40014154;0.30834514,-1.4331279,1.4348724;0.4553871,-1.6930149,1.7118242;-0.29297376,-1.4588417,-0.5351607;0.10396098,-0.33617696,-0.16504267;0.18242973,-1.8253707,-1.2851065;-0.40365726,1.7731913,-0.5200782;-1.8703078,1.3913354,0.3824663;-0.40537006,1.6862451,-0.4996342;-0.23644193,0.5575155,-0.6779916;1.6751558,0.0960844,-1.5111989;-0.95997316,-0.29393062,2.5024064;0.5267552,-1.170142,1.0045841;2.4769366,0.48679647,-2.2099237;-0.68799376,-0.12678525,1.1199523;0.3893042,-1.3930488,1.3796871;1.7371836,-0.17919023,-1.1204284;-1.0950929,-1.3910848,-0.5338968;0.16556664,-0.19211225,-0.6101745;-1.5056309,1.1711432,0.08739818;-1.1683058,0.9097105,0.1803367;0.48986512,-0.6540207,0.8183608;0.14295961,-1.839004,-1.2727015;2.1785197,0.2660246,-1.9653957;-1.094615,0.2019971,-0.6389158;-1.1300447,-1.3958522,-0.36201352;1.7012405,-0.2053303,-1.6618272;-0.9686897,-0.38842607,2.6121438;-0.00036199708,-1.7850171,-1.1899942;-0.26468995,-0.7198343,-0.5253294;0.6054967,-0.18437731,-0.2743597;0.16316871,-0.35971242,-0.34202227;-0.35396004,0.043240253,0.8661503;0.64172536,0.539203,0.24728914;-0.6154484,-1.4472839,-0.5101436;-1.1069835,0.15041494,-0.57674456;-0.09016794,0.25735855,-0.46741205;-0.7988837,-0.39592695,1.8249784;0.48038304,-0.648335,0.5743138;1.3449007,0.13807246,-0.27600452;-1.8095274,1.3787527,0.37232518;1.6880105,0.0742058,-1.495775;-0.9304772,-0.26313955,2.1288314;-0.51237065,-1.144615,-0.81308067;0.10131402,1.5303776,-0.8329347;-0.14183101,0.38589618,-0.57303965;-0.32769665,-1.2980374,-0.7103365;-0.50315905,-1.5939355,-0.591044;0.06448627,1.6265469,-0.8170114;-0.620691,-1.1548675,-0.63675547;0.24232017,-0.0027538044,-0.7954338;-0.780146,0.020621682,0.16416216;2.4564784,0.47603512,-2.1937408;1.197242,0.68100053,0.023536459;-0.8120761,-0.816136,-0.20156515;-1.0871807,0.11944066,-0.5261501;1.0970324,-0.10001024,0.25757945;-0.3809501,1.8221617,-0.30944687;-1.3109987,1.5605091,-0.23246871;-1.4553063,0.9433849,0.07812283;0.20550914,0.7400766,-0.2761209;0.31500143,-1.792618,1.671355;-1.7122166,0.6853012,-0.17403442;-0.61080396,2.045888,-0.18891463;0.24232146,-1.4405309,1.4958401;-0.07790627,0.073496416,0.029846508;-1.5062213,0.34387362,-0.28328326;0.4506525,-2.075954,2.1874459;0.19723876,-0.5566501,0.60247606;0.6847971,-1.3375199,1.4992843;0.20708518,-0.020382343,-0.75444597;1.3864936,0.26737252,-0.3161311;0.53720486,-1.9310881,1.9423238;-0.7191364,-1.4692544,-0.38026252;-1.5456249,0.7590485,-0.40789396;-0.027191874,0.3599783,-0.39178002;-0.7124961,-1.2667876,-0.36519858;0.44855422,-2.0117877,2.1043944;-0.7116165,1.4332868,-0.53361946;-1.3999788,0.32465953,-0.42853233;-1.6400883,0.6928002,-0.29338932;-0.8624651,-0.3107531,1.5890942;0.6590598,-1.4030163,1.4758856;-0.28238776,0.14458543,0.75570893;0.79239494,0.5272842,0.21804617;-1.6896783,1.1586957,0.31143034;0.08321936,-1.5566916,-1.2582105;-1.2213154,-1.4780328,-0.45728734;1.362102,0.22322905,-0.6013945;-0.68885136,1.0898049,-0.6048151;-0.9216104,-0.6405058,-0.07573504;-0.80145895,-0.3857896,1.7134063;-1.7128576,0.5910319,-0.12162142;0.20846178,0.2521223,0.5687383;-0.7857356,-0.7089266,-0.20212378;0.10879129,-0.33491707,-0.8176354;1.2318616,0.50601256,-0.4332432;0.66070527,-0.6775768,1.058;-0.036600187,-1.6074845,-0.9636714;0.41700742,-0.82844377,0.48162153;-0.8496605,-0.42592683,1.6668749;-0.3250544,-1.1495366,-0.8704272;2.244322,0.28297633,-1.8278533;1.3567543,0.12979865,-0.34481385;0.0667523,-0.009568129,0.29224196;-0.34298688,-1.1894538,-0.7326806;-0.28110322,-0.28468215,-0.20988879;-1.2749913,-1.4569467,-0.37487763;0.049607422,-0.4057229,-0.27653447;0.8240634,0.714254,0.25007898;0.63143307,0.5057952,0.23906453;-0.805468,0.74788666,-0.17185852;2.2348557,0.16384283,-1.8053238;-0.58954376,-1.5903589,-0.50402415;-1.2997973,0.7905494,0.21972044;-0.027860258,-0.5879582,-0.7844657;1.2002747,1.0623997,-0.19222327;-1.9586515,1.4378985,0.40809998;-0.2918048,-0.31421384,-0.34788004;0.23204637,-1.7599181,1.7880578;0.43160832,-0.2907999,0.57859313;0.11496262,-1.7944763,-1.3642292;-1.0001101,-1.3682804,-0.6265504;0.8639277,-0.36310217,0.3009447;-0.8712193,0.19706033,-0.06199762;-0.31661552,-1.2028122,-0.66062385;0.9231352,0.30609316,-0.4202678;-0.7929437,1.9557214,-0.16178274;-1.4491875,0.93249017,-0.1613914;-0.34544688,2.1146078,-0.45592368;0.3438274,-1.5508897,1.4945294;2.3452764,0.46510035,-2.1882472;2.4646595,0.45557377,-2.1579888;-1.0767353,1.5525233,-0.43525106;0.90217185,0.6782008,-0.63288474;0.21207565,0.69673747,-0.27111658;0.13703418,-1.7421049,-1.2232836;-0.5964704,-1.6089649,-0.5063955;0.06178318,-1.8576293,-1.2227643;0.035297226,0.29047862,0.72711027;-0.8412546,-0.5392631,2.2569647;-0.0959057,1.9125484,-0.5990745;0.58662355,-1.795766,1.851001;-0.26299033,0.13371642,0.8109221;-0.9007011,0.21411736,-0.048135277;-0.7967743,0.118917234,0.04768801;0.47204366,-0.20563918,-0.41420513;-0.8963398,-0.41052207,2.3514993;-0.092079826,0.05202218,0.04857271;1.1008325,0.42505702,0.036850013;0.51990384,-0.053577557,0.15335515;2.1966121,0.20410797,-1.9387835;-1.2832947,1.5794072,-0.23990881;-0.2957432,0.023987653,0.84944546;-1.0933108,0.06643422,-0.48839846;0.43626764,-0.14112361,-0.25709447;-0.43463498,0.6267728,-0.5782417;0.37935755,-1.6889503,1.6532221;-1.1759385,1.531878,-0.30723295;0.001383301,0.014469678,-0.51006556;0.06327369,0.16020806,0.70097035;1.8247515,-0.025039218,-1.5393353;-0.056156047,-0.62300557,-0.48749778;1.6762524,0.09252463,-0.8443744;1.1098487,0.66402715,-0.024351342;0.07804408,-1.752604,-1.3478725;-0.0230077,-0.4625776,-0.5818137;2.244322,0.28297633,-1.8278533;-0.5343785,-1.6738615,-0.6416653;0.34483996,-0.17012025,-0.8383579;-0.65506816,-0.2341929,1.0451514;-0.6443922,-0.5810579,1.7912943;0.52793306,-1.1143934,0.9388062;0.47592506,-0.4263292,0.6288454;-0.28309688,0.0944859,0.7957456;-0.33198768,0.5269163,-0.65001583;1.6757501,-0.024722312,-0.8743983;0.7558363,-0.5309288,0.4223427;0.4049221,-0.16836761,-0.2758101;-0.5180321,-1.4806627,-0.82345206;-0.63124895,0.7341559,-0.35125816;0.7809509,0.04532261,0.022482257;0.63094455,-0.83094317,0.6674159;-1.5922796,0.44263837,-0.24255736;-0.75636035,1.9048626,-0.2048694;-0.42386985,-0.05646283,0.8672217;0.81869996,0.40814492,0.07335808;2.0354419,0.066536225,-1.635027;0.60970044,-1.0141673,1.1072836;-0.89075613,-0.39711177,1.6301427;-0.80548966,-0.35327032,1.5438782;0.48832852,-1.3370467,1.2072271;2.3475811,0.37088743,-2.0471148;-0.6558765,-0.10674845,0.99867564;0.23503657,0.2557498,0.5169338;0.50403994,-2.0170782,2.3208492;-0.8559467,-0.51551604,2.0356462;-0.11194989,0.2680133,0.7766934;0.6808575,0.53952175,0.13006777;0.5507288,-0.6229878,0.6219076;-0.962927,-1.0310613,-0.5937525;0.06705336,-0.3679805,-0.7834636;1.6770949,-0.019612389,-0.7705184;-0.13790612,0.659675,-0.6537192;-0.056212403,1.9097923,-0.6129417;-0.9080939,0.6389561,-0.10627948;0.26875845,0.039532397,-0.08183296;-0.43373117,-1.6317221,-0.67917633;-0.31799915,-0.5137343,-0.39300722;-0.93328965,1.4349917,-0.49888283;1.1911181,0.6652582,0.0059485715;-0.23185271,-0.15267041,0.4613326;2.1443465,0.17047317,-1.7720115;-0.31728226,2.0071578,-0.4919032;-1.8033983,0.80417186,-0.010610022;-0.20282176,-0.2590926,-0.17932793;1.2302707,1.1122752,-0.13079344;-0.8723259,-0.4270818,2.0806415;-0.039396785,0.2755511,0.18069269;-0.98066825,-0.618555,2.609759;-0.81469864,1.6980634,-0.21793105;1.051238,0.009425816,-0.08187716;0.49205932,-1.7459432,1.8958436;1.9403816,-0.020853177,-1.4894041;0.93153214,0.25050864,-0.7666759;1.5505228,0.06512623,-0.49806428;-1.2141192,0.2209833,-0.5075982;0.67994815,-1.4682249,1.6217415;2.0614173,0.075457074,-1.6586365;1.1391437,0.04564554,-0.16868706;-1.06402,1.5238507,-0.4816163;0.51784784,-0.725903,0.81593525;0.7654026,-1.1202536,1.2650263;0.4638044,-0.39504188,0.6365704;0.9103048,0.512015,-0.23140132;-0.87208056,-0.19336735,1.9004686;-0.109682485,-0.49361238,-0.26821283;-1.8118895,1.2811666,0.23357975;-0.026477776,0.44572487,-0.4884752;2.2083576,0.14393686,-1.9149579;1.0818952,0.018172475,-0.74588823;0.21183777,1.5086193,-0.8439329;-1.8977383,1.3886921,0.36557385;0.30272543,0.122029305,-0.3029422;1.1117527,0.03606493,-0.715241;1.0049875,0.6461989,-0.111124925;-0.6057737,0.18743739,-0.056497484;0.70246094,-1.1171774,1.2413405;0.6362068,-0.88077605,1.0484211;-0.1940452,0.15609322,0.80784136;-0.7913951,-0.30079904,1.4487919;-1.396863,0.83168346,-0.1013519;0.60382915,-1.9018066,1.9399488;-1.1034918,0.16467799,-0.5871076;-0.3156789,1.9920852,-0.32852384;-0.27246413,-0.06644554,0.45368716;-0.34876922,0.5870581,-0.2809534;0.6614587,-1.0864452,1.2098304;-1.4522814,0.44100782,-0.40199217;-0.8056408,-0.5805011,-0.14698483;-1.0353743,1.643299,-0.081320845;-0.33370477,0.61965317,-0.26120216;0.61983836,-0.82517326,0.68179315;-0.573071,0.42789236,-0.4334392;2.3973186,0.41037765,-2.1313546;0.56859416,-0.82899725,0.6509973;1.8888774,-0.19048457,-1.4896702;-1.1070496,-1.3919418,-0.509504;0.782975,0.42664453,-0.42221054;-0.15842296,0.32757127,-0.28637645;-0.5849798,2.035575,-0.26078007;0.025539467,-0.37346104,-0.60040355;-1.7271723,0.6095591,-0.071782656;1.7267758,-0.073848784,-0.87348115;1.9612026,-0.04746011,-1.4123837;1.2030529,0.0934802,-0.20127477;-0.22841698,-0.6108932,0.83916575;0.7006911,-1.3596797,1.4556015;0.66877574,-0.17754382,0.23046948;0.35346276,0.046001747,0.29206392;0.9987566,0.7515449,-0.42012632;2.1010184,0.01091691,-1.9612471;-0.7606954,-1.1894536,-0.5303485;2.12617,0.15828273,-1.8673767;-1.6777,0.5621404,-0.21200751;-1.3022981,1.5564536,-0.1503042;-0.8298287,-0.17704272,1.3832954;-0.13078015,1.8375571,-0.73068595;0.19534338,-0.09099595,-0.74108684;-1.4267039,0.29309234,-0.50035053;-0.73743814,-1.3033891,-0.38996992;-0.33168632,-0.4493707,-0.19046398;0.7612011,-1.5250251,1.4498106;-0.56694984,0.14446871,-0.03708705;-0.97707087,1.5670183,-0.41357005;1.0433799,0.57918733,-0.045566875;1.6476173,-0.15293331,-1.1690329;-0.87325823,1.4755725,-0.47441638;-0.5218277,-1.1198759,-0.79874396;1.4088365,0.4546102,-0.32753718;1.1487892,0.030480592,0.22415769;-1.3821553,0.90424144,0.23880364;-0.24812326,0.005779131,0.8812117;1.2425096,0.65130717,-0.004801349;0.053024672,0.11702627,0.6809806;-1.2289139,0.21313424,-0.37113187;-0.55447245,-1.1039991,-0.7898702;1.3962444,0.1847515,-0.49909863;-1.0195011,-1.2326214,-0.6040233;-0.3505347,2.1159666,-0.44024512;-0.9672989,1.3987318,-0.27653652;0.9797243,0.74891645,-0.0027668756;-0.8858021,-0.26237717,1.9687341;2.1346233,0.052177608,-1.685321;1.2520851,0.08247356,-0.2034392;1.2080619,0.7317115,-0.02150068;-0.48350662,1.9814315,-0.011946037;-0.9592298,-1.346158,-0.6467879;-0.075600825,1.7666001,-0.768243;-0.5446165,0.70946115,-0.27278587;1.5243158,0.07585636,-0.5246416;-0.09190695,0.3598957,-0.32465008;-0.6587105,1.429742,-0.5584863;-0.22419469,0.47779864,-0.27204558;-1.4071553,0.9589539,0.22795855;1.1241857,1.1177323,-0.14768663;0.42667326,-0.336556,0.5629237;0.5303549,-2.0002608,2.1678762;0.6363737,-0.07637947,0.15176427;1.2984288,1.1383901,-0.06241905;-0.60946494,0.6976055,-0.32914898;0.42032272,-1.8212095,1.7740686;-1.125212,1.5641272,-0.3231545;-1.1724902,1.5247359,-0.2047306;1.1264821,0.70083517,-0.42464545;-0.9550629,1.3169795,-0.48201808;1.0799279,1.0664322,-0.19548099;-1.6981328,1.1638707,0.22225817;1.4511998,0.22574636,-0.37392527;-0.5909264,1.5100992,-0.5742459;-0.19741377,-0.6131972,-0.46162286;-0.868314,1.426021,-0.4318286;0.42216316,-1.7971274,1.8144258;-0.47350785,-1.6194311,-0.5347663;-0.7860731,-0.7532498,-0.20632434;0.06857172,0.575439,-0.8850335;-0.33822885,-0.3806925,-0.38943592;0.5620323,-1.7427248,1.7601676;0.26197413,-0.030527841,0.2408901;0.3057147,0.117691055,-0.18239051;-1.4836744,0.43467906,-0.34427685;-0.9317021,0.18932375,-0.13292965;-0.18185969,1.8472953,-0.53283286;0.09100891,1.6105978,-0.81812745;-0.76139927,-0.16473912,1.2188675;0.2143165,-0.89413166,0.8791826;-0.20237187,0.47534132,-0.34794822;0.5204014,-1.8831362,1.8293697;0.27345064,-0.4339424,0.5878094;1.7533334,0.03680036,-1.0175611;-0.90566057,0.20296112,-0.811693;0.9624854,0.7246071,0.13027412;-0.6721546,2.131175,-0.23102668;1.4718676,0.31956717,-0.30162826;-0.82187265,-1.555588,-0.42588586;1.320094,0.38198212,-0.4043094;-0.83789957,-0.54585284,2.309523;0.6330644,-1.5898945,1.676127;1.7884281,-0.21241647,-1.3238893;0.79972416,0.07612355,-0.18352865;0.07182359,0.13043839,0.7231809;-0.16253243,-1.5850079,-0.98739386;2.1151018,0.10442194,-1.7040484;1.4130726,0.12076679,-0.46517295;1.31726,0.69581145,-0.1479717;-1.7055703,1.4723623,0.18474554;0.83339375,0.7418537,-0.663462;0.62904066,-1.6212153,1.6188604;0.22613554,-0.521428,0.63888353;0.92209846,0.26030916,-0.75976634;-0.86436653,-0.22274189,1.7778414;-0.07481316,-0.28497377,-0.015106743;-0.9660274,-1.3378015,-0.67666614;-0.9350261,-1.365088,-0.5441748;0.82558155,0.1515377,-0.010453617;0.53856343,0.176652,-0.23996052;-0.017603952,0.3498789,0.19687076;-1.1903753,-1.3811696,-0.415725;-1.0164378,0.20217396,-0.70656455;1.0813627,0.43045193,-0.5386048;0.15964168,-1.7299321,-1.2472632;-0.038442638,-0.61815244,-0.72779715;-0.08605654,-1.5354747,-1.0395169;-0.807044,-0.7017452,-0.1697688;-0.13780884,-1.6540917,-1.0386446;-0.76762635,-0.16933453,1.2623854;-0.3653617,1.976811,-0.45685422;1.903051,-0.023759091,-1.2960612;0.8467722,-0.37014914,0.29788285;-0.5270662,1.8930761,-0.44262695;-0.2729022,-0.05977576,0.7654963;-1.7568604,1.3656412,0.20056386;0.6264374,-1.8918695,2.0667503;-0.21728101,-1.4984599,-0.9476089;-0.18341629,-0.5379051,-0.43853503;0.08038931,-0.07764891,0.48324215;-1.8467052,0.6603849,-0.14328901;-1.1022909,-1.3291895,-0.4828626;0.48432598,-1.9256734,2.0241566;-1.7651948,0.7961947,-0.073166825;-0.97376084,0.3621529,-0.15303196;-0.01908376,0.37627396,-0.29621732;0.6782576,-1.459362,1.6100304;0.29383576,-0.38711044,-0.09084813;0.09177891,0.1339522,0.52472275;-0.0043322477,-0.147103,0.016095744;-0.2273721,0.6521513,-0.75003767;-0.413507,-1.6186244,-0.7103354;-1.4343121,0.8753883,0.03506113;-1.1570531,1.3930817,0.007993109;0.8270007,0.6996634,0.27840877;-0.65929496,0.20529567,-0.070217185;-0.5362869,-1.6635205,-0.51539063;-0.7799101,-1.297061,-0.55882645;-1.3619447,0.30168337,-0.62833166;-0.037120678,0.37129208,-0.396003;1.1552483,1.1002287,-0.15549856;0.5353709,-1.1630119,0.9928191;-0.3531914,2.163101,-0.37687832;0.4099303,-1.8677183,1.9780163;-1.4245517,0.97532815,-0.21677212;-0.9741259,0.78718346,-0.10561443;-0.623398,2.1415033,-0.2773926;0.6200088,-0.6285733,0.45853096;-1.510649,0.58972967,-0.3502566;0.20109467,-0.0072398023,0.24075833;-0.26871672,0.61689,-0.4238637;2.086796,-0.14837953,-1.6295282;0.4264307,0.3463638,-0.62986654;0.65820074,-0.8410688,1.0780485;0.86993617,0.7469415,0.15276793;-0.30727038,-0.64683765,0.91430295;0.75640595,-1.0983945,1.250353;-0.93061894,-0.4185072,2.5072925;0.2483808,0.25321704,0.5029442;0.93845326,0.47775483,-0.16043322;0.13989034,1.5534785,-0.8252382;-1.1025621,-1.1962744,-0.46401724;-0.8726057,-1.270858,-0.63521415;-0.46899492,0.66101134,-0.61309516;1.107621,0.99370134,-0.20613255;0.5895593,-1.55969,1.5091547;-0.9905109,-0.31787077,2.3696582;-1.3566915,0.45374927,-0.51236784;0.41936675,-1.3319058,1.3352268;0.36626878,-0.086598106,0.33320493;-0.76588416,-0.7010941,-0.20566666;1.4047086,0.28852454,-0.3447426;-1.5008069,0.97383815,0.2661848;-1.6535534,1.1665013,0.15721984;-0.99347657,-0.2995193,2.7049582;-0.77297324,-1.3731884,-0.48174393;1.6259338,-0.09965395,-0.8535295;0.9253032,0.97492605,-0.4476766;-1.097578,-0.39602128,2.463582;-0.16224192,1.8866556,-0.42082196;2.3815854,0.40009946,-2.0934253;-0.87288314,1.4414593,-0.4524586;-1.2986304,1.5031612,-0.2552487;-0.88405865,-0.60538226,-0.116100766;-0.39077476,1.8354586,-0.27126616;-0.5193529,-0.06528358,0.74672496;-1.6710305,0.56488025,-0.20465744;-0.84993196,0.3206096,-0.06023695;0.18248883,0.010621681,0.13386339;0.18848129,-0.2179658,-0.79480726;0.84405774,0.39486894,-0.47605067;-0.5053498,-1.6606922,-0.55863583;-0.2672634,1.6429821,-0.7977256;-0.5052747,1.6018474,-0.32940355;-0.38196984,-0.032954987,0.8680678;-0.878328,0.55415666,-0.28754637;-0.72475433,2.0645547,-0.2049777;1.9971807,-0.02498976,-1.4491106;1.6479465,0.035701834,-1.1399513;0.272844,0.27505437,0.5075924;-0.18882383,-1.1813354,-0.5731402;-1.8484037,1.3391273,0.2982669;-1.0086832,-0.26854348,2.7031112;0.062017426,-0.19168201,0.012562367;-0.17075329,-0.04358011,0.11178285;-0.73698115,0.6665768,-0.21238095;-0.8754694,1.490509,-0.46966287;-0.7930802,-0.30283687,1.286515;0.23981476,-0.86960536,0.8647344;0.049370386,0.20382725,0.70299983;0.06696654,-1.676297,-1.2406161;-1.6697999,0.58728594,-0.22727232;1.1554986,0.5918674,-0.39204207;1.2960502,1.0850205,-0.0832899;-0.5579221,-1.0544238,-0.7303237;0.21977761,-0.92555684,0.9204331;0.59986424,-0.6669816,0.51475483;2.4757218,0.4736751,-2.1896183;1.1580583,0.25695035,-0.5625375;-1.1763073,0.21069783,-0.52906233;0.98508185,0.74070305,-0.19727802;1.9927715,0.015980663,-1.616576;-0.71770585,-0.24221863,1.3280205;1.8161261,-0.24023226,-1.3734472;-1.266418,0.2490917,-0.2661618;0.22868218,0.72729033,-0.2832551;-1.1367967,-1.2143277,-0.4289135;-0.8951491,1.472354,-0.4216271;1.2102467,1.0251861,-0.06920122;-0.67066187,-0.8760782,-0.30885455;-1.5359946,0.5221209,-0.3688907;-0.40744624,0.000499245,0.89434457;1.7000751,-0.19838628,-1.0788662;1.248986,0.9099649,-0.30437824;-0.98164994,1.3756198,-0.37772775;0.48228598,-1.0059762,0.81821185;0.5743067,-0.966273,0.8014468;0.8713492,0.33946833,0.19456315;-0.5463095,0.721602,-0.57798225;2.2562015,0.22695658,-1.9342761;2.4792738,0.42773917,-2.119668;0.5695564,-1.9226974,2.070457;-0.90715384,-0.43881398,2.8604114;0.42171964,-1.1569698,1.2300647;-0.16289245,0.4448989,-0.2302959;0.22937092,-0.44783035,0.61521226;-0.9379489,-0.37086347,2.6250196;-1.4306445,0.86819434,0.05531789;-0.7106106,1.26806,-0.55459875;1.8893784,0.026782032,-1.6031858;0.23264466,0.76719743,-0.27329335
