data_set
babi-q1
num_classes
6
data_points
1000
model
saved_models/babi-q1-e0022.ckpt
color_schema
#4E79A7,#F28E2B,#E15759,#76B7B2,#59A14F,#EDC948,#B07AA1,#FF9DA7,#9C755F,#BAB0AC
test_accuracy
0.531
test_loss
1.1842031393051147
train_accuracy
0.52125
train_loss
1.2062875463962555
val_accuracy
0.51
val_loss
1.1810700769424438
labels
12,9,15,12,15,12,11,12,17,17,15,11,17,10,10,15,11,15,17,15,12,17,17,12,10,10,10,15,15,15,12,17,15,15,9,17,9,11,15,10,9,11,9,12,11,15,12,9,17,10,10,17,11,11,15,10,15,12,11,12,12,17,9,11,11,15,15,9,17,17,11,12,11,10,9,15,15,15,12,17,11,9,10,11,17,11,11,12,15,15,9,9,12,9,9,15,15,15,10,10,10,9,17,11,11,12,10,9,17,10,9,9,15,12,15,11,17,15,9,17,10,9,10,12,10,17,11,11,11,9,11,12,9,11,15,9,17,15,9,9,17,12,12,17,10,15,15,15,15,15,11,11,9,17,10,9,11,10,17,12,10,10,10,11,9,11,11,11,15,10,17,17,11,9,9,17,15,10,17,17,12,12,12,12,10,9,17,11,15,17,12,15,11,12,12,11,17,15,9,10,12,17,17,10,12,9,15,12,9,12,9,10,12,10,9,10,9,12,12,9,9,12,15,12,10,17,12,11,9,9,17,11,12,17,12,10,10,10,10,17,12,15,11,11,15,15,11,11,11,11,10,17,9,9,10,10,17,17,15,11,11,17,12,17,17,9,11,10,9,10,15,17,17,15,9,17,15,12,17,9,9,11,17,17,11,17,9,17,11,9,15,15,10,15,15,11,11,12,12,9,9,9,9,17,12,11,9,17,17,15,11,11,17,10,11,17,10,17,17,11,11,15,15,11,11,9,10,11,11,10,15,17,15,10,10,17,12,17,12,12,12,11,17,15,11,17,12,12,15,15,10,11,11,10,10,9,17,12,11,12,11,9,11,11,11,11,11,12,12,12,12,12,11,11,17,10,15,9,9,10,9,10,10,17,17,15,17,17,17,15,15,12,9,10,17,17,10,17,9,11,10,11,10,15,17,15,12,10,11,15,10,11,9,12,17,10,10,15,12,9,12,12,9,12,10,15,15,17,10,10,17,15,15,15,17,11,15,9,10,11,10,12,9,11,10,11,10,12,11,15,15,15,15,11,9,15,10,12,11,12,9,11,10,17,11,11,10,10,10,17,12,17,17,9,15,11,9,15,11,9,10,10,12,12,11,10,9,12,10,9,15,10,10,11,11,15,15,10,12,12,15,11,9,12,9,15,10,17,17,10,10,17,10,10,17,9,9,10,12,11,17,17,12,12,11,12,17,11,11,12,11,11,11,17,9,11,10,12,12,10,11,17,12,12,15,11,15,15,12,10,10,9,17,10,15,12,15,10,10,10,11,10,11,15,10,9,9,15,10,10,10,10,15,15,17,9,10,12,10,10,12,12,11,15,10,10,11,12,10,10,17,12,17,11,9,9,17,17,11,10,10,10,15,15,17,11,15,12,11,10,15,17,9,11,9,17,15,12,15,17,11,17,17,15,9,10,9,9,10,10,9,10,10,15,11,11,11,15,12,9,11,11,10,17,11,11,12,17,15,15,9,11,15,15,11,9,15,15,11,15,15,15,11,10,10,9,17,17,17,17,10,10,17,9,15,9,17,12,12,12,15,15,15,17,9,11,9,17,9,12,11,9,9,17,11,11,11,10,15,10,12,12,9,9,17,12,12,9,17,12,11,11,15,15,12,11,12,17,12,17,11,12,11,17,17,11,17,9,11,9,10,10,12,17,10,12,9,9,9,15,11,11,15,17,9,10,9,12,17,15,17,17,12,10,12,11,11,17,15,9,17,10,9,11,12,15,9,15,12,10,9,10,17,17,15,15,9,9,9,17,10,17,17,9,12,17,17,12,12,11,11,11,11,17,11,17,17,17,17,17,12,9,17,10,17,11,10,10,12,12,11,11,17,12,12,17,17,15,11,17,11,11,9,12,9,17,9,10,9,15,11,9,11,15,10,9,9,9,17,12,11,11,17,15,15,10,10,11,11,17,10,12,9,10,10,10,10,10,15,17,9,11,17,15,12,11,10,10,15,12,10,11,12,12,11,11,11,15,12,17,10,12,17,17,12,10,10,12,17,10,11,17,11,12,17,17,11,12,11,17,9,9,11,17,11,11,15,15,17,17,10,10,17,12,11,15,12,11,11,10,9,12,12,15,10,9,17,15,17,9,17,17,10,17,15,12,12,11,10,10,10,17,17,15,12,17,9,9,15,10,12,15,15,15,17,17,15,11,15,10,12,9,9,10,11,11,9,9,12,15,9,15,9,12,12,10,17,17,10,12,15,9,10,17,11,11,11,17,9,9,11,15,11,11,11,15,12,17,9,10
pred_labels
9,10,15,11,15,12,11,12,12,17,15,17,15,11,10,15,11,15,12,11,12,17,12,10,11,15,10,10,11,15,17,17,15,15,9,10,12,15,12,11,9,11,12,10,11,12,10,11,10,10,10,10,11,12,15,9,11,12,15,17,12,17,9,11,9,15,9,9,17,12,11,12,11,10,9,15,17,15,10,12,11,11,10,17,17,11,11,10,15,15,9,9,12,9,17,15,15,15,10,15,10,9,12,11,10,12,12,9,11,15,9,10,15,12,17,11,15,9,12,17,10,9,15,9,17,17,11,17,11,11,11,17,15,10,10,9,17,15,9,9,11,12,17,9,10,10,10,15,15,11,11,11,17,17,17,10,10,9,17,12,12,9,10,11,9,11,11,15,15,15,17,11,11,9,12,17,15,10,17,15,12,17,12,17,10,9,9,11,9,12,12,15,11,10,17,11,10,9,9,10,17,17,10,10,10,9,11,12,10,15,11,10,9,9,10,12,11,12,9,11,12,12,9,15,10,17,17,11,9,17,17,15,11,17,12,10,9,15,10,15,12,9,11,12,15,15,11,9,15,11,10,10,9,10,10,10,10,11,11,11,11,9,12,17,11,11,15,9,10,10,15,17,17,10,11,15,15,10,12,9,9,11,12,15,11,17,11,12,11,9,15,12,10,15,15,11,12,11,12,10,9,12,17,17,17,11,9,9,9,15,11,10,12,10,15,17,10,17,15,15,11,15,15,15,17,9,10,11,9,17,15,17,17,17,15,11,12,11,12,17,12,11,17,15,11,17,15,12,15,15,11,10,11,10,9,17,17,12,11,12,11,9,11,11,10,11,15,12,17,15,12,12,10,15,17,10,15,17,17,11,9,10,17,17,15,9,17,17,17,12,15,10,11,10,9,17,11,11,10,12,10,11,10,9,17,10,17,17,10,10,10,10,9,12,17,10,9,11,11,11,15,12,9,12,9,9,15,17,10,10,15,11,15,12,17,11,9,10,10,11,11,12,11,11,10,10,9,12,11,10,15,10,15,15,9,15,15,10,11,12,17,10,17,17,17,11,10,9,10,17,10,17,12,11,15,11,9,15,11,10,10,17,12,12,11,10,9,12,10,9,15,15,10,10,10,10,15,10,12,15,15,11,10,15,9,15,10,10,9,10,10,10,10,9,12,9,10,9,12,11,17,11,12,10,11,12,17,11,17,12,11,17,11,10,11,11,10,12,11,10,11,10,12,12,15,11,15,12,12,10,10,12,15,11,15,12,17,10,9,9,11,10,10,15,10,9,15,15,17,12,11,12,15,17,11,9,10,9,9,9,15,15,10,11,10,10,12,9,10,10,17,17,17,11,11,9,12,11,12,10,10,10,11,15,17,11,15,11,10,10,15,17,11,11,9,9,15,9,17,12,11,10,9,17,9,10,12,11,12,10,9,10,15,15,9,11,11,12,11,9,11,10,10,11,11,15,12,17,9,10,9,11,15,15,11,9,15,11,11,15,12,12,12,17,9,17,11,17,10,12,10,11,17,15,11,9,17,12,10,9,15,15,15,17,11,11,9,17,17,12,11,9,17,17,17,11,9,12,10,11,12,17,9,9,9,11,11,17,12,12,11,11,15,15,12,11,12,17,17,17,11,12,9,17,10,11,17,9,15,15,10,12,12,17,12,12,9,9,9,10,11,15,9,15,9,17,9,12,9,15,10,10,12,10,11,11,15,9,11,9,9,9,10,11,11,9,10,17,12,9,11,10,17,15,10,15,15,9,12,17,12,17,12,12,11,9,9,10,11,12,11,10,17,15,11,17,17,12,11,9,11,10,10,15,17,11,10,11,12,15,11,10,11,12,15,10,17,15,11,9,11,10,9,12,9,11,12,10,15,15,11,9,12,9,10,9,9,12,11,10,11,11,17,15,15,10,15,11,12,11,15,12,11,10,10,10,10,10,15,17,9,12,17,15,10,11,10,15,15,12,9,11,12,12,11,11,15,12,11,15,10,17,9,12,15,10,10,12,10,9,11,17,11,12,15,17,11,12,17,10,9,17,11,11,11,11,15,11,9,11,12,10,12,11,11,15,12,11,9,17,15,11,12,15,10,11,9,9,17,9,9,10,11,10,15,12,12,10,10,10,10,17,17,11,9,17,9,9,11,15,12,15,15,17,11,9,9,10,11,10,12,9,15,15,15,11,9,9,9,15,9,15,15,9,11,9,10,10,15,9,10,9,11,11,15,15,10,9,9,9,11,15,11,9,11,15,12,10,9,11
pred_correctness
False,False,True,False,True,True,True,True,False,True,True,False,False,False,True,True,True,True,False,False,True,True,False,False,False,False,True,False,False,True,False,True,True,True,True,False,False,False,False,False,True,True,False,False,True,False,False,False,False,True,True,False,True,False,True,False,False,True,False,False,True,True,True,True,False,True,False,True,True,False,True,True,True,True,True,True,False,True,False,False,True,False,True,False,True,True,True,False,True,True,True,True,True,True,False,True,True,True,True,False,True,True,False,True,False,True,False,True,False,False,True,False,True,True,False,True,False,False,False,True,True,True,False,False,False,True,True,False,True,False,True,False,False,False,False,True,True,True,True,True,False,True,False,False,True,False,False,True,True,False,True,True,False,True,False,False,False,False,True,True,False,False,True,True,True,True,True,False,True,False,True,False,True,True,False,True,True,True,True,False,True,False,True,False,True,True,False,True,False,False,True,True,True,False,False,True,False,False,True,True,False,True,False,True,False,True,False,True,False,False,False,True,False,False,False,False,False,True,False,False,False,True,False,False,True,True,False,True,True,False,True,False,False,True,True,True,False,False,True,False,True,False,True,False,True,True,True,False,False,True,True,False,True,False,True,True,False,False,False,True,True,False,True,True,False,False,False,False,False,True,True,True,True,False,False,False,True,False,False,True,True,True,False,False,True,True,False,False,True,True,True,False,True,True,True,True,False,False,True,False,True,False,False,True,False,True,True,False,False,True,True,False,False,True,False,True,True,True,False,False,True,True,True,False,False,True,True,True,False,False,True,True,False,False,False,False,True,False,True,False,True,True,True,True,True,True,False,True,True,True,False,False,True,True,False,False,True,True,True,True,True,True,True,True,False,True,False,True,False,False,True,True,False,False,True,True,True,False,False,False,True,True,False,True,False,False,True,True,True,False,True,False,False,True,False,True,False,False,False,False,True,True,True,False,True,False,False,False,False,False,True,False,True,True,True,True,False,False,False,False,False,True,True,True,False,False,True,True,True,True,False,False,True,False,True,True,False,False,True,True,False,True,False,True,True,False,False,True,True,False,True,False,True,False,True,True,False,False,True,True,False,False,False,True,False,True,True,False,True,True,False,True,False,False,True,True,True,True,True,False,True,False,True,True,True,True,True,True,True,True,True,False,True,False,False,False,True,True,True,False,True,True,False,False,True,True,True,False,False,True,True,False,True,False,False,True,False,False,True,True,True,False,True,False,True,True,True,True,False,True,True,False,True,False,False,True,True,True,False,True,True,False,True,True,True,True,True,False,True,True,True,False,False,False,True,True,False,True,False,False,True,True,False,True,True,True,False,True,False,False,False,False,True,False,False,True,True,False,False,False,False,False,False,False,True,True,False,False,True,True,True,False,True,True,False,True,False,False,False,True,True,True,False,True,True,True,True,False,False,True,True,True,False,True,True,False,True,False,False,False,True,False,False,False,True,True,False,False,False,True,True,True,False,True,False,True,True,False,False,True,True,False,True,False,True,False,True,True,False,False,True,True,True,True,True,True,True,False,True,True,False,False,False,False,False,False,False,True,False,False,True,False,True,False,False,True,True,True,False,False,True,True,True,True,False,True,True,True,False,True,True,True,False,True,False,True,False,False,False,False,True,False,True,True,False,False,False,False,False,True,True,True,True,True,True,True,True,True,False,True,True,True,False,True,False,True,True,True,False,False,True,False,True,True,False,True,True,True,True,False,True,False,False,False,True,False,True,True,False,True,False,False,True,True,False,True,False,False,False,True,False,False,False,True,False,False,False,False,True,False,False,True,True,False,False,True,False,True,False,True,False,True,False,False,False,False,False,False,False,False,True,False,False,False,True,True,True,False,False,False,False,False,False,False,True,True,True,False,True,False,True,False,False,True,False,False,True,True,True,False,True,False,True,True,True,False,False,True,False,True,True,True,False,False,True,True,True,False,False,False,True,True,True,True,True,True,False,True,False,False,False,True,False,True,True,True,True,True,True,True,True,False,True,True,False,True,True,False,True,True,False,True,True,True,True,True,False,False,False,False,True,False,False,False,False,True,True,True,False,False,True,True,True,True,False,True,True,True,False,False,True,False,True,False,True,True,True,False,False,False,False,True,False,False,True,True,True,True,False,False,False,False,True,True,True,False,False,False,True,True,False,False,False,False,True,True,True,False,True,True,True,True,True,False,False,True,True,True,False,False,True,True,True,False,False,False,False,False,False,True,True,True,False,False,False,True,True,True,False,True,True,True,False,False,False,False,False,False,False,False,False,True,False,False,False,False,False,False,True,True,True,True,True,False,True,True,True,False,True,False
p2d-kl
0.7231199741363525
p2d-iter
599
p2d
1.1275998,-0.832381;0.760755,1.3627926;-0.35336062,0.7853944;-0.34619224,-1.9081073;1.0055202,0.7730874;-0.5935237,-0.12580745;-0.086799964,-1.4855806;-0.7830315,-1.2594504;-2.1672754,-0.6796529;1.4656947,0.6248213;-1.7181306,-0.893797;-0.45196795,-0.6924875;-0.39331433,0.34115052;-0.051850144,1.009061;0.15700959,1.0149983;-0.7657686,-0.3032042;-0.10058056,-1.7602689;-0.07885196,-0.33088496;-0.5854115,-0.18449652;-0.23143084,-0.8986356;-0.5163195,-0.009581826;-2.1664999,-0.8000488;1.1337945,-0.29117066;0.8052232,1.8196697;0.20758754,1.3260839;-0.97512704,0.7671269;-1.2685667,0.48723534;1.1668996,1.7674528;-0.25440714,-0.8546702;0.89907956,0.49230722;-2.2071373,-0.7394927;-2.151831,-0.8330542;1.0526785,0.591729;-0.026981354,-0.59646887;0.6203205,-0.40481335;-1.5040843,0.052779425;1.0668474,-0.19130431;-0.040014412,-0.037869964;0.46337172,1.0050888;-0.40739107,-0.9942274;1.3528388,-0.8995112;0.33612767,0.37373957;0.56187284,0.9962917;-0.30406007,1.0063953;-0.061479256,0.9490831;-0.5120036,0.020744879;-1.5170316,0.31893766;1.2209095,0.06281636;1.1801463,2.1243541;-1.5007069,0.22964716;-1.7837178,0.00490107;-1.4772636,0.1775035;0.26157108,0.41122717;-0.32238054,0.36310294;-1.2177792,-0.50369024;1.4102173,0.017734554;0.22203836,-0.15647222;0.4749837,1.2399288;-1.2649876,-0.4861892;-2.0209484,-0.6988479;-2.1741123,-0.52137274;1.4467647,0.96043974;1.3994293,-0.7719577;0.33000284,0.08743478;1.0030974,-0.42844513;-1.2425437,-0.75546443;0.9182173,-0.43874502;0.8337011,1.6191041;1.2407638,1.3847263;1.16929,-0.7024228;0.25110632,0.259199;-0.5511572,-0.52016234;-0.21206547,-0.90970165;0.38805497,1.194978;1.3218747,-0.19538024;-1.2353811,-0.7790398;-0.28186986,-0.35376954;-1.7107631,-0.8634852;-0.5337947,0.6102315;0.9121062,2.0867836;-0.13510714,-1.7188143;-0.0054142964,-1.4894402;0.019355275,1.2079978;-1.6084194,-0.45381325;-1.2996118,-0.417756;-0.18088536,-1.8542688;-0.42501694,-2.007896;0.4442447,1.1726944;-1.1792098,-0.42700076;-0.75738317,-0.003180849;0.56141275,-1.2733008;1.3785452,-0.17754789;0.9319672,0.18116724;1.2281247,0.05423256;1.2256981,0.73258996;-1.2831813,-0.7910938;-0.5789747,0.019093253;-1.078241,0.60859966;0.09405902,1.487208;-1.2214097,-0.43719235;0.13394883,0.91104555;0.77171135,-1.211966;1.2476248,-0.67533123;-0.08789224,-1.5696386;0.5623425,1.6615312;-2.1979418,-0.6604514;-1.8251754,-0.16502187;1.1732194,1.8884304;-0.18721071,-0.905853;-0.34895158,1.0129147;1.3077338,-0.90066427;0.2618408,1.5954783;-1.1048808,-0.3921609;-0.6225672,-0.12612316;1.3449597,1.2866156;-0.4065866,-0.487982;0.99155706,0.53528947;0.52327937,-1.6954964;-0.33646473,0.5287147;-0.6041027,-0.6580061;-1.493001,0.12315576;0.71801794,-1.2113285;1.108872,0.5634634;0.5328063,-1.3838502;1.0919362,2.0780113;-1.9204499,-0.8836986;-0.09661544,-1.6406783;-0.63073605,-0.406159;-0.011600813,1.0730497;0.33215636,-0.04931529;-0.29744124,-1.9266325;0.13341151,1.4055101;1.1439861,1.1893336;0.69006515,1.8080897;0.11834125,1.023597;0.55958474,-0.77198684;1.4823895,0.5488837;-0.9689874,0.57651013;0.7032051,-1.160505;0.44766396,-1.7043024;-0.34585714,-0.42172587;-2.0899124,-0.4806521;1.5297701,0.8232969;0.63111585,-0.79730886;0.61582524,1.4147681;-1.0790763,0.67701864;-0.91482913,0.7759623;-0.92408997,0.7993711;1.2161592,1.7683629;1.1939113,0.72044307;0.26781827,0.16458707;0.3850211,-1.6998001;1.5203624,0.4971482;1.5380708,0.93869805;-1.847327,-0.28100026;0.7456524,1.3860391;0.21241467,1.0406911;1.2867303,-0.2784226;1.0343146,2.0937157;-2.2256508,-0.6716474;-1.9104975,-0.16050819;0.6296635,-0.57857585;0.89772904,0.20121017;0.24855576,1.3487188;0.69980067,-1.2302032;-0.3180328,-1.6973157;-0.43682656,-2.0207725;-0.23769157,1.0239599;-0.3131648,0.6498331;0.15914364,1.5222304;-1.8566864,-0.87380916;-0.33872944,-1.7668288;-0.40411085,-1.9592061;1.0137886,-0.79514325;1.030612,-0.0037575446;-1.8920076,-0.8907165;-1.337859,-0.55234706;-1.4454794,0.3277225;0.257425,1.346248;-1.2837067,-0.48392022;-2.0973065,-0.6137908;-1.8064067,-0.5419213;-2.2741165,-0.73586565;-1.7124964,-0.42116842;-0.86717147,0.57544285;0.5543662,-0.62042314;0.6008077,-1.6904542;0.868712,1.8694668;1.1766207,1.8500637;-1.4958942,-0.35653225;-2.0696223,-0.4616247;-1.7793062,-0.8709382;0.35110226,-1.3201367;0.4380766,0.80688953;-0.6383451,-0.651659;-0.34288388,-1.7960954;-0.011819396,1.188277;1.2895254,0.18179445;1.1757566,1.2794785;0.888801,1.7825129;-2.2010748,-0.7582057;-2.2896054,-0.8004456;-0.962229,0.5510955;-1.0269501,0.6131114;-1.6831894,0.24360603;1.1218883,-0.85506487;0.037132602,-1.3887733;0.81020117,-0.169358;0.8674842,1.7011211;0.58374155,1.7684195;0.2645269,-1.0883219;-0.5745938,0.678056;1.0678099,-0.40215242;1.3730906,-0.22309029;0.9760571,1.991308;-1.8260937,-0.07611504;0.2231669,-0.86227196;-0.33798158,0.11556584;0.92944014,-0.93780005;-0.1610669,-1.0073591;1.1780123,-0.61146224;-1.9296955,-0.44778094;1.2060624,1.2692729;-0.8549417,0.8191763;-0.3613625,1.0784124;-2.2365806,-0.7782644;1.4777246,0.91189545;0.33467937,-1.2721673;0.5233686,-1.2630788;1.4724537,0.67689556;1.4231212,0.8974101;-0.001197534,-0.124411285;-0.36277086,-1.8847781;-0.5328623,-0.5680521;1.0933911,-0.23194487;0.14709194,0.9589591;0.7761556,-1.1762457;1.1067871,1.1833686;-1.3969657,0.17195845;-0.7511973,-0.12992084;-2.1362765,-0.49151936;1.0740408,0.8263271;0.019007515,-1.265101;0.55786633,1.2268404;-1.3306063,-0.5017119;-1.2910615,-0.81728655;0.009306489,-1.2194973;0.5765746,-1.1566234;-0.029986644,-0.09023819;0.8555046,0.6573364;-1.5101267,0.11973964;-0.94806814,0.709656;0.6527457,-0.35969418;0.6470044,1.6827718;-1.7159375,0.026896207;0.15950488,0.94462156;-1.5609391,0.100359194;0.4637291,0.4880558;0.02982583,-1.6251782;-0.20518725,-1.6192851;0.31764567,0.212774;1.2316153,1.9618572;1.2658188,-0.74986225;-0.51214975,-0.93161935;0.4879214,-0.28110966;0.28054696,-1.140088;0.11072452,-0.3451125;0.43748823,0.70328325;0.9280871,1.8428761;0.8211891,1.8850108;0.97552186,0.71232957;-1.6568707,-0.52677983;-0.48443392,-0.8781933;-0.27710265,0.96901697;0.3448153,-1.691776;-1.8045294,-0.9270087;0.092366666,-0.5222367;0.16028474,1.1295712;-1.9485179,-0.2953901;0.9740436,-0.70257443;1.3139286,-0.9377284;0.3082683,0.7168244;1.0569056,1.5554588;1.0703423,0.6353528;0.23803067,-0.09719637;-1.4592311,0.07386254;0.21955651,-0.9228422;0.5068679,1.005318;-0.04660379,-1.6254966;0.47430688,-1.8883196;-1.2366576,-0.8030885;0.9961924,1.0812998;0.17428173,1.0588777;-0.5075464,0.22514406;-1.2218037,-0.627755;-0.15301117,-1.785056;-0.3624726,-0.120017126;0.15624705,-0.9753733;0.8766583,-0.15449107;0.9603484,0.17841157;0.55020684,-1.7474828;1.1580591,0.367677;-0.34159833,-0.38357496;-1.7683201,-0.56879115;-1.758502,-0.8131393;0.28766125,-1.1582743;1.4034694,-0.25718158;0.58872,-1.6669009;0.46830496,-1.7364719;1.0768309,0.5594886;-0.18420124,-1.8760478;0.2920653,1.4050341;-0.23467897,0.32972127;0.45699844,1.2702715;-0.43802926,0.36476472;-0.4127267,-0.43787542;-1.8585473,-0.18013392;-1.4211936,-0.49937916;-1.1031344,0.2630033;-0.19644831,1.1137037;-0.13096218,-1.8060856;0.4301021,-0.56305593;0.10670667,-0.67460924;-0.19723703,-0.83656406;-0.62042016,0.58918494;1.4006875,-0.062912464;-0.35149685,0.95525193;-0.26795447,-0.9134506;0.5281667,-0.76668453;1.1523831,2.1026888;-0.7258737,-0.26560038;-1.8445174,-0.83497643;1.4431237,0.7541552;-0.83997685,0.45162004;-0.13719468,-0.19853461;-0.38249937,-1.8620663;-2.1334696,-0.6029667;0.29966602,-1.270023;-0.31079242,0.41669032;-0.8927777,0.41576433;1.0141158,-0.23925526;0.3112588,0.31612936;-2.0178816,-0.6779492;-0.59489095,0.77039975;-0.023305956,1.1071559;-1.854487,-0.58200693;0.016904011,-0.51763505;-0.20196362,0.424402;-0.2813287,0.8277977;0.97047335,0.794261;0.2858855,0.19674163;0.40527537,1.0589342;-0.07352132,-0.8944029;-1.3323746,0.28979012;0.59860617,-0.47044805;1.4406116,0.8599913;-1.9018613,-0.81374425;-1.9655592,-0.45567694;0.29975352,1.207051;0.6597071,0.92892843;-0.008228906,-1.6181107;0.4785217,-1.8491725;0.009212062,-1.4725503;-0.24308644,-1.676577;0.7334805,1.5798045;-0.32788232,-1.9418637;-0.22002096,0.88146836;-0.39113918,0.082571454;-2.326967,-0.8192371;-0.13246527,-0.23980011;-2.1729102,-0.6462324;1.2106662,-0.59303343;0.44153145,1.306696;-0.37601238,0.2832976;-0.45434314,-0.4273733;-1.4416374,0.15822816;-0.197109,0.77146715;1.3350098,1.2164985;-0.44666576,-0.7549918;0.23947573,0.11759;1.4083989,-0.014103243;0.9281604,0.1809362;-1.7432636,-0.392339;-1.5749918,-0.6409288;-1.3089459,-0.62908095;0.55353236,-0.80370134;1.3146926,1.0751594;-0.6130025,0.54557645;-1.2393239,-0.40613812;-1.8231448,-0.23055927;0.03439316,-0.25300702;0.42088166,0.9926985;0.31235638,0.747287;0.51770914,1.2766781;1.1402339,-0.334043;-1.8466687,-0.85502607;0.25575924,0.31821436;-0.24398643,-1.7312213;0.8722467,1.8091953;0.625794,0.9014409;0.13339421,0.9388623;0.3286693,-0.018187536;0.8837555,2.0482721;1.1772621,1.311749;1.2168932,1.4840918;-0.98366845,0.73040825;-0.56273174,-0.58307034;-0.49792597,-0.5997499;1.0251125,1.9055847;-0.41229078,1.0094789;0.7446122,1.4256403;0.20091683,0.8621666;0.7757212,-1.1937815;1.201378,-0.7306017;-1.8683784,-0.3091729;-1.7920424,-0.0070333974;0.7898149,-0.37566778;0.00074458873,-0.84544367;-0.27208155,-1.0942386;1.2971702,0.87345374;-0.7042954,-0.2873987;1.1507384,-0.6224661;1.2584233,-0.9423528;1.0321362,-0.06902832;1.0236958,1.8777841;0.5594539,-0.8120999;0.11110261,-0.67949337;-1.5325006,-0.58116436;0.3904678,1.2123297;0.7937203,1.6374589;-1.7550619,-0.89299923;-0.012343398,-1.2592175;-0.29040855,0.9510826;0.55783236,1.0946066;-1.6742269,-0.18088469;-0.00611008,-1.575516;0.98950607,-0.84186363;0.62733126,1.6558038;0.08237182,1.0221077;0.19538076,0.099892184;0.25265935,0.19015431;0.7520855,-0.16349491;0.2504364,-1.2941744;0.4004336,-1.6917431;0.19766806,1.0007932;0.16056274,0.90957737;1.294306,-0.35986757;-0.37522948,0.49402934;-0.2418982,-1.2365761;-0.18714203,0.8989015;0.99556386,0.7490885;-1.3561423,0.18222123;0.04869996,-0.33840093;0.06771001,-0.17807646;0.556001,-0.963984;-1.7553451,-0.91113234;-0.93090737,0.6723573;-1.150048,0.50195444;0.15594481,0.49264482;0.68638647,0.9220842;1.4900606,0.6379322;0.11587166,1.1038713;-1.6569679,-0.29967123;-0.652391,0.51761293;-0.620952,-0.6957906;-0.044605576,-1.6913093;-0.2503837,0.97170645;0.6531487,-0.3640605;0.9906034,1.706232;-1.3524526,-0.45188475;-1.5710346,0.29345277;1.3735263,1.3405709;-1.8829596,-0.41104078;0.51488155,0.5133597;1.1261301,1.2705344;-0.3782641,-0.42553467;1.3118435,-0.05227242;-0.464296,0.27487418;-0.26952073,-1.3363903;1.0244884,1.9907994;-1.0436927,0.7198025;-1.9999934,-0.8145989;-2.1486537,-0.63833815;1.1831208,-0.5738392;-0.07369366,-0.23834951;0.1359001,0.85273844;1.0897921,-0.41464975;0.940516,1.1063554;-1.000733,0.70716894;1.2110271,0.95067364;-1.2487413,-0.81994414;-1.0597266,0.6617014;-1.1705176,0.5324607;0.52480173,1.6448407;1.0783343,1.9529595;-0.9371376,0.7507001;-1.3651987,-0.6646786;-1.1993446,0.5123973;-1.5806332,-0.0511121;-0.57992524,0.19289525;-1.2727077,-0.78299856;0.021135973,-1.6790558;0.761752,1.7369101;-0.3748399,0.85970813;0.83805984,1.4679646;0.98744226,0.6881041;-1.2642347,0.51610243;1.1286477,1.9924964;1.3451811,1.336011;-0.43861207,0.96700996;-1.7380687,0.21427603;-1.385381,0.27385765;0.067373544,0.9726433;1.124602,-0.9132989;1.0551049,-0.050840683;0.48879445,-1.874107;0.7712782,1.7741697;0.6002459,-0.51709324;0.9126183,-0.098248675;-0.22729777,-0.9830957;1.4433961,0.8908812;-0.26064798,-1.4589589;-0.79169047,-0.5793134;0.80832267,1.5453783;-0.27697855,-0.97644675;-0.5091437,0.008419458;-2.1126823,-0.78126025;-0.09811701,-1.3695136;-0.577978,-0.63575685;-1.9411035,-0.2007454;-0.40490028,-1.9235253;-0.6485922,0.5985323;0.24468479,0.46034294;0.4229186,1.1083521;0.4345192,0.46136755;-0.02461415,-1.6708397;0.7386257,1.6749285;-1.764985,-0.23816437;-0.37222654,-1.2768939;0.7458231,1.9132289;-0.32200536,-1.746869;-1.1530471,0.4392211;0.58227396,0.9684855;0.4958813,1.0612377;-0.35100788,0.8022511;0.006827237,-1.5820571;0.073576264,-0.5510356;-0.63608354,-0.18334591;-1.5516803,0.2674707;-1.5874752,0.29477942;-1.7403595,0.20780566;1.071881,-0.052976675;-1.3070514,-0.51358885;-0.034886688,1.012259;-0.25090182,0.9113015;1.148433,-0.50598127;-1.647707,-0.69825035;-1.2706023,0.43937793;1.3017097,1.4517747;1.3875049,0.85349756;-0.0034756442,-1.6448464;0.91232944,1.9073017;0.7319271,1.840055;1.1539519,1.8029015;0.681413,1.8691202;0.4820142,-1.1105046;0.13135104,-0.3419928;-0.3279184,0.63275003;-1.4971943,0.0063951076;-1.5603878,-0.39250663;0.31076583,0.17806046;-0.28873625,0.38660738;0.030583605,-0.5758335;-2.067177,-0.7836464;-0.45219344,-0.91840947;1.1286436,-0.8466197;0.2758069,1.6014549;1.2818087,0.004690817;1.3583729,-0.048099525;1.4301344,0.093374334;-0.7381805,-0.2734522;-1.0631336,0.69959;-0.09732894,0.9233348;0.03354955,-1.2360486;1.0499073,2.0038753;-1.7552269,0.17931944;0.50721985,1.1674978;1.2126467,-0.892313;0.5779888,1.4096727;0.73913544,1.8555558;1.4503396,0.84059125;-1.7407167,-0.5004634;-0.5193239,-0.84587634;-0.14409065,-1.1074221;0.42358974,-1.0479126;0.51277184,-1.8319644;1.2763077,-0.7152736;-0.35358983,-1.2016132;1.0743443,-0.5054356;0.16088556,0.32588565;0.74936455,1.4179404;-1.4352218,0.23838802;-0.12038051,0.823102;0.9216725,0.61583126;-1.8150065,-0.7702674;0.273656,0.26859096;-0.64523953,-0.40276638;-0.3205529,-1.2020143;-0.3208375,1.0357996;0.9919282,1.9568275;-1.786909,-0.92426634;-1.8433087,-0.89867806;0.40242603,-0.265472;-0.2139808,-1.5254933;0.47996902,-1.7966652;1.2936379,-0.911401;0.09523151,-0.6102066;1.1766355,0.37991166;1.1103091,2.0888944;-2.2328794,-0.6379222;0.2610515,-1.1948713;0.9833452,1.6843591;1.367391,-0.35027066;1.2936673,1.2776331;0.85538816,1.4138108;-1.6987492,0.28244242;0.960843,0.15907812;0.44416964,-0.32714266;0.49788126,1.2167441;0.07820109,0.9860941;0.48201418,-1.1105053;0.036277357,1.2297376;-0.40329075,0.85438126;0.5370488,-0.5696963;0.5884417,-0.6083936;-0.14050731,-1.7457824;0.26713437,1.3822402;-0.45424253,0.40589067;-0.3714993,-1.1122121;1.0563594,-0.8554798;-0.19854414,-1.8953493;0.3142488,1.4276037;-1.3013933,0.42198095;0.24100153,1.3835602;0.40370739,-0.3232702;0.059531637,-0.38423002;-1.899334,-0.4523726;1.4798691,0.6681394;0.59700865,-1.3755692;0.5680821,1.6819477;0.478841,-1.1176113;-0.09620709,-1.7794706;-0.30402657,0.93916136;-1.2128096,-0.5120731;1.0296792,0.8593009;0.52755666,-1.7464783;1.1208645,0.58270514;-0.21724693,-1.356014;-0.40909824,-1.943087;0.09747501,-0.38833648;-0.54116946,-0.056176227;1.1174268,-0.70758265;0.6874462,0.9785217;-1.4902971,0.2908815;0.878122,1.3241241;1.4357044,0.92951137;-0.2445826,-1.4726527;-1.9091986,-0.58504105;0.1787373,1.5243006;0.4661736,1.1645039;-1.4586552,0.1452535;0.16082394,-0.25688744;-1.5655745,-0.5577159;1.0743586,0.8279237;-0.38226807,-0.6773105;1.1154885,-0.7466798;1.5329221,0.86650246;1.0723493,-0.22557662;1.0031594,1.890276;1.0291322,-0.6304854;0.945529,0.52579874;-1.0003264,0.8176127;0.06576873,-0.43369788;1.286087,1.9108105;0.43267035,-0.2783657;-0.32929328,-1.3780367;0.53773993,-1.4858131;1.4728616,0.47614166;1.4207003,0.7786203;-2.197692,-0.6095342;0.28401616,0.23131388;1.0096327,-0.7026067;1.3430618,0.80336636;-1.7167791,-0.44868833;-1.6461108,-0.6303764;0.21486929,-0.8980444;1.4319706,0.051276125;0.90184814,-0.16180795;-0.5892976,0.69403195;0.4072324,1.5142232;-2.1567914,-0.5199975;-2.2486846,-0.7659768;0.7690332,-0.53183645;0.43983486,-1.6773856;1.3282394,1.1806321;-0.28983143,-1.9513762;-0.38040066,-0.9136265;1.4897449,0.62929714;0.6591076,0.9738315;-0.40525034,-0.14526884;0.2516251,-1.0362961;-0.446702,-1.9184995;-0.23680794,1.0525719;-0.42759708,0.80019635;1.046302,-0.38570663;0.31246078,0.2489309;0.79938453,-0.13551587;-1.5538287,-0.5925257;-1.5681901,-0.24009837;1.4688596,0.8132235;0.29252154,0.14347267;0.030301763,0.45839366;1.1938186,-0.89256793;-0.3197888,-0.6016469;0.4834168,1.5862689;-0.36351898,-0.45503727;-2.1318636,-0.75080806;0.6489288,-1.364676;0.17986278,-0.45683914;0.521397,-0.6748765;1.3867013,0.0062629576;0.9292873,-0.25069293;-0.4146494,0.05995233;-1.5299715,-0.010807818;0.7571971,-0.16954936;-1.8913207,-0.14161235;1.1620483,-0.34176967;0.49294955,-1.3317132;0.41326302,-1.6346414;0.93825877,1.9388672;0.24514186,-1.051887;-0.01686582,-0.4910631;0.5675977,-1.3942326;-0.67487043,0.0037836505;0.5369187,-1.5504261;-1.4745147,0.058436092;0.55544966,-1.1109636;0.94172275,1.1004673;1.3949398,-0.7573669;-0.39485183,0.3888315;-1.5775071,0.01543452;0.20802541,0.97317475;0.56613654,1.031917;0.7760094,1.9284765;-0.08953447,1.0624757;-0.34224933,-1.9823856;-0.84565175,-0.3651473;1.3915832,0.50302637;0.43087736,-1.1368241;0.59234333,-1.2925411;1.2909904,-0.9548891;1.3690455,-0.3015961;1.1403135,2.082302;0.32202116,0.6971345;-0.38084733,-0.1564597;0.54995006,-0.826844;1.0869482,0.007308536;-1.4733725,-0.5113017;1.037064,1.5690578;1.1660714,-0.028440136;0.30212337,-1.1308411;0.8942146,2.0664408;-1.4736875,-0.5042109;1.2416698,1.2772;0.59739935,1.3576158;0.057791732,-0.29708406;0.5124447,-0.90826714;0.52886546,-0.7022598;0.9926121,-0.18734792;1.3983514,0.963087;-1.865365,-0.13408768;-2.0128543,-0.6149469;-1.4989438,-0.40134487;1.2043468,-0.800808;-0.19313556,-1.4602679;1.334846,-0.9293148;0.54626244,-1.6119285;0.6786612,1.4276612;-0.101106614,1.0355692;-0.5679722,-0.19612797;-0.39699775,-1.8848275;0.7660126,1.467224;1.5595924,0.85729516;-1.2449118,-0.56282496;0.85449255,0.6666248;-2.0123134,-0.74649215;1.4202223,0.61108947;-0.506478,0.57287586;0.51387554,0.55544764;1.0108428,-0.8052;-0.33178872,-1.9635946;0.7545017,1.6721791;-1.0031769,0.4325417;0.026083099,-0.37359115;-1.5317432,-0.55446565;-0.15575264,-1.7521507;-0.017938921,0.43153757;0.3213149,-0.06694477;0.9523735,0.22955194;-0.32155034,0.7722196;-0.029615624,-1.6375254;-1.1327882,0.48466548;-0.3227169,-1.2931758;-0.36815125,-0.09534892;-0.43525964,0.3158334;-1.5122206,0.065378286;1.3556124,1.4078617;-1.0276822,0.5401944;-0.28593,-0.30197915;1.3815184,0.4382502;0.23138255,-1.0136347;0.1479691,0.7983932;1.0699128,-0.9434052;-0.41790837,0.44689828;0.8321013,1.3913027;-0.38329434,-0.47766528;1.0312667,-0.19116051;0.20543328,1.5520872;1.1865628,1.338384;-0.72595674,-0.045413505;0.29917842,0.2817218;0.49908757,-1.0150719;0.9192381,1.6793762;0.9730093,0.44410568;1.2231456,1.5065045;1.1244528,-0.808492;1.3452606,-0.06945538;0.934853,1.6152261;-0.27644303,-1.530137;0.39139843,1.0068718;-0.16398616,-1.8049804;1.3297197,1.084204;1.2307514,0.7095648;-1.2557374,0.20398587;1.2229755,1.8099726;-1.552276,0.025803464;-1.0360993,0.5705307;-0.40930608,-0.7388564;1.0645173,-0.7960701;0.36663553,-0.24503352;-1.1064016,0.6430051;0.8880717,1.280306;0.31114945,-1.0445335;0.75975335,1.576472;0.032817654,0.4376865;-1.6654395,0.18454154;-1.5417747,0.12788087;-0.91999704,0.45673034;-0.63630986,0.71420246;-1.6033192,-0.5481353;0.53219855,-1.7281818;1.1329668,0.34637296;-0.54121405,-0.5451159;-1.2010732,-0.47597736;-1.3094277,0.32418716;-0.30020055,-1.9104304;0.028183108,1.147759;-0.19072004,1.1013477;0.8844704,0.50339514;-0.6690845,-0.18747647;1.3930986,-0.033680007;-0.20899105,-1.1703755;-0.34009334,0.45382366;0.61456406,1.1735041;-0.3402598,-1.3268039;0.24856935,0.23010382;0.93519086,0.73459095;0.9783288,1.1522342;0.23118293,0.3367146;-0.48282576,0.24019943;-0.8805859,0.7569808;-1.6669253,-0.32118678;0.7181804,-0.55722684;0.87629104,1.1673733;0.007486663,-0.519584;0.14067109,0.9923499;-1.710411,0.0029620223;-1.8334856,-0.31160048;0.99893355,1.824457;0.99992824,1.8638828;-0.39822862,-0.45438543;-0.46916837,-0.60023654;0.23793434,0.34396446;1.0738163,-0.5548451;-1.3364646,-0.57413214;-1.8934121,-0.860078;-0.13064729,-1.6551178;-0.34268248,-1.0505841;-0.34860733,-0.34636304;1.03041,1.7488208;1.3344791,-0.8859683;1.508971,0.5892056;-0.186473,-0.94131184;-0.3072072,-1.2583414;0.49476975,-1.2448453;0.27575982,-1.0853901;0.5158553,-0.5389866;-0.13966225,-1.5357138;0.9798554,-0.8918495;1.3192377,1.1002965;-1.872636,-0.112881936;-1.5588596,0.051549487;1.0720426,-0.15886693;0.34207413,-1.2894645;-0.16688016,-1.1853628;0.03137913,-0.2502051;-0.3550318,0.41332397;-0.03292769,0.91123456;1.2239348,1.9702731;-0.609923,0.5244423;0.98448634,0.7409124;-0.26162255,-1.7061647;-1.7143706,-0.6196008;-0.5465513,0.21194153;-1.3322392,0.25649804;0.21324815,-0.9490244;1.3211205,0.8238013;1.18604,1.2616477;1.2023891,0.7073138;1.3165525,0.025985392;1.3053589,-0.872272;0.59955555,1.4559602;-0.048781723,-0.8401243;0.17836411,1.471861;-0.565415,0.2088677;1.0229437,-0.2642029;0.59977067,0.9252304;0.7263233,1.4400061;-1.6211046,0.32791403;1.3151419,0.066096544;-0.92621166,0.72893816;-1.4131114,-0.52385354;1.3602067,1.3270508;-0.21277875,-0.28231665;1.0109361,-0.8421265;-1.9371281,-0.8583006;0.8556741,1.434724;1.1544688,1.3150955;0.3584652,-0.257083;-0.82744116,0.78915286;-2.199468,-0.5528738;-1.1966321,-0.5740299;0.09833924,-0.43514;-1.6005509,-0.61985135;-0.22608565,-0.2885648;1.3619846,-0.8522419;0.54611653,-1.6073062;0.9869288,1.9687978;0.18375197,-0.2312101;-0.066894636,0.43927118;1.0183959,-0.2340876;1.3540071,-0.2594924;-0.7742695,-0.12911971;-0.56277907,0.8024523;-0.39178532,0.22976573;-0.3486145,-0.45922613;1.3494614,-0.009495393;1.2116002,1.8549112;0.9892479,-0.39335564;-0.748135,-0.19146325;0.5237622,-1.7701281;0.45286542,-0.6196169;0.5076806,-0.91778016;0.9380638,1.2467986;0.22191364,0.051695;1.3844906,-0.079166494;0.57203364,1.4546235;0.79630095,1.8959154;1.1409613,1.8835917;1.0801967,-0.61494094;-0.9043909,0.7539939;0.74202263,-1.1917931;0.2685938,0.70738184;-0.2478203,-1.0554184;-0.0019983402,-0.23172347;0.07296795,-0.34504363;0.89660925,1.8484752;1.2997721,0.2079404;0.5456891,-1.6671559;0.5825571,-1.7201223;-0.3041923,-1.9746294;0.049091537,-0.5948179;-0.04818171,-0.8799863;0.50067896,-1.3605345;-0.2962844,-0.40859264;-1.2656851,-0.8180316;-1.4701618,-0.34960413;-1.5995177,-0.016506119;1.4350522,0.14267677;-0.15631258,-1.4812758
p3d-kl
0.60467129945755
p3d-iter
599
p3d
1.0697637,-1.0772214,-0.73098886;1.3134798,-0.10452197,1.2774506;-0.09547527,0.07481574,0.8191482;-0.2921232,-0.7047215,-2.0338745;0.4478706,1.1035758,0.5958783;-0.8175296,1.2865726,0.0495819;0.06172388,-0.34505343,-1.4748834;-1.8717623,-1.4342518,-0.8518438;-2.1134639,-0.45329106,-1.1529891;1.0773102,1.2262118,0.32408348;-1.52769,1.1116985,-1.0225998;-0.6018503,-0.28756368,-0.49577975;-0.27052277,0.7772953,0.49263597;0.07609587,-1.3864225,1.0004672;0.33018914,-1.8557235,1.1840743;-0.7593225,0.8476055,-0.29982907;-0.1998311,0.14025593,-1.7619693;-0.32371813,0.7209947,-0.1675635;-0.89628893,1.4155309,0.009430154;-0.29814315,-0.27590704,-0.73918533;-0.6724967,1.296755,0.21720654;-2.0627139,0.0016929787,-1.2980261;1.04355,-0.24787226,0.026120149;0.95789796,0.5198894,1.8560342;0.3168059,0.5809412,1.1553519;-0.8631882,-0.7227065,0.7094351;-1.4045436,-0.47143635,0.50386;1.3330386,1.6710134,1.6423434;-0.37227178,-0.2448922,-0.67893434;0.28698856,0.7947748,0.10020773;-2.1353116,-0.24298798,-1.2692053;-2.0414867,0.1506854,-1.3191433;0.45328638,1.3284491,0.3013489;-0.39270398,1.4863617,-0.47684497;0.54228306,0.5527354,-0.106568694;-1.7395347,0.5171102,-0.026253559;1.1370457,-0.82353175,0.05935203;0.012120045,0.42146417,0.28150067;0.7996544,-1.1026921,0.9896386;-0.59033966,-0.65069085,-0.9164186;1.410471,-1.3088802,-0.83757645;0.2854477,-1.9532595,0.4441093;0.83591336,-0.8067554,0.9068603;-0.19844702,-0.4919178,1.0406662;0.031680956,-1.52694,0.9144606;-0.660951,1.2718201,0.24850318;-1.7760203,0.089101,0.34746173;1.5974079,-0.26356998,0.21669844;1.0157129,2.128055,2.1233456;-1.7282472,0.115495026,0.22189982;-1.9280818,-0.5231887,-0.13371713;-1.6912252,0.49462733,0.15113352;0.17368436,-1.8837734,0.5408167;-0.4087534,1.1860642,0.5508987;-1.0979022,1.0081561,-0.5092603;1.7501651,0.12107981,-0.024054471;0.2081364,-0.6282043,0.023280557;0.7437212,-0.6238413,1.2913792;-1.1717236,0.8720275,-0.52008826;-1.8619287,-0.13719514,-1.0972234;-2.153733,-0.886787,-0.9616452;1.1252062,1.861289,0.7741941;1.5331154,-1.2977616,-0.6412095;0.19847238,-1.6260614,0.17852099;0.9059455,-0.6099974,-0.21228212;-1.021033,1.6534581,-0.8496108;0.84164405,-0.21122074,-0.18667169;1.1370071,0.519029,1.5756319;1.1117218,2.046995,1.415401;1.1346684,-1.352888,-0.5410188;0.11488404,-2.1226757,0.30279312;-0.7665384,-1.0991309,-0.3273388;-0.30558863,-0.17680776,-0.7647874;0.5536426,-0.7009073,1.2219951;1.396465,0.37092385,-0.23951976;-1.0284009,1.688506,-0.8734895;-0.26664913,-0.5817429,-0.10273508;-1.512825,1.0487677,-0.9894418;-0.7859659,0.6265353,0.93664867;0.655103,1.4797869,1.8791833;-0.26422283,0.16212527,-1.7151109;0.085349016,0.04455825,-1.4555544;0.14565066,-0.8928201,1.3152587;-1.5893657,0.4761051,-0.7996163;-1.3215992,0.94343626,-0.4618823;-0.2618945,0.0209125,-1.9259894;-0.43174148,-0.75532347,-2.1907215;0.6993073,-0.7733951,1.2045455;-1.1339167,1.004375,-0.38485935;-0.5241528,0.47793245,-0.016360555;0.6223581,0.13364446,-1.217564;1.4970145,0.1977141,-0.23928122;1.2682213,-1.2827492,0.6526178;1.5882761,-0.25851375,0.19381443;0.6248829,2.0113964,0.50888586;-1.0386101,1.7064868,-0.8904195;-0.64397264,0.9471234,0.1879202;-1.0450634,-0.38269785,0.4842214;-0.09858075,-0.05175737,1.3303422;-1.1962223,1.0237032,-0.4197949;0.29265904,-2.1792645,1.0847322;0.94337004,0.38291398,-1.0752965;1.2369976,-1.5954471,-0.5106477;-0.13203898,0.08976636,-1.4649149;0.7579805,-0.2969206,1.6537888;-2.1454697,-0.5078201,-1.1475806;-1.9221405,-0.5308592,-0.39442694;1.2539932,1.8399951,1.801168;-0.28902423,-0.16410702,-0.763077;-0.24361293,-0.4647805,1.0741307;1.3894094,-1.2927628,-0.8544448;0.14556232,-0.048090745,1.528446;-1.0165578,0.9073344,-0.2854706;-0.84627247,1.2225819,0.03866624;0.95791996,1.984456,1.2211819;-0.46856073,-0.8250546,-0.2572257;0.3864335,1.0528358,0.2027367;0.7178236,0.04350232,-1.7057632;-0.12681985,0.9381889,0.73915684;-0.82946557,-0.56318295,-0.51017743;-1.6712297,0.29855925,0.05207015;0.9094488,0.26553965,-1.076279;0.49815974,1.4886197,0.27198538;0.6931769,-0.55316156,-1.2585406;0.90951836,2.0305607,1.98746;-1.7496177,0.70851195,-1.174009;-0.16701895,0.17647637,-1.5716256;-0.65466356,-0.0006061243,-0.38365933;0.13539855,-1.2746788,1.1080724;0.23705819,-1.1315011,0.0321879;-0.2180913,-0.6078892,-2.0661988;0.044911217,0.637275,1.2491469;1.2634497,1.7423023,1.1673511;0.8952822,0.086603224,1.8759596;0.2660245,-1.7995977,1.1793433;0.5920609,0.8193168,-0.6630554;1.0369209,1.1489168,0.20115249;-0.9294492,0.010621177,0.505142;0.84956115,0.33642936,-1.0090164;0.5539311,0.05958702,-1.7096707;-0.38786012,-0.8192939,-0.18416183;-2.0393386,-0.9375389,-0.87110066;1.2324637,1.5124873,0.5866457;0.7177246,0.818148,-0.6836413;0.9094176,0.47241986,1.3059057;-1.0208942,-0.6348371,0.56232667;-0.8421713,-0.67934114,0.7761828;-0.7911577,-0.6882337,0.74784356;1.3127095,1.8761467,1.5876603;0.57925344,2.0383866,0.50770396;0.09535485,-2.166509,0.15646556;0.44574165,0.08475009,-1.7002956;1.0396019,0.8384106,0.12965389;1.2724397,2.0111794,0.65220976;-1.8743134,-0.26246205,-0.55840266;1.2775365,-0.06395716,1.2983925;0.35636526,-1.9710869,1.279593;1.3093562,-0.15190141,-0.25704348;0.8189964,1.8809597,1.9365684;-2.1698725,-0.46452984,-1.1586796;-2.0160806,-0.6979566,-0.41742393;0.69371545,0.6983543,-0.37327346;1.2532856,-1.2862556,0.6892587;0.3599165,0.49811026,1.2026255;0.88067144,0.17240809,-1.1035804;-0.27957317,-0.7046648,-1.7053778;-0.44333276,-0.77778125,-2.2098312;-0.11447358,-0.7116202,1.0516868;-0.025789278,0.64736503,0.91033113;0.037315726,0.020757196,1.3329678;-1.6865441,0.78129077,-1.1325232;-0.27337652,-0.77702934,-1.8047806;-0.38478968,-0.80134606,-2.0971384;0.8608771,-1.2397913,-0.68758833;1.4412961,-1.1355513,0.09775833;-1.7235618,0.7379972,-1.157374;-1.1967812,0.73425084,-0.6593964;-1.6659142,0.20060045,0.3728662;0.37253216,0.5417007,1.199837;-1.185626,0.8208044,-0.5334465;-2.0126946,-0.51657385,-1.0366538;-1.5382475,-0.5352582,-0.88991934;-2.2068229,-0.33357823,-1.3066837;-1.4910449,-0.62215596,-0.6495079;-0.8703303,0.26270092,0.67754924;0.56911415,0.8650679,-0.43639943;0.80365425,-0.074131094,-1.6628071;1.1533453,0.7035554,1.9221032;1.309715,1.8068298,1.7647924;-1.3074502,-0.22631268,-0.5096464;-2.0215113,-0.91193444,-0.84036154;-1.6098886,1.0100974,-1.0555131;0.3132256,-0.46037853,-1.217635;1.1069928,-1.366127,0.73179954;-0.9077673,-0.6113983,-0.51094645;-0.28707385,-0.76912373,-1.8467052;0.08550568,-0.76159513,1.2662174;1.3784631,0.22926486,0.1108904;1.2782199,1.9708786,1.2823873;1.0616177,0.7710605,1.7788888;-2.1286097,-0.20303728,-1.2827028;-2.220287,-0.23403439,-1.3914508;-0.98796016,0.12356585,0.5516083;-1.0258886,-0.27411044,0.54372495;-1.8033894,-0.55341023,0.18437608;1.0634887,-1.05884,-0.7547474;0.070438325,0.17498417,-1.2620538;1.0208777,-1.8385735,0.038877487;1.0029144,0.6349316,1.6784825;0.7468675,-0.29972088,1.8310561;0.28064048,-0.67286116,-0.8812915;-0.64081043,0.3059746,0.96409;1.0850422,-0.58514124,-0.21546823;1.4399881,0.14224383,-0.28148794;1.2058666,1.4123257,2.0174484;-1.9514506,-0.62218255,-0.2675646;0.2699508,-0.96576554,-0.45941126;-0.41822875,1.4693209,0.35329795;0.7649795,-0.9320245,-0.9390011;-0.15076211,-0.78178906,-0.78674275;1.1378331,-1.4026943,-0.38504982;-1.8197324,-0.6576534,-0.791687;1.2157066,1.9562213,1.2740973;-0.6833891,-0.7222165,0.8130218;-0.18314055,-0.3616921,1.210547;-2.167678,-0.22281514,-1.3190827;1.1562108,1.8643827,0.68497545;0.37308496,-0.76016456,-1.1819533;0.54530513,0.18926226,-1.2077767;1.0882931,1.3359243,0.36761457;1.0937041,1.7767177,0.69012845;0.14038518,0.67728794,0.095328875;-0.3639445,-0.6621865,-2.0056827;-0.7425093,-0.9894273,-0.3831889;1.0395097,-0.4792965,0.10845221;0.3020294,-2.0881662,1.1359178;0.9522608,0.38121545,-1.0448318;1.2091786,1.6351668,1.1548678;-1.5473226,0.35461938,0.15601547;-0.7815773,0.65352166,-0.060801953;-2.114908,-0.9195925,-0.90844715;0.5757457,1.3190147,0.6672788;-0.023283904,0.43813685,-1.1204212;0.7171311,-0.31637925,1.2383522;-1.2361522,0.7009218,-0.5804058;-1.0490124,1.7121656,-0.9006948;-0.044536904,0.5005275,-1.057394;0.7122625,-0.3700841,-1.0619416;0.12681134,0.72129303,0.15470272;0.35048538,0.52256733,0.44528037;-1.6830542,0.28117332,0.039242104;-0.88447773,-0.5825135,0.7039185;0.5683997,0.3809454,-0.060450837;0.91963035,-0.22693013,1.6843798;-1.8856205,-0.28371543,-0.119033806;0.3028556,-2.1104667,1.1204164;-1.7695802,0.267276,0.023737876;0.57864654,-1.7171813,0.5462988;-0.10549628,0.51765823,-1.504805;-0.3677915,-0.30405405,-1.5084023;0.104626566,-2.152645,0.2255671;1.0085331,2.1763875,1.7681495;1.1960012,-1.9398102,-0.62355864;-0.821385,-0.61521035,-0.86002016;0.41934183,-0.6855379,-0.23721704;0.28361008,-0.6117222,-0.9703379;0.041246165,0.8453951,-0.26933223;0.72550476,-2.310282,0.775832;1.0992438,0.9675955,1.8542836;0.99221116,0.65616405,1.9444875;0.4078219,1.0582956,0.52570474;-1.3730547,-0.11054097,-0.83106893;-0.80895907,-0.5010583,-0.80394685;-0.23878048,-0.74156415,0.9858797;0.37814513,0.08403494,-1.6867489;-1.6130837,1.0826925,-1.1062723;-0.17135057,1.2121054,-0.50327456;0.36004093,-1.1606759,1.2217877;-1.9930505,-0.62335503,-0.63240415;0.8884829,-0.6685935,-0.5531052;1.3705643,-1.2792286,-0.87795293;0.5361048,-2.0284731,0.76266086;0.5159132,1.1291156,1.6662815;0.46290502,1.4094257,0.38032728;0.10600665,-0.5695259,0.024366587;-1.718395,0.58845055,0.014630085;0.26375198,-0.87443984,-0.58147264;0.9224898,-1.026691,0.9533049;-0.18763801,0.51458937,-1.527935;0.65323716,-0.030847024,-2.0067885;-1.0355276,1.7060786,-0.8883016;0.95858794,0.8997571,0.91861;0.37848595,-1.6595434,1.2104831;-0.4258324,0.48125884,0.3021492;-1.0599318,1.3592857,-0.67569375;-0.2494126,0.1355204,-1.8046445;-0.44087797,1.4867442,0.032894153;0.12641108,-0.69272625,-0.7103587;1.0435662,-1.5503584,0.112956345;1.2421031,-1.3040397,0.65619135;0.7234242,-0.016138557,-1.761871;0.9331413,-0.47527954,0.45629212;-0.355507,-0.74577487,-0.13339983;-1.4513261,-0.68627053,-0.89885116;-1.5921447,0.71331394,-0.9560505;0.27909794,-0.5940484,-0.9929433;1.3588384,0.32278177,-0.3256168;0.79058784,-0.13970093,-1.6514463;0.61031824,0.032084856,-1.7547063;0.46568933,1.3865457,0.26044694;-0.26928797,0.0032011431,-1.953787;0.38559997,0.285879,1.2953583;-0.40711647,1.5678552,0.48680618;0.6881106,-0.5524692,1.3589716;-0.43363136,0.7414989,0.5914876;-0.4603387,-0.77527964,-0.22952133;-1.9538064,-0.5365368,-0.41230237;-1.4110005,0.7367882,-0.6596717;-1.0729562,-0.11314474,0.26441357;0.076189406,-0.4904905,0.9643981;-0.25026387,0.15613985,-1.8176537;0.3166919,0.95244205,-0.39268863;-0.41241148,1.5295584,-0.72239584;-0.33495995,0.08266333,-0.68843466;-0.6096748,0.83608955,0.8809907;1.645736,0.04748963,-0.09459453;-0.36667895,-0.733618,1.0023441;-0.37687457,-0.30526844,-0.76526296;0.5638117,0.84597164,-0.6620371;0.97852474,2.1164887,2.079981;-0.711154,0.8497652,-0.2209188;-1.6666602,0.69075835,-1.1155758;1.060093,1.6444794,0.4771651;-1.0740803,0.80990916,0.7103216;-0.2576308,0.4230253,0.043828506;-0.34570077,-0.8160287,-1.9778526;-2.060911,-0.5804184,-1.0567364;0.32456338,-0.78657377,-1.1776549;-0.2963686,1.2614285,0.59928733;-1.1648856,0.7630639,0.6606523;1.073588,-0.9466162,0.043355655;0.19562738,-1.9246427,0.3573281;-1.8604293,-0.1989676,-1.0799202;-0.5137399,0.07837524,0.8625097;0.12427786,-1.140743,1.1507957;-1.6104188,-0.4813469,-0.9636073;-0.26547492,1.0170605,-0.48703367;-0.58232546,1.044891,0.6435843;-0.06223747,-0.26036173,0.83770746;0.42622843,1.0667341,0.63075536;0.10316701,-2.1486797,0.2028367;0.73314905,-1.2229927,1.0949683;-0.091476895,0.08870882,-0.705281;-1.4677137,0.11229229,0.31111673;0.5603433,0.71456015,-0.20275712;1.0955509,1.7230058,0.63807386;-1.7009157,0.49499398,-1.1569942;-1.8755124,-0.66354656,-0.81571895;0.5498606,-0.98842025,1.387829;0.9601724,-0.6363888,0.76765966;-0.1545183,0.52550256,-1.5069329;0.6615098,-0.018019509,-1.9574219;0.06834495,0.11520399,-1.3977382;-0.2029424,-0.46979797,-1.6681869;1.1444404,0.017379373,1.5449934;-0.2377419,-0.6027234,-2.0867405;-0.24075367,-1.011333,0.85499054;-0.52332807,1.5578103,0.39344636;-2.2614207,-0.25707388,-1.4448543;-0.22419994,0.4015819,-0.039427817;-2.1202574,-0.51017356,-1.1212115;1.1711658,-1.4751475,-0.36266464;0.7348175,-0.7088042,1.4301263;-0.22129746,0.41830912,0.4186361;-0.49879864,-0.54252297,-0.2536675;-1.630122,0.3641569,0.1338713;-0.031077283,0.31955084,0.345607;0.99986583,2.3038085,1.1750314;-0.59908736,-0.40444756,-0.6029463;0.109527566,-2.0422797,0.062989466;1.7105783,0.07935453,-0.045058098;1.2658489,-1.2876097,0.6541655;-1.5615453,-0.47325066,-0.6724892;-1.0029999,-0.46604446,-0.8286046;-1.1960267,1.1537316,-0.7472353;0.59720206,0.78516924,-0.7016084;0.84967315,2.0820973,0.93477005;-0.59136915,1.0060112,0.9864598;-1.2466407,1.0213797,-0.39791828;-1.8593357,-0.35866624,-0.47685078;0.0055259257,0.6312438,-0.1125088;0.7702435,-1.2896506,1.0095145;0.51529026,-1.8582911,0.79400945;0.7643971,-0.42123717,1.3323586;1.0806531,-0.33328247,-0.06432634;-1.6809458,0.7623533,-1.1266621;0.081737794,-2.0346453,0.41195542;-0.2525829,-0.40305611,-1.7317381;1.0611634,0.75372595,1.8262302;0.91975236,-0.7792394,0.7398086;0.29798672,-2.1175034,1.1135112;0.2282081,-1.1967051,0.064789355;0.71624833,1.405776,1.8910078;1.2847282,1.9863794,1.3373568;0.76624596,1.2285721,1.36089;-0.97414345,-0.6288127,0.7225637;-0.7635869,-0.93889755,-0.39713123;-0.66427773,-0.75341547,-0.41027862;0.9788983,1.4857502,1.891641;-0.3427338,-0.267756,1.1096582;1.2260494,0.031186322,1.3336065;0.34857312,-2.1694472,0.9734803;0.94580704,0.37081736,-1.0592892;1.1627712,-1.4732453,-0.58161414;-1.8819664,-0.24368332,-0.60693294;-1.932704,-0.54458666,-0.1475926;1.2978789,0.5146757,-0.27891907;-0.0023362208,0.15515842,-0.602471;-0.3414117,-0.66904855,-0.9881618;0.838257,1.9030725,0.71632874;-0.6581613,0.83997035,-0.23544751;1.1067476,-1.3424294,-0.40091828;1.303935,-1.2476957,-0.9067807;1.3632704,-1.2057819,0.035850216;1.0067549,1.4217821,1.8897159;0.59911644,0.7827478,-0.7092726;-0.42514053,1.5490023,-0.732154;-1.1750834,-0.070064984,-0.7674781;0.55710346,-0.6859285,1.252336;1.1091455,0.29943845,1.6127752;-1.5683436,1.0754035,-1.0556283;-0.072158515,0.39109692,-1.1134603;-0.2813901,-0.7878373,0.9745958;0.7716716,-0.5848127,1.0274361;-1.7454722,0.00847976,-0.3714047;-0.13472097,0.4824852,-1.4298263;0.83839107,-1.1781389,-0.7506435;0.8722849,-0.23539612,1.6502235;0.20012213,-1.828537,1.1705484;0.12792212,-1.9398803,-0.0015308429;0.09679219,-2.1764975,0.19046645;1.0109429,-2.0318096,0.003517655;0.24834473,-0.9088866,-1.2298769;0.47180858,0.071502805,-1.6920022;0.38456938,-1.9428678,1.1657543;0.3034829,-2.1965377,1.0810114;1.2234573,-0.22955364,-0.3917357;-0.19557016,1.0042139,0.7020338;-0.2819428,-0.54066396,-1.1382838;-0.19919693,-1.1432446,0.859793;0.4298901,1.1036875,0.5730068;-1.47931,0.2143675,0.14969452;-0.038361453,0.8023304,-0.25793737;0.15738761,0.6467857,-0.0046927817;0.6111591,0.49993035,-0.8406006;-1.5712186,1.0949174,-1.0630451;-0.8279435,-0.43102968,0.65212685;-1.2793173,-0.14297163,0.64234793;0.21469055,-1.4645809,0.61718595;0.9993891,-0.60002166,0.7587589;1.0881437,1.2224414,0.3321951;0.28275472,-1.4172709,1.2600701;-1.5974385,-0.13348657,-0.4877424;-0.62450063,1.0811301,0.99427456;-0.87393713,-0.49988806,-0.58051234;-0.17266013,0.4586623,-1.6093293;-0.23802651,-0.85191464,0.9931978;0.57163644,0.38415706,-0.071673915;0.86241657,1.0728676,1.6160288;-1.3405217,0.8009063,-0.53380084;-1.8376768,-0.070510216,0.29840198;0.89117223,1.7410715,1.2462394;-1.7881346,-0.5161894,-0.74762005;0.66905975,-1.4022378,0.5225572;1.3623784,2.0732195,1.2928524;-0.42086977,-0.8410059,-0.2091951;1.5692296,-0.0746743,-0.054899175;-0.36503914,0.67847604,0.39594084;-0.2963559,-0.7468016,-1.2874391;1.1133436,1.5116792,2.0399516;-0.9739329,-0.70460993,0.6123328;-1.8503207,0.31818962,-1.1952298;-2.0914516,-0.51502734,-1.0983354;1.1454637,-1.4354446,-0.3294525;-0.11756711,0.34278527,-0.059576098;0.257669,-2.275318,0.9767218;1.1383026,-0.50911117,-0.25464907;0.82536066,0.7053033,0.94062346;-0.9757599,-0.60881394,0.67974913;0.98040694,1.2643294,0.77933246;-1.037154,1.7145114,-0.8934328;-0.98272556,-0.60984015,0.5257745;-1.2701417,-0.29980692,0.64968723;0.7080556,-0.33237463,1.6295142;1.2307048,1.6107644,1.9490414;-0.8919071,-0.65634924,0.7661569;-1.3415884,1.1530397,-0.84304583;-1.3162524,-0.3222229,0.5903793;-1.7288811,0.26277646,-0.20520212;-0.508638,0.367553,0.25035673;-1.0366321,1.7035393,-0.8871364;-0.088270426,0.5090112,-1.5823512;1.0388712,0.23422945,1.7578615;-0.08227026,0.07020033,0.97159016;1.1875083,0.48874518,1.3737028;0.40882143,1.0916302,0.48609993;-1.4095736,-0.5338442,0.5550392;0.98453885,1.8633121,1.9012805;0.9222854,1.7480183,1.2386392;-0.41778225,-0.18550524,1.0521026;-1.807897,-0.6937723,0.11834383;-1.534988,0.32732567,0.2970637;0.18120374,-1.8716884,1.1183954;1.1407143,-0.7538478,-0.71612173;1.3999305,-1.0821748,0.059385955;0.6630837,-0.026752448,-1.9844329;1.0773696,0.28063372,1.8212391;0.6178504,0.69015396,-0.30822518;1.0529147,-1.3136754,0.24838468;-0.29333365,-0.41689226,-0.84749275;1.1073682,1.7615255,0.6821626;-0.12731445,-0.9466421,-1.442802;-1.1848836,-0.51053244,-0.39592502;1.0540696,0.15448149,1.4737583;-0.3592365,-0.55272114,-0.83517545;-0.660805,1.2879853,0.23678634;-1.9796625,0.015296681,-1.2462045;-0.12502357,0.016432695,-1.2697996;-0.80822057,-0.7097266,-0.48660862;-2.0371795,-0.7556015,-0.5019762;-0.3900744,-0.8141995,-2.0739088;-0.6374925,0.79025483,0.8281553;0.12444206,-1.8921077,0.6808318;0.71444213,-1.0132563,1.1369199;0.51097244,-1.7822453,0.5136007;-0.16648228,0.51813203,-1.5630404;1.0788572,0.09375839,1.6743339;-1.7492602,-0.61996216,-0.47455555;-0.48394862,-0.7687491,-1.2563415;0.826249,0.53819865,1.9237695;-0.26079875,-0.73861957,-1.7736869;-1.3268617,0.13724557,0.52678335;0.86744463,-0.7676631,0.8552871;0.88368815,-0.94494164,1.0513655;-0.104679726,0.0011172927,0.841936;-0.14353389,0.50634587,-1.4346104;-0.23345625,1.3135068,-0.5084411;-0.89741,1.2640113,-0.03442282;-1.8542796,0.12261511,0.2900965;-1.8627436,-0.10338884,0.2956671;-1.8124499,-0.6942496,0.11105035;1.3978205,-1.0571426,0.043552242;-1.2250705,0.8523081,-0.5799673;0.089407146,-1.4135016,1.017143;-0.27284867,-0.90640455,0.89912355;1.1244301,-1.2387804,-0.2016565;-1.3657808,0.22626196,-0.90780187;-1.4300684,-0.2820589,0.45779562;0.86631346,1.5447233,1.3973392;1.00738,1.7691159,0.6364943;-0.15420091,0.5101742,-1.5285044;1.1111253,1.0027595,1.9584991;0.9328592,0.23583892,1.9052626;1.3313655,1.6364194,1.7113975;0.92318827,0.09858329,1.9733963;0.55128276,-0.35431692,-0.9396226;0.083953135,0.8462265,-0.2516615;-0.07534302,0.629721,0.8712603;-1.7563573,0.5764724,-0.09651798;-1.482357,0.14881183,-0.5778949;0.09771437,-2.1680305,0.17957328;-0.32929268,1.3241327,0.56986755;-0.31778643,1.3416395,-0.5190456;-1.949519,0.13523428,-1.2018212;-0.71004933,-0.56985027,-0.8342238;1.0681515,-1.079672,-0.74659324;0.16918583,-0.07484602,1.539554;1.5838158,-0.1280465,0.055194024;1.6344945,0.062407613,-0.07141663;1.8495965,0.23906104,0.028208869;-0.7267835,0.8284864,-0.23686713;-0.9479698,-0.6799249,0.5515612;-0.03904733,-1.5376213,0.8891555;-0.0070770415,0.42464772,-1.0776788;1.1434317,1.6105832,2.0642684;-1.833561,-0.711818,0.06964194;0.7183427,-0.5975242,1.1763117;1.2059699,-1.1666408,-0.823396;0.88764596,0.40160578,1.293019;0.9680349,0.26067394,1.9398651;1.1038264,1.6930829,0.6090087;-1.4721361,-0.5112518,-0.7993174;-0.8018607,-0.61165243,-0.75501734;-0.22343835,-0.031800393,-1.0149167;0.3667382,0.22525702,-1.0036755;0.6832197,-0.018468548,-1.9204482;1.2681941,-1.6805212,-0.58858806;-0.45801318,-0.8194254,-1.1436791;1.019123,-1.2800839,-0.20805047;0.21082923,-1.6073831,0.36502442;1.241753,0.004344475,1.3279742;-1.6023095,-0.18151575,0.23272362;-0.10897335,-1.5129724,0.7293345;0.34192082,0.82173556,0.36072114;-1.5721905,0.38381878,-1.0368367;0.1133717,-2.124796,0.31373647;-0.6604136,0.08843278,-0.3779363;-0.40307435,-0.7868085,-1.1432401;-0.22203839,-0.5111742,1.1100341;1.1347296,1.3234617,2.0295763;-1.5996945,1.092014,-1.0950627;-1.6575279,0.84565806,-1.1279631;0.22289523,-0.6485942,-0.22411895;-0.13577925,-0.62637436,-1.5212332;0.65587026,0.0067385244,-1.8658481;1.3778282,-1.2852851,-0.86514425;-0.31113318,1.4464952,-0.6076241;0.94696635,-0.3623954,0.4361116;0.9282985,2.0789585,2.023684;-2.1846724,-0.57593864,-1.1456822;0.23320691,-0.59255457,-1.0642203;0.8077679,0.96186286,1.6015626;1.2565148,0.035579085,-0.44771895;1.0646713,2.022491,1.229941;1.2067922,0.5333681,1.2848774;-1.719962,-0.6344317,0.24236959;1.2725555,-1.2748413,0.6261847;0.30564147,-0.9183089,-0.34945902;0.7998953,-0.6836146,1.2476288;0.18071184,-1.8796909,1.1474918;0.5512827,-0.35431695,-0.9396226;0.1434708,-0.851983,1.3531234;-0.10942614,0.111856475,0.972377;0.5200266,0.8831537,-0.34994358;0.611752,0.76256424,-0.42357782;-0.25215825,0.15223385,-1.751103;0.3618919,0.36381453,1.249018;-0.46903488,1.01308,0.5838246;-0.53701746,-0.71887094,-1.012748;0.9483302,-1.2313409,-0.7696605;-0.27752674,-0.03285473,-1.9808896;0.41039255,0.2578189,1.3434887;-1.4804419,-0.31687346,0.42173558;0.34955958,0.3620969,1.2282865;0.266108,-0.9248447,-0.34718284;-0.06865204,0.8892233,-0.30343914;-1.7667977,-0.63787866,-0.7695473;1.0919262,1.3161052,0.3606261;0.76753134,-0.3808916,-1.2655303;0.7511808,-0.24801965,1.6681552;0.545393,-0.33422568,-0.94826484;-0.18622476,0.14295703,-1.7752689;-0.3089586,-0.79902434,0.9650346;-1.1309615,1.1038057,-0.5134129;0.53231555,1.2695786,0.716936;0.7193316,-0.014780595,-1.7696329;0.5353475,1.4292909,0.28171268;-0.18533953,-0.71979165,-1.2803513;-0.39834583,-0.72921884,-2.0824742;-0.021527478,0.85896957,-0.33000362;-0.72442687,1.3091769,0.14640337;1.0621567,-1.2154208,-0.5398252;0.9359131,-0.3882238,0.8050909;-1.780008,0.33898067,0.33410597;1.1896615,0.50920475,1.1274121;1.1120915,1.833015,0.73466647;-0.1019157,-0.89449763,-1.4597877;-1.6997813,-0.55058527,-0.97799563;0.060898364,0.07375129,1.3757404;0.65535516,-0.62150395,1.1740682;-1.6512872,0.3715215,0.1162344;-0.015671244,0.32170975,-0.40157166;-1.2565525,-0.0085274065,-0.7948086;0.57151943,1.3111548,0.6625696;-0.47392806,-0.51398295,-0.49942476;1.0794168,-1.0661939,-0.5924268;1.2529371,1.5755355,0.6515162;1.0382999,-0.63390297,0.11728798;1.0015031,1.3899715,1.8948189;1.0694517,-0.5791818,-0.45330825;0.34645563,0.89762485,0.17810938;-0.76951945,-0.90820366,0.6446147;-0.08584745,0.9868666,-0.37156644;1.0582223,2.2531362,1.6384737;0.28602877,-0.7112473,-0.25011057;-0.38580707,-0.7142119,-1.3900986;0.70964193,-0.4169037,-1.4455814;0.9604007,1.078555,0.07980547;1.036535,1.6736037,0.5148457;-2.153533,-0.62401915,-1.0989966;0.11233655,-2.1104403,0.25833008;0.95120186,-0.7132709,-0.5618154;0.8957019,1.8550799,0.5736222;-1.4717824,-0.60369545,-0.6923927;-1.1079643,-0.5351001,-0.8926998;0.26131064,-0.8924111,-0.5231192;1.8203189,0.18459912,0.0020057121;1.0654725,-1.4982923,0.11231787;-0.62349486,0.2731682,0.9299609;0.52811724,-0.63000625,1.5255575;-2.1418536,-0.8826132,-0.95248944;-2.178366,-0.2504348,-1.3189749;0.894796,0.78766745,-0.0736352;0.52751964,0.08224998,-1.6786693;0.9805324,2.1746864,1.0859332;-0.24042605,-0.5701667,-2.0787947;-0.56088567,-0.53771806,-0.8017193;1.0832024,1.1976132,0.324575;0.9123076,-0.47455266,0.80579185;-0.49099374,1.3843659,0.009192682;0.27171952,-0.7351683,-0.80709845;-0.44760686,-0.6995148,-2.0599728;-0.075671576,-0.66430426,1.100909;-0.23134814,0.086616606,0.8590227;1.0335255,-0.57393587,-0.19197516;0.119931504,-2.099294,0.28201884;1.0225109,-1.9042011,0.06509536;-1.1697356,-0.13132027,-0.7859618;-1.613774,0.47851658,-0.4719488;1.1239339,1.6021475,0.57256037;0.07477653,-2.2505019,0.123007864;0.32174847,-0.9463525,0.5125329;1.1672238,-1.1729484,-0.8411102;-0.4246964,-1.4357569,-0.44354194;0.655228,-0.37881777,1.53464;-0.43143502,-0.83363146,-0.21870676;-2.0158534,-0.0939054,-1.2374438;0.86568713,-0.4706592,-1.223326;0.1907436,0.99691576,-0.38947746;0.51652575,0.9073659,-0.5291922;1.7206753,0.079383776,-0.032443766;1.1436557,-1.3878139,-0.082743;-0.5653213,1.5232412,0.342754;-1.7516967,0.46691826,-0.13936417;1.0111195,-2.0030022,0.0007673921;-1.9996111,-0.6745744,-0.3864442;1.0866216,-0.27569273,-0.067780256;0.595003,-0.4166164,-1.2163107;0.48636344,0.035601906,-1.5990052;1.198365,1.2565457,1.9286971;0.2699913,-0.71997005,-0.8226845;-0.2601474,0.81643814,-0.4762464;0.7278333,-0.46486303,-1.2808703;-0.6400886,0.5615882,0.08705037;0.6836689,0.022511983,-1.448056;-1.7252498,0.5584954,-0.00838812;0.68207973,-0.53299624,-0.9362767;0.7790205,0.7368467,0.9325883;1.5260003,-1.2910099,-0.61939067;-0.28099763,0.868264,0.5588507;-1.7737226,0.34423295,-0.1291866;0.39739594,-1.8494152,1.1479791;0.8107597,-0.72380835,0.9539511;0.874134,0.58634496,1.975134;0.077859715,-1.1067904,1.0349529;-0.26782838,-0.5842035,-2.1143842;-0.8309072,0.9324513,-0.4487498;0.9221169,0.9024431,0.063155636;0.5048235,-0.25896528,-0.9864237;0.66324663,0.16832073,-1.295674;1.3463246,-1.2605695,-0.9067279;1.3510875,0.11378836,-0.36380664;0.9693122,2.0848622,2.0576732;0.51720667,-1.862539,0.72425693;-0.45779648,1.3582841,-0.026671914;0.59523267,0.7652638,-0.72238064;1.5097955,-0.97501266,0.076085985;-1.4113028,0.53065634,-0.703856;0.53078103,1.1034462,1.696186;1.4990722,-0.6211888,0.036295146;0.29467395,-0.6103729,-0.96147645;0.69020826,1.4715449,1.8845129;-1.4633329,0.6366545,-0.74143493;1.187921,1.9926735,1.2525439;0.9021366,0.11819852,1.2767862;-0.0064156004,0.729943,-0.19151323;0.5116408,0.6811109,-0.876297;0.5307619,0.9127321,-0.5577904;1.0508088,-0.9873754,0.13441373;1.0602705,1.8283081,0.8001522;-1.9868664,-0.6528395,-0.37105897;-1.866724,-0.4216026,-1.0118374;-1.3237559,0.029207803,-0.56009704;1.0740687,-1.5401087,-0.7162844;-0.06407141,-0.707485,-1.4257078;1.3812841,-1.2989801,-0.8667361;0.734327,0.045435697,-1.5571064;1.0611409,0.33420306,1.3181362;0.06723355,-1.1500033,0.98655623;-0.9110508,1.4813763,0.0133512635;-0.35739478,-0.80452055,-2.003096;1.2438732,0.03236279,1.3775091;1.2787589,1.4459368,0.6642266;-1.1300088,1.1561764,-0.60512257;0.35373473,0.5130862,0.46540228;-1.8418775,-0.002994915,-1.1594958;1.0321776,1.4082788,0.30610833;-0.8383823,0.83246213,0.9930297;0.6911206,-1.2883492,0.56567484;0.86993265,-1.1068969,-0.6969692;-0.24875788,-0.5776014,-2.0993683;1.0698142,0.123124644,1.6677138;-1.0373005,0.4974893,0.8582916;-0.0786349,0.7402353,-0.32456034;-1.2645109,0.11151682,-0.7845252;-0.25737107,0.14299801,-1.7587236;0.24646571,-1.012179,0.4904856;0.2307523,-0.9965388,0.030120548;1.1767937,-1.27305,0.6979065;-0.03218383,0.07658013,0.777581;-0.15857917,0.5025423,-1.5274847;-1.2519817,-0.10874185,0.5595815;-0.42154592,-0.6637315,-1.2685118;-0.45270488,1.5114828,0.08483269;-0.41981846,0.8487234,0.47958308;-1.7304186,0.48930532,-0.022473484;0.87494886,1.9047172,1.3615727;-1.0310187,0.0058048647,0.43246695;-0.2801062,-0.35972765,-0.049606636;1.0452365,0.101088926,0.115274556;0.25636953,-0.75799733,-0.77131075;0.24480209,-2.2510788,0.8624439;1.0183017,-0.53612065,-0.7852881;-0.3592554,0.9972144,0.6610585;1.2159342,0.36578557,1.2644324;-0.45194682,-0.8296153,-0.234483;1.0425147,-0.7699131,0.15105243;0.087680824,0.01601409,1.4312726;1.2801313,1.992469,1.377709;-0.60170364,0.57783,-0.027246173;0.12651455,-2.1202738,0.33299062;0.5069214,0.36591217,-0.9671235;0.7771232,0.721985,1.7442024;0.5008166,0.77692163,0.05048185;0.7960639,1.237041,1.4137666;1.0685029,-1.1035383,-0.7008949;1.602399,0.059272826,-0.07568372;0.68739516,0.6673242,1.704165;-0.21926682,-0.785688,-1.5316396;0.7483533,-1.36031,1.0451164;-0.24930249,0.10174618,-1.8315308;0.8758937,2.0803943,0.93973225;0.5955639,2.1344643,0.51030165;-1.2942486,0.15454203,0.1651459;1.3063974,1.906055,1.6629833;-1.7658125,0.38270062,-0.097759865;-1.0271866,-0.12943941,0.4709157;-0.53876376,-0.43662393,-0.59034973;0.9429984,-1.3175908,-0.68894094;0.13428299,-0.6255139,-0.18239461;-1.057473,-0.57130045,0.4976743;1.1176001,0.6049386,1.0746943;0.3888054,-0.799132,-0.8352712;1.1547852,0.1301279,1.5340501;0.34010494,-0.9708902,0.496651;-1.904427,-0.39798,0.06720068;-1.7268047,0.23016687,0.034899235;-1.1230562,0.6245459,0.66360825;-0.5927249,0.27204144,0.8214082;-1.2806807,-0.24753104,-0.7678968;0.72346205,-0.01846513,-1.7522746;0.9316234,-0.60545737,0.49447542;-0.7552322,-1.0586178,-0.35571137;-1.1237506,1.0385984,-0.470683;-1.4263458,0.21475784,0.3784115;-0.21048023,-0.6067534,-2.0546396;0.11803151,-0.975987,1.2328982;0.05722375,-0.5683098,0.9866524;0.27907756,0.76926947,0.09723678;-0.92261076,1.161002,-0.08000926;1.6779622,0.054136038,-0.064051904;-0.18180247,-0.6929519,-1.0738761;-0.21910504,1.0706381,0.6436155;0.7543078,-0.15155824,1.0878284;-0.43445337,-0.6072601,-1.3361082;0.101380646,-2.1452274,0.26198378;0.38807577,0.9338913,0.556556;0.6968758,0.7327551,0.99705887;0.06828107,-1.9803562,0.43565854;-0.4028963,0.5973429,0.3333377;-0.8479065,-0.66073114,0.80831283;-1.6203778,-0.06916285,-0.53606355;0.80660766,0.80307525,-0.2250878;0.8171329,0.3675613,1.0074741;-0.2723979,1.0312461,-0.4599016;0.29842627,-1.9394675,1.1781014;-1.8884896,-0.24047944,-0.15785639;-1.8320433,-0.35265929,-0.5965798;0.9758434,1.2744738,1.8094015;1.022878,1.3484888,1.8637187;-0.4465698,-0.82518715,-0.22802821;-0.6233161,-0.75311965,-0.41288847;0.07179991,-1.9746159,0.43897405;1.0350842,-0.97186595,-0.33534098;-1.2178444,0.8694975,-0.68938005;-1.7235478,0.73081064,-1.1599214;-0.20208232,0.049164917,-1.5989447;-0.33882064,-1.1707863,-0.8785805;-0.3685733,-0.52724314,-0.11512562;0.9187001,1.336458,1.6418391;1.4036641,-1.2953517,-0.83586586;1.0881025,1.1434724,0.2703278;-0.267566,-0.16611826,-0.8225413;-0.40289757,-0.6677543,-1.2035134;0.47546107,0.2431235,-1.1709826;0.28579015,-0.6798108,-0.8807073;0.47353595,0.8914137,-0.29819041;-0.046733253,-0.36265838,-1.5123619;0.8275398,-1.0238928,-0.8336994;0.8584373,2.0680144,0.9620288;-1.9923414,-0.67762595,-0.35223943;-1.7590798,0.3736466,-0.0708086;1.0984302,-0.6741366,0.17622003;0.38206348,-0.71373165,-1.2021582;-0.06217107,-0.70317817,-1.0935426;0.004403038,0.6289376,-0.10852792;-0.28041252,1.0426123,0.6013317;0.07422428,-1.6561265,0.8336201;1.0004189,2.1658194,1.788332;-0.581725,1.0914974,1.0166242;0.41989708,1.0824784,0.56362164;-0.21819018,-0.5033826,-1.7137362;-1.1902796,-0.6867909,-0.93698454;-0.45090154,0.3981123,0.27887177;-1.4780872,-0.050870083,0.2645875;0.24372791,-0.8340605,-0.6329241;0.8639291,1.8753148,0.61275494;1.2583368,1.9731237,1.2683133;0.56861925,2.1010592,0.50202954;1.6618462,-0.10279344,0.05671464;1.3869753,-1.3045204,-0.8253633;0.8729131,0.7647626,1.3097638;-0.062039904,0.19612055,-0.59488213;0.10634351,0.19111334,1.3360018;-0.48224172,0.36673003,0.27094218;1.0822874,-0.96379906,0.007256783;0.8640447,-0.67140853,0.7550232;1.1663355,0.036362283,1.3363478;-1.8684937,-0.31596023,0.32960513;1.7104565,-0.11106347,0.1199782;-0.9128312,-0.62595946,0.7610976;-1.3954723,0.82804996,-0.68282676;0.91532934,1.832433,1.2447301;-0.14900126,-0.3205875,-0.05034331;0.8573689,-1.168444,-0.7443932;-1.7697237,0.64163154,-1.1785468;1.2202249,0.56339806,1.3169674;1.3118054,1.9866998,1.3444185;0.10143792,-0.63503605,-0.20251767;-0.69136524,-0.6072352,0.8040223;-2.180334,-0.83161634,-1.0141929;-1.0132202,1.1459874,-0.5891491;-0.0448693,0.99906904,-0.37764648;-1.106082,-0.36962152,-0.84292334;-0.18435153,-0.28884915,-0.059858024;1.4579859,-1.3201576,-0.7761577;0.73158526,0.045037232,-1.5495199;1.1693245,1.3563908,2.0191834;-0.012479398,0.22343871,-0.44276428;-0.93724287,0.59605837,0.91488564;1.0710547,-0.9256406,0.053420316;1.3814081,0.06667253,-0.30762765;-0.78807235,0.59020305,-0.06327405;-0.43907124,-0.026473245,0.8713668;-0.24944018,0.3200878,0.35026985;-0.42294514,-0.83894867,-0.21565852;1.6514553,0.0073012332,-0.021361679;1.2853605,1.919343,1.7380177;0.93824035,-0.3722376,-0.14999186;-0.78577256,0.7391204,-0.13888721;0.70703864,-0.005297764,-1.797745;0.39162654,1.0597551,-0.44847137;0.5090854,0.69990724,-0.9036819;1.0655144,0.81854,1.037861;0.15142791,-1.7715311,-0.061759148;1.6308818,0.056936607,-0.10391992;0.84452355,0.7193981,1.3037895;0.96310276,0.5682279,1.9668293;1.2843366,1.7196671,1.8277687;1.0782614,-0.8865597,-0.42511973;-0.8724902,-0.681635,0.7863645;0.92432714,0.3600733,-1.0631936;0.46317106,-2.0897555,0.75587356;-0.3158895,-0.6076198,-0.94407177;-0.011746402,0.54073286,-0.08042158;-0.02739961,0.8329575,-0.2654758;1.1475643,0.8265589,1.8721732;1.3900898,0.34689978,0.15819658;0.7368349,-0.031000609,-1.6497145;0.77451295,-0.054701306,-1.7188654;-0.2442869,-0.5864695,-2.094861;-0.3106605,1.2957724,-0.56792825;-0.07122796,0.06107191,-0.67878586;0.6197773,-0.49859256,-1.247313;-0.28206688,-0.793335,-0.16266921;-1.0381527,1.711011,-0.8925642;-1.2601569,-0.28479427,-0.47178566;-1.7633284,0.22067475,-0.16718867;0.8119727,-2.0791488,0.69331735;-0.057278164,-0.51673746,-1.4486179
