data_set
babi-q1
num_classes
6
data_points
1000
model
saved_models/babi-q1-e0061.ckpt
color_schema
#4E79A7,#F28E2B,#E15759,#76B7B2,#59A14F,#EDC948,#B07AA1,#FF9DA7,#9C755F,#BAB0AC
test_accuracy
0.508
test_loss
1.1515146160125733
train_accuracy
0.58825
train_loss
1.019536500453949
val_accuracy
0.533
val_loss
1.1286857318878174
labels
12,9,15,12,15,12,11,12,17,17,15,11,17,10,10,15,11,15,17,15,12,17,17,12,10,10,10,15,15,15,12,17,15,15,9,17,9,11,15,10,9,11,9,12,11,15,12,9,17,10,10,17,11,11,15,10,15,12,11,12,12,17,9,11,11,15,15,9,17,17,11,12,11,10,9,15,15,15,12,17,11,9,10,11,17,11,11,12,15,15,9,9,12,9,9,15,15,15,10,10,10,9,17,11,11,12,10,9,17,10,9,9,15,12,15,11,17,15,9,17,10,9,10,12,10,17,11,11,11,9,11,12,9,11,15,9,17,15,9,9,17,12,12,17,10,15,15,15,15,15,11,11,9,17,10,9,11,10,17,12,10,10,10,11,9,11,11,11,15,10,17,17,11,9,9,17,15,10,17,17,12,12,12,12,10,9,17,11,15,17,12,15,11,12,12,11,17,15,9,10,12,17,17,10,12,9,15,12,9,12,9,10,12,10,9,10,9,12,12,9,9,12,15,12,10,17,12,11,9,9,17,11,12,17,12,10,10,10,10,17,12,15,11,11,15,15,11,11,11,11,10,17,9,9,10,10,17,17,15,11,11,17,12,17,17,9,11,10,9,10,15,17,17,15,9,17,15,12,17,9,9,11,17,17,11,17,9,17,11,9,15,15,10,15,15,11,11,12,12,9,9,9,9,17,12,11,9,17,17,15,11,11,17,10,11,17,10,17,17,11,11,15,15,11,11,9,10,11,11,10,15,17,15,10,10,17,12,17,12,12,12,11,17,15,11,17,12,12,15,15,10,11,11,10,10,9,17,12,11,12,11,9,11,11,11,11,11,12,12,12,12,12,11,11,17,10,15,9,9,10,9,10,10,17,17,15,17,17,17,15,15,12,9,10,17,17,10,17,9,11,10,11,10,15,17,15,12,10,11,15,10,11,9,12,17,10,10,15,12,9,12,12,9,12,10,15,15,17,10,10,17,15,15,15,17,11,15,9,10,11,10,12,9,11,10,11,10,12,11,15,15,15,15,11,9,15,10,12,11,12,9,11,10,17,11,11,10,10,10,17,12,17,17,9,15,11,9,15,11,9,10,10,12,12,11,10,9,12,10,9,15,10,10,11,11,15,15,10,12,12,15,11,9,12,9,15,10,17,17,10,10,17,10,10,17,9,9,10,12,11,17,17,12,12,11,12,17,11,11,12,11,11,11,17,9,11,10,12,12,10,11,17,12,12,15,11,15,15,12,10,10,9,17,10,15,12,15,10,10,10,11,10,11,15,10,9,9,15,10,10,10,10,15,15,17,9,10,12,10,10,12,12,11,15,10,10,11,12,10,10,17,12,17,11,9,9,17,17,11,10,10,10,15,15,17,11,15,12,11,10,15,17,9,11,9,17,15,12,15,17,11,17,17,15,9,10,9,9,10,10,9,10,10,15,11,11,11,15,12,9,11,11,10,17,11,11,12,17,15,15,9,11,15,15,11,9,15,15,11,15,15,15,11,10,10,9,17,17,17,17,10,10,17,9,15,9,17,12,12,12,15,15,15,17,9,11,9,17,9,12,11,9,9,17,11,11,11,10,15,10,12,12,9,9,17,12,12,9,17,12,11,11,15,15,12,11,12,17,12,17,11,12,11,17,17,11,17,9,11,9,10,10,12,17,10,12,9,9,9,15,11,11,15,17,9,10,9,12,17,15,17,17,12,10,12,11,11,17,15,9,17,10,9,11,12,15,9,15,12,10,9,10,17,17,15,15,9,9,9,17,10,17,17,9,12,17,17,12,12,11,11,11,11,17,11,17,17,17,17,17,12,9,17,10,17,11,10,10,12,12,11,11,17,12,12,17,17,15,11,17,11,11,9,12,9,17,9,10,9,15,11,9,11,15,10,9,9,9,17,12,11,11,17,15,15,10,10,11,11,17,10,12,9,10,10,10,10,10,15,17,9,11,17,15,12,11,10,10,15,12,10,11,12,12,11,11,11,15,12,17,10,12,17,17,12,10,10,12,17,10,11,17,11,12,17,17,11,12,11,17,9,9,11,17,11,11,15,15,17,17,10,10,17,12,11,15,12,11,11,10,9,12,12,15,10,9,17,15,17,9,17,17,10,17,15,12,12,11,10,10,10,17,17,15,12,17,9,9,15,10,12,15,15,15,17,17,15,11,15,10,12,9,9,10,11,11,9,9,12,15,9,15,9,12,12,10,17,17,10,12,15,9,10,17,11,11,11,17,9,9,11,15,11,11,11,15,12,17,9,10
pred_labels
12,10,12,11,9,12,11,12,17,9,15,17,15,11,10,15,11,15,12,11,12,17,12,12,11,10,10,10,11,15,12,17,15,15,9,17,12,15,12,11,9,11,12,15,10,12,12,11,17,10,10,17,11,12,15,9,11,10,15,17,12,17,9,11,9,15,9,9,17,9,11,12,11,12,9,15,17,15,17,11,11,11,10,17,17,11,11,10,15,15,9,9,12,9,17,15,15,15,10,15,10,9,12,11,11,12,10,9,11,10,9,15,15,12,17,17,15,9,15,17,10,9,9,9,17,17,11,17,11,11,11,10,15,10,10,9,17,15,9,9,11,12,17,9,10,15,10,15,15,11,11,11,17,17,17,10,10,9,10,17,12,9,12,11,9,11,11,15,15,15,17,12,11,9,12,17,15,12,17,17,12,17,12,17,12,9,9,11,9,17,12,15,11,11,12,11,10,9,9,10,17,17,10,10,10,12,11,12,9,15,11,10,12,9,10,12,11,12,9,11,12,12,10,15,15,17,17,11,9,17,17,15,11,17,17,10,9,12,10,15,12,9,11,12,17,15,11,9,15,11,10,10,9,10,10,10,10,11,15,11,11,9,12,17,11,11,15,9,10,10,15,17,17,10,11,15,15,10,12,9,9,11,12,15,11,17,11,12,11,9,15,12,10,15,15,11,11,11,12,10,9,12,17,12,17,11,9,9,9,17,11,10,11,10,15,11,10,17,15,11,11,15,15,15,17,9,10,17,9,17,15,17,17,17,15,11,12,11,12,17,12,11,17,15,10,17,15,12,11,15,11,10,11,10,9,9,17,12,11,12,11,9,11,11,9,11,15,12,17,15,12,12,10,15,17,10,15,9,11,11,9,12,12,17,15,9,17,10,17,12,15,12,11,10,9,17,11,11,10,11,10,11,10,15,10,10,17,17,10,10,10,10,9,12,17,10,11,11,11,9,15,12,9,12,9,9,15,17,10,9,15,11,15,12,10,11,9,10,11,11,11,12,11,11,10,10,9,12,11,15,15,10,15,15,9,15,15,10,11,12,17,10,17,17,11,11,10,9,10,17,12,17,12,11,9,17,9,15,11,10,10,17,12,12,15,10,9,12,15,17,15,15,10,10,10,15,15,10,12,15,15,11,10,15,9,15,10,9,9,10,10,10,10,9,12,9,10,9,12,11,17,17,12,12,11,12,17,11,17,12,11,17,11,12,11,11,10,12,11,10,11,10,12,12,9,11,15,12,12,10,10,9,15,11,10,12,17,10,17,9,11,10,10,11,11,9,15,17,17,12,11,11,15,17,17,12,10,9,9,9,15,15,10,11,10,10,10,9,10,9,17,17,17,11,11,9,12,11,12,10,10,10,10,15,17,11,17,11,10,10,15,15,11,11,9,9,15,12,9,12,11,10,9,17,10,10,10,11,12,10,9,10,15,15,9,11,11,12,11,9,11,10,10,17,11,15,12,17,9,10,9,11,10,15,11,9,9,11,11,11,12,12,12,12,12,17,17,17,10,10,10,11,17,9,17,12,17,12,10,9,9,15,15,17,11,11,9,17,17,12,11,9,9,17,17,11,10,12,10,11,12,17,9,9,9,11,17,17,12,11,11,11,15,15,10,11,12,17,17,17,11,12,12,17,11,17,17,17,15,11,9,12,12,17,12,12,9,9,9,10,11,15,9,15,9,10,9,12,9,12,17,10,12,10,11,11,17,9,11,9,9,9,9,11,12,9,12,17,12,9,11,17,17,15,10,15,15,15,12,9,10,12,12,12,11,9,9,12,11,12,11,9,12,15,11,17,9,12,11,11,11,10,17,11,17,11,10,11,12,11,11,10,11,12,15,10,17,10,11,9,11,10,9,17,9,17,12,10,9,15,11,9,12,15,10,12,9,11,17,10,11,17,17,15,15,10,10,10,12,11,10,12,9,9,10,10,17,17,10,17,9,12,12,15,15,11,10,15,15,17,9,11,12,12,12,11,15,15,10,17,10,17,9,12,15,10,10,12,9,9,17,17,11,12,15,17,11,12,17,10,9,17,11,11,11,11,15,11,9,11,12,17,12,9,11,15,12,10,9,17,9,11,11,15,10,11,9,9,17,10,9,17,11,10,11,12,12,10,10,9,10,17,9,17,12,17,9,9,11,15,12,15,15,17,11,9,9,10,11,12,12,9,17,15,11,11,10,9,9,11,9,15,15,9,11,9,10,10,9,9,10,9,11,11,15,15,10,9,9,17,11,15,11,9,11,15,12,10,9,11
pred_correctness
True,False,False,False,False,True,True,True,True,False,True,False,False,False,True,True,True,True,False,False,True,True,False,True,False,True,True,False,False,True,True,True,True,True,True,True,False,False,False,False,True,True,False,False,False,False,True,False,True,True,True,True,True,False,True,False,False,False,False,False,True,True,True,True,False,True,False,True,True,False,True,True,True,False,True,True,False,True,False,False,True,False,True,False,True,True,True,False,True,True,True,True,True,True,False,True,True,True,True,False,True,True,False,True,True,True,True,True,False,True,True,False,True,True,False,False,False,False,False,True,True,True,False,False,False,True,True,False,True,False,True,False,False,False,False,True,True,True,True,True,False,True,False,False,True,True,False,True,True,False,True,True,False,True,False,False,False,False,False,False,False,False,False,True,True,True,True,False,True,False,True,False,True,True,False,True,True,False,True,True,True,False,True,False,False,True,False,True,False,True,True,True,True,False,True,True,False,False,True,True,False,True,False,True,False,False,False,True,True,False,False,True,True,False,False,False,False,True,False,False,False,True,False,False,False,True,False,True,True,False,True,False,False,True,False,True,False,False,True,False,True,False,True,False,False,True,True,False,False,True,True,False,True,False,True,True,False,False,True,True,True,False,True,True,False,False,False,False,False,True,True,True,True,False,False,False,True,False,False,True,True,True,False,False,True,True,False,False,True,True,True,False,True,True,True,True,True,False,True,False,True,False,False,False,False,True,True,False,False,False,True,False,False,True,False,False,True,True,False,True,True,True,True,False,False,True,True,False,False,False,True,True,False,False,False,False,True,False,True,False,True,True,True,True,False,True,False,True,False,True,False,False,True,True,False,True,True,True,True,True,True,True,True,True,False,True,False,True,False,False,True,True,False,False,True,True,True,True,False,False,True,False,False,True,False,False,True,False,True,False,True,True,False,True,False,True,False,False,False,True,True,True,True,True,False,False,False,False,False,False,True,False,True,True,True,True,False,False,False,True,False,True,True,True,False,False,True,True,True,False,False,False,True,False,False,True,False,False,False,True,False,True,False,True,True,False,False,True,True,True,True,False,True,False,True,True,False,False,True,True,False,False,False,True,True,True,True,False,True,True,True,True,False,False,False,False,True,True,True,False,True,False,True,True,False,True,True,True,False,False,True,False,True,False,False,True,True,True,True,False,True,True,False,False,True,True,True,False,False,True,True,False,True,False,False,True,False,False,True,True,True,True,True,True,True,True,True,True,False,True,True,False,True,False,False,True,True,True,False,True,True,False,True,True,False,True,True,False,True,True,True,True,False,False,False,True,False,True,False,False,True,True,False,False,False,True,False,False,False,False,False,False,True,False,True,False,True,False,False,False,False,False,False,False,True,True,False,False,True,False,True,False,True,True,False,True,False,False,False,True,True,True,False,True,True,True,False,False,False,True,True,False,False,True,True,False,True,True,False,False,True,False,False,False,False,True,False,False,False,True,True,True,False,True,False,True,True,False,False,True,True,False,True,True,True,False,True,True,False,False,True,True,False,True,True,True,False,False,True,False,False,False,False,False,False,False,True,True,False,False,True,False,True,True,False,False,True,True,False,False,False,True,True,True,False,True,True,True,False,True,True,True,True,True,False,True,False,False,False,False,True,False,True,True,False,False,False,False,False,False,True,True,True,True,False,True,True,True,False,True,True,True,False,True,False,False,True,False,False,False,False,False,True,True,False,True,True,True,True,False,True,False,False,False,True,True,True,True,False,False,True,False,True,True,False,True,False,False,False,True,False,False,True,True,True,False,False,False,True,False,False,False,True,False,False,True,False,False,False,False,True,False,False,False,False,False,False,True,False,False,True,False,False,False,True,True,False,False,False,False,False,False,True,False,True,True,True,False,True,False,True,False,False,True,False,False,True,False,True,False,True,False,True,False,True,True,False,True,True,True,True,True,False,True,True,False,True,False,True,False,True,False,True,True,True,True,True,False,False,False,True,True,True,False,True,True,False,False,False,True,True,False,False,True,False,True,True,False,True,False,False,True,True,True,False,True,False,True,False,True,True,False,False,False,False,True,True,True,False,False,False,True,True,True,False,True,True,True,False,False,True,False,True,False,True,True,True,False,False,False,False,False,False,False,True,True,True,False,False,False,True,False,False,True,True,False,False,False,True,False,False,True,False,False,False,True,True,False,True,False,True,True,False,False,True,True,True,True,False,False,True,True,True,False,False,False,False,False,False,False,True,True,False,False,True,True,False,True,False,False,True,True,False,False,False,False,False,False,False,False,False,True,False,False,False,False,False,False,True,False,True,True,True,False,True,True,True,False,True,False
p2d-kl
0.8860353231430054
p2d-iter
599
p2d
-1.2758334,-1.2204007;0.62843794,-0.24353266;0.74196297,0.47430256;-0.61672,-1.3988707;-1.0764644,-0.68209374;-0.92952096,-0.15675135;0.026595805,-0.4791166;-0.056780998,-0.16683398;-0.25736505,-0.15619302;0.09208795,0.07312672;-0.6706768,-1.6228529;0.1505196,0.6467198;-0.7934227,-1.717038;-0.54255784,0.61770743;-0.35754767,0.8106033;-0.75203544,-1.5953709;-0.9907016,-1.8027071;-0.7361823,-1.5376341;-0.8812404,-0.1849497;0.25238094,0.6829564;-0.01933434,0.93844897;0.090954505,0.7951621;-0.15850931,-0.29556206;1.2535964,1.1326241;-0.5631941,0.52048147;-1.186234,-0.30070317;-0.43199903,0.78618175;1.1156474,1.022423;0.2715772,0.7839367;-1.0928645,-0.7813463;-0.33254492,-1.1474146;-0.62215257,-1.6725711;0.6303813,0.79586995;0.74267083,1.0430585;-1.1242553,-1.389448;-0.33071992,0.05104037;1.1231651,0.5678959;0.39359045,0.7617984;1.2315843,1.1666956;-0.53049546,-1.2168002;-1.3838869,-1.4396292;0.4364123,-0.3120571;-0.49751627,0.30556217;-1.3208814,-0.2611507;-0.70957386,0.20579344;0.117363475,1.0431317;-0.16116588,0.69216955;-0.953559,-1.0381447;1.7021811,1.0603471;0.81705976,0.31717753;-0.18415506,-1.2660356;-0.29630113,0.11052078;-0.25383577,0.5703588;0.09648273,1.0245477;-0.75100076,-1.5724156;0.7105917,-0.15936224;0.6877418,0.94140893;1.6260465,1.1978494;-0.621336,-1.5479487;-0.20092754,-0.13794377;-0.39194682,-1.372843;0.12500748,0.051984485;-1.3747329,-1.2951294;-1.3808665,-0.47800428;-0.9032341,-0.87461114;-1.0532457,-1.9886192;0.7450637,0.7662314;1.3789715,1.034135;-0.7092665,-1.0585927;0.1771794,-0.16480932;-1.3632454,-0.50521064;0.81933975,1.3728426;-0.95318073,-0.38665143;0.7810972,1.197913;-0.44928107,-0.7602236;-1.2337401,-2.0744429;-0.7813461,-0.027571885;-0.80860215,-1.8692834;0.5379009,1.054836;-0.6213829,0.1591778;-1.3695753,-1.0025299;-1.1465865,-1.4171402;1.5703094,1.2397785;0.040677357,0.7880136;-0.6074872,-1.6361012;-1.4086597,-0.97736853;-0.68662685,-1.3589553;0.7967266,1.2552752;0.1440832,0.8370732;-0.8946906,-1.6741039;-1.036546,-0.85774606;0.6131598,-0.21336916;1.1007649,0.7696768;-1.2250407,-1.5203557;0.19477366,0.33727872;-1.1823659,-2.0673313;-0.93796337,-0.11599434;-1.2193533,-0.27607024;2.1946836,1.1993544;-1.182002,-0.18546481;-0.40388912,0.6345628;-1.288362,-1.6790566;1.4023763,0.78134465;0.16433522,0.48167497;-0.65157175,0.48515168;-0.28622708,-0.15883233;-0.19322507,-1.2653077;0.78066754,0.6617315;-0.67212796,-1.1420286;-1.1896671,-0.25850844;-1.3730996,-1.345915;2.151326,1.1236538;0.22726974,0.8703898;-0.10192691,0.88984716;1.4708914,0.90178263;-0.6965756,-0.2016322;0.4340234,0.4007008;-1.290065,-1.8654416;0.41189444,0.6857;-0.5156687,-1.1735789;-0.35226566,0.13029431;-1.3059738,-1.7024671;1.2558433,0.95112485;0.22159372,0.09400598;1.4949859,0.8976812;-1.120832,-0.10102149;-1.3328125,-0.85651404;-0.77694595,-0.19359064;1.7281461,1.2574173;-0.7571037,-0.64101684;-0.6640716,-0.39049327;-0.22097784,0.25280005;1.2113382,0.94103634;2.0840878,1.1260707;0.6386542,1.0972412;-1.1835552,0.36306104;1.4464165,0.88300306;2.359323,1.1432803;-1.2886373,-1.5981255;-1.166386,-1.5172954;-0.6376272,-0.038265854;-0.12604396,-0.10221325;-0.20397416,-0.051380545;-1.1398026,0.3845878;1.9514166,1.1903512;-1.3957775,-0.36039916;1.5686945,1.298039;-1.2629313,-0.31998083;1.155651,0.9628317;-0.8959474,-0.6814358;-1.0873984,-1.8485252;-1.0878088,-1.301712;-0.012297806,-0.09922534;0.63731706,0.10197921;0.546468,1.3238739;1.559464,1.1014912;-0.33165434,0.63128287;0.9285599,0.543165;1.6370115,1.028344;-0.13290226,0.33461007;-0.38777065,-1.6429304;0.11203513,-0.38460365;2.1649382,1.2331119;1.4088862,1.2928529;-1.2806599,-1.5465424;-0.5992021,0.05379744;-0.808135,-0.38178724;-0.7004416,0.5865735;0.3412572,0.7557777;1.4505794,1.3421915;-0.65477943,-1.653884;-0.60671014,-1.2784684;-0.72813326,-0.22127777;-1.316715,-1.2335608;2.3307915,1.1896069;-1.1498921,-0.11325267;-0.9027207,-0.053780217;-0.13299465,0.7526906;0.56909335,1.2067147;0.8033021,0.9190342;-0.28127196,-0.15874562;-0.3823275,-1.1012237;-0.75131756,-1.9192597;1.1825182,1.5006801;2.2877197,1.2361767;-1.1855366,0.34036702;-1.3768823,-1.4999094;1.1349926,1.0706992;0.6307497,0.45708922;1.3735284,0.8573825;-0.40131223,-1.3922938;-1.1943142,-0.4718183;-0.9588006,-0.7530964;1.4585775,1.151963;-0.3084743,-0.037333913;-0.6282192,-1.2236553;-0.36781627,0.8492465;0.17752497,-0.22003281;1.2188506,0.9078472;1.3656435,1.1086421;-0.38862413,-1.1523015;-0.30680832,-0.18732548;-1.0687681,0.07772675;-0.5626629,0.8656576;-0.37815157,0.7599924;-1.2830584,-1.241503;-0.9686665,-0.69616055;0.43753698,0.171994;1.6752545,1.1027757;1.0390753,1.0388381;-1.1210067,-1.3321178;2.2613225,1.1804466;0.23212896,-0.14072348;0.6518558,-0.2129283;2.2739627,1.1097475;-0.4277315,0.22822346;0.07985879,-0.5010833;0.8707895,0.93393886;0.2381741,0.026730932;-0.7104512,-0.6412279;-0.07179496,-0.28412896;-0.24623632,-1.1404713;1.067877,0.94466645;0.8315611,1.0934778;-1.1930923,-0.28641072;-0.47148073,-1.5094291;0.10023676,0.00424722;0.18278068,0.21750467;-1.0649037,-0.8201756;1.9981844,1.3280939;0.11643855,-0.028475093;-1.0722651,0.47590074;-0.93965095,-1.8536055;-0.28088215,-1.1802326;1.317876,0.7276926;-0.28334296,0.9513352;-1.293206,-1.7025012;1.2926347,0.90393764;-0.63271064,0.6244261;1.1335405,1.4119301;-0.799344,-1.9605482;1.6741611,1.5343915;-1.0131598,-0.43232965;1.7116988,1.346415;1.8677006,1.2674319;-1.172697,-2.04939;-1.3731425,-0.8512623;0.71679944,0.7116815;0.38578656,0.5850051;-1.0771078,0.3696655;-0.3514638,0.13908741;-0.67380977,0.6785248;-1.0798225,-1.2752413;1.1010774,1.0791944;0.84893405,0.3244676;-0.47177932,0.49617046;-0.23335396,0.22700237;0.6259417,0.5808964;-1.3050249,-0.90998256;-1.422513,-0.90005344;-0.38291305,0.6484372;1.5475839,0.9435405;-0.07558416,-0.145292;-0.6618285,-0.27608132;0.032848593,-0.40499344;-1.022514,-1.0338281;-1.0573636,0.4563593;0.62399757,0.43683696;1.6971936,1.1561778;1.4723082,1.2254746;-1.0949137,-0.83310497;0.5321226,0.8817756;0.11566609,0.5816539;-1.2840269,-0.37389213;-1.0891451,-0.9027701;-1.1784567,-0.11469432;-1.0930634,-1.9552629;0.7716045,1.1896782;-0.41440254,-1.5225602;0.37110138,0.20607162;-1.3765063,-1.3989437;0.46851867,-0.29632118;1.4873728,0.96222657;1.7062433,1.4748933;-1.0735056,0.44709164;-0.33532828,0.069299;0.6289265,0.585571;1.1225964,0.73248565;-0.96031344,-1.6991297;-1.1808448,-1.5239313;-1.1058185,-2.0244954;2.0399582,1.3786663;-0.33562845,0.6551513;0.30160257,0.7780055;-1.0555698,-2.0083137;-0.82513946,-0.5508002;-0.7949211,-0.50175494;0.24899846,0.23860489;0.46340775,0.1280636;1.830634,1.1408354;-1.3450015,-2.0423167;1.0006554,0.44051093;0.077910304,0.6256732;-0.07792967,0.43049636;-1.04697,-0.040123887;-1.1913261,-1.5959332;-0.4678367,-0.7721477;-0.9564697,-1.1741205;-1.162466,-1.2827975;1.7725909,1.5150945;-1.2362834,-2.0197074;1.4036965,1.3070062;-0.58288217,-0.23271951;0.4211935,1.1275809;-0.8671658,-1.7964535;-0.7349823,-0.21068344;-0.23855308,-1.4078858;0.5220409,1.155979;-0.6974227,0.7153656;-0.8903141,0.40346697;-1.0365167,-1.852771;-1.1197623,-0.8034842;-1.1663752,-0.827001;-0.8585774,-1.7080574;0.47451347,1.1576953;-0.39820766,-0.7169696;1.6827754,1.1678991;0.2374844,0.73233557;0.47286916,0.4357923;2.1065104,1.2428807;-1.3340478,-0.18833698;-1.0633839,-0.10440097;1.758736,1.513862;-0.33178702,-1.0434086;-1.0888362,-1.9923729;-0.6118105,-1.2156736;-0.51161975,-1.579942;0.26587528,0.21768248;1.7595167,1.3899665;1.2512146,1.4327106;0.4972519,0.14193152;-0.4840395,0.42017144;-0.029102689,0.7444832;2.2496586,1.2452414;1.4864821,1.3148897;-0.7741854,-0.26015162;-0.83302253,-1.7246252;-1.002378,-0.2568838;-0.9024101,0.46352524;-1.1250373,-0.8395043;-0.6237368,0.36731943;-0.3185987,0.7063331;-0.5230048,0.6737496;1.8034148,1.2416631;-1.0330234,-0.76128274;0.09393886,-0.02748586;-0.8326385,-0.020437656;-0.099802636,0.4705612;-0.53905886,0.31762585;0.36494777,0.06705526;-0.9736169,-1.7272356;-1.2944001,-1.9315486;-0.9849071,-1.0120384;0.11843774,0.5011062;0.5409424,-0.22264898;-0.504855,-1.2694349;-0.7582212,0.4845474;-0.12768726,0.45104;-0.4264144,-1.1674021;0.36864987,0.71956044;-0.74012506,-1.9198321;0.0769513,-0.18563963;0.95044464,1.2432711;-0.30905667,0.85917497;-0.8428426,-0.2940776;0.59946656,1.3438917;-0.8244579,0.50612915;0.22568977,0.3113408;-0.669927,-0.1374594;-0.9483823,-1.63038;-0.38779545,-0.70608324;1.0697868,0.63910556;0.5770538,0.0768786;-0.72337914,-0.11904002;-0.8175411,-1.7625378;0.70503855,0.5772506;0.73377824,0.8054947;-0.27806383,0.046180535;1.203625,1.446546;-0.3951639,-1.5626235;-0.97783524,-0.48260218;-0.5269674,0.27134636;0.8472618,0.5823007;0.76085675,1.2569556;-1.3469634,-1.576086;-0.6622949,-1.6760439;-1.4230397,-0.523323;-0.9661749,-1.8863374;1.5398747,1.150291;0.29298463,-0.010575171;-0.5861862,0.4023021;-1.056707,-1.3236152;0.88492787,1.2579994;2.180983,1.10635;0.9581065,0.76689696;-1.1956608,-0.25786498;-0.61399585,-0.04809368;0.4894912,0.99208206;2.2914598,1.1913378;2.2874253,1.143226;1.07724,0.8968044;0.99423015,1.1474864;-1.007778,-1.2134329;0.4599669,0.08847897;-0.3092249,-0.020179052;-0.35897243,-1.600556;-0.6569693,-0.6601082;0.5493703,0.5336528;0.49570504,0.694431;0.2541573,0.16528189;-0.9650206,-0.23972568;1.3374559,0.8868046;-0.2156764,-0.34181356;-0.28056195,-1.3007046;2.2046366,1.2344445;-1.0829355,-0.71093816;-1.1911762,-0.9056336;0.16196257,0.69765544;0.75441074,1.2353221;0.304902,-0.35691214;-0.6358706,-1.5846249;-0.94042325,0.25900638;-0.4586276,0.82931286;0.90107906,1.3743776;-0.7617332,-1.9737374;-1.026731,-0.4576232;0.42088208,0.22110389;1.731486,1.2049544;-0.71786624,0.27588522;-0.60637116,0.25294572;-0.44644383,0.4952792;-0.32870916,-1.2827184;-1.1652601,-1.1920943;-1.1253498,-1.2765834;-0.36732686,0.62243956;-0.51625746,0.44593468;-0.14228109,-0.43583637;0.8457578,0.8970617;-0.7860307,-0.506437;-0.92672294,-1.6465361;0.44726488,0.36783758;1.7719315,1.133725;-0.9402794,-1.7433782;-1.0067346,-0.6542384;-1.1222947,-1.4460547;-0.6329555,-1.5776056;-0.6652707,0.729872;0.7358776,1.2189908;-0.251136,0.72373194;0.22846244,-0.118782125;-0.16080424,-0.39761993;0.9388974,1.1540483;0.48903757,1.2091361;1.2108595,1.4972215;-0.5902425,-1.1309447;-1.373434,-0.86356086;-0.6990506,0.6009739;-1.045389,-1.2677584;2.3872452,1.1436923;0.627337,1.1877773;-0.14616008,0.29075673;0.90228635,0.49870104;1.3931341,0.76555526;0.74598587,0.7211032;0.727566,0.6019187;-0.6674321,-0.080855355;0.30196595,-0.32285523;0.39429542,0.57059884;0.08596751,0.5439928;1.6030195,1.1509949;-1.238513,-0.33665514;0.51542705,0.90300405;-0.5255333,-1.5074188;0.41711345,0.08298853;1.6665274,1.46216;-0.71742076,0.31965455;-1.2698314,-1.4873521;-0.48240998,0.28085142;-0.65039873,0.7559444;0.5881113,0.72012883;-1.2614675,-2.086133;-1.3776829,-0.384849;1.5126108,1.2408332;0.9527684,1.2014062;2.0900557,1.125646;-0.61535954,0.77887225;-1.0242316,-0.012077518;1.3833153,1.4231263;1.8739294,1.2361207;-1.3183808,-0.22360078;-1.1273116,-2.010135;-1.0339411,-1.7084112;0.63708436,-0.12071959;1.7140601,1.3061817;0.5091641,-0.121635236;0.49307796,0.47362733;1.533237,1.2340696;0.9446007,0.65637136;0.5509003,-0.0436198;0.74422413,1.1553293;-0.27018958,-1.569512;-0.23477142,0.22811778;-1.3405855,-0.46132132;0.9608901,0.6802772;1.0523108,0.59864086;-1.3106018,-1.9779619;1.1584734,1.087393;-1.0348756,-1.151816;1.0811309,0.5335085;-0.863262,-0.77883863;0.06500238,-0.053600293;-0.6577383,-0.2834469;-0.45505607,-1.2185628;1.4952365,1.0282407;0.0501273,0.5903474;-0.025726479,0.93220925;-0.5545451,-1.6358441;-0.89810604,-0.7097613;-0.5316301,-1.1917112;-0.29568473,-1.2878429;-0.6188916,-1.1780226;0.4762072,1.1737653;-0.6066365,0.4142971;1.2741371,1.2612474;-1.0253936,-1.1031479;-1.0341908,-0.4665678;0.69820637,-0.079964004;-0.12305428,0.29037946;-0.62685704,-0.0062053977;2.149614,1.1928135;-0.6105796,-1.105938;1.3195325,1.421853;-0.39793488,-1.2729266;0.8764433,1.3335755;0.26867872,0.1621961;-1.004518,-0.43057203;-1.2769017,-0.9341704;1.1799688,1.35974;0.9162105,1.4176131;-0.25970268,-1.4337784;-0.27601236,-1.5721262;0.27848732,-0.1827225;1.118136,1.4072279;-0.67152303,0.19283473;-0.39635977,0.83730155;-0.08263506,-0.28681558;0.17460304,0.61729366;0.46490562,1.1194702;0.5247775,-0.038525946;0.43730658,-0.079409584;-0.9753542,-1.740141;2.114261,1.1326455;0.9542419,1.1751989;-0.9792902,0.33781636;1.0131629,1.1172167;-1.1574957,-1.3478634;0.8233241,0.71838397;1.5468377,1.4913198;0.6262098,1.201155;1.8208177,1.3022842;-0.96469384,-1.6148978;-0.92638636,-0.23216057;-1.2036994,-0.8071445;0.13223061,0.61273336;0.06537096,0.5890533;-1.2891467,-1.2696238;2.2411542,1.1191688;-0.96153307,-1.1953355;-0.33866766,-0.7059994;0.76101565,-0.09914767;-1.3023376,-0.16699678;-1.2447307,-0.30498174;-1.4262674,-0.4837661;-1.1031039,-1.4559426;2.1876836,1.131822;-0.1411376,-1.2813822;-0.29535654,0.7116228;0.29990366,-0.13831127;0.8500294,0.3146604;0.32791844,-0.34932187;0.117765345,0.011286098;-0.39076072,-1.0938791;-0.68775207,-0.04396661;-0.8691348,-0.3682524;-1.0914097,-1.0121981;-1.3253281,-2.020906;-0.014126676,-0.12692052;0.06355009,0.45851052;-0.92620915,-1.0851235;-0.3952482,0.58554846;1.0665581,0.8842787;1.7859623,1.074638;-0.518332,0.7053853;0.48684856,0.35946593;-1.1516378,-0.08627865;-0.67632806,0.3317099;0.18299519,0.738327;0.09695745,0.5802;1.6013917,1.301118;0.38785115,-0.26966405;-1.1567371,-2.087284;-1.1120273,-0.06540449;0.32984546,0.41454878;-0.66850245,-0.23271582;-1.1239662,-1.2120433;-0.6144799,-0.8699716;-1.1439679,0.3319767;0.41335306,0.21361727;1.7232542,1.0891422;1.2447131,1.3902395;-1.0228299,-1.0064849;2.1402588,1.247636;-0.9355092,-1.2138201;0.6360187,0.7207761;1.7289908,1.143123;-0.39075753,0.77406484;1.0999117,0.81221867;0.62241614,0.5711973;1.7092438,1.2651457;-0.44819444,0.54716724;-1.1574675,-1.347888;1.0914917,1.1162914;0.8130221,1.0367454;0.4935066,0.3941261;-1.0870582,-1.0658811;-1.0235857,-1.7676998;0.8568871,1.2711087;1.1317344,1.3931234;0.13064559,0.54186815;0.5616536,0.6381099;-1.2706243,-2.0250132;-0.6731462,0.1869629;0.61926156,1.3432591;0.512165,1.1773592;1.9431349,1.3753798;-1.3305079,-0.91624343;0.047093008,0.97112584;-0.64957434,-0.89125377;0.27584416,0.3339107;1.6649798,1.2403698;-1.2117903,-1.6197433;-0.7368533,-0.63045716;-1.3965428,-0.42852417;0.23628542,0.8761786;0.6719792,0.92490774;-1.3488996,-2.0151095;0.30791268,0.3248418;-0.7287761,0.012309496;-0.93262714,-1.8474646;-1.1254021,-1.9425523;-0.101543486,0.82060206;0.3812678,0.12550119;2.0029638,1.4326;0.8152079,1.3391743;1.1567224,0.7964694;0.06417931,-0.009575265;-0.79489666,-0.81695616;-0.79528886,-0.23682705;1.8064815,1.2183728;0.4098299,1.1422822;0.58802253,1.3351586;-1.1281376,-0.3839725;-0.9011707,0.012584417;0.8088722,0.809964;0.09258781,0.6282527;-1.2701547,-1.196726;1.3429238,0.7436903;-0.042414162,-0.19329098;2.1187966,1.2068138;0.15008585,-0.2262704;-1.079939,-0.65293723;1.0105935,1.038684;-0.87202483,0.46051547;1.6151425,1.4840932;-1.161109,-1.4366021;-0.68433994,-0.3918846;0.007182535,-0.14393777;0.23304087,0.36088762;-1.3408155,-1.3231205;1.2429981,0.66827345;-0.6196371,0.37671497;-0.9036844,-1.0554047;-0.76213145,-0.8712783;-0.015614833,-0.07061202;-0.80498546,-0.12424477;-1.0145551,-1.0297066;0.67404824,-0.19151573;1.4600413,1.0096766;0.6988997,1.1926279;-1.3945585,-0.49390054;-0.43727872,-0.26018804;-0.35865375,-1.1523404;0.6299219,0.6808898;-1.1264185,-1.5284202;0.12745197,0.13077427;-0.6124252,-1.426485;-0.6426666,-0.05340926;-0.130223,-0.39062923;1.972221,1.4306687;-0.66394055,-1.4021057;-1.1074511,-1.1584852;0.5223148,0.64754635;0.7920908,1.0994264;0.34417412,0.63288456;-0.44319087,0.32557103;-0.48217002,0.4581679;-0.14774007,0.44096327;-0.50758994,-1.1144158;0.0413688,0.80472237;1.4050994,0.8251667;-1.0788482,-1.7922333;1.2698432,1.2136798;0.9092764,0.57535034;0.7152478,0.77861524;0.46388894,1.0633723;-0.71054727,-0.2457908;-0.38174632,-1.1908079;0.9245652,0.80115175;0.859282,0.7689098;-1.0763342,0.3972299;0.6099053,-0.24078265;0.042486113,-0.22281918;1.2011627,1.3475729;0.012054757,0.7781496;-0.6210665,-0.36120924;-0.37886226,-1.6310849;-0.60469884,-0.8439256;-0.9590185,-0.89385265;-1.2139119,-1.6504663;2.2781694,1.1232256;-1.0934775,-1.1132988;0.43217275,0.51611185;-0.84665924,-0.87464684;0.8884806,0.88286847;-1.3066576,-1.920337;-0.2901751,-1.4927058;0.13784298,-0.4117294;2.0840712,1.3918339;-1.3778361,-1.2676013;0.3515234,0.5632902;-0.21205908,-1.3799287;1.6976587,1.2164338;-0.41289845,-1.2864636;0.91518134,1.2142648;-0.814112,-0.6911261;-0.9766808,-1.8887748;-0.7210308,-1.505762;0.308865,0.31956753;-1.1062084,0.42125055;-1.2807345,-1.5853304;-1.3684574,-1.4650736;-0.43017215,-0.7467945;1.6602533,1.0227873;-0.7635867,-0.6229226;-0.8002852,-1.6900344;0.51063955,0.43234608;1.0281607,0.60031205;0.02671622,0.7379434;-0.9131884,-0.17162184;0.289477,-0.15704827;-1.2198315,-1.6794876;2.0865598,1.2229555;-1.0623715,-0.04792513;1.7910619,1.4982109;1.8289925,1.1923248;-1.0686508,-1.9387167;-1.1004913,-0.666371;-1.1460596,0.3446065;0.4482695,0.17497616;0.14755662,0.012023129;-0.42788616,0.235387;-0.33317155,-1.1824441;-0.46493614,-1.1611047;-0.014603636,-0.17628893;0.19077107,0.1880532;-1.3889608,-1.4084518;-0.98231614,-0.8332207;1.5994636,1.1052322;1.0599613,1.0640215;-0.12034813,0.4643963;-0.6038925,-1.1181122;1.0816399,0.99345684;0.16172168,-0.105050325;-0.91421396,-0.0027969328;0.57669544,0.59057105;-0.70578367,-1.9199959;-0.67795867,-0.88454056;2.3938003,1.1702441;0.4950415,0.69592947;0.019921908,-0.37841833;-0.67391866,-0.36392626;0.37616614,-0.34180984;1.7704911,1.0601022;-0.80098206,0.4015837;0.17863674,0.5641771;-1.0218279,-1.8261924;1.3023493,1.3120451;0.46245512,-0.3008075;1.0031141,0.43604222;-0.8171532,-0.6926889;-1.3445483,-0.8146622;2.073873,1.1907799;-0.59712493,-1.4319544;-0.5500475,0.24268186;0.14994045,1.0617899;-0.70001835,-1.9494929;0.53663373,-0.0034886915;-1.3677112,-0.29102302;1.3737297,1.3471376;0.5013936,-0.046009112;0.045321546,-0.51856124;-0.4286831,0.46571368;-0.7896344,-0.91490394;2.03613,1.2964795;1.0191122,0.6335487;-0.7105219,-0.25654146;2.0181568,1.3943985;2.341607,1.1362703;1.998814,1.1404201;-0.75351065,-1.5335395;-0.6390536,0.36759612;-1.0411956,0.3653148;1.252775,1.1448019;1.2089329,0.9459915;2.248467,1.2047261;-1.2710363,-1.1889384;0.7347841,-0.12916611;0.84939396,0.6016148;-0.6168687,-1.2821244;-0.16494524,0.7045575;-1.4140605,-0.97699946;0.15081567,0.107679695;0.14967741,0.23248397;-1.0912681,-2.0613036;1.7148645,1.4937023;-0.19803716,-1.3476704;-0.56067616,0.865325;-0.5405605,0.55515444;-0.018949067,-0.35743114;1.5778917,1.4882835;-0.8932501,-1.5878786;1.0398701,0.595912;0.023191616,-0.36885163;1.0834352,1.0364553;-0.26133186,-1.2864577;-0.35858354,-1.5913987;-0.32485244,0.10541678;1.2803988,1.4612038;-0.7094081,0.7025919;1.1617491,1.4572023;-1.3338275,-1.9748455;1.9852326,1.4083704;-0.61168736,-0.2597396;-0.9691308,-0.0771363;-0.15242267,0.89814633;-0.5065489,-1.2693038;-0.34364522,0.8920903;-0.43744302,0.8535559;-1.1028651,-0.86900735;-0.26024854,-0.29415247;-0.37765235,-0.69519556;0.16435511,0.40182972;1.7776228,1.404438;0.8712953,1.3979503;-0.5067727,-1.2738059;-1.3346179,-0.49359438;0.49714744,0.40778992;0.7957411,0.8824829;0.847064,1.1928437;1.5390534,1.4891919;-0.60469395,0.73945;-0.24441817,-1.1483169;1.2603309,0.9447666;1.6886741,1.3895329;-0.9566367,-0.5333037;-0.3746181,0.7084533;-0.2392274,-1.4365655;-0.28712857,-0.053724907;1.3857505,1.0256795;2.1366997,1.2900996;-0.67156076,-0.090420574;-0.7007246,-0.036626402;-0.5494076,0.4669152;-0.32514468,-0.61536056;2.2392771,1.3219634;-1.060013,-0.09678204;-0.95591325,0.4703126;-0.59266335,0.059872698;0.25828615,0.7463926;0.59261596,-0.07848154;-0.6919272,-0.9028749;-0.22883497,-0.21729936;0.16955064,0.4835026;-0.8194495,-0.45397195;0.8437486,0.74674386;0.0391911,-0.51996386;-1.1434886,-0.8809798;0.6047972,0.6779045;0.23891783,0.04277948;1.8726296,1.3706911;-0.81109357,-1.9802468;-0.31154013,0.0812476;1.1509206,0.592991;-0.0061224047,-0.51069224;-0.8846128,-0.7544065;-0.9007107,0.38252985;-0.06148604,0.87313557;-0.50015724,0.7185956;2.0818338,1.3076165;-0.30120483,0.0531015;-1.0696807,-0.739099;-0.76374274,-1.2183018;-0.5785001,-1.4680272;-0.9967544,-0.17624685;-0.63773036,0.6624929;0.05972685,-0.503151;0.66602135,0.6706509;1.6794548,1.514188;0.19147785,0.67300797;0.5770064,-0.138489;-1.3753031,-1.4461272;1.6608418,0.9878657;0.3279993,0.8216969;0.541057,1.1632935;-0.94373196,0.52335685;0.06001149,-0.18371646;1.2887408,0.7021759;1.6235132,1.1385001;-0.52247465,-0.20626159;0.62611794,0.39083272;-0.5844565,0.77045375;-1.0503353,0.007575485;0.9083642,0.5923161;2.045901,1.2918671;0.23744534,0.114265166;-1.1134499,-0.09854928;1.5881406,1.0361155;1.1766092,0.9305672;-1.0881828,0.29467246;-0.71285063,0.6745223;-0.47441873,-1.5556625;-0.80701244,-1.718425;-1.3150066,-0.9652704;0.7711818,0.91687644;0.26658335,0.69166434;-0.6395435,-0.85388935;-1.0098975,-0.8899669;1.596505,1.2236644;0.8268407,1.1160051;0.8408716,1.2951229;0.46271664,0.10894409;-0.8971161,-1.178383;2.2552264,1.2756585;0.9707533,1.0234152;0.8337651,1.1633978;-0.5927422,-1.1980371;0.6519632,-0.17489794;0.7285658,0.6589424;2.068506,1.3420863;1.849252,1.4044715;-1.3405328,-2.0097525;-1.0821449,-1.5218166;-1.0793997,-0.8092226;0.9984481,0.5245627;-1.0185503,-1.8942174;-0.37292546,-0.7068054;2.357367,1.1864545;1.0007429,1.174204;1.0777955,1.0137223;-0.32604936,-0.6218444;-0.62102306,0.72859794;-1.2955259,-1.7449154;0.67039305,-0.09854273;-0.5558976,0.49476305;-0.909196,0.42304125;-1.331804,-0.9326091;1.5192933,1.1598109;0.5084967,-0.06403056;-1.2994105,-1.8957084;-1.3845417,-1.4838523;-0.664819,-0.400021;-1.0796258,-2.0004845;-1.3430418,-0.88015944;-0.88362813,-0.9257447;0.17274815,0.51811004;-1.1542788,-2.0479643;0.08218693,1.0158489;1.4108677,1.442691;0.16984518,-0.41910225;-0.88146335,-0.8082375
p3d-kl
0.72501540184021
p3d-iter
599
p3d
-0.57803375,0.9502216,-1.6788751;0.7173767,-0.12213809,-0.79847854;0.9574994,0.037332147,0.029264979;-1.2990203,0.9968546,-0.6722946;-0.31802672,0.982343,-0.58220613;-0.9127482,-0.52733064,0.09109196;-0.01376048,0.88101894,-0.8911663;-0.050015047,-0.33144033,-0.71943784;-0.8557214,-1.2486348,0.41266498;0.2542188,-0.64986354,-1.0808986;-1.3119686,0.48186043,-1.0341846;0.22557916,0.4793773,0.65364695;-1.3231074,1.1451013,-1.1632389;-0.2629352,-0.17738657,0.6965404;0.019915558,-0.52672535,0.84488267;-1.2009709,0.98381436,-1.0312157;-1.341882,1.6958008,-1.4363098;-1.1327704,0.96765935,-0.93844026;-0.89552826,-0.43805915,0.06526636;0.26189902,0.14838555,0.63159525;0.3761711,0.07065177,1.3494893;0.24985598,0.65663326,1.201141;-0.19136621,-0.1207315,-1.0884482;1.1899998,-1.395193,0.8404637;-0.4193129,-0.5131113,0.68484706;-0.6983219,0.6307593,0.5382631;-0.079537064,-0.43362898,0.99701166;1.0535866,-1.3652016,0.5542501;0.35648626,-0.17769268,0.7781681;-0.5092422,1.0379149,-0.75297993;-1.4199966,0.10821864,-0.26781216;-1.3907622,0.5349416,-1.0332932;0.7979305,0.23419772,0.7215142;0.7138676,-1.1743608,0.5199076;-0.83179355,1.6148827,-1.5411791;-0.77244145,-0.6329275,0.95182794;1.1569922,-0.46439418,0.0026414804;0.5035989,-0.066623695,0.70463586;1.1381388,-1.4103605,0.9120346;-1.2227241,0.40674514,-0.47378558;-0.84720814,0.85465866,-1.8907325;-0.12390901,-0.75692713,0.20367406;-0.54937667,-0.45146865,0.4075497;-1.3106012,-0.522493,-0.6870236;-0.6111427,0.3944098,0.30557165;0.57281643,-0.10987036,1.3270824;0.011096279,0.18393835,1.4517696;-0.3433068,1.3904123,-1.3509438;1.6900686,-1.2959423,0.9989738;0.33956668,-1.4089075,1.0794445;-1.42808,0.35441855,0.14380209;-0.7098407,-0.5729014,1.0238733;0.0031525535,0.21156098,0.4985108;0.5401066,-0.049959466,1.3252007;-1.1737874,1.0090388,-0.9742595;0.8159025,-0.36808434,-0.5884509;0.70012265,-0.8059191,0.5589768;1.4989522,-1.4868414,1.1680003;-1.3295559,0.049717613,-0.841943;-0.8395989,-1.3488867,0.2360565;-1.6295322,0.25824443,-0.5402415;0.30347303,-0.7508333,-0.9102251;-0.6605613,0.58218765,-1.7057334;-0.99140096,1.1276772,0.12465014;-0.47424614,0.87988293,-1.1588829;-1.571414,1.7419211,-1.6054127;0.86541015,-0.13377698,0.6119428;1.3517125,-1.4028485,0.641039;-0.9874363,0.26201004,-0.8717773;0.1928345,0.084494606,-0.6768889;-0.96193945,1.131679,0.14018904;0.73193777,-0.9432694,1.2706802;-0.5236609,1.0885292,-0.049990654;0.70604384,-1.2845324,0.9515645;-0.17896222,0.80179757,-1.572485;-1.6379778,1.7902881,-2.0622077;-0.67613924,-1.1919582,-0.31986964;-1.5491074,1.2267414,-1.3241235;0.52882105,-0.7638787,0.8757296;-0.5384358,-0.60584116,-0.010180917;-1.0205827,1.6353859,-0.7873594;-0.8699478,1.7020394,-1.5561253;1.4510655,-1.8418509,1.2292024;0.13252278,0.58298534,1.1638516;-1.3747612,0.332061,-0.99723893;-0.941412,1.7270674,-0.69938976;-1.1483113,0.93508273,-0.70720994;0.7097361,-1.4490815,1.0514127;0.43054223,0.55454564,1.0104609;-1.3057804,1.5823921,-1.0662525;-0.5309461,1.0391878,-0.97529966;0.7384348,-0.14972651,-0.78041947;1.1471728,-1.108213,0.14429985;-0.9406232,1.5384984,-1.7739202;0.23300858,0.6783521,0.032054733;-1.6475466,1.7901872,-1.9207097;-0.91377383,-0.7311749,0.017815882;-0.758968,0.6397864,0.51381093;2.0648532,-1.549759,1.6931546;-1.1914005,-0.8373846,-0.28090298;-0.11033012,-0.69100964,0.6531036;-1.1380023,1.4513764,-1.9933256;1.4615445,-0.5636467,0.42805007;0.149001,0.5730768,0.269342;-0.4369108,0.024133258,0.5293474;-0.86515135,-1.2299796,0.4418482;-1.4550469,0.32721308,0.07742635;0.87308884,-0.1480465,0.30198273;-1.0217488,0.451206,-0.6999313;-0.74108714,0.5884354,0.5936128;-0.69699633,0.6210145,-1.7992053;2.0602188,-1.6178465,1.4530873;0.5100232,0.507078,0.9491252;0.21499711,0.04216576,1.2256786;1.5037675,-0.7801925,0.69169915;-0.69795746,-0.6012365,-0.42311066;0.5437332,0.92341137,0.081372306;-1.3218437,1.6007953,-2.0621436;0.5067208,0.14830156,0.55405456;-1.2420808,0.27522936,-0.5579254;-0.7147986,-0.3300487,1.0210096;-1.1587273,1.4411824,-2.0145407;1.1906222,-0.6848406,0.6909546;0.23168194,0.2853344,-0.4209671;1.5325928,-0.8829513,0.64702713;-1.0999388,-0.8096783,-0.45589077;-0.9051383,1.3451142,-0.59670717;-0.8049519,-0.7004551,-0.42193457;1.5843053,-1.5449378,1.3648549;-0.24177636,1.4007536,-1.0997512;-0.72703713,0.00466558,-0.34161526;-0.52521753,-0.6515275,1.1640007;1.1553204,-0.5479255,0.7135898;1.9475756,-1.7644883,1.4529881;0.26328403,-0.96698385,0.7698792;-0.13533461,1.018248,-0.4255266;1.4932843,-0.7033104,0.6835974;2.310111,-1.6814097,1.778169;-1.0277252,1.3619567,-1.9185005;-0.9798172,1.5907829,-1.6389505;-0.49743196,-0.95695406,-0.24699348;-0.13643219,-0.47203887,-0.60824645;-0.55201685,-1.1579015,0.058992706;-0.07472893,0.91112095,-0.32770088;1.8153863,-1.5281445,1.4992397;-1.0722033,1.2676814,0.3484638;1.4228477,-1.8167903,1.4117004;-0.7996028,0.7738305,0.45068187;1.0989956,-0.7099941,0.63918406;-0.4585311,1.739562,-0.5997737;-1.4946256,1.9215614,-1.3460017;-0.7429806,1.7377028,-1.3947433;0.024517134,-0.4752953,-0.9098123;0.5444073,-1.0340551,-0.54583985;0.40858012,-1.3886532,1.3056066;1.502604,-1.6939615,0.8688343;-0.1014176,-0.93459004,0.6636943;0.82849574,-0.6700006,-0.08802013;1.6317903,-1.3531221,0.84639186;0.025196092,0.46141392,1.4520941;-1.6593281,1.1202719,-0.708879;0.11769652,0.5317214,-0.8997868;2.0196095,-1.4462649,1.7135792;1.2342552,-1.6309758,1.2970167;-0.96827203,1.3498882,-1.8817359;-0.30547115,-0.6127326,-0.48281547;-0.905779,-0.027415954,-0.4728999;-0.3496209,0.21360628,0.70034564;0.41742998,-0.0420698,0.77119607;1.2905915,-1.6026764,1.3965213;-1.332514,0.4775969,-1.0544193;-1.1867714,0.6815083,-0.51661575;-0.74445075,-0.5579692,-0.44374692;-0.61991006,0.86666214,-1.6569291;2.230766,-1.6309828,1.8477678;-1.1421316,-0.718086,-0.5000435;-0.86270225,-1.0648334,-0.15380213;0.06615544,0.14718358,1.4224352;0.5733605,-0.96589804,1.1751738;0.9047069,-0.49106959,1.0412452;-0.8632753,-1.2155772,0.45427802;-1.4686756,0.08471546,-0.4048401;-1.6623404,1.1206468,-1.1481442;1.0482775,-0.85410595,1.5511707;2.208469,-1.448448,1.6541663;-0.19452451,1.0237585,-0.44845495;-0.92082584,0.926031,-1.9003938;1.0874343,-1.6680429,0.5514928;0.81294554,0.5264652,0.16734606;1.398534,-0.55094004,0.63967645;-1.6256748,0.31365302,-0.563116;-1.2981255,-0.15075183,-0.8322067;-0.42469862,1.3254412,-0.74921435;1.3593788,-1.5052176,0.99019665;-0.8069075,-0.8301322,0.7499232;-1.1118244,0.55872595,-0.6098337;0.04293446,-0.37854728,0.86766756;0.21959542,-0.0462503,-0.96349734;1.1506402,-0.47173774,0.6899848;1.2899742,-1.7173532,0.6668354;-1.3959012,0.15071854,-0.3852738;-0.87824583,-1.2146144,0.4414912;-0.68130773,-0.016632557,0.9606978;-0.103157885,0.27697593,1.0983338;-0.06068353,-0.63039315,0.9906025;-0.60589695,0.96586573,-1.7132517;-0.40373033,1.3309381,-0.6487771;0.3859935,-0.44486016,-0.114477396;1.6374613,-1.4103904,1.1100796;0.94252163,-1.3606923,0.54450464;-0.7453951,1.7336608,-1.5260012;2.1664183,-1.6172748,1.7059957;0.28715813,-0.09349388,-0.68262464;0.7585238,-0.2128259,-0.76050967;2.2038195,-1.8242911,1.6369308;-0.6894049,-0.5525176,0.5474388;0.045754883,0.92327833,-0.9292065;0.98713773,-0.3882111,0.99471736;0.13919038,0.38799882,-0.56475604;-0.1980748,1.3248581,-1.1542333;-0.051752105,0.06451226,-1.1517305;-1.3925472,-0.047530845,-0.07385629;1.0405465,-1.134351,0.4393431;0.7947854,-1.1528766,0.7265012;-0.7259617,0.6278802,0.5442523;-1.4950271,0.51988393,-0.6968877;0.26412413,-0.65993327,-0.9325535;0.22877845,0.34458983,-0.09946653;-0.5245147,1.0705817,-0.8309821;1.9205303,-0.94563043,1.3600705;0.26118755,-0.5657353,-0.9483867;0.03602884,1.1231344,-0.11715503;-1.3561696,1.3668587,-1.5026933;-1.3292916,0.09598821,-0.13066573;1.3556075,-0.36184335,0.3428101;0.21855666,-0.93553007,0.7586525;-1.157342,1.4476898,-2.0105329;1.2752013,-0.55763084,0.7510057;-0.5775515,-0.17823283,1.0002645;1.0511031,-0.65386313,1.2995101;-1.691135,1.2843946,-1.2181082;1.553008,-0.39498475,1.0941702;-0.5995196,1.1284617,-0.09894059;1.5184665,-1.0833175,1.2940506;1.6115801,-1.3536295,1.644981;-1.6392964,1.7947639,-1.894207;-0.96908706,1.2595487,-0.61806047;0.84815884,0.060580056,0.48645616;0.56841695,0.6132713,0.7942231;-0.11847656,1.1062634,-0.2050441;-0.6974343,-0.3161095,1.0149149;-0.42895165,0.15454836,0.95931864;-0.73768026,1.6692907,-1.3468463;1.0532813,-1.5350051,0.6073872;0.3753144,-1.4315363,0.9981887;-0.24798012,-0.4368351,0.4058975;-0.5653277,-0.6167084,1.1375352;0.6666966,-0.07624913,0.118892446;-0.93044436,1.3060849,-0.77384996;-1.0079378,1.5437958,-0.52258414;-0.08881169,-0.747243,0.6295396;1.5762761,-0.9474535,0.77808666;-0.048620693,-0.40876395,-0.730818;-0.6926064,-0.3594989,-0.4475714;0.018896818,0.5293009,-0.78290915;-0.41822922,1.5361085,-1.278381;0.01231855,1.0935453,-0.107989416;0.8076618,0.56563926,0.11604872;1.6811111,-1.9390236,1.1819471;1.3379248,-1.8120667,1.123413;-0.5864531,0.97260654,-0.833253;0.7482781,0.1002199,0.9892274;0.16885836,0.67074233,0.53753924;-0.84728456,0.8650186,0.34297767;-0.5788607,1.3784777,-0.87338924;-1.1646259,-0.7447517,-0.5093836;-1.5127809,1.8205438,-1.6546149;0.6911904,-1.3572955,0.91540694;-1.5679868,0.75423,-0.59087044;0.41754842,-0.095804416,-0.10482234;-0.79360414,0.788906,-1.8581593;-0.06279729,-0.8083329,0.12848955;1.4850568,-0.95727956,0.78959864;1.5961232,-0.5853305,1.1143869;0.01336959,0.9854758,-0.13459826;-0.75970966,-0.57899517,0.9715027;0.665812,-0.05428094,0.1283126;1.1264702,-0.9164506,0.15757778;-1.2730317,1.7473122,-1.1870713;-0.9748322,1.60697,-1.6677008;-1.6051655,1.7840734,-1.7223315;1.9109558,-0.84669113,1.4917921;-0.083551176,-0.89242476,0.7229254;0.33924854,-0.03536636,0.8014597;-1.586328,1.7415372,-1.613056;-0.5873255,0.6356682,-0.18392277;-0.69576013,0.40297216,-0.23957407;0.33782518,0.29808956,-0.05060281;0.3599899,-0.59698355,-0.22440985;1.7284876,-1.5324026,1.3262933;-1.524697,1.7294638,-2.2904994;0.9360692,-0.19438514,-0.21015754;0.16171128,0.6340414,0.6679852;0.15899237,0.54966193,1.684829;-1.0477529,-1.068142,-0.28758562;-1.063335,1.6289428,-1.7391095;-0.21983981,0.8588746,-1.6258168;-0.45876384,0.5925564,-1.6633734;-0.71540886,1.4579068,-1.5752252;1.6959487,-0.6201175,1.0278891;-1.5640734,1.8493516,-2.0419545;1.2304208,-1.5899796,1.3216097;-0.6566271,-0.34373,-0.22840449;0.300386,-0.87447506,1.0197477;-1.4399098,1.4176482,-1.2065579;-0.7520762,-0.60191476,-0.46675462;-1.5299631,0.63472563,-0.11280132;0.46448883,-0.88827443,1.0907031;-0.35634747,0.2567197,0.9581806;-0.3405473,0.8659427,0.18628988;-1.3852745,1.760329,-1.5430725;-0.56221265,1.0382544,-0.76322985;-0.6408345,1.2270598,-0.7208616;-1.2811477,1.3545201,-1.1768988;0.3983988,-0.85044456,1.083654;-0.08671771,0.6710062,-1.534344;1.648665,-1.9687366,1.1422068;0.3318616,0.20741844,0.67829853;0.6255718,0.8472079,0.17083836;1.9825629,-1.4030118,1.6106751;-1.2855624,-0.3084835,-0.77428603;-1.009975,-0.8262967,-0.41204408;1.6694264,-0.60583586,1.0213822;-1.5806377,0.20117316,-0.13881132;-1.5720335,1.7579715,-1.6608701;-1.1158613,0.5085921,-0.5897886;-1.5127106,0.7030842,-0.8425765;0.33627576,0.17559497,-0.10353413;1.5774716,-0.85552853,1.3313427;1.1316556,-1.0636955,1.462835;0.38738894,-0.6806728,-0.19530176;-0.33298862,-0.5524136,0.38780698;0.11871419,0.48401588,1.3464143;2.1545787,-1.4301685,1.5901632;1.2965558,-1.85716,1.3739434;-0.8480775,-0.58774227,-0.478933;-1.2640511,1.2287104,-1.2159435;-0.7984191,-0.08063509,0.20412622;-0.24727432,0.7903001,0.25710827;-0.5973344,1.1382992,-0.79665977;-0.35240307,-0.122773685,0.23276892;-0.03548763,-0.859986,0.8583135;-0.1562127,-0.042325586,0.70038766;1.4754763,-1.5554963,1.5991395;-0.39959034,0.89116013,-0.8033568;0.23357573,-0.6046049,-0.91345036;-0.76799387,-1.2629652,-0.20990205;0.18243356,0.4007989,1.6432996;-0.5266314,-0.337948,0.33233154;0.27242145,-0.29148957,-0.29357883;-1.2923915,1.7768672,-1.2524265;-1.3999943,1.6703637,-2.117535;-0.36145574,1.4780279,-1.2553205;0.10812762,0.41842112,0.3953637;0.6874529,-0.0023242654,-0.5345622;-1.1117477,0.47604424,-0.2857305;-0.3984395,0.4223296,0.51276785;0.18171754,0.34856537,1.7039355;-1.338058,0.18688042,-0.4139584;0.46509328,0.06399701,0.66786647;-1.6664317,1.107681,-1.11635;0.099630475,-0.30799267,-0.6687007;0.87657,-1.7004058,0.9724596;0.11924033,-0.27470312,0.9895977;-0.9414622,-0.54806244,-0.5102442;0.46131578,-1.5140787,1.3120289;-0.3159569,0.62883633,0.45897645;0.29398045,0.6539132,-0.061418626;-0.59807605,-0.8106697,-0.4527104;-1.3383852,1.8204583,-0.9759642;-0.06559298,0.66901594,-1.527786;1.0674849,-0.74007034,-0.012952064;0.60678875,-0.8774405,-0.31142226;-0.6814394,-0.8605439,-0.2819327;-1.348092,1.1918422,-1.2483783;0.83318156,0.40323725,0.32132438;0.8175709,-0.27163562,0.5841327;-0.71026295,-0.7139353,0.88604206;1.1029496,-0.8662765,1.4615217;-1.6111463,0.8795142,-0.57496846;-0.63853925,0.98284584,-0.2107017;-0.61353016,-0.3101206,0.3493477;0.807586,-0.29862598,0.037843037;0.6510026,-1.5249603,1.010071;-1.0212742,1.0993156,-1.9297026;-1.3463436,0.5838134,-1.0751956;-1.0345252,1.2674941,0.022418447;-1.4126071,1.464761,-1.5272825;1.4587363,-1.8209188,0.94457686;0.25022146,-0.026303902,-0.43606472;-0.30857104,-0.23067394,0.28415838;-0.7750034,1.814455,-1.3471076;0.8373033,-1.551585,1.0981765;2.1058078,-1.6426767,1.4511234;0.90174407,-0.80965775,0.35785127;-0.7448192,0.5938703,0.56848216;-0.52422047,-0.8809776,-0.16468763;0.601195,-0.5918893,1.1018096;2.1729774,-1.607079,1.7989211;2.2099416,-1.7635119,1.6787975;1.143099,-1.5510316,0.31180653;0.8801536,-1.7822042,0.68625367;-0.36355293,1.0041491,-1.7110466;0.3727743,-0.62055546,-0.32600266;-0.81054914,-0.8267194,0.8086995;-1.6413474,1.065364,-0.58337235;-0.19014269,1.2922385,-1.2764007;0.6432713,0.3957515,0.19551772;0.5130694,-0.089411244,0.36764467;0.33478224,0.41947457,-0.24657923;-0.8041472,-0.08195831,0.064169444;1.3453134,-0.57584023,0.70900095;-0.30052117,-0.01577963,-1.1494935;-1.3071574,0.45124564,0.07542035;2.0787988,-1.4487339,1.8080034;-0.35961345,0.93982226,-0.64339095;-0.7512782,1.0436536,-0.89501834;0.34543473,0.5362175,0.6993261;0.64831287,-1.464882,0.9915857;0.2906919,0.48952028,-1.0565679;-1.3185421,0.016534967,-0.9142214;-0.47166675,1.0706611,-0.0015783478;-0.03787483,-0.19666871,0.97367233;0.8449935,-1.0531068,1.2789907;-1.6930618,1.3010484,-1.1243392;-0.65108097,1.15276,-0.1543128;0.4478082,-0.22661743,-0.0644497;1.6672103,-1.7645118,1.3384393;-0.4475872,0.20504972,0.102850646;-0.55067885,-0.047038067,0.33677313;-0.22671269,-0.55212057,0.40795588;-1.1699126,0.32268435,0.07811696;-0.57735837,1.3295212,-1.5751194;-0.6987802,1.6370969,-1.4932364;-0.11948991,-0.7666362,0.6246557;-0.36255175,-0.4381092,0.46580142;0.14932227,-0.0012831789,-1.1124972;0.91934574,-0.300269,0.94234115;-0.6949298,0.3535778,-0.23481585;-1.3357489,1.7399113,-1.005518;0.5476672,1.0519826,0.04816655;1.7143937,-1.6240869,1.091304;-1.3548199,1.7146965,-1.212876;-0.3942758,1.2453923,-0.5040962;-0.8991531,1.5535861,-1.4945893;-1.3182054,-0.00042863077,-0.9001701;-0.31811598,0.19443652,0.96127963;0.63859415,-1.4071969,0.9692232;0.06420253,-0.910203,0.97280973;0.25393116,-0.14358997,-0.614;-0.24519958,-0.06283609,-1.2584032;0.7967242,-1.7805728,0.7505624;0.42447793,-0.9694019,1.1726531;1.0663873,-0.9567015,1.5681036;-1.0396072,0.20055544,-0.54964185;-0.96516794,1.3324478,-0.5886165;-0.34393108,0.21562834,0.7160635;-0.72517526,1.748813,-1.2892245;2.328177,-1.6946832,1.8328661;0.6015395,-1.0062709,1.0321388;-0.054505836,0.43417203,1.5772804;0.7801575,-0.78650266,-0.15276882;1.4508387,-0.5369385,0.387302;0.8279606,-0.18402645,0.44109148;0.89567345,0.31443298,0.37273043;-0.56401926,-0.9137782,-0.3138218;0.32942405,0.3810415,-1.0168073;0.5954879,0.6493614,0.74871576;0.109237336,0.43349928,0.5244185;1.5070972,-1.5847093,1.0606319;-0.791491,0.7682943,0.4557789;0.73069024,0.09449903,1.0477631;-1.4650294,0.85929537,-0.7618146;0.30572134,-0.51332,-0.32919398;1.5229561,-0.59012556,1.126773;-0.8609515,0.8461575,0.2182855;-0.8627183,1.404982,-1.9096049;-0.5979382,-0.4368893,0.4380885;-0.27789176,0.16503385,0.98803014;0.65911484,-0.039720476,0.43288475;-1.64474,1.7815821,-2.1285768;-1.0311624,1.2400732,0.31723398;1.3819922,-1.868305,1.186295;0.8389386,-1.7560459,0.853165;1.9508013,-1.747396,1.4583789;-0.22774413,0.087467276,1.018928;-1.0515639,-1.1053145,-0.180437;1.310839,-1.4494265,1.5619533;1.6142324,-1.373673,1.6498344;-1.2748964,-0.50887775,-0.66190225;-1.5928229,1.7994359,-1.7545645;-1.201165,1.6989473,-1.4208103;0.7221112,-0.095875,-0.50149995;1.5414914,-1.2910154,1.3143953;0.54430825,-0.32605097,-0.7151334;0.68894744,0.7858674,0.2862807;1.4117262,-1.9249232,1.178798;0.88219506,-0.72919303,0.16650133;0.59547585,-0.66556656,-0.643304;0.65186167,-1.3515989,0.82861674;-1.6042608,1.1605104,-0.31631365;-0.55969745,-0.62151337,1.1436961;-0.93473125,1.003828,0.19025652;0.91957366,-0.68677044,0.20123495;1.0387065,-0.60524166,-0.018293057;-1.4652619,1.7092276,-2.1932724;1.1470586,-1.6784704,0.6119899;-0.64172924,1.5169207,-1.1705275;1.1039007,-0.39925367,-0.057167776;-0.44969088,1.6658962,-0.8356518;0.17420478,-0.54909295,-0.9545756;-0.6419362,-0.37341157,-0.6057946;-1.2680403,0.31144592,-0.35544726;1.4422767,-1.2186524,0.861056;0.1569151,0.81136125,0.6165303;0.3642162,0.0778756,1.3586329;-1.4687662,0.517722,-0.9195136;-0.4671473,1.6813257,-0.647784;-1.2018424,0.34036982,-0.4628522;-1.2781397,0.40721282,0.06392566;-1.0636146,0.41246903,-0.5585898;0.40480995,-0.8505836,1.1202459;-0.32496715,-0.19377321,0.30912915;1.1235776,-1.3706651,1.1362811;-0.53600854,1.3660514,-1.2713135;-0.6656934,1.1784475,-0.17764203;0.8098962,-0.12549013,-0.43184218;-0.056909278,0.47782505,1.5751147;-0.45639083,-0.93525654,-0.27931452;1.9637262,-1.6487586,1.7665983;-0.98781055,0.19580717,-0.50056934;1.199316,-1.2704252,1.5004731;-1.2350614,0.39981097,-0.13981977;0.79401547,-1.3255411,1.3058317;0.34375018,0.46563664,-0.2708157;-0.6023849,1.1124765,-0.09740209;-1.0024023,1.1709408,-0.85599893;1.179817,-0.67705756,1.2426522;0.8467356,-0.94386464,1.3671066;-1.5425425,0.70808786,-0.1830597;-1.6083512,1.1568903,-0.33504346;0.37140945,-0.009581439,-0.7594942;1.0476328,-0.6228791,1.2836286;-0.61148834,0.20555091,0.27027097;0.023939183,-0.38274544,0.9499727;-0.05748909,0.07130876,-1.1707928;0.28263146,0.562833,0.54429185;0.34645402,-1.1373671,1.0408322;0.5567249,-0.6847755,-0.67384213;0.45473865,-0.5806862,-0.80523294;-1.3021001,1.7758026,-1.2739129;1.9744215,-1.8038992,1.5070578;0.8221336,-1.7944194,0.78626233;-0.21045214,1.3889221,-0.052443303;0.9062912,-1.62861,0.6577601;-0.75965166,1.7221893,-1.6106077;0.994407,0.16522363,0.47197166;1.3675653,-0.44880825,0.95933175;0.5765361,-1.0723293,1.0508944;1.5634807,-1.2056088,1.592387;-1.3865918,1.8807529,-0.98013437;-0.75311506,-0.15926948,0.09129298;-0.6901303,1.1902927,-0.6119272;0.22891544,0.6007625,0.58094543;0.16569456,0.77318746,0.60595125;-0.6486048,0.9700378,-1.7596011;2.1667235,-1.8088847,1.5975895;-0.3862743,0.8379936,-1.7078881;-0.022144137,0.66802883,-1.4418583;0.8912376,-0.434904,-0.39057785;-1.239705,-0.45909348,-0.7312071;-0.76773465,0.7451233,0.44398093;-1.0242625,1.2830199,0.1267088;-0.93004787,1.6446674,-1.444705;2.0694747,-1.8014545,1.5527109;-1.3969265,0.46617377,0.24756114;-0.017484382,-0.9088317,0.8932695;0.40106395,-0.16096391,-0.73453236;0.3509067,-1.4815286,0.9810195;0.30673516,0.47344074,-1.0480945;0.30229923,-0.7148908,-0.8803264;-1.4865774,0.10039622,-0.43088782;-0.55243164,-1.053041,-0.30940622;-0.9319464,-0.13931185,-0.5043964;-0.539361,1.4881655,-1.1467897;-1.5093875,1.7293472,-2.2626872;0.008834101,-0.4114749,-0.84768695;0.18793543,1.0502244,0.48475885;-0.44335055,1.2181144,-1.5639364;-0.17070192,-0.74747515,0.6400858;1.136592,-1.5445629,0.2696319;1.7545738,-1.5495098,0.95645666;-0.14911145,-0.10563306,0.7690002;0.589514,1.0633291,0.052919075;-1.1272594,-0.7754482,-0.4895542;-0.39901105,0.04032318,0.17934069;0.25008115,0.3089104,0.7957137;0.14222126,0.5342731,0.5928433;1.4471736,-1.6933665,1.4737253;-0.21188465,-0.80180615,0.28483987;-1.6739018,1.7702492,-1.8878012;-1.1054621,-0.92011565,-0.40580633;0.4439057,0.40236852,0.095211305;-0.6526438,-0.4766109,-0.52840704;-0.6282539,1.4749689,-1.4939398;-0.35513,0.23840182,-1.4176329;-0.18965977,1.0644966,-0.37370926;0.42682043,-0.2388692,-0.079641685;1.7088175,-1.3363253,1.1047308;1.1909511,-0.9525247,1.3637257;-0.42751005,1.5126126,-1.2269518;1.9736402,-1.4108489,1.7253559;-0.34434527,0.84381425,-1.7303603;0.7262134,0.03897022,0.46116632;1.6685907,-1.6319354,1.1130838;-0.046122175,-0.5670058,0.98147345;1.1594155,-1.2538474,0.21914296;0.6482191,-0.09652236,0.09918772;1.5635562,-1.3997228,1.2800742;-0.22266869,-0.5314112,0.53534645;-0.7596486,1.722189,-1.6106074;1.0431248,-1.6137474,0.6666636;0.8014853,-0.8870576,0.84714586;0.6169233,0.9266598,0.10028908;-0.5720361,1.5318958,-1.2446942;-1.2771554,1.7354856,-1.4545203;0.80537707,-1.4366444,1.1427541;1.0527343,-0.6579924,1.2777053;0.15756343,0.5525427,0.44372472;0.51081026,-0.098492384,0.10735247;-1.5526268,1.811305,-2.126398;-0.62485254,0.22001709,0.26155263;0.47863683,-1.5528871,1.2979225;0.45423004,-0.84797347,1.1168072;1.7780155,-0.98904145,1.5075892;-0.9633156,1.3197157,-0.75718904;0.46275797,0.10192076,1.3179046;-0.43345946,0.21796969,-1.3869967;0.36002493,0.78170425,-0.09138434;1.5468949,-1.689089,1.311386;-1.0838832,1.6013454,-1.7904829;-0.2160548,1.3645331,-1.1232285;-1.0279481,1.2242975,0.24209456;0.5172387,0.48230404,0.95343184;0.675745,-0.6921676,0.5825148;-1.5087768,1.7242459,-2.271792;0.38108134,0.89221466,-0.14362192;-0.5427615,-1.2416708,-0.4508765;-1.3526449,1.346377,-1.4775648;-1.479911,1.8164316,-1.7281827;0.24369772,0.14709923,1.5381904;0.3463153,-0.2859287,-0.24161676;1.8299985,-0.7436801,1.5940211;0.72915137,-1.1873534,1.2680697;1.1623578,-0.9901243,0.29445532;0.2044858,-0.6566985,-0.96803975;-0.56392336,0.31835687,-1.1251651;-0.8688283,-0.59928125,-0.34565425;1.5945195,-1.534888,1.4953066;0.25938278,-0.8611793,1.0344384;0.44010684,-1.4886596,1.2777779;-0.6918343,0.85420865,0.24178787;-0.86273485,-1.3149732,-0.035265245;0.96995145,-0.27074116,0.6556347;0.19458747,0.71943295,0.63442564;-0.5391193,0.94579977,-1.658643;1.3859935,-0.43325984,0.36280125;-0.037380986,-0.29325977,-0.8329121;1.9463234,-1.5449603,1.6648864;0.1816021,0.035237197,-0.91476053;-0.27263027,1.0207585,-0.5107554;0.9983032,-1.2513404,0.64363074;-0.29643875,0.7675595,0.305881;1.4898684,-0.54832035,0.9873229;-0.8834957,1.6579359,-1.5900652;-0.73215926,0.020366946,-0.36051017;0.01663467,-0.22014262,-0.8589255;0.30182722,0.744208,0.03642262;-0.5818621,0.53221977,-1.7380427;1.287279,-0.3776188,0.21195471;-0.34896612,-0.13988593,0.24513368;-0.34203663,1.1943191,-1.4780695;-0.47726604,0.42731875,-1.2747418;0.038902707,-0.55552405,-0.96688;-0.80156887,-0.9182763,-0.30388477;-0.40115947,1.5409304,-1.282859;0.78403836,-0.22378841,-0.68591607;1.3979187,-1.0948528,0.8646954;0.5632817,-1.3983012,0.8625027;-1.0058076,1.1713685,0.089301825;-0.95076704,-0.4842121,0.2094057;-1.3982605,0.1295507,-0.31759703;0.72966623,0.16503297,0.4788588;-1.019079,1.5930957,-1.5313725;0.20799986,0.5332123,-0.2320583;-1.3345071,1.0787432,-0.69109243;-0.52479255,-0.9394456,-0.24452728;-0.19872406,-0.14198375,-1.238044;1.797346,-0.75122505,1.5490049;-1.2271227,1.0083714,-0.7138229;-0.59226197,1.622678,-1.4199672;0.5260624,0.052200425,0.2803685;0.73829114,-1.213727,0.7016022;0.15223353,-0.14880762,1.0302541;-0.5242695,-0.55842197,0.52668536;-0.27851307,-0.45462728,0.36566886;0.1530525,0.31101477,1.7330791;-1.2007911,-0.052204475,-0.5470815;0.15065299,0.6342476,1.1788713;1.4485339,-0.61248493,0.52427995;-1.4456744,1.9405521,-1.2076077;1.1714772,-1.3486909,1.0138304;0.8302028,-0.5512365,0.010189206;0.8210185,-0.1982444,0.5920843;0.3897175,-0.605391,0.8802183;-0.74015605,-0.4933304,-0.44328558;-1.458508,0.3205582,-0.46607855;0.9308731,-0.55254567,0.5214043;1.0635695,-0.07390195,0.5834147;-0.07827517,1.1366885,-0.19499902;0.6997732,-0.12816876,-0.81603855;0.08646326,-0.34188518,-0.62241894;1.2083081,-0.7501274,1.2415341;0.14686137,0.5909013,1.235185;-0.7194483,-0.112506256,-0.30093008;-1.6549294,1.1058326,-0.6667956;-0.32356727,0.11813016,-1.3321292;-0.4800208,1.0606502,-1.112779;-1.1272618,1.5761318,-1.7980539;2.200414,-1.8219265,1.6591117;-0.5426267,1.6151639,-1.3603096;0.62771755,0.7742299,0.47715876;-0.44652203,0.6548323,-1.1332196;1.0101347,-0.28957093,0.86909336;-1.3858758,1.6566002,-2.1249282;-1.5898262,0.80256253,-0.32112026;0.13596612,0.58172584,-0.9847586;1.9774606,-0.8265218,1.5198798;-0.6534254,0.5749663,-1.6499751;0.570843,0.70609754,0.78186214;-1.5542399,0.4846233,-0.115203805;1.603907,-1.7640787,1.3257339;-1.1653862,0.4434874,-0.09381246;0.8225762,-1.6711726,0.92544645;-0.33867705,1.5097483,-0.98522097;-1.4004565,1.4712476,-1.5614778;-1.172126,0.88076353,-0.8894001;0.3776325,0.90729797,-0.16194308;-0.021383304,0.947041,-0.23883605;-1.0243298,1.3582667,-1.8866024;-0.8801598,0.90541005,-1.897817;-0.15272644,0.7455779,-1.5590783;1.6568599,-1.3396933,0.85832095;-0.22237667,1.3382174,-1.0520577;-1.3472407,1.2092576,-1.0975549;0.6490446,0.8066304,0.15124035;1.0093073,-0.60010445,-0.021619072;0.07176735,0.513126,1.135286;-0.8994004,-0.4693611,0.08646992;0.38741788,-0.09952957,-0.75794494;-1.1677648,1.5725749,-1.8266737;1.9387195,-1.4882405,1.6203543;-1.0743747,-0.9860656,-0.2731251;1.7222848,-0.63160056,1.0909876;1.6757034,-1.560572,1.449296;-1.494303,1.8133024,-1.594578;-0.2887486,1.0198826,-0.5242433;-0.17282772,1.0462801,-0.37746736;0.39729968,-0.4653999,-0.12991877;0.3026089,-0.56636274,-0.89438546;-0.66559225,-0.51447517,0.5734837;-1.4320588,0.21922658,-0.2574783;-1.2758905,0.07039184,-0.48836023;-0.018591262,-0.111367114,-0.7853045;0.2233171,0.28721637,-0.17462443;-0.8103946,0.7833147,-1.8684849;-0.48357853,0.8912125,-0.98772484;1.5113722,-1.465771,0.973846;0.9806716,-1.4954331,0.5652632;0.19520909,0.32707363,1.6825808;-1.0027695,0.2081991,-0.50048584;1.036065,-1.5734186,0.41501403;0.28320023,-0.2969499,-0.7518645;-0.8809102,-1.2431588,-0.08643284;0.6345123,0.14642291,0.2311327;-1.6702579,1.0710766,-1.0548276;-0.44719782,0.27614155,-1.4218007;2.3279798,-1.6614321,1.8569094;0.50658154,-0.119241096,0.35218072;0.016084693,0.39499372,-0.8247663;-0.68387336,-0.016773522,-0.34450367;-0.1373581,-0.7165009,0.10716428;1.7572237,-1.4383693,0.98059475;-0.49520078,0.5593788,0.38253495;0.261392,0.6047946,0.40990382;-1.351491,1.7324975,-1.5098867;1.1048855,-1.4261227,1.257585;-0.077296615,-0.8007308,0.15395124;0.9379438,-0.1973775,-0.23123157;-0.33966148,1.5125958,-0.95583737;-0.873958,1.3232265,-0.484185;1.9317187,-1.6017216,1.5866536;-1.3632463,1.1007742,-0.6797721;-0.6823046,-0.21782997,0.2567066;0.6297146,-0.2239636,1.3034962;-1.6879685,1.1676904,-0.9878167;0.54274887,-0.8115271,-0.6350022;-1.3313268,-0.61920923,-0.43108717;1.1479231,-1.5314546,1.3488356;0.5322057,-0.6305303,-0.6925288;0.00048014135,0.9801619,-0.9512388;-0.21570015,-0.6349986,0.31827787;-0.38439888,0.64133734,-1.364363;1.9222164,-1.146927,1.48271;0.97783464,-0.60507417,-0.16045566;-0.74413294,-0.46864226,-0.45153916;1.87213,-0.8351563,1.5657182;2.2893527,-1.7252407,1.7681233;2.0294898,-1.3551598,1.2573495;-1.1069041,1.0017699,-0.95414215;-0.35809785,-0.10034476,0.23402624;-0.14557153,1.2404574,-0.1691739;1.1829035,-1.3806502,0.86227536;1.1712536,-0.49478817,0.7237587;2.142738,-1.5331349,1.7223636;-0.55088276,0.88744164,-1.6148025;0.79735535,-0.52516997,-0.4874932;0.8411061,-0.31359592,0.0822212;-1.1906818,0.69503576,-0.54341817;0.0097387675,0.11398527,1.4329907;-0.9333363,1.7475305,-0.69036657;0.17869999,0.36130425,-0.30237615;0.18653606,0.40316176,-0.074897334;-1.6635765,1.7085562,-1.7142187;1.6366835,-0.4612862,1.1228875;-1.5426409,0.38231963,-0.057931017;-0.09336124,0.29054707,1.0986098;-0.36855498,-0.43171647,0.7127784;-0.032846935,0.25895503,-0.858791;1.4119089,-0.47506708,0.97683316;-1.36205,1.7237179,-0.79477125;1.0262978,-0.57721215,0.007200175;0.02517238,0.37263554,-0.7865526;1.010545,-1.6221651,0.4687744;-1.3016032,0.44608757,0.12308917;-1.6371166,1.0395448,-0.56842;-0.7405891,-0.5080947,1.0071658;1.1534686,-1.1349839,1.5562125;-0.39470798,0.2472695,0.98742807;1.0325071,-0.89218587,1.4134939;-1.4606347,1.6997923,-2.2268856;1.8209866,-0.80746573,1.5559567;-0.67271113,-0.35244277,-0.31110033;-0.95099264,-0.9479097,-0.15316492;0.16809615,-0.14274934,1.1177244;-1.1133614,0.47875094,-0.28904024;0.1304692,-0.51276284,0.86237955;0.023176268,-0.1942593,0.97169906;-0.59746176,1.2559623,-0.82330936;-0.31088665,-0.2937365,-1.0171137;-0.052928623,0.65373796,-1.51533;0.24890952,0.37242094,0.119550124;1.5907162,-0.79244506,1.3563231;0.8250318,-0.86171186,1.2658186;-1.13095,0.55412275,-0.2941614;-0.91930807,1.0219811,0.1739857;0.62924165,0.89583874,0.12750354;0.8678741,-0.42115858,0.8568881;0.8308152,-1.3039525,0.99159706;1.371161,-0.4480984,1.0023001;-0.26067442,0.022366662,0.968102;-1.3917621,-0.028313901,-0.069309086;1.2105033,-0.6378444,0.71971923;1.4773602,-0.86697215,1.2555531;-0.68157685,0.8671446,-0.38487998;-0.01846681,-0.68984765,0.7464366;-1.5600307,0.687302,-0.1696158;-0.80886906,-0.8774055,0.7110636;1.3533835,-1.3415663,0.65371066;1.979869,-1.2354228,1.7021546;-0.57611585,-0.8922419,-0.32219595;-0.5640217,-1.0994673,-0.30315614;-0.40012228,-0.33592126,0.5237682;-0.041065197,0.34723666,-1.3394853;2.1561356,-1.1915514,1.4782209;-1.014197,-0.87441033,-0.40123245;-0.13966541,0.82491076,0.17121623;-0.28247452,-0.6009464,-0.49396452;0.33781487,0.11314048,0.7243397;0.67207116,-0.49529678,-0.61728686;-0.43587825,0.3677415,-1.4908357;-0.19629356,-0.39040157,-1.0367647;0.16203038,0.54238325,0.2780518;-0.77325475,0.16155562,-0.08786495;1.0514241,0.020744892,0.553228;-0.006859366,0.98714703,-0.95384437;-0.6539651,1.0394943,-0.8852997;0.6783328,0.034933776,0.4070261;0.20429662,0.22681428,-0.5307913;1.7584316,-1.0536104,1.2704104;-1.701825,1.3572314,-1.2375187;-0.74888426,-0.6044739,0.9809555;1.1931764,-0.41950068,0.095167406;-0.06514344,0.9774425,-0.97403055;-0.45062876,1.6617749,-0.7428061;-0.3614948,0.8959849,0.15103987;0.2907038,0.12429343,1.4545944;-0.12310955,-0.14769,0.79030347;1.940367,-1.131952,1.5911623;-0.7420214,-0.66647935,0.93139523;-0.41063023,0.95992446,-0.7020879;-1.0622807,0.92926925,-0.46334445;-1.383666,0.9975515,-0.7702507;-0.9751476,-0.70743436,-0.09795802;-0.38477892,0.003983293,0.9148166;0.022047155,0.939176,-0.92036176;0.70356125,-0.30086026,0.3256947;1.5632322,-0.45111737,1.0500343;0.3047388,0.42745313,0.63515633;0.6210288,-0.16919051,-0.6030873;-0.85758823,0.87183994,-1.8949969;1.6746932,-1.339594,0.7912816;0.31661022,-0.24739745,0.772544;0.47689757,-0.9182898,1.0684808;-0.036524747,0.73299754,0.22961749;0.08220823,-0.3708412,-0.6302617;1.3220425,-0.3108195,0.2710986;1.5389365,-1.5301595,1.069906;-0.7583974,-0.49734363,0.47852084;0.81290865,0.5491261,0.0014704997;-0.21415342,-0.0009221194,1.002096;-1.0834253,-1.128244,-0.19258162;0.8206836,-0.58167225,0.07161277;1.936305,-1.1580503,1.4872768;0.25713754,0.23563732,-0.35527354;-1.0904851,-0.8173376,-0.44865784;1.55468,-1.4803134,0.76981735;1.115869,-0.48383218,0.6571847;-0.08985353,0.7821719,-0.31112736;-0.40253153,0.25395685,0.90646976;-1.5496747,0.77390736,-0.74853414;-1.3121107,1.1828576,-1.1672915;-1.0216242,1.3189827,-0.85203403;0.8319775,-0.52729195,1.0447371;0.29393387,0.115501925,0.6009796;-0.35932747,0.14787187,-1.3365198;-0.6084629,0.8964462,-1.0676073;1.4993975,-1.8595896,1.2032645;0.7795363,-1.2218049,0.7548497;0.77860963,-1.34952,1.180466;0.3578235,-0.6287025,-0.26768905;-0.27090815,0.8713367,-1.6744256;2.1712458,-1.3542397,1.5558641;0.97877073,-1.0616454,0.69791764;0.80220014,-1.1642604,0.96916604;-1.1219729,0.42907485,-0.58025706;0.75169164,-0.29357177,-0.68726265;0.80957747,0.004574991,0.3440084;1.9262263,-1.021388,1.5751717;1.7171478,-0.8563282,1.3273696;-1.5032188,1.724493,-2.2674165;-1.0237552,1.5208726,-1.4012158;-0.54551905,0.9513258,-0.8120251;0.98513335,-0.19995445,-0.03081131;-1.3640401,1.5153847,-1.7026367;-0.05817345,0.6612197,-1.5081896;2.2719777,-1.6449065,1.8370951;0.8919321,-1.8311048,0.7300209;0.9927694,-1.4058796,0.48884556;-0.04483856,0.36409244,-1.3326869;-0.2813954,0.055392772,0.96035266;-1.2129239,1.4954586,-2.0331922;0.7708531,-0.109439336,-0.4449183;-0.41962877,-0.4408814,0.59636813;-0.2990686,0.8555571,0.19438559;-0.98455197,1.3275197,-0.7855244;1.4246129,-1.9053118,0.933278;0.5543227,-0.656621,-0.7243167;-1.3591311,1.6302049,-2.1022189;-0.9003581,0.8929343,-1.897115;-0.7340999,0.023459284,-0.3414568;-1.5788575,1.7687882,-1.652283;-0.93133795,1.365541,-0.6502988;-0.56257504,0.74395657,-1.3705733;0.21036062,0.5860908,0.3223208;-1.6352168,1.7936081,-1.8621055;0.5223342,-0.017202808,1.334066;1.380045,-1.474538,1.6280448;0.17067365,0.58591723,-1.0785458;-0.46744218,1.6233778,-0.9018696
