data_set
babi-q1
num_classes
6
data_points
1000
model
saved_models/babi-q1-e0013.ckpt
color_schema
#4E79A7,#F28E2B,#E15759,#76B7B2,#59A14F,#EDC948,#B07AA1,#FF9DA7,#9C755F,#BAB0AC
test_accuracy
0.491
test_loss
1.3135350561141967
train_accuracy
0.481
train_loss
1.3460658750534058
val_accuracy
0.493
val_loss
1.3026490564346314
labels
12,9,15,12,15,12,11,12,17,17,15,11,17,10,10,15,11,15,17,15,12,17,17,12,10,10,10,15,15,15,12,17,15,15,9,17,9,11,15,10,9,11,9,12,11,15,12,9,17,10,10,17,11,11,15,10,15,12,11,12,12,17,9,11,11,15,15,9,17,17,11,12,11,10,9,15,15,15,12,17,11,9,10,11,17,11,11,12,15,15,9,9,12,9,9,15,15,15,10,10,10,9,17,11,11,12,10,9,17,10,9,9,15,12,15,11,17,15,9,17,10,9,10,12,10,17,11,11,11,9,11,12,9,11,15,9,17,15,9,9,17,12,12,17,10,15,15,15,15,15,11,11,9,17,10,9,11,10,17,12,10,10,10,11,9,11,11,11,15,10,17,17,11,9,9,17,15,10,17,17,12,12,12,12,10,9,17,11,15,17,12,15,11,12,12,11,17,15,9,10,12,17,17,10,12,9,15,12,9,12,9,10,12,10,9,10,9,12,12,9,9,12,15,12,10,17,12,11,9,9,17,11,12,17,12,10,10,10,10,17,12,15,11,11,15,15,11,11,11,11,10,17,9,9,10,10,17,17,15,11,11,17,12,17,17,9,11,10,9,10,15,17,17,15,9,17,15,12,17,9,9,11,17,17,11,17,9,17,11,9,15,15,10,15,15,11,11,12,12,9,9,9,9,17,12,11,9,17,17,15,11,11,17,10,11,17,10,17,17,11,11,15,15,11,11,9,10,11,11,10,15,17,15,10,10,17,12,17,12,12,12,11,17,15,11,17,12,12,15,15,10,11,11,10,10,9,17,12,11,12,11,9,11,11,11,11,11,12,12,12,12,12,11,11,17,10,15,9,9,10,9,10,10,17,17,15,17,17,17,15,15,12,9,10,17,17,10,17,9,11,10,11,10,15,17,15,12,10,11,15,10,11,9,12,17,10,10,15,12,9,12,12,9,12,10,15,15,17,10,10,17,15,15,15,17,11,15,9,10,11,10,12,9,11,10,11,10,12,11,15,15,15,15,11,9,15,10,12,11,12,9,11,10,17,11,11,10,10,10,17,12,17,17,9,15,11,9,15,11,9,10,10,12,12,11,10,9,12,10,9,15,10,10,11,11,15,15,10,12,12,15,11,9,12,9,15,10,17,17,10,10,17,10,10,17,9,9,10,12,11,17,17,12,12,11,12,17,11,11,12,11,11,11,17,9,11,10,12,12,10,11,17,12,12,15,11,15,15,12,10,10,9,17,10,15,12,15,10,10,10,11,10,11,15,10,9,9,15,10,10,10,10,15,15,17,9,10,12,10,10,12,12,11,15,10,10,11,12,10,10,17,12,17,11,9,9,17,17,11,10,10,10,15,15,17,11,15,12,11,10,15,17,9,11,9,17,15,12,15,17,11,17,17,15,9,10,9,9,10,10,9,10,10,15,11,11,11,15,12,9,11,11,10,17,11,11,12,17,15,15,9,11,15,15,11,9,15,15,11,15,15,15,11,10,10,9,17,17,17,17,10,10,17,9,15,9,17,12,12,12,15,15,15,17,9,11,9,17,9,12,11,9,9,17,11,11,11,10,15,10,12,12,9,9,17,12,12,9,17,12,11,11,15,15,12,11,12,17,12,17,11,12,11,17,17,11,17,9,11,9,10,10,12,17,10,12,9,9,9,15,11,11,15,17,9,10,9,12,17,15,17,17,12,10,12,11,11,17,15,9,17,10,9,11,12,15,9,15,12,10,9,10,17,17,15,15,9,9,9,17,10,17,17,9,12,17,17,12,12,11,11,11,11,17,11,17,17,17,17,17,12,9,17,10,17,11,10,10,12,12,11,11,17,12,12,17,17,15,11,17,11,11,9,12,9,17,9,10,9,15,11,9,11,15,10,9,9,9,17,12,11,11,17,15,15,10,10,11,11,17,10,12,9,10,10,10,10,10,15,17,9,11,17,15,12,11,10,10,15,12,10,11,12,12,11,11,11,15,12,17,10,12,17,17,12,10,10,12,17,10,11,17,11,12,17,17,11,12,11,17,9,9,11,17,11,11,15,15,17,17,10,10,17,12,11,15,12,11,11,10,9,12,12,15,10,9,17,15,17,9,17,17,10,17,15,12,12,11,10,10,10,17,17,15,12,17,9,9,15,10,12,15,15,15,17,17,15,11,15,10,12,9,9,10,11,11,9,9,12,15,9,15,9,12,12,10,17,17,10,12,15,9,10,17,11,11,11,17,9,9,11,15,11,11,11,15,12,17,9,10
pred_labels
9,10,15,11,9,12,11,12,12,17,15,17,10,11,10,10,11,15,12,11,12,17,9,10,11,15,10,15,11,9,17,17,15,15,9,17,12,15,12,11,9,11,12,10,11,12,10,11,17,10,10,17,11,12,15,9,11,12,15,17,12,17,9,11,9,15,9,9,15,12,11,12,11,10,9,15,17,15,12,12,11,11,10,17,17,11,11,10,17,15,9,9,12,11,17,15,10,10,10,15,10,9,12,11,10,12,12,9,11,10,9,10,15,12,17,12,9,9,12,17,10,9,15,9,17,17,11,17,11,11,11,12,15,10,10,9,17,15,9,9,12,12,17,9,10,10,10,15,15,9,11,11,17,17,12,10,10,9,17,12,12,9,10,11,9,11,11,10,10,10,17,11,11,9,10,17,17,10,12,15,12,17,12,12,10,9,9,11,9,12,12,17,11,10,12,11,10,9,9,10,17,17,10,10,10,9,11,12,11,10,11,10,9,9,10,12,11,12,9,11,12,12,9,10,10,17,17,11,9,17,17,15,11,12,12,10,9,15,10,15,12,9,11,12,17,15,11,9,15,11,10,10,11,11,10,10,10,11,11,11,11,9,12,12,11,11,11,11,11,10,15,17,12,10,11,15,15,10,12,9,9,11,12,15,11,17,11,12,11,9,15,12,10,15,15,11,12,11,12,10,9,12,12,12,17,11,11,9,9,9,11,10,12,10,10,12,10,17,15,15,11,9,15,11,17,9,15,11,9,17,10,17,17,17,15,11,12,11,12,17,12,11,17,15,10,17,15,10,10,15,11,10,11,10,9,17,17,12,11,12,11,9,11,11,11,11,10,12,17,11,12,12,10,10,11,10,15,9,11,11,9,12,17,12,15,9,9,17,17,12,15,10,11,10,9,17,11,11,11,11,10,11,10,9,17,10,17,17,10,10,10,11,9,12,17,10,11,11,11,9,15,12,9,12,10,9,15,17,10,11,15,11,10,12,12,11,9,11,11,11,11,12,11,11,11,10,9,12,11,10,15,10,15,11,9,15,10,10,11,12,17,10,12,17,12,11,10,11,10,17,10,17,12,11,9,12,9,15,11,10,10,17,12,12,11,10,9,12,10,9,15,10,10,10,15,10,15,10,12,15,15,11,11,10,9,15,10,17,9,10,10,10,10,9,12,9,11,9,12,11,17,11,12,12,11,12,17,11,17,12,11,17,11,10,11,11,11,12,11,10,11,10,12,12,15,11,15,12,12,12,10,12,15,11,10,12,17,10,9,17,11,10,10,15,11,11,11,10,17,12,11,12,15,17,12,9,10,9,9,9,15,15,11,11,10,10,12,9,10,11,17,17,17,11,11,9,12,11,12,10,10,10,11,15,17,11,17,11,10,10,15,17,11,11,9,9,15,12,17,12,11,10,9,17,9,10,12,11,10,11,11,10,15,9,9,11,12,12,11,9,11,12,10,11,11,15,12,17,9,10,11,11,15,15,11,9,15,11,11,11,12,12,12,12,9,17,11,12,10,12,10,11,17,15,11,9,17,12,10,11,15,15,15,9,11,11,9,17,17,12,11,11,9,12,12,11,11,12,10,11,12,17,9,9,9,11,11,17,12,10,11,11,10,10,12,11,12,17,17,17,11,12,9,17,10,12,17,9,15,9,9,12,12,17,12,12,9,9,11,10,11,15,9,15,9,17,9,12,9,15,17,10,12,10,11,11,15,9,11,9,9,9,17,11,10,9,10,17,12,12,11,12,17,9,12,11,9,9,12,17,12,17,17,9,11,9,9,10,11,12,11,11,12,15,11,17,9,12,11,9,11,11,10,10,17,11,10,11,12,15,11,10,11,12,10,17,17,15,11,9,11,10,9,12,9,12,12,10,15,15,11,9,12,9,10,9,9,12,11,10,11,9,17,10,15,17,15,12,9,11,15,12,11,11,10,10,10,10,10,17,9,12,12,15,10,11,10,15,15,12,9,11,12,12,11,11,9,12,11,15,10,17,9,12,15,10,10,12,10,10,12,12,11,12,17,17,11,12,17,9,9,17,11,11,9,11,9,11,9,11,12,17,12,11,11,15,10,11,9,17,15,11,12,15,10,11,9,9,11,11,9,12,11,10,15,12,12,11,10,9,10,17,17,11,9,17,9,9,11,15,12,15,15,17,11,9,9,10,11,10,12,9,15,15,11,12,9,15,9,15,9,15,9,9,11,9,10,10,15,12,10,9,11,11,11,11,10,9,9,9,11,15,11,9,11,15,12,12,9,11
pred_correctness
False,False,True,False,False,True,True,True,False,True,True,False,False,False,True,False,True,True,False,False,True,True,False,False,False,False,True,True,False,False,False,True,True,True,True,True,False,False,False,False,True,True,False,False,True,False,False,False,True,True,True,True,True,False,True,False,False,True,False,False,True,True,True,True,False,True,False,True,False,False,True,True,True,True,True,True,False,True,True,False,True,False,True,False,True,True,True,False,False,True,True,True,True,False,False,True,False,False,True,False,True,True,False,True,False,True,False,True,False,True,True,False,True,True,False,False,False,False,False,True,True,True,False,False,False,True,True,False,True,False,True,True,False,False,False,True,True,True,True,True,False,True,False,False,True,False,False,True,True,False,True,True,False,True,False,False,False,False,True,True,False,False,True,True,True,True,True,False,False,True,True,False,True,True,False,True,False,True,False,False,True,False,True,True,True,True,False,True,False,False,True,False,True,False,True,True,False,False,True,True,False,True,False,True,False,True,False,True,False,False,False,True,False,False,False,False,False,True,False,False,False,True,False,False,True,True,False,True,True,False,True,False,False,False,True,True,False,False,True,False,True,False,True,False,False,True,True,False,False,True,True,False,False,False,True,True,False,False,False,True,True,False,True,False,False,False,True,False,False,True,True,True,False,False,False,False,True,False,False,True,True,True,False,False,True,True,False,False,True,True,True,False,True,True,True,True,False,False,True,False,True,False,False,False,False,True,False,False,False,False,True,False,False,True,False,False,True,True,False,False,True,False,True,True,False,True,False,True,False,False,False,True,False,False,False,False,True,False,True,False,True,True,True,True,False,True,False,False,False,True,False,False,True,True,False,False,True,True,True,True,True,True,True,True,True,True,False,True,False,False,True,True,False,False,False,True,True,True,False,False,True,False,False,False,False,False,False,True,True,False,True,False,False,True,False,True,False,False,False,True,True,True,True,False,True,False,False,False,False,False,True,True,True,True,True,True,False,False,False,True,False,True,True,True,True,False,True,True,True,False,False,False,False,False,False,True,False,False,False,True,False,True,False,True,False,False,False,True,True,False,True,False,True,True,True,True,True,False,True,True,False,False,False,True,False,True,True,False,True,True,False,True,False,False,False,False,True,True,True,False,True,False,True,True,True,True,True,True,True,True,True,True,True,False,False,False,True,True,True,False,True,True,False,False,True,True,True,True,False,True,True,False,True,False,False,True,False,False,True,True,True,False,True,True,True,True,True,True,False,True,True,False,True,False,False,True,False,True,False,True,True,False,True,True,True,True,True,False,True,False,True,False,False,False,False,True,False,True,False,False,True,True,False,True,False,False,False,False,False,False,False,False,True,False,False,True,True,False,False,False,False,False,True,False,True,True,False,False,True,False,True,False,True,True,False,True,False,False,False,True,True,True,False,True,True,True,False,False,False,True,True,True,False,True,True,False,True,True,False,False,True,False,False,False,True,True,False,False,True,False,False,True,False,False,False,True,False,False,False,True,True,False,True,False,True,False,True,True,False,False,False,True,True,True,True,True,True,False,True,False,False,False,False,False,False,False,False,False,False,False,True,False,True,False,False,True,True,True,False,False,True,True,True,False,False,True,True,True,False,True,True,False,True,False,False,True,True,False,False,False,True,False,True,True,False,False,False,False,False,False,True,True,False,False,True,True,True,True,False,True,True,True,False,True,False,False,True,True,False,True,False,False,True,True,False,True,True,True,False,False,True,False,False,False,True,False,True,True,False,True,True,False,True,True,False,True,False,False,False,True,False,False,False,True,False,False,False,False,True,False,False,False,True,False,False,False,True,True,False,True,False,True,True,True,False,False,False,False,False,False,True,True,False,False,True,True,False,False,False,False,False,False,False,True,True,True,True,False,True,False,True,False,False,True,False,True,True,True,True,False,True,False,True,True,True,False,False,True,False,True,True,True,False,False,True,True,True,False,False,False,True,False,True,False,True,False,False,False,False,False,False,True,False,False,True,True,True,True,False,True,True,False,False,True,False,True,True,False,True,True,False,True,True,True,True,True,False,False,False,False,True,False,False,False,False,True,True,True,False,True,False,False,True,True,True,True,True,True,False,False,True,False,True,False,False,True,False,False,False,False,False,False,False,False,True,True,False,True,False,False,False,False,True,True,True,False,False,False,False,False,False,False,False,False,True,True,True,True,True,False,True,True,True,False,False,True,True,True,False,False,True,True,True,False,False,False,False,False,False,True,True,True,False,False,True,False,True,False,False,True,True,True,True,False,False,False,False,False,False,True,False,True,False,False,True,True,False,False,True,True,True,True,True,False,True,True,True,False,True,False
p2d-kl
0.768795371055603
p2d-iter
599
p2d
-0.0011522463,-1.4916699;0.9458716,0.07108397;-0.60786915,-0.6527975;1.7548105,-0.7546362;0.31029767,0.37334055;-1.9366072,-0.54902977;0.86782545,-0.9203395;-2.117744,-0.28478497;-1.7616293,-0.010227807;0.02942734,1.9601426;-0.7775282,0.016186556;-0.4051182,1.400811;-0.42374927,0.530217;1.0411426,0.73951507;1.0280128,1.158406;-1.3493501,-0.28413412;1.3554343,-0.9528173;-0.5778013,-0.6705868;-0.92442256,1.066059;0.8447282,0.96108085;-1.9170433,-0.5573973;-1.2459073,0.32621735;-0.021249698,-0.51128465;0.86444616,1.1657711;0.037548758,1.5290675;-1.3436352,-1.0043757;-1.5139174,-0.8319631;-0.21845372,-0.9121408;1.3715818,0.16823967;0.09448958,-1.0439965;-1.6948348,0.09782422;-1.0823636,0.35342872;-0.27363893,1.8163307;-1.4307982,-1.1943364;0.59384423,-0.7920211;-1.4956294,-0.2233289;-0.18399028,-0.5057945;0.5510282,0.40084514;0.15185228,1.0795529;1.7339783,-0.2918674;0.054569352,-1.758032;1.352098,-0.8681983;0.61597586,1.6003096;0.7511207,0.38372514;1.1783588,0.499296;-1.9073159,-0.56542516;-1.0068114,-0.3809506;1.414392,-0.0418226;-0.041774172,1.5685496;-1.3545657,-0.49968666;-1.621786,-0.5646457;-1.5056126,-0.26197156;1.2518525,0.38190287;0.21553078,1.1015773;-0.7132954,0.052087177;0.38453925,-1.1976095;0.9902251,-0.35662535;0.27522475,1.1400739;-0.8140394,0.2623195;-0.018732762,1.8899499;-1.9978387,-0.2067172;-0.5685749,1.6522219;-0.06971691,-0.21806741;1.4483445,-0.8238273;-0.6712938,1.2478328;-1.3025637,-1.126438;0.1458388,-0.49272865;0.34626347,0.21306677;0.25875366,1.9556152;-0.623481,0.9597341;1.2858106,-0.6533108;-0.836898,0.76797706;1.319947,0.1623255;0.12928721,0.99601775;0.5228585,-0.9938161;-1.1844693,-1.1030887;-0.3766625,1.4145287;-0.7463708,0.30436754;-1.2099433,-0.41495404;0.33407936,1.6155454;1.4936644,-1.0887408;1.3206736,-1.2119055;0.92905736,0.68428874;-1.1525606,0.3171089;-0.06085814,1.8414415;1.4918224,-1.1330725;1.664898,-1.069654;0.10078507,0.9653922;-0.8057638,0.24117787;-0.352727,0.18689354;0.45681104,-1.8992137;0.5736595,-1.4570597;-0.27196056,0.850413;0.6371773,0.88425326;0.19848779,1.907255;-1.3707896,-1.1727228;-1.3450707,-0.346819;-1.4845711,-1.0346187;-0.0567244,0.46059242;-0.7070228,0.16925201;0.97526,0.29783955;0.5943325,-1.7706511;-1.7244221,-0.055331767;1.231818,-0.22974399;0.7585235,1.4872681;-2.129723,-0.4170785;-1.3880002,-0.4572523;0.26906985,0.40226838;1.259769,-0.26917803;-1.3171854,-0.8893043;0.11713171,-1.7287527;-1.0168104,-0.7846993;-0.6253179,0.11411253;-1.1799116,-0.055420388;-0.56970614,1.72249;-0.48350257,1.2105334;0.08654984,-1.1098448;0.43632758,-1.9475682;-0.27769578,1.1056671;0.40396622,1.9059529;-1.9467599,-0.73456514;0.44218048,-1.6711202;-0.0030661442,0.21097757;0.095294386,-1.4680866;0.07409677,1.8194966;-0.946937,0.2002993;1.34802,-0.9200051;-0.3597891,1.4405243;1.2118841,0.48703042;1.3632663,-0.15025248;1.872559,-0.8459327;-1.2401567,0.06856259;0.11946223,0.2434611;0.9180814,1.1648915;1.0356505,0.6306253;0.5118024,-1.902537;-0.44531867,1.719133;-1.2527208,-1.0606972;0.34278956,-0.936067;0.6121482,-1.9117862;-0.46252057,1.1897913;-1.9531273,-0.15304682;-0.5404434,1.6272676;0.08855605,-0.14401512;-1.1633755,-0.45702276;-1.31778,-0.9782061;-1.6017982,-0.9168841;-1.059771,-0.92079335;0.33002,0.44719067;0.18191709,1.7212863;1.3626251,-0.6871613;0.7121018,-1.7294979;-1.202734,0.4920633;0.10967219,2.006693;-1.4948299,-0.42027897;-0.82434124,-0.6531006;1.0601908,0.5566083;0.2647884,-1.3262576;0.044463348,1.8263024;-1.9981656,-0.3458062;-1.5216191,-0.48386717;0.33406967,-1.3268915;0.21537304,1.0490421;-0.48437145,1.0233318;0.40876755,-0.8766596;1.8365629,-0.66711205;1.7594769,-0.90050393;0.6671188,0.544444;-0.33589157,0.67490304;-0.17423964,0.42666385;-0.94058406,0.2723046;1.8437059,-0.63612324;1.7949057,-0.6642398;-0.67772335,1.2495235;-1.0622349,-0.47392473;-0.940131,0.29722565;-0.82696146,0.31570303;-1.4466995,-0.5415178;0.3641559,1.828795;-0.62988186,0.40652552;-2.0983183,-0.3615527;-1.437437,0.29914686;-1.6447852,0.17546141;-1.8401873,0.016434316;-1.395623,-0.66952735;0.5109976,-1.8443104;0.17700952,-1.7967801;1.1360438,-0.2581153;0.3881786,0.35090798;-0.5418232,0.78566504;-2.0376372,-0.25112766;-0.8596154,0.08290421;1.3318719,-0.2853918;-0.96036565,-0.55073404;-1.6267911,0.099841714;1.7588972,-0.91892487;0.77659476,0.26895794;0.23179486,-1.3216861;0.11115532,0.018501343;0.8056398,1.1432831;-1.8110632,0.07314768;-1.7893404,0.108184494;-1.3481961,-0.6599906;-1.2284476,-0.8284727;-1.188201,-0.64186454;0.03526422,-1.5077853;1.1435354,-1.053107;-0.87227625,0.9873578;0.7205056,1.1295747;0.89549154,1.3780365;1.235096,-1.2358279;-1.1279709,-0.5082854;0.13558355,-0.4299326;0.6489031,-1.7727402;0.7656143,0.422965;-1.6437044,-0.48857045;1.5891548,-0.67035806;-0.35504612,0.82553;0.19589736,-0.7051499;0.9100613,0.8870265;-0.1991699,-0.46219054;-1.9854157,-0.2800494;0.10600055,0.12512039;-1.1131794,-0.8242304;-1.208764,-0.81428593;-1.8268479,0.0750499;0.045587707,1.9634129;0.7567734,-0.93611425;0.6337562,-1.5431023;-0.5206716,1.6808838;-0.65526015,1.6956204;-0.0009949064,-0.9502501;1.7372187,-0.87697756;-0.89878887,1.2212069;-0.6696605,1.161326;1.0039971,0.33451322;0.60265034,-1.7344242;0.03185193,0.13022007;-1.3814598,-0.3562278;-0.16023852,1.7557132;-1.9561251,-0.16397336;0.2006283,0.33224136;0.88969415,-0.20266017;0.53130496,1.460791;-0.87628275,0.23941082;-1.3921994,-1.1491084;0.7759595,-0.21078664;0.32627723,-1.843889;0.32654545,0.57752097;0.52674925,0.30245465;-1.9326638,-0.7118261;-1.2313114,-0.95691675;0.6014447,-0.7020962;0.86978287,0.6839622;-1.2567029,-0.59218603;0.95035166,0.26212215;-1.2493817,-0.14250904;1.4077104,-0.13006347;0.9702455,-0.18003592;1.5973911,-0.5992252;1.3134758,-0.71427226;-0.5496405,1.3025267;-0.4337817,-0.34100726;-0.5524824,1.5170945;1.4269733,0.014511457;1.1142937,-1.1354833;0.69388884,0.021848513;0.6509126,-0.78882706;0.77494705,0.7589424;0.9717268,1.1359013;0.09060687,-0.97011554;-0.9384946,1.4540877;0.09157048,-0.60131717;0.66515213,0.50044835;1.1535196,-1.2593056;-0.76215386,0.055911414;0.53547597,0.15887848;-1.0509,-0.5607292;-1.4783095,0.026056254;1.4124328,-0.27220246;0.10269473,-1.7748239;1.311257,-0.8503979;-0.8716869,1.1879115;0.2396984,0.37971503;1.0467575,-0.27019593;-1.4820591,-0.20533729;0.8424285,-0.9177423;-0.0018754762,0.9877212;1.2737918,-0.8947234;0.52328616,-1.5841124;-1.3598093,-1.1603268;-0.04540048,-0.3679822;1.019392,0.70712715;-0.44322607,0.42421108;-0.47333136,0.1712294;1.4336461,-1.0455577;-0.113847926,0.8760408;1.2439154,-0.24426354;0.37492943,1.5339907;0.2619101,1.0845909;0.3609859,-1.9061407;-0.5489435,1.0666405;0.3234846,1.7624383;-0.97370356,1.2549258;-0.07968505,1.8335085;1.135875,-1.1681236;0.74536234,-1.462284;0.21445438,-1.7760564;0.56148267,-1.029819;0.05231666,0.20212439;1.46199,-1.1186655;-0.1947899,0.77212363;0.47491378,1.5266839;0.69877976,1.4128357;0.500293,1.0427214;-0.6979484,0.85602397;-1.7797242,-0.5876706;-1.4812775,-0.16050431;-1.4220767,-1.0945396;0.4509737,0.64435697;1.5326312,-1.1566353;0.63633424,-1.447003;-0.33579484,0.13478664;1.2101089,0.10628409;0.14157785,1.824373;0.4360158,-1.2372596;-1.319993,-1.0349803;1.3949922,0.10854637;0.58474386,-1.678075;-0.29729602,1.4658129;-1.164001,-0.21996747;-0.98545563,0.3312399;0.15623572,1.9704347;-0.9768856,0.42757666;0.47866946,-0.16126314;1.7729808,-0.9766046;-2.1248028,-0.33101076;1.4316329,-0.20978469;0.3142772,1.4385511;-0.19917567,1.5561454;-0.19690576,-0.4341387;1.3266188,-0.6112539;-1.4979453,0.18464026;-0.52979064,0.45407692;0.98718935,1.1510866;-1.4851547,0.21875402;-1.4122665,-1.2993314;-1.067634,-0.42064977;0.6869573,0.6398716;0.33304,0.62870556;1.2789394,-0.6944516;0.08388678,0.9619982;1.0539582,-0.18107055;-1.5109794,-0.68330336;0.55609477,-1.8240587;-0.66739213,1.6752803;-0.36481193,1.6428392;-1.8429205,-0.050713688;0.9520827,1.0373596;0.4225069,1.5348498;1.238858,-0.9368092;0.5348286,-1.6315032;1.1127241,-0.308672;1.6568573,-0.53166103;1.2355853,0.14270695;1.8381152,-0.8634377;0.70323527,0.18065791;-0.9305942,1.0117997;-2.157024,-0.44290978;0.1271154,1.6459765;-2.1053274,-0.39996383;-0.21509537,-0.39284405;0.93429685,1.0858692;-0.7490889,-0.6113365;0.04030609,1.5808874;-1.9685835,-0.7679688;0.5789047,0.41400588;-0.53621477,1.7977492;1.7789792,-0.6035716;1.2473536,0.37686148;0.40288705,-1.2030324;-0.95219743,-0.35605145;-1.4729451,0.26216868;0.42375556,1.9059396;-0.670322,0.035412196;0.5021231,-1.8652128;-0.4981663,1.3382647;-1.1772887,0.13554987;-0.75233155,0.48532212;-1.4960504,-0.45631137;0.6717127,-0.099549524;-0.024869848,0.9069802;1.3126309,0.059234414;0.66492677,1.5552194;0.048474595,-0.3825991;-0.9546615,0.24267906;1.2376354,-0.6723377;1.6734539,-0.6060151;0.85211486,1.2764281;0.5885821,1.6031042;0.94282156,0.27782983;1.3311781,-1.0884625;-0.19521055,0.69533813;0.18550314,0.2801143;-0.11477037,1.7405918;-1.7601807,-0.87455696;-0.99069875,1.3093222;-0.53536904,1.5107013;0.35069355,1.0291729;-1.3023655,-0.8133816;-0.82321614,-0.65137464;1.0526376,-0.13090043;0.5817212,-1.066989;-0.76688653,1.1315055;-1.563271,-0.2263025;-1.3684007,-0.52520686;0.9971477,-1.2612989;0.9285288,-0.1991865;1.6262274,-0.20870216;-0.5982959,1.3194364;-1.156799,-0.22138149;-0.19554627,-0.6196939;0.09133323,-1.4066252;0.13537487,1.223319;0.81202793,1.4417403;0.49303848,-1.923268;-1.128077,-1.1487797;-1.3102186,0.24354097;0.906582,1.1116924;0.8532452,1.2878122;-0.78847736,0.030204482;0.96141183,-0.38897195;0.4964939,-0.0030049754;0.09945271,1.2171638;-1.2917327,0.09935742;1.226712,-0.87012494;0.17560261,-0.4310949;1.1863364,0.45534596;1.0541757,-0.078239426;1.6868412,-0.30383345;1.2790276,-0.7333233;-0.9140075,0.9493775;1.6845651,-0.48409432;0.6113036,-0.8659162;1.2238514,-0.60964304;1.0120434,0.30718297;0.116292015,-1.5863624;-0.45695013,0.7869408;1.552469,-0.6725136;0.763195,0.40285215;0.06886788,-1.0156821;-1.9273558,-0.8095328;0.61871886,-0.12522693;0.5607628,0.6128233;0.59431016,-1.5819844;-0.7484998,0.112794444;-1.3955424,-0.9570253;-1.4327132,-0.7234435;0.10369606,0.8545623;0.44618654,1.5849069;-0.71336025,1.6339576;0.9495552,0.33253473;-1.7296879,0.0486577;-1.1763058,0.23112647;-0.45492983,1.104014;1.2885681,-0.9243877;0.51313156,0.013523626;0.63488764,-0.78773904;-0.18912025,0.9241997;-0.8287718,0.49501067;-1.7201376,-0.5724894;-1.1738203,0.4909349;-2.1409442,-0.37614763;1.4671268,-0.19542329;0.02956203,-1.0249604;-0.45257902,1.1975604;0.33590052,-1.2729678;-0.20358962,1.3478274;1.7793049,-0.7049675;0.8196137,1.4167786;-1.3682476,-1.0043927;-1.1276321,0.35060346;-1.816246,-0.014726317;-0.7340372,1.0073439;0.7000817,0.61151725;0.99045897,0.26575017;0.20540102,-0.68131924;-0.23800944,-0.51345855;-1.4395764,-1.0175139;-0.0014952042,-0.22114839;-1.2297306,-1.1247363;-1.537003,-1.0090845;-1.2427355,-0.7280712;1.0589778,1.1193904;0.5502487,0.46229625;-1.8661103,-0.86648494;-0.6857509,0.10747803;-1.2201185,-0.74314183;-2.035261,-0.4179555;-0.56053066,0.49397218;-1.189784,-1.1085291;1.0284724,-0.40807858;0.8287994,1.1056414;0.7898579,1.2185624;0.79842204,-0.03192833;0.051493023,-1.06565;-1.317397,-0.7952976;-0.34327644,1.4123268;-0.77520996,1.6060708;-0.14080863,0.51575;-1.5104331,-0.79976165;-1.3130143,-0.18000607;1.1323227,0.53651905;0.11556836,-1.66339;-0.15329884,0.8785849;0.33746377,-1.9510847;1.1318383,0.13933288;0.65606636,-1.6935264;0.38774365,1.5002754;0.9018617,0.8675435;-0.59576243,1.7114596;0.86725926,-1.092954;-0.9093264,0.9973396;0.5926344,1.4901122;1.7164458,-0.58004916;-1.8995302,-0.53408784;-1.0283457,1.375924;1.4775827,-1.243662;-0.5434156,1.5528616;-0.9047064,-0.32566854;1.7496786,-1.0096897;-1.170905,0.15298559;1.0595329,0.27257353;0.5930733,1.4134094;1.1896529,-0.28014392;1.2591847,-0.9767475;0.87113726,0.7302955;-1.6401551,-0.004564957;1.7508347,-0.24041744;0.70956224,1.4495026;1.7615746,-0.6678158;-1.8777074,-0.6989051;0.38075706,1.4048567;0.11313769,1.1077998;0.15652253,0.352597;1.2363327,-0.9580779;-0.2398395,-0.9084094;-1.697786,-0.03750672;-0.9646257,-0.3508942;0.47516865,1.272603;-1.5180968,-0.7937922;-0.56596303,0.9148235;-0.77187353,0.30977634;0.9930219,0.77423257;0.5274673,-0.037591364;-0.16583198,-0.46036884;-0.9009053,0.46797505;-1.2292258,-0.685849;-0.016186824,-0.27327704;-0.5636926,1.75939;1.2195604,-0.8873009;0.8235549,1.0333936;1.0178621,1.103953;0.50714225,0.570071;1.1098933,0.41548315;0.87908816,-1.337728;0.7181723,-0.160037;-0.1988395,0.9675769;-0.7389561,1.4109263;-1.4543724,-0.27641338;1.3343934,-0.734437;-0.2634727,0.81508535;-0.41317025,0.15059008;-0.992449,1.3656765;-0.48080721,0.919899;0.015678443,-1.5122939;-1.3436908,-0.8995467;0.2601248,-0.3572608;0.8561402,-0.015708903;0.4508454,-0.96749264;-1.3475717,-0.28079617;-1.3846401,-1.0456781;1.0826669,0.43155238;0.8238056,0.6564848;0.74309236,0.7007246;-1.4461021,-0.78300375;0.33002645,1.2967603;0.022853961,-1.390678;-0.10166727,0.42836073;1.137046,0.48064354;-0.6426724,1.6666327;-1.3240794,0.38605887;-0.6009525,1.4695703;1.193454,-0.059626102;0.7746949,-1.3856623;0.30408207,-1.9248762;-1.7495362,-0.09042759;1.7404665,-0.19783705;0.45889178,1.633182;1.1774453,-0.6514832;-0.82277256,-0.653377;-1.897399,-0.7749929;1.0779995,0.045156542;0.17830537,0.0046269586;-1.1359196,0.4054826;1.2348737,-0.7070462;-0.8786735,0.20370254;1.6972561,-0.1834746;0.8266012,0.30195034;0.8794224,1.1996819;-0.75165355,0.08697241;-0.7954188,0.449258;1.2923579,-0.31800973;1.5659102,-0.1824424;0.5437189,-1.5564268;0.062262915,-1.7155946;-0.25627217,0.17363763;-0.018959118,-0.36244738;0.14008601,1.8441889;-0.98231524,1.0263984;1.2119682,-1.181987;-0.1251559,0.9269661;0.53694266,-1.5192238;-0.36726108,1.7967421;0.29271942,-1.3482528;-1.4686011,-0.77458674;-0.2691823,-0.45892197;1.398044,-0.097714834;0.036338072,0.9330146;1.1770899,0.5466684;0.87908477,-1.3377244;0.76226974,0.23850477;-0.24098629,0.3846437;0.21344571,-0.9498943;0.5228163,-0.760684;1.5146823,-1.1091949;-0.20841478,0.72724295;-1.221389,-0.36861762;0.07697534,0.8347822;-0.0124817155,-1.398972;1.4911866,-1.1536657;-0.07513468,1.2597345;-1.5568309,-0.7690918;1.5260596,-0.46317682;1.3875229,-0.13785416;-0.0627539,-0.9352682;-2.0435352,-0.3370099;0.09449846,1.9426628;0.3456057,-0.881596;0.954791,0.74040014;0.89754933,-1.3134364;1.334546,-1.0373695;0.62952626,0.1479923;-0.5682874,0.2969296;0.8182949,0.03340628;0.32927918,-1.8923932;-0.037400227,0.18416306;1.7382724,-0.62951785;1.6269305,-0.16445673;0.6154279,0.6012672;-1.8839222,-0.519183;0.056360334,-0.43849772;0.44084868,1.560318;-1.247593,0.090502724;0.54510784,-0.90906554;-0.6295892,1.6826725;0.8718388,-1.0892727;-0.9597659,1.2453656;-0.17316176,0.4705187;0.55646133,1.4308687;-1.9816916,-0.7583143;1.0980716,0.076467074;-0.9690137,1.3995413;0.08919796,0.16869979;0.739342,0.87371755;-0.018655634,-1.4372433;-0.94387937,1.2893913;-0.73066,1.1357973;0.6920089,1.136189;0.19498004,-0.65407646;0.10898214,-0.9723694;-1.0666661,-0.98912114;0.5970298,0.12729314;0.19554992,1.9321005;1.3857225,-0.24589813;1.8355473,-0.7175631;0.13366519,-1.8337964;-0.4045106,1.7841504;0.16304953,1.9592057;-2.0077028,-0.29295;1.3127869,-0.6874999;0.2272696,-0.6990032;-0.6037584,1.7791747;-2.1752932,-0.3761584;-0.5542211,1.4909678;1.1517618,-1.1216923;0.6286664,-0.7524837;-0.88391143,0.96898866;-0.3897396,0.47941953;0.7596218,1.3549694;-2.0323384,-0.22617434;-1.611213,0.16778812;0.045580253,-0.18456236;0.5985341,-1.8859034;-0.1342495,-0.12603477;1.8692733,-0.92101085;-0.37166536,1.2614864;-0.7255666,1.6228803;0.2441843,1.3182433;-0.14222758,0.965069;1.1744579,-1.1848505;1.6802268,-1.0922095;0.54341906,0.037595507;0.51086926,1.0409169;0.122906335,-0.59568816;1.3232703,-0.65377086;0.14247465,1.2696316;-0.92653275,1.3939968;-1.119622,0.24646945;-0.52072585,1.7213445;1.2899337,-0.7590753;0.06733366,1.0325085;0.052801155,-1.4631181;-0.435283,1.6471634;0.9919779,0.719149;-0.46192482,1.2330698;-1.7448589,0.120463036;0.40335524,-2.014867;-0.016491145,-0.985305;0.5671302,-1.4180769;0.45356646,-1.2654892;-0.42764974,-0.34840307;-0.854149,-0.3061481;-1.3146327,-0.101582885;0.20759515,1.2942235;-1.6192573,-0.50960684;0.054858107,-1.3662713;0.5688639,-1.0156672;0.5963094,-0.9627993;0.8581006,1.4014628;1.2224501,-1.21077;0.3143058,-1.1613592;0.19000955,-1.7344788;-0.23392776,1.3655051;0.49876904,-1.635561;-1.3444278,-0.098259926;0.48331365,-1.7532924;-0.43463504,0.7881402;0.0023534596,-0.49702117;-0.07957348,1.603596;-1.4468184,-0.22454423;1.0034424,0.37365192;0.4031311,1.3921075;0.7227663,1.3932546;1.1061345,0.118885465;1.883569,-0.89493304;-0.8174865,0.19104564;0.04325528,-0.2109637;1.2513621,-0.16167133;0.5893364,-1.5133318;0.103884816,-1.7480321;0.50172967,-1.480838;-0.27973688,1.3943404;1.3214618,0.2643246;0.3885332,1.0063887;0.5095134,-1.884672;-1.1475104,-0.48208582;-1.008396,0.26722533;0.46963912,1.8980141;0.26749653,-0.39867696;1.1016234,-1.1540394;-0.11360999,1.2685924;-0.8907347,0.4195261;-0.29153612,1.8161775;-0.20446928,0.83730227;0.6816753,-0.06406785;0.59451723,-1.8387637;0.6934412,-1.6042476;-0.78874236,1.0843606;0.26736087,1.9059618;-1.588547,-0.49875078;-1.5309548,0.23500623;-0.18995155,1.5693082;-0.020009417,-1.3706187;0.9765132,-1.1413871;0.07046401,-1.783244;0.43426272,-1.8561418;-0.28158367,0.70240897;0.8302351,0.6890938;0.3760385,1.4763919;1.7597553,-0.95323884;0.9966708,0.099189796;-0.79770434,0.7962772;-0.54667044,0.18000919;0.7321013,0.9425129;-1.2791488,0.39818197;-0.09726759,-0.20028248;-1.1611369,-0.37112427;1.6668029,-0.1089983;0.24215648,-0.30938485;1.8245591,-0.8258194;1.2478925,0.44743037;-1.4643141,-0.6700763;0.5640269,-0.07454908;-0.3569734,1.6634917;1.5476588,-1.1237397;-1.1783675,-0.5453877;1.2335733,-1.1394806;0.5357233,1.4760697;0.49480513,-0.14095546;1.2240171,-0.919151;-1.8131166,-0.71540815;1.8089844,-0.785092;0.22240852,1.2374207;-1.1837938,-0.11354035;-1.3683767,-0.15813367;0.054495092,1.932967;-0.5357143,0.39010316;0.021414042,1.5598508;0.03546665,-0.30510837;1.1303174,-1.1873575;1.0841697,0.48113897;0.2275296,-1.4178194;0.21104078,1.5073773;0.32899508,-0.3548685;-0.49775296,1.2079839;-0.6800176,0.98979115;-1.1469163,-0.70657176;0.13808465,0.26329395;-0.51893896,0.40984184;1.2624425,-0.65202135;0.64542663,-1.4878591;0.46416467,1.450126;0.3846842,-1.3503357;-0.34996516,0.72874254;-0.0017942028,-1.4759473;0.45507586,-1.003121;0.3106518,1.3878181;1.6923093,-0.1634512;0.53226113,1.302022;1.4562502,-1.0792631;-0.57741284,1.284615;0.26558524,1.7478985;-1.2633156,-0.94937044;0.28487092,0.45787632;-1.4203957,-0.21100202;-1.2578928,-1.0158218;-0.6780571,0.8449926;-0.6666811,1.1987245;0.73810506,0.918149;-1.3122004,-0.9967242;-0.5715922,1.0993057;1.3373841,-0.21701269;0.7702914,0.71461976;0.1786003,1.0469217;-1.294778,-0.50687915;-1.4859273,-0.52947235;-1.3804011,-0.60960776;-0.37368137,0.425219;-1.028068,1.3211399;0.35486004,-1.8860108;-0.50405276,0.9606904;-0.8400849,0.7839289;-0.57861495,0.47257718;-1.3066615,-0.6239933;1.8587803,-0.8200352;0.8195083,0.25733414;0.4968234,0.64166707;-0.012298269,-1.049309;-1.5778475,0.042987686;0.41948447,-1.2091074;1.6712222,-0.9006592;-0.28353873,-0.49168813;0.5532683,1.60734;0.978907,0.89451706;1.236571,-0.7330921;0.10338412,-0.8995935;-0.2273531,1.0969406;1.1453562,0.46172014;-0.22537911,1.3887349;-1.8144069,-0.8493132;-1.5228163,0.13593265;0.25810453,-1.6763277;0.49073088,1.6450653;-1.4338009,-1.2446275;0.9177232,0.23811656;-1.8475308,-0.7230647;-1.6933451,0.050630245;-0.19973317,1.0428764;0.6756112,0.7354146;-0.48966774,1.1708792;-0.7223102,0.8739565;1.0989867,-0.09077672;0.14939228,-0.374926;-0.31230354,1.6504651;-0.8722594,0.06087959;1.4056402,-1.0925518;0.31199464,1.3412652;-0.2783739,1.4659536;0.23363248,0.16951866;0.09513814,-1.714772;-0.9366104,1.3289424;1.3275295,-0.12911786;1.3687638,0.34877962;0.71296185,-1.4167049;1.1631888,-1.217778;0.688421,-1.5884025;1.0770352,-1.2098583;0.18441321,-0.4156217;0.31844267,1.8043329;-1.4199666,-0.47101793;-1.4922597,-0.25232714;-0.6650378,1.0326334;0.7314607,-0.93118745;1.0188992,-1.0700207;0.6599981,-0.114188164;-0.3237021,0.6666151;1.0859934,-0.07836912;0.25646028,1.8473356;-0.9174951,0.48237655;0.09497347,-0.9594836;1.7072344,-0.9210335;-0.9234581,1.1938399;-0.19828768,1.7799819;-1.5647273,-0.8223381;1.1812017,-1.1450177;-0.12979397,-0.13148901;0.11876832,-0.03296139;0.2198995,1.7385931;0.48865747,-1.2047614;0.041169595,-1.665076;-1.2733718,-0.3421731;1.156995,-0.8606283;0.860821,1.4917855;-0.5523316,0.12640953;-0.1723292,-0.4368845;0.23085612,1.2959902;0.9656252,0.13417496;0.1456843,0.9664965;0.83876497,-0.016679712;-1.8526918,-0.84760624;-0.88021964,0.27823722;0.13718641,1.9358531;1.3617709,0.19364898;0.14268416,-0.40268838;-0.99583876,0.29453653;0.17481244,-0.9145656;0.11616626,-0.014741377;1.3663396,-0.20250612;0.6650457,0.48891193;-2.0712755,-0.25463858;-0.6461763,0.052529413;0.6282045,-0.18206766;-1.5894203,0.10244989;0.8128901,0.94576466;0.039938673,-1.7356876;0.43829352,-1.8141166;0.85038763,0.7613966;1.0819337,0.02799642;-1.8552691,-0.615198;-0.1675388,-0.4094321;0.41079345,-1.1318856;-0.6991539,0.33297503;-0.46447918,0.23453397;0.01502269,1.5840062;-0.43990758,1.2368999;0.38192,-1.25184;0.29208043,0.47821411;-0.6273657,1.2150438;-0.6894701,0.44331443;0.36171252,-1.9310023;-0.10355696,-1.02924;0.53772074,-1.9678121;0.26857647,1.8063027;0.9402154,0.87458056;0.418793,-1.2345709;-1.9069625,-0.67273724;0.99275154,1.1127143;0.5539576,0.1489591;-0.65514547,1.1315482;-1.8241291,-0.87093884;0.5553352,-1.7399619;1.1714089,-0.07973356;0.93241054,0.89906085;0.6891823,0.073386885;0.66691536,-0.13834417;1.0428742,0.11060627;0.23290327,-1.6630687;0.41558367,-1.7058839;0.2446691,-1.8507752;1.8514127,-0.8873203;-0.16886277,-0.94484574;1.0229418,-0.23419659;0.1669931,-1.5946574;0.3123343,1.8525404;-1.4134461,-1.1639616;-1.88468,-0.17640223;-1.9869243,-0.68706363;0.64571965,0.88667595;1.5347754,-1.2876074
p3d-kl
0.6414421796798706
p3d-iter
599
p3d
-1.2234429,0.46337402,-1.2605673;0.6422762,-0.590681,-0.54548424;-0.7150518,-0.5576421,0.06694379;0.5936072,-1.0232258,-1.6490794;0.61600244,-1.3037351,0.1628565;-1.8071184,0.35031205,0.70977163;0.124378845,-0.90206116,-1.2930251;-1.703953,0.9553798,1.0955436;-1.0574346,1.0463184,1.0780007;1.390929,-0.10674392,1.6992458;-0.60789335,-1.3094412,0.54034364;0.6724221,0.47199005,1.1880602;0.45254102,0.006979404,0.63798404;1.4291714,0.029640013,0.0028903896;1.6938742,0.0005993577,0.41415185;-1.177534,-0.61709434,0.46641982;0.18570735,0.234919,-1.5802428;-0.71659654,-0.6732171,0.015165781;-0.09265207,2.355858,1.0489539;1.3535914,0.4488224,0.35006297;-1.8038545,0.35644048,0.7028746;-0.3527369,0.01719202,1.1032586;-0.651236,0.82323337,-0.5337826;1.5807023,0.18241072,0.57748383;1.2308408,-0.060407035,0.906457;-1.4665473,-0.9746551,-0.025949357;-1.6557915,0.026821123,0.09992606;-0.85491216,-1.2754242,-0.2648737;1.0082998,-1.17358,-0.5075691;-0.75916004,-1.382065,-0.73145705;-0.90098536,0.6627936,1.1189964;-0.21111469,-0.35007134,1.0365014;1.0848635,-0.81871074,1.3993104;-1.6949912,-1.5917598,-0.18597735;-0.08812477,-0.9362973,-0.8414625;-1.1390972,-0.28274044,0.70308363;-0.5659543,1.8100848,-0.27972537;0.68995005,-0.57987106,-0.016886257;0.9718748,1.8048795,0.6668316;0.87574285,-1.2918104,-1.2754308;-1.611898,-0.26262438,-1.3929795;0.31088144,0.26858875,-1.5154953;1.8531507,0.99437404,1.1319873;0.7908654,0.4823062,-0.1355432;1.3074791,-0.13093717,-0.335102;-1.8055401,0.3444662,0.69685715;-0.8398858,1.5157257,0.48571885;0.72365093,-1.4427993,-0.66713005;1.1635951,-0.08717269,1.0007168;-1.2599857,1.0472078,0.41604394;-1.5567538,0.7828028,0.4698397;-1.1458391,-0.15096204,0.68498814;1.2395165,-0.38321742,-0.47598976;1.0150931,1.5768859,0.6936614;-0.51941514,-1.3250533,0.4917908;-0.6040113,-0.1001744,-1.0984744;0.3043941,0.08166773,-1.0328432;1.1455593,1.5496079,0.706188;-0.18446775,-0.72133225,0.6896681;1.2921079,0.04556159,1.576247;-1.5067103,1.0951161,1.0065261;0.8554267,0.32368582,1.6259755;-0.36321405,0.3675533,-0.26194367;0.43323612,0.09137212,-1.6154873;0.48509568,1.9896609,1.4498676;-1.4739065,-1.5021363,-0.15884766;-0.38969818,0.6831092,-0.5811677;0.55746263,-1.2704641,-0.20851852;1.7070222,-0.062871404,1.6308123;0.18423991,1.9382871,0.9392543;0.6742928,0.6450805,-1.4534618;-0.29380628,1.213598,0.97196364;0.9980334,-1.009567,-0.50895536;0.82232755,1.7301067,0.53875005;-0.39047846,-1.02941,-1.0015135;-1.2774465,-1.4305981,-0.19405816;0.69826984,0.37232488,1.1572062;-0.05777968,-0.86036533,0.69686204;-1.0069829,0.8974493,0.48254535;1.5195006,0.85796773,1.21586;0.038677808,0.13600779,-1.8901734;-0.25485095,-0.16442995,-1.8010219;1.4038532,-0.31703383,0.15458523;-0.30134052,-0.20295085,1.0256027;1.2456719,-0.073987655,1.4784954;0.012824914,0.06454588,-1.9254525;0.06835148,-0.60848767,-1.9637985;0.80310434,1.8613216,0.54630584;-0.20347641,-0.6946972,0.6712398;-0.002340495,-1.4748403,0.3040457;-1.546607,-1.7552465,-1.4913282;-0.88099104,-1.276193,-1.1094271;0.33289728,1.7807982,0.59821236;1.079162,0.9293025,0.26806653;1.6175535,0.01154385,1.5964295;-1.6173978,-1.5909424,-0.16329533;-1.1482892,-0.3019415,0.38825095;-1.6787444,-1.0478009,0.026587682;0.7359637,1.4270809,-0.24110307;-0.29737145,-1.1750112,0.5900214;0.9762329,0.80592793,-0.49483818;-1.2505714,-1.576425,-1.5295334;-1.0295992,1.3091818,1.0671034;0.500824,-0.77734566,-0.9056175;1.8688833,0.52936333,0.9051451;-1.8822008,0.4808858,1.0464078;-1.231399,1.2153797,0.50577784;0.60926634,-1.2556556,0.22682051;0.4416302,-0.8740701,-0.9498199;-1.4099364,-0.44666684,-0.013385099;-1.5800649,-0.24790604,-1.3869262;-0.9141435,-0.44358504,0.02700456;-0.3405452,-1.3831458,0.4621274;-0.6290434,0.567436,0.5819204;0.7986266,0.008748214,1.6400045;0.49991482,1.2825317,1.1836957;-0.8610756,-1.1004423,-0.7642133;-1.6084654,-1.728976,-1.5552075;0.640363,0.7398414,0.793385;1.7996795,0.6354756,1.6087399;-1.9877657,-0.21334058,0.52876467;-1.2531167,-1.1435367,-1.334556;0.16114546,-1.1272182,0.16000137;-1.19673,0.24437949,-1.2093325;1.4084918,0.22289068,1.4214904;-0.3923628,-0.844222,0.79544175;0.20912579,0.21089481,-1.5413641;0.7079086,0.30018768,1.1473174;1.29133,-0.2298159,-0.32776842;0.6463496,-1.1138089,-0.8361304;0.47777867,-1.2304665,-1.8529587;-0.5387229,0.47237235,0.7402271;0.29776135,-1.3165294,0.1506714;1.583642,-0.017971076,0.4966568;1.4150245,-0.099986374,-0.085050836;-1.5295087,-1.8803226,-1.4531989;0.95142066,-0.06143599,1.5395046;-1.3726532,-1.3259126,-0.05904957;-0.42677844,-0.7863827,-0.7238571;-1.4148514,-1.8486335,-1.6099713;0.48923385,1.2800891,1.1774805;-1.3832604,1.1745261,1.0069485;0.91370845,0.39244258,1.5896302;-0.36182538,-0.36750412,-0.4562093;-0.9598516,0.86497116,0.36158225;-1.4332453,-0.9131642,-0.028133651;-1.7576206,-0.6201478,0.13965228;-1.0511619,-0.7902609,-0.104098864;0.6730639,-1.2750409,0.28585982;1.6223998,-0.14206865,1.2939487;0.6266145,0.44027606,-1.4966192;-1.0713093,-1.4591488,-1.5740492;-0.2192166,-0.29197985,1.3275908;1.4979321,0.1265803,1.7375183;-1.269046,0.7475822,0.60497934;-0.7804749,0.4276455,0.046636045;1.3298837,0.05784665,-0.18471102;-0.9267224,-0.08328659,-1.1076539;1.3752725,0.16667594,1.4355845;-1.651512,0.547174,0.99728185;-1.3664037,1.1304272,0.5275717;-0.8720374,-0.3443462,-1.086076;0.95708346,1.5380676,0.6278037;0.3087063,1.3039966,1.0345176;-0.35802716,-0.36494392,-0.68780935;0.6004745,-1.3581284,-1.5337083;0.28901824,-1.1601694,-1.819563;0.8935689,-0.31107426,0.14973894;0.054805897,1.4416589,0.43693984;0.5555859,1.321991,-0.17547554;-0.26575604,-0.7104242,0.8443364;0.6266033,-1.4071754,-1.5119249;0.5311601,-1.4325027,-1.53987;0.4859826,2.0059164,1.4556272;-1.0380028,1.3312386,0.33989725;-0.24352713,-0.6933644,0.86126447;-0.09780861,-0.71752703,0.7546603;-1.3351066,0.71069765,0.429403;1.7129372,0.51533145,1.4579432;0.19062515,-0.54828894,0.6779567;-1.7908854,0.5915546,1.0550938;-0.40599015,0.5628347,1.1534139;-0.756039,0.9534287,1.1156007;-1.1119757,0.88161373,1.15533;-1.3234932,0.14040357,0.25819683;-1.4590201,-1.8442788,-1.4130036;-1.6284709,-0.65025026,-1.4140079;0.47605112,-0.43851933,-0.946545;0.66156524,-1.174818,0.06298211;-0.07943556,1.6287241,0.7450041;-1.5930824,0.9807791,1.0263094;-0.57052195,-1.0691345,0.65792674;0.33116192,-1.1838115,-0.8957703;-0.95463294,1.2189159,0.13063127;-0.8387889,0.5372468,1.043857;0.26546556,-1.1935543,-1.8193603;0.70335066,1.0777817,-0.31035605;-0.9481727,-0.15974107,-1.0472696;-0.20406392,-1.0331874,-0.27119544;1.4438272,0.007609102,0.56163317;-1.0691594,0.5385582,1.1733248;-0.99940234,0.569428,1.2033715;-1.2363615,-0.097674094,0.2906719;-1.2529595,-0.2230726,0.01730773;-1.1924282,0.68054926,0.089286834;-1.2390233,0.42128676,-1.2713795;-0.11069919,-0.107413866,-1.4289799;-0.040552095,2.4539964,0.9293055;1.3493308,0.331024,0.6262645;1.7676561,-0.016243076,0.83680224;-0.29411492,-0.3811983,-1.7280881;-0.9838217,0.9019456,0.27586314;-0.29074025,1.1333208,-0.5536978;-1.2027855,-1.5583032,-1.5692054;0.8404556,0.37754452,-0.09792951;-1.5114858,0.99718827,0.59061277;0.275247,-0.85421157,-1.3468618;0.21621367,1.755469,0.64458555;-0.023257622,-1.8607867,-1.4356134;1.3858554,0.8068351,0.15655385;-0.49525407,1.758697,-0.30133548;-1.5582634,0.7565882,1.0718291;0.16324994,-1.0824019,-0.0579429;-1.0963957,-0.32511416,-0.038661662;-1.2403421,-0.1609353,-0.011639814;-1.0832475,0.52444065,1.1805334;1.4034587,-0.10759855,1.6989899;-0.04066158,-1.0943928,-1.2374336;-0.93945515,-1.4331431,-1.2920762;0.83384484,0.095657386,1.5605407;0.6803727,0.16469504,1.6138382;-0.6899067,-1.4749469,-0.527908;0.33421782,-1.0025895,-1.8138889;0.14100878,1.0123323,1.3433331;0.34423703,1.8947191,1.3116024;1.0327026,0.72012514,-0.45812282;-1.1863626,-1.5308484,-1.4793675;0.1698692,-0.9278808,-0.031420603;-1.197274,-0.19073774,0.40448478;1.1518818,-0.42551818,1.3004231;-1.3985597,1.1715301,0.997304;0.44715208,-1.1042031,0.15575324;0.43644238,-0.058574665,-0.7244699;1.6527523,1.2203039,0.9647141;-0.2712693,-0.66209525,0.7301557;-1.6176943,-1.586883,-0.16142114;0.30487984,0.032234702,-0.6475046;-1.574195,-1.2051859,-1.4813786;0.87045646,-1.3111116,0.44814745;0.74490404,-1.0148275,-0.19577727;-1.9570462,-0.12891698,0.5350247;-1.3109437,-0.83921885,-0.01009131;0.07952221,-1.0249684,-0.74991167;1.2896575,-0.3734654,0.13355891;-1.2288308,0.6725241,0.22675234;0.9272569,0.87966365,-0.5178943;-0.8109457,0.15011847,0.55559176;0.66805923,-1.218131,-0.8139542;0.5685653,-0.1531893,-0.7663818;0.6094662,-0.7864843,-1.4191717;0.6053608,0.6450708,-1.523224;0.5180535,1.2787052,1.4353422;-0.40608487,1.8753703,0.77664614;0.9414675,0.9597107,1.4538771;0.8122453,-1.5045085,-0.5958906;-0.21205671,-0.4330003,-1.537411;0.49453986,-0.41120377,-0.32335737;-0.07804924,-0.78923625,-0.8608662;1.2390788,-0.18276815,0.28420186;1.6177617,-0.019693773,0.4040849;-0.64457035,-1.1745164,-0.5711703;0.36790326,-0.12935507,1.3633373;0.25492483,-1.8734096,-1.4363858;0.8201824,-0.19238433,0.116539724;-0.38489947,-0.46814555,-1.6654601;-0.5372467,-1.2926419,0.5420323;0.5324258,-0.46499044,-0.14737715;-1.0092852,1.036857,0.10959616;-0.7268502,1.3204106,0.8288263;-0.089993425,0.77942634,-0.6942381;-1.6275702,-0.30288666,-1.4108517;0.2830482,0.08111459,-1.4029899;0.15720853,1.1932532,1.3173294;0.54843676,-1.2639542,0.22303203;0.44720984,-0.12018105,-0.93748933;-1.1094589,-0.2658897,0.71610117;0.101784535,-0.9541747,-1.2663325;0.67691475,1.939323,0.6489389;0.2110281,0.4406761,-1.4455514;-1.0381954,-1.2178941,-1.3066044;-1.6097668,-1.5865369,-0.16526936;-0.40214893,1.1307461,-0.35662904;1.4663633,-0.058103792,0.028775793;0.22382405,-0.3162692,0.5651774;-0.13370597,-1.4802034,0.383489;0.09245658,0.1956406,-1.7869074;0.49531525,1.8400565,0.6930427;0.48694745,-0.81266314,-0.92512363;1.5267965,1.505414,1.1914263;1.0457876,1.4688014,0.65510327;-1.5959933,-1.3639661,-1.5636035;0.3811849,1.8865423,1.026539;1.6494467,0.459428,1.3619584;0.13265729,0.74546367,1.3995728;1.2077258,-0.03646868,1.4727355;-0.24309212,-0.42819563,-1.5737611;-0.7521711,-1.2685274,-1.3837441;-1.537032,-0.6622391,-1.456476;-0.42927644,-1.0967942,-1.0732976;0.21185313,-1.118584,0.100230485;0.025632598,0.10709756,-1.898531;0.3331036,1.276072,0.5044471;1.610152,1.3997239,1.1132488;1.7563207,0.76562583,0.8179036;0.8263224,-0.27937493,0.71509093;0.12231856,1.2588813,0.9970855;-1.7351348,0.5327358,0.5461675;-1.0550288,-0.64450324,0.6931525;-1.6324799,-1.3277384,-0.06900213;1.0391917,-1.071924,0.40485245;-0.0037526167,0.049731035,-1.9590504;-0.8714226,-1.5170515,-1.0845826;-0.08719649,-1.6476659,0.22978833;0.73505175,-0.9565906,-0.42604077;1.5013174,0.36138508,1.4418113;-0.6343903,-0.1293115,-1.1385765;-1.4439328,-1.0257221,-0.07830881;0.97634465,-1.1951647,-0.6534977;-1.1973851,-1.6933281,-1.2965167;0.77000654,0.10380779,1.1158582;-0.8278941,-0.30206683,0.3517179;-0.2124242,-0.61898875,0.9363338;1.5580853,-0.12425489,1.6757007;-0.008144978,-0.22674848,1.0100424;0.16055545,-0.63117826,-0.2979954;0.20188956,-1.1094112,-1.9040023;-1.7848716,0.7171228,1.0757178;0.5757256,-1.3531288,-0.9384018;1.3400192,1.3423265,0.9936603;1.0596944,0.47535756,1.1458595;-0.46775168,1.6961707,-0.31220818;0.7340118,0.44010374,-1.4007913;-0.62927735,0.47605413,1.0936831;0.38600707,-0.6443904,0.6224921;1.6213356,-0.030308176,0.4000632;-0.5681045,0.5593255,1.1198549;-1.8082647,-1.7034557,-0.37847462;-0.9652321,1.3491495,0.42826426;1.0183269,-0.42303288,0.18696752;0.96399015,-1.2876112,0.5267112;0.6336099,0.6415148,-1.4997088;0.7763705,1.8626624,0.5374297;0.6282194,0.18846169,-0.9338818;-1.4899528,0.06310231,0.304798;-1.3699771,-1.8715634,-1.424022;0.66856045,0.186989,1.6103352;0.693307,-0.33648303,1.3484445;-1.1981552,1.0127833,1.061543;1.6173187,0.7420813,0.42941004;1.56266,1.4693214,1.1497886;0.13290763,0.43491074,-1.444965;-1.110867,-1.2826654,-1.3596054;0.40893105,-0.34305272,-1.0142058;0.5452918,-1.1365854,-1.2514727;0.9182433,-0.75983524,-0.48731416;0.45697278,-1.218764,-1.8783644;0.58028907,0.6355535,-0.3090464;-0.09742811,2.3760102,0.96115017;-1.9317342,0.38880143,1.0435426;1.4464797,-0.25824168,0.9659652;-1.849392,0.50787354,1.0410541;-0.45747277,1.7447327,-0.35972428;1.6427099,0.45662984,0.47135222;-0.73316836,0.19211856,0.11905716;1.254518,-0.11936958,0.97981715;-2.0242608,-0.31644964,0.51953644;0.710822,-0.47169283,-0.01045804;0.8382593,-0.31498975,1.6962776;0.38189206,-1.626579,-1.4743795;1.2324934,-0.37262833,-0.483778;-0.6094313,-0.11192822,-1.1101463;-0.7547689,1.5714598,0.5308938;-0.47405815,0.6832983,1.1086763;1.8137517,0.66879916,1.6130422;-0.49658057,-1.3921965,0.43837014;-1.4913106,-1.8540654,-1.4313947;0.5561712,1.1132865,1.3944879;-0.4022043,0.29144377,0.75414175;0.24113719,-0.5366252,0.89546573;-1.3155003,0.8541722,0.5654897;0.34977272,-0.081506304,-0.42682758;0.555124,1.7963636,0.52066535;0.86680365,-0.94217896,-0.66795635;1.861533,0.8902102,1.0323163;-0.39599246,0.9367178,-0.46787855;-0.31771433,-0.73755527,0.8356399;0.6055553,0.5443362,-1.427811;0.5639067,-1.1130884,-1.4216349;1.5880969,0.021918165,0.7210081;1.8262216,1.0057195,1.1476763;0.9359209,0.8653663,-0.51425934;-0.039509803,0.21664014,-1.6933187;0.2521013,0.96369773,0.47000426;0.4217586,-1.3467581,0.16484033;1.1823556,-0.1993528,1.2830776;-1.8745927,-0.59071046,0.24350555;0.12555988,0.42933503,1.3416702;0.9251425,0.91492856,1.4461507;0.8981219,0.57369286,0.65046823;-1.3659935,-0.04307728,0.006664392;-0.7797304,0.42887592,0.04879006;0.7550492,0.46578926,-1.0215102;-0.5148182,-1.1371287,-1.1376191;0.19499612,1.9050753,1.2861435;-1.2028043,-0.24833722,0.77040505;-1.2940562,1.0445123,0.38902217;-0.43705264,-0.6775094,-1.5036012;0.4774091,-0.09640631,-0.7458435;0.85966116,-1.3590136,-1.0760875;0.5134361,1.4210677,1.4584773;-0.8165784,-0.32639888,0.34210765;-1.1231807,1.0476142,-1.061415;-1.226766,0.3045961,-1.0713285;1.0626948,2.130443,0.8878474;1.7291533,0.33804685,0.9166542;-1.5609297,-1.8708256,-1.4765044;-1.1974909,-1.5042987,-0.30010325;-0.5076239,-0.003790886,1.0395637;1.6375952,0.4300257,0.50097466;1.5909989,-0.0029622866,0.742634;-0.59364235,-1.2940906,0.55184954;0.2548762,0.18390982,-1.0864419;0.41893327,0.8240888,-0.3660512;1.0226496,2.2426624,0.8860809;-0.5224322,0.48376995,0.7874649;0.20813482,0.33348817,-1.3493485;-0.3059389,1.0210956,-0.599923;1.2482811,-0.15259206,-0.33625108;0.81060475,0.38023365,-0.9004359;0.9114575,-1.1002852,-1.2721531;0.59065604,0.68942523,-1.5470742;-0.07761772,2.4963498,0.87780666;0.561673,-1.3473521,-1.2013607;-0.12170364,-1.0309696,-0.96031857;0.6564611,0.6453896,-1.3197802;1.0057603,0.73519504,-0.4870692;-1.3061136,-0.06278165,-1.3155203;0.05552123,1.5414784,0.6635928;0.33126193,-0.6484027,-1.3582156;0.825092,0.38382068,-0.11804893;-0.75567985,-1.2315861,-0.6290973;-2.0053644,-0.44252774,0.43570676;0.29662496,0.08395162,-0.444436;1.0230988,-0.8430945,0.23604494;-1.0125026,-1.435773,-1.2771542;-0.4313875,-1.2346365,0.56747895;-1.5082042,-0.8336465,0.05638051;-1.4697634,0.38707447,0.18086842;0.63064224,2.4064634,0.6042184;1.6395135,1.3607879,1.1997249;0.5598675,0.35468,1.5823215;0.9950009,0.79301196,-0.42803314;-1.0070256,0.63170224,1.0584434;-0.3013629,0.1928228,0.8849222;0.55661994,1.8318491,1.0472915;0.17219076,0.33460155,-1.4691874;0.45424166,0.8400846,-0.37015906;-0.06811972,-0.85752505,-0.8620518;0.5241048,1.1824362,0.5689214;0.23007262,-0.40679157,0.9975866;-1.6678523,0.6542685,0.52323264;-0.24776435,-0.39369887,1.313968;-1.8299575,0.5130457,1.0690608;0.63093114,-1.3895085,-0.94002616;-0.752937,-1.4348904,-0.68652356;0.49411365,1.2791761,1.181093;-0.7724759,-0.16060542,-1.1046077;0.67016846,-0.09882563,0.84805924;0.4910255,-1.3881961,-1.60293;1.7339267,0.2890584,0.8632171;-1.4920791,-0.95924485,-0.028442286;-0.2263385,-0.2452481,1.0590743;-1.1340158,0.93063265,1.092349;0.12117318,2.0839534,1.0615225;0.9736534,-0.36833298,0.16965455;0.95215654,0.8151744,-0.5257732;8.28412e-05,-1.8456819,-1.4302305;-0.5383642,1.8277953,-0.19545509;-1.6171545,-1.0098476,0.010754267;-0.36237955,0.26615575,-0.33634636;-1.3442144,-1.472452,-0.19182014;-1.737708,-0.950801,0.07367635;-1.251823,0.30598983,0.043367133;1.7067058,0.0150935445,0.3603996;0.7664707,-0.60181075,0.09105259;-1.9585601,-0.59691787,0.31100947;-0.39575458,-1.3246777,0.51432514;-1.232256,0.2512468,0.025053572;-1.7976625,0.4238354,0.93964714;0.4578444,-0.7668284,0.65238833;-1.2840273,-1.4384506,-0.19538137;0.2728946,0.18657866,-1.1670558;1.4556402,0.049489014,0.497353;1.4254419,-0.2077232,0.73096955;0.3633129,-1.0801207,-0.3389145;-0.815736,-1.2620548,-0.68470293;-1.3799536,0.042477835,0.0057013566;0.6734073,0.24800205,1.1401411;0.5279386,0.60698694,1.6161736;0.65916914,1.0974977,-0.19303659;-1.646227,0.13896543,0.11254307;-0.943658,0.0009576769,0.57529724;1.3563384,0.027154876,-0.27075043;-1.4392998,-0.17472327,-1.3793379;0.48443413,1.6543435,0.6135896;-1.6419237,-1.4052635,-1.5979573;0.89300555,-0.28259036,-0.4895632;-1.1194804,-1.7785289,-1.4079324;1.4814442,1.3032172,1.1382053;1.3724092,0.75660205,0.15717834;0.77205896,0.0621426,1.6382889;0.09700382,-1.5075407,-1.712443;-0.07681308,2.4465659,0.94772285;1.6551687,0.9470256,0.98714966;0.52166635,-1.303699,-1.3805643;-1.7831063,0.38732338,0.70892465;0.123725094,0.12051088,1.3513441;-0.18792416,-0.33661428,-1.992965;0.9506166,0.8003372,1.4929457;-0.66241735,1.665301,0.5995855;0.16700119,-0.9744456,-1.9459875;-0.314196,0.48402292,0.7421891;1.0041039,0.57373893,-0.5715179;1.6539158,1.1368283,0.8552035;0.47164714,-0.6541232,-0.9894202;0.07880284,0.4416601,-1.4929632;1.2970624,-0.15368581,0.14850703;-0.9502142,1.132944,0.9425548;0.9805628,-1.3932432,-1.2132488;1.8091867,0.7609992,0.85248905;0.45883152,-1.4649861,-1.545131;-1.905602,-0.019695707,0.50598204;1.4555895,1.6574762,1.0139278;0.9978578,2.000147,0.6888075;0.469047,-0.83346605,0.1990874;0.10323477,0.433518,-1.4635844;-0.8716616,-1.2809231,-0.24619783;-1.0344371,1.1579177,1.0082598;-0.7547844,1.585375,0.5340417;1.381484,1.4848275,0.7059243;-1.6476421,0.14314245,0.115105875;0.1625399,1.9996762,0.80613154;-0.065444194,-0.8133313,0.7097212;1.426127,0.10151114,0.073039025;0.3672122,0.6410174,-0.39094174;-0.48681855,1.721852,-0.31092146;0.11147869,-0.3875646,1.0485377;-1.216381,0.4165989,0.09597842;-0.38836288,0.5491688,-0.3486083;0.8463939,-0.0796931,1.687993;0.19765612,0.3636711,-1.3694088;1.3808374,-0.07203112,0.36929023;1.6569648,0.035552636,0.36676154;0.9088588,-0.9591285,0.24595477;1.1575856,0.1004507,-0.3974537;-0.5915023,-0.8887923,-1.4523394;0.2971034,-0.1775957,-0.5264106;0.5798001,0.9774753,0.616861;0.4401791,-0.11501549,1.0173599;-1.1463008,0.0008256893,0.68498147;0.5810582,0.62477636,-1.5419867;0.3083995,1.6753944,0.56065834;-0.12668984,-1.5547872,0.31234694;0.14669971,0.09922233,1.2905757;0.2873632,2.2024066,0.8022731;-1.238504,0.42784876,-1.275152;-1.4297516,-0.48850825,0.01305163;-0.13990249,0.94471586,-0.5925562;0.4512429,-1.2275673,-0.41855913;-0.36221334,-0.87502205,-0.9016858;-1.1607734,-0.5922641,0.47350413;-1.5446432,-1.1202159,-0.028461155;1.1471546,0.10712024,-0.3804125;1.2211494,-0.5177871,0.10340548;1.156219,-0.2684757,0.22177373;-1.5665898,0.22688277,0.09577199;1.304778,1.778991,0.8866817;-1.1572236,0.54288,-1.0881666;0.6653284,1.3720108,-0.25235948;1.268956,-0.03981395,-0.34616926;0.67562425,0.16646093,1.6069713;-0.21698578,0.24557127,1.221737;0.83049697,0.99672335,1.4342437;0.70321804,-0.35397658,-0.7889185;-0.63371545,-1.1540312,-1.351569;-1.6285194,-1.3263507,-1.5886003;-1.0825819,1.4581362,1.0960273;1.0129975,-1.446291,-1.1300983;1.7169441,1.153126,1.2606682;0.7237303,0.8607406,-1.4063972;-0.77756584,0.43636858,0.044706218;-1.9750831,-0.32452467,0.44839394;0.7823807,0.1071255,-0.61845684;-0.18592012,-1.0567585,-0.2879195;-0.28918403,-0.5166112,1.1239018;0.6309588,0.7417676,-1.5191994;-0.31987548,-0.6732761,0.7046059;0.98527664,-1.4225926,-1.0784216;0.80237406,0.9873585,-0.33229667;1.556416,-0.090691045,0.569692;-0.47767958,-1.2672867,0.5533028;0.20662522,-0.66005576,0.9524987;0.23798667,-1.0629212,-0.91362494;0.8065636,-1.3447589,-0.9963662;-0.9833302,-1.2280849,-1.2861968;-1.5785518,-0.2154475,-1.376843;0.06735677,-1.5125097,0.22799654;-0.39962408,1.0383594,-0.3804075;1.495642,0.36181828,1.482671;-0.17036892,2.3053355,0.99824494;-0.20968997,-0.5003573,-1.6646583;0.5754208,1.3940992,0.58532673;-0.9301103,-1.1567597,-1.2362825;0.98401284,-0.57984954,1.508161;-0.9294041,-0.21525049,-1.1064231;-1.5798707,0.21223465,0.10664596;-0.47027215,1.7740847,-0.19354673;0.714102,-1.2214036,-0.7806893;0.67814195,1.8823271,0.54126877;1.3908968,-0.018217608,-0.29213175;-0.5915,-0.88879704,-1.4523364;0.6800085,0.89537156,-0.31335053;0.4555857,1.2313098,-0.12283267;-0.50389403,-1.0028852,-0.63068795;-0.07085179,-1.0895853,-0.7364239;0.020222833,0.08449169,-1.9179443;0.24435721,1.1889235,0.44368526;-0.9744207,0.80866915,0.5799017;0.5715807,2.4290366,0.6443889;-1.1357361,0.56389457,-1.110593;0.002216193,0.045481883,-1.940044;0.9059255,0.64889413,0.8256527;-1.6448083,0.067849055,0.18052137;0.8311332,-0.5583564,-1.3262441;0.6526054,-1.1992761,-0.8156169;-0.7337576,-1.6592686,-0.45923927;-1.6950772,0.6325259,1.0033683;1.4741987,-0.056785006,1.66688;-0.38795894,-0.41406786,-0.59291065;1.4436326,-0.09680768,0.12326933;-0.555883,-0.8638857,-1.4464067;0.036371443,0.113579825,-1.6498321;0.518534,-0.045558896,-0.19816077;0.047794085,-1.0653166,0.5444792;0.59402263,-1.0654352,-0.36766928;-1.5837433,-1.3391808,-1.5605295;0.09353683,-1.0985223,0.13789394;0.48933727,-1.3700409,-1.46389;0.9180341,-1.3875029,-1.0090607;1.0097154,-0.7327618,0.15160611;-1.7575521,0.424619,0.71329296;-0.39271256,1.2666879,-0.4884784;1.608652,1.4880055,1.1767235;-0.50185305,0.5498934,0.76494247;-0.14023279,-1.161531,-1.1240215;0.6887897,0.15800405,1.6121906;0.097260945,-1.5091811,-1.6931212;0.12033624,0.7822669,1.377409;0.60033506,1.3751434,-0.15233672;1.6445326,1.198259,0.9013279;-2.0235276,-0.3121988,0.5214186;0.82486033,-0.01394146,-0.5898133;0.18168715,-0.021913832,1.274444;0.20206961,-1.1305913,0.035602357;1.1976391,0.91455436,0.24970888;-1.1668403,0.598445,-1.1882316;0.10678447,0.56893325,1.3699281;0.2392034,1.9434358,1.2978351;1.2996688,0.31377748,0.65964705;0.039805546,-1.8501079,-1.4116548;-0.6454062,-1.1626648,-0.571052;-1.0555974,-1.166141,-0.17981255;0.49556896,-0.22518648,-0.20447361;1.613475,-0.12538187,1.6110103;0.46117118,-1.3315754,-0.8943057;0.5680691,-1.338055,-1.6315292;-1.5859401,-0.53883433,-1.5305785;0.93907195,-0.48239794,1.5397491;1.5634296,-0.12979054,1.667459;-1.5865569,0.7554289,1.0359457;0.63250625,0.6217895,-1.4919862;-0.0077664237,-1.8191366,-1.4478639;0.8204687,-0.12028922,1.7374213;-1.8545252,0.5073251,1.0972083;0.8930706,0.96164364,1.4326447;-0.18878433,-0.35156298,-1.5444863;-0.001976433,-0.9146176,-0.85126644;-0.05145699,2.4649014,0.9094135;0.30609965,-0.012625032,0.5418963;1.7562654,0.5488463,0.7130682;-1.5668217,1.056098,1.0076032;-0.74544287,0.7562367,1.1335621;-0.36397693,0.01769556,-0.38549557;-1.4060962,-1.7543042,-1.5829048;-0.23496312,0.34159037,-0.10304169;0.41568887,-1.165438,-1.945959;0.72852725,1.2934113,1.1966479;0.5494118,0.45373285,1.5892919;1.253026,1.9851427,0.985934;0.587437,1.056001,0.6049423;-0.25370717,-0.39243266,-1.6211667;0.00543427,-0.6910394,-1.9578902;0.530729,0.82774514,-0.35679078;0.82477915,-0.31566593,0.7089686;0.1742192,-1.9659222,-1.4089891;0.6703472,0.57226276,-1.4470087;1.1148059,2.2310874,0.9264896;0.24237165,-0.024625942,1.2379911;-0.26851213,-0.030361483,0.8667934;0.8841899,0.037614927,1.6224385;0.56357837,0.71657056,-1.5840551;0.8330421,1.960386,0.6456818;-1.2732867,0.38022292,-1.1956174;0.6588277,-0.20303977,1.4445412;1.4692214,-0.08414209,0.06978562;0.5335435,1.268958,1.1942211;-0.93152684,0.5873625,1.1887186;-1.7655427,-1.7822627,-1.602021;-0.7508842,-1.5355427,-0.58327746;-0.86787367,-1.4525231,-0.98055464;-0.6572506,-0.12545864,-1.1706316;-0.43890327,1.8530576,0.7581615;-0.5525369,1.7012501,0.6784927;-0.80317616,0.12788577,0.6849991;1.2077471,2.0538075,0.95766616;-1.504854,0.9748769,0.55197436;-1.1778542,0.5020978,-1.0308968;-0.40317348,-1.072845,-1.0732965;-0.27101284,-1.0515621,-1.0592362;1.7555103,0.15801413,0.8506304;-0.27622128,-0.3609922,-1.6888716;-0.5738732,0.073388726,-0.9869089;-1.478805,-0.5008615,-1.4218099;0.6364618,-0.12740807,0.9370567;-1.1435046,-1.2636184,-1.3192983;-0.81651044,0.061460227,0.71314454;-1.2530719,-1.2464712,-1.5981745;0.06399377,1.6364434,0.6377072;-0.6069995,0.7217132,-0.52082986;1.1185547,-0.16626447,1.084399;-1.0999247,-0.23394006,0.6864934;1.0998601,0.6512617,-0.4051381;1.4678042,1.6746411,0.99554455;1.756102,0.6912297,0.7875622;0.88446325,-0.08077134,-0.5252355;0.4268083,-1.1898466,-1.926082;-0.3005808,-0.65267646,0.59666795;-0.38428694,0.11222898,-0.3922688;0.31239805,-1.3106962,-0.69706404;-0.911716,-1.3725215,-1.1981946;-1.5953175,-0.26263598,-1.391264;-0.93758905,-1.019764,-1.1655778;0.670976,0.10804862,1.0087413;1.1344385,-0.86386395,-0.45403486;0.9307179,0.46694714,0.61874497;-1.5120062,-1.8676746,-1.447474;-0.9803359,0.9376314,0.3194059;-0.28614086,-0.52697027,0.86911905;1.8453916,0.7610085,1.6085964;-0.14763582,1.0988302,-0.52119875;-0.22141236,-0.44299036,-1.5433532;0.83451676,0.50480676,0.8450425;0.050933514,-0.46567255,0.94658923;1.0701361,-0.78674686,1.4217964;0.3979256,1.5746943,0.542111;0.40256128,-0.19066538,-0.38119054;-1.3611627,-1.9693265,-1.4209335;-1.0438449,-1.755894,-1.1289296;0.12971,2.0324647,1.2012212;1.6596715,0.1991231,1.6256814;-1.47189,1.0092201,0.54570055;-0.5464156,0.7671692,1.0927874;1.076327,0.4160561,1.1547588;-1.1484711,0.69200534,-1.0903878;0.00427134,-1.1346629,-1.7375039;-1.6259415,-0.30003437,-1.4161936;-1.5582899,-1.6603416,-1.3977593;0.17780803,1.4700633,0.4332793;1.2444698,-0.36617532,0.14204864;1.4343861,1.2116141,1.0811986;0.2136652,-1.1671009,-1.8601362;0.736367,-0.4999174,-0.5235538;-0.19590616,1.2164598,0.9816961;-0.16922456,-1.375187,0.44954127;1.1926172,0.4339752,0.3509167;-0.20532477,0.09825763,1.2202832;-0.34895045,0.3410682,-0.21406318;-0.9330904,1.0323912,0.5668075;1.0412529,-1.3807467,-0.9435572;-0.099298954,1.1304145,-0.67476207;0.4982424,-1.233532,-1.8240623;1.213214,-0.46545115,-0.34497878;-1.4182405,0.119052574,0.29646227;0.3233268,0.4234098,-0.421708;0.7598785,-0.26585454,1.351183;0.020658096,0.02891638,-1.9473295;-1.0941259,0.9893242,0.2413612;-0.20555548,-0.15344436,-1.6243384;1.6371531,1.2204298,0.97435606;0.23323266,-0.7404802,-0.29343992;0.15277138,0.3883313,-1.4204826;-1.8540051,-0.009275932,0.43058696;0.53261834,-1.1839252,-1.7467885;1.1243144,1.7999964,0.9150255;-0.7006963,0.17575017,0.51453096;-0.93399954,-0.048565775,0.6726232;1.41176,-0.096098915,1.6660572;0.252877,-0.73608094,0.58561474;1.2337004,-0.11360876,0.9556706;-0.45139802,0.5273524,-0.44548726;-0.25067186,-0.4293052,-1.5869299;1.232096,0.07010159,-0.30519083;-1.0422945,-0.06531879,-1.21726;1.2300785,0.7753511,1.13082;-0.07862066,0.8016535,-0.55221283;0.49547645,1.2894896,1.1864374;0.16229625,2.017241,1.0205313;-1.1024932,0.09545231,0.13993144;0.33880025,-1.3335695,0.16722019;0.2826271,-0.66320527,0.58047515;0.6766274,0.6572945,-1.4520197;-0.8357678,-1.2652307,-1.2591324;1.5352162,1.2827832,0.9843232;-0.86475927,-0.62713057,-1.0793775;0.13521697,1.2110614,0.5314631;-1.213921,0.4864395,-1.248373;-0.4089454,-0.7748925,-0.96552247;1.4319979,1.8322664,1.0763601;0.9865424,-1.4397022,-1.0578105;1.4866376,1.3048483,0.718062;0.051032808,0.14716168,-1.8473463;0.5070755,1.4348145,1.4338332;1.6759235,0.16203605,1.3315824;-1.3398986,-0.83655393,0.034016903;0.68804544,-1.3263899,0.30356827;-1.0622656,-0.17866105,0.67677915;-1.391741,-1.1387784,0.0075410367;0.12722808,1.2331681,0.9768823;0.4159893,1.9452357,1.3786067;1.1951534,0.6078004,0.3140368;-1.440278,-0.9517182,-0.03305716;0.39443502,1.8965341,1.123114;0.5127115,-1.1658429,-0.8838559;1.1676345,-0.20210935,0.19917184;0.974149,1.6995039,0.6127591;-1.196783,1.1491923,0.37861395;-1.344331,0.5783996,0.49116242;-1.2328146,0.11573746,0.37849224;0.1963969,-0.07258082,0.5167522;0.0681168,0.29453167,1.2990342;-1.5833867,-1.3452437,-1.5578505;0.3242422,2.1524608,0.86319184;-0.26131064,1.2289013,0.9919405;0.39629483,-0.73534876,0.666632;-1.206376,0.35116735,0.2700302;0.49338526,-1.240722,-1.8267803;0.7374126,1.0135106,-0.35384637;1.0575187,-0.96584237,0.34594935;-0.83117884,-1.4723874,-0.6765474;-0.8289122,0.95466995,0.97459185;-0.6149157,-0.115875654,-1.1181352;0.18922904,-1.2310302,-1.7351946;-0.50326115,1.794515,-0.15109004;1.8044734,1.078562,1.1675415;1.4440289,0.81212294,0.14693458;0.6093844,0.76200986,-1.5512054;-0.48262087,-1.2253665,-0.54570764;0.6878876,0.63705087,0.72992325;1.278693,0.008964312,-0.35429484;0.703309,0.024464894,0.9467147;-1.9380736,-0.58700335,0.29727545;-0.6865228,0.59020257,1.0145653;-1.4304609,-0.6814277,-1.2457848;1.7325615,0.97255266,1.2427233;-1.7686937,-1.643587,-0.27098745;0.876226,0.9810865,-0.54109424;-1.8765299,-0.029772377,0.451516;-0.9445769,0.8462809,1.0763977;0.6932007,0.4800177,0.5812725;0.9103124,0.21706307,0.4903705;0.44959474,1.2880944,1.1567165;0.106679685,1.2991457,1.0303087;0.8438019,0.30980825,-0.94908357;-0.2737994,1.2522299,-0.5661897;0.7570752,-0.39034903,1.3072488;-0.58456516,-1.0989931,0.67022324;0.015551332,0.11461422,-1.7944326;1.3479625,1.8708376,0.98233825;0.79057163,0.16687523,1.0984609;0.3378609,-1.1973677,-0.14583386;-1.5776275,-0.22907443,-1.3787811;0.16641328,0.38983482,1.4061114;0.6274787,-1.0487697,-0.7987719;1.167326,-1.0848924,-0.78811795;-0.7257689,-1.2405466,-1.2850876;-0.29014766,-0.43257204,-1.6454688;-1.0196633,-1.7237929,-1.1363431;-0.29487953,-0.65004486,-1.5970938;-0.27862898,1.0527128,-0.6024169;1.7244877,0.33093187,1.4136187;-1.2702338,1.2336715,0.49628448;-1.1268342,-0.12563045,0.6962792;0.21312763,1.9021437,1.1012113;-0.053362202,-1.0965165,-1.2031269;-0.026908522,-0.8659179,-1.4615443;0.32948276,-0.038184226,-0.4426206;0.05407372,1.4624661,0.4208347;0.83913255,0.35449326,-0.92067385;1.6990592,0.119770765,1.4822204;0.12207597,-0.31034726,1.0689869;-0.63531613,-1.1639804,-0.56317264;0.26166484,-0.96048945,-1.8226464;0.12874436,1.0709047,1.3513627;1.1516948,-0.65673554,1.3037819;-1.6709349,-0.03004308,0.13588564;-0.21266164,-0.3107748,-1.5862176;-0.24260439,0.34968197,-0.11553016;-0.28436857,-0.99391925,-0.35204083;1.6525652,0.00020018435,1.317695;-0.5618275,-0.13687341,-1.1939443;-1.5010515,0.005117803,-1.3161591;-1.0332143,0.5498449,0.60597944;0.20907378,0.5346819,-1.2993034;1.5858405,0.116258614,1.0031906;-0.2556053,-1.4276292,0.40032858;-0.4705525,1.7002064,-0.31535062;1.2195151,2.0377893,0.9656388;0.7695175,-0.58474535,-0.56404173;0.82795155,1.8409419,0.5056582;0.44240123,-1.1687895,-0.39292336;-1.954645,-0.5903689,0.3103439;-0.22307038,-0.80998677,0.779343;1.5380912,-0.07245794,1.6547556;1.0061814,-1.1780214,-0.45013714;-0.2883437,1.1121374,-0.5584529;-0.27107042,-0.6076839,0.9000823;-0.5304737,-0.94115484,-0.5263886;-0.2524309,-0.9956819,-0.32068157;0.52495366,-1.233094,-0.86573946;0.8061008,-0.16820465,0.107430644;-1.6357076,0.99466795,1.0194635;-0.4806758,-1.3735948,0.4137833;0.22071712,0.098686375,-0.48995355;-0.8091098,0.52207357,1.0380498;1.3060598,0.4092518,0.3428806;-1.5969676,-0.2184151,-1.378462;-1.4773899,-1.5769341,-1.3431731;1.3517504,-0.20058471,0.25129563;0.77234256,0.10775202,-0.6460712;-1.8219223,0.3204699,0.57097167;-0.44642678,1.6593266,-0.33198345;-0.5424213,-0.37747967,-1.0330063;0.024773473,-0.88955575,0.6626539;-0.019908886,-1.3221706,0.42383045;1.2571783,-0.15448612,0.954522;0.5554888,1.2588749,1.197216;-0.681864,-0.14812972,-1.1256397;0.7090355,-1.3512868,0.3145053;0.44765928,1.8304648,1.3876381;0.24242961,-0.5683757,0.79754394;-1.6113572,-1.4005027,-1.5852848;-0.8920387,-1.2662023,-0.49170378;-1.5901933,-2.151543,-1.4939376;1.7499235,0.26168725,1.4058009;1.3999537,0.79827994,0.14534666;-0.63611794,-0.15343568,-1.132266;-1.8959876,-0.0041187587,0.5429204;1.6396633,0.026213346,0.38527948;0.520606,-0.4002355,-0.15045384;0.3329476,1.942225,1.2602717;-1.9385864,-0.5883492,0.29633948;-1.2664733,-1.6741854,-1.3870353;0.7113842,-0.22466448,-0.82529646;1.4004539,0.8308181,0.16022615;0.5946489,-0.57654166,-0.23785694;0.30538517,-0.042617396,-0.46724334;0.7638529,-0.18340942,-0.48055106;-1.4235595,-0.55767655,-1.2367196;-1.3243706,-1.1728586,-1.3507924;-1.6162032,-0.9488474,-1.507584;0.43573567,-1.1986457,-1.9088204;-0.9278691,-1.3574086,-0.30752793;0.49953073,-0.02028502,-0.89568925;-1.269461,-0.23214005,-1.3651714;1.7210531,0.30334342,1.4943877;-1.6348166,-1.5982764,-0.16540495;-1.3474554,1.0563499,0.9424919;-1.9800328,-0.09280027,0.6138191;1.0848751,0.8787178,0.2736531;-0.20664266,-0.50712997,-2.0760117
