data_set
babi-q1
num_classes
6
data_points
1000
model
saved_models/babi-q1-e0122.ckpt
color_schema
#4E79A7,#F28E2B,#E15759,#76B7B2,#59A14F,#EDC948,#B07AA1,#FF9DA7,#9C755F,#BAB0AC
test_accuracy
0.854
test_loss
0.4622369091510773
train_accuracy
0.9155
train_loss
0.22270333594083785
val_accuracy
0.877
val_loss
0.3691121619939804
labels
12,9,15,12,15,12,11,12,17,17,15,11,17,10,10,15,11,15,17,15,12,17,17,12,10,10,10,15,15,15,12,17,15,15,9,17,9,11,15,10,9,11,9,12,11,15,12,9,17,10,10,17,11,11,15,10,15,12,11,12,12,17,9,11,11,15,15,9,17,17,11,12,11,10,9,15,15,15,12,17,11,9,10,11,17,11,11,12,15,15,9,9,12,9,9,15,15,15,10,10,10,9,17,11,11,12,10,9,17,10,9,9,15,12,15,11,17,15,9,17,10,9,10,12,10,17,11,11,11,9,11,12,9,11,15,9,17,15,9,9,17,12,12,17,10,15,15,15,15,15,11,11,9,17,10,9,11,10,17,12,10,10,10,11,9,11,11,11,15,10,17,17,11,9,9,17,15,10,17,17,12,12,12,12,10,9,17,11,15,17,12,15,11,12,12,11,17,15,9,10,12,17,17,10,12,9,15,12,9,12,9,10,12,10,9,10,9,12,12,9,9,12,15,12,10,17,12,11,9,9,17,11,12,17,12,10,10,10,10,17,12,15,11,11,15,15,11,11,11,11,10,17,9,9,10,10,17,17,15,11,11,17,12,17,17,9,11,10,9,10,15,17,17,15,9,17,15,12,17,9,9,11,17,17,11,17,9,17,11,9,15,15,10,15,15,11,11,12,12,9,9,9,9,17,12,11,9,17,17,15,11,11,17,10,11,17,10,17,17,11,11,15,15,11,11,9,10,11,11,10,15,17,15,10,10,17,12,17,12,12,12,11,17,15,11,17,12,12,15,15,10,11,11,10,10,9,17,12,11,12,11,9,11,11,11,11,11,12,12,12,12,12,11,11,17,10,15,9,9,10,9,10,10,17,17,15,17,17,17,15,15,12,9,10,17,17,10,17,9,11,10,11,10,15,17,15,12,10,11,15,10,11,9,12,17,10,10,15,12,9,12,12,9,12,10,15,15,17,10,10,17,15,15,15,17,11,15,9,10,11,10,12,9,11,10,11,10,12,11,15,15,15,15,11,9,15,10,12,11,12,9,11,10,17,11,11,10,10,10,17,12,17,17,9,15,11,9,15,11,9,10,10,12,12,11,10,9,12,10,9,15,10,10,11,11,15,15,10,12,12,15,11,9,12,9,15,10,17,17,10,10,17,10,10,17,9,9,10,12,11,17,17,12,12,11,12,17,11,11,12,11,11,11,17,9,11,10,12,12,10,11,17,12,12,15,11,15,15,12,10,10,9,17,10,15,12,15,10,10,10,11,10,11,15,10,9,9,15,10,10,10,10,15,15,17,9,10,12,10,10,12,12,11,15,10,10,11,12,10,10,17,12,17,11,9,9,17,17,11,10,10,10,15,15,17,11,15,12,11,10,15,17,9,11,9,17,15,12,15,17,11,17,17,15,9,10,9,9,10,10,9,10,10,15,11,11,11,15,12,9,11,11,10,17,11,11,12,17,15,15,9,11,15,15,11,9,15,15,11,15,15,15,11,10,10,9,17,17,17,17,10,10,17,9,15,9,17,12,12,12,15,15,15,17,9,11,9,17,9,12,11,9,9,17,11,11,11,10,15,10,12,12,9,9,17,12,12,9,17,12,11,11,15,15,12,11,12,17,12,17,11,12,11,17,17,11,17,9,11,9,10,10,12,17,10,12,9,9,9,15,11,11,15,17,9,10,9,12,17,15,17,17,12,10,12,11,11,17,15,9,17,10,9,11,12,15,9,15,12,10,9,10,17,17,15,15,9,9,9,17,10,17,17,9,12,17,17,12,12,11,11,11,11,17,11,17,17,17,17,17,12,9,17,10,17,11,10,10,12,12,11,11,17,12,12,17,17,15,11,17,11,11,9,12,9,17,9,10,9,15,11,9,11,15,10,9,9,9,17,12,11,11,17,15,15,10,10,11,11,17,10,12,9,10,10,10,10,10,15,17,9,11,17,15,12,11,10,10,15,12,10,11,12,12,11,11,11,15,12,17,10,12,17,17,12,10,10,12,17,10,11,17,11,12,17,17,11,12,11,17,9,9,11,17,11,11,15,15,17,17,10,10,17,12,11,15,12,11,11,10,9,12,12,15,10,9,17,15,17,9,17,17,10,17,15,12,12,11,10,10,10,17,17,15,12,17,9,9,15,10,12,15,15,15,17,17,15,11,15,10,12,9,9,10,11,11,9,9,12,15,9,15,9,12,12,10,17,17,10,12,15,9,10,17,11,11,11,17,9,9,11,15,11,11,11,15,12,17,9,10
pred_labels
12,9,15,12,15,12,11,12,17,17,15,11,15,10,11,15,11,15,11,12,12,17,17,9,11,10,10,15,15,15,12,17,15,15,9,17,9,11,15,11,9,11,11,15,11,15,12,9,17,10,10,17,11,11,11,10,15,12,12,12,12,17,9,11,12,15,15,9,17,15,11,12,11,10,9,15,11,15,15,17,11,9,10,15,17,11,11,12,15,15,9,9,12,9,9,15,15,15,10,10,10,9,17,11,11,12,10,9,17,10,9,17,15,12,15,11,15,15,15,17,10,9,9,12,10,17,11,15,11,9,11,10,9,11,11,9,17,15,9,9,17,12,12,17,10,15,15,15,15,11,11,11,9,12,10,9,11,10,17,12,10,10,10,11,9,11,11,15,15,10,17,17,11,9,9,17,15,10,17,17,12,12,12,12,10,9,17,11,15,17,12,15,11,12,11,11,15,12,9,10,12,17,12,10,12,9,15,12,9,9,9,10,12,10,11,10,9,12,12,12,9,17,15,15,10,17,17,11,9,9,17,11,12,17,17,10,10,9,10,15,12,15,11,11,15,15,11,11,12,11,10,10,9,9,10,10,17,10,15,11,11,17,12,17,12,9,11,10,9,10,15,17,17,15,15,17,15,12,17,9,9,11,17,12,11,17,9,9,11,9,15,15,10,15,15,11,11,12,12,9,9,9,15,17,17,11,9,17,9,15,11,11,17,10,10,17,10,17,15,11,11,15,15,11,10,9,10,11,15,10,15,17,15,10,15,17,12,9,12,10,12,11,17,15,11,17,17,12,12,15,10,11,11,10,10,9,17,12,11,12,11,9,11,11,11,11,11,12,12,12,12,12,11,11,17,10,15,9,11,10,9,10,12,17,17,15,17,17,17,15,15,12,9,10,17,17,10,17,9,11,10,11,10,15,17,15,15,17,17,15,10,11,9,12,17,10,10,15,12,9,12,11,9,10,10,15,15,17,10,10,17,15,15,10,17,11,15,9,10,11,10,12,9,11,10,11,10,12,11,15,15,11,15,11,9,15,10,12,11,12,9,11,10,17,11,11,10,10,10,17,12,17,9,9,15,11,9,15,11,9,10,10,12,12,11,10,9,12,10,9,15,10,10,10,10,15,17,10,12,12,15,11,9,12,9,15,10,17,17,10,10,17,10,17,15,9,9,10,12,11,17,17,12,12,11,12,17,11,12,12,11,11,11,12,9,11,10,12,12,10,11,17,12,12,15,11,15,15,12,10,10,9,17,10,15,12,15,10,10,9,11,10,11,15,10,9,9,15,10,15,10,11,15,15,17,9,10,12,10,10,12,12,11,15,10,10,11,12,10,10,17,12,17,11,9,9,17,12,12,10,10,10,15,15,17,11,15,12,12,10,15,15,15,11,9,17,15,12,10,17,11,17,10,15,9,10,9,9,10,10,9,10,10,15,11,11,11,15,12,9,11,10,10,17,11,11,12,17,15,11,9,11,15,15,11,9,15,15,11,15,15,12,11,10,12,9,17,17,17,11,10,10,17,9,15,9,17,12,10,10,15,15,15,17,11,11,9,15,9,12,11,9,9,17,11,11,9,9,15,10,12,12,9,17,17,12,11,9,12,11,11,11,15,15,12,11,12,17,17,17,11,12,10,17,17,11,12,9,11,9,10,12,12,17,12,12,9,9,15,11,11,11,11,9,9,10,9,12,17,15,17,12,12,10,10,11,11,17,9,9,17,10,9,11,12,15,11,15,12,10,9,10,17,17,12,15,9,15,9,17,10,17,17,9,9,17,17,12,12,11,11,11,9,17,11,17,17,9,17,9,12,9,17,10,17,11,10,10,12,10,11,15,12,12,12,17,17,15,11,17,11,11,9,12,15,17,9,10,9,15,11,9,9,15,10,9,9,9,17,12,11,11,9,15,10,10,10,11,12,17,10,12,9,10,10,10,10,10,15,17,9,11,17,15,12,11,10,15,11,12,10,11,12,12,12,11,11,15,15,17,10,12,17,15,12,10,10,12,12,10,11,17,11,12,17,17,11,12,11,17,9,17,11,11,15,11,15,15,12,17,10,10,17,9,11,15,12,11,11,10,9,12,12,15,10,9,17,15,17,9,17,17,10,17,15,12,12,12,10,10,10,17,17,15,12,17,9,9,15,10,12,15,15,15,17,17,15,11,15,10,12,9,9,10,11,11,9,9,12,17,9,15,9,12,9,10,17,9,10,12,15,9,9,17,11,11,15,17,9,9,11,15,11,17,11,15,12,17,9,9
pred_correctness
True,True,True,True,True,True,True,True,True,True,True,True,False,True,False,True,True,True,False,False,True,True,True,False,False,True,True,True,True,True,True,True,True,True,True,True,True,True,True,False,True,True,False,False,True,True,True,True,True,True,True,True,True,True,False,True,True,True,False,True,True,True,True,True,False,True,True,True,True,False,True,True,True,True,True,True,False,True,False,True,True,True,True,False,True,True,True,True,True,True,True,True,True,True,True,True,True,True,True,True,True,True,True,True,True,True,True,True,True,True,True,False,True,True,True,True,False,True,False,True,True,True,False,True,True,True,True,False,True,True,True,False,True,True,False,True,True,True,True,True,True,True,True,True,True,True,True,True,True,False,True,True,True,False,True,True,True,True,True,True,True,True,True,True,True,True,True,False,True,True,True,True,True,True,True,True,True,True,True,True,True,True,True,True,True,True,True,True,True,True,True,True,True,True,False,True,False,False,True,True,True,True,False,True,True,True,True,True,True,False,True,True,True,True,False,True,True,True,True,False,True,False,True,False,True,True,False,True,True,True,True,True,True,True,False,True,True,False,True,False,True,True,True,True,True,True,True,True,False,True,True,False,True,True,True,True,True,False,True,True,True,True,True,True,False,True,True,True,True,True,True,True,True,True,False,True,True,True,True,True,True,True,True,False,True,True,True,False,True,True,True,True,True,True,True,True,True,True,True,True,True,True,False,True,False,True,True,True,False,True,True,True,True,True,False,True,True,True,False,True,True,True,True,True,False,True,True,True,False,True,True,True,True,True,False,True,True,False,True,False,True,True,True,True,True,True,False,True,False,True,True,True,True,True,True,True,True,True,True,True,True,True,True,True,True,True,True,True,True,True,True,True,True,True,True,True,True,True,False,True,True,True,False,True,True,True,True,True,True,True,True,True,True,True,True,True,True,True,True,True,True,True,True,True,True,True,False,False,False,True,True,True,True,True,True,True,True,True,True,True,True,False,True,False,True,True,True,True,True,True,True,True,True,False,True,True,True,True,True,True,True,True,True,True,True,True,True,True,True,True,True,False,True,True,True,True,True,True,True,True,True,True,True,True,True,True,True,True,True,True,True,True,False,True,True,True,True,True,True,True,True,True,True,True,True,True,True,True,True,True,True,True,True,False,False,True,False,True,True,True,True,True,True,True,True,True,True,True,True,True,True,True,True,False,False,True,True,True,True,True,True,True,True,True,True,True,True,True,False,True,True,True,True,False,True,True,True,True,True,True,True,True,True,True,True,True,True,True,True,True,True,True,True,True,True,True,True,True,True,False,True,True,True,True,True,True,True,True,True,False,True,False,True,True,True,True,True,True,True,True,True,True,True,True,True,True,True,True,True,True,True,True,True,True,True,True,True,False,False,True,True,True,True,True,True,True,True,True,False,True,True,False,False,True,True,True,True,True,False,True,True,True,False,True,True,True,True,True,True,True,True,True,True,True,True,True,True,True,True,True,True,False,True,True,True,True,True,True,True,False,True,True,True,True,True,True,True,True,True,True,True,False,True,True,False,True,True,True,True,False,True,True,True,True,True,True,True,True,False,False,True,True,True,True,False,True,True,False,True,True,True,True,True,True,True,True,False,False,True,True,True,True,True,False,True,True,False,True,False,False,True,True,True,True,True,True,True,True,False,True,True,True,False,True,True,True,False,True,True,True,True,False,True,True,False,True,True,True,False,False,True,True,False,False,True,True,True,True,True,True,True,False,True,True,False,True,True,True,False,True,True,True,True,True,True,True,False,True,True,True,True,True,True,True,False,True,True,False,True,True,True,True,True,True,False,True,True,True,True,True,True,True,False,True,True,True,True,False,True,False,True,True,True,True,True,True,True,True,True,False,True,False,False,True,True,True,True,True,True,True,True,True,True,True,False,True,True,True,True,True,True,True,False,True,True,True,True,True,True,True,True,True,False,True,False,True,True,True,False,True,True,True,True,True,True,True,True,True,True,True,True,True,True,True,True,True,True,False,False,True,True,True,True,True,False,True,True,True,False,True,True,True,True,False,True,True,True,True,False,True,True,True,True,True,True,True,True,True,True,True,True,False,True,False,False,True,True,True,False,True,True,True,True,False,True,True,True,True,True,True,True,True,True,True,True,True,True,True,True,True,True,True,True,True,True,True,True,False,True,True,True,True,True,True,True,True,True,True,True,True,True,True,True,True,True,True,True,True,True,True,True,True,True,True,True,True,True,True,True,False,True,True,True,True,False,True,True,False,True,True,True,True,False,True,True,True,False,True,True,True,True,True,True,False,True,True,True,True,True,False
p2d-kl
0.5237423181533813
p2d-iter
599
p2d
0.028074803,1.8746613;-0.8873162,-0.98295844;0.9116244,0.69321096;-0.14699483,1.6671863;1.2395229,1.1343267;0.05130093,1.6421431;0.648619,-1.0585905;-0.16336736,0.8103566;-0.6013679,0.22499296;-1.0145223,-0.06312388;1.1198624,0.88666135;0.36893272,-0.7659042;0.1792797,0.46654624;1.8940574,-0.011498299;-1.0445641,-0.40427923;0.86418766,0.6669267;0.67573273,-0.99236655;1.0839436,0.89137954;-0.8306178,-0.40103304;-0.63231367,0.121691495;0.029505631,1.6211007;-0.96551913,1.3295983;-0.27930042,0.4219808;-1.3042042,-0.7861706;-0.9548411,-0.38940522;2.1716807,0.1845534;2.228081,0.21998116;1.0062163,0.8857891;0.16136058,0.5809336;-1.0365376,-0.6506056;0.07638838,1.2644265;-0.9669895,1.4518563;1.3330388,1.1377746;1.182766,0.94299513;-0.5217627,-1.7656528;-1.0734553,1.1663957;-0.7013757,-1.5823492;-0.08250398,-0.6361504;0.12048582,0.40230298;-0.2626906,-0.006565366;-0.5554502,-2.1194208;-0.28305078,-0.71567076;-0.95222425,-0.39886802;0.23145477,0.42773053;0.6462871,-0.88497883;0.4512611,0.22244972;-0.33353868,-0.19591516;-0.43083712,-2.2821445;-1.0055623,0.9581344;1.871759,-0.47567505;1.9118794,-0.4186642;-1.083957,1.1123425;-0.09758376,-0.61102283;-1.148838,-0.45148158;-0.71999633,-0.48772684;2.1467392,0.17931207;0.40690914,0.18095835;0.023111716,1.5223635;0.10334017,1.0619228;-0.31455544,1.6044672;0.019286942,1.8421837;-0.97066677,1.0132655;-0.42912075,-2.243812;-1.3836962,-0.64013743;-0.17224811,0.42620635;1.4005972,1.116666;-1.0602657,-0.50931716;-1.4502145,-0.8499571;-0.9010139,1.2795948;0.06559749,0.40985647;0.6658977,-1.1605912;0.13566752,1.2852739;0.30854878,-0.80243415;1.8271428,-0.4884245;-0.4583421,-2.097779;1.3566405,1.0825331;-0.42147568,-0.43498224;1.2356575,1.0615486;0.17877062,0.6410517;-0.9454839,1.1595984;0.7207919,-1.0826354;-0.63583684,-1.7306515;2.1624851,-0.027592037;-0.32561922,-0.07756929;-1.0607597,1.327553;0.71151006,-1.1274102;0.6794769,-1.2066258;-0.012136072,1.8269826;1.3282382,1.1098449;1.3505627,1.0360273;-0.46732372,-2.2355943;-0.7056161,-1.7993306;-0.106286734,1.330861;-0.7340624,-1.6335114;-1.3705649,-0.7075621;0.80312085,0.67395985;0.49428755,0.41065305;1.0604423,0.8580412;1.8679821,-0.013351214;-1.2594348,-0.41423005;2.2669747,0.05430471;-0.6654057,-1.66322;-0.66220516,1.1000594;-0.31304482,-0.65936655;-1.18817,-0.6189328;-0.009369273,1.3029697;1.8270465,-0.34727064;-1.3544005,-0.7557774;-0.6083524,1.3026565;2.028075,-0.24590553;-0.3836976,-2.195969;-0.83215094,-0.5675024;1.0364687,0.8431889;0.102818966,1.6620108;0.17279936,0.5879043;-0.048343726,-0.6358582;-0.49129847,0.12951382;-0.58930284,-0.6312041;-0.8452199,-0.5930208;-0.9408659,0.15749556;1.8892136,-0.41450757;-0.57376295,-1.969595;-0.80863297,-0.17595512;-0.51897454,1.4433575;2.1496773,0.21760453;-0.9680801,1.4015533;0.48088086,-0.87018985;-0.2486211,0.14069791;0.5513804,-0.96021783;-0.558027,-1.6669438;0.6770751,-1.1577018;-0.067479156,0.26573205;-0.6946039,-1.5369842;-0.4641846,-0.5419628;-0.4888974,-0.4997026;-0.45810345,-2.2535114;-0.704676,1.2934356;1.2229949,1.1010537;-0.8495248,-1.0394764;-1.0918176,-0.68635494;-0.9638996,1.3092933;-0.14597552,1.6903566;-0.8719379,0.051845685;-0.47083697,1.3614743;1.7888812,-0.64128363;1.2751424,1.052589;-0.3406473,-0.1162968;0.98160064,0.84154654;1.0729607,0.8616484;0.30187526,0.3936165;0.19258715,-0.7583975;0.54660386,-0.7832889;-0.07212795,-0.14504836;-0.57311606,1.326744;1.9153911,-0.2994714;-0.6248059,-1.7835456;-0.26483196,-0.6714263;-0.48350808,-0.11416968;-1.0181384,0.60501415;-0.108671136,1.209158;1.9638377,0.16542543;-0.35040528,0.007589122;1.8829497,-0.3695151;0.19610645,-0.6649501;-0.8871635,-0.9082424;0.5970401,-0.98122126;-0.13492122,0.11079192;0.2517538,0.42081273;0.3664439,0.33095697;2.1203222,-0.08104376;-0.9905897,1.1417823;-0.5313182,0.1746702;-0.18390337,0.07923193;-0.63369405,-1.8511761;-1.3659022,-0.77454555;-1.0629863,1.1561353;0.96646017,0.7091636;2.0444715,-0.15186356;-0.9938999,0.7041776;-0.67640245,0.19401948;0.0331809,1.4540695;-0.17200133,0.46045095;0.012819317,1.2660947;0.021922233,1.4853687;1.874698,-0.14680803;-0.5025769,-2.1747677;-0.6642691,1.6083146;-0.0034536566,-0.66429764;0.8972867,0.75062364;-0.6543534,1.5608472;0.0138245085,1.7171515;1.281813,1.1266882;0.8844379,-1.1413496;-0.05931331,1.8368766;-0.95327115,-0.36868888;0.7543039,-1.2200333;-1.0583469,-0.33788872;0.06514261,0.44167885;-0.73550236,-1.4749954;1.8562821,-0.53677577;0.090667404,1.3465188;-1.0699027,0.9354636;-0.19883391,0.37761542;1.8306063,-0.60862637;0.12748547,1.0034542;-0.51860553,-2.0982819;0.59700173,0.47567528;-0.00702764,1.8972219;-1.4156072,-0.8639475;-1.1821644,-0.825423;-0.6890384,-1.6686549;1.8428403,-0.5305758;-0.25549126,1.6269425;-1.3528235,-0.9116067;-1.2242769,-0.5026021;1.979842,0.028574416;-0.7532643,-1.473633;0.05213129,1.65683;-0.021655515,1.8601357;-1.1904391,-0.80954903;-0.6978811,-1.649681;-0.25455815,1.103693;1.1102238,0.7925311;0.10765569,0.4895076;2.10526,-0.095397785;-1.0594634,0.9048608;-0.39274442,0.28881133;0.54383665,-0.94048315;-0.6028919,-1.9827415;-0.91104466,-0.7098157;-1.0197395,0.87162596;-1.2791393,-0.64828897;0.17118216,1.1574577;-0.9008028,1.1709616;-0.9512535,0.05041462;2.062937,-0.21202536;0.024417413,0.22205536;-1.6493939,-0.8115344;1.8075284,-0.45410553;-0.37293047,-0.06454423;-0.06496175,1.1955295;1.2919005,1.1577034;0.78965634,-1.0777434;-1.0420614,-0.434289;0.8440886,0.6382699;1.3068002,1.0391227;0.8702608,-1.1945544;-0.42029545,-0.49965155;-0.39579627,0.13933183;0.2090661,-0.5483679;1.8220389,-0.53015864;-0.47533154,-0.06196317;-0.60072565,-1.4991425;-1.6252797,-0.7597254;2.222465,0.04013876;1.991142,-0.31788287;-1.0897378,1.1045635;-0.97246176,-0.011717771;0.4406248,0.2782745;0.65878683,-1.1250966;0.8563563,-1.277724;-1.028321,0.79777443;0.039149273,1.3952818;-0.99313754,0.8657161;-0.4780048,0.25836095;-0.6292392,-1.7886662;0.53776884,-0.7686859;2.3059437,0.21572721;-0.7965004,-0.9258176;1.7987988,-0.40846056;1.3170635,1.0448275;-0.67596066,1.0551378;-0.5119917,0.27356234;1.0607543,0.7739641;-0.5376785,-0.41062236;-0.9435489,0.85982245;-0.5613379,-0.43071318;-0.02080266,1.8951288;-0.6209999,1.4767176;-0.61754936,-1.8126112;-0.56312764,-2.1067164;0.26853237,-0.8212395;-1.0004069,0.62732595;-0.7062453,0.07295945;0.8244881,-1.0909038;-1.0835624,1.0600638;-0.90942824,-1.0175475;-1.727727,-0.7924947;0.37779114,-0.838831;-0.6499172,-1.6951694;1.4230728,1.1467714;-0.27691427,-0.114439175;1.9633845,-0.29149255;1.2739177,0.948751;1.3775481,1.0706761;0.20739454,-0.6870301;-0.5701373,-0.5248145;-1.1202025,-0.40633333;-0.24054061,1.6148885;-0.78085303,-1.4581361;-0.48417845,-2.2160027;-1.6515894,-0.745449;-0.7752717,-0.3827099;-0.9720248,1.3249626;-0.14898147,0.6083033;0.06214583,-0.72505534;-0.49448693,-1.882469;-0.3836691,0.47793925;-1.6222687,-0.8129938;0.72140324,0.5577121;0.16836293,-0.73916155;-0.5015964,-0.19125837;-1.031241,-0.11974431;2.0108871,-0.095404506;-1.007916,-0.3179581;-1.0253046,1.2711798;1.8354203,-0.566124;-1.0331688,1.0644379;0.12168261,0.6010766;0.16237217,-0.5362249;0.7494828,-1.11757;1.3985696,1.1760128;-0.5895913,-0.62759936;0.88850975,-1.1190437;-0.62319815,-0.11421809;-0.6490954,-1.8946099;2.1043358,0.19434188;0.7346261,-1.2901847;-0.13277623,0.023288976;2.0118074,0.23059842;0.9019144,0.67766726;-1.0716853,1.0114833;0.13429718,0.567571;1.8650264,0.14233883;-0.32987204,0.10361512;-0.7734248,1.4078537;0.002788898,1.2324193;-1.5464612,-0.7662299;-0.022129951,1.5397391;-1.7220235,-0.85276073;0.030588754,1.7716084;0.51866096,-0.9796012;-1.0051616,0.5859716;1.3185652,1.173399;0.32331312,-0.8308728;-1.0755122,1.0610324;-0.3380145,1.0410469;-0.022449274,1.5033135;-0.7685613,-0.050891962;1.4711826,1.2211688;2.2178967,0.22462822;-0.44263178,-0.27426514;0.77135503,-1.0725732;2.0923505,-0.24168141;-1.0216976,-0.2562936;-0.7260385,-1.5217856;-0.9506057,1.4589589;-0.20436879,1.1051147;0.57337946,-0.9943309;0.04093066,1.4751347;0.69004184,-0.90314865;-0.5930111,-1.4826441;-0.25117382,-0.7104935;-0.1139691,0.019911809;-1.3501883,-0.6406376;0.83960325,-1.3463206;0.25454408,0.48703572;-0.07962969,1.1239859;-0.10562142,1.6968424;-0.5328772,0.15502648;-0.02389963,1.2819026;-0.91324914,-0.020085992;-0.047510076,-0.6256708;-1.0273514,-0.3966014;-1.052689,1.2166431;1.9422146,-0.3055764;1.4017285,1.1573671;-0.6261547,-1.5487119;-0.7566038,-0.5348518;1.9392121,-0.0035924073;-0.5104308,-2.2081285;-1.6585804,-0.8611547;-1.5826093,-0.87763494;-0.49605942,0.29323506;-0.30847353,0.354712;0.4547823,0.29833004;-0.8594091,1.3306631;-1.0450238,1.0202839;-0.97296524,0.02008798;0.7427929,0.7506481;1.2723142,1.0415933;-0.0027227134,1.4868842;-0.8686524,-1.0226343;1.771762,-0.6031945;-0.6744321,1.4496255;-0.99888957,1.1346581;0.22443266,0.99931675;-0.6331387,1.5916146;-0.6782905,-1.8219957;-0.26302525,-0.7109536;1.9938666,-0.31066266;0.8699074,-1.277479;1.9971404,0.16153769;1.1614714,0.92408943;-1.0352315,1.1020333;0.36858103,0.21806085;0.086115755,0.3405228;-0.3938564,0.32525966;-0.5790845,0.12751453;0.72146136,0.7194459;2.2857447,0.15194635;0.26127625,-0.7973624;-0.5578271,-1.8953869;-0.7843392,0.17241351;-0.9871294,0.91631657;1.7787945,-0.53202075;-0.53391445,-0.087236054;0.4235363,0.32214278;0.062734246,1.004518;-0.69818854,-1.4615369;-0.63432163,0.051821593;-0.05851082,0.17755316;-0.5515104,-2.06965;-0.8463893,-0.10371102;2.0069373,-0.13884853;0.68579376,0.5891112;-1.0762596,-0.6690243;-1.0149428,0.5528477;2.2620482,0.08976638;-0.82066184,-0.11639654;-0.7382521,1.2078862;0.63403857,0.51304275;0.7675879,0.6521162;-0.59539706,-0.21646018;-0.8911082,1.4186817;0.8057828,-1.2103778;-1.1847286,-0.45199838;-1.0596945,-0.8179241;-1.1872709,-0.3258915;-0.9767389,-0.3366128;2.150886,0.18227139;-0.28194478,1.6314834;-0.31727082,0.20752323;-0.0485617,-0.17940249;2.0028439,-0.17769809;-0.20015028,-0.62034863;-0.4326508,-0.004725659;-0.07595221,1.256398;-0.2580251,-0.59361964;1.478651,1.2326274;1.1969666,1.024224;-0.45672113,-0.504083;1.4768524,1.1914667;0.50847626,-0.7555008;-0.6207372,-1.6415235;1.0866537,0.8327505;1.8917285,-0.4711776;-0.014874119,1.8513125;0.29743728,-0.7474855;0.079189494,1.4863865;-0.67977065,-1.5949643;-1.3050267,-0.6417255;-0.5886167,-0.17825326;-1.0244306,1.2976642;0.42867061,-0.80869776;0.8176563,-1.182522;2.131978,-0.12511408;-1.0000823,-0.40524;1.7658186,-0.56723833;-0.90270907,1.2942919;0.033488642,1.9231038;-0.77706397,1.3457007;-0.9733999,-0.09440138;-0.18561257,0.6216002;1.3253613,1.0817031;0.3348444,-0.73763317;-0.4230971,-2.1350367;0.7295386,0.5496049;0.42889133,-0.83480334;-0.6566224,-1.5557846;2.1727147,0.21485;-0.6234918,-0.22108535;-0.2981261,1.5926956;-0.18567458,0.62340736;0.09640979,-0.6527254;1.7961168,-0.493261;-0.47793663,-2.0366032;-0.10408969,0.9724077;2.0882833,-0.06192183;0.3605104,1.1516508;1.3688402,1.0986934;2.0083141,-0.28286588;-0.62940675,-0.2122884;-0.51246417,-0.21822782;0.023673428,0.23515235;0.65660983,0.5195107;-0.5811868,0.2863496;2.1756415,-0.013632019;-0.10494544,0.98857105;-0.8813958,-0.25682947;1.0337138,0.82482266;-0.43898967,-0.5359415;-0.54270536,-0.6669467;-0.15494005,1.6830361;-0.52134985,-1.6937835;1.2507961,1.0940751;1.9652236,0.03244441;-1.0028863,0.6021591;-0.38664103,0.27776343;1.9289622,-0.16213654;2.1784794,-0.060144242;-0.9937621,0.77262914;1.9982086,0.057558317;-0.6511069,0.20692024;0.058211274,0.38932756;-0.4083963,-2.263547;-1.5968778,-0.7454699;-0.74451226,-0.14933991;-0.03346753,1.1509682;-0.32201958,-0.6961776;-0.99314934,1.0408285;-0.6322349,1.5225152;0.18014966,1.1958177;-0.70431143,0.0035134077;0.5098484,-0.8228476;0.030174172,1.7177427;-1.018086,1.1690054;0.66323864,-0.84801173;-0.2569312,0.162544;0.0120033305,1.3306974;0.8200446,-1.2832271;-0.24257526,0.025085554;0.49817258,-0.9837907;-0.8407886,-0.036981665;-0.93379974,-0.9682359;0.8369857,-1.2391068;2.2968314,0.15114795;0.11668304,1.5168594;-0.7749692,0.047773167;2.234943,0.091413476;0.7145994,-1.0806526;-0.72047716,1.3568207;-0.034016367,1.2371264;0.073445484,1.4545628;1.0185039,0.7836468;0.61686504,-1.0738027;0.5055108,0.39258862;-0.78442895,-0.4359442;0.20370221,1.2239659;1.866973,-0.18156804;2.2420514,0.25167745;-0.85148835,-1.052958;-0.39506134,0.4506029;1.6790855,-0.051589925;1.0109401,0.85959095;0.006638433,1.6441966;0.3768899,0.18198274;0.008410327,0.28002447;-0.09147723,0.27100512;-0.8706355,-0.9560857;0.347499,-0.89076847;1.9765525,-0.26409805;0.0007491368,-0.54943967;0.83851755,0.7469695;1.8503667,-0.23322342;-0.5047673,-2.2511034;-1.0585234,-0.85792196;-0.51852983,-0.41739628;1.7222458,-0.62904495;-0.3606786,0.058839023;2.2933383,0.21685347;-0.45423082,-0.19852735;-0.77016366,-0.41232494;-1.3297044,-0.52395004;-0.52583224,0.30456957;-0.5238497,-2.125921;2.1988862,-0.039014354;-0.26007602,1.6478509;-0.8336788,-0.1372546;-1.5136229,-0.8777661;0.03795903,1.9112397;-0.32948998,-0.0031863076;0.7159711,-0.90090764;-0.50279033,-0.5438245;1.8305691,-0.57150376;2.1755285,0.19227462;-0.26988146,-0.61866343;0.13636297,1.0071092;1.9306735,-0.12427455;-1.2248981,-0.8865295;-0.92219746,1.3768789;0.017096711,1.2385637;-1.0123048,1.3493482;0.73196626,-1.0094026;-0.50951964,-1.9371576;-0.48616248,-2.1971312;-0.6031971,1.258842;-0.8274714,0.05886644;-0.6184116,0.002954832;1.7798177,-0.5484306;2.239365,0.05577913;1.9363669,-0.39378193;0.37826768,0.13098066;1.4028492,1.0286949;-1.0404644,0.9756242;0.7705536,-1.1843771;0.4692286,0.35456985;0.008771765,0.5218622;0.23832227,1.1347779;-0.738463,-0.15208615;1.2342753,0.99911296;0.24093652,0.35274294;-1.2388496,-0.6001488;-0.73847365,-0.5014737;-0.46096176,-2.083623;-0.63031805,1.5854592;0.6180865,0.48408836;-0.090147324,1.0792906;-0.9499868,-0.34737632;-0.9781618,0.041300703;0.63295794,-0.9331047;-0.6633713,1.4063579;-0.60744685,-0.09781029;0.3546577,0.08864369;-0.60653317,-1.6030607;-0.47396946,-0.2018707;-0.6942375,-1.5973041;-1.5175428,-0.7914014;1.7848724,-0.5888919;-1.1884245,-0.32305273;-0.50476724,-2.2511034;2.2357497,0.020665051;-1.2415838,-0.4304529;0.64065975,0.56861794;0.6982618,0.72596264;0.36077407,-0.73183525;0.045914624,-0.5740632;0.5402976,0.41750085;-0.5508604,0.24691111;-0.7504902,-1.3998256;-0.26955998,-0.65427667;-0.4961666,-0.17118713;1.9313178,-0.20788355;-0.55991197,1.0968177;-1.3023714,-0.5732116;0.14592515,-0.6546122;-0.072122365,1.2094017;-0.9170784,1.354116;0.5815029,0.5108161;-1.2749561,-0.586552;-0.54483795,-1.9264964;0.4440094,-0.9138751;0.9778216,0.7965719;0.8671375,0.7299525;0.5461325,-0.8284998;-0.46104798,-2.2047575;0.7587043,0.5871173;-1.1444635,-0.5043257;0.8930696,-1.3652014;1.2508059,0.98104036;0.5071185,0.3002449;-1.1094308,-0.37086746;0.0303283,-0.6274602;1.8761845,0.009672698;-1.1401732,-0.2626667;-0.7405661,-1.509013;-0.3916,0.35193163;-1.0515058,0.83338475;-0.2275261,0.43877685;-0.9956556,-0.35074496;2.0136507,-0.32149673;-0.61670166,-0.17236269;-0.6414609,1.3787831;-1.4839836,-0.7573445;0.20169656,0.3727922;-0.5399667,-1.9958559;-1.0451021,0.85142976;-0.00041730798,1.6755227;-0.024623286,0.30369386;-1.675362,-0.8634104;1.113856,0.8696136;-0.10796654,-0.02717175;1.4504918,1.089233;-0.8316463,1.2834754;-0.50406563,-0.62333894;0.50966305,-0.9034538;-0.7126351,-1.685658;-0.84975255,-0.61865026;-0.7220536,-1.4274925;-0.048270594,1.235809;0.7859078,-1.2269121;-0.51195735,-2.0760996;-1.0875037,-0.8094062;-0.63629043,1.3317938;0.43451667,-0.7558429;0.41425702,-0.99035835;-0.06686329,-0.16038692;-1.6313612,-0.8367536;1.1109995,0.81590986;-0.38418093,-0.0738167;-0.10773584,1.6712828;-0.6513114,0.058806837;-0.5551346,-2.0170727;-1.1182959,-0.6853533;-1.013371,0.54889727;0.013165679,1.8836364;-0.11927893,0.10234105;-0.7495484,-1.3572325;-1.3939741,-0.7827683;-0.31965223,-0.19283949;0.51616096,-1.0257552;0.3863802,-0.85363656;0.44056118,0.34440902;0.896075,0.7493926;0.13970722,1.1662915;0.815915,-1.2537203;-0.082710475,1.1710416;-0.96265507,1.1327119;0.085203886,0.49796426;-0.3858324,0.26895308;0.54115367,-1.0151461;0.056475613,1.5988069;0.16749507,1.0028553;-0.869228,1.4786507;-0.29228008,0.34617826;0.13878803,-0.6514169;-0.089063376,0.36071995;-0.4158312,-2.174715;0.2920409,-0.70978105;-0.6158208,-1.5656666;2.1069825,0.15675381;-1.4618914,-0.87501675;-0.1339609,0.42885137;-0.9796925,1.3731108;-0.8076376,-0.007902914;0.0031506214,1.644646;-0.7421032,-1.6502588;-0.5723581,-2.0520513;-0.8767828,-0.6784023;0.31460065,0.41353795;0.6351556,-1.1352242;-1.1245553,-0.597635;0.08835511,0.42427132;-1.3879817,-0.80724996;-0.6466869,-2.026359;1.9812492,0.099641584;-0.58073795,-1.809481;0.008595847,1.5603554;-0.607077,1.3657178;0.89306027,0.672879;-0.99860215,0.78468627;-0.9931506,-0.29943997;-0.10781427,1.2893075;2.254794,0.15559815;-0.3104993,-0.024960399;0.784053,-1.2955037;0.269042,1.1441426;-0.721942,1.2745845;-1.6164327,-0.774659;-0.61124617,-1.6434567;-0.7066554,1.4352033;1.9099733,-0.008876826;-1.5454578,-0.8172904;-0.33512205,-0.6704822;0.26323357,1.181515;0.4721304,0.32091868;-1.3287547,-0.653418;0.3925655,0.24052003;-0.08400575,1.1043402;1.8430314,-0.07170518;-0.8505052,-0.9801858;2.1345649,0.23150508;-1.0235859,1.2328445;-0.41518992,0.3857116;-1.3446872,-0.5296618;1.2109534,0.9936291;-0.5958329,-2.0711584;-0.8103732,-0.6528357;-1.3805151,-0.755229;-0.8626921,1.3456848;2.008472,0.038689263;-1.0103406,0.7541913;-0.31794572,0.39848477;-0.9340117,-1.0144746;-1.1034921,-0.8028353;-0.7280922,1.1978638;-0.8545304,-0.6093657;0.2479549,1.1643635;-1.7000825,-0.83883417;-0.6199709,-0.5060824;0.8815959,-1.3688284;-0.95416224,-0.5097477;-1.7639413,-0.7875742;-0.9151243,0.11735746;0.8908871,-1.2387625;-0.6588194,1.5743334;-0.6239821,1.050732;-1.4416554,-0.77972287;-0.6707369,1.3733113;-1.6697035,-0.81868064;-0.17973368,1.6496159;-1.0214369,-0.92605406;-0.71364206,1.4760015;-0.57000804,-0.138223;-0.641914,1.5958004;0.69402885,-1.039625;2.2221055,-0.073279865;-0.54264295,-0.07069378;-0.16073862,0.8157049;-0.025061253,0.27805313;0.8199661,-1.2326016;-0.51690066,-0.39661184;-0.6632946,-0.06487462;-0.042084537,1.2745208;-0.06817003,0.90008855;-0.9686263,0.83857584;-1.0256763,0.8557603;0.8068853,0.6266909;0.078220345,-0.6020148;-0.17372088,0.42410263;0.82783884,-1.212396;-1.2473388,-0.6443811;-0.6468983,-1.8615484;-0.104222335,1.1827242;-0.84167784,-0.2685903;-1.0014348,1.3258348;-0.9544984,-1.0019741;2.2595026,0.10505966;-1.3552349,-0.8465274;1.4339297,1.025588;0.6204792,-1.1057085;-0.55395186,-1.8668249;-1.506626,-0.7033889;0.41925502,0.24240986;1.8909333,-0.35139704;-0.6250869,-1.8530625;-1.3228786,-0.8036576;-1.34429,-0.8313124;-0.5463236,1.4395922;-0.8702502,0.021066781;0.7086944,-1.1204734;0.0984118,-0.54520094;-0.8458973,-0.6327848;1.2919903,1.0840681;-1.1645889,-0.39420497;2.0901575,0.13489252;1.9819226,-0.0033579823;-1.2515935,-0.6560132;-0.19071896,0.12496872;-0.91800886,-0.6407942;2.0732942,0.21698952;-0.098421924,0.94535494;-0.86279523,-0.9317426;1.7758644,-0.5068621;1.9120743,0.14100495;1.8471775,-0.4135995;-0.039810777,0.30956456;1.968615,-0.3296433;0.8431627,0.6561808;-1.0222516,0.91896373;-0.67585,-1.7143238;0.012001241,-0.62025344;-1.0109429,1.0875657;0.59493303,0.51131165;0.038635973,1.9295495;0.83954394,-1.3458909;1.9220384,-0.3667147;-0.1873058,-0.0724147;0.3095648,0.38764784;-0.010699566,1.4346884;2.1228354,0.17997189;0.7320925,-1.1862582;0.029396072,1.7673429;-0.64434,0.12777606;-0.74296665,0.06556823;0.5969623,-1.0676014;-0.98762685,-0.4995825;0.36083624,0.35144696;-0.3351736,-0.18568595;-0.46105957,0.36586863;2.0637417,-0.22108795;0.15685941,1.1755002;0.08146246,0.6268008;-1.2071103,-0.5728311;-0.25692183,0.092920676;2.2510083,0.0007164392;2.0314436,-0.12925914;-0.10299077,0.9965466;-0.7343237,0.0772351;-1.6891247,-0.8230656;0.32651347,-0.73414403;-1.0677663,1.01967;0.49748498,-0.874788;-0.21225634,1.1826141;-0.56897163,1.3876008;-0.9712748,1.4028045;-0.22766334,-0.59572554;0.07096411,1.6476264;-0.41898537,-0.4154052;-0.5978044,0.26558363;-0.3760076,-2.1984217;-0.96939737,-0.061111204;0.41502428,-0.8698072;-1.1961206,-0.4631164;0.25166443,0.44596872;0.46748367,-1.0164168;1.4153548,1.126968;-0.778471,-0.4153594;-0.7019685,-0.08950775;-1.0185161,0.6231458;1.9383689,0.15304448;2.0451005,0.08743826;-0.99626917,0.05825913;-1.5660515,-0.82992905;0.8701596,-1.312593;1.2537906,1.0409905;0.07892934,1.5584894;0.5638048,-0.9038331;-0.6981843,-0.11497757;0.042569164,0.26378918;-0.9085727,-0.97397983;-0.11678391,1.7405308;-0.22255588,1.6287341;1.310813,1.1545022;2.0558598,-0.06293802;-0.741636,-1.5604293;-1.5006698,-0.53688425;1.0644132,0.79366016;-1.0592769,0.7134115;-0.45970997,-2.1706767;-0.7165965,1.4212618;-0.6036285,1.2326376;-0.46344855,0.035312813;-1.0222281,1.0385855;0.6583911,0.5510707;0.05766392,1.431903;-0.37993556,0.1934204;-0.35591573,-0.21401796;-1.032014,-0.28359386;-0.8959146,-0.11695415;2.2352438,-0.019205496;-0.8346452,0.90949833;-0.8731848,0.9628356;0.49614584,0.37077048;0.1130794,1.0364658;-0.99580187,1.3554466;-0.55436337,-2.035652;-0.6413964,-1.618649;-1.0664016,-0.58156705;1.693684,-0.058316857;0.030548012,1.8779553;1.3915521,1.2060089;-0.1870863,-0.056915194;-0.6847714,-0.355039;-0.5271183,0.28389007;-0.7130657,1.4020339;0.72246724,0.6027403;0.5878968,-0.69477737;0.36269444,0.10441598;1.8117224,-0.49988392;0.04927091,1.5842412;-1.1962756,-0.8413866;-1.7397721,-0.8007005;1.9234608,-0.11635875;0.4121826,-0.73328906;0.10973495,-0.6164964;-0.44246313,-2.1801643;-1.1034772,-0.88686705;-0.037695836,1.1987389;-1.0138489,-0.068742685;-0.5847398,-1.7883383;1.1135584,0.8523255;-0.5558133,-1.8636776;0.020768689,1.2031255;-1.144826,-0.8610211;1.9389293,0.14419326;-0.694744,1.1589817;-1.6132214,-0.81843716;-0.5118589,-0.2208205;0.074242495,1.5136447;0.64940584,0.5120795;-0.6884061,-1.503112;-1.6898233,-0.78246003;-0.63010025,1.0693864;-0.18977495,-0.5864061;0.23390195,-0.6863722;-1.0074495,-0.51766354;-0.6286495,1.086434;-0.5209401,-2.0177026;-0.40708184,-2.2121181;0.7081699,-1.2040107;1.4600991,1.205447;0.6732158,-0.9147081;-0.18959433,0.47353867;0.56452465,-0.72129047;1.378106,1.1209149;0.152835,1.217952;-0.6585943,1.0926996;-0.5050708,-1.8384907;-0.90763897,-0.7974798
p3d-kl
0.4157322943210602
p3d-iter
599
p3d
-1.8676682,1.3424464,0.032417286;1.2365043,0.43636456,-0.2942109;-1.0170562,-0.17034544,-0.8943125;-1.4492277,1.2007141,0.16862175;-1.8597615,-0.18440998,-0.96983105;-1.6591426,1.1181529,0.4993115;-0.29736248,-1.892962,-1.4208928;-0.5910847,0.6075837,1.098106;0.41186452,0.37779468,0.6217336;1.0192592,0.33619097,0.40638518;-1.4109124,-0.21046542,-1.0670223;0.017616684,-1.4902767,-0.82490283;-0.35548455,0.06455368,0.07616255;-0.40583333,-0.54325455,1.4147301;1.2667425,-0.6196474,0.6387471;-0.9526507,-0.16610928,-0.8463869;-0.35610113,-1.9122723,-1.2434723;-1.3868598,-0.29625136,-1.0718508;1.0264673,-0.46079293,0.365434;0.52345943,0.35540342,0.3699713;-1.6297411,1.080915,0.4981076;-0.52057886,2.0631685,0.19481103;-0.040002957,0.50711566,0.46577942;1.7418256,0.07668915,-0.07218447;1.1305076,-0.55517,0.7125215;-0.92382854,-0.7248146,1.7000048;-1.0311433,-0.84328777,1.6779721;-1.2784135,-0.4194457,-1.1551622;-0.5564078,0.28926954,0.147702;1.3456055,-0.34630346,-0.024382608;-1.0855529,0.7591194,0.664633;-0.7338797,2.1910949,0.12039784;-1.9548221,-0.22758836,-1.0748116;-1.5440104,-0.2602498,-1.0854775;1.0047071,1.1084425,-1.5268006;-0.30213803,1.97973,0.47221828;1.1474977,0.83884406,-1.0617203;0.55340075,-1.1318687,-0.37467545;-0.35164353,-0.0526832,0.3063286;0.14582676,-0.29681438,0.46046138;1.1145561,0.762565,-2.2620955;0.8677759,-1.1008604,-0.37789887;1.1317587,-0.59131706,0.7256349;-0.42649996,-0.10349437,0.05111235;-0.32012182,-1.9118198,-0.9961235;-0.08053453,-0.3590971,-0.32307214;0.43558028,-0.35317156,0.25461182;0.99745077,0.95598096,-2.6817782;0.012115529,1.6504492,0.50139254;0.2598761,-1.0347602,1.7024649;0.13514233,-1.0592953,1.7233977;-0.26422858,1.8740185,0.56125075;0.5482661,-1.1091026,-0.3201405;1.4052573,-0.54277927,0.4866336;0.94992113,-0.5636764,0.11997181;-0.9021509,-0.7094147,1.6769487;0.0053481758,-0.42146736,-0.2519435;-1.4830766,0.9372922,0.5986917;-0.76273036,0.65180874,0.41619346;-1.1775984,1.3322356,0.1179294;-1.8275315,1.3192055,0.09029432;-0.07631066,1.6951532,0.38945323;0.9916362,0.8356684,-2.6428847;1.8270905,-0.47370863,0.15127338;-0.15154606,0.3138125,0.42054823;-1.9938979,-0.36083242,-1.181493;1.2428793,-0.679608,0.30278054;1.8525817,0.07748657,0.29008818;-0.44175616,1.9431866,0.05106122;-0.3098061,0.01484879,0.36915368;-0.34476945,-1.9015913,-1.6646667;-1.1540567,0.7773976,0.4908056;0.1410985,-1.6168104,-0.7827169;0.32081926,-1.0471287,1.6192559;1.0104084,0.9807761,-2.2820425;-1.9019349,-0.3047321,-1.2222387;0.57435775,-0.60117686,0.032821745;-1.7578781,-0.15233617,-1.1271776;-0.63546336,0.4645742,0.07313377;-0.19897074,1.9320365,0.18896139;-0.41771328,-1.9428679,-1.4538462;1.0627941,0.8188552,-1.414549;-0.61710656,-1.1723266,1.5649307;0.2788282,-0.4369623,0.4423387;-0.44456404,2.2139196,0.20446703;-0.39256763,-1.9662766,-1.5536921;-0.34432375,-2.1171553,-1.6918442;-1.7752557,1.3181369,0.09053982;-1.9148363,-0.24232836,-1.1448838;-1.8551185,-0.22602941,-1.3144051;1.0509096,0.8549906,-2.5907586;1.1922039,0.7110438,-1.5518627;-1.2655367,0.49671903,0.88613874;1.2024179,0.76428604,-1.180364;1.7939376,-0.25383303,0.0853087;-0.901795,-0.26603687,-0.7765066;-0.41378185,-0.21843472,-0.34569922;-1.3152446,-0.2828745,-1.0745208;-0.38378647,-0.55311286,1.3450876;1.5538121,-0.4803509,0.6475971;-0.80546653,-1.1693546,1.6971728;1.0834038,0.7394959,-1.2297955;-0.43702683,1.2029335,0.43755132;0.87018585,-1.045893,-0.24054074;1.526229,-0.47227454,0.09892588;-1.1891264,0.7965335,0.9007861;0.080494605,-0.90919185,1.5015999;1.7627963,-0.10333652,0.08316948;-0.6603524,1.3089415,0.06692332;-0.22295132,-1.0668734,1.7432922;0.89041644,0.86828005,-2.5456028;1.0336748,-0.14110197,0.13992427;-1.2788346,-0.29920122,-1.0093501;-1.7284865,1.1658055,0.5645108;-0.56872517,0.3012149,0.113836914;0.51132166,-1.1688786,-0.39237925;0.35341513,0.18698262,0.3048991;0.6407418,-0.089711934,-0.1975367;1.0881399,-0.24274622,0.038437087;0.72548723,0.74365586,0.6876624;0.1462093,-1.0355115,1.687581;1.090709,0.8567279,-1.9403058;1.1013055,0.45592073,0.059098154;-0.9947244,1.2966003,0.09127073;-0.9388042,-0.6958598,1.6724534;-0.65034235,2.128436,0.16531414;-0.11723013,-1.7463815,-0.98128194;0.13507792,0.13271233,0.30240896;-0.15838936,-1.8209152,-1.2235492;1.0428679,1.0945286,-1.2853817;-0.32267168,-2.046261,-1.5966719;-0.24149792,-0.20839159,0.9678332;1.1280105,0.84665656,-0.94835836;0.74750787,-0.6799652,-0.10344646;0.7018261,-0.56944704,-0.054734018;1.032306,0.8620499,-2.6321893;-0.6083937,1.5049105,0.20120232;-1.8034164,-0.087763354,-1.0445031;1.1986419,0.5428283,-0.4003041;1.44093,-0.28228134,-0.042746693;-0.5527798,1.9869647,0.26858106;-1.4619997,1.1662987,0.15367368;0.8683487,0.35096583,0.49490762;-0.7989082,0.9532749,0.096096635;0.6095979,-1.0412855,1.6699672;-1.7709038,-0.19978425,-1.1818062;0.3160861,-0.5463244,0.39910632;-1.2205075,-0.41193008,-1.0613775;-1.3429745,-0.28693077,-1.0777806;-0.40300503,-0.32571098,0.042062756;0.2871645,-1.494062,-0.7238157;-0.20767665,-1.4182602,-1.0579151;0.38999963,0.17537834,-0.16411954;-0.7189207,1.2800832,0.008529935;-0.04810027,-0.93312657,1.7560658;1.1032923,0.88284314,-1.5444698;0.83510655,-0.9706695,-0.3269103;0.42259702,-0.3923272,0.81372213;0.46348917,1.1231196,0.7420345;-1.050137,0.6129632,1.0609608;-0.7431095,-0.57840425,1.3497525;0.2622179,-0.1851526,0.5483503;0.07942344,-1.0064021,1.6309292;0.1997689,-1.3052536,-0.6008756;1.2157819,0.33249795,-0.13434324;-0.23424362,-1.8197197,-1.2506799;-0.0075380085,-0.09923796,0.3277764;-0.39878967,-0.14589998,0.06050918;-0.2757958,-0.334764,-0.1298395;-0.50222874,-1.1430048,1.4707553;-0.19060817,1.9375277,0.3094195;0.35183,0.35691455,0.36712578;0.07812786,-0.043040454,0.2867161;1.1311942,0.8249711,-1.678196;1.7964402,-0.029096823,-0.003515116;-0.30051666,1.9551172,0.46042806;-1.110162,-0.121928744,-0.93410814;-0.34761897,-1.0084373,1.6422822;0.30120993,1.2469814,0.7555939;0.5436202,0.26320535,0.7300213;-1.3886249,0.9275471,0.67473924;-0.20053795,0.38545957,0.42187962;-1.1150228,0.7975796,0.85852194;-1.4391543,0.90038955,0.64028263;-0.21140936,-0.79577154,1.4030845;1.0636194,0.83752304,-2.4444587;-1.104361,1.8177159,-0.028154282;0.48266268,-1.2295954,-0.47862127;-1.0483425,-0.3372895,-0.9147358;-1.0534304,1.7691033,-0.00025656153;-1.7101536,1.1914939,0.33475238;-1.8995985,-0.15365747,-1.0617524;-0.68849653,-1.9634409,-1.5942725;-1.7228811,1.3068578,0.02404161;1.117928,-0.5267412,0.7091335;-0.49942335,-2.105766,-1.708725;1.1864585,-0.3585375,0.5234073;-0.3576806,0.075697854,0.36389986;1.145872,0.7765929,-0.812578;0.38216823,-0.9724673,1.6822429;-1.2379475,0.8283888,0.5833955;0.04265349,1.7118981,0.6115223;-0.07373466,0.2851587,0.36619818;0.523007,-0.97530246,1.7335793;-0.77411526,0.47028783,0.5479028;1.0774131,0.8354356,-2.245141;-0.54030776,-0.17989543,-0.49473205;-1.8630012,1.3466481,0.0047718887;1.8646306,0.13198869,0.20925963;1.490505,0.096646376,0.26229975;1.1486073,0.8129214,-1.2624999;0.39142972,-1.0990406,1.6905242;-1.2675802,1.2424498,0.12854823;1.7172205,0.15980692,0.38854572;1.5397091,-0.5303898,0.40702948;-0.5343225,-0.6354815,1.5375634;1.1603428,0.7028286,-0.81065416;-1.6623708,1.1465806,0.492813;-1.8067514,1.330164,0.035902902;1.4792825,0.05815307,0.3428367;1.166966,0.8259429,-1.2351899;-0.6774783,0.8069254,0.46315408;-1.3016516,-0.15718868,-1.1773679;-0.36664405,0.17746462,0.21044663;-0.47401002,-1.0845339,1.6345205;0.062643506,1.6460056,0.6440991;0.112817846,0.32048565,0.80013263;-0.1541998,-1.8033035,-1.1762043;1.0986638,0.7733466,-1.946775;1.2350591,-0.1839574,-0.12534161;0.08663297,1.5186722,0.64660037;1.66528,-0.4166542,0.1709158;-1.0022917,0.63734776,0.40906933;-0.22770599,1.8879391,0.09927642;0.92712045,0.43631035,0.67068475;-0.29585665,-1.1017052,1.738344;-0.18412302,-0.30287096,0.72772086;2.1806479,-0.059571136,0.3128786;0.26657242,-1.0494326,1.5635359;0.27259433,-0.4434425,0.52426;-1.0371385,0.62409973,1.0007207;-1.9617085,-0.12231001,-1.0834419;-0.53942287,-1.9530485,-1.4322948;1.2715886,-0.64704436,0.5788845;-0.9075701,-0.15529783,-0.8190255;-1.7896669,-0.2948986,-1.1860062;-0.5809589,-1.8311024,-1.7886066;0.6073514,-0.6200205,-0.12487113;0.45838976,0.13513876,0.012582428;0.05536888,-1.0827777,-0.42042807;0.3858566,-1.0630045,1.6832834;0.50235623,-0.21518794,0.8552658;0.9237266,0.81243294,-0.9576195;2.1555388,-0.167353,0.21030845;-0.7597143,-1.1612672,1.6597874;-0.08367035,-1.1122813,1.7301136;-0.2482465,1.878589,0.5774454;0.99379146,0.23594384,0.7425055;-0.18971418,-0.37308607,-0.29831618;-0.30080482,-1.9625252,-1.5785884;-0.619075,-2.0430338,-1.9050093;0.19139779,1.4210513,0.7017173;-1.3183129,0.8651663,0.76207304;0.063225284,1.4830084,0.6834087;0.24849589,0.36520764,0.6624679;1.1145577,0.8839344,-1.5525885;-0.2198906,-1.4408935,-1.0081477;-1.0856891,-0.98869926,1.5729545;1.0782267,0.46639344,-0.120666504;0.19049673,-1.0111797,1.48209;-1.7986203,-0.31178796,-1.162933;-0.36591122,1.1813226,0.49260122;0.24499199,0.43826866,0.49201384;-1.2211542,-0.18334356,-1.1570194;0.6306039,-0.21725981,-0.023701696;0.009281374,1.3609418,0.67090374;0.69590193,-0.21929605,-0.054197695;-1.8476422,1.3403281,-0.0048237476;-0.97287863,1.537522,0.08736863;1.1220556,0.8993813,-1.5965867;1.1194402,0.75733554,-2.2309248;0.19331975,-1.6133577,-0.880286;0.42299372,1.1383852,0.7469558;0.64794713,0.2772773,0.3811301;-0.5477041,-1.8007526,-1.4991523;-0.15417811,1.8790728,0.5643729;1.2772206,0.45897672,-0.3588257;2.295315,-0.16131143,0.3716957;0.016840052,-1.7165173,-0.8796569;1.0871972,0.8185702,-1.3264706;-2.0507972,-0.3764143,-1.1448747;0.41343582,-0.20239232,0.111450374;-0.083035156,-1.0630767,1.6919857;-1.6293496,-0.4270548,-1.1640588;-1.9150122,-0.32220513,-1.2432619;0.20052578,-1.3392804,-0.62737495;0.8540814,-0.6615786,-0.006219069;1.3161821,-0.40183875,0.4719226;-1.2688586,1.2100632,0.14152838;1.1948962,0.70420104,-0.7439221;1.0641844,0.88665545,-2.5386477;2.1226358,-0.2351582,0.30714175;0.9347361,-0.5235787,0.36875847;-0.53904474,2.042391,0.23867601;-0.3272048,0.6453182,0.2067723;0.4465975,-1.3919866,-0.6150869;0.98877704,1.0739318,-1.791993;-0.11537638,0.6320765,0.736772;2.1620448,-0.027556568,0.2731778;-0.71395767,-0.15412761,-0.6714682;0.30213073,-1.4573094,-0.68669087;0.572867,-0.4990541,0.64614046;1.0862939,0.17728983,0.59822184;-0.39894325,-0.91280705,1.5548155;1.1543398,-0.3683602,0.70298475;-0.4317382,2.0834463,0.3227604;0.4379093,-1.0056349,1.709237;-0.13488153,1.8231121,0.4699833;-0.5492892,0.35332844,0.1958088;0.12193093,-1.0196226,-0.380902;-0.45748204,-1.9870682,-1.5165864;-2.0786362,-0.33836102,-1.1031315;0.65536374,-0.114568666,-0.19661029;-0.6936772,-1.9702142,-1.5289398;0.62753206,-0.16937853,0.7127736;1.1579422,0.7699237,-1.7548105;-0.8828115,-0.67786,1.5977552;-0.45648232,-2.227037,-1.8584146;0.076816514,-0.1678276,0.09720343;-0.88223463,-0.698158,1.3288856;-1.0019785,-0.15298167,-0.8854647;-0.06474803,1.834888,0.51581705;-0.5068799,0.2920014,0.16843285;-0.61775684,-0.43179238,1.2189509;0.27583838,-0.020528318,0.115140386;-0.73692006,1.7800246,0.1127053;-1.0746288,0.7795882,0.8958562;2.0485306,-0.096291944,0.13558291;-1.5322702,0.84638774,0.5275522;2.2832654,-0.009720228,0.38635963;-1.7765923,1.2474974,0.26103622;-0.10353886,-1.7885209,-1.2762685;0.484674,1.0913275,0.74881583;-1.980086,-0.109563164,-1.1581572;0.12322547,-1.6549525,-0.87421834;-0.15200934,1.8977467,0.53777117;-0.6556806,0.546301,0.076508164;-1.4611912,0.8250973,0.5583365;0.86047935,-0.16572754,0.56321895;-2.2217345,-0.38592124,-1.1732814;-1.0233754,-0.8206145,1.7035094;0.6285815,-0.6171904,0.4491816;-0.51138824,-1.9692929,-1.4219378;-0.28698915,-1.2193536,1.7294033;1.1278913,-0.2126198,0.75211585;1.155693,0.8027156,-0.90859056;-0.75620717,2.168861,0.10550233;-0.69107306,0.7602044,0.5253858;-0.18746404,-1.810444,-1.2910199;-1.4245716,0.9141084,0.6732058;-0.327877,-2.011827,-1.001696;0.9009325,0.7992607,-0.9309629;0.8395241,-1.0700783,-0.4061453;0.085869685,-0.12850538,0.070226625;1.7722102,-0.4505275,0.15597615;-0.6294281,-2.18272,-2.0226657;-0.52893627,-0.103776105,0.12239002;-0.9023842,0.5957434,1.0561268;-1.5219979,1.1826288,0.18685721;0.3679548,0.37741697,0.2949974;-1.1594424,0.74691176,0.9080998;0.8419835,0.2827762,0.7471691;0.51050276,-1.1533954,-0.38817388;1.2342763,-0.64118147,0.65730685;-0.3480963,2.0614898,0.3820474;-0.07631453,-0.99852437,1.7567576;-2.0476356,-0.3694673,-1.1195472;1.011957,0.87228495,-1.0327648;1.0101659,-0.4284095,0.06052701;-0.4550222,-0.65019464,1.4543567;1.065142,0.8005877,-2.5171065;2.1577828,-0.09377001,0.42885596;2.0490701,0.03165517,0.4243418;0.23271117,0.47369996,0.5066506;0.053808335,0.42732388,0.44596094;-0.22586074,-0.33542052,-0.31944844;-0.5169724,1.915737,-0.044875;-0.0918481,1.8015326,0.5189456;0.95887446,0.35134798,0.7330836;-0.9347541,-0.44993111,-0.64873374;-1.7600094,-0.21389298,-1.1650842;-1.4346551,0.8545181,0.60018516;1.2265558,0.50674427,-0.35028103;0.54488385,-0.99413526,1.6295921;-0.8665097,1.6314955,0.08103764;-0.19680403,1.9254942,0.3311121;-0.89913356,0.29757944,0.49472427;-1.0996686,1.7845181,-0.015644973;1.1891948,0.7848173,-1.5985562;0.8656468,-1.0297813,-0.40483257;-0.0896328,-1.1109713,1.7302461;-0.6271565,-2.0333066,-1.9159279;-0.7621076,-0.6009842,1.4149064;-1.5056843,-0.2738922,-1.0908093;-0.24201927,1.8133956,0.4780494;-0.034710433,-0.3822429,-0.15718368;-0.4658076,-0.13552475,0.696485;0.08191568,0.38978007,0.7527581;0.4729678,0.27961957,0.36350468;-0.88019574,-0.52189976,-0.73906744;-0.98516375,-1.0739306,1.6722682;0.19701524,-1.5674077,-0.8329566;1.025384,0.9402331,-1.778618;0.6571956,0.5888871,0.43131882;-0.027329328,1.5563943,0.6381136;0.41769707,-1.0759255,1.5999202;0.45099536,-0.26915008,0.7602104;-0.24680345,-0.28244603,-0.25686955;-0.66337246,0.6429462,0.47779357;1.0923433,0.69664395,-0.820021;0.5753951,0.18326476,0.31472746;-0.10177521,-0.17051858,0.45896995;1.0992048,0.7960133,-2.1568549;0.86180323,0.03460497,0.75010103;-0.3371791,-1.035858,1.5169178;-0.6956348,-0.26168427,-0.6611891;1.4180232,-0.3270891,-0.034209277;0.54018044,1.0526856,0.7484766;-0.8589085,-1.1273242,1.6722736;0.82701135,-0.024874553,0.76086897;-0.49828526,1.4996736,0.3241922;-0.6035563,-0.17425163,-0.54653335;-0.8442294,-0.28775102,-0.76189953;0.70877916,-0.45932782,0.83045334;-0.6585864,2.059717,-0.01520126;-0.54261786,-1.9997686,-1.7621307;1.4607166,-0.5201209,0.49670136;1.4271973,0.0783904,-0.053611323;1.4505473,-0.011475446,0.49717295;1.1139517,-0.4450976,0.6567877;-0.908479,-0.7122698,1.6768833;-1.234284,1.2625968,0.11575932;0.38099882,0.25308523,-0.120131224;0.3537885,0.1411136,-0.23746191;-0.290375,-1.1376784,1.4855281;0.67409575,-1.0356547,-0.2551588;0.30882764,-0.1461193,0.7503943;-1.1348817,0.6374738,0.96644884;0.72955525,-0.9812976,-0.16759764;-2.237923,-0.39121786,-1.1783164;-1.6552433,-0.15586603,-1.0861505;0.66656643,-0.5888137,-0.09674041;-2.195139,-0.394578,-1.1757245;-0.17111377,-1.3901544,-0.9736873;1.0319877,0.88045615,-1.2027043;-1.309727,-0.18179159,-1.0275184;0.24241275,-1.0285312,1.7383462;-1.8033952,1.3232366,0.053147092;0.0973075,-1.4410715,-0.7789095;-1.4551519,0.9908897,0.7272563;1.1536348,0.90316105,-1.0815144;1.7021153,-0.41639128,0.17837194;0.6492068,-0.3877934,0.9052433;-0.47401854,2.1106343,0.3028968;-0.089074135,-1.693108,-0.80012786;-0.5642057,-1.9757613,-1.705422;-0.45402804,-1.1976284,1.4113228;1.2075849,-0.59501225,0.6683199;0.49227056,-1.0591183,1.609655;-0.47700444,1.9470637,0.072234325;-1.9303147,1.360157,-0.02386912;-0.64352363,1.7315493,0.17210771;1.0790681,0.4439069,0.2922007;-0.3120848,0.71980554,0.23094267;-1.8677297,-0.26852986,-1.1711867;0.05359374,-1.4367774,-0.7687628;0.9381036,0.9321363,-2.3839686;-0.71799046,-0.12251586,-0.66690826;-0.050810322,-1.6684557,-0.897917;1.0449849,0.8040214,-1.052308;-0.948298,-0.72160923,1.705743;0.71410346,-0.41243854,0.7547571;-1.1736141,1.2873522,0.10713384;-0.31529754,0.7198501,0.23719041;0.31173766,-1.2531453,-0.5287372;0.3464006,-1.0644962,1.5951452;1.0500951,0.9942623,-2.1367762;-0.76305234,0.32497433,1.0665896;-0.5058684,-1.039913,1.50927;-1.130248,0.71931756,0.025227323;-1.9333463,-0.3235843,-1.194098;-0.13455816,-1.1163901,1.7170184;0.7300727,-0.41593835,0.8677936;0.552566,-0.57693857,0.71288794;-0.20608018,-0.27895564,0.73319566;-0.61897653,-0.18390724,-0.5681256;0.3264362,0.42412513,0.69504064;-0.6281078,-1.1334411,1.6252497;-0.78712785,0.35443753,1.0696169;1.0102975,-0.08628337,0.38247034;-1.2852815,-0.33100364,-0.9936257;0.70131373,-0.6837664,-0.12116506;0.80512446,-0.26561096,-0.30799133;-1.4411424,1.1600657,0.15216118;1.0122577,1.1623213,-1.3634222;-1.805712,-0.16396575,-1.0559214;-0.531278,-0.6820628,1.4807122;0.45837754,1.1179522,0.7482504;0.1153702,0.28879914,0.830976;-0.23317024,-0.907826,1.4484252;-0.5584507,-1.1593933,1.6745921;0.20084126,1.3481578,0.73932767;-0.5891584,-0.68049604,1.5197798;0.47354925,0.25010395,0.74290395;-0.34588623,-0.052604567,0.43917397;0.9798403,0.9078062,-2.6855416;2.1261232,-0.17544381,0.14585607;0.6926453,-0.1797551,0.53998333;-0.9357875,0.63375807,0.95289296;0.9087453,-1.0971887,-0.29282358;-0.17542703,1.7000538,0.50409114;-1.0140678,1.6484318,0.03157361;-1.055726,0.68476456,0.39712593;0.6963122,0.11537996,0.3933662;-0.14564861,-1.5507897,-1.0161624;-1.7173227,1.1958883,0.34620038;-0.24796513,1.9862934,0.3512263;-0.39515817,-1.8303883,-0.981107;0.11759492,0.2014573,0.33594024;-1.2306986,0.7934626,0.8232346;-0.60410285,-2.1225777,-1.8439622;0.093695246,-0.22458974,0.4540954;-0.071072884,-1.7982605,-1.2796884;0.887167,0.06987027,0.6456777;1.3058062,0.38060635,-0.26896748;-0.57820475,-2.0142565,-1.8172029;-0.98775935,-1.0888056,1.6373469;-1.5298858,1.0426105,0.78667486;0.76173806,0.2665667,0.440603;-0.8487319,-1.1053498,1.651375;-0.4086116,-1.9983777,-1.4424387;-0.69561386,1.6079065,0.15912707;-1.0880708,0.75498784,0.9852644;-1.4229562,0.92486775,0.7669397;-1.1880856,-0.26263848,-1.1247351;-0.25398776,-1.8570312,-1.4734678;-0.38662502,-0.23667131,-0.37564325;0.9967565,-0.5820032,0.284823;-1.1082423,0.6903996,0.35364488;-0.15436257,-0.7866412,1.4377434;-1.0732955,-0.85640544,1.7385614;1.1979861,0.55414695,-0.4397541;-0.05597633,0.60924363,0.74183273;-0.5021918,-0.181816,0.7776193;-1.278995,-0.39602268,-1.0623719;-1.6202971,1.1203997,0.44275975;0.019945852,-0.43325922,-0.19319057;-0.26577932,-0.17666903,0.7262018;-0.2315456,-0.18230036,1.0035522;1.2124752,0.44678554,-0.1937945;0.028905928,-1.8768121,-0.8571072;-0.12544943,-1.0905119,1.6313107;0.3601462,-1.1023543,-0.26738515;-0.9860981,-0.4124515,-0.8818404;-0.06284624,-0.84940803,1.4501057;1.0907599,0.8128582,-2.6075392;1.5251313,0.08198265,-0.101599365;0.6175534,-0.28157365,-0.011493161;0.6143987,-0.8991537,1.5384601;0.32906166,-0.08964406,0.2779631;-1.0772607,-0.9652338,1.5822028;0.5189455,-0.52711654,0.5648236;0.95347816,-0.5862744,0.3427072;1.70635,-0.4842476,0.46318704;0.23677133,0.48559096,0.5203604;1.100383,0.8095089,-2.2995324;-0.6019076,-1.1725135,1.6748445;-1.2741095,1.2336092,0.11179849;0.83107144,-0.008373839,0.85811174;1.9381145,0.067242235,0.39964953;-1.9184676,1.3559545,-0.009274208;0.2316772,-0.23437688,0.52087104;-0.3284117,-2.0590136,-0.99086463;0.77868426,-0.61298776,-0.101262614;0.44511527,-0.9907414,1.7057401;-0.93346006,-0.74634296,1.6863887;0.77534735,-1.0189494,-0.19767436;-0.77725255,0.45945558,0.5115636;-0.29731187,-0.8712569,1.4171859;1.518807,0.14350607,0.41906896;-0.63009065,2.007975,0.14194418;-1.0589061,0.75694263,0.8248952;-0.54132015,2.1394982,0.23100913;-0.4457721,-1.9489478,-1.264992;0.9536156,0.9555336,-1.9049414;1.0547688,0.8570766,-2.5063403;-0.5847729,1.243484,0.09376542;0.8758196,0.32405576,0.37404883;0.57014006,0.04045955,0.2940055;0.44877407,-1.0497538,1.6098151;-0.7864672,-1.1405057,1.6849586;0.08704409,-1.1173483,1.6867068;0.117171854,-0.46475035,-0.22134341;-1.8420115,-0.5009369,-1.1992646;-0.03262203,1.7258142,0.5438493;-0.4650305,-1.9445689,-1.7300031;-0.30651107,-0.25246927,-0.34504485;-0.49763644,0.18075372,0.5005128;-0.9782887,0.65323967,0.20872767;0.67103934,-0.19407462,0.5897525;-1.6526805,-0.23707741,-1.1700531;-0.26267472,-0.13898186,-0.0057013184;1.6103132,-0.5421612,0.1001647;0.9792311,-0.57307875,0.113610536;0.97217464,0.92390484,-2.2388387;-1.0966699,1.7703696,-0.01111164;-0.5557841,-0.18903545,-0.51428205;-0.7991207,0.66993314,1.0877019;1.1079067,-0.4706198,0.73327494;0.9444901,0.41182762,0.74483573;-0.28962398,-1.8713595,-1.1215894;-0.80313116,1.5472791,0.09212382;0.64072883,-0.10805286,0.8158557;0.22730438,-0.50485295,-0.21266893;1.094922,1.0198448,-1.1195731;0.5136268,-0.5621842,0.64222413;1.1646402,0.88875246,-1.0831833;1.9939646,-0.057261813,0.18657714;0.51586324,-1.0173082,1.6407074;1.4371817,-0.049526744,0.5451591;1.09076,0.8128583,-2.6075392;-0.736667,-1.1912094,1.6707574;1.5368178,-0.49058282,0.5895602;-0.6844015,-0.24141438,-0.5510318;-0.8612148,-0.59681463,-0.7347282;0.014939381,-1.4250343,-0.79186594;0.33339205,-1.0835513,-0.37010536;-0.4234844,-0.2142107,-0.42536926;0.33281738,0.41304097,0.57296187;1.1585759,0.6255795,-0.64410526;0.81853247,-1.0128512,-0.27781874;0.5268101,-0.46892133,0.6724373;-0.19531348,-0.84116924,1.6221992;-0.5711106,1.0315969,0.50015527;1.6536425,-0.4810666,0.3239672;0.27157396,-1.278242,-0.5434239;-1.057759,0.60670364,1.0022395;-0.605348,1.9511589,0.16681598;-0.5799644,-0.14922364,-0.46205804;1.6633477,-0.5800376,0.17160861;1.0271266,0.9573302,-1.861379;-0.020377882,-1.7050291,-1.1015625;-1.1587782,-0.33117723,-1.0602;-1.0012122,-0.3281732,-0.9111993;-0.1880808,-1.5319297,-1.0980914;1.0331546,0.87783206,-2.5233312;-0.7774192,-0.15841758,-0.7092941;1.4176643,-0.5457969,0.33863986;-0.69124043,-2.1906672,-2.0742192;-1.6576824,-0.30588147,-1.105442;-0.2131915,-0.24873577,-0.39985052;1.2853925,-0.34437668,0.5254044;0.40443778,-1.1788834,-0.43892312;-0.41988143,-0.5610614,1.3443154;1.298765,-0.038123716,0.66532695;1.1571993,0.73543054,-0.8901777;0.060228758,0.44970968,0.7390478;0.15694936,1.5210693,0.66313773;-0.13074018,0.44246382,0.42048842;1.1511226,-0.47835153,0.6739125;-0.09393317,-1.1401671,1.7476112;0.65890455,-0.3134078,0.88658005;-0.7674502,1.4685562,0.070784606;1.9635183,-0.12850036,0.092315346;-0.27808383,-0.1133597,0.121333785;1.0867901,0.88542086,-2.0131035;0.12791882,1.5305587,0.6618871;-1.6389226,1.1504385,0.3846789;-0.29584593,-0.12201542,0.822995;2.199842,-0.03167162,0.4296392;-1.3879896,-0.247097,-1.086817;0.21044606,-0.10805344,0.01023927;-1.9898129,-0.47572,-1.2748873;-0.5184549,1.7583873,0.18757111;0.7823916,-0.44744936,-0.2622425;-0.1352538,-1.7524178,-1.0772742;1.1798937,0.8085442,-1.2929037;1.0815916,-0.15792271,0.009777857;1.1123861,0.6867432,-0.7293261;-1.0905772,0.72726125,0.9908483;-0.4980614,-1.9106402,-1.819647;1.0840775,0.879442,-2.2090814;1.4549673,0.06287463,-0.009858464;-0.6890262,1.4045802,0.059468783;-0.08799817,-1.4636825,-0.85533166;0.072573364,-1.7042087,-1.2730697;0.3784709,0.11588352,-0.21157192;2.1804159,0.0035535968,0.2962961;-1.314181,-0.13346872,-1.0837157;0.28213647,-0.47066465,0.5616338;-1.4915045,1.1947964,0.21526478;0.6012484,0.2205921,0.32233927;1.1144866,0.8495103,-2.0515938;1.4735166,-0.27765203,-0.033237614;0.55048186,1.0317806,0.7440392;-1.8670496,1.3400826,0.026885984;-0.01364742,-0.1592096,0.3484635;1.0919278,0.6218527,-0.59174514;1.8083508,0.0098024495,0.002174158;0.41180384,-0.3894718,0.24443135;-0.09588078,-1.7878667,-1.3688182;0.035052653,-1.6602616,-0.94757706;-0.26551884,-0.23877825,-0.29442543;-1.0436795,-0.33491424,-0.9348726;-1.0201323,0.59018654,0.5027303;-0.5539447,-1.983199,-1.8598585;-1.0016744,0.55060315,1.0221546;-0.19165072,1.8928417,0.26788482;-0.32424027,0.25206715,0.22870047;0.11973427,0.2816388,0.81621027;-0.13819054,-1.7266427,-1.3327643;-1.6019312,1.0762225,0.5694836;-0.8208224,0.4208469,0.5279599;-0.8325433,2.0339925,0.028901841;0.06494198,0.4138031,0.38644853;0.27606657,-1.2686889,-0.53806645;-0.35368106,0.09359286,0.8784237;0.93814784,0.90484774,-2.4886556;0.096158676,-1.3925852,-0.7103286;1.0178565,0.9360448,-1.0468018;-0.8331234,-0.675005,1.6471016;1.8364552,0.084315,0.38365987;-0.20431958,0.24533276,0.43503028;-0.5828578,2.132326,0.16408259;0.84413916,0.10917868,0.53349066;-1.6250923,1.1059576,0.43237048;1.2205423,0.7606944,-1.2145733;1.0980618,0.7759118,-2.105795;1.166906,-0.25401205,-0.094446346;-0.42264685,-0.2953321,0.008117107;-0.30071688,-1.8730196,-1.6152076;1.3433775,-0.60643876,0.13646197;-0.33145216,0.018674493,0.32435212;1.7894737,0.04808686,0.07204998;0.8914387,0.82391953,-2.024238;-0.6535382,-0.6690227,1.430727;1.0852745,0.96805835,-1.6125236;-1.5356532,0.96190035,0.5343975;-0.7562514,1.3894054,0.04320363;-0.9930999,-0.15368937,-0.87597877;0.1887341,1.3685533,0.73162454;1.1170448,-0.31450415,0.62555987;-1.1994703,0.52478504,0.960242;-0.96143633,-1.0204831,1.6594989;0.21563065,-0.29304874,0.5466627;-0.52665097,-2.1580198,-1.8950484;-1.0143211,0.58498687,0.20742364;-0.58155143,1.5236809,0.22584562;2.1523724,-0.123245135,0.20661655;1.038794,0.9314428,-1.2187568;-0.82146484,1.6701882,0.09124369;-0.42228198,-0.5871597,1.4195968;2.0169706,-0.04320148,0.2838803;0.917509,-1.0685912,-0.23021641;-1.0792127,0.6966306,0.19566867;-0.2691219,-0.32436037,-0.34226558;1.7408376,-0.41879246,0.12821394;-0.09195003,-0.37925345,-0.20780475;-0.8757706,0.6713641,1.0778543;-0.26239938,-0.56492585,1.3658556;1.1904497,0.46888798,-0.26008534;-0.955534,-0.75264674,1.5813756;-0.39379832,2.0089505,0.36799833;0.06927639,0.5367683,0.72365916;1.7303389,-0.45247754,0.46751428;-1.6321057,-0.21896625,-1.1258806;1.0391018,0.72371846,-2.1355007;1.0474353,-0.21135132,-0.099230126;1.7857323,-0.10685931,0.09318982;-0.5352333,1.9444151,-0.05172045;-0.56501514,-0.6339405,1.5884432;0.23368515,1.3374678,0.7259663;0.083976835,0.49398896,0.4873893;1.3100146,0.42759454,-0.36430398;1.4485112,0.0640116,0.0285768;-0.49675137,1.4669001,0.33988917;1.0785369,-0.12806638,0.044751253;-1.0335915,0.6507906,0.22650151;2.2569346,-0.021084974,0.33792627;0.8796405,-0.7130946,0.05623695;-0.6797349,-2.1983635,-2.0753765;1.2151798,-0.45118853,0.234514;2.341675,-0.20326734,0.3840667;0.77656984,0.560115,0.6523304;-0.67836577,-2.0066683,-1.805976;-1.0677506,1.7889867,-0.008648324;-0.42076725,1.064538,0.46120605;1.8963943,-0.030601647,0.061561767;-0.76533514,1.5054208,0.15705633;2.2026255,-0.07165686,0.35227072;-1.3864764,1.2054466,0.15679981;1.4490639,0.26529887,-0.20530987;-0.87558913,1.7366129,0.051201537;0.59516096,-0.30120787,0.7731322;-1.1002518,1.7961884,-0.017284622;-0.37950212,-1.9283155,-1.3514435;-0.5575945,-1.2515795,1.7013426;0.46140733,-0.18951544,0.7450684;-0.6077985,0.6057532,1.0952907;-0.25000617,-0.14027417,0.78379244;-0.5611697,-2.0048883,-1.802652;0.5889925,-0.25107342,0.029451083;0.64060533,-0.07814361,0.5061524;-1.1527618,0.7189589,0.92918956;-0.55694544,0.15235601,0.9232165;0.066320315,1.3835512,0.68105006;0.10537523,1.5179578,0.6751807;-0.86611205,-0.17723612,-0.769583;0.30768368,-1.1615404,-0.4358287;-0.16849025,0.32673067,0.43545404;-0.5695529,-2.0182712,-1.7602509;1.6349747,-0.42709652,0.096160375;1.1467566,0.8368349,-1.7044533;-1.0209013,0.52793425,1.0141238;0.9328689,-0.26902682,0.57494444;-0.53120905,2.0938866,0.25652307;1.3451195,0.41422787,-0.33302116;-0.87757665,-1.1009722,1.6802865;1.7513951,0.04382943,0.16988686;-1.8615458,-0.564841,-1.1541755;-0.26199588,-1.8749311,-1.538852;0.95418936,0.8946076,-1.7085422;1.9444932,-0.2406023,0.3338955;-0.107352056,-0.3813098,-0.26004702;0.046634857,-1.0100771,1.619994;1.1408324,0.8454774,-1.6901096;1.7142378,0.052539796,0.031063396;1.7335963,-0.0107747,0.15826543;-0.9552706,1.3531758,0.076534346;0.8822835,0.24662763,0.53639555;-0.391519,-1.9600823,-1.5423471;0.22562534,-1.0391335,-0.36115372;1.0935276,-0.17131253,-0.013551797;-1.8402951,-0.1676763,-1.1913601;1.3903403,-0.4748087,0.6282414;-0.7851777,-0.6281857,1.6795706;-0.48706463,-0.67076665,1.5583894;1.6162492,-0.38213193,0.21592292;0.11998223,0.09771354,0.16643393;1.2028569,-0.14704853,0.0012317665;-0.89836484,-0.763709,1.4711002;-0.7133936,0.28835982,1.048179;1.1860989,0.41168296,-0.14375585;0.37699896,-1.0196463,1.5740235;-0.6671863,-0.5189619,1.2920456;0.16827267,-1.0549937,1.5905622;-0.3349297,-0.115926586,0.8765588;-0.06066323,-1.0747122,1.7510586;-0.9188389,-0.17699863,-0.82456654;0.022472374,1.5977647,0.60397255;1.1293468,0.79888105,-1.362166;0.42248207,-1.1706342,-0.4228294;-0.23082489,1.7824346,0.46148238;-0.5795641,-0.17402758,-0.48321474;-1.9411696,1.3637519,-0.03262192;-0.62924606,-2.182367,-2.0218513;0.05580111,-1.0468811,1.6927075;0.13137084,-0.40697372,0.034138743;-0.40176678,-0.36324152,0.034800638;-1.3986595,0.76958954,0.7005977;-0.8802031,-0.7063064,1.6373596;-0.43490475,-2.0837045,-1.6654114;-1.7727935,1.2429603,0.2666526;0.52829427,0.41499022,0.358259;0.7071213,0.29294923,0.39940298;-0.22638772,-1.8441993,-1.463094;1.245614,-0.57889134,0.25137246;-0.30534843,-0.27173755,-0.11683804;0.42437622,-0.39943042,0.2660929;0.15649636,0.5275367,0.80288935;-0.2873791,-1.123144,1.7355732;-1.0342817,0.62211,0.45610073;-0.5522268,0.45195735,0.32476014;1.5313652,-0.5421421,0.16578667;0.17993404,-0.0013214049,0.33751437;-0.7107552,-1.2206768,1.6961803;-0.36197922,-0.95848733,1.6214293;-0.80791193,0.35313004,1.0649065;0.6808956,0.31047335,0.4111944;2.2279394,-0.07855434,0.37636283;0.065236226,-1.4315336,-0.76320857;-0.07753974,1.8331298,0.5229179;-0.13707738,-1.7395412,-0.9892226;-0.88120955,0.8137867,0.6309374;-0.8236173,1.323273,0.07861614;-0.64905727,2.1365912,0.16213118;0.69427896,-1.0316528,-0.19393055;-1.6726735,1.1456039,0.5234453;0.5368281,-0.5500438,0.06184137;0.3353943,0.3412673,0.7467685;0.87932575,0.87932825,-2.5518224;1.0213892,0.3645748,0.48597953;-0.00030791105,-1.7008312,-0.96914923;1.482867,-0.5353317,0.48653737;-0.43869874,-0.12848224,0.07483923;-0.014973234,-1.7584486,-1.3486546;-2.0165396,-0.38402414,-1.1593995;0.9613511,-0.5500946,0.33192384;0.6864212,-0.08847528,0.4173357;0.43943924,1.1485791,0.738131;-0.7053045,-0.5525563,1.3200171;-0.6664494,-0.64763266,1.6111908;0.93559664,0.44736063,0.7879153;2.0518389,0.00812306,0.29279396;-0.6462302,-2.1109784,-1.9692851;-1.7416502,-0.18321614,-1.1645807;-1.593865,0.9857071,0.6603303;-0.20729266,-1.7950712,-1.0732313;0.68108815,-0.13051759,0.2964383;-0.25406152,-0.26537564,0.7202194;1.2723701,0.41328752,-0.27191097;-1.5629917,1.2119805,0.092941195;-1.274716,1.148615,0.13346565;-1.9681944,-0.14037679,-1.1073703;-0.48614046,-0.99622536,1.4854501;1.1265811,0.6889684,-1.024486;1.7659316,0.15336,-0.21624905;-1.2444025,-0.18857364,-1.0892583;0.33698812,1.3596494,0.6712008;1.0006888,0.87409115,-2.4610083;-0.79771745,1.6715593,0.10675453;-0.5507588,1.2154222,0.13799238;0.32705,0.05175267,0.80021715;-0.16451399,1.7459009,0.5606355;-0.6717555,-0.190154,-0.57038814;-1.389479,0.8961938,0.7779929;0.4436829,0.24772567,0.06694563;0.48553896,-0.38913903,0.2672855;1.164464,-0.27799788,0.7298549;0.8803979,0.108556874,0.89760965;-0.66613823,-1.2193711,1.6982921;-0.15383278,1.239586,0.61246574;-0.20426828,1.336238,0.53656393;-0.35280812,-0.2561467,-0.36730057;-0.7819232,0.57563484,0.4686137;-0.5594826,2.1175368,0.22765592;1.0873098,0.82669395,-2.0849295;1.1070462,0.9701976,-1.1713923;1.368452,-0.48794368,0.10661921;-0.5211593,-0.24542071,0.8076214;-1.8739969,1.3391303,0.035337284;-2.1267803,-0.26542905,-1.1059451;0.13731469,-0.36295268,0.09711709;0.78823435,-0.53869593,0.35049605;0.26558954,0.46851918,0.5442394;-0.77020293,1.6452689,0.10806819;-0.75270385,-0.22869864,-0.6836828;-0.35864222,-1.3304647,-0.88428295;0.1819564,-0.4832904,-0.21661824;0.34673652,-1.0382673,1.6125684;-1.5698761,1.0752898,0.58298194;1.5033289,0.14023812,0.27420196;2.3080196,-0.16316734,0.37289658;-0.29960236,-0.82892966,1.4177238;-0.068597294,-1.4248013,-0.79283535;0.2796889,-1.2014484,-0.4758809;0.9734531,0.8273975,-2.4841506;1.4353021,0.2593599,0.028308252;-1.0304396,0.6892796,0.9789822;1.0360469,0.32375723,0.43873096;1.0683596,0.9493395,-1.5609063;-1.3621513,-0.22697867,-1.0176489;0.96014065,0.899082,-1.7042214;-1.0222467,0.8424222,0.9163153;1.4371964,0.20991094,0.1702106;-0.6943785,-0.553363,1.3275336;-0.4772505,1.3501034,0.3659044;2.1631858,0.0015043019,0.25772187;0.5562693,-0.54132277,0.6557692;-1.5052525,0.97177494,0.7189586;-0.6068167,-0.19029354,-0.5637098;1.0892159,0.6945015,-0.9461359;2.213237,-0.17146161,0.3708045;-0.43673658,1.1077262,0.45624763;0.6323039,-1.0351166,-0.2125477;0.17154397,-1.3407309,-0.63778853;1.1865085,-0.6642465,0.2347352;-0.4442472,1.1245382,0.44507664;1.02141,0.882311,-2.0655012;0.9260338,0.88104695,-2.5576942;-0.39070538,-2.0964267,-1.6977462;-2.2000022,-0.38189504,-1.167259;-0.31794122,-1.98192,-1.036893;-0.19993266,0.43988842,0.40114897;-0.29312485,-1.3996987,-0.89734536;-1.9687041,-0.34717986,-1.1545618;-1.0705132,0.6924547,0.47080857;-0.43076542,1.1863118,0.443473;1.0311033,1.0902889,-1.716057;1.2250302,0.10270582,-0.06919882
