data_set
babi-q1
num_classes
6
data_points
1000
model
saved_models/babi-q1-e0029.ckpt
color_schema
#4E79A7,#F28E2B,#E15759,#76B7B2,#59A14F,#EDC948,#B07AA1,#FF9DA7,#9C755F,#BAB0AC
test_accuracy
0.5
test_loss
1.190586483001709
train_accuracy
0.523875
train_loss
1.1702652690410613
val_accuracy
0.5045
val_loss
1.1752942848205565
labels
12,9,15,12,15,12,11,12,17,17,15,11,17,10,10,15,11,15,17,15,12,17,17,12,10,10,10,15,15,15,12,17,15,15,9,17,9,11,15,10,9,11,9,12,11,15,12,9,17,10,10,17,11,11,15,10,15,12,11,12,12,17,9,11,11,15,15,9,17,17,11,12,11,10,9,15,15,15,12,17,11,9,10,11,17,11,11,12,15,15,9,9,12,9,9,15,15,15,10,10,10,9,17,11,11,12,10,9,17,10,9,9,15,12,15,11,17,15,9,17,10,9,10,12,10,17,11,11,11,9,11,12,9,11,15,9,17,15,9,9,17,12,12,17,10,15,15,15,15,15,11,11,9,17,10,9,11,10,17,12,10,10,10,11,9,11,11,11,15,10,17,17,11,9,9,17,15,10,17,17,12,12,12,12,10,9,17,11,15,17,12,15,11,12,12,11,17,15,9,10,12,17,17,10,12,9,15,12,9,12,9,10,12,10,9,10,9,12,12,9,9,12,15,12,10,17,12,11,9,9,17,11,12,17,12,10,10,10,10,17,12,15,11,11,15,15,11,11,11,11,10,17,9,9,10,10,17,17,15,11,11,17,12,17,17,9,11,10,9,10,15,17,17,15,9,17,15,12,17,9,9,11,17,17,11,17,9,17,11,9,15,15,10,15,15,11,11,12,12,9,9,9,9,17,12,11,9,17,17,15,11,11,17,10,11,17,10,17,17,11,11,15,15,11,11,9,10,11,11,10,15,17,15,10,10,17,12,17,12,12,12,11,17,15,11,17,12,12,15,15,10,11,11,10,10,9,17,12,11,12,11,9,11,11,11,11,11,12,12,12,12,12,11,11,17,10,15,9,9,10,9,10,10,17,17,15,17,17,17,15,15,12,9,10,17,17,10,17,9,11,10,11,10,15,17,15,12,10,11,15,10,11,9,12,17,10,10,15,12,9,12,12,9,12,10,15,15,17,10,10,17,15,15,15,17,11,15,9,10,11,10,12,9,11,10,11,10,12,11,15,15,15,15,11,9,15,10,12,11,12,9,11,10,17,11,11,10,10,10,17,12,17,17,9,15,11,9,15,11,9,10,10,12,12,11,10,9,12,10,9,15,10,10,11,11,15,15,10,12,12,15,11,9,12,9,15,10,17,17,10,10,17,10,10,17,9,9,10,12,11,17,17,12,12,11,12,17,11,11,12,11,11,11,17,9,11,10,12,12,10,11,17,12,12,15,11,15,15,12,10,10,9,17,10,15,12,15,10,10,10,11,10,11,15,10,9,9,15,10,10,10,10,15,15,17,9,10,12,10,10,12,12,11,15,10,10,11,12,10,10,17,12,17,11,9,9,17,17,11,10,10,10,15,15,17,11,15,12,11,10,15,17,9,11,9,17,15,12,15,17,11,17,17,15,9,10,9,9,10,10,9,10,10,15,11,11,11,15,12,9,11,11,10,17,11,11,12,17,15,15,9,11,15,15,11,9,15,15,11,15,15,15,11,10,10,9,17,17,17,17,10,10,17,9,15,9,17,12,12,12,15,15,15,17,9,11,9,17,9,12,11,9,9,17,11,11,11,10,15,10,12,12,9,9,17,12,12,9,17,12,11,11,15,15,12,11,12,17,12,17,11,12,11,17,17,11,17,9,11,9,10,10,12,17,10,12,9,9,9,15,11,11,15,17,9,10,9,12,17,15,17,17,12,10,12,11,11,17,15,9,17,10,9,11,12,15,9,15,12,10,9,10,17,17,15,15,9,9,9,17,10,17,17,9,12,17,17,12,12,11,11,11,11,17,11,17,17,17,17,17,12,9,17,10,17,11,10,10,12,12,11,11,17,12,12,17,17,15,11,17,11,11,9,12,9,17,9,10,9,15,11,9,11,15,10,9,9,9,17,12,11,11,17,15,15,10,10,11,11,17,10,12,9,10,10,10,10,10,15,17,9,11,17,15,12,11,10,10,15,12,10,11,12,12,11,11,11,15,12,17,10,12,17,17,12,10,10,12,17,10,11,17,11,12,17,17,11,12,11,17,9,9,11,17,11,11,15,15,17,17,10,10,17,12,11,15,12,11,11,10,9,12,12,15,10,9,17,15,17,9,17,17,10,17,15,12,12,11,10,10,10,17,17,15,12,17,9,9,15,10,12,15,15,15,17,17,15,11,15,10,12,9,9,10,11,11,9,9,12,15,9,15,9,12,12,10,17,17,10,12,15,9,10,17,11,11,11,17,9,9,11,15,11,11,11,15,12,17,9,10
pred_labels
12,10,15,11,9,12,11,12,12,9,15,17,15,11,10,15,11,15,12,11,12,17,12,11,11,15,10,10,11,15,17,17,15,15,9,17,12,15,12,11,9,11,12,15,11,12,10,11,10,10,10,10,11,12,15,9,11,12,15,17,12,17,9,11,9,15,9,9,17,12,11,12,11,12,9,15,11,15,10,11,11,11,10,17,17,11,11,12,15,15,9,9,12,9,17,15,15,15,10,15,10,9,12,11,10,12,12,9,11,15,9,10,15,12,9,11,15,9,12,17,10,9,15,9,17,17,11,17,11,11,11,17,15,10,10,9,17,15,9,9,11,12,17,9,10,15,10,15,15,11,11,11,17,17,17,10,10,9,17,12,12,9,12,11,9,11,11,15,12,15,17,11,11,9,12,17,15,12,11,15,12,17,12,17,10,9,9,11,9,12,12,15,11,11,12,11,10,9,9,10,17,17,10,10,10,12,11,12,10,15,11,10,9,9,10,12,11,12,9,11,12,12,9,15,10,17,17,11,9,17,9,15,11,17,12,10,9,9,10,15,12,9,11,12,15,15,11,9,15,11,10,15,9,10,10,10,10,11,11,11,11,9,12,11,11,11,15,9,10,10,9,17,17,10,11,15,15,10,12,9,9,11,12,15,11,17,11,12,11,9,15,12,10,15,15,11,12,11,12,10,9,12,11,17,17,11,9,9,9,15,11,11,12,10,15,11,10,17,15,15,11,15,15,11,17,9,10,11,9,17,15,17,17,17,15,11,12,11,12,17,12,11,17,15,11,17,15,12,11,15,11,10,11,10,9,9,17,12,11,12,11,9,11,11,9,11,15,12,17,15,12,12,11,11,11,10,15,17,11,11,9,12,12,17,15,9,11,17,17,12,15,12,11,12,9,17,11,11,10,12,10,11,10,9,17,10,17,17,10,10,10,11,9,12,17,10,11,11,11,9,15,12,9,12,9,9,15,17,10,9,15,11,15,12,17,11,9,11,11,11,11,12,11,11,10,10,9,12,11,11,15,10,15,15,9,15,15,10,11,12,17,10,12,17,17,11,15,9,10,17,10,9,12,11,9,11,9,15,11,10,15,17,12,12,11,10,9,12,15,9,15,15,10,10,15,10,15,10,12,15,15,11,10,15,9,9,10,9,9,10,10,10,10,9,12,9,10,9,12,11,9,11,12,10,11,12,17,11,17,12,11,17,11,12,11,11,10,12,11,10,11,10,12,12,15,11,15,12,12,10,10,12,15,11,15,12,17,10,9,9,11,10,10,9,11,11,15,12,10,12,11,12,15,17,11,12,10,9,9,9,15,15,10,11,10,10,12,9,10,11,9,17,17,11,11,9,12,11,12,10,10,10,11,15,17,11,17,11,10,10,15,15,11,11,9,9,15,12,17,12,11,10,9,9,9,10,12,11,12,10,11,10,15,9,9,11,11,12,11,9,11,10,10,11,11,15,12,17,9,10,11,11,10,15,11,9,9,11,11,11,12,12,12,12,9,17,11,17,10,12,10,11,17,9,11,12,17,12,10,9,9,15,15,17,11,11,9,17,17,12,11,12,9,17,11,11,9,12,10,11,12,17,9,9,9,11,11,17,12,11,11,11,15,15,12,11,12,17,17,17,11,12,9,17,10,11,17,9,15,9,9,12,12,17,12,12,9,9,9,10,11,15,9,15,9,17,9,12,9,12,10,10,12,10,11,11,15,9,11,9,9,9,9,11,12,9,10,17,12,12,11,10,17,15,10,15,15,9,12,9,12,17,12,12,11,9,9,10,11,12,11,9,12,15,11,17,17,12,11,12,11,10,10,15,17,11,10,11,12,11,11,10,11,12,12,10,17,15,11,9,11,10,9,12,9,11,12,10,15,15,11,9,12,9,17,12,9,12,11,12,11,11,17,15,15,10,15,11,12,11,15,12,11,9,10,10,10,10,15,17,9,12,12,15,10,11,11,15,15,12,9,11,12,12,11,11,15,12,11,15,10,17,9,12,15,10,10,12,9,9,11,17,11,12,15,17,11,12,17,10,9,17,11,11,11,11,9,11,9,11,12,10,12,11,11,15,12,11,9,17,9,11,12,15,10,11,9,9,11,9,9,10,11,10,15,12,12,10,10,9,10,17,9,11,9,17,9,9,11,15,12,15,15,17,11,9,9,10,11,10,12,9,15,15,11,11,9,9,9,15,9,15,15,9,11,9,10,10,9,12,10,9,11,11,15,15,10,9,9,9,11,15,11,9,11,15,12,10,9,11
pred_correctness
True,False,True,False,False,True,True,True,False,False,True,False,False,False,True,True,True,True,False,False,True,True,False,False,False,False,True,False,False,True,False,True,True,True,True,True,False,False,False,False,True,True,False,False,True,False,False,False,False,True,True,False,True,False,True,False,False,True,False,False,True,True,True,True,False,True,False,True,True,False,True,True,True,False,True,True,False,True,False,False,True,False,True,False,True,True,True,True,True,True,True,True,True,True,False,True,True,True,True,False,True,True,False,True,False,True,False,True,False,False,True,False,True,True,False,True,False,False,False,True,True,True,False,False,False,True,True,False,True,False,True,False,False,False,False,True,True,True,True,True,False,True,False,False,True,True,False,True,True,False,True,True,False,True,False,False,False,False,True,True,False,False,False,True,True,True,True,False,False,False,True,False,True,True,False,True,True,False,False,False,True,False,True,False,True,True,False,True,False,False,True,True,True,False,True,True,False,False,True,True,False,True,False,True,False,False,False,True,False,False,False,True,False,False,False,False,False,True,False,False,False,True,False,False,True,True,False,True,True,False,False,False,False,True,True,True,False,False,True,False,True,False,True,False,True,True,True,False,False,True,True,False,True,False,True,True,False,False,False,True,True,False,True,False,False,False,False,False,False,True,False,True,True,False,False,False,True,False,False,True,True,True,False,False,True,True,False,False,True,True,True,False,True,True,True,True,False,False,True,False,True,False,False,True,False,True,True,False,False,True,True,True,False,True,False,False,True,True,False,False,True,True,True,True,False,True,True,True,False,False,True,True,False,False,False,False,True,False,True,False,True,True,True,True,True,True,False,True,False,True,False,False,True,True,False,True,True,True,True,True,True,True,True,True,False,True,False,True,False,False,True,True,True,True,False,True,True,False,False,False,True,False,False,True,False,False,False,True,True,False,True,True,False,False,False,True,False,False,False,False,True,True,True,False,True,False,False,False,False,False,True,True,True,True,True,True,False,False,False,True,False,True,True,True,False,False,True,True,True,False,False,False,True,False,True,True,False,False,False,True,False,True,False,True,True,False,False,True,True,False,True,False,True,False,True,True,False,False,True,True,False,False,False,True,False,True,False,False,True,True,False,False,False,False,False,True,True,True,True,False,False,False,True,True,True,True,True,True,False,True,True,False,True,False,False,False,True,True,True,False,True,True,False,False,True,False,True,False,False,True,True,False,True,False,False,True,False,False,True,True,False,False,True,False,True,True,True,True,False,True,True,False,True,False,False,True,True,True,False,True,True,False,True,True,True,True,True,False,True,True,True,False,False,False,True,True,False,True,False,False,True,True,False,False,False,False,False,False,True,False,False,False,True,False,False,False,True,False,False,False,False,False,False,False,True,True,False,False,True,False,False,False,True,True,False,True,False,False,False,True,True,True,False,True,True,True,False,False,False,True,True,False,False,True,True,False,True,True,False,False,True,False,False,False,True,True,False,False,False,True,False,True,False,False,False,True,True,False,False,True,True,False,True,False,True,False,True,True,False,False,False,True,False,True,True,True,False,False,True,False,False,False,False,False,False,False,False,True,False,False,True,False,True,True,False,False,True,True,False,False,False,True,True,True,False,True,True,True,False,True,True,False,True,True,True,True,False,False,False,False,True,False,True,True,False,False,False,False,False,False,True,True,True,True,True,True,True,True,False,True,True,True,False,True,False,True,True,True,False,True,False,False,True,True,False,True,True,True,True,False,True,False,False,False,True,False,True,True,False,False,False,False,True,True,False,True,False,False,False,True,False,False,True,True,True,False,False,False,True,False,False,True,True,False,False,True,False,True,False,False,False,True,False,False,False,False,False,False,False,False,True,False,False,False,True,True,True,False,False,False,False,False,False,False,True,True,True,False,True,False,True,False,False,True,True,False,True,True,True,False,True,False,True,True,True,False,False,True,False,True,True,True,False,False,False,False,True,False,False,True,True,True,True,True,True,True,False,True,False,False,False,True,False,False,True,True,True,True,True,True,True,False,False,True,False,True,False,False,True,True,False,True,True,True,True,True,False,False,False,False,True,False,False,False,False,True,True,True,False,False,True,True,True,True,False,True,True,True,False,False,True,False,True,False,True,True,False,False,False,False,False,True,False,False,True,True,True,True,False,False,True,False,True,True,True,False,False,False,False,True,False,False,False,False,True,True,True,False,True,False,True,True,False,False,False,True,True,True,False,False,True,True,True,False,False,False,False,False,False,True,True,True,False,False,True,True,True,True,False,True,True,True,False,False,False,False,False,False,False,True,False,True,False,False,False,False,False,False,True,True,True,True,True,False,True,True,True,False,True,False
p2d-kl
0.7527393698692322
p2d-iter
599
p2d
-1.5663049,0.10307426;-1.0552214,-0.7036153;1.535964,-1.5965096;-1.5569502,1.1128913;0.067786396,-0.36456448;0.43322274,0.17065454;-1.4702519,0.61761;-1.0250161,-0.23454401;-0.09698758,1.811045;-0.55544186,-0.7537457;-0.21245232,1.3550925;-0.22067727,0.7803195;0.8676295,-0.68565106;0.8364043,-0.10698752;0.8181515,-0.23610602;0.17042576,0.53440076;-1.5902649,0.9532401;0.15874104,-0.044723455;0.4029438,0.15384535;-0.37835583,0.63020736;0.4668893,0.122327395;-0.32593596,2.0080392;-1.1978228,-0.14845687;1.8411462,-1.5329381;0.541071,-0.38195074;0.22053924,0.8669562;0.8437504,0.7332893;1.730043,-1.7311155;0.24524093,-0.5831121;0.051718283,-0.31995377;-0.2862899,2.0405183;-0.27503306,1.7881336;1.4323658,-1.7091522;0.7828893,0.51046234;-0.1391494,-0.21283847;0.13454868,1.7695124;-1.1760782,-0.23495841;0.12275348,-0.07688019;1.2466161,-1.1113005;-0.67223203,0.831036;-1.55269,-0.03532897;0.48652676,-0.19602217;0.66529346,-0.6769301;1.21986,-0.65215206;0.8735735,-0.16527714;0.48842505,0.13553543;0.6142712,0.8773052;-1.1755472,-0.44560802;1.9605192,-1.9295175;0.4443673,1.2590293;0.31760553,1.4873704;0.22027355,1.6854521;0.60434157,-0.12420947;0.72020924,-0.56545126;0.23269604,0.55262005;-1.1514552,-0.6977273;-0.16866888,-0.13121401;1.241285,-1.1941013;0.3480606,0.50919867;-0.14103279,1.7402319;0.014504822,1.9326534;-0.22916095,-0.969346;-1.4854788,-0.066745356;0.49531075,-0.1933688;-1.3326056,0.03018702;-0.49491668,1.3749588;-0.94254327,-0.31224227;0.6710175,-1.066935;1.401912,-1.7772061;-1.176635,-0.30777636;-0.56981504,0.33197865;0.47290525,0.8559109;-0.2487642,0.57713044;1.3615514,-1.1134288;-1.2470576,-0.58660054;-0.5142974,1.3950875;-0.21948546,0.6303416;-0.16203134,1.2791718;1.0462004,-0.61429477;1.6193231,-1.2911433;-1.5789305,0.99643767;-1.7012585,0.7466712;1.3282686,-0.9223002;-0.047551338,1.2789954;-0.104896806,1.2269363;-1.5971683,0.9829985;-1.617085,1.0905389;1.3165151,-1.1162615;0.56534255,0.32218048;0.24394058,-0.3704846;-1.5122837,0.39627334;-1.2992768,-0.664962;0.52756214,-0.92863667;-0.9259864,-0.6043154;0.24286869,-0.79955965;-0.544406,1.4269617;0.89061505,-0.61507523;0.73747903,0.60191905;1.4957153,-1.0741695;0.39104328,0.55094963;0.67771363,-0.11665673;-2.0102339,0.7067305;-1.2471138,-0.17907605;-0.98930097,0.68715626;1.1753104,-0.9256916;-0.12208307,1.9067922;0.24032107,1.5872892;1.5930449,-1.6799853;0.005427416,0.08138852;1.0847312,-0.3335181;-1.597256,-0.038382556;1.7567189,-1.7899187;0.48646107,0.40837014;0.2184859,0.49997458;1.3454652,-1.7604946;-0.42904145,0.77313787;0.056756895,-0.40473554;-2.0738342,0.927751;1.4941489,-1.4969889;-0.31883734,0.8621715;0.43007135,1.3437352;-1.9862643,0.7546476;1.5048416,-1.7846727;-1.397873,0.098137975;1.7845877,-1.9044437;-0.26158515,1.4946104;-1.3803577,0.8085863;-0.22707634,0.78672886;1.188935,-0.81946266;0.42064795,-0.26003096;-1.3794028,1.1109202;0.5429211,0.91834646;1.4326109,-1.6430126;1.8476746,-1.7233634;0.9904737,-0.42532215;-0.6522647,-0.066587806;-0.42866385,-0.96834284;0.6020297,0.3774137;-1.5326653,0.35093746;-1.8935611,0.79268694;-0.52808857,0.8062629;0.018464323,1.8911144;-0.35977376,-0.8530434;-0.28446928,-0.33546382;1.8416404,-1.868107;0.19163442,0.8766638;1.0951389,-0.33882892;0.7926891,0.6054868;1.9987819,-1.9496502;0.21727617,-0.70091844;-0.69158506,0.3936882;-1.8453263,0.81223804;-0.5308639,-0.78143275;-0.4002084,-1.0048184;0.17288798,1.6921682;0.6195143,-1.0217235;0.97967476,-0.93883014;-1.0445706,-0.6223424;0.9860162,-1.4955091;-0.040114094,1.8243209;0.087944396,1.9799557;-0.7189885,-0.1736444;1.1514014,-1.2767863;1.1412582,-0.7167012;-1.9492006,0.6236174;-1.1882955,0.85610336;-1.5465988,1.0791736;0.966376,-0.13478981;1.6105483,-1.4369742;1.5780234,-1.1908305;-0.27431437,1.4962939;-1.2475979,1.0298744;-1.3154356,1.0465065;-0.9473263,-0.3431413;1.1587306,-1.2575961;-0.23551002,1.4711527;0.3266067,0.44350287;0.6036741,0.8036237;1.5668464,-1.2793413;0.34638292,0.49620393;-0.08780689,1.8177155;-0.22843559,1.8865865;-0.3679794,2.1302168;0.21105462,1.1360703;1.1667281,-0.5756991;-0.6612541,-0.04807938;-1.9286149,0.8414913;1.8192354,-1.6210089;1.5375907,-1.6570768;0.60195446,0.20524476;-0.019863375,1.9691002;-0.20153874,1.3918025;-1.0134281,0.4245642;1.1665252,-1.190375;0.49046913,0.8840566;-1.2520632,0.9919741;1.030839,-0.32294646;-0.050254416,-0.95438105;0.4877317,-1.2122062;0.9941529,-1.2328857;-0.3056615,2.0479686;-0.3896409,2.1277094;0.67166,0.7073981;0.73969305,0.68931544;0.791875,0.7783845;-1.5307518,0.09792026;-1.2377542,0.600095;0.64045215,-0.7362289;1.1007348,-1.3128504;1.5750244,-1.6121597;-1.5051295,0.59005725;1.4202782,-1.0337557;-0.90053344,-0.61044776;-1.3497045,-0.652997;2.0053585,-1.9058354;0.27346534,1.472475;-0.9108915,0.3431531;0.80112404,-0.6797363;-0.97028536,-0.34922874;-0.8810257,0.38232702;-1.2049328,-0.25184262;-0.022991475,1.6326504;0.45109034,-1.1258296;1.2953088,-0.6490305;1.2931858,-0.67295796;-0.34371123,2.0950935;-0.3224004,-0.9564412;-1.4049658,0.6051711;-1.7553092,0.6567451;0.039929025,-0.95770633;-0.32671085,-0.89705735;0.05446285,-0.25756684;-1.4876901,1.0509951;-1.1362497,1.0034072;-0.21681528,-0.78150594;0.7031066,-0.15007888;-2.0273347,0.7458783;1.3552223,-1.5535352;0.57036203,1.0917209;0.5558199,0.32465032;-5.5801604e-07,1.9788524;0.41372466,-1.1228148;-0.7587396,0.5206235;1.2403548,-1.1626467;0.4366875,0.4246752;-0.5317709,1.427904;-0.75642824,0.51874435;-0.24398288,-0.32820258;0.9110168,-0.7707626;0.13713707,-0.27055103;0.41212612,1.3828759;0.24308021,0.85019;-0.68362045,-0.23766449;1.0617886,-1.094143;0.67732155,0.8834835;0.72604555,-0.15168998;0.34043932,1.5418061;0.40970853,-0.28867918;-1.4014946,0.7966663;-0.86990327,0.70105314;-0.5971144,0.31701508;1.1859546,-1.6890754;-1.199058,-0.20170215;-1.1288266,0.9307142;-0.32500908,-0.4981635;-1.4808354,0.5579104;-0.08633923,-0.11651118;0.6243783,-1.160019;0.96139765,-1.2052385;1.8464552,-1.5850085;-0.0640737,-0.28222483;-0.2037965,1.1942672;-0.1786487,0.67090756;1.0020252,-0.21890052;-1.7586519,0.7466103;-0.2495062,1.3996693;-0.31819737,-0.01782507;1.1456727,-0.8162816;-0.10556706,1.973411;-1.1294014,-0.42540675;-1.5724878,-0.015858069;0.48896536,-0.53257513;1.2783122,-1.4098458;1.3561392,-1.5849208;0.19794115,-0.21361366;0.18529688,1.7613838;-0.9617474,0.36214232;1.225604,-1.2221951;-1.433333,0.9015651;-1.9969751,0.85303295;-0.53932047,1.3900603;0.3675191,-1.1786432;1.0361965,-0.8540116;0.9696842,-0.57620394;0.17751281,0.6739114;-1.5527725,0.964267;0.23522227,0.089916;-0.59588706,0.5550235;-0.075407475,-0.7187861;0.82126653,-1.0858651;-2.1168907,0.95984477;0.0049259104,-0.7684513;-0.34517223,0.7523262;-0.32259324,1.8785615;-0.24591376,1.568788;-1.6324787,0.6883653;-1.3753124,-0.6503503;-1.9564074,0.71259177;-1.8766493,0.7693858;1.5018245,-1.7658794;-1.6687013,1.035021;1.1562527,-0.7355384;0.31989455,0.11180692;1.3204956,-1.1084217;0.24002305,0.23785794;-0.5168324,0.83378005;0.2939693,1.5265299;-0.03962727,1.1884135;0.1892192,0.8244752;1.3669428,-0.72738105;-1.648733,1.0344315;-0.7446177,-0.0016474421;-0.46098554,-0.034916252;-0.45469528,0.5603712;1.0963596,-0.6130854;-1.1222647,-0.6991895;1.5078677,-0.97871816;-0.21021268,0.6061633;-0.16650462,-0.29142317;1.9475822,-1.9484148;0.26048842,0.30712423;-0.24235325,1.5105793;0.07693698,-0.9338837;0.47137165,1.1342573;0.16637379,-0.009623401;-1.2997733,1.0386729;-0.029109143,1.6425327;-1.3771871,0.5512288;1.5429345,-1.4233252;0.567422,0.94057405;-1.128285,-0.25911075;0.57071257,-0.1643807;-0.06733858,1.7603222;1.2198211,-0.5225521;1.244559,-0.8431498;-0.28913882,1.915815;-0.32389948,0.01712194;0.68731517,-0.4556256;0.21810384,-0.11618671;0.08462141,-0.32162696;-0.60090286,0.2951882;1.0225754,-0.7804872;-0.8273716,0.6252902;1.1257836,-0.40660122;0.12551928,-0.39745483;-0.34954295,-0.8981176;-0.19320942,1.5275574;-0.03690374,1.6957474;0.5926535,-0.06654248;0.5133821,-0.73574495;-1.4832265,0.894588;-2.0698583,0.95139444;-1.2698487,0.5425409;-0.95873797,0.626313;0.96018827,-1.1553847;-1.4267342,1.1161926;0.26192784,-0.081319004;0.66292655,-0.5262288;-0.41255277,2.152941;0.16299067,0.021625524;-0.121601276,1.9174656;-1.3705705,-0.14231338;1.0878277,-0.9684906;0.22709183,0.1988851;-0.43695614,0.8419083;0.51247746,1.1698496;0.22061744,-0.08277015;1.3035655,-1.7352824;-0.22393599,0.6860051;-0.82100457,0.66565377;-1.2084386,-0.66473067;0.5059897,-0.91503006;0.20444082,1.329934;-0.43260327,0.8967777;0.21356283,0.62287676;-0.6401756,-0.09554361;0.21713081,-0.74872464;0.55193144,0.9274367;0.3566506,0.6056094;0.19856349,1.5251143;-0.20730768,0.015719628;0.7339164,-0.6582166;1.0605918,-0.9939686;1.9665694,-1.5973645;-1.0115659,-0.54384726;-0.2840442,1.5434836;-0.48236853,0.2802591;-1.2727164,0.94411343;1.8015274,-1.6189543;0.48401597,-0.699456;0.71190524,-0.12914889;-0.8226056,0.26174554;1.3800647,-1.0037899;1.6755433,-1.7971545;0.94210166,-1.4908537;0.81284946,0.6813598;-0.342655,0.9180134;-0.25562614,0.7436378;1.8495201,-1.8725402;1.5932711,-1.1608541;0.6368062,-1.0243025;0.99982476,-0.96245307;-1.9803311,0.6731424;-1.3048574,-0.17687087;0.22484666,1.63964;0.3046352,1.5051445;-1.2139002,-0.47076234;-0.22986431,-0.10920488;-0.46829385,0.63630927;0.110782616,-0.64376634;0.23810287,0.31975973;-0.1026103,-0.7555306;-1.243488,-0.08937233;-0.8023915,-0.5294192;1.1011559,-1.3889695;-0.8229348,0.010511133;-0.49818504,-0.04548809;-0.21846676,0.863038;1.1063836,-0.78128994;0.70309037,-1.0577911;-0.25137398,1.4115088;-1.282315,0.7807336;1.0391243,-0.2691241;1.2163911,-1.1208109;-0.27555737,2.1174362;-1.3396128,0.80222535;-1.3390002,0.045244064;1.1065688,-1.0731773;1.1350126,-1.0108383;0.57977855,-0.044643957;-0.6261347,0.3241901;0.36698326,-0.497516;-1.6455352,0.7850369;-1.8163536,0.7749;0.9972729,-0.91252035;0.734624,-0.18458572;-1.0585026,-0.5925831;1.3917767,-1.483524;-0.871237,0.41735864;-0.41477245,0.24213573;0.04875457,-0.36123642;0.7236089,0.83815885;-0.23403718,0.036082845;-0.13061874,-0.12233989;-1.5271139,0.40247902;-0.18800502,1.3415349;1.1345242,-0.2970033;1.0925393,-0.4837897;0.758608,-0.40999138;-0.055904668,-0.72726434;-0.49014136,-0.7931691;0.96748644,-0.34976003;0.17061977,1.5503476;0.5255954,1.0720143;-0.29281092,0.8233603;-1.4421651,0.86683375;0.9916118,-0.21004313;-0.6818556,-0.2520821;1.9306685,-1.9009004;-0.04730282,1.1960461;0.3320323,1.4180589;-0.2851789,-0.8738374;-0.03181556,0.33018506;-0.21164314,-0.52610594;1.3880415,-1.6432877;-0.5337215,0.83018064;-1.1224875,-0.63072866;1.4020216,-1.4016836;-0.48371586,0.64683;1.9543829,-1.8596119;0.19285782,0.8772812;-0.20280208,1.6871812;-0.2854196,2.086369;-1.376814,-0.14826337;-0.07340685,0.026031943;0.6743786,-0.10770378;-1.135463,-0.4979011;1.4746052,-1.4635302;0.7431225,0.6200549;1.1706978,-1.562552;-0.56823224,1.4230735;0.7957611,0.5638017;1.091766,-0.4740359;1.8957593,-1.571246;1.875727,-1.7926815;0.801402,0.6513793;-0.14362101,1.2963042;0.7326702,0.7720596;0.518953,1.1012086;0.49359128,0.3430423;-0.51709384,1.414398;-1.3914094,0.7703369;1.0359279,-1.1427376;1.4537077,-1.2322838;0.909432,-1.2605667;-0.011033552,-0.31567737;0.93229,-0.9326909;0.94361645,-1.3248959;0.1414407,-1.1432753;1.430275,-1.0185839;0.4255106,1.5402197;0.3447384,1.5724943;0.79061574,-0.14399792;-0.88372445,-0.65910405;-0.106819175,-0.9057456;-2.1267786,1.0066898;1.0434902,-1.117515;-0.69131833,-0.18401788;0.54788,-0.76266986;-0.9125048,0.59912;-0.29456818,-0.93333536;-0.45144445,0.72748786;-1.0232142,0.097716905;0.8203775,-1.0986582;-0.31929973,0.5350466;0.48483732,0.120573394;-0.27732962,1.9647189;-0.59254885,0.6461887;-0.3587656,0.87966067;0.04580158,1.987951;-1.5100468,1.07701;0.47914875,0.93091935;0.8056072,-0.16648448;1.3095481,-1.1424786;0.44551146,-0.2349775;-1.452926,0.8612866;1.0332812,-1.156353;0.22032829,1.3184836;-0.6576415,0.83540606;1.9864637,-1.8425459;-1.2709376,0.99813855;0.6484763,0.77433956;0.59694266,-0.64247984;0.6130956,-0.6828171;1.5323628,-1.6000001;-1.3247765,0.79839337;-0.36661908,-0.014850329;0.8683872,-0.6099453;0.5863952,0.858157;0.6166429,0.89589095;0.42474476,1.5430151;-0.86908597,-0.5790978;0.42433164,0.4417287;-0.42892453,0.27894357;1.3110677,-0.7891258;-1.0872566,-0.2533248;-0.23850808,0.92782193;0.73993856,0.77737373;0.16983064,-1.1777246;-0.9700076,-0.48724237;-1.4851247,0.88882583;1.9285674,-1.7839164;1.8757048,-1.570748;1.6236432,-1.6477627;1.907805,-1.6648188;-1.606449,0.5749795;-0.06249388,-0.14355953;1.473748,-1.3590499;0.36540827,1.3269687;-0.07910181,1.3304113;-0.6554073,0.3624846;0.7433393,-0.61057943;-0.12899488,-0.021164281;-0.31626856,1.815115;-0.2180503,0.7078745;-1.5898389,0.10861711;1.8847886,-1.8199705;-0.9811841,-0.64134413;-1.1570497,-0.65899837;-0.90086514,-0.7333321;0.23114854,0.40761048;0.17042002,0.84156686;0.902113,-0.18610024;-1.258469,0.66283745;1.9210771,-1.8164649;0.42390305,1.518875;1.2272277,-1.0764252;-1.2604156,-0.2302685;1.0594499,-1.4591782;1.8975273,-1.6315472;-0.36151284,-0.8956518;-0.24101672,1.9010174;-0.50948626,0.887321;-0.9531916,0.69372463;-0.7309624,0.03648108;-2.102607,0.94129115;-1.2390168,-0.15164155;-0.22391814,0.4490715;-1.2528522,-0.31468937;0.7582414,-0.24494387;0.6379833,-1.0234097;0.7585466,0.87036544;0.8440449,-0.060504742;0.09455554,-0.34425625;-0.1881439,1.5107105;-0.56613445,0.32132688;-0.11609982,0.6621425;-0.47718674,0.6859621;1.2632545,-0.7576051;1.827269,-1.6457938;-0.322747,1.4600128;-0.18685217,1.298961;0.15470436,-0.6047812;-1.1096379,0.782953;-1.8993754,0.77830845;-1.6226697,-0.0011252632;0.014221061,-0.22333908;0.37948895,-1.1487902;1.0767863,-1.530098;-0.08527171,1.8855693;-1.4978973,0.61082757;1.8017879,-1.8515975;-1.9610437,0.6420176;1.286313,-1.6718246;0.9024482,-1.281274;0.86384636,0.7971324;-0.08935748,-0.8557969;-0.93620074,0.34698907;1.9763759,-1.6108972;0.7956506,-0.21629028;-1.606449,0.57498926;1.8101499,-1.6870668;1.2262949,-0.6170554;-0.5867637,-0.11717198;-0.72747445,-0.045829963;-1.6107731,0.99927366;1.1234471,-0.695219;0.88138705,-0.5876981;-0.62633127,0.8339465;-0.34128612,-0.5356676;-1.7002125,1.0437479;1.0966051,-0.6519892;0.7233315,0.9215743;1.5723559,-1.2537508;-0.23056206,-0.5038048;-0.3008716,0.045340642;0.405777,0.20254941;-0.45495883,-0.8402277;-1.3338265,0.13215545;1.8550105,-1.6702627;-1.6253873,0.59171206;-1.4450343,0.6603645;1.0589546,-0.24130557;0.3137332,0.5623173;1.3906829,-1.6692584;-2.0974615,0.9845088;0.116106726,-0.95028085;-0.51884985,0.69847924;-1.3859011,1.0461041;-0.24986354,-0.017673377;0.45693234,0.14481491;-1.1614907,-0.29768807;0.6781328,-0.78790635;0.4014358,1.2239143;0.41669542,-0.96216595;-0.3210739,-0.923842;-0.5491988,0.70215034;-0.32599896,1.8982143;1.6329734,-1.2053612;0.7517211,-0.5224145;0.423421,1.3530265;-0.78541815,0.5834868;-0.17453024,0.89995414;1.3259368,-1.6084385;0.22925451,-0.62721455;-1.5971437,0.10909682;-0.18736222,-0.9864604;-1.1425444,-0.19963777;1.7610706,-1.5751127;-1.1783726,-0.5208193;-0.087429896,-0.28455946;1.0172962,-0.11777467;-0.34669822,0.048038;1.3514875,-1.7522285;-0.24935098,-0.500385;-1.229297,0.9301653;-1.6545203,0.14061157;0.10942476,-0.90569127;-0.4354562,-0.8316057;0.001832392,1.6125121;-0.54250956,0.2945979;-1.1484853,-0.41625875;-0.4845669,-0.70804983;-0.03389596,0.32671908;-1.1823326,1.0508119;-1.2676326,0.47737652;-1.1086786,-0.73119587;-0.036849484,-0.70488405;1.4357454,-1.0724232;1.1981882,-0.8556829;-0.0026141545,1.962832;-0.3155912,2.0707738;-0.2693416,-0.36629757;-1.8073899,0.7087327;0.13900244,-0.68676585;-1.5373793,1.138158;-1.2223991,0.99809176;-0.50699633,-0.7589273;0.6833493,-0.7706286;0.15029877,0.44843954;-1.4554799,0.55561984;-1.354794,0.65035397;1.3013283,-0.75759125;1.4189827,-1.2660359;-0.8672716,-0.6416963;-0.53014994,0.28087783;0.37398362,-0.5035108;-0.16304173,0.7457621;0.15163852,1.6548573;-0.3960719,-0.89890784;-0.69544226,0.39752054;0.6333897,-0.6178874;-1.5641888,0.042945538;0.17191638,-0.8376188;1.3504821,-1.0486602;-0.32829782,0.7196389;-0.36369005,2.0832877;-1.2336417,-0.014575464;0.020780237,-0.28268468;-0.60972506,-0.08127057;-1.1816561,-0.6882582;-0.824215,-0.5086185;0.68283516,-0.5543717;0.17772125,1.6395928;-1.0193697,0.108370975;0.09968003,1.9713461;-1.006214,-0.532843;-1.860933,0.7835279;-1.7789903,0.71565014;1.9867328,-1.9059883;-1.4719622,0.5741082;-0.030156368,-0.057248946;-1.3502816,0.14592233;1.4182934,-1.5407381;-1.9736695,0.81750804;0.16405767,1.7888341;-1.4218212,0.24184307;1.5878577,-1.4739313;-1.2837533,-0.08492951;0.86225945,-0.67628515;0.17097457,1.7399678;1.133389,-0.918872;0.67423916,-0.6694056;1.9400975,-1.615586;1.2960074,-0.8979406;-1.5665542,1.1398597;0.26872677,0.3453741;0.10529174,-0.9761162;-1.5440325,0.5395351;-1.9514527,0.7763356;-1.6140229,0.010520197;-1.327887,-0.6325924;1.0055256,-1.4600087;0.49389875,-0.53782374;0.21101059,0.091779366;-0.6711731,-0.065722406;0.7620674,-1.0646678;-0.04382998,1.2871828;1.53795,-1.3977486;-1.1184512,-0.5496548;-1.628877,0.6838737;1.6577747,-1.3071333;-0.05443987,1.2488865;1.6195003,-1.8197812;1.1538999,-1.4230143;-0.2723087,0.026105504;-0.8313257,0.030060899;-0.5826911,-0.073623054;-0.16932218,-0.757496;-0.25285316,-0.9143535;0.122894436,1.9525932;-0.15643267,1.9352283;-0.1053165,0.98237365;-0.9854193,-0.29467654;-0.33306116,0.51254106;-1.6295469,-0.018840611;-1.8610888,0.69942683;1.1390176,-1.42817;1.2743385,-0.8493518;0.3389149,0.1726585;-1.2758029,1.0148894;1.0168799,-1.1803876;-0.10084448,-1.001608;0.2866893,0.5546864;0.16771926,-0.58683413;-0.34054273,2.0255704;-0.40392777,-0.9512023;1.0524272,-1.5359215;1.2831653,-1.387302;-0.9593557,-0.3675;-1.4913017,1.1249639;0.71371186,-1.0164034;0.870966,-1.3802476;-0.30456764,0.10585624;-0.18342906,0.8925225;-1.5965083,1.0163599;1.0664046,-0.7237398;0.40755016,-0.23563446;0.5439704,-0.8773274;0.48266408,-1.128277;-1.4271212,0.85481167;1.106985,-0.42210728;-0.84939027,0.7214461;0.2555785,0.093011245;1.4471606,-1.2896937;0.1515581,1.7504423;0.1312966,-1.1388073;0.5989056,0.5821946;-0.097895384,0.5847689;-0.021035165,-0.9914759;-1.2822036,0.4876476;0.85309064,-0.2666814;-1.253182,-0.5486132;1.4002382,-1.4370936;-0.04706966,-0.8833559;-0.31683123,0.71781176;-1.0196968,-0.24148722;1.8037792,-1.8091916;1.6541975,-1.8099933;0.49461055,0.3065724;-0.5798831,0.29011223;-0.7220826,-0.02083324;1.1878093,-1.2549508;0.44572306,-1.1218246;1.7504085,-1.9131559;-1.5643369,0.09763823;-1.2869011,-0.6282978;1.2282096,-1.280045;-1.1418406,0.86766106;0.7352648,-0.4503656;-1.5432489,0.9579736;0.16413797,-0.6824909;0.22556971,-0.64719105;0.19742902,0.80142367;1.6763079,-1.7904558;0.19800632,1.7194209;0.25543654,0.8367846;-0.35373405,0.69851583;-1.3953569,0.061824746;0.14391105,-0.60122865;0.1640346,0.91498125;0.44339886,-0.9757598;-1.4127532,0.5534287;0.66339123,-1.0638273;0.8016052,-1.0254246;0.33361816,1.4550599;0.3082523,1.5797182;0.53386295,1.1372609;0.63868284,0.71546686;-0.2810686,0.90359926;-2.1171064,0.9615151;-0.106564365,-0.70054954;-0.49371293,0.932941;0.2616792,0.5769738;0.65032953,0.71790326;-1.4041928,1.1148082;1.0027989,-0.35314053;1.3501639,-0.73279953;-0.023373649,-0.2650405;0.5972158,0.22172825;-1.2262318,-0.67735285;-0.3561443,0.5393492;1.5145179,-1.4254028;0.7278805,-0.7643352;-1.4756157,1.1522706;-0.60668606,0.34674132;0.11921397,-0.36467797;1.6381457,-1.4836515;0.78955203,-0.0649113;1.4384178,-1.3587166;0.8372012,0.6480531;0.16650918,1.5906034;-0.16901338,-0.35469472;1.3195052,-1.3450129;-0.34556356,0.08313854;0.75264,-0.17453997;0.30402434,1.6310239;0.015440533,1.8019574;1.1043962,-1.4000639;1.7537025,-1.6147332;-0.5041772,0.8194994;-0.27595747,0.7064394;-0.80091417,0.66494405;-1.1277279,-0.37143776;0.37388572,0.45011482;-0.27929726,1.532819;-1.2900639,0.72589797;-1.0076696,0.14531167;-0.12357794,0.61991113;1.0256015,-1.4510152;-1.5956682,-0.014553463;-0.60611576,-0.74747705;-0.40089828,0.58367485;-0.880838,0.7244849;-0.766789,0.024291674;-1.368963,0.5167129;-0.7872834,-0.0027372504;-0.574782,0.6184435;-1.0009265,-0.35498258;1.1379138,-1.7074605;0.11466833,1.9605395;0.13380821,1.7979748;-0.15962541,-0.8680385;-1.7619233,0.80629903;-0.5688577,0.61328155;-0.1787826,0.0023349705;1.4737846,-1.3518429;0.8357211,-0.14916165;1.181642,-1.6847924;0.10434091,-1.1680491;-0.048611294,-0.29766807;-1.3436296,0.68665695;-0.36446384,1.876521;0.92200834,-0.7043177;0.76378196,0.7228537;-1.3064888,0.5001446;-0.4630727,-0.6859183;1.3372022,-1.6259025;0.233493,-0.66715467;-0.91246176,-0.7121608;-1.515422,-0.04458261;1.030363,-1.518911;-0.79754394,0.5862023;1.1340586,-0.6358508;1.410012,-1.3225077;-1.1264971,-0.24550024;0.5583986,-0.70748794;0.6551731,-0.99034303;0.64622,0.9533253;0.60317,-1.1299889;0.8028131,0.66556853;-0.030820504,1.156107;-0.010987677,-1.0140966;0.2691235,-0.780551;-0.31101802,-0.5289858;-0.2458774,1.5180255;0.56897956,-1.0410308;1.43992,-1.647702;0.19942407,-0.69720626;0.7555484,0.62313896;-0.054856047,2.0018303;0.14890783,0.6159128;-0.23273799,-0.03252554;-0.28005496,0.80164486;-0.15629996,0.58339584;-1.5462533,-0.055610664;-1.8682694,0.70924234;1.9181745,-1.802192;-0.46766353,0.2629113;1.0512729,-0.668416;-1.111141,-0.24974579;-1.3883556,-0.6308049;1.2722406,-1.5491592;1.2227538,-0.5103691;0.5195839,-0.40300384;-0.56066364,0.8398547;-1.1259053,-0.6566777;0.5057181,-1.2290599;-1.0191116,-0.35449415;0.8948561,-0.67888325;-2.0903082,0.98184943;-0.5468349,-0.06343713;-0.58186287,-0.05591557;0.4186854,-1.0373679;-0.866517,0.38252714;-1.2451888,-0.6653775;1.0094817,-1.5197879;1.8819016,-1.6247838;1.6998731,-1.6987615;-1.339657,-0.21311413;0.8229272,0.6438682;-2.0086684,0.7371035;0.7509693,-0.9736322;-0.24530779,0.49561363;0.18027997,-0.11814024;-0.257804,0.020493187;1.7835125,-1.6716925;-0.53935784,-0.9451321;-1.9990085,0.80625033;-1.9628882,0.83973575;-1.4380103,1.1186002;-0.39705914,0.067007765;-0.7268335,0.53158045;-1.4035021,0.18476598;-0.42360178,0.69910246;-0.55117375,1.3993653;0.43144906,0.1323233;0.52540463,1.1638099;-0.438654,-0.49306864;-1.0002149,0.6065945
p3d-kl
0.6240424513816833
p3d-iter
599
p3d
-0.14743133,-1.8479712,-1.4386803;0.63701534,-0.44877756,-1.0063838;1.4656793,1.436941,1.2854844;-1.4660025,-0.87608045,-1.5598909;0.5535915,0.50541455,0.25918216;-0.04608494,1.7046427,0.60915095;-0.7758863,-1.0986396,-1.3686914;0.47220108,-1.5266175,-0.7004679;-1.7280408,0.109452456,-0.4828353;0.7434711,-1.4764823,-0.38076553;-1.1012505,-0.027103903,-0.1781495;-0.4499781,1.0966406,-0.2834428;0.6324625,1.3448362,1.031764;0.0095765125,-0.57881004,0.79376453;0.19909887,-0.81747115,0.8705366;-0.4689352,0.7408068,0.13556725;-1.2110143,-0.7990385,-1.6560911;0.09412085,0.6392491,0.425395;-0.048625655,1.6919231,0.57690513;-0.31196347,0.8161937,-0.42398578;0.017956669,1.7192029,0.67879313;-1.7620345,0.21095452,-0.92237556;0.23454645,-1.8840921,-0.92174053;1.6874918,0.7587323,1.6301346;0.3005682,-0.30125323,0.6423807;-0.8076098,-0.14625634,0.3201356;-0.9152727,0.3111878,0.83940244;1.7950366,1.4441309,1.3907995;0.9158828,1.0395906,0.14257388;0.4965334,0.45584655,0.23086242;-1.8241107,0.07622728,-0.91351;-1.5208218,0.100619726,-0.74318844;1.381556,1.6533666,1.0168958;-0.496823,0.108604796,0.7651452;0.2698076,-0.2700845,0.059131682;-1.7522014,0.7739358,-0.33224964;0.42772982,-1.6250818,-0.98410475;0.13530475,0.5030419,0.32931724;1.0769016,-0.7602061,1.4457768;-0.69709414,0.968771,-0.9231752;-0.1431907,-2.2227938,-1.243574;0.1818477,-1.0225554,0.3775525;0.7670281,-1.2797654,1.0754312;0.49909362,0.2606453,1.192937;0.087125294,-0.49410284,0.87571687;0.024555514,1.7170485,0.6953498;-0.9577101,1.2384425,0.73594326;0.19789632,-0.5891185,-0.9421941;2.3039925,1.2221204,1.4275943;-1.3311222,1.1472802,0.36014286;-1.5973058,1.2282491,0.11814714;-1.6905046,0.80850154,-0.15244605;0.011707914,-0.8625467,0.59045446;0.14790405,1.6420311,0.80195177;-0.53640443,0.81245244,0.22075503;0.55244607,-0.46835026,-1.1507053;0.117393896,-0.33148858,0.09446429;1.2030685,-0.50282985,1.4557528;-0.47696173,0.9247641,0.42783237;-1.5842378,0.064699724,-0.4746421;-2.0183203,-0.06906694,-0.37821025;1.1150758,-0.85514253,0.07047475;-0.0830701,-2.1328387,-1.1234953;0.17814171,-1.0247209,0.38887706;-0.042240296,-1.1324915,-1.1144562;-1.0260967,-0.9149442,-0.2996507;0.29523888,-1.1293799,-0.5968017;0.9889515,-0.37679198,0.7256834;1.5183074,1.3114822,1.0363433;0.3400153,-1.3737161,-0.9719151;-0.36583734,1.3536966,-1.3898785;-0.796202,1.7014613,0.5363417;-0.20238045,0.90562254,-0.28025386;0.9959499,-0.29309946,1.5817235;0.28976336,-0.5159579,-1.1911508;-1.0638456,-0.97258735,-0.33142704;-0.23409007,1.1984328,-0.2572377;-1.0272647,0.22959438,-0.12701158;0.34975743,-0.44730696,1.3631778;1.3254769,0.8088214,1.6142013;-1.2319019,-0.88299716,-1.6494766;-0.95423967,-1.2830633,-1.6733165;0.9078639,0.3371445,1.4128416;-1.1415406,0.59450746,-0.06681843;-1.0056754,0.50183964,-0.08047587;-1.2281232,-0.9085869,-1.6518604;-1.4244722,-0.9679937,-1.6753465;1.0596725,-0.38901025,1.5555403;-0.15679349,1.0269096,0.80447763;0.522892,0.83918893,0.8854142;-0.43646538,-1.1973181,-1.45219;0.34889564,-0.51858056,-1.3442954;1.0101318,-0.9727359,0.70077807;0.5481899,-0.72890925,-0.7290569;1.1444367,0.86619943,0.4307135;-1.0817825,-1.0030435,-0.34850577;0.49970025,1.3839129,1.0685965;-0.69754326,0.248874,0.7160386;1.0865096,0.3814509,1.686537;-0.5563378,0.8975934,0.49521977;0.0431869,-1.2543086,0.6828248;-0.9415756,-2.098612,-1.9406621;0.2491986,-1.8396277,-1.0250055;-0.69142276,0.08560304,-1.1000904;0.8438761,-0.064848736,1.3217639;-1.83986,0.11363825,-0.6144118;-1.6560559,1.0407695,-0.063875206;1.5940309,1.4821078,1.2991555;-0.0017349999,1.0672727,-0.11206248;0.2003002,0.10586079,1.0873393;-0.1741539,-2.2691221,-1.3031048;1.9128875,1.3492787,1.3276298;-0.29355708,0.91588527,0.67068684;-0.5100486,1.0475211,0.18522526;1.4652612,1.2712135,0.95430994;-0.4750736,1.1308709,-0.5961627;0.60707796,0.554727,0.23536772;-1.2415388,-1.8706615,-2.2110407;1.2603456,1.4436513,1.3540452;-0.6386668,1.2880667,-0.39945292;-1.4010409,0.9337354,0.30466628;-0.9191532,-2.0174005,-2.0440133;1.6379129,1.5496181,1.0685182;-0.17194647,-1.4252778,-1.1884658;1.9910274,0.80014175,1.2852321;-1.2671852,-0.103295416,-0.37068528;-0.93063605,-0.37927148,-1.4273717;-0.47162902,1.1539562,-0.2774315;0.67457813,-0.09262963,1.3874383;0.30500382,-0.9021844,0.31442475;-1.336001,-0.84190065,-1.2830784;-0.91457474,1.5318441,0.6486874;1.3065053,1.6120005,1.0742077;1.8872356,1.2946327,1.5339888;0.50468314,-0.25950488,1.1040787;-0.24322325,-0.89446753,-0.5154986;1.1190343,-1.2260582,-0.26627383;-0.23576538,0.8981265,0.8820618;-0.3633517,-1.181728,-1.4870006;-0.9923589,-1.6765069,-1.929641;-0.58851194,0.99019027,-0.710852;-1.948207,-0.18380456,-0.31135127;1.0008031,-1.257437,-0.09952443;0.5074667,-0.30350268,-0.19874948;2.048107,0.963628,1.3737804;-0.8103888,-0.20250767,0.27906764;0.19129105,0.09643235,1.1022955;-0.6795949,0.22181673,0.8191209;2.2653713,1.4346826,1.4013786;1.0261816,0.82161325,0.25929365;-0.517047,0.9532601,-1.3111231;-1.0232137,-1.6038454,-1.876084;0.79900223,-1.4490501,-0.33591387;1.1837238,-1.1500953,-0.22181799;-1.6782045,0.73689115,-0.20484072;0.99625474,-0.42846924,0.6381744;0.75759465,-0.2180138,1.0326529;0.6092352,-0.78357977,-0.998007;1.6229047,0.20778918,0.9751857;-1.752722,0.36424994,-0.48043996;-2.0635936,0.4223696,-0.38343254;-0.01238266,-0.77476174,-0.5742602;1.3760259,-0.33325982,1.3491822;0.5588733,-0.33559853,1.5301477;-0.7556847,-2.041007,-1.8693986;-0.97383523,-0.5645971,-1.0855087;-1.4268513,-0.79204226,-1.5730642;0.07211862,0.09370103,0.7549112;1.2956249,1.514064,1.5795149;1.1878244,0.6897302,1.6998066;-1.2655683,-0.12391647,-0.3725646;-1.2468241,-0.47765204,-1.1338508;-1.3095809,-0.5119624,-1.2134731;0.33616945,-1.0434184,-0.6023847;1.3503312,-0.3859562,1.36299;-1.2378299,-0.04156017,-0.33480167;-0.38273802,0.92320454,0.4183939;-0.83498156,1.1383483,0.70133483;1.2444545,0.79548734,1.5414436;-0.4591207,0.9394337,0.43187732;-1.7755827,0.004938284,-0.44579902;-1.6598002,-0.028325448,-0.71326804;-1.9063647,0.12752682,-1.0885578;-1.0360287,1.4266474,0.15364155;0.3743297,0.16317463,1.4363973;-0.25941777,-0.9015654,-0.5328508;-0.902741,-1.667596,-2.0999486;1.744362,1.0789917,1.5518057;1.4812192,1.6538191,1.247887;0.034154605,1.3203354,0.87479657;-2.0230215,0.008761396,-0.46196935;-1.1505146,-0.045068003,-0.19225203;-0.35923612,-0.37189233,-0.8905444;1.2190644,-0.30569956,1.3772748;-0.857495,1.6185874,0.5534519;-1.2095091,-0.4403427,-1.1451594;0.2298443,-0.08288785,1.0359974;1.0503988,-0.62180877,0.3161623;0.9343926,1.1827264,0.76342136;1.2758919,-0.044862952,1.0896834;-1.8202162,0.07332909,-0.9403426;-1.9062452,0.120194145,-1.114322;-0.694713,0.83736134,0.7602872;-0.6871345,0.55515075,0.89272183;-0.932211,0.6569419,0.8222241;-0.120200716,-1.7610134,-1.39995;-0.6382732,-0.36039314,-1.2223464;0.89884484,-1.4518136,1.0434681;1.454682,-0.07839461,1.3090987;1.4807303,1.5903345,1.307134;-0.7326204,-1.0875225,-1.4080341;0.9766561,0.19901417,1.6510878;0.6516787,-0.8310162,-0.77773124;0.29691917,-0.58217853,-1.4202695;2.2963064,1.3379643,1.4508314;-1.5851812,1.3408704,0.076605245;-0.117326036,0.050722856,-0.92423624;0.59764403,1.4818361,0.96721077;0.31490242,-1.0170642,-0.6413559;-0.15062568,0.23424764,-0.92838544;0.3162397,-1.6191303,-0.9608238;-1.7826943,-0.24616008,-0.22481097;0.8528431,0.81215286,0.67478997;0.49258453,0.44438314,1.2324103;0.52309465,0.40092272,1.2747965;-1.8736537,0.11837759,-1.0223757;1.0772164,-1.0210627,-0.054868016;-0.786205,-1.0956389,-1.2297958;-0.762306,-1.3812721,-1.7565542;1.146319,-0.23954776,0.16746284;0.99713016,-1.041847,-0.072589554;0.38719466,0.49637768,0.21363685;-1.35925,-0.6887743,-1.4875782;-1.3608072,-0.27394986,-0.9733403;0.8912681,-1.335412,0.17149085;0.06666374,-1.1549972,0.73461676;-0.971295,-2.1131864,-1.9853257;1.1347785,1.3956081,1.0777442;-1.1355164,0.99451476,0.5801806;-0.16142666,1.0245115,0.78646946;-2.0411725,0.026551494,-0.4443295;0.879557,0.8452243,0.65681505;-0.45370853,-0.16390005,-0.6963699;1.1535063,-0.7201035,1.4440871;-0.34198844,1.032127,0.60318106;-1.0792494,-0.9960025,-0.34557417;-0.4603035,-0.14795326,-0.67585355;0.46969843,-0.25276968,-0.15122317;0.71010447,0.94510806,1.0278898;0.40550473,0.14988999,0.31225216;-1.4469504,0.90952796,0.25740668;-0.8204695,-0.06316777,0.34566787;0.024593186,-0.45423546,-0.58664596;1.0749288,0.100795045,1.2364086;-0.97975004,0.97543645,0.7490235;0.07952677,-1.1107836,0.7573544;-1.5655116,0.931854,0.13762826;0.35226688,-0.8961693,0.31639147;-0.89210683,-0.30537522,-1.4818422;-0.6791256,0.6178944,-1.1340754;-0.37880206,1.3158702,-1.3846349;1.3431821,0.85529494,0.8098771;0.33043578,-1.7932044,-0.9814109;-1.0721648,-0.27926505,-0.99998546;0.3880595,-0.8675914,-0.17062886;-0.6936125,-1.0477991,-1.3766267;0.13096063,0.098831676,0.10786762;0.7611329,0.014993755,0.7233197;1.2313612,-0.06025548,1.0474681;1.7570931,0.8843872,1.610023;0.42630666,0.18976307,0.055720434;-0.9608873,0.50882953,-0.28843802;-0.27403826,1.4892874,-0.24243806;0.17587331,0.03398196,0.88420683;-0.9298772,-1.404172,-1.7634395;-1.1575832,-0.16596231,-0.23408382;-0.1915712,-0.2782058,-0.12623468;0.65407413,-0.17403379,1.2961032;-1.9303647,0.3185423,-0.5988022;0.19259301,-0.71069837,-0.9013403;-0.1623497,-2.2440028,-1.2878343;0.6407781,-0.44837707,0.71646065;1.3056693,0.7561074,1.3383694;1.1549814,1.4428347,1.04449;0.26887637,0.22898868,0.39718282;-1.7322754,0.79180515,-0.28827673;-0.18383761,-0.11558341,-0.93170935;1.2623855,-0.54767334,1.4419014;-1.051652,-0.30011067,-1.5697912;-1.079427,-1.797185,-2.0626338;-1.0727289,-0.9932311,-0.34110996;1.0427501,0.8655628,0.8119141;0.6618611,-0.35990334,1.140163;0.45732388,0.88182974,1.1004796;-0.6347425,0.29942662,0.1440944;-1.1772633,-0.82830894,-1.6110226;0.04170212,1.1866356,0.3395028;-0.22595678,0.331259,-0.7434209;0.83131176,-1.6305119,0.52882713;1.0894071,-0.59257096,0.9402884;-1.2946188,-1.8741179,-2.23852;0.7937673,-1.3207133,0.47963193;-0.43314037,1.2258338,-0.46331078;-1.5254291,-0.20622067,-0.91927004;-1.3539584,-0.07565358,-0.39010778;-0.86910576,-1.2791548,-1.5606202;0.2673996,-0.59578305,-1.4516096;-0.8325772,-1.9733258,-2.0317428;-0.9660687,-1.6144834,-1.9324434;1.6138494,1.5608559,1.0780256;-1.330628,-1.0811269,-1.7524049;0.5942065,-0.27921337,1.5240403;-0.076038286,1.619343,0.35288146;1.0727893,-0.30767646,1.5492795;-0.1383728,1.0381646,0.2824179;-0.61109614,1.0065036,-0.70510256;-1.584737,1.1018043,0.084930636;-1.0016733,0.67482376,0.0010367804;-0.787631,-0.051314373,0.24264969;0.6999152,0.7624017,1.1168873;-1.3226652,-1.03379,-1.7308333;-0.34057084,-0.8442895,-0.67822146;-0.26905468,-0.5863073,-0.24557866;-0.37450132,0.50016195,-0.45130798;0.3845923,-0.30724737,1.4602045;0.57260233,-0.44013304,-1.1144919;1.070415,0.45699158,1.4009111;-0.20982695,1.2199547,-0.2608388;0.42397535,-0.027426267,-0.068179145;2.3079896,1.2059388,1.4020499;-0.21478963,0.96232796,0.32099956;-1.2643269,-0.071349524,-0.3859593;1.127612,-0.07391029,0.15991133;-1.1700146,1.1556426,0.428209;0.05229147,0.6748131,0.3899386;-1.2921187,-0.48315734,-1.2022302;-1.7886024,-0.2475304,-0.23579936;-0.66860867,-0.97494495,-1.203148;1.2176253,1.3992698,1.4901665;-0.8919953,1.4571321,0.6791078;0.40151238,-1.5998827,-0.8673138;0.10989177,-1.0398973,0.5109456;-1.6456114,0.26659355,-0.423802;0.3389533,0.7351164,1.2530539;0.7253762,0.1467669,1.3955058;-1.6320484,-0.066465095,-0.8485803;-0.25738543,-0.19740413,-0.10993817;0.15977773,1.8296118,0.67873186;0.15497963,0.42213276,0.5411042;0.51283973,0.48430791,0.27171603;-0.37229347,1.3284217,-1.3848801;0.6151467,-0.7140831,1.1996831;-0.5511867,0.5670926,-1.1733302;0.1629186,0.05175659,1.2375404;0.60294825,0.43155566,0.3923861;0.9890599,-1.0924054,-0.09598215;-1.2426734,0.13907987,-0.43262163;-1.7955403,-0.15260424,-0.3026276;-0.08966706,-0.8796554,0.5577703;0.84160775,-1.4300022,0.75361407;-1.0809813,-0.39443886,-1.6081097;-1.2632183,-1.8701359,-2.2190678;-0.5619692,-0.53787917,-1.2317325;-0.60718757,0.12947738,-0.9930618;1.1451561,-0.13479103,1.0591334;-1.3695214,-0.88250005,-1.3498567;0.09112902,0.2445533,0.6476056;0.13493547,1.669484,0.7918751;-1.9287779,0.10820154,-1.1688229;0.04958883,0.7357465,0.34023058;-1.8452419,0.15417144,-0.6237645;0.123061135,-1.7667587,-1.2077283;0.9058426,-0.27063087,1.2075235;-0.07299487,1.0034165,0.27445987;-0.63039887,1.007111,-0.55693287;-1.2345147,1.0503675,0.474077;0.110112965,0.3910848,0.555377;1.3864641,1.2672857,0.8881147;-0.32938835,1.3515836,-0.2848945;-0.5830053,0.7507674,-1.184839;0.46933067,-0.49284297,-1.2328246;1.0274173,-1.0361778,0.6133245;-1.2834389,1.5619956,0.09942947;-0.7050605,1.1950139,-0.5742745;-0.5959591,0.55537516,0.19193086;-0.20946294,-0.8722787,-0.48669073;1.0808599,0.7987833,0.3202571;-0.89861417,1.52839,0.66720647;-0.6579162,0.9336343,0.38396698;-1.4845576,0.9859895,-0.05415337;-0.10343322,0.009617704,-0.0075510144;0.66470206,-0.9730741,1.1791286;0.95091414,-0.25930643,1.1526641;1.897286,0.61583835,1.5923765;0.6187985,-1.1553339,-0.9553669;-1.3005996,-0.15652026,-0.4149291;-0.25391343,1.6379454,-1.3687387;-1.1331029,-0.41054106,-1.1904451;1.7802877,0.9494009,1.5152514;0.8046159,-1.468995,0.68684936;0.060870867,-1.1564506,0.7291086;0.026989942,-0.1920738,-0.8568757;0.9245223,0.092940405,1.5979735;1.8481133,1.5595596,1.2532512;1.5922891,0.20467485,0.8708126;-0.7878231,0.25536287,0.8472956;-0.7347439,1.2580647,-0.4352772;-0.43983996,1.4248282,-0.31896642;2.0385907,0.8885445,1.4022236;1.1914322,0.59016216,1.7305925;0.9939829,-0.41809806,0.66306114;0.8171007,-0.21338408,1.0568284;-0.8577005,-2.0642858,-1.9076568;0.17211583,-1.6880734,-1.1008983;-1.6276832,0.7200125,-0.08146647;-1.6294329,1.2070401,0.09049799;0.1879953,-0.49357334,-0.9947196;0.038956985,-0.4011848,0.010599499;-0.22409533,0.9350433,-0.697466;0.9122485,0.56693345,0.13649149;-0.19326249,0.86800325,0.3033032;0.81943536,-1.4423984,0.41284025;0.07065192,-1.8293393,-0.9435837;0.7666243,-1.3698534,-0.7573525;1.6001047,0.13391873,1.3109866;-0.37546614,-1.0705824,-0.7813244;-0.27400112,-0.6672129,-0.28532672;-0.6217101,1.174605,-0.24057105;0.61290747,-0.40930066,1.311488;0.9544336,-0.39062583,0.7820409;-1.1697038,-0.1661276,-0.24305265;-0.82369494,-0.06812565,-1.3424098;0.23828118,0.07510952,0.975019;1.0842305,-0.9598679,1.400038;-1.9385017,0.1915375,-0.91718966;-0.8961193,-0.19646601,-1.4101274;-0.082137026,-1.1624935,-1.1255437;1.0626998,-0.117614545,1.2752081;0.9681048,-0.06804862,1.297558;-0.12579924,-0.8462074,0.5398391;-0.4048564,1.241378,-1.3707365;0.7911531,-1.9555186,0.653696;-1.0344338,-1.399324,-1.5458633;-0.968332,-1.5437596,-1.831579;0.74527156,-0.28415942,1.0479547;0.115741745,-1.0650585,0.7854296;0.5831642,-0.87995607,-1.0176535;1.1060051,1.3890382,1.2003571;-0.19807969,0.31749007,-0.92313033;-0.19256327,1.7879812,-1.3444431;0.5481041,0.5029487,0.24045955;-0.6785893,1.003946,0.9116206;-0.15790485,-0.08471954,9.277231e-05;0.12000657,-0.063865066,0.071203336;-0.44852397,-1.1898128,-1.4783189;-1.0842478,0.033904444,-0.15413977;0.06391625,0.25481305,1.0904026;0.29721335,-0.16850413,1.2674326;0.40870196,-1.0970134,1.0867218;0.8424932,-1.5426749,0.5602664;0.8169708,-1.3458987,-0.29922396;0.37931174,-0.28555477,1.0181608;-1.4733975,0.93029165,-0.08768297;-1.1177554,1.1955843,0.53243804;-0.5603452,1.443806,-0.35523394;-1.0281866,-0.3361948,-1.5557293;0.15208566,0.0059759077,0.89457375;0.047192518,-0.42116833,-0.5814556;2.2351234,1.1253763,1.4270948;-1.0085279,0.6742887,-0.015810639;-1.4870204,1.337814,0.19615245;0.9958787,-0.78655833,-0.0797968;1.1197338,-1.3903979,-0.39833888;0.37774634,-0.89030606,0.087633125;1.2293047,1.6846377,0.9805983;-0.6086197,1.0019227,-0.7146184;0.5410701,-0.6716227,-1.110975;0.9878758,1.3446772,1.226415;-0.24602175,0.91758615,-0.73330635;2.2012615,1.1791731,1.4867318;-0.8084998,-0.20805988,0.2824051;-1.4887182,0.0566393,-0.48559424;-1.897332,0.099791504,-0.929347;0.1171706,-1.7201433,-1.2269936;-0.029729526,0.43768513,0.07638237;0.03984931,-1.2786194,0.6734726;0.36177185,-0.7768449,-0.9751484;1.2555147,1.2757341,1.3757051;-0.71392167,0.28151792,0.73717946;1.5129352,0.45759067,0.94809324;-1.091258,-1.038112,-0.36168203;-0.60740864,0.14428635,0.80587035;0.2975065,-0.11480485,1.2403082;1.7646985,0.9133506,1.7104585;2.0362248,1.3474276,1.452432;-0.7479353,0.2678035,0.8638961;-1.0141959,0.15445338,-0.07897019;-0.7763879,0.77191323,0.9049709;-1.1486175,1.1630359,0.52401096;-0.13994268,0.8467155,0.6671225;-1.0720232,-0.98384374,-0.33840266;-0.85765415,-0.35118732,-1.4549205;1.1562738,0.010196935,1.1825068;0.9565384,0.9830801,1.4320915;1.2971534,-0.095129065,0.93244284;0.4740549,0.3433656,0.11596098;0.6843471,-0.054363992,1.0090172;1.391874,0.040186238,0.94760275;1.3399626,-0.24809489,0.47483867;0.98498476,0.27009654,1.6055771;-1.761495,1.1037222,0.23853746;-1.5897267,0.8608475,0.14077853;0.057987258,-0.8379853,0.8240924;0.6847214,-0.70699114,-0.73256207;1.0650595,-1.0617876,0.41542175;-1.3460424,-1.8684239,-2.2628493;1.1265901,0.08705778,1.201584;-0.043618467,-0.60724777,-0.5846081;0.8765742,-1.3990763,0.8084468;-0.5209884,0.29449797,-0.9261846;1.0473038,-0.9776459,-0.025666226;-0.37659597,0.9751823,-0.6132343;0.08143361,0.7606144,-0.9928197;1.1109457,-0.6122668,0.94075924;-0.11184847,1.0953051,-0.49909177;0.0285331,1.7084996,0.6993916;-1.6834273,0.16767181,-0.8203607;-0.41137975,0.44000447,-0.6776376;-0.67178917,1.2572837,-0.46113855;-2.0405521,0.29123157,-0.44135422;-1.437622,-0.68809205,-1.5144441;-0.92745113,1.5755991,0.5176982;0.08708833,-0.76416045,0.8093877;1.1068656,-0.39470083,1.5506928;0.26755488,-0.96313083,0.317987;-1.0307379,-0.3239346,-1.5642941;1.1784176,0.03644734,1.179676;-1.2885176,1.5667263,0.13047442;-0.6924035,1.0073351,-0.909471;2.2304647,1.0903602,1.5271777;-1.2192123,-0.47563887,-1.1554885;-0.79947156,0.9756697,0.74345833;0.75921774,-1.4268587,0.93794924;0.75073004,-1.2357926,0.968074;1.447026,1.4699202,1.2679856;-0.8850757,-0.16092151,-1.3924874;-0.24408764,-0.3995479,-0.14646564;0.5063042,1.4864991,1.0751259;-0.92684555,1.2681589,0.6957244;-0.9732115,1.2958547,0.7565936;-1.762813,1.1024169,0.23580223;0.70751035,-0.98519415,-0.7945616;-0.3633741,0.9862666,0.57994145;-0.19888581,1.7755666,-1.3530717;0.7072512,0.44933948,1.305648;0.46927762,-1.5851442,-0.8255955;-0.7097253,1.0264429,-0.29738334;-0.8264526,0.7468286,0.87489104;1.4125344,-0.15247716,0.62439066;0.66688323,-1.429146,-0.49404153;-1.0760033,-0.39486447,-1.6048846;2.0697367,1.2286555,1.5250279;1.7530048,0.90061355,1.6803491;1.5858146,1.5584294,1.3604146;1.8510687,1.1220679,1.7132102;-0.6832564,-1.3883111,-1.5429276;0.18816549,0.151584,0.12711993;1.0366756,1.3070815,1.404448;-1.3246472,0.9060499,0.20206335;-1.1549078,0.3704085,-0.027885431;-0.46264124,1.0893672,-1.3361273;0.7143322,-1.2647306,1.208172;-0.078771986,0.102702215,0.14501832;-1.4532963,-0.14972015,-0.8727701;-0.3614356,1.4791998,-0.29343462;-0.1669407,-1.8784227,-1.4565516;2.0628788,1.3109391,1.4399105;0.62341887,-0.6906221,-0.8902151;0.5117751,-0.4815172,-1.1287392;0.7308255,-0.4066565,-0.7913132;-0.32701126,0.90587616,0.25498918;-0.77552277,-0.14128707,0.23760146;0.105025604,-0.40933278,0.8961104;-0.71442246,-0.27925706,-1.3573184;2.091255,1.2618392,1.4971961;-1.743075,1.1179569,0.24768798;1.02552,-0.88258266,1.4084284;0.26166338,-1.5498139,-1.0476748;1.6251711,0.11429772,1.1353173;1.8319781,1.0314662,1.6897159;0.99049634,-1.1016533,-0.113679215;-1.66509,-0.05178327,-0.74722016;-0.6976931,1.1340026,-0.6845509;-0.6683064,0.24924465,-1.0955372;-0.34324515,-0.6543084,-0.70161647;-1.2817557,-1.8747497,-2.2315636;0.21884063,-1.9081281,-0.9920821;0.009788611,1.3839434,-0.4302261;0.14992915,-1.249486,-0.99551713;0.22015119,-0.8751196,0.79684263;0.99097526,-0.4112695,0.66310084;-0.7243764,1.1066599,0.9841036;-0.05796031,-0.47599486,0.76011515;0.5289666,0.4559322,0.3017104;-1.2365035,0.16095817,-0.40821078;-0.3605545,1.3684388,-1.3913097;-0.2996964,1.3915304,-0.11032815;-0.31761283,1.0229763,-0.70949477;0.6300692,0.27541304,1.3096502;1.8260235,1.0471364,1.5403298;-1.2391181,-0.38959265,-0.31363624;-1.0471578,0.17923836,-0.1679017;0.86964744,0.69702715,0.22238308;-0.83607554,-0.27137074,-1.042714;-0.97823083,-1.648822,-1.953305;-0.19396044,-2.2881176,-1.3414328;0.3926217,0.5333413,0.08967042;0.982598,0.78926885,0.745746;1.6984638,0.36377037,1.0945326;-1.8277218,0.21349643,-0.53831613;-0.7548711,-1.0843806,-1.4021732;1.9461973,0.734116,1.405432;-0.78719664,-2.0587,-1.8949804;1.2512099,1.2974682,0.8747758;1.3295132,-0.068787746,0.90230006;-1.0391418,0.38970366,0.8138664;1.0095004,-1.1198419,0.42566502;-0.13202845,-0.037722602,-0.9364999;1.9253213,0.6250678,1.6095264;0.15629293,-0.86372316,0.885655;-0.6832655,-1.3883195,-1.5429277;1.7635646,1.297157,1.5641171;0.48657754,0.7207252,1.1610773;-0.16453697,-0.7997176,-0.4101688;-0.27004737,-0.80375403,-0.65462345;-1.2508491,-0.91603243,-1.6669415;0.52133125,-0.3549186,1.4991058;0.46587637,1.467468,1.0891919;-0.6702712,0.9764464,-0.866019;0.4300002,-0.9149395,-0.21276917;-1.348448,-1.158996,-1.7923428;0.44163528,-0.3835187,1.4506013;-1.0653316,0.79225844,0.7130626;1.219228,0.7845076,1.5939425;0.35155553,-0.8681302,0.074473344;-0.24871738,-0.16134472,-0.08127916;-0.11657755,1.6780717,0.57235885;0.91579175,-1.2928448,-0.25087908;-0.23265766,-1.5518534,-1.0393828;1.7986311,1.1445988,1.6009295;-0.7050502,-1.4088098,-1.5650609;-0.7863587,-0.81858605,-1.3841913;0.36356643,0.1526733,0.9200364;-0.55361295,0.79757994,0.35717967;1.3262912,1.5019596,1.0615423;-1.2995629,-1.8737022,-2.2411535;1.0058564,-0.04078951,0.08740568;-0.39659554,0.76590484,-0.6796082;-1.3389864,-0.57940245,-1.3343494;-0.11577301,-0.17297204,-0.018396916;0.0031370625,1.7254717,0.65478265;0.300529,-1.3973862,-0.91245085;0.9853075,-1.4023226,1.1602472;-1.2790424,1.403628,0.3062012;0.87671655,-0.9455128,0.55749977;1.02553,-1.0389322,-0.052533105;-0.39066932,0.72040063,-0.6919026;-1.5728288,-0.14395672,-0.90668106;1.2700984,0.70805275,1.7390862;0.563112,-1.0851053,1.1627537;-1.411677,0.93720573,0.29233706;-0.46852782,0.489916,-1.1348933;-0.68006814,1.1018972,-0.15789215;1.1574236,1.4014027,0.9757349;0.9734254,0.9658307,0.16377446;-0.17169037,-1.8877995,-1.4629534;1.150808,-0.79603845,0.1199183;0.32802093,-1.6978045,-0.86453164;1.7662275,0.57341796,1.4292873;0.31920436,-0.8320452,-1.0710624;0.42447206,0.1358128,0.033300884;0.032988187,0.20714453,0.7991412;-0.29976013,-0.28776515,-0.09084285;1.447035,1.3339496,0.95039713;0.36147395,-0.8461808,0.0225467;-1.1203144,-0.6337854,-1.139358;-0.293751,-2.015608,-1.5301583;1.1141987,0.05244486,0.15597488;0.88487947,-1.2038904,-0.2274459;-1.8050631,-0.2471606,-0.20839931;-0.32568684,1.4617739,-1.3971432;0.24513619,-0.8288867,-0.9235091;0.6782352,-1.2049514,-0.29751018;1.1088191,-1.3702482,-0.37493634;-1.3499377,-0.28701463,-0.9989281;-0.48627654,-0.6225911,-1.1592082;0.5745457,-0.31172186,-1.0835252;0.8469146,-1.6334612,0.60674477;1.0105854,0.23546281,1.6671227;0.7357968,-0.059577893,1.3914657;-2.0338423,-0.01099265,-0.43398243;-1.8469726,0.07551743,-0.9618721;0.54751647,-0.34226286,-0.17912816;-0.85732627,-1.4744682,-1.8338994;0.98251575,0.5722992,0.19290784;-1.4385971,-0.9860526,-1.5305722;-1.2127234,-0.38538256,-1.1117651;0.75932777,-1.3577224,-0.32547387;0.9695489,-1.3779567,1.1590345;-0.34449673,0.9588567,0.10931373;-0.68390507,-1.0226599,-1.3513827;-0.85166985,-0.7541095,-1.1843449;0.6561672,0.4506886,1.2906514;0.863669,1.1194019,1.3118513;0.6769865,-0.74563396,-0.71591514;-0.30838582,1.5118885,-1.4039959;0.7935538,-1.9227563,0.66590226;-0.4413245,1.401438,-0.18479794;-1.5860825,0.635781,-0.17772067;1.0175846,-1.0457613,-0.1850466;-0.5210157,0.9392657,-1.308527;0.65083057,-1.2232193,1.019936;-0.14134638,-2.0116568,-1.3680345;1.1397699,0.36277458,0.23714104;0.9897865,0.020707961,1.5316429;-0.37687722,1.2572355,-0.46579883;-1.8605275,0.12380254,-1.0416338;-0.099146694,-1.7366273,-0.9139573;0.42202643,0.36361843,0.17625372;-0.22371075,-0.8304015,-0.441529;0.51939607,-0.49560294,-1.1941198;0.6814065,-1.4362551,-0.7657971;0.15560302,1.6356554,0.8354084;-1.5962317,0.7757205,-0.16071095;0.06327819,0.73284495,-0.9881618;-2.0676723,0.44045544,-0.36588287;0.6296205,-1.2252574,-0.95726943;-0.9833879,-1.577593,-1.9200867;-0.86983806,-1.5232313,-1.7715625;2.2737098,1.3309307,1.4432774;-0.7014735,-1.0454535,-1.372254;0.0742876,0.38264275,0.15667477;-0.2582602,-1.4986713,-1.0781595;1.1654024,1.5222716,1.1827129;-1.0235,-1.8120039,-2.0664375;-1.7530074,0.7932041,-0.3346813;-0.36835104,-1.2667137,-1.2624714;1.302642,1.5799983,1.532278;0.03149776,-1.9058741,-1.0101022;0.6390974,1.3978977,1.0288993;-1.7306882,0.77202106,-0.2716674;0.81839913,-0.19577312,1.2789751;0.7637352,-1.2874047,1.0930219;1.8896538,0.7727552,1.6505419;0.84464157,0.29937208,1.4059852;-1.4510064,-1.007766,-1.556301;-0.21602717,0.82335836,0.35736722;0.9649475,-0.15314619,0.029682571;-0.6473659,-1.1789186,-1.4898503;-1.0034481,-1.872295,-1.9908574;-0.19621941,-2.269111,-1.3427988;0.30090892,-0.5873706,-1.3810631;1.5638177,0.21083531,1.0034841;0.6020076,-0.4884685,0.71430534;0.009709083,1.0088835,0.3317061;-0.2545149,-0.89702606,-0.53419685;1.0490439,-0.6417355,0.8280827;-1.16079,0.5933839,-0.09543452;1.2022469,1.3174976,1.4938117;0.44554466,-1.0295094,-1.0676283;-0.8652854,-1.2851706,-1.5561093;1.4249588,0.7535654,1.6287023;-1.0909996,0.5947417,-0.06093756;1.8121623,1.6002192,1.1640182;1.656952,0.32284787,1.3655589;-0.1789652,-0.118537,-0.060266994;-0.40698352,-1.0616357,-0.7937652;-0.23887806,-0.82713735,-0.40226156;0.86531174,-1.4471225,0.28447548;1.0170177,-0.97475564,0.05110046;-2.0688396,0.48275915,-0.33525252;-1.808861,0.3155548,-0.62186784;-0.6988615,0.99420434,0.0049006995;0.31370345,-1.3147823,-0.64925176;-0.08165133,1.0386283,-0.5254481;-0.19957708,-2.3018394,-1.3403045;-0.84830505,-1.4211085,-1.9838523;1.6597449,0.3163444,1.3470974;0.7556096,0.25493863,1.380719;-0.121106386,1.6157742,0.4282639;-1.2426211,-0.46345747,-1.1658665;1.2105728,0.009308687,1.1521297;1.1799905,-0.8090919,0.2846037;-0.53963476,0.799234,0.3157954;0.8622218,0.71630776,0.2563981;-1.7845255,0.21730243,-0.9406721;1.0920812,-1.1591846,-0.21388409;1.7163517,0.2484638,1.0884961;1.2815713,0.739305,1.3570805;0.3504946,-0.9841607,-0.6355398;-1.4077667,-0.94483536,-1.451978;0.8850181,-0.37587318,0.800861;1.4559485,-0.10146094,0.75003743;-0.312556,-0.18013723,0.006605019;-0.6745929,1.1214479,-0.17600475;-1.2583094,-0.9033861,-1.6640558;0.5187259,-0.43262416,1.2730222;0.273282,-0.8679083,0.2970732;0.9479452,-1.0654669,0.7587724;0.8275192,0.8048703,0.71551055;-1.0096096,-0.3080456,-1.5444404;0.23274986,0.032349855,1.2094082;-0.6865717,0.70848066,-1.1090405;0.033436283,1.2810688,0.35752743;0.88518363,1.276923,1.3687195;-1.7421591,0.7802442,-0.29613653;1.3518666,-0.23871583,0.4621008;-0.53780466,0.94686353,0.8490532;-0.15623051,1.3725076,-0.0689543;1.136183,-0.50477344,0.25851148;-0.50959605,-0.6517543,-1.1769203;0.2844511,-0.64681625,0.868286;0.2600566,-0.75059813,-1.1892979;1.0680642,1.3372577,1.2650532;0.97438097,-0.89110446,0.47135332;-0.37490016,1.2789,-0.45192683;0.4953032,-1.5060613,-0.6963525;1.9825284,1.1824893,1.3311471;1.841188,1.5767734,1.219863;-0.05637589,0.8166716,0.65433204;-0.3610118,1.3686823,-1.3930192;-0.29694507,-0.7927151,-0.65216136;1.338474,-0.4517933,1.3910583;0.8411427,0.8020374,0.649086;1.897223,0.6047118,1.2527626;-0.14597416,-1.8507237,-1.4341245;0.3389038,-0.5854031,-1.313009;1.3471767,-0.46761706,1.4334197;-0.9722744,-0.3755017,-1.0484998;0.4465288,-1.1198891,1.1169367;-1.1619246,-0.82866335,-1.5924228;1.006755,0.6876775,0.19581604;1.0114238,0.9245776,0.15526946;-0.7906736,0.0602357,0.23221534;1.8561544,1.605828,1.2595541;-1.7095256,0.77993846,-0.21953097;-0.83060807,0.014415482,0.35049057;-0.3866578,1.0628934,-0.43552285;-0.10187961,-1.4123489,-1.1960275;0.8679246,0.71516407,0.17338516;-0.83636135,-0.3613992,0.24071173;0.93031466,-0.99010134,0.61924285;-0.6859312,-1.0579094,-1.2519605;0.89997715,-0.3452661,0.72466165;0.97945005,-0.74023193,0.916771;-1.5535897,1.276892,0.16517897;-1.5623648,0.8492983,0.11477254;-1.1977438,1.0496335,0.5068556;-0.7204599,0.85530597,0.70807236;-0.7081748,1.2852763,-0.31606826;-1.2950712,-1.8741155,-2.2387307;0.7953716,-1.554212,0.45719504;-0.76014066,1.2748516,-0.6811329;-0.5766334,0.79177856,0.2629025;-0.7408036,0.8109151,0.7135328;-1.3573046,-0.8616118,-1.3192551;0.36107796,-0.1246062,1.0457877;0.6805707,0.66241556,1.1811914;0.40770823,0.1864603,0.14830576;0.00094905973,1.2562319,0.8702171;0.45293126,-0.49515823,-1.2497929;-0.13117796,1.0029743,-0.5601477;1.166717,1.4569101,1.4577054;0.9937328,-1.1799833,1.2726027;-1.3498373,-1.0155809,-1.4379802;-0.40172815,1.254405,-1.3720436;0.5663551,0.5036677,0.35381165;1.3665006,1.6159492,1.5884335;-0.046055347,-0.67562133,0.7032079;0.99564415,1.3093361,1.338715;-0.74381405,0.27196306,0.900969;-1.5250963,0.83002776,-0.13088322;0.56235707,-0.09311303,-0.07141246;1.2475362,1.0917915,1.3520181;-0.36807138,-0.1752658,-0.076081336;0.10453002,-1.0381914,0.8035226;-1.6809335,0.8268341,0.03654308;-1.7580978,0.46166828,-0.4249324;1.609747,0.14797683,1.3028183;1.809093,0.7308434,1.4203677;-0.5955288,1.0195394,-0.69609827;-0.3599404,1.3682364,-0.3821241;-0.5661943,0.78207153,-1.1680821;0.28281137,-1.0166811,-0.8913569;-0.39228103,0.9414537,0.49822152;-1.2886724,-0.13865295,-0.40838218;-0.8446811,-0.34481072,-1.2418269;0.018723182,0.6952385,-0.9817628;-0.21880737,1.3895994,-0.1224253;1.5706378,0.17235538,1.0485708;-0.17809433,-2.2707875,-1.3172642;0.76853555,-1.6997784,-0.4108391;-0.26429424,0.66755706,-0.4304783;-0.70770544,0.6017694,-1.0963981;-0.36485124,-0.82612973,-0.7304929;-0.609938,-0.8604783,-1.269452;-0.36213678,-0.9743336,-0.7231526;-0.34774935,0.43998283,-0.664979;0.2994564,-1.0171229,-0.6967472;1.2157171,0.9228939,0.545683;-2.0743778,0.4555878,-0.3441548;-1.7749864,0.7672355,-0.35493484;1.0095568,-1.15902,0.27697313;-1.0284703,-1.5104254,-1.7299138;-0.31822816,0.48153985,-0.6973558;-0.060732882,0.06924691,0.025504583;1.0188118,1.3354139,1.4113071;0.06609064,-0.6355976,0.82897294;1.3375843,0.8262843,0.8085339;1.3906713,-0.26282787,0.4850474;0.44153976,0.21802863,0.07443438;-0.90072495,-0.65562344,-1.196219;-1.5017177,-0.2532894,-0.9749161;0.6432645,1.1379442,1.0814241;-0.8189397,0.5387897,0.8121523;-0.5385861,-0.703262,-1.2034457;0.6427765,-1.1007771,-0.2695926;1.1611419,1.4669251,0.9509756;1.0135264,0.91449064,0.2095146;0.71017206,-0.46661547,-0.8010924;-0.11001441,-2.1481574,-1.1874301;1.6867474,0.20132874,1.0602517;-0.49219358,0.4705207,-1.1380489;0.4402624,-0.18804812,1.4608669;0.8951551,1.2471335,1.2803929;0.41581234,-1.6140821,-0.87178916;0.8356724,-1.5262871,0.8665391;0.97845805,-0.6024959,0.7089459;-1.0452882,1.3844008,0.84406424;0.79808086,-0.013678545,0.7087717;-0.7583645,0.2792743,0.8688234;-0.94527173,0.6816953,0.03371921;1.1766628,-0.4628944,0.2631356;1.1326859,0.8986049,0.43078807;0.41701686,-0.89611787,-0.14138079;-1.2769339,-0.078729294,-0.37644893;1.0484012,-0.4232585,0.536715;1.2927731,1.7073202,1.0492357;0.99702924,0.7942958,0.27252272;-0.7168698,0.2696507,0.75331444;-2.022128,0.054529827,-0.5561688;-0.5583115,0.40468678,0.08447465;-0.08706379,-0.12633486,-0.022898667;-0.5274942,1.2993269,-0.34986618;-0.15577899,1.260984,-0.16095763;-0.13203949,-2.2198627,-1.216786;-0.86113256,-1.4414086,-1.9928923;2.0802886,1.2670906,1.5023986;-0.23457256,1.6804928,-1.3576124;0.41603887,-0.49624476,1.4042332;0.42163384,-1.6087499,-0.8530472;0.25406042,-0.638011,-1.4650624;0.9016209,1.423545,1.0260688;0.3573312,0.7311867,1.1989139;0.3313968,-0.18636662,0.6356894;-0.632372,0.9555222,-0.7493488;0.55361086,-0.5965578,-1.1246325;0.95412576,1.2469198,0.78446925;0.2933828,-1.1230028,-0.70219076;0.670174,1.3492455,1.0623889;-1.2971591,-1.8741448,-2.2395928;-0.25824985,-0.7927409,-0.35430878;-0.24995379,-0.8252761,-0.3967669;0.92299664,0.5524266,0.6670518;-0.14840166,0.3032055,-0.9313905;0.43115804,-0.51012653,-1.2709266;1.6751812,0.15361403,1.0309225;1.8144772,1.0231627,1.664568;1.7193524,1.4484117,1.3956869;0.121880025,-1.4224765,-1.1620976;-0.7545119,0.23844567,0.8701699;-0.9537471,-2.0957472,-1.985316;0.77905256,-0.35135385,0.84217405;-0.055529557,1.2493368,-0.39649674;0.17412493,0.44898358,0.455587;-0.1603714,-0.091799565,-0.049901642;1.7746339,1.2271389,1.4989375;0.9486671,-0.5756808,-0.24919191;-0.98803294,-1.9034286,-2.0922291;-0.96611416,-1.7957141,-2.1183083;-1.3753554,-0.8964473,-1.364484;-0.4220076,-0.25838527,-0.14162645;-0.4105029,-0.013139204,-0.72004247;-0.29286572,-1.3552078,-1.208977;-0.37269017,0.84726167,-0.57907134;-1.0786848,-1.0020297,-0.3467168;-0.018830488,1.7262121,0.6299256;-1.2271953,1.0737839,0.49110603;0.2914891,-1.0512855,0.20040551;-0.59923756,-0.07473822,-1.0118052
