data_set
babi-q1
num_classes
6
data_points
1000
model
saved_models/babi-q1-e0035.ckpt
color_schema
#4E79A7,#F28E2B,#E15759,#76B7B2,#59A14F,#EDC948,#B07AA1,#FF9DA7,#9C755F,#BAB0AC
test_accuracy
0.506
test_loss
1.1603102283477784
train_accuracy
0.53625
train_loss
1.1408227155208588
val_accuracy
0.515
val_loss
1.1493575735092163
labels
12,9,15,12,15,12,11,12,17,17,15,11,17,10,10,15,11,15,17,15,12,17,17,12,10,10,10,15,15,15,12,17,15,15,9,17,9,11,15,10,9,11,9,12,11,15,12,9,17,10,10,17,11,11,15,10,15,12,11,12,12,17,9,11,11,15,15,9,17,17,11,12,11,10,9,15,15,15,12,17,11,9,10,11,17,11,11,12,15,15,9,9,12,9,9,15,15,15,10,10,10,9,17,11,11,12,10,9,17,10,9,9,15,12,15,11,17,15,9,17,10,9,10,12,10,17,11,11,11,9,11,12,9,11,15,9,17,15,9,9,17,12,12,17,10,15,15,15,15,15,11,11,9,17,10,9,11,10,17,12,10,10,10,11,9,11,11,11,15,10,17,17,11,9,9,17,15,10,17,17,12,12,12,12,10,9,17,11,15,17,12,15,11,12,12,11,17,15,9,10,12,17,17,10,12,9,15,12,9,12,9,10,12,10,9,10,9,12,12,9,9,12,15,12,10,17,12,11,9,9,17,11,12,17,12,10,10,10,10,17,12,15,11,11,15,15,11,11,11,11,10,17,9,9,10,10,17,17,15,11,11,17,12,17,17,9,11,10,9,10,15,17,17,15,9,17,15,12,17,9,9,11,17,17,11,17,9,17,11,9,15,15,10,15,15,11,11,12,12,9,9,9,9,17,12,11,9,17,17,15,11,11,17,10,11,17,10,17,17,11,11,15,15,11,11,9,10,11,11,10,15,17,15,10,10,17,12,17,12,12,12,11,17,15,11,17,12,12,15,15,10,11,11,10,10,9,17,12,11,12,11,9,11,11,11,11,11,12,12,12,12,12,11,11,17,10,15,9,9,10,9,10,10,17,17,15,17,17,17,15,15,12,9,10,17,17,10,17,9,11,10,11,10,15,17,15,12,10,11,15,10,11,9,12,17,10,10,15,12,9,12,12,9,12,10,15,15,17,10,10,17,15,15,15,17,11,15,9,10,11,10,12,9,11,10,11,10,12,11,15,15,15,15,11,9,15,10,12,11,12,9,11,10,17,11,11,10,10,10,17,12,17,17,9,15,11,9,15,11,9,10,10,12,12,11,10,9,12,10,9,15,10,10,11,11,15,15,10,12,12,15,11,9,12,9,15,10,17,17,10,10,17,10,10,17,9,9,10,12,11,17,17,12,12,11,12,17,11,11,12,11,11,11,17,9,11,10,12,12,10,11,17,12,12,15,11,15,15,12,10,10,9,17,10,15,12,15,10,10,10,11,10,11,15,10,9,9,15,10,10,10,10,15,15,17,9,10,12,10,10,12,12,11,15,10,10,11,12,10,10,17,12,17,11,9,9,17,17,11,10,10,10,15,15,17,11,15,12,11,10,15,17,9,11,9,17,15,12,15,17,11,17,17,15,9,10,9,9,10,10,9,10,10,15,11,11,11,15,12,9,11,11,10,17,11,11,12,17,15,15,9,11,15,15,11,9,15,15,11,15,15,15,11,10,10,9,17,17,17,17,10,10,17,9,15,9,17,12,12,12,15,15,15,17,9,11,9,17,9,12,11,9,9,17,11,11,11,10,15,10,12,12,9,9,17,12,12,9,17,12,11,11,15,15,12,11,12,17,12,17,11,12,11,17,17,11,17,9,11,9,10,10,12,17,10,12,9,9,9,15,11,11,15,17,9,10,9,12,17,15,17,17,12,10,12,11,11,17,15,9,17,10,9,11,12,15,9,15,12,10,9,10,17,17,15,15,9,9,9,17,10,17,17,9,12,17,17,12,12,11,11,11,11,17,11,17,17,17,17,17,12,9,17,10,17,11,10,10,12,12,11,11,17,12,12,17,17,15,11,17,11,11,9,12,9,17,9,10,9,15,11,9,11,15,10,9,9,9,17,12,11,11,17,15,15,10,10,11,11,17,10,12,9,10,10,10,10,10,15,17,9,11,17,15,12,11,10,10,15,12,10,11,12,12,11,11,11,15,12,17,10,12,17,17,12,10,10,12,17,10,11,17,11,12,17,17,11,12,11,17,9,9,11,17,11,11,15,15,17,17,10,10,17,12,11,15,12,11,11,10,9,12,12,15,10,9,17,15,17,9,17,17,10,17,15,12,12,11,10,10,10,17,17,15,12,17,9,9,15,10,12,15,15,15,17,17,15,11,15,10,12,9,9,10,11,11,9,9,12,15,9,15,9,12,12,10,17,17,10,12,15,9,10,17,11,11,11,17,9,9,11,15,11,11,11,15,12,17,9,10
pred_labels
9,10,15,11,15,12,11,12,12,9,15,17,15,11,10,15,11,15,12,11,12,17,12,10,17,15,10,10,11,15,17,17,15,15,9,17,12,15,12,11,9,11,12,15,10,12,10,11,10,10,10,10,11,12,15,9,11,12,15,17,12,17,17,11,9,15,9,9,17,12,11,17,11,12,9,15,17,15,10,11,11,11,10,17,17,11,11,10,15,15,9,9,12,9,17,15,15,15,10,15,10,9,12,11,10,12,10,9,11,15,9,10,15,12,17,11,15,9,15,17,10,9,15,9,17,17,11,17,11,11,11,17,15,10,10,9,17,15,9,9,11,12,17,9,10,15,10,15,15,17,11,11,17,17,17,10,10,9,17,17,12,9,10,11,9,11,11,15,15,15,17,11,11,9,10,17,15,12,17,15,12,17,17,17,15,9,9,11,9,12,12,15,11,10,17,11,10,9,9,10,17,17,15,10,10,12,11,12,10,15,11,10,9,9,10,12,11,12,9,11,12,12,9,15,10,17,17,11,9,17,17,15,11,17,12,10,9,15,10,15,12,9,11,12,15,15,11,9,15,11,10,15,9,10,10,10,10,11,11,11,11,9,12,17,11,11,15,9,10,10,15,17,17,15,11,15,15,10,12,9,9,11,12,15,11,17,11,12,11,9,15,12,10,15,15,11,12,11,12,10,9,12,17,17,17,11,9,9,9,15,11,11,12,10,15,11,10,17,15,15,11,15,15,11,17,10,10,11,15,17,15,17,17,17,15,11,12,11,12,17,12,11,17,15,11,17,15,12,15,15,11,10,11,10,9,17,17,12,11,12,11,9,11,11,10,11,15,12,17,15,12,12,10,15,17,10,15,17,11,11,9,12,17,17,15,9,11,17,17,12,15,12,11,10,9,17,11,11,10,11,10,11,10,15,17,10,17,17,10,10,10,10,9,12,17,10,9,11,11,9,15,12,9,12,9,9,15,17,10,10,15,11,15,12,17,11,9,10,11,11,11,12,11,11,10,10,9,12,11,11,15,10,15,15,9,15,15,10,11,12,17,10,17,17,17,11,15,9,10,17,10,17,12,11,15,11,9,15,11,10,15,17,12,12,11,10,9,12,15,9,15,15,10,10,15,10,15,10,17,15,15,11,10,15,9,15,10,9,9,10,10,10,10,9,12,9,10,9,12,11,17,17,12,10,11,12,17,11,17,12,11,17,10,12,11,11,10,12,11,10,11,10,12,12,15,11,15,12,12,10,10,12,15,11,15,12,17,10,17,9,11,10,10,15,10,9,15,15,17,12,11,12,15,17,11,9,10,9,9,9,15,15,10,11,10,10,12,9,10,10,17,17,17,11,11,9,12,11,12,10,10,10,11,15,17,11,17,11,10,10,15,15,11,11,9,9,15,9,17,12,11,10,9,17,9,10,9,11,12,10,9,10,15,15,9,11,11,12,11,9,11,10,10,11,11,15,12,17,9,10,9,11,10,15,15,9,9,11,11,15,12,12,12,17,9,17,17,17,10,12,10,11,17,9,17,9,17,12,10,9,15,15,15,17,11,11,9,17,17,12,11,9,9,17,17,11,9,12,10,11,12,17,9,9,9,11,11,17,12,11,11,11,15,15,12,11,12,17,17,17,11,10,9,17,10,11,17,9,15,15,10,12,12,17,12,12,9,9,9,10,11,15,9,15,9,17,9,12,9,12,17,10,12,10,11,11,15,9,11,9,9,9,9,11,12,9,10,17,12,10,11,17,17,15,10,15,15,15,12,9,12,17,12,12,11,9,9,10,11,12,11,10,17,15,11,17,17,12,11,9,11,10,10,15,17,11,10,11,12,15,11,10,11,12,15,10,17,15,11,9,11,10,9,12,9,11,12,15,15,15,11,15,12,9,17,9,9,12,11,12,11,17,17,15,15,10,15,17,12,11,15,9,11,10,10,10,10,10,15,17,9,12,12,15,15,11,15,15,15,17,9,11,15,12,11,11,15,15,11,15,10,17,9,12,15,10,10,17,9,9,11,17,11,12,15,17,11,12,17,10,9,17,11,11,11,11,15,11,9,11,12,10,12,11,11,15,15,11,9,17,15,11,17,15,10,11,9,9,17,9,9,10,11,10,15,12,12,10,10,9,10,17,9,11,9,17,9,9,11,15,12,15,15,17,11,9,9,10,11,10,12,9,15,15,17,11,9,9,9,15,9,15,15,9,11,9,10,10,9,9,10,9,10,11,15,15,10,9,9,9,11,15,11,9,17,15,12,10,9,11
pred_correctness
False,False,True,False,True,True,True,True,False,False,True,False,False,False,True,True,True,True,False,False,True,True,False,False,False,False,True,False,False,True,False,True,True,True,True,True,False,False,False,False,True,True,False,False,False,False,False,False,False,True,True,False,True,False,True,False,False,True,False,False,True,True,False,True,False,True,False,True,True,False,True,False,True,False,True,True,False,True,False,False,True,False,True,False,True,True,True,False,True,True,True,True,True,True,False,True,True,True,True,False,True,True,False,True,False,True,True,True,False,False,True,False,True,True,False,True,False,False,False,True,True,True,False,False,False,True,True,False,True,False,True,False,False,False,False,True,True,True,True,True,False,True,False,False,True,True,False,True,True,False,True,True,False,True,False,False,False,False,True,False,False,False,True,True,True,True,True,False,True,False,True,False,True,True,False,True,True,False,True,False,True,False,False,False,False,True,False,True,False,False,True,True,True,False,False,True,False,False,True,True,False,True,False,True,False,False,False,True,False,False,False,True,False,False,False,False,False,True,False,False,False,True,False,False,True,True,False,True,True,False,True,False,False,True,True,True,False,False,True,False,True,False,True,False,True,True,True,False,False,True,True,False,True,False,True,True,False,False,False,True,True,False,True,True,False,False,False,False,False,True,True,True,True,True,False,False,True,False,False,True,True,True,False,False,True,True,False,False,True,True,True,False,True,True,True,True,False,False,True,False,True,False,False,True,False,True,True,False,False,True,True,True,False,True,False,False,True,True,False,False,True,True,True,True,False,False,True,True,False,False,True,True,False,False,False,False,True,False,True,False,True,True,True,True,True,True,False,True,True,True,False,False,True,True,False,False,True,True,True,True,True,True,True,True,False,True,False,True,False,False,True,True,False,False,True,True,True,False,False,False,True,False,False,True,False,False,False,True,True,False,True,True,False,True,False,True,False,False,False,True,True,True,True,True,True,False,False,False,False,False,True,False,True,True,True,True,False,False,False,True,False,True,True,True,False,False,True,True,True,True,False,False,True,False,True,True,False,False,False,True,False,True,False,True,True,False,False,True,True,False,True,False,True,False,True,True,False,False,True,True,False,False,False,True,False,True,False,False,True,True,False,True,False,False,True,True,True,True,True,False,False,False,True,True,True,True,True,True,False,True,True,False,True,False,False,False,True,True,False,False,True,True,False,False,True,True,True,False,False,True,True,False,True,False,False,True,False,False,True,True,True,True,True,False,True,True,True,True,False,True,True,False,False,False,False,True,True,True,False,True,True,False,True,True,True,True,True,False,True,True,True,False,False,False,True,True,False,True,False,False,True,True,False,True,True,True,False,True,False,False,False,False,True,False,False,True,True,False,False,False,False,False,False,False,True,True,False,False,True,True,True,False,True,True,False,True,False,False,False,True,True,True,False,True,True,True,False,False,False,True,True,False,False,True,True,False,True,False,False,False,True,False,False,False,True,True,True,False,False,True,True,True,False,True,False,True,True,False,False,True,True,False,True,False,True,False,True,True,False,False,True,True,False,True,False,True,False,False,True,True,False,False,False,False,False,False,True,True,False,False,True,False,True,True,False,True,True,True,False,False,True,True,True,True,False,True,True,True,False,True,True,True,True,True,False,True,False,False,False,False,True,False,True,True,False,False,False,False,False,False,True,True,True,True,True,True,True,True,False,True,True,False,False,True,False,True,True,True,False,False,True,False,True,True,False,True,True,True,True,False,True,False,False,False,True,False,True,True,False,False,True,False,True,True,False,True,False,False,False,True,False,False,True,True,True,False,False,False,True,True,False,False,True,False,False,True,False,False,False,False,False,True,False,False,False,False,False,False,False,False,True,False,False,False,True,True,True,False,False,False,False,False,False,False,True,True,True,False,True,False,True,False,False,True,False,False,True,True,True,False,True,False,True,True,True,False,False,False,False,True,True,False,False,False,False,True,True,False,False,True,True,False,True,True,True,True,False,False,False,False,False,False,False,True,True,True,True,True,True,True,True,False,False,True,False,True,False,False,True,False,False,True,False,True,True,True,False,True,False,False,True,False,False,False,False,True,True,False,False,False,True,True,True,True,False,True,True,True,False,False,True,False,True,False,True,True,True,False,False,False,False,True,False,False,True,True,False,True,False,False,False,False,False,True,True,False,False,False,True,True,False,False,False,False,True,True,True,False,True,False,True,True,False,False,False,True,True,True,False,False,True,True,True,False,False,False,False,False,False,True,True,True,False,False,False,True,True,True,False,True,True,True,False,False,False,False,False,False,False,False,False,True,True,False,False,False,False,False,True,True,True,True,True,False,False,True,True,False,True,False
p2d-kl
0.7618098258972168
p2d-iter
599
p2d
0.68696755,-1.5908914;-0.58295083,-1.414653;-1.1707393,1.7200594;1.3300906,-0.9774083;-0.6993968,-0.17404212;-0.044383682,0.53638124;0.28597927,-0.92577785;-0.18736315,-1.1825203;1.6688113,-0.517541;0.17676549,-1.5229611;2.0456789,-0.39420485;1.0318403,-0.4329593;-0.314886,0.6242309;-0.6645987,1.0187458;-0.65421563,0.91004884;0.5637484,0.20697479;1.1051837,-0.99848306;-0.0612865,0.2701694;0.04640641,0.46582043;-0.36399883,0.2631428;-0.33201188,0.73232645;1.6465712,-1.216251;-0.28722695,-1.1732022;-1.4317902,1.3181065;-0.5001013,0.41333187;0.6468586,0.41332284;-0.079356305,1.0748928;-1.6176449,1.8602343;-0.47602534,0.25446963;-0.6444694,-0.19834529;1.7012439,-1.2185465;1.6151619,-1.1760483;-1.0332186,1.8034047;0.034533173,1.0431231;-0.44410208,-0.42728025;1.840537,-0.83811826;-0.384264,-1.2403696;-0.2427873,0.25189203;-0.93811846,0.9916246;1.1733415,-0.45808926;0.11114238,-1.5794541;-0.7686815,0.25242287;-0.63185894,0.7184734;-0.5122246,1.0378821;-0.6449607,0.9856448;-0.30969492,0.72739154;0.9809555,0.34642076;0.08901445,-1.0087459;-1.6920967,1.7007025;1.0696744,0.317902;1.7434342,-0.2811702;1.763919,-0.38151252;-0.63556784,0.5164468;-0.12632741,0.5402845;0.423962,0.31635952;-0.627525,-1.3772358;-0.64718986,-0.0042268927;-1.3043597,1.1828727;0.35531065,0.4238931;1.6380311,-1.1217408;1.7340378,-0.9563996;-0.4707919,-1.0124593;0.2511867,-1.623732;-0.75625163,0.26429388;0.29584077,-1.3456564;2.2397194,-0.44230783;-0.16591316,-0.99669635;-1.4560391,0.99780697;-1.3011131,0.7610318;-0.4035697,-1.205082;0.376125,-0.05969702;1.0097888,-0.1281038;-0.34528482,0.24672122;-0.84160286,1.0162512;0.70695984,-1.470216;2.2490788,-0.46168667;0.9046411,-0.24500929;0.6369752,0.20072483;-0.9647977,0.8574597;-0.9256752,1.0998626;1.1490467,-0.99014735;0.664356,-1.2391418;-1.2781346,1.3625243;1.8506448,-0.43667704;1.9720007,-0.45619047;1.1285179,-0.9814574;1.2589141,-1.033051;-0.8600391,0.96030337;0.14644161,0.641874;-0.3276309,0.5228314;0.05384375,-0.6727773;0.6048833,-1.4661608;-1.1761367,0.12898183;0.05654133,-1.0714366;-0.2813941,-0.07425312;2.240479,-0.51748896;-0.32243901,0.6957369;-0.026565813,1.0222028;-1.3300265,1.4393723;0.30093265,0.5271999;-0.74649686,0.42170522;1.1754926,-1.6284668;-0.005658706,-1.3805608;-0.10219086,-0.05312552;-0.6883543,0.93928844;1.6796856,-0.56708694;1.7393984,-0.33218676;-1.3051803,1.7793036;-0.19231994,-0.04096043;-0.25361368,1.0313747;0.08621448,-1.5450915;-1.625937,1.8639661;0.23814833,0.5567004;0.119100094,0.46256885;-0.86649954,1.7913308;1.0730987,-0.3596912;-0.7708514,-0.18997504;1.2099108,-1.5795285;-1.4229875,1.8440658;1.0615836,-0.6229223;1.1196463,0.37864733;1.1114167,-1.5925475;-1.3492726,1.8696707;0.2886046,-1.3821309;-1.7705702,1.5203568;2.066038,-0.58920956;0.3736645,-0.5748495;0.975768,-0.2927445;-1.2725708,1.3367475;-0.45962155,-0.036296893;1.215113,-0.8694309;1.1202978,0.083990306;-1.2969651,1.8160113;-1.5725105,1.7596272;-0.70864075,0.99188304;-0.40283066,-0.38273713;-0.16893698,-1.4452801;-1.2324464,1.4628755;0.7403266,-1.4584707;0.99059653,-1.5060523;1.1095929,-0.52438235;1.4083338,-0.33786592;-0.11063596,-1.4640458;-0.05967469,-0.66705966;-1.7597777,1.670302;0.6788669,0.382298;-0.7389719,1.2220515;-0.23210372,1.0236282;-1.6005033,1.9060313;-0.2089693,-0.08887872;0.45052284,-0.15548533;0.59285533,-1.2515558;-0.037279148,-1.4973111;-0.62279844,-0.90983754;1.6924968,-0.3409229;-1.2438103,0.17920116;-1.1065336,0.99143004;-0.5432381,-1.2842737;-1.3567909,0.8170902;1.669417,-0.4230299;1.8481978,-1.0233567;-0.45441782,-0.4714208;-1.3313725,1.0481511;-0.87796783,0.78113556;1.0065963,-1.5490566;1.1665946,-0.7743228;1.2421546,-0.8176744;-0.37206334,1.0306046;-1.2028885,1.596693;-1.2176882,1.5252159;2.0705783,-0.55938953;1.1360365,-0.50093406;1.2370453,-0.75773954;-0.054811493,-1.0418626;-1.3138587,1.072614;2.0455444,-0.55029845;0.3969583,0.36279505;0.91572064,0.3679303;-0.9587893,1.1504726;0.28686485,0.47486654;1.5694457,-0.41071022;1.6102775,-1.0512466;1.7110504,-1.2052593;0.1628594,0.7676567;-0.63311446,1.2907566;-0.14747865,-0.4938189;1.0565355,-1.5010059;-1.553814,1.4244406;-0.7101305,1.7127626;-0.20934525,0.6206456;1.7288167,-0.9773724;2.0390818,-0.45628372;0.17997621,-0.81091714;-1.3882387,1.2802976;1.0777365,0.030525485;1.1714464,-0.579149;-0.62575674,1.0730407;-1.1262212,-0.044674527;-0.7804284,1.7208109;-1.3978096,0.9930479;1.6881922,-1.1887213;1.6785514,-1.26745;-0.06076475,0.91949147;-0.19775727,0.9870815;0.8705243,0.25583664;0.6772471,-1.5960237;0.22011025,-0.5590235;-0.51436836,0.7306805;-1.5664154,1.2622994;-1.3242502,1.6636243;0.547259,-1.1541431;-1.1429249,1.199054;-0.4622323,-1.3542844;0.6037915,-1.4834268;-1.7536917,1.9105484;1.7883953,-0.3134491;0.12514281,-0.90683746;-0.40440685,0.71824723;-0.11001791,-0.9719788;0.14906129,-0.93223554;0.054266937,-1.3254942;1.4935719,-0.34574223;-0.8562116,1.7014446;-0.57574713,1.1112754;-0.7162391,1.2139513;1.6908567,-1.2800069;-0.3556552,-1.0730591;0.35052603,-1.0990709;0.06567316,-0.68402654;-0.603967,-0.8701408;-0.40067467,-1.0888405;-0.589726,-0.17933376;1.2187841,-0.80861497;1.4356054,-0.9687964;-0.2767681,-1.1396277;-0.75076723,0.48793864;1.1624904,-1.6291152;-0.85478395,1.6724272;1.0769924,0.41090062;-0.8254502,1.486799;1.75383,-1.0105792;-0.9344333,1.7547687;0.18368535,-0.4049746;-1.2670332,1.1656455;0.09361097,0.6537537;2.2348201,-0.49772045;0.1942207,-0.4062658;-0.5333955,-0.30018345;-0.35480776,0.52551544;-0.618486,1.6482267;1.1302118,0.328526;0.6034223,0.46603268;-0.33550876,-0.48933837;-1.4710392,1.3212686;0.030472405,0.8997829;-0.7498819,0.44858935;1.695222,-0.20655544;-1.056372,0.32449728;0.43573108,-0.56710064;1.2744371,-0.573047;0.43967265,-0.07996282;-1.2428463,0.59449947;-0.11633543,-1.2845192;1.4189272,-0.9270384;-0.40104997,-0.11784466;0.43955067,-1.0471702;-0.24258533,0.18986793;-0.6111175,1.712813;-1.41237,0.9916065;-1.6098173,1.6370293;-0.6692282,-0.24302824;0.18249328,-1.6742182;0.80919915,-0.15097097;-0.42401186,1.0393504;0.6419976,-1.2242799;2.0657806,-0.44631907;0.047804922,-0.3131161;-0.80936784,1.0580468;1.7914283,-1.0400105;-0.11191975,-0.91112554;0.12026832,-1.552325;-1.0700977,0.29675946;-1.0213375,0.57165396;-0.8742387,1.6752801;-0.57685816,0.24968755;1.8752536,-0.830585;0.09766048,-0.87740815;-1.2868743,1.1392326;0.3759416,-0.47270367;1.1895316,-1.5645976;2.2717524,-0.49027658;-1.0981392,1.711518;-0.7952332,0.94614005;-0.34378725,0.63179415;0.6061916,0.24835715;1.114383,-0.9602731;-0.13116308,0.24226797;-0.38015735,-0.053765886;-0.7410654,-0.7255774;-1.332978,0.9749779;1.3025962,-1.6062406;-1.1209791,0.4886004;0.97234416,-0.25386935;1.4500003,-0.8885685;2.025003,-0.5928393;0.53653294,-1.1624187;0.7641418,-1.4854213;0.7603206,-1.5379657;1.0936756,-1.5400554;-1.2979307,1.8475486;1.1971107,-1.0705079;-0.80180895,0.7010458;0.22705294,0.06839261;-0.9398365,1.0376647;0.40279102,0.26461843;1.1223377,-0.57591623;1.1457067,0.21707739;0.9716747,0.0034325894;0.5811246,0.41749075;-0.65482605,1.4257696;1.2134581,-1.0789917;-0.03155697,-0.49541172;0.055941634,-0.5416687;0.7712419,-0.069837004;-0.80342996,0.68997395;-0.61752826,-1.4011228;-1.4291178,1.6845065;-0.42995858,0.23410416;-0.6847182,-0.21022296;-1.7761109,1.8294016;0.4204996,0.29244754;2.0530777,-0.59850883;-0.42833707,-0.8992811;1.1849868,0.17169333;-0.08286451,0.2712372;1.1833848,-0.62420547;1.5267487,-0.37110534;0.19038409,-0.87634814;-1.1327252,1.5837299;0.9940698,0.3732869;-0.0018760418,-1.3017964;-0.75019723,0.31889808;1.7543664,-0.53738385;-0.87508523,1.3988742;-1.2294507,1.3189279;1.6498952,-1.1380718;0.030977177,-0.2856172;-0.047598094,0.6552718;-0.38804093,0.63050044;-0.49281296,-0.31343648;0.3997683,-0.10023906;-0.82572025,0.9142473;0.24944718,-0.08823954;-0.50792927,1.1799073;-0.52096117,-0.39481205;-0.4152186,-1.0550237;2.0098557,-0.6892979;1.4986997,-0.349841;-0.66223264,0.3504592;-0.9910572,0.5233938;0.46011746,-0.52025574;1.2345706,-1.5955185;0.3079543,-0.86447597;0.39230174,-0.6564434;-1.4049087,1.0365822;1.2557111,-0.90136915;0.033082437,0.18054524;-0.15131295,0.55163413;1.6372868,-1.3392814;-0.25068218,0.28207242;1.6723679,-0.97098386;-0.048480585,-1.3239828;-1.0629737,1.0119488;-0.025284778,0.18141553;1.0869038,-0.55649203;1.1006908,0.4215919;-0.17880556,0.2829804;-0.5389026,0.13850623;0.7659127,-0.13494046;0.4660092,-0.22508733;-0.62139624,-1.4617399;-1.1750114,0.094230175;1.6402276,-0.43419984;1.0773463,-0.6253027;0.6118363,0.23315383;-0.4910314,-0.35202017;-0.3356919,-0.008372722;1.041435,0.19159326;0.14395995,0.67039835;1.635296,-0.30527413;0.040938515,-0.17340246;-0.6969186,0.8005966;-1.3575177,1.3191069;-1.2975202,1.0983871;-0.47931483,-1.2164279;2.0858002,-0.6043939;-0.64386356,0.46919778;1.215905,-0.5484476;-1.58045,1.4194623;-0.6964213,0.1338378;-0.74515855,0.44179973;0.36703384,-0.8818425;-0.81533307,0.62822634;-1.6119206,1.9124657;-1.3212043,0.7860289;-0.19608091,1.0611931;1.0485649,-0.6500177;0.9255242,-0.15227215;-1.7238584,1.6866707;-1.5395118,1.6853384;-1.2463214,0.18794912;-1.1112286,0.9818815;1.0569971,-1.5789156;0.07712932,-1.3766426;1.7492454,-0.48852077;1.7704289,-0.3035207;0.52408737,-1.3030611;-0.6525152,-0.008005687;-0.25166383,0.046697512;-0.31442586,-0.1163827;0.43615857,0.26790383;-1.1306175,0.49574918;0.04630207,-1.4901851;-0.36587104,-1.2873622;-1.5357745,1.0608579;-0.057926115,-0.5762777;0.05070116,-0.5566982;0.9759604,-0.38708305;-0.87585384,1.0156634;-1.1836234,0.19248202;2.052144,-0.44572678;0.32013634,-0.4732785;-0.40362248,1.0556089;-0.5296494,0.7654821;1.7433839,-1.2571813;0.3802537,-0.5145493;-0.06078149,-1.0150231;-1.429239,1.2831789;-1.420538,1.2502458;0.21500206,0.020259308;0.4338892,-0.103694655;0.67700136,-0.35163942;0.45705408,-1.1583422;0.72162706,-1.3172587;-1.0921395,1.0038443;-0.7596507,0.4933494;-0.52699465,-1.2661852;-1.0360234,1.6792952;-0.2985382,0.07106956;0.2742776,-0.13168329;-0.74513227,-0.20422758;-0.004613538,0.85550356;0.11692344,-0.24278231;0.06221293,-0.37466368;0.7419397,-1.3678952;2.0393724,-0.39704013;-0.25767237,1.0007609;-0.7732093,0.87804806;-0.6937632,0.64126885;-0.7108014,-0.69684017;-0.018499605,-1.5310538;-0.6367951,0.9130348;1.7447469,-0.42855677;1.0485339,0.3889186;0.9916602,-0.19983664;0.48811865,-0.5417002;-0.36656067,1.04591;-0.36105835,-0.48432404;-1.7616903,1.8011279;0.9504531,0.022059897;1.6354699,-0.17814954;-0.5283869,-1.1182617;0.16600356,0.7818914;-0.54755986,0.07918278;-0.9688176,1.7928249;1.1281036,-0.5615176;-0.5736316,-1.3676845;-0.89829147,1.5919319;0.73864067,-0.19484554;-1.7094768,1.792544;0.67169625,0.38881972;1.6045961,-1.1209536;1.7133566,-1.0947977;0.07011637,-1.3254572;-0.0975317,0.18205418;-0.7433051,0.41106406;0.4889498,-1.4741803;-1.157708,1.6690634;-0.11805525,1.0193336;-0.9407098,1.669983;2.2715707,-0.5156067;0.013721005,1.044906;-1.1492597,1.1966739;-1.438782,1.3847896;-1.5985315,1.8166382;-0.20133115,1.0437534;0.4814874,0.3898734;-0.15986943,0.9528421;0.08962833,0.84769374;0.26145098,0.46074474;2.2436283,-0.48044768;0.31820437,-0.57279027;-1.4989618,1.3146024;-1.139282,1.4922229;-1.5005043,0.99612767;-0.71065396,-0.23094389;-1.1560761,1.0899476;-1.2979094,0.5438464;-1.4472095,0.83090264;-1.3256642,1.4324982;1.6972266,-0.12811667;1.6982634,-0.1991596;-0.71307135,1.0206976;-0.49925798,-1.185759;-1.1832248,0.029826107;1.3388559,-1.6410106;-1.5352609,1.4543203;-0.11804033,-0.59021837;-1.010258,0.5200949;-0.14865683,0.02408077;-0.43602067,-1.0613745;0.8604947,-0.26874086;1.3831555,-0.31620863;-1.3176979,0.9927704;-0.22414532,-0.01948155;-0.3147046,0.72157586;1.648551,-1.2343596;-0.1509397,-0.067017734;1.0616432,-0.39690572;1.731265,-0.9030191;1.2743145,-0.8009785;1.0369985,0.0743998;-0.6525568,0.9461909;-0.8968033,0.967796;-0.7598074,0.17229205;0.47126204,-0.5335042;-1.5185751,1.3006312;-0.35767898,-1.289512;1.0548304,-0.21733452;-1.6368822,1.6799725;1.1833111,-0.65559024;-0.0318119,0.91059756;-0.5961709,0.6068775;-0.90853745,0.57220423;-1.4310166,1.7899547;0.3658666,-0.49986875;0.10171646,-0.38399196;-0.95274913,1.5080361;0.9517325,0.35591096;1.0025046,0.31100258;1.7159052,-0.14688262;-0.47851285,-1.3220826;0.15875041,0.62112194;-0.6197836,0.4410822;-0.73660606,1.2741342;-0.21648368,-1.2608721;0.9817568,-0.45115227;-0.089384176,0.95873326;-1.775948,1.4968383;0.2974787,-1.5575738;0.431764,-0.5216127;-1.6864097,1.8068581;-1.4867749,1.4314208;-1.3175651,1.6844784;-1.5092903,1.5843849;0.53322446,-1.24183;-0.6259752,-0.13256593;-1.1538458,1.5782015;1.0470457,0.095184945;0.37447494,0.43629375;0.442037,-0.1321551;-0.37605017,0.69706047;0.017342677,-0.26917192;1.478012,-0.942825;0.8698276,-0.16244833;0.6922913,-1.5928308;-1.6408093,1.8417596;-0.5342729,-1.364349;0.54156286,-1.4795376;-0.6174274,-1.3031962;0.46526143,0.27511486;0.60517067,0.39731777;-0.7662163,1.1747559;0.2721226,-0.5822511;-1.6829233,1.8313513;1.695537,-0.12722711;-0.6707088,0.73878396;-0.47037944,-1.2269598;-1.3894649,1.4510369;-1.4409043,1.2638199;-0.40204236,-1.0654689;1.6089164,-1.0599569;1.0972672,-0.66791135;0.71344805,-0.0786643;0.1921307,-0.59670347;1.2720392,-1.6542388;0.010494896,-1.404187;-0.22704367,0.06730443;0.054202553,-1.2297997;-0.81051505,0.6016247;-1.2471919,0.20085074;-1.3536106,0.8493267;-0.749406,1.1420127;-0.61192477,-0.24930675;1.9963145,-0.70303756;0.3816668,-0.046515092;0.8060958,-0.048569977;0.7421389,-0.1699439;-1.1821094,1.2943305;-1.5386417,1.3830673;2.1120715,-0.52378595;2.0431297,-0.4922863;-0.6433634,1.6112549;1.0053476,-0.5729871;1.0505065,-1.5321021;0.15114115,-1.5914872;-0.040393252,-0.34464335;-0.8582842,1.728153;-1.4601277,0.9024738;1.697575,-0.5518316;0.40304178,-1.028945;-1.7461611,1.7026017;0.99512225,-1.556113;-0.8242878,-0.31767383;-1.49141,0.9596254;0.86942506,0.25522462;-0.6039175,-0.6887586;-0.43186098,-0.06727409;-1.5765797,1.5454348;-0.7228348,0.37408012;0.53323716,-1.2418215;-1.4589311,1.6374787;-0.7446648,1.3753929;-0.45786482,-0.3584822;0.08537013,-0.6914142;1.1733416,-1.027726;-0.5370527,0.4422225;-0.98607266,1.497388;-0.07432625,0.09199092;-0.16947295,-0.9512593;1.204998,-1.0945987;-0.5022942,0.419613;1.0677038,0.4656349;-1.2815971,1.5564924;-0.639064,1.5799953;0.1356993,-0.29864785;0.04379989,0.5009201;-0.07217103,-1.4891857;0.15420659,-1.4527009;-1.5387203,1.650577;0.5639191,-1.2501416;0.354214,-0.9355628;-0.43691593,1.082062;0.26903743,0.5133929;-1.1576132,1.7694796;1.3063967,-1.6215278;-0.78346795,-0.34179476;0.7806106,-0.18762508;1.1809952,-0.7107031;0.102347374,-0.3252232;-0.07856954,0.5482065;0.10791936,-1.3320987;-1.0667789,1.373969;1.0907042,0.1383135;-1.1127335,0.15500484;-0.3623713,-1.0835764;0.82173157,-0.26726052;1.4716638,-0.9610089;-1.2493275,1.512498;-0.6733177,0.66849625;1.1156583,0.34894243;0.029192444,-0.0010992247;0.9465829,-0.3997605;-0.895392,1.7279435;-0.41596323,0.1912808;0.71324384,-1.588144;-0.64756674,-0.84196883;-0.25207484,-1.1719079;-1.712477,1.6575739;0.48524395,-1.477088;-0.6503608,-0.2556166;-0.3391573,1.004278;0.033253007,-0.22771159;-0.8390227,1.7939373;-0.5492602,0.07429641;1.2535605,-0.6527157;0.75681293,-1.5727376;-0.4335683,-0.8567307;0.24688463,-1.5712839;1.4045182,-0.30812755;0.42114368,-0.05735964;0.17344138,-1.286373;-0.09719046,-1.5547284;-0.6245953,-0.915269;1.2542664,-0.7327957;0.37554112,-0.9902869;-0.6200189,-1.4900211;-0.7293317,-0.7052422;-1.2754747,1.4596032;-0.8300444,1.1094642;1.7344601,-0.9656606;1.690511,-1.1302509;-0.40237996,-0.8493638;0.83684367,-1.4197739;-0.3465855,-0.97001314;1.2748669,-0.98197824;1.2828388,-0.7922906;0.22299437,-1.5339197;-1.0489645,1.368571;-0.038684085,0.14909178;0.4571613,-1.0788531;0.2436718,-0.82307243;-0.705185,1.2281368;-0.7460964,1.3890352;-0.6116839,-0.70310444;0.3972753,-0.028245565;0.65676224,-0.32615814;0.88241345,-0.12640256;1.8124716,-0.4326034;-0.515133,-1.0833197;0.44226432,-0.15571451;-0.83855647,0.3293943;0.07881742,-1.4428972;-0.50027055,-0.83236074;-1.0166821,1.141698;1.045365,-0.33269158;1.6533527,-1.3076844;-0.80151004,-0.34509888;-0.6625798,-0.16428918;-0.40508378,-0.36112142;-0.62888837,-1.422325;-0.22302935,-1.2923725;-0.45327103,0.75588477;1.7799085,-0.5155502;0.6529275,-0.31229234;1.8516806,-1.0310602;-0.4868152,-1.1450337;0.87403244,-1.4646089;0.81435317,-1.4272245;-1.7238518,1.8824859;0.50474435,-1.1222057;-0.17487177,0.20555784;0.22021443,-1.44046;-0.8833356,1.6335051;1.2279042,-1.6226041;1.8710163,-0.86294305;-0.018129732,-1.045035;-1.4870921,1.8792855;0.035251055,-1.4877964;-0.21932109,0.59916854;1.8604294,-0.81837255;-1.4024625,1.3624014;-0.626623,0.7207836;-1.5420438,1.5377011;-0.81421953,1.2328554;1.2908287,-0.9908756;0.46451992,0.2993832;-0.40196016,-0.8786896;0.6075796,-1.1915064;1.1302241,-1.5683517;0.250321,-1.609596;0.6673389,-1.4828835;-1.4691517,0.9244216;-1.0157164,0.33693904;-0.10128369,0.22060381;-0.44119346,-0.3643958;-1.3465476,0.93330115;1.8679876,-0.44675708;-1.0890143,1.533862;-0.49846244,-1.2958124;0.56303966,-1.1792892;-1.0553576,1.1689007;0.9692563,-0.012485051;-1.5823833,1.9379792;-1.6441658,1.4818598;0.08393959,-0.24443965;-0.024118943,-0.5431522;-0.116553165,-0.49828622;-0.712182,-0.75277835;-0.485333,-1.0210416;1.8469394,-0.97942287;1.681871,-1.0367016;1.4982035,-0.32210115;-0.14677121,-1.1299781;-0.2505515,-0.124318995;0.17324504,-1.5964679;0.91285133,-1.4733379;-1.6665754,1.4927806;-1.2507601,1.3645619;0.07624643,0.42358923;1.1922271,-0.6312773;-1.4597644,1.082524;-0.66028607,-0.8165288;0.30879286,0.44324282;-0.6558904,1.6129663;1.6527921,-1.2606798;-0.44103646,-0.95118207;-1.8097605,1.7632968;-1.017576,1.2866951;0.003359724,-1.0340484;1.2645973,-0.9340784;-1.1899146,0.22826846;-1.5320504,0.9506344;0.18291825,-0.19990608;0.9849481,-0.48707408;1.1698784,-1.007284;-0.74280083,0.8532956;-1.0379745,0.27780086;-1.1417239,0.13275416;-0.7886127,1.6465534;0.4571724,-0.53547233;-0.5598145,1.1957948;1.2690499,-0.54994637;-0.17364787,0.5188275;-1.0475087,1.5154824;1.8648025,-0.86944425;-0.54789436,-1.0491368;-0.019389695,0.8428259;-0.38307208,0.31239632;-1.2312307,0.49528843;0.3284974,-0.9574802;-0.79590434,0.46516952;0.37905353,-1.4475027;-1.0957608,1.6032342;-1.1315453,0.03500163;1.0442195,-0.32648864;-0.6958231,-0.7822492;-1.6804385,1.8901001;-1.3431588,1.8440578;-0.0500279,0.29330173;0.42135307,-0.04142011;-0.44592175,-0.39984992;-1.3425366,1.1244868;-0.78079456,1.7049778;-1.7870082,1.6424412;0.65856993,-1.5992155;0.5507753,-1.48827;-1.1222055,1.3827263;0.92157406,-0.31245548;-0.49932414,0.5184057;1.1049454,-0.95476454;-0.31264362,-0.070582874;-0.27371547,-0.0240729;0.6189615,0.32378826;-1.3573816,1.7897166;1.8432372,-0.80961293;0.58916205,0.50470626;0.92921335,-0.2109698;0.2585246,-1.3520663;-0.5762432,0.22430003;0.7011764,0.37209892;-1.1906791,0.479787;0.33921352,-1.0464759;-1.1580719,0.22214137;-0.8452863,0.31761774;1.7301673,-0.26493618;1.0965092,0.3746223;0.07382316,0.86183083;-0.10672768,0.9062362;0.9529253,-0.11356591;1.2795672,-1.6300149;-1.0588669,0.4786409;1.0603529,-0.6899118;0.43913263,0.36345494;-0.04363942,0.70161873;1.2396187,-0.8889224;-0.5693636,1.0580177;-0.7311761,1.3328993;-0.6721999,-0.19081369;0.1693265,0.5557953;-0.63413614,-1.451241;-0.2500906,-0.04001548;-1.0474685,1.5533855;-0.51305234,0.76867074;1.3111241,-1.0131054;0.39618313,-0.08325548;-0.69307333,1.6940017;-1.5185709,1.8826153;-0.7440226,1.0149821;-0.7975632,1.4574301;-0.23896159,1.0838798;1.7597643,-0.52198553;-0.77249163,-0.26316294;-1.1540219,1.6543403;0.14842194,-0.24345405;-0.7563711,0.5166415;1.1330588,0.29432654;1.6707952,-0.39369363;-1.7246807,1.5680391;-1.7150054,1.6486808;1.124719,-0.58303505;1.0257702,-0.36193213;0.24053352,-0.008453496;0.11516711,-1.2822278;0.17713943,0.6112121;2.0696914,-0.62298036;0.36439052,-0.608257;0.7059082,-0.3804986;-0.15178576,0.085455745;-1.7489935,1.5100443;0.07952075,-1.5684241;-0.047145918,-1.4712251;-0.344536,0.23162985;1.2173294,-0.50555253;-0.039198164,-0.45213604;0.36015216,-0.97823894;-0.0067570764,-0.58463424;-0.20640808,-0.0754798;-0.16437861,-0.92167187;-0.44332808,0.13083854;1.8443103,-1.000826;1.8371627,-0.85315937;-1.1832762,0.0065923696;0.71712136,-1.2827997;-0.20881587,-0.1620111;0.015319442,-0.13313964;-1.0247756,1.5126574;-0.80275285,1.105738;-1.2410439,0.60347235;-1.1025361,-0.11499391;-0.66166216,-0.2694197;0.96142375,-0.59786934;1.4232962,-0.9605436;-0.326423,0.5845965;-0.11582787,0.9823537;0.39455953,-0.99751043;-0.34008694,-0.9935305;-1.1048156,1.7956278;-0.4211287,0.15860915;-0.5735901,-1.3299847;0.13666199,-1.5656737;-1.8163961,1.6891159;0.023002854,-0.0030519143;-0.8396197,0.839685;-0.7694299,1.4389976;-0.20449816,-1.2615346;-0.5712176,0.70556617;-1.3584073,0.9764641;0.97478855,0.23895968;-1.113768,0.223661;-0.2032464,1.0677052;0.8857587,0.022319986;-0.5097416,-1.0721525;-1.0899265,1.6289376;-0.39924893,-0.12852758;2.0411398,-0.62369484;-1.4162741,0.8550836;-1.0952941,1.810104;-0.5222742,0.17356752;-0.115014255,1.0225674;1.7631389,-1.0670484;0.5621072,0.226674;-0.012476507,-0.1958301;0.89733714,-0.17870389;-0.4556667,0.2654108;0.05906531,-1.5455781;0.90840846,-1.4714711;-1.698352,1.8410171;-0.6331489,0.44701183;-0.95646966,0.86068636;-0.17091504,-1.2670522;0.57528096,-1.505779;-0.84936655,1.6063287;-0.5570799,1.2406125;-0.42753813,0.30959147;1.1445847,-0.64219165;-0.59747773,-1.3577816;-0.75907564,1.7252948;-0.04280843,-1.0744663;-0.80585873,1.4938186;1.3029523,-1.6550692;-0.04606865,-0.5349196;-0.07366084,-0.52737963;-1.1710069,0.49620342;0.2026272,-0.94728994;-0.6023483,-1.453722;-1.8206438,1.6722946;-1.5054256,1.5005752;-1.354361,1.7502563;0.17227493,-1.3237771;-0.2416624,1.0709059;1.1369365,-1.6106912;-1.1079592,0.28869498;0.24968049,0.03913874;-0.23188195,0.24645656;0.11229249,-0.28141943;-1.5896556,1.7287548;-1.135428,-0.035522625;1.1759199,-1.5901883;1.1240329,-1.5361356;1.255053,-0.92057544;0.47382838,-0.42681724;-0.057894602,-0.08081187;0.32667977,-1.362689;0.99502116,-0.53120035;2.2559025,-0.5192338;-0.010065019,0.50231284;1.0737655,0.36009583;-0.52597636,-0.6356607;0.27799731,-0.901854
p3d-kl
0.635590672492981
p3d-iter
599
p3d
-1.3338109,-1.6912763,-0.3114599;-0.64025944,-2.0057676,1.9168904;1.4595234,1.1666752,1.2055682;-1.4389749,-0.21596146,-1.2107214;0.22638935,0.91318244,1.3121345;0.33746237,0.7208124,-0.23273642;-0.8533916,-0.2976545,0.43100566;-0.7148586,-1.2827395,1.0941314;-0.81346035,-0.68148917,-1.6954983;-0.91823894,-1.7642727,0.16174585;-0.7211431,0.42758197,-1.6748408;-0.7447274,0.21412636,-0.78010744;0.5884936,0.7976374,0.757437;0.97207147,-0.29395062,0.12769236;0.8435763,-0.39344436,-0.14891091;-0.43844876,0.87933487,-0.82608473;-1.4513507,-0.19755203,-0.6215501;0.06363684,0.6898545,0.24456552;0.2149252,0.6118725,-0.39030585;0.31041107,0.26956236,0.5302749;0.6449495,0.8914203,0.50107926;-1.437229,-1.0268804,-1.9076469;-0.63177854,-1.5262663,0.9482291;1.6148223,0.70432013,0.2899214;0.3513497,-0.13253076,-0.13369092;-0.1828728,1.010081,-1.2326504;0.67623967,-0.9403916,0.14549118;1.9776347,1.4459748,1.2878858;0.4249343,0.21839724,0.6953813;0.17661558,0.9121052,1.283895;-1.3944972,-1.1164969,-1.8846761;-1.4080993,-0.83812684,-1.9689112;1.3887815,1.5417868,1.2452503;0.5195354,-0.74181926,0.59813267;-0.1785167,0.5022417,1.3860755;-0.97496516,-0.791354,-2.3468502;-0.56433713,-1.3238636,1.4706388;0.20090598,0.6698874,0.69427;1.1238171,0.38437483,-0.08980839;-0.89663684,0.33929092,-0.5050873;-0.9715991,-1.9658362,0.33818597;0.50381804,-0.45315692,-0.77912986;0.7034883,0.61704934,-0.20349523;0.8771794,-0.051073857,0.54486746;0.925357,-0.36681455,0.047168586;0.63018566,0.9022904,0.49299505;0.06350442,0.10724351,-1.2469294;-0.8326621,-0.54928815,0.888536;1.9724933,1.3472825,0.73078763;-0.016125463,-0.013948152,-1.5034826;-0.5286997,-0.54154193,-2.0194294;-0.6686862,-0.5342499,-2.0431707;0.5307986,-0.35732546,-0.12031417;0.43423417,0.6943571,-0.12378064;-0.22811104,0.92260844,-0.48252782;-0.6062881,-1.9717058,1.8889492;0.151714,1.0354557,0.7857277;1.4335463,0.5724601,0.051073305;-0.05689846,0.9210148,-0.5261987;-1.3267255,-0.8009302,-1.9584683;-1.0602713,-1.0867336,-1.8021579;-0.39919907,-1.4054564,0.87959856;-1.0824345,-1.9614694,0.0041882023;0.4786307,-0.45089504,-0.77794653;-1.1245376,-1.2504803,0.41170925;-0.88038445,0.8814603,-1.9072083;-0.5789946,-0.91897446,0.90528286;1.4600499,1.2268068,-0.266182;1.1236837,1.3710393,-0.020172141;-0.5479918,-1.3260746,1.3684595;0.23543163,-0.9346426,-0.86237556;-0.40970373,-0.18263707,-0.7751954;0.30531913,0.37300184,0.6153546;1.0155512,0.26455495,0.18086345;-1.4886457,-1.4536994,-0.12816224;-0.9087346,0.86513597,-1.9470662;-0.5337712,0.057459515,-0.31923208;-0.4537236,0.700552,-0.98072815;1.0875022,0.88282984,-0.20348476;1.0346887,0.6080957,0.14044394;-1.4743001,-0.18936749,-0.6929793;-1.3474659,-0.7627037,-0.0648081;1.5419501,0.24200237,0.6918105;-0.739866,-0.18258068,-1.7027324;-0.7831675,0.13711232,-1.7448854;-1.4612365,-0.17658624,-0.6431475;-1.5011352,-0.3036796,-1.0585496;1.0184361,0.25703207,-0.055862855;0.24032193,1.2527152,-0.2217257;0.4117935,0.8321675,1.1475253;-0.7109206,0.4204109,1.1617457;-1.4581105,-1.5607611,0.13579203;0.76181644,1.7671919,-0.52245575;-0.8603789,-0.77885514,0.88088703;-0.13015823,-0.2309352,0.62366897;-0.9499902,0.8283325,-1.9975445;0.633989,0.856486,0.5835029;0.5814398,-0.84180367,0.52650106;1.489162,0.5036387,0.7352484;0.056446508,1.0755332,-0.4960355;0.5650209,-0.66673106,-0.49273017;-1.7380823,-1.6777837,-1.1728313;-0.9190433,-1.702287,0.83100045;-0.17820433,0.047833517,0.18245417;0.9074165,-0.27173766,-0.06583166;-0.8867759,-0.73221153,-1.7532004;-0.5916228,-0.54895234,-1.9919078;1.6213135,1.3770635,1.1870537;-0.093364395,-0.060350947,0.5187357;0.788324,-0.82914454,0.56601536;-0.9359226,-1.9740674,0.38884258;1.9671932,1.5078448,1.2444822;0.10807452,1.1451119,-0.31914636;0.20606415,0.40159833,-0.5453538;1.2552944,1.5246341,0.7772517;-0.76241493,0.107863605,-0.53076166;0.3288275,0.8678853,1.3979285;-1.7285135,-1.5897901,-1.289644;1.7169249,1.2555877,1.4822277;-0.92809665,-0.0068940734,-1.0660838;-0.004430313,0.102241375,-1.6533927;-1.674529,-1.5970002,-1.0807152;1.712153,1.5997717,1.3219417;-1.1179303,-1.3619843,0.38044912;1.7574828,1.5855426,0.3398791;-1.0109456,0.22358267,-1.914305;-0.7574247,0.42819098,0.3095238;-0.59858125,0.12114142,-0.6292595;1.571549,0.192846,0.69446266;0.058049317,-0.467285,0.7867798;-1.3599845,0.14662735,-0.89651966;-0.3147036,-0.19092947,-1.342856;1.6223278,1.4562913,1.2773976;1.9160604,1.1708721,1.0903409;1.0028217,-0.27492023,-0.013692051;-0.21542199,0.74820125,1.347255;-0.6511672,-1.8495845,0.60951424;1.3491254,0.6026465,0.86483294;-1.4830621,-1.3975714,-0.23015834;-1.5959066,-1.3799772,-0.7653318;-0.9142694,0.19024058,-0.6976353;-0.61702466,-0.69330674,-1.0407947;-0.6572387,-1.7167478,0.5329974;-0.6165849,0.54492176,1.4058063;1.9374646,1.5358384,0.67210054;-0.2363351,1.008048,-1.2997082;1.2492726,-0.05811356,0.7024128;0.7788812,-0.81827474,0.57852393;1.9593762,1.5261691,1.415723;-0.16806076,-0.1629972,0.4763525;0.12054217,-1.1791829,-0.98690665;-1.3332165,-0.8330607,0.14076987;-0.7654831,-1.7857573,0.42407534;-0.13626531,-1.317832,0.9498985;-0.59045994,-0.46149188,-1.8083384;0.81070673,2.1226091,-0.53010464;1.2823857,-0.026325766,-0.21391115;-0.55517966,-1.7467668,1.6161743;1.1938603,1.3561034,-0.25616777;-0.6908968,-0.5954691,-1.6853747;-1.130089,-1.2026652,-2.184765;-0.23933348,0.6017114,1.5189337;1.3824383,0.8778388,-0.20638867;0.9678712,0.6398061,0.029867407;-1.6036671,-1.5139539,-0.7974223;-1.2484123,0.21205759,-0.71750075;-1.2767825,0.055487577,-0.9860142;0.79826397,-0.48760095,0.59078425;1.5539287,0.69534874,1.4605837;1.5079199,0.49799055,1.1490353;-0.97273076,0.26461527,-1.8704032;-0.92298913,0.17467138,-0.56596357;-1.2005762,0.10560959,-1.0048549;-0.7247772,-0.86279446,0.89288956;1.388787,0.77731764,-0.18612473;-0.95453256,0.24161926,-1.8661772;-0.16134287,0.96217245,-0.52603084;0.07211797,0.2520936,-1.0480715;1.1263582,0.6627334,0.2699351;0.03159763,0.9632317,-0.4216701;-0.71816015,-0.6424744,-1.4484901;-1.2436372,-0.6202069,-1.8617735;-1.38901,-1.1064227,-1.9232748;0.4029917,1.4147283,-0.4755124;1.1034824,0.43897772,0.7139154;-0.36980957,0.7349071,1.2644802;-1.579231,-1.4087267,-0.9515038;1.7318792,0.89688635,0.50514466;1.0941924,1.6669564,1.1418304;0.5154643,1.0132142,0.06869789;-1.0820731,-1.0651567,-1.8148578;-0.7962865,0.3457231,-1.8012035;-0.6712075,-0.1974976,0.47441375;1.5630019,0.6190292,0.21925324;-0.34581897,-0.14449508,-1.0661365;-1.0091883,0.26131326,-0.71864164;0.9865653,-0.23288314,0.38139722;0.68127024,1.9452459,-0.9636168;1.1427552,1.5330359,1.1854461;1.4292759,1.1082531,-0.38300642;-1.3822528,-1.0473177,-1.8816663;-1.463132,-1.1849116,-1.829846;0.6748455,-1.2585821,0.44499767;0.8565173,-1.0713493,0.43118724;0.06546124,-0.48199776,-1.2577118;-1.3277414,-1.6949607,-0.30406794;-0.6337379,0.3572434,0.58837235;0.7603536,0.92956686,0.062127832;1.6528535,1.0183527,0.10039488;1.5959889,1.0582491,0.91293526;-1.2228265,-0.63757634,0.16242097;1.3460469,0.36902568,0.5016465;-0.70146614,-1.6790464,1.5785813;-1.4547417,-1.5875554,0.13341229;2.1605911,1.4740783,1.3240134;-0.5847972,-0.6568304,-2.1108649;-0.70249534,-0.3570567,0.7417681;0.71347797,0.8081773,0.52414006;-0.59828794,-0.76066285,0.9373217;-0.7566805,-0.33950478,0.7673203;-1.0153804,-1.5258783,0.88986677;-0.6352433,-0.57573646,-1.2315211;1.2094151,1.3634245,1.1346656;0.97922313,-0.2839006,0.5981599;1.1846482,-0.10784781,0.70877683;-1.4629864,-1.2211243,-1.819754;-0.53009874,-1.6753992,0.662741;-0.9758662,-0.6784659,0.20268378;-0.73447424,0.39265788,1.1506505;-0.1707192,-1.1892561,0.93544924;-0.4950142,-1.6714822,0.75096816;0.13253641,0.81578386,1.0787088;-1.2635452,0.03877976,-0.94073063;-1.3378375,-0.32003787,-1.4651444;-0.5891028,-1.3230011,1.0741154;0.66010666,-0.6021499,-0.39647;-1.731394,-1.6793609,-1.163565;1.1963465,1.2632924,1.1214967;0.047248278,0.14205135,-1.6279652;1.0453613,0.7915477,1.1047354;-1.1271853,-1.1186846,-1.8788782;1.2916757,1.4637086,1.1837445;-0.50006485,0.6162738,0.46806297;1.3703102,0.56200796,0.021841971;0.30618742,1.2210852,-0.12866202;-0.9397121,0.83626753,-1.9856229;-0.512012,0.62947094,0.4343004;-0.013173648,0.6954313,1.3250816;0.42786223,0.856606,1.2119746;0.9690159,1.67833,0.861424;-0.06274542,0.03012517,-1.6423931;-0.08799249,0.9855306,-1.1483074;-0.2983139,0.32082528,1.299332;1.6659403,0.5605481,0.29749903;0.72820413,-1.3874449,0.12877384;0.5970617,-0.64478797,-0.45654827;-0.40502074,-0.38307023,-1.8210888;0.851476,1.8256482,0.20226824;-0.8305904,0.61513454,0.41267496;-1.121458,0.35714874,-0.43881497;0.19631423,-1.0196549,-0.915299;0.9965046,1.5893277,0.04902626;-0.8289074,-1.4870497,1.0748832;-1.3094268,-0.25089332,-1.4078118;-0.07186144,-0.45049188,0.912685;-1.0849063,-0.447081,0.35717812;0.12590961,0.8103573,0.80301976;0.99013877,1.8436551,1.074996;1.4497852,1.1462746,-0.42655244;1.9197499,1.0624874,0.7490958;0.15454279,0.8727377,1.421753;-0.9678528,-2.1055481,-0.079549804;-0.34630114,-0.092405535,-0.2536399;0.8304698,-0.39583802,0.6169536;-1.3305991,-0.76992184,-0.027255435;-0.7922894,0.38462943,-1.7863864;-0.34020668,0.87971133,0.6241932;1.0793434,0.046706546,0.1985043;-1.1647385,-1.0965962,-2.0654573;-0.52394074,-0.6444897,1.1433903;-0.97544396,-1.9615581,0.3486215;0.8273638,1.9353582,0.14715943;0.7463173,1.0187981,-0.28780285;1.2091193,1.2701868,1.1690919;0.8714758,1.6121603,0.5540823;-0.9650094,-0.7840223,-2.3558552;-0.6355472,-0.38327253,0.7051882;1.3830568,0.6193341,-0.04999961;-0.6922787,0.5918914,0.17931128;-1.726533,-1.5512817,-1.2385726;-0.93867093,0.8488151,-1.985737;1.4502617,1.1872991,1.4449934;1.0352726,-0.02013226,-0.14215104;0.6073393,0.72659755,0.8003421;-0.41658306,0.8802174,-0.94177395;-1.4454095,-0.14338893,-0.6039612;0.1827509,0.4857314,0.2344416;-0.016769202,-0.28307968,0.76162434;-0.22576492,-0.81010574,1.4131324;1.3466053,0.9903905,-0.37205088;-1.8236777,-1.7298061,-1.483598;0.80977255,1.3099426,-0.16610755;-0.60016865,0.005417107,-0.46068588;-1.2268828,-0.31743094,-1.4221711;-1.0055659,0.19310978,-1.9386919;-1.22328,-0.6445564,0.17245097;-1.5473795,-1.5074981,-0.21658254;-1.4489928,-1.5912886,-0.37211928;-1.6443347,-1.4649035,-1.0264595;1.6343342,1.5212022,1.3396996;-1.5604584,-0.37021613,-0.8951931;0.6134805,0.021073561,-0.061856188;-0.02964482,-0.22681431,-0.30276665;1.1476161,0.31737924,0.05192326;-0.2720236,0.9299444,-0.37530312;-0.96339303,0.1906985,-0.7927036;-0.21764426,-0.14628148,-1.5758102;-0.41832712,0.2564447,-0.9882031;-0.1503003,0.9780094,-1.0502664;1.0152802,0.19110757,1.0919757;-1.5672225,-0.3820537,-0.916277;-0.47711453,0.6132269,1.0521291;-0.6083158,0.7646112,0.9861615;-0.4184656,0.27514455,-0.17536697;0.58982986,0.019507179,-0.024318814;-0.63204616,-2.0140736,1.907693;1.7223408,1.1277506,0.95253617;0.35548604,0.16668308,0.6563614;0.19615902,0.94378906,1.3785046;2.0715067,1.6554767,1.0496507;-0.25386032,0.9520218,-0.45125985;-1.0226051,0.21148083,-1.8925489;-0.30082908,-1.3078455,0.5576727;-0.25779632,-0.14572448,-1.5826249;0.090826064,0.6577625,0.2501769;-1.0667124,0.24352027,-0.8292183;-0.6731215,-0.56793857,-1.2984389;-0.7339893,-0.36714178,0.5244298;1.4618249,0.75113374,1.4607284;0.06416413,0.20295887,-1.325924;-0.9529984,-1.4864938,1.0090646;0.47567844,-0.5242318,-0.7007299;-0.83383626,-0.5613324,-1.9347833;1.2098849,0.557604,0.8215136;1.5003428,0.07894525,0.66998893;-1.3425696,-0.7902403,-1.8468994;-0.29442298,0.91766185,0.5966374;0.2851585,0.30018178,-0.554262;0.65465117,0.6896849,0.81594336;-0.060507387,0.73280615,1.2726005;0.18841399,-1.0164407,-0.9139027;0.97402406,0.13493574,-0.19775912;0.080710955,-0.63987726,-0.5352402;0.92606306,-1.1002771,0.19887936;-0.10111408,0.610089,1.5006896;-0.46832725,-1.5988545,0.78801394;-1.1471294,-0.05995011,-1.9197638;-0.63884735,-0.58589923,-1.2455096;0.26782006,-0.43463403,-0.49984568;0.71522,1.005589,-0.34595492;-0.8399726,0.6673991,0.2654664;-1.7633892,-1.6309373,-1.3268421;-0.8429781,-0.08713508,0.66057885;-0.71644604,0.07644697,0.07831187;1.4809389,1.0212398,-0.3729572;-1.402459,0.047952272,-1.0048641;0.41191378,-0.5687279,0.49271765;0.48103747,0.67393833,-0.17035782;-1.5346844,-1.3313036,-1.6757308;0.24141309,0.5883142,0.555814;-1.0573274,-0.8292219,-1.8501375;-0.9008884,-1.5727836,1.0053285;1.2506801,0.097150534,-0.17923164;0.09865388,0.31088555,0.013132956;-0.9239694,0.24586648,-0.8945139;0.05651772,0.15201835,-1.6690265;0.4285399,-0.43229145,0.59725195;0.24789974,0.12737899,1.1499943;-0.27959552,-0.08699614,-0.17337687;0.048452903,-1.2935832,-1.0266359;-0.68185365,-2.1391654,1.971241;0.72746265,1.8155019,-0.61999345;-0.6845735,-0.70564157,-1.6312746;-0.95068175,0.009943931,-1.0080214;-0.40183344,0.795096,-0.9191493;-0.10331451,0.74276483,1.3762753;-0.06394962,-0.11453203,0.6972747;-0.13988358,-0.08751176,-1.233047;0.26226217,1.2932739,-0.23556814;-0.54795295,-0.44503683,-1.6426196;-0.1820297,0.73145413,0.4430696;0.7917489,0.3182592,-0.14272119;1.5685494,0.6612085,0.42259905;1.3913012,0.693921,-0.10382249;-0.52601725,-1.5876216,1.388983;-1.0273855,0.22812171,-1.9105759;0.49466783,-0.5150311,-0.15747899;-1.0378219,0.31623453,-0.5165217;1.7345434,0.9644706,0.41985154;0.11037687,-0.39969802,0.5582403;0.58738273,-0.6529397,-0.46520248;-0.9281652,-0.08659742,0.667217;0.6461793,-0.10684932,-0.2236621;1.9638512,1.5440993,1.4115793;1.1415606,1.3196932,-0.19459173;0.82948023,-0.89617723,0.46959773;-0.9359996,-0.061894067,-1.1062615;-0.41750118,-0.11413962,-0.511026;1.9705838,1.4339688,0.68897146;1.8919929,0.97999936,1.0097195;0.81623226,2.1288822,-0.51817566;1.2904187,-0.033464406,-0.23699805;-1.6531569,-1.5660667,-0.906603;-1.0084003,-1.6220447,0.74273837;-0.78838027,-0.63782245,-2.042518;-0.56799036,-0.5960798,-2.085068;-1.3276415,-1.0259163,0.3263972;0.16538784,1.0546498,0.82426125;0.0318056,-0.23782957,0.358149;-0.16396087,-0.47456056,0.64926976;-0.28258646,0.95954263,-0.4222269;0.8149981,1.3096315,-0.19944535;-0.8600644,-1.7534174,0.46227634;-0.5835607,-1.216179,1.6444874;1.5737247,1.2353753,-0.040842786;-0.53597546,0.6372612,1.249586;-0.6220193,0.76363283,1.0268776;-0.6614824,0.083270684,-0.86046016;1.0713898,0.26346496,0.07613363;0.80003846,1.9982467,-0.399493;-0.78962857,0.3660976,-1.7825754;-0.6255557,0.5759933,0.2570044;0.8474687,-0.4292946,0.63744754;0.76461345,0.78646666,0.10274532;-1.4068877,-1.3089013,-1.9230956;-0.7333128,0.58855903,0.25052357;-0.6951332,-0.80567664,0.8996659;1.6221834,0.5036247,0.24471849;1.6260422,0.35157222,0.24169102;0.178516,-0.42132118,-0.46773612;0.17593762,-1.0622985,-0.9341479;-0.7076703,1.0879759,-0.48528662;-1.1242133,-0.7570614,0.20233993;-1.413143,-0.9489518,-0.18625315;1.2718344,0.036684763,-0.20190185;0.6657282,-0.5796701,-0.38624817;-0.55285895,-1.7297745,1.5583256;1.3583285,1.1098206,1.2884305;0.075523354,-0.2162981,0.51027054;0.07750355,-0.7737745,-0.6944278;0.28540844,0.88387597,1.4159509;0.8146149,-1.425366,0.2366622;-0.31864044,0.8294729,0.36412913;-0.41252324,0.6818477,0.66715896;-1.4380214,-1.069957,-0.19711764;-0.7224551,0.41652334,-1.6786127;0.78494895,-0.85235196,0.6804248;0.88129675,0.082027964,0.015444034;0.6079784,0.21247084,-0.27493918;-0.2617621,-0.79138696,1.448925;-0.7939704,-1.8152473,0.32312584;0.84551054,-0.41564745,-0.14407359;-0.7044039,-0.47618702,-1.9900808;0.025916696,0.2315076,-1.53472;-0.5263852,0.080459945,-0.62401795;-0.8627603,0.6737088,0.26145393;0.8237285,-0.49989828,0.5941318;-0.26650894,0.3093553,1.3347129;2.0637398,1.5968611,1.0038445;-0.36684218,0.21056312,-0.9317311;-0.33099493,-0.30511087,-1.6881539;-0.42350027,-1.7216245,1.088086;0.44909084,1.4451985,-0.49453786;0.16476731,-0.10227607,0.9764971;1.3079284,1.5935642,1.2120483;-0.9594273,0.18586041,-0.775298;-0.6104152,-1.9064251,1.7882521;1.201303,1.0162609,1.2169329;-0.28591245,-0.24385451,-0.19014324;2.067143,1.3936546,1.0327398;-0.22596799,1.0117282,-1.2909366;-1.3287929,-0.70454067,-2.039342;-1.2539105,-0.98516,-1.9319609;-1.0373405,-1.5302322,0.8807853;0.06957613,0.36435786,0.25340343;0.5480761,-0.6794955,-0.50920135;-1.3338084,-1.563929,0.31508026;1.5057412,1.018086,1.4871095;0.6782155,-0.89585257,0.5172404;1.3662659,1.5165197,0.13571607;-0.95362437,0.83625585,-2.00251;0.53104573,-0.77078253,0.55786204;1.366023,0.22570866,0.48553076;1.699522,0.5019277,0.50561273;1.9606677,1.3109658,1.2364368;0.81455106,-0.8795842,0.4986799;-0.18154468,0.83020264,-0.76885676;0.82982516,-1.1487437,0.27703255;0.71711904,-1.5555912,0.12368615;0.01491581,0.9752059,-0.30283535;-0.92725384,0.8468762,-1.9711683;-0.7520758,0.45058092,0.49172118;1.6735497,0.6912371,0.23269768;1.4288976,0.4757054,1.2074721;1.4703611,1.332049,-0.12802005;0.21539776,0.8785355,1.4386294;1.3816676,0.060503114,0.17946692;1.0345066,1.6111809,-0.2991635;1.279849,1.5347028,-0.18081364;1.5034876,0.50335044,0.7365947;-0.32122368,-0.44455713,-1.9523549;-0.39547646,-0.3758827,-1.8257364;1.0381646,-0.29144204,0.0072173965;-0.4802671,-1.5187918,1.366233;0.6726622,1.7680682,-0.7696424;-1.8471427,-1.75574,-1.5497606;1.7548714,0.865284,0.59623307;-0.49635538,0.3595423,1.1200658;0.7144824,1.0800362,-0.37547925;-0.007897601,0.03167654,0.31585974;-0.45334202,-1.5995781,0.82229286;-0.5530893,-0.16542296,-0.18076205;-0.59230494,-0.68683666,-0.9779712;1.3578686,0.93584603,-0.41807327;-0.1341834,-0.30786145,0.25756368;0.6319927,0.89247894,0.49550942;-1.4521505,-1.071334,-1.8932431;-0.15933518,-0.035083197,0.34455547;-0.75963795,0.013352425,-0.6843104;-0.9734538,-1.0712855,-1.8580666;-1.2525716,0.06728067,-1.0763036;-0.30165944,-0.0005172004,-1.1359041;0.8844425,-0.3913966,-0.10854313;1.0565743,0.34264126,-0.06515599;0.13856332,-0.42305696,0.8200826;-0.8473821,0.66988915,0.27018696;1.6836076,0.7279173,0.17266075;-0.5953046,-1.2150886,1.6498905;-0.63044053,0.3658965,-0.44167152;2.0277894,1.1055593,0.7952383;-1.082536,0.20602496,-0.82657206;0.6745054,-1.3228515,0.33172068;0.5357624,0.527818,-0.2575334;0.6905818,0.68793637,-0.4146119;1.756771,1.2916799,1.2285883;-0.7056276,0.5857053,0.2317925;-0.45447227,0.88481474,0.6497006;1.2229173,0.65234524,1.3626246;0.062338606,0.17212754,-1.1585715;0.009850791,0.022534495,-1.273473;-0.35153583,-0.4657983,-1.9784092;-0.6373051,-1.6024299,1.6723381;0.21557045,1.215848,-0.24718168;0.43341956,-0.502065,-0.15387318;1.1327552,0.018888548,0.8016357;-0.7758856,-1.4543347,1.2902753;-0.7339721,0.09415459,-0.96671695;0.74071085,-1.1703056,0.22154327;1.7239448,1.6013306,0.28440505;-1.1181054,-1.7723421,0.08083925;-0.816459,0.6511541,0.26759997;2.078903,1.3282316,1.1190047;1.7649462,0.6483211,0.54161805;1.5864322,1.1438781,0.9129638;1.855062,0.7664056,0.8368633;-1.2958734,-0.84361196,0.26734293;0.17447698,0.87824535,1.0397015;1.4847873,0.6895854,1.3989536;-0.28113633,-0.014329344,-1.2035661;-0.01910371,0.796796,-0.6023389;0.14172016,-1.1351378,-0.9676605;0.67464566,0.7571863,0.56493104;-0.2721661,0.9040427,0.60042185;-1.2936321,-0.2521795,-1.5669701;-0.40528226,-0.067963146,-0.3982925;-1.3351635,-1.6900162,-0.3171964;2.002122,1.4123399,1.2366128;-0.6458062,-1.8340693,1.7373941;-1.3925661,-1.580968,0.2283346;-0.5209221,-1.7841713,1.8345897;-0.2875301,0.94167507,-0.5230065;-0.18595728,0.99522334,-1.112085;1.1894867,-0.16274165,0.5279901;-0.72858155,0.4284162,0.6089845;2.062406,1.3533175,1.1856141;-0.31944183,-0.44277287,-1.9497654;0.71692234,0.4635693,-0.23136467;-0.5517153,-1.6124474,1.3752458;1.5856625,1.4129928,0.12569831;1.6319107,0.4344306,0.22035313;-0.4833226,-1.625991,0.7647162;-1.2537332,-0.63692063,-1.8546568;-1.0111834,-0.016815491,-1.0199088;-0.24688886,0.09199965,-0.07093634;-0.6669396,0.36954623,0.7539834;-1.817276,-1.7254354,-1.461971;-0.91472644,-1.7308441,0.7759039;0.041498136,-0.28847837,0.19709334;-0.9834529,-1.2023115,0.9924147;0.6376975,-0.1397986,-0.28919023;0.8246491,2.1331885,-0.49629605;1.2182149,1.3300407,-0.3612418;1.1325016,-0.1542941,0.45534003;0.09383239,0.87327594,1.3545735;-1.1682239,-0.13313577,-1.9091747;0.24307725,-0.9333415,-0.85782087;-0.3462671,0.2531226,-0.3550581;-0.26582137,-0.20572852,-0.19327748;1.4053774,0.1474003,0.6785242;1.7329636,0.81231636,0.38696817;-0.9187839,0.3945369,-1.9539764;-0.8470036,0.30458987,-1.8009106;0.98558444,1.5839323,0.7082765;-0.96266824,-0.042492557,-0.53614914;-1.6228472,-1.4392798,-0.90231633;-1.0120546,-1.9782614,0.2675736;-0.31435388,0.8979589,0.8989714;1.226874,1.3369298,0.9878213;1.3426495,1.4007794,-0.08789447;-0.8614907,-0.71675265,-1.8041737;-1.0345412,-0.41661134,0.36389062;1.9790843,1.4940274,0.72557676;-1.6052328,-1.5328596,-0.7657824;0.19192572,0.23455061,1.411336;1.4242414,1.4029603,-0.13596202;0.05919421,-0.4862798,-1.284519;-0.4232012,-1.0052435,1.5620134;-0.0004283069,-0.4810262,0.81492126;1.9187119,0.8044948,0.5856088;0.4610706,-0.6469105,-0.5682135;-1.2958854,-0.84358984,0.26733804;1.7543863,0.971297,0.8597392;1.057954,0.40767017,0.98175913;-0.14362061,0.7224008,1.3440901;-0.7195933,0.34930515,1.0973033;-1.5096527,-0.2605427,-0.7884185;0.48900384,-0.06667193,-0.066528976;1.258007,0.5781543,1.3727677;0.029906612,-0.04238697,0.005582064;-0.52133137,-0.81689763,0.9763081;-1.5757017,-0.40727717,-0.91407496;0.35202205,-0.13920338,-0.18289863;0.12656656,0.12408172,-1.6997296;1.6034108,0.43098715,1.1941826;0.98811907,1.5540358,0.674723;-0.38554323,0.87275994,0.41031027;0.23668998,0.72755665,-0.3692671;-0.72305864,-1.7594087,0.47270906;-0.8705503,-1.4630843,0.2782262;1.8594878,0.99657637,0.90223795;-1.3147768,-0.84819484,0.2104214;-0.9380133,-0.23808967,0.5137942;0.85662013,-0.3362003,0.76069874;0.056260765,1.0634902,-0.39159185;1.5009793,1.3136613,1.2353526;-1.8242496,-1.7300073,-1.4873143;0.1560505,0.37420288,1.5593635;-0.34430134,-0.17882642,-0.1635615;-1.1365758,0.08571894,-0.9050959;-0.38233814,0.7437483,0.504394;0.37904415,0.7410142,-0.16299605;-1.038072,-1.4712422,0.788919;1.3703208,1.0150363,0.5101523;-0.24084912,-0.1460473,-1.2969816;0.7569798,1.735705,-0.39370945;-0.53738546,-1.676118,0.65793943;-0.52096134,-0.24053416,-0.05984249;-1.3084033,-0.33445418,-1.5324597;1.5110587,0.49996743,1.0643212;0.6339624,0.32639897,-0.25393078;-0.029370872,0.06625319,-1.6344092;0.28404397,-0.5768995,-0.0016040311;-0.62483484,0.1502677,-1.0144176;1.2532947,1.3863895,1.1141126;0.29563165,0.10782402,0.6957754;-1.3491081,-1.6750132,-0.34433648;-0.21191004,-1.1388056,1.1013527;-0.65186447,-1.3808558,1.0707539;1.9476293,1.3957849,0.6420456;-1.3215513,-1.5648787,0.2927241;0.13511734,0.8273677,1.413882;0.7472627,-0.5269418,0.73505336;-0.24801868,0.75060403,0.5236531;1.2025739,1.5488712,0.78778654;0.15963675,-0.09839845,0.98213637;-1.1864995,0.27072486,-0.64668757;-1.3813099,-1.5473585,-0.41794032;-0.26841912,-1.1924353,0.5074776;-1.0481656,-1.8313681,0.044741455;-0.5922424,-0.6874368,-1.0199854;0.22105862,-0.952901,-0.88429993;-1.0986382,-1.276551,0.7545845;-0.7076597,-1.5314087,0.2617764;-0.13986748,-1.3337967,0.96195936;-1.1548818,0.09360584,-1.115256;-0.99881995,-0.35007817,0.44547883;-0.70114094,-2.1888494,2.003173;-0.24868707,-0.7971462,1.4646566;1.4188347,0.5293512,0.8230445;1.1485548,0.010868774,0.25460467;-1.070509,-1.0822855,-1.8058523;-1.3071924,-0.9112681,-1.883298;-0.27537075,-1.1880369,0.49534073;-1.4957438,-1.1611261,-0.40248886;-0.4497063,-1.2713472,0.5681466;-1.4756021,-0.15614125,-1.1207575;-1.2412322,0.05097908,-1.1074405;-0.9681699,-1.7456836,0.07006279;1.3418124,1.0124197,0.5033596;0.077426456,0.23204005,-0.015355749;-1.1100414,-0.50092846,0.31056944;-0.70699286,-0.18508098,0.23396726;1.1100595,-0.06010203,0.703188;1.0510824,0.438419,1.0083585;-0.39763597,-0.9726733,1.4682755;0.2534348,-0.91549915,-0.853909;-0.6960991,1.1576362,-0.49374413;-0.4132055,0.053090032,-0.45679644;-0.7240401,-0.29151762,-1.8405308;-0.39246526,-1.5441513,1.1128689;0.12225063,-1.1746991,-0.9832884;0.42330474,-0.028773183,-0.72685397;-0.98293436,-1.786216,0.5976005;-0.19555688,-1.0324413,0.6503257;1.2234104,0.3535214,0.22712716;-0.71957487,0.08313597,-0.50508374;-1.5031608,-1.2575293,-1.7458847;0.15754752,0.32044637,1.551982;0.20766357,0.9309996,1.239306;-0.19133405,0.7282903,1.2748463;-0.65492344,-2.069737,1.9295594;-0.7924954,-1.4687093,1.3208662;0.7381081,0.8513034,0.2822876;-0.80575025,-0.5705377,-2.0525696;-0.6897367,1.1687299,-0.49416876;-1.136413,-1.2116508,-2.1901662;-0.45528662,-1.5621617,1.2356355;-1.5193931,-1.2708861,-0.5451467;-1.4790981,-1.1809585,-0.37667888;2.1111076,1.4699293,1.280226;-1.1725918,-0.58087724,0.23797415;0.0802658,0.6737195,0.54727244;-0.9503075,-1.3765658,0.21437457;1.1955084,1.1168147,1.1970298;-1.7664571,-1.65372,-1.3368888;-0.9965522,-0.81236887,-2.3625917;-0.7606593,-0.8045062,0.8949313;1.832926,1.289577,1.5584127;-0.859221,-1.7823654,0.49242;0.46473375,1.0000509,0.14295512;-0.95632684,-0.7807611,-2.343977;1.6493695,0.40811163,0.48468307;0.690199,0.577053,-0.17258115;1.874735,0.7538786,0.6368393;1.1586406,0.042116225,0.6004262;-1.4785105,-0.18105617,-1.1511214;-0.26627952,0.9774274,-0.49891043;-0.2867811,-1.2858146,0.5036333;-1.2800376,-0.7104715,0.046262268;-1.68511,-1.5478222,-1.0874068;-1.0930974,-1.935452,0.057743687;-1.472128,-1.5264549,-0.044395015;1.3826205,1.3977829,-0.1511831;0.8366786,1.7274541,0.34328443;0.13594551,0.43722513,0.18238167;-0.17024717,0.74335474,1.354457;1.3062086,1.1035442,-0.36295965;-0.76608133,-0.115079515,-1.6037041;1.3872917,0.6275992,1.3882595;-0.5892529,-1.646571,1.6211196;-1.245925,-0.6787895,0.13149513;1.2667679,0.5221391,0.2760307;-0.44779488,0.27559292,-0.9644783;1.9306424,1.6083198,1.465681;1.7415112,1.2101653,0.30804864;-0.28952798,0.80804485,0.4289297;-0.5282917,0.6621968,1.1370575;-0.40276837,0.73541903,1.23312;-0.25336242,-0.87702173,1.3504361;-0.40219364,-1.3666493,0.95158553;-1.0853297,-1.1683373,-2.1917412;-1.1762595,-0.8152254,-1.9806706;-0.6374049,-0.45373052,-1.2174962;-0.70068526,-1.2007155,0.89417696;-0.20014995,-0.36954206,0.41597348;-1.0172155,-1.9817473,0.21065134;-1.5355024,-1.2703753,-0.5987313;1.7535999,1.278351,0.34438574;1.5536349,0.21060988,0.75634676;0.14886637,0.5071424,-0.48947534;-1.0762392,0.22878747,-0.8036832;1.5603195,1.0113994,-0.25226572;-0.24099459,-1.1326644,1.200004;-0.033871856,0.97589576,-0.4227279;1.0122074,1.5703883,0.7400483;-1.4683313,-1.154927,-1.8651977;-0.333209,-1.5342987,0.62551814;2.0358922,1.7296723,0.8626423;1.2226243,0.85079473,0.41763338;-0.7670876,-0.76424384,0.8781571;-1.4271959,-0.013046771,-1.0454446;0.8147728,2.077778,-0.3239237;1.4862568,1.4407921,-0.011009476;-0.32514706,0.85079646,0.20863017;-0.78785354,0.031105807,-1.145896;-1.4941646,-0.22307904,-0.7575202;0.8486809,0.13337459,-0.033167407;0.81166285,1.9256636,0.16801567;0.7409754,1.7818917,-0.49288943;1.1305301,1.3285607,1.0108057;-0.8415503,0.6646274,0.27447113;0.9652946,0.21215953,0.5701265;-1.0963625,0.37384585,-0.4287796;0.48292142,0.6553268,-0.09428207;1.3346536,0.5841189,1.3978614;-0.9983117,-0.8245294,-2.3593597;-0.3425025,-1.5415447,1.071554;0.83593255,-1.4173228,0.28441572;0.2965969,0.016994134,0.28847823;0.9242247,1.46318,-0.34510884;-0.9361332,-0.29549697,0.51130843;0.62475896,-0.52052355,-0.43247476;-1.2202827,-1.5341327,0.38554046;1.4151586,0.8625772,1.304888;0.71164304,1.9496664,-0.78311586;-0.7146063,0.08616312,-0.50182956;-0.23798898,-0.95673764,1.2517859;2.0393372,1.5880731,1.2383896;1.6913403,1.5433435,1.283736;0.08129844,0.7334771,0.14198178;0.23785776,-0.9422071,-0.86851597;-0.15639326,0.5862406,1.3107325;1.4395615,0.73905367,-0.0786414;1.1479585,1.5259814,1.1392263;1.9177759,1.6178635,0.5856085;-1.3146182,-1.7119344,-0.27867633;-1.3985789,-1.5919526,0.20289464;1.4690772,0.97527504,0.47164965;-0.66597116,-0.06033888,-0.23676372;0.33506283,0.081601605,-0.63003826;-1.4369047,-0.13447523,-0.58457696;-0.13234636,-0.3830325,0.62478393;-0.095656574,-0.3451258,0.43999466;-0.29145086,0.8715177,-1.0453846;1.6783409,1.3800703,1.1892947;-0.94670266,-0.7723821,-2.3342066;-0.021740343,0.9625987,-1.1298164;-0.51520795,-0.0069488334,-0.43768945;-1.1113884,-1.3325005,0.4825198;0.91332614,1.5869428,0.59167904;-0.26135793,1.0126343,-1.3475672;0.86036205,1.4690024,-0.30715942;-0.95289457,-0.5182206,0.30842933;0.81079817,1.999815,-0.27899995;0.44676518,-0.06542675,-0.74719965;-0.504598,-0.51629573,-1.9864779;0.0015857801,0.114469126,-1.6167126;0.73019636,-1.5495658,0.12948228;0.6960588,-1.1751323,0.49009767;-0.39657637,-0.106891595,-0.6638111;-1.8175355,-1.7234364,-1.4656352;0.7472405,1.2148721,-0.22172783;-0.99545103,-0.15649903,-1.0747759;-0.17327014,0.8952917,-0.60309595;0.27113867,0.28275004,-0.56806064;-1.3884252,0.08225598,-0.97378117;0.9420743,-0.23103823,0.46585184;1.0864854,0.14232713,0.9481537;0.19232504,0.9777844,1.3213087;0.17840445,1.046118,-0.3469833;-0.67669237,-2.1262338,1.964502;-0.11773397,-0.3280238,0.3894339;1.3574802,0.67352366,1.4661895;0.79918665,0.8169494,0.14331143;-1.4779286,-0.23089583,-1.1672553;0.20645654,-0.9917922,-0.89972013;1.0690583,1.6620185,1.1096224;1.8788311,1.320656,1.5304738;1.0018631,-0.14303124,0.098732114;1.0661396,0.6635885,1.1096398;0.8658283,-0.84499955,0.47263083;-0.8090402,-0.5637401,-1.992829;0.24548702,0.6431358,1.5164579;1.4986033,0.98373306,1.5231522;-0.32806146,0.86916894,0.26995197;0.70731753,-0.5699048,-0.3500391;-0.10523927,-0.0364823,-1.6319342;-0.6530726,-0.5947953,-1.7157116;1.834055,1.4356402,0.43012038;1.933593,1.4119782,0.64931923;-0.96522,0.17813013,-0.7889935;-0.7200038,0.03758845,-0.58749026;0.122931905,-0.51351297,-0.4793409;-1.0462818,-1.3240659,0.853469;0.2040131,1.2324349,-0.24122736;-1.0384037,0.20394285,-1.9188938;-0.7040742,0.3057617,0.22752872;-0.7217339,0.93642676,-0.45775148;0.23462911,-0.034536216,0.22395045;1.746267,1.5388644,0.31537706;-0.95086104,-1.9815491,0.40668544;-0.75529605,-1.809784,0.48647594;0.2863303,0.3658103,0.6368572;-1.0003062,0.32590184,-0.39762667;-0.41148287,0.60292256,0.97734356;-0.9804952,-0.33052078,0.46021327;-0.5816921,0.5816427,1.1383623;-0.13660306,-0.11317182,0.506113;-0.48673105,-0.7359554,1.0325277;0.23138832,-0.007054809,0.80107594;-1.109635,-1.1883956,-2.181458;-0.9824324,-0.8142476,-2.3394969;0.6544464,1.7587616,-0.82200885;-1.3871505,-0.89173007,-0.20732236;-0.29258195,-0.33062994,0.30829203;-0.09995299,0.6903767,0.46482223;1.3086988,0.5850585,1.4029322;1.1309887,-0.03689344,0.27644223;1.003125,1.5748626,0.0702756;0.14452642,0.36195633,-1.4501793;0.12950023,0.8348753,1.4414448;-0.99803,-0.0905721,-0.3930208;-1.3413724,-0.2862808,-1.4411452;0.53891796,0.7637107,0.87544286;0.73359907,-1.0552,0.34269622;-1.0130825,-0.36354443,0.42680603;-0.48617837,-1.3305929,0.5720026;1.4636325,1.4716414,1.2462355;0.2617912,0.045087636,0.7245551;-0.5882913,-1.7898309,1.8185444;-0.99063593,-1.956928,0.3231047;1.964909,1.7052888,0.6462642;0.279331,-0.5654287,0.0004773662;0.8901937,0.17679061,-0.02554911;1.0799468,0.5850523,1.1125376;-0.7814175,-1.464747,1.2591628;0.71710503,0.88728034,-0.17228131;1.3699551,1.0450373,-0.36889288;-0.032819383,-0.19773474,-1.1580883;0.797162,1.9335414,-0.17050456;0.8334375,-0.88446754,0.46878636;-0.32527706,0.35321587,-0.8040162;-0.39527467,-1.532466,1.0791322;1.4698652,0.85654557,1.2298508;-0.09391997,-0.49565098,0.93595576;-1.039984,0.17560013,-1.9260564;1.2889045,1.467073,-0.31697375;1.4529225,1.5031312,1.2066367;0.28848583,0.15846618,1.0035022;0.6755612,-0.8897759,0.50232494;-1.1960313,-1.1387228,-1.929017;-0.41497225,0.878117,-0.8074404;-0.16450803,0.7072424,0.57534045;-0.45164514,-0.035265673,-0.42637464;0.4238925,0.26506576,0.6765181;-0.91300786,-1.9744822,0.43206498;-1.5327439,-1.2666023,-0.5888874;2.0770466,1.364155,1.1881764;0.4472623,-0.54991275,-0.13043769;1.0843632,0.834581,-0.2036163;-0.81739694,-1.4665219,1.2184881;-1.4093844,-1.5985131,0.14510824;1.1351999,1.0528008,1.1423997;0.94243264,0.31777176,0.8021043;0.4002892,0.09309702,0.4469525;-1.0456566,0.15523161,-0.8987738;-0.5991984,-1.9064363,1.817558;1.1363895,1.5777376,1.1822379;-0.7577827,-0.915182,0.8966888;1.0665672,0.7837119,1.1226124;-1.8293015,-1.7357768,-1.4935474;-0.51204437,0.72790277,1.1748664;-0.48253274,0.6961405,1.191947;0.86280656,1.3992083,-0.2126317;-0.81761134,-0.30227414,0.7131858;-0.6760743,-2.1224394,1.9613085;1.9514387,1.7097855,0.615909;1.8032097,0.7412946,0.65824616;1.6664329,1.2874273,1.0904642;-1.106796,-1.4032342,0.7023574;0.85032403,-0.8364525,0.5011226;-1.7113091,-1.6476562,-1.1199988;0.8261726,1.9987434,0.034236535;-0.09524339,-0.2651112,-0.25500652;0.1894054,0.6649456,0.66815025;-0.35150796,0.8494249,0.41775644;1.8934517,1.1931483,0.96439326;0.689176,1.9397287,-0.96347564;-1.7077836,-1.6121842,-1.2330201;-1.6348184,-1.4945635,-1.1058797;-1.4163524,0.018734446,-1.0281644;-0.7789445,0.9056454,0.56435925;-0.123165555,0.28648323,0.40157306;-1.125305,-1.2288882,0.29564884;-0.8823926,-0.10978551,-0.6371475;-0.951174,0.8309473,-1.9992585;0.2924089,0.6696749,-0.2971485;-0.0032563119,0.11804622,-1.5588675;-0.45027992,-0.6499145,1.3381689;-0.8344416,-0.26842132,0.3116812
