data_set
babi-q1
num_classes
6
data_points
1000
model
saved_models/babi-q1-e0138.ckpt
color_schema
#4E79A7,#F28E2B,#E15759,#76B7B2,#59A14F,#EDC948,#B07AA1,#FF9DA7,#9C755F,#BAB0AC
test_accuracy
0.871
test_loss
0.4053808944225311
train_accuracy
0.939875
train_loss
0.16657120216451585
val_accuracy
0.899
val_loss
0.3237711530327797
labels
12,9,15,12,15,12,11,12,17,17,15,11,17,10,10,15,11,15,17,15,12,17,17,12,10,10,10,15,15,15,12,17,15,15,9,17,9,11,15,10,9,11,9,12,11,15,12,9,17,10,10,17,11,11,15,10,15,12,11,12,12,17,9,11,11,15,15,9,17,17,11,12,11,10,9,15,15,15,12,17,11,9,10,11,17,11,11,12,15,15,9,9,12,9,9,15,15,15,10,10,10,9,17,11,11,12,10,9,17,10,9,9,15,12,15,11,17,15,9,17,10,9,10,12,10,17,11,11,11,9,11,12,9,11,15,9,17,15,9,9,17,12,12,17,10,15,15,15,15,15,11,11,9,17,10,9,11,10,17,12,10,10,10,11,9,11,11,11,15,10,17,17,11,9,9,17,15,10,17,17,12,12,12,12,10,9,17,11,15,17,12,15,11,12,12,11,17,15,9,10,12,17,17,10,12,9,15,12,9,12,9,10,12,10,9,10,9,12,12,9,9,12,15,12,10,17,12,11,9,9,17,11,12,17,12,10,10,10,10,17,12,15,11,11,15,15,11,11,11,11,10,17,9,9,10,10,17,17,15,11,11,17,12,17,17,9,11,10,9,10,15,17,17,15,9,17,15,12,17,9,9,11,17,17,11,17,9,17,11,9,15,15,10,15,15,11,11,12,12,9,9,9,9,17,12,11,9,17,17,15,11,11,17,10,11,17,10,17,17,11,11,15,15,11,11,9,10,11,11,10,15,17,15,10,10,17,12,17,12,12,12,11,17,15,11,17,12,12,15,15,10,11,11,10,10,9,17,12,11,12,11,9,11,11,11,11,11,12,12,12,12,12,11,11,17,10,15,9,9,10,9,10,10,17,17,15,17,17,17,15,15,12,9,10,17,17,10,17,9,11,10,11,10,15,17,15,12,10,11,15,10,11,9,12,17,10,10,15,12,9,12,12,9,12,10,15,15,17,10,10,17,15,15,15,17,11,15,9,10,11,10,12,9,11,10,11,10,12,11,15,15,15,15,11,9,15,10,12,11,12,9,11,10,17,11,11,10,10,10,17,12,17,17,9,15,11,9,15,11,9,10,10,12,12,11,10,9,12,10,9,15,10,10,11,11,15,15,10,12,12,15,11,9,12,9,15,10,17,17,10,10,17,10,10,17,9,9,10,12,11,17,17,12,12,11,12,17,11,11,12,11,11,11,17,9,11,10,12,12,10,11,17,12,12,15,11,15,15,12,10,10,9,17,10,15,12,15,10,10,10,11,10,11,15,10,9,9,15,10,10,10,10,15,15,17,9,10,12,10,10,12,12,11,15,10,10,11,12,10,10,17,12,17,11,9,9,17,17,11,10,10,10,15,15,17,11,15,12,11,10,15,17,9,11,9,17,15,12,15,17,11,17,17,15,9,10,9,9,10,10,9,10,10,15,11,11,11,15,12,9,11,11,10,17,11,11,12,17,15,15,9,11,15,15,11,9,15,15,11,15,15,15,11,10,10,9,17,17,17,17,10,10,17,9,15,9,17,12,12,12,15,15,15,17,9,11,9,17,9,12,11,9,9,17,11,11,11,10,15,10,12,12,9,9,17,12,12,9,17,12,11,11,15,15,12,11,12,17,12,17,11,12,11,17,17,11,17,9,11,9,10,10,12,17,10,12,9,9,9,15,11,11,15,17,9,10,9,12,17,15,17,17,12,10,12,11,11,17,15,9,17,10,9,11,12,15,9,15,12,10,9,10,17,17,15,15,9,9,9,17,10,17,17,9,12,17,17,12,12,11,11,11,11,17,11,17,17,17,17,17,12,9,17,10,17,11,10,10,12,12,11,11,17,12,12,17,17,15,11,17,11,11,9,12,9,17,9,10,9,15,11,9,11,15,10,9,9,9,17,12,11,11,17,15,15,10,10,11,11,17,10,12,9,10,10,10,10,10,15,17,9,11,17,15,12,11,10,10,15,12,10,11,12,12,11,11,11,15,12,17,10,12,17,17,12,10,10,12,17,10,11,17,11,12,17,17,11,12,11,17,9,9,11,17,11,11,15,15,17,17,10,10,17,12,11,15,12,11,11,10,9,12,12,15,10,9,17,15,17,9,17,17,10,17,15,12,12,11,10,10,10,17,17,15,12,17,9,9,15,10,12,15,15,15,17,17,15,11,15,10,12,9,9,10,11,11,9,9,12,15,9,15,9,12,12,10,17,17,10,12,15,9,10,17,11,11,11,17,9,9,11,15,11,11,11,15,12,17,9,10
pred_labels
12,9,15,12,15,12,11,12,17,17,15,11,15,10,11,15,11,15,15,12,12,17,17,12,10,10,10,15,15,15,12,17,15,15,9,17,9,11,15,11,9,11,11,15,11,15,12,9,17,10,10,17,11,12,11,10,15,12,12,12,12,17,9,11,12,15,15,9,17,17,11,12,11,10,9,15,11,15,12,17,11,9,10,15,17,11,11,12,15,15,9,9,12,9,9,15,15,15,10,10,10,9,17,11,11,12,10,9,17,10,9,17,15,12,15,11,17,15,15,17,10,9,9,12,10,17,11,15,11,9,11,10,9,11,15,9,17,15,9,9,17,12,12,17,10,15,15,15,15,11,11,11,9,17,10,9,11,10,17,12,10,12,10,11,9,11,11,15,15,10,17,17,11,9,9,17,15,10,17,17,12,17,12,12,10,9,17,11,15,17,12,15,11,12,11,11,17,11,9,10,12,17,12,10,12,9,15,12,9,9,9,10,12,10,11,10,9,12,12,12,9,17,15,15,10,17,17,11,9,9,17,11,12,17,17,10,10,12,10,17,12,15,11,11,15,15,11,11,9,11,10,10,9,9,10,10,17,17,15,11,11,17,12,17,17,9,11,10,9,10,15,17,17,15,15,17,15,12,17,9,9,11,17,12,11,17,9,9,11,9,15,15,10,15,15,11,11,12,12,9,9,11,11,17,17,11,9,17,9,15,11,11,17,10,12,17,10,17,15,11,11,15,15,11,17,9,10,11,15,10,15,17,15,10,17,17,12,9,12,11,12,11,17,15,11,17,17,12,12,15,10,11,11,10,10,9,17,12,11,12,11,9,11,11,11,11,11,12,12,12,12,12,11,11,17,10,15,9,11,10,9,10,12,17,17,15,17,17,17,15,15,12,9,10,17,17,10,17,9,11,10,11,10,15,17,15,15,17,17,15,10,11,9,12,17,10,10,15,12,9,12,12,9,10,10,15,15,17,10,10,17,15,15,10,17,11,12,9,11,11,10,12,9,11,10,11,10,12,11,15,15,15,15,11,9,15,10,12,11,12,9,11,10,17,11,11,10,15,10,17,12,17,17,9,15,11,9,15,11,9,10,10,12,12,11,10,9,12,10,9,15,10,10,10,10,15,17,10,12,17,15,11,9,12,9,15,10,17,17,10,10,17,10,17,15,9,9,10,12,11,17,17,12,12,11,12,17,11,17,12,11,11,11,12,9,11,10,12,12,10,11,17,12,12,15,11,15,15,12,10,10,9,17,10,15,12,15,10,10,9,11,10,11,15,10,9,9,15,10,12,10,11,15,15,17,9,10,12,10,9,12,12,11,15,10,10,11,12,10,9,17,12,17,11,9,9,17,12,12,10,10,10,15,15,17,11,15,12,12,10,15,15,15,11,9,17,15,12,11,17,11,17,10,15,9,10,9,9,10,10,9,10,10,15,11,11,11,15,17,9,11,10,10,17,11,11,12,17,15,11,9,11,15,15,11,9,15,15,11,15,15,12,11,10,12,9,17,17,17,11,10,10,17,9,15,9,17,12,10,10,15,15,15,17,11,11,9,9,9,12,11,9,9,17,11,11,11,9,15,15,12,12,9,9,17,12,12,9,12,12,11,11,15,15,12,11,12,17,17,17,11,12,10,17,17,11,17,9,11,9,10,12,12,17,12,12,9,9,9,11,11,11,15,9,9,10,9,12,17,15,17,17,12,10,10,11,11,17,9,9,17,10,9,11,12,15,9,15,12,10,9,10,17,17,12,15,9,9,9,17,10,17,17,9,12,17,17,12,12,11,11,11,9,17,11,17,17,9,17,9,12,9,17,10,17,11,10,10,12,17,11,11,12,12,12,17,17,15,11,17,11,11,9,12,15,17,9,10,9,15,11,9,9,15,10,9,9,9,17,17,11,11,17,15,15,10,10,11,11,15,10,12,9,10,10,10,10,10,15,17,9,11,17,15,12,11,10,15,11,12,10,11,12,12,12,11,11,15,15,17,10,12,17,15,12,10,10,12,12,9,11,17,11,12,17,17,11,12,11,17,9,17,11,15,11,11,15,15,12,17,10,10,17,10,11,15,12,11,11,10,9,12,12,15,10,9,17,15,17,9,17,17,10,17,15,12,12,11,10,10,10,17,17,15,12,17,9,9,15,10,12,15,15,15,17,17,15,11,15,10,12,9,9,10,11,11,9,9,12,17,9,15,9,12,9,10,17,9,10,12,15,9,9,17,11,11,11,17,9,9,11,15,11,17,11,15,12,17,9,9
pred_correctness
True,True,True,True,True,True,True,True,True,True,True,True,False,True,False,True,True,True,False,False,True,True,True,True,True,True,True,True,True,True,True,True,True,True,True,True,True,True,True,False,True,True,False,False,True,True,True,True,True,True,True,True,True,False,False,True,True,True,False,True,True,True,True,True,False,True,True,True,True,True,True,True,True,True,True,True,False,True,True,True,True,True,True,False,True,True,True,True,True,True,True,True,True,True,True,True,True,True,True,True,True,True,True,True,True,True,True,True,True,True,True,False,True,True,True,True,True,True,False,True,True,True,False,True,True,True,True,False,True,True,True,False,True,True,True,True,True,True,True,True,True,True,True,True,True,True,True,True,True,False,True,True,True,True,True,True,True,True,True,True,True,False,True,True,True,True,True,False,True,True,True,True,True,True,True,True,True,True,True,True,True,False,True,True,True,True,True,True,True,True,True,True,True,True,False,True,True,False,True,True,True,True,False,True,True,True,True,True,True,False,True,True,True,True,False,True,True,True,True,False,True,False,True,False,True,True,False,True,True,True,True,True,True,True,False,True,True,False,True,True,True,True,True,True,True,True,True,True,False,True,True,False,True,True,True,True,True,True,True,True,True,True,True,True,True,True,True,True,True,True,True,True,True,True,False,True,True,True,True,True,True,True,True,False,True,True,True,False,True,True,True,True,True,True,True,True,True,True,True,True,True,False,False,True,False,True,True,True,False,True,True,True,True,True,False,True,True,True,False,True,True,True,True,True,False,True,True,True,False,True,True,True,True,True,False,True,True,False,True,False,True,True,True,True,True,True,False,True,False,True,True,True,True,True,True,True,True,True,True,True,True,True,True,True,True,True,True,True,True,True,True,True,True,True,True,True,True,True,False,True,True,True,False,True,True,True,True,True,True,True,True,True,True,True,True,True,True,True,True,True,True,True,True,True,True,True,False,False,False,True,True,True,True,True,True,True,True,True,True,True,True,True,True,False,True,True,True,True,True,True,True,True,True,False,True,True,False,True,False,True,True,True,True,True,True,True,True,True,True,True,True,True,True,True,True,True,True,True,True,True,True,True,True,True,True,True,True,False,True,True,True,True,True,True,True,True,True,True,True,True,True,True,True,True,True,True,True,True,True,True,True,True,True,False,False,True,False,True,True,False,True,True,True,True,True,True,True,True,True,True,True,True,True,False,False,True,True,True,True,True,True,True,True,True,True,True,True,True,False,True,True,True,True,False,True,True,True,True,True,True,True,True,True,True,True,True,True,True,True,True,True,True,True,True,True,True,True,True,True,False,True,True,True,True,True,True,True,True,True,False,True,False,True,True,True,True,True,True,True,False,True,True,True,True,True,True,True,True,True,False,True,True,True,True,True,True,True,False,False,True,True,True,True,True,True,True,True,True,False,True,True,False,False,True,True,True,True,True,False,True,True,True,False,True,True,True,True,True,True,True,True,True,True,True,True,True,True,True,False,True,True,False,True,True,True,True,True,True,True,False,True,True,True,True,True,True,True,True,True,True,True,False,True,True,False,True,True,True,True,False,True,True,True,True,True,True,True,True,False,False,True,True,True,True,False,True,True,False,True,True,True,True,True,True,True,True,True,False,True,False,True,True,True,True,True,True,True,True,False,True,True,True,True,True,True,True,True,True,False,True,True,True,False,True,True,True,True,True,True,True,True,False,True,True,False,True,True,True,True,False,True,True,True,False,True,True,True,True,True,True,True,True,True,True,False,True,True,True,False,True,True,True,True,True,True,True,True,True,True,True,True,True,True,True,False,True,True,True,True,True,True,True,True,True,True,True,True,True,True,True,True,True,False,True,True,True,True,False,True,False,True,True,True,True,True,True,True,True,True,False,True,True,False,True,True,True,True,True,True,True,True,True,True,True,False,True,True,True,True,True,True,True,False,True,True,True,True,True,True,False,True,True,True,True,True,True,True,True,True,False,True,True,True,True,True,True,True,True,True,True,True,True,True,True,True,True,True,False,False,True,True,True,True,True,False,True,True,True,False,True,True,True,True,False,True,True,True,True,False,False,True,True,True,True,True,True,True,True,True,True,True,False,True,False,True,True,True,True,False,True,True,True,True,False,True,True,True,True,True,True,True,True,True,True,True,True,True,True,True,True,True,True,True,True,True,True,True,True,True,True,True,True,True,True,True,True,True,True,True,True,True,True,True,True,True,True,True,True,True,True,True,True,True,True,True,True,True,True,True,False,True,True,True,True,False,True,True,False,True,True,True,True,False,True,True,True,True,True,True,True,True,True,True,False,True,True,True,True,True,False
p2d-kl
0.5676844120025635
p2d-iter
599
p2d
0.007872066,2.0865152;-0.66667944,-0.70525014;-0.9435124,0.88379884;0.14797357,1.6418833;-1.2330208,1.0639303;0.009576349,1.9248911;-1.3010641,-1.8219097;-0.08712156,1.1898607;0.4173889,0.24740312;0.34607598,-0.80760765;-1.190069,0.99159193;-1.014815,-1.4829798;0.009947194,-0.039417215;1.5061518,-0.15490685;0.22387475,-0.658246;-0.838333,0.81514615;-1.2603166,-1.5973872;-1.2797185,0.99734515;0.10654077,-0.648868;0.23872596,-0.08072033;-0.029332211,1.8597603;1.0387466,1.0651627;0.39810583,1.0586562;0.32126838,-0.87385696;0.27774125,-0.57701993;2.0207825,0.07637915;2.0686522,0.09718906;-1.1573781,0.89436;-0.078536704,0.55745375;0.21567747,-0.96784306;0.06923569,1.635841;1.1072694,1.2435944;-1.4031334,1.1452755;-1.0693835,0.9557553;-1.5243744,-0.25718367;0.9680656,0.84519625;-1.0947767,-0.53073317;-0.87126523,-1.2959985;-0.066636056,0.6141936;0.04023827,-0.32066733;-1.7480416,-0.29196393;-0.2980194,-0.91008407;0.2079377,-1.0900584;-0.09101957,0.61259174;-1.1703519,-1.5971822;-0.4533476,0.2942352;0.14033408,-0.22676736;-1.8361162,-0.15800975;0.9446873,0.7087782;1.6663419,-0.35433084;1.7261943,-0.34029463;0.8935048,1.0956469;-0.85149264,-1.2933465;0.122066416,-0.649001;0.014130165,-0.7120578;2.0404627,0.08464907;-0.46760187,0.3962562;-0.050286975,1.5467517;0.119029246,1.0157732;0.27983025,1.1422058;0.050235678,1.9750944;0.9177219,0.8408714;-1.952462,-0.18836865;-0.12122713,-1.0361254;0.21450067,-0.0008394588;-1.5449653,1.1664195;-0.03298728,-0.5777997;0.2627553,-1.3419185;0.95279574,1.1429935;-0.061812323,0.5164947;-1.2136543,-1.8371115;0.16072129,1.201749;-0.89847654,-1.4418582;1.5466274,-0.5354507;-1.7985806,-0.17612234;-1.4132701,1.0921764;-0.00747055,-0.43737057;-1.3893275,1.1169522;-0.052766934,0.939125;0.9521112,1.0239819;-1.323,-1.8165776;-1.2798457,-0.4639966;1.8950651,-0.21675543;-0.12002964,0.022997519;1.1035355,1.1442614;-1.2929626,-1.858783;-1.0724633,-1.4908625;0.031118361,2.0398932;-1.4835409,1.1539803;-1.4774041,1.082225;-1.8102225,-0.21679011;-1.5444386,-0.36036134;0.03878173,1.2816335;-1.1792655,-0.53894484;0.1669587,-1.2471306;-0.77339756,0.7530842;-0.41758078,0.49772722;-0.93230784,0.82786286;1.5254153,-0.107066154;0.44524193,-1.1320115;2.0439298,-0.12190709;-1.0066663,-0.55481505;0.6170093,1.0197682;-0.22420086,-0.9209943;0.29432583,-1.1888981;-0.07875282,1.6073836;1.4705653,-0.54520345;0.2328594,-1.2623888;0.5363568,0.8631062;1.7461482,-0.38125336;-1.5970813,-0.38599402;0.22158788,-0.90565985;-1.272721,0.99560624;-0.098435804,1.8504535;-0.11484276,0.897882;-0.82875484,-1.3349384;0.30199254,0.36826372;-0.281041,0.22639306;0.17286478,-0.93463665;0.8030558,0.33311874;1.6648594,-0.3874304;-1.6389574,-0.28267875;0.02246142,-1.1119307;0.24748981,1.0616438;1.9666411,0.11046114;1.0729247,1.2774173;-1.1964413,-1.5507038;0.08008986,-0.12822364;-1.2060293,-1.6825069;-1.006183,-0.4664232;-1.3381728,-1.9568052;1.406902,-0.053035498;-0.8472001,-0.6554883;-0.21384956,-0.5743789;0.0466191,-0.6646523;-1.912446,-0.2168772;0.6825533,1.2365347;-1.2953926,1.1265386;-0.7713095,-0.7660927;0.08767021,-0.8553691;0.87135285,0.82922363;0.19835658,1.6403131;0.43157232,-0.17952166;0.48726702,0.99191;1.4659473,-0.67501587;-1.393743,1.164502;0.104598,-0.41306087;-1.142946,0.8768422;-1.0503393,0.8972606;-0.24772699,0.18959285;-0.8207798,-1.4219104;-1.0305161,-1.4165958;-0.6493999,-0.5569898;0.47333828,1.1597713;1.7911383,-0.1238603;-1.3103756,-0.45021096;-0.14443684,-0.8805136;1.4538155,-0.115227215;0.8511672,0.5101373;-0.034583513,1.4995321;1.7960435,0.10346728;0.29513028,-0.23496394;1.6174536,-0.2537855;-0.91077155,-1.3091307;-0.5646244,-0.6365019;-1.3673967,-1.8383212;-0.104433365,0.20908177;-0.1695728,0.124493584;-0.43153048,0.4431786;1.800656,-0.1960109;0.9669187,0.96654075;0.29453593,-0.07738798;-0.1296283,0.176762;-1.4307745,-0.39524344;0.061106466,-1.3051589;1.0305934,1.1523709;-0.90040076,0.83869004;1.8935499,-0.1387101;0.7943361,0.5846621;0.45433283,-0.023761464;-0.061130524,1.7180583;0.19288619,0.2912742;-0.097767286,1.421805;-0.07470069,1.6415908;1.705689,-0.20446397;-1.8939868,-0.23370712;0.6949603,1.4360927;-0.32812607,-0.89954495;-0.71252006,0.6923417;0.7039579,1.3374631;-0.05586872,1.9230539;-1.308068,1.1183065;-1.4340796,-1.7773049;0.18744013,1.687426;0.23609875,-0.56003124;-1.454865,-1.96601;0.4192048,-0.5148336;-0.09705918,0.15273736;-0.7552765,-0.5932751;1.5705574,-0.49517497;0.0565801,1.672029;0.9314993,0.75988317;0.28817332,0.34101152;1.4402014,-0.670291;0.46655038,0.39567447;-1.739238,-0.25517654;-0.5390249,0.6074597;0.06472577,2.068364;-0.012963349,-1.1602207;0.08717064,-1.0463432;-1.1743758,-0.51363623;1.5032101,-0.57895535;0.21556588,1.095508;0.59487474,-0.5442864;0.2098131,-0.6640767;1.8134228,0.03419712;-1.0077972,-0.59006816;0.004378921,1.764655;0.036899988,2.0764623;0.25085032,-0.8206859;-1.1150932,-0.57321143;0.39035138,0.97424847;-1.1882087,1.0679477;-0.117868565,0.5259781;1.7842823,-0.30107412;0.9294753,0.76406693;0.43094087,0.08422503;-1.0998036,-1.5654503;-1.3911954,-0.44085953;-0.6503647,-0.6475753;0.87356806,0.64878184;-0.10577724,-0.89914477;0.20891464,1.5525063;0.8537135,0.9720903;0.52512926,-0.18648309;1.8519219,-0.2907615;1.3250886,0.039991718;0.402916,-1.4167646;1.6025834,-0.55267704;0.39685193,-0.430459;-0.0467853,1.264006;-1.2890536,1.1025999;-1.461885,-1.8277187;0.12763894,-0.54015857;-0.8629842,0.85962784;-1.4479829,1.139973;-1.0454175,-1.6267922;-0.15132943,-0.6180505;0.17567798,-0.8166677;-1.2525874,-1.396175;1.5123777,-0.62018484;0.40770364,-0.33213288;-1.2407289,-0.41950828;0.43462834,-1.3608956;2.0582294,-0.08135021;1.7919412,-0.34293768;1.0397848,0.8804122;0.500079,0.06933385;-0.4900504,0.36400875;-1.2582482,-1.7812526;-1.4540107,-2.0172567;0.8656523,0.5958623;-0.04021035,1.553838;0.8541529,0.6194427;0.45695096,0.32882878;-1.2050313,-0.50440043;-1.0751258,-1.4244733;2.1631362,0.094209045;-0.7171366,-0.58698344;1.5862101,-0.6121029;-1.3371654,1.019729;0.6023942,0.98452413;0.2693034,-0.02589293;-1.2088178,1.1203799;-0.044321463,-0.076278605;0.784732,0.71100116;-0.066846505,-0.09187034;0.17783193,1.739625;0.6966931,1.3767369;-1.1663609,-0.5419002;-1.7516534,-0.2930987;-0.83287895,-1.4111762;0.82361805,0.4486524;0.40777782,-0.164946;-1.3808861,-1.6939855;1.0522587,0.9937594;-0.076107,-1.2835134;0.46714613,-1.4313246;-1.2138811,-1.5617568;-1.0302341,-0.5655595;-1.5199475,1.1757876;0.019241149,-0.12712473;1.7554425,-0.33890605;-1.4039335,1.0401158;-1.4316634,1.0622126;-0.9300763,-1.3821428;-0.04006093,-0.66393065;0.27582702,-0.14857823;0.09591829,1.6773354;-0.9999736,-0.6514012;-1.8815091,-0.20630527;0.23630226,-1.1336017;0.13203548,-0.29297107;1.0401654,1.0357639;0.4203854,1.1273756;-0.72030646,-1.3853309;-1.4065129,-0.33459312;0.51358205,0.8266154;0.39816085,-1.3974619;-0.96825594,0.86448187;-0.7993309,-1.3999937;0.16644834,-0.38558033;0.44708502,-0.06591076;2.0111134,-0.006513768;0.33505666,-0.37999153;1.0504571,1.2026383;1.4674814,-0.58666044;0.99684036,0.9771897;-0.07882993,0.84826386;-0.32259303,0.10202882;-1.4324936,-1.91178;-1.4516187,1.1791782;0.07514133,-0.7749375;-1.4461513,-1.707444;0.39397395,-0.07784958;-1.5749024,-0.35867742;1.8951021,0.053026844;-1.3127453,-1.768298;-0.13674136,0.14595766;2.1167016,0.024350673;-0.90246445,0.8708089;0.96261936,0.8128867;-0.10486832,0.88331413;1.4158986,0.11860537;0.36151496,-0.03845999;0.72193205,1.1557181;-0.08736566,1.305507;0.35584423,-1.2713537;-0.10012024,1.7475593;0.4069472,-1.1933234;-0.028746044,1.9507967;-1.2547821,-1.8252244;0.8146875,0.40483484;-1.4436079,1.2176737;-0.95129144,-1.5098943;1.0271732,0.92575794;0.8876696,1.251607;-0.06472049,1.6873022;0.26834336,-0.33984375;-1.5647279,1.2241548;2.124152,0.11463529;0.044005975,-0.34673104;-1.4309013,-1.8557634;1.8948784,-0.2991495;0.41983363,-0.34600198;-1.0659418,-0.6098568;1.0918748,1.2673595;0.3242445,0.52861136;-1.0762281,-1.6019486;0.0029542383,1.8348985;-1.3309467,-1.6291515;-0.86052394,-0.5820861;-0.3121794,-0.8658131;-0.24637483,0.13290443;-0.089769304,-0.9588748;-1.350314,-2.010697;-0.10927563,0.25528175;-0.07501043,1.2089331;0.039809596,1.9939234;0.1169894,0.01923259;-0.048999064,1.5289043;0.46961913,0.11028592;-0.3187878,-0.83469373;0.10825965,-0.45000216;1.0476927,0.9692576;1.783792,-0.1271879;-1.3750598,1.0937502;-1.0543385,-0.5105989;0.20345145,-1.0129205;1.6647478,-0.065831594;-1.8594408,-0.23394309;0.475553,-0.69972306;0.4045823,-1.4596709;0.334481,0.43967772;0.417732,1.0954312;-0.50875926,0.44205493;0.85046524,1.0367327;0.96819025,0.8659991;0.4515303,-0.45408645;-0.15855992,0.89119256;-1.3681437,1.1242417;0.010545135,1.4909503;-0.7754458,-0.73173463;1.4475793,-0.6106306;0.69208044,1.3386414;0.98532456,0.950976;0.10459509,0.91134197;0.6836864,1.383693;-1.3492123,-0.44825053;-0.13021837,-1.0146804;1.8038558,-0.33115175;-1.4898423,-2.0286226;1.8434911,0.098261975;-1.0032883,0.7902285;0.99604493,1.1227059;-0.3596087,0.22717741;-0.041132543,0.62488765;0.40717942,0.13452217;0.10972856,-0.029895453;-1.0644519,0.8206342;2.1587725,-0.0211737;-1.0301028,-1.537782;-1.5602005,-0.28413814;0.29458022,0.11898489;0.9988735,0.8653277;1.5063286,-0.65704054;0.6370782,-0.3738932;-0.5207089,0.5700231;0.16335422,1.1186864;-0.91908413,-0.6054427;0.2775602,0.2202674;-0.059162587,0.5816476;-1.5443261,-0.34818578;0.5377635,-0.35382304;1.7296593,-0.2216436;-0.6934435,0.67010003;-0.014350876,-0.106245495;0.8125623,0.37135372;2.081733,-0.07881263;0.5274992,-0.3898435;0.6730296,0.9436957;-0.55574125,0.6194602;-0.54623413,0.5061019;0.2083873,-0.38181654;0.9232683,1.2295482;-1.376603,-1.9142197;0.4008369,-1.0126357;0.0067331893,-1.3057938;0.12722512,-1.0459994;0.09863587,-0.47826317;2.021216,0.10192772;0.18714073,1.8078244;0.16422461,0.23770177;-0.25853002,-0.6736565;1.8290992,-0.21329278;-0.21259543,-0.8383345;1.3041736,-0.21553597;9.372615e-05,1.2714483;-0.13745521,-0.49613854;-1.6053423,1.2400873;-1.3195616,1.091084;-0.28906342,0.18360785;-1.6061149,1.2097073;-1.1420848,-1.4534615;-1.0220094,-0.5090524;-1.1677973,0.98813945;1.5199409,-0.5459295;0.041897066,2.0331511;-1.267652,-1.7478695;0.023226919,1.7164474;-1.1090689,-0.55699974;0.17639375,-1.1310873;1.4175512,-0.14775434;1.0657604,1.0907738;-1.2427388,-1.5076916;-1.3765252,-1.8493707;1.7901881,-0.2307118;0.15705521,-0.56870323;1.4967238,-0.65330595;0.9687166,1.1473652;-0.016945623,2.0713365;0.78031135,1.0290352;0.51328176,-0.10223287;-1.2227204,-0.28611597;-1.4878484,1.1800365;-1.1001265,-1.4591646;-1.8712622,-0.13252254;-0.6126359,0.64985967;-1.1770737,-1.5328238;-1.0814532,-0.5156658;1.9985505,0.07554569;0.28384417,-0.29277134;0.5412735,1.4504585;0.43763158,1.1659759;-1.0941519,-1.4002697;1.5216237,-0.6285956;-1.6088156,-0.25745696;-0.016734466,1.2426934;2.084427,-0.0129490085;-0.8164147,0.5001562;-1.4613888,1.1197505;1.6921016,-0.4125352;1.4042766,-0.13221714;0.2159149,-0.47989473;0.66799575,-0.37463307;-0.49683508,0.48497674;0.32194063,-0.13856943;1.8886906,-0.16945595;-0.03263073,1.2893351;0.3907227,-0.09387641;-1.0604553,0.85985416;-0.2028504,-0.5758938;-0.6567362,-0.72414696;0.060183574,2.0380843;-1.243755,-0.3344666;-1.3323902,1.1024245;1.67526,-0.059206624;0.81271785,0.4538231;0.39836508,0.048512023;1.4592454,-0.10090736;1.9138799,-0.1903365;0.8019863,0.5438924;1.7503451,-0.04462602;0.49690026,-0.29401892;-0.031750984,0.48256925;-1.9355516,-0.1581589;0.37178546,-1.2887118;0.6551775,-0.3835563;-0.0677748,1.2680863;-0.2321836,-0.9369202;0.8351096,0.8724208;0.64766544,1.3885818;0.1793866,1.6169952;0.18861873,0.19953203;-1.3277985,-1.7053075;-0.014501542,1.9400793;1.0332236,1.0795282;-1.4911599,-1.7138388;0.09236723,-0.016864177;-0.07300759,1.4763457;-1.490111,-2.00591;-0.088983655,0.28464273;-1.1397159,-1.7054127;0.4901359,-0.4492158;-0.043430153,-1.285957;-1.3924112,-1.9331965;2.131345,-0.020355828;0.04002666,1.5493513;0.20969787,-0.08930454;2.048879,-0.056470804;-1.4739317,-1.948216;0.6446463,1.0461903;-0.04928497,1.4157286;-0.025134264,1.761982;-1.1894684,0.93521494;-1.1143203,-1.6908598;-0.4309095,0.39515212;0.04170651,-0.62655085;0.17266236,1.7093588;1.4453753,-0.5331502;2.1176553,0.11846358;-0.790082,-0.72559935;0.5405415,0.8588364;1.451372,0.04897662;-1.0517279,0.8359963;-0.03609919,1.9062037;-0.38640365,0.25586823;1.3463365,-0.026877092;0.6164291,-0.28802714;-0.08656748,-1.1847906;-0.91120565,-1.5264624;1.7713171,-0.2808005;-0.90514636,-1.2428889;-1.0974389,0.84919506;1.5786481,-0.23341548;-1.8163656,-0.25693586;-0.033518564,-1.2678206;0.023158722,-0.09264627;1.4267086,-0.5465379;0.3641604,0.22955783;2.175339,0.08195029;0.1748564,-0.38785964;0.36723143,-0.99320793;0.38429004,-1.0793226;0.32491663,0.4945423;-1.687788,-0.3075;1.9574335,-0.18449794;0.2447197,1.563109;0.58363676,-0.47289413;0.34753755,-1.4331167;-0.0067818966,2.0910408;0.39408085,0.24015406;-1.3689611,-1.6260502;-0.17481132,-0.6321269;1.4960425,-0.5958289;1.881627,0.030746799;-0.24731866,-0.82790333;0.09736597,0.9719199;1.7394454,-0.18377605;0.061738715,-1.1237717;0.97745806,1.2707027;-0.049047202,1.3709195;1.074043,1.1144309;-1.4985603,-1.7449535;-1.8136356,-0.14765525;-1.9241163,-0.19792446;0.53821117,1.0872856;0.3241406,-0.8305226;-0.5469802,-0.56276643;1.5568372,-0.5968033;2.1045756,-0.06455223;1.5819923,-0.5588549;-0.43910208,0.22136119;-1.3452432,0.98057973;0.97854275,0.90685034;-1.3380771,-1.9154133;-0.47097322,0.46811235;0.08960867,1.0195476;-0.004023434,0.9812425;0.66615653,-0.42092904;-1.2989714,1.0209157;-0.085223414,0.102859706;0.2116779,-0.98267907;-0.025604086,-0.6442693;-1.7683724,-0.20482059;0.6641468,1.3742898;-0.50228214,0.52491254;-0.12965313,1.2986856;0.24520409,-0.52545226;0.49974507,0.018119559;-1.3578725,-1.7180525;0.6178054,1.1519122;0.46092242,-0.38656718;-0.403422,0.2186316;-1.3154757,-0.35323521;0.712229,-0.36505115;-1.1602701,-0.49005702;0.22627646,-1.2433007;1.4614688,-0.62416667;0.43934482,-0.55734575;-1.8163654,-0.25693586;1.9366584,-0.21811159;0.39882058,-0.64499635;-0.7249537,0.724686;-1.1131727,0.78115433;-1.0179238,-1.4145119;-0.23888682,-0.69236887;-0.4684195,0.52702826;0.43857878,0.25805816;-1.0299107,-0.5971989;-0.14354002,-0.8814796;0.22867066,-0.41126695;1.8165226,-0.11607409;0.45167723,0.9213759;0.27381706,-1.0787209;-0.8598131,-1.34311;-0.07111689,1.577181;1.0176884,1.2711517;-0.6313556,0.6787001;0.25833166,-1.1011689;-1.4927218,-0.34214032;-0.9869583,-1.5220301;-1.1252363,0.86721396;-0.9461175,0.8104723;-1.2720617,-1.673428;-1.8477049,-0.20381701;-0.6512164,0.68572;0.026100421,-0.5973108;-1.4774519,-2.064894;-1.3659198,1.0216846;-0.44649157,0.35107046;0.42025906,-0.9907227;-0.9615088,-1.31024;1.7665153,0.08514502;0.4486667,-0.6529025;-1.1082642,-0.5902475;0.41094115,0.10880729;0.90058845,0.66817844;0.3173134,1.0113623;0.21028797,-0.3330306;1.8468635,-0.3097579;1.4378244,0.06545815;0.6065513,1.1365631;0.27626503,-1.2564996;-0.18272428,0.19014196;-1.5856582,-0.30468404;0.9240855,0.8616177;-0.0052301995,1.8975847;1.355638,0.02985268;0.4273902,-1.472236;-1.0969088,0.8988442;-0.014280642,-0.104414605;-1.5232756,1.1025139;0.6542209,1.2102119;-0.1149264,-0.8564157;-1.3396668,-1.8009068;-1.3677119,-0.40032405;0.12556128,-0.8867873;-1.0632689,-0.5845598;-0.09076272,1.5447984;-1.1623423,-1.780146;-1.5926366,-0.3110323;-0.6389045,-0.5974615;0.5554907,1.1031272;-0.9728266,-1.3113234;-0.9519093,-1.6024473;-0.21797475,-0.6761178;0.29765543,-1.3463184;-1.1238992,0.988656;1.2239211,-0.20799905;0.08436461,1.823271;0.3876971,-0.16388799;-1.6341952,-0.33079585;0.16144939,-0.9070814;0.8093505,0.35967723;0.006054926,2.0323405;0.16533351,-0.11214455;-0.6639798,-0.6162883;0.2780704,-1.2738618;-0.06298579,0.16873212;-1.0609746,-1.6599067;-0.91035193,-1.4750364;-0.48944932,0.48972863;-0.9937417,0.84299034;0.1581618,1.5388179;-1.379944,-1.9691238;-0.04567439,1.327563;0.9194665,0.91973656;-0.111999385,0.5077569;0.4100745,0.14561702;-1.0537817,-1.5863065;-0.005953589,1.6979584;0.108702354,0.93433374;1.0263804,1.2988096;0.2810492,0.39295003;-0.8826081,-1.3508292;0.4292419,0.44902247;-1.8792036,-0.1567681;-0.9488329,-1.3662866;-1.2225477,-0.38903832;1.9703857,0.06627969;0.43250063,-0.73623204;0.20768581,0.2752614;1.0561085,1.1207274;0.43712947,-0.5069689;-0.035295747,1.9287989;-1.1435645,-0.59013253;-1.4697101,-0.39298102;0.11138078,-0.94102514;-0.7588112,0.535788;-1.127165,-1.7440842;-0.07747083,-0.88373536;-0.018531786,-0.15959485;0.33722624,-1.3326656;-1.7496678,-0.15268764;1.885033,0.09461209;-1.6763761,-0.2524162;-0.04210229,1.8514975;0.6347674,1.271561;-0.90250015,0.8573026;0.81898224,0.6419115;0.4553759,-0.37225786;0.009254111,1.4272972;2.1382036,0.013056901;1.2818704,0.0152181685;-1.2938775,-1.9610842;-0.104247384,0.58023715;0.6959252,1.1795824;0.35784993,-1.3087579;-1.0683798,-0.46837386;0.6705553,1.0885136;1.5177991,-0.15863174;0.0011371373,-1.2196498;-0.18547575,-0.9697102;0.19247957,1.7616858;-0.51455414,0.44534394;0.19873784,-1.161042;-0.42498767,0.40441525;-0.11914927,1.3133874;1.7154832,-0.026879286;-0.727347,-0.6610399;2.0155306,0.11491384;1.0788002,1.1819583;0.5811862,0.9267511;0.32970065,-1.267217;-1.2199807,0.9984024;-1.7019392,-0.2779884;0.0806866,-0.90013;0.15154393,-1.2211825;0.896321,1.2401466;1.8970294,0.026508832;0.8395524,0.5917662;0.32697675,0.46894896;-0.87846047,-0.666548;0.2634418,-0.8423559;0.64032996,0.9553424;0.1674705,0.009817044;0.0050249123,0.98809624;0.4395495,-1.4287442;-0.03202052,-0.46107334;-1.4367079,-2.0359814;-0.017850483,-0.6664247;0.50581545,-1.4471414;0.3993452,0.3368807;-1.4006082,-1.8501045;0.68246466,1.3542883;0.614994,1.2121522;0.07858804,-1.2936567;0.5826595,0.8146534;0.45039532,-1.4482456;0.13283493,1.8068058;-0.13309865,-1.2600925;0.67650706,0.91486686;0.6758261,-0.31069636;0.6133107,1.0962231;-1.4028426,-1.8168242;2.02192,-0.17032346;1.4079185,-0.010702311;0.28399527,0.13428058;0.5060702,0.1318851;-1.342056,-1.8958721;0.0006204103,-0.6607814;0.19594237,-0.28061762;-0.04679144,1.4730508;0.021242214,1.1552927;0.8307944,0.62484366;0.8672185,0.69894123;-0.8793882,0.819501;-0.9857558,-1.2905589;0.2760197,0.30417544;-1.421283,-1.9207342;-0.114608645,-0.6285504;-1.3388169,-0.41855866;0.022884386,1.2717491;0.13380733,-0.6086813;1.0588292,1.2102517;-0.09988571,-1.2914374;2.1107044,-0.048197303;0.03269001,-1.2144554;-1.4255806,0.9978241;-1.2107567,-1.8030955;-1.2581286,-0.43742758;0.08637581,-1.125652;-0.4109775,0.29580656;1.7068086,-0.31566623;-1.5943561,-0.32601607;-0.002320134,-1.2943859;0.027259298,-1.2026458;0.6179976,1.3607241;0.47482765,-0.12073613;-1.3063376,-1.860803;-0.3173135,0.08360177;0.12105692,-0.84431374;-1.3279252,1.1654079;0.062251315,-0.21619439;1.9029891,0.031173352;1.8585696,-0.0036978375;0.16135134,-1.1265441;-0.06470824,-0.7437122;0.1628493,-0.8574213;1.8996692,0.112076215;-0.019963128,1.2088944;0.07672887,-1.021803;1.5472184,-0.6250386;1.472827,-0.041676365;1.5928524,-0.49999923;1.3910189,0.059566267;1.7422336,-0.35993904;-0.8569062,0.82544893;0.9836326,1.0123172;-1.1311442,-0.5344918;-0.79528254,-1.2539;0.9432068,0.923637;-0.48591527,0.54643756;0.07649482,2.002212;-1.3560507,-2.0133665;1.6437649,-0.42777857;0.35547507,-0.3161542;-0.2898889,0.1694232;-0.093188345,1.7826331;1.969538,0.089194395;-1.4300158,-1.9670727;-0.036323447,2.0055935;0.28473875,0.5195022;0.20232464,-0.07399292;-1.1552396,-1.7455097;0.20379655,-0.5455908;-0.3346167,0.22126342;0.08792062,-0.2448698;0.55626154,-0.17066851;1.8231143,-0.32855394;0.17644805,1.5931836;0.5641936,1.290682;0.34848914,-1.0893313;-0.024221066,0.5702564;1.9985662,-0.17134047;1.9560966,-0.072835;0.030908532,1.3474897;0.28875414,-0.13615343;0.40391052,-1.4301891;-1.0696112,-1.4528674;1.067749,1.0329832;-1.2549642,-1.5498859;0.19879036,1.1800151;0.6096589,1.3403189;1.0737573,1.2363979;-0.32969198,-0.7685708;-0.0010520864,1.7525643;-0.19711046,0.13869643;0.43183717,0.00432031;-1.644693,-0.36215714;0.5213925,-0.1136796;-0.9174218,-1.4885359;0.3859291,-1.0554023;-0.13273212,0.5795605;-0.974515,-1.6134;-1.5166047,1.1480659;0.022925023,-0.5676818;0.22002251,-0.8024886;0.8335569,0.46800926;1.7820295,0.102623396;1.8354375,0.0035841134;0.5503637,0.08269136;0.35741606,-1.4139715;-1.2598056,-1.8589568;-1.3607117,1.1317353;0.018086387,1.5342035;-1.2570223,-1.5957375;-0.12395176,-0.7001354;1.3656765,0.08311507;-0.081301056,-1.2337755;0.21689768,1.6718239;0.17346318,1.7939048;-1.4676946,1.2150296;1.8697823,-0.049851447;-0.9893869,-0.59193224;0.4694258,-1.2523082;-1.1349574,0.9473425;0.8922839,0.54705465;-1.881962,-0.182122;0.68581307,1.1148593;0.5223818,1.0539217;1.440004,0.08023883;0.99145955,1.0505849;-0.4232502,0.58758354;-0.03618767,1.8202554;0.22622013,0.2904663;0.1574042,-0.30311492;0.41571215,-0.37271076;0.5125502,-0.6684921;1.9356986,-0.24218923;0.74592125,0.6622008;0.7958444,0.97688055;-0.542883,0.55594903;0.13495223,1.1251789;1.0731248,1.2334403;-1.6436216,-0.29752523;-0.9716802,-0.48112968;0.036250915,-0.6096678;1.2779381,-0.2137341;0.017830914,2.0122652;-1.5253263,1.2353477;0.09584438,-0.35905838;0.04096903,-0.2000381;0.37062156,0.3882936;0.6739531,1.1152574;-0.88638586,0.78559303;-0.8029015,0.5068517;-0.41294536,0.36167392;1.5457847,-0.53906536;-0.026334584,1.8855247;0.24634762,-1.3264136;0.4620014,-1.4002818;1.5827401,-0.126931;-1.0886827,-1.3817081;-0.8380539,-1.2786933;-1.9184569,-0.16044563;0.011180516,-1.1404079;-0.06815485,1.4180294;0.3579749,-0.7870598;-1.3994864,-0.36517334;-1.0166317,0.89951766;-1.5119922,-0.29081878;-0.13340163,1.4599968;-0.5466295,-0.6476165;1.5074128,-0.045353062;0.6671682,1.1888157;0.39944002,-1.3706975;0.7334104,-0.36391172;-0.0029325115,1.5887326;-0.53383,0.53001684;-0.945237,-0.60892737;0.36860391,-1.4383798;0.54969275,0.9420638;-0.3638719,-0.7704272;-0.89792395,-1.357546;0.2907789,-1.0737278;0.46770665,0.33064362;-1.7815453,-0.22229557;-1.9487894,-0.21330877;-1.4053634,-2.0004025;-1.5949209,1.2122684;-1.1995322,-1.5824118;0.18063916,0.05877996;-0.30869508,0.096457504;-1.5203618,1.1845894;0.15688652,1.58003;0.6011282,0.90208095;-1.3773735,-0.35389394;-0.6060034,-0.5821076
p3d-kl
0.4486875534057617
p3d-iter
599
p3d
-1.6913024,1.9336146,0.4600674;1.319259,-0.277504,-0.66344225;-1.5414915,-0.08304472,-5.121849e-05;-1.0723544,1.2654877,0.4649567;-1.9844841,-0.348753,0.17803775;-1.5031322,1.7123017,0.673559;-0.6074818,-1.150249,-1.8095658;-0.36799812,0.8397031,1.0003568;0.1589667,0.17544498,0.53815967;1.1097665,-0.32613808,0.08054708;-1.9288682,-0.23800394,0.008989672;-0.14291789,-1.116356,-1.165518;0.26331246,-0.27661908,-0.118052505;-0.009445124,-0.34394604,1.3340663;1.0285898,-1.1213567,0.26188907;-1.3581477,-0.05378168,-0.0030855432;-0.51294166,-1.1794487,-1.3351337;-2.0664837,-0.2817235,-0.03636847;0.8697932,-1.1382111,0.08476018;0.45828044,-0.11093091,0.13149224;-1.4120036,1.643544,0.7435675;0.1599983,1.8888985,-0.21802759;-0.22175087,1.2882309,0.050628226;1.1949364,-0.3247021,-0.05735972;0.92374754,-0.78223777,0.2774189;-0.6900693,-0.11012602,1.9857819;-0.7615361,-0.13447733,2.0356245;-1.800786,-0.2557435,-0.21128924;-0.48230827,0.12477845,0.33466414;1.1618166,-0.88599527,-0.24287333;-1.1068866,1.2596347,0.650396;-0.10186112,2.1714725,-0.3242377;-2.2560873,-0.590658,0.11349816;-1.7734544,-0.14848372,0.023526965;1.1774393,1.074892,-1.7108388;0.38427085,1.536342,0.021145515;1.3417614,0.2946187,-1.152936;0.1239125,-1.0308697,-0.79100204;-0.51267797,0.03322882,0.43650156;0.32178146,-0.86176515,0.26238224;1.3859527,1.2238667,-2.062579;0.66156447,-1.2524155,-0.762255;1.2743995,-1.2410399,-0.31517866;-0.5252581,0.028158434,0.40571645;-0.42744374,-1.3569969,-1.2612208;-0.5183647,-0.7159025,0.058294576;0.3752477,-0.531033,0.23450246;1.2317796,1.482565,-2.237533;0.47244358,1.2436253,-0.01287327;0.0071536265,-0.7528753,1.6527334;-0.08078052,-0.7762003,1.725552;0.094403885,1.8530574,0.11942558;0.15212531,-1.0320156,-0.77986854;0.90081817,-1.1587021,0.11842292;0.8738752,-1.1420339,-0.13521355;-0.71848345,-0.13244458,1.9925972;-0.64910513,-0.5339208,0.0037160118;-0.9615201,1.2701745,0.89780766;-0.60858196,0.7663439,0.3752404;-0.42234316,1.1772234,0.47624826;-1.535497,1.7627829,0.480358;0.36560786,1.4007653,-0.07915605;1.3773364,1.5733359,-2.3866465;1.2121364,-1.2951226,-0.6201511;0.45450243,-0.008177523,0.016762046;-2.4763517,-0.68454033,0.074279204;0.6471684,-1.2713009,-0.043419197;1.7143067,-1.0041143,-0.13250732;0.027645415,2.021798,-0.010283364;-0.43174496,0.13582593,0.27964306;-0.46760952,-1.1987666,-1.8663945;-0.68405324,1.0302815,0.56326556;0.030052293,-1.2211349,-1.0591441;0.3182225,-0.9883777,1.5805982;1.234617,1.4315326,-2.1619039;-2.2450778,-0.54029036,0.012318214;0.4823537,-0.9199038,0.0166526;-2.2398427,-0.5053984,0.14445822;-0.7913015,0.5656193,0.13642266;0.14564326,1.674049,-0.29261658;-0.6334286,-1.175895,-1.7838832;1.283653,0.6479913,-1.3731211;-0.45008886,-0.7764978,1.8217686;0.114810154,-0.5910415,0.5365141;0.022904327,1.941571,-0.35974115;-0.5892368,-1.1711497,-1.8917811;-0.18326199,-0.9930205,-1.2614404;-1.6187102,1.8518671,0.44971478;-2.3951988,-0.64568895,0.07851135;-2.2780616,-0.6898926,-0.053067416;1.329139,1.4128072,-2.1586006;1.361147,0.9623346,-1.7542821;-0.6432491,0.781476,1.0109702;1.3879937,0.41880545,-1.2149888;1.5221639,-0.9533129,-0.39686477;-1.2251723,-0.019697802,-0.028623194;-0.685942,-0.30314463,0.09505789;-1.4708846,-0.07732047,-0.07844754;-0.10840865,-0.3502552,1.31805;1.4289765,-1.3380699,0.10369094;-0.6303999,-0.6263868,2.0210276;1.4318206,0.2007553,-1.0679649;-0.09392146,1.4433013,0.38426414;0.8469563,-1.2873516,-0.6772842;1.4583081,-1.1992368,-0.26420665;-1.039543,1.3826654,0.93928707;0.41943085,-0.95420027,1.4748015;1.5760183,-1.0495592,-0.31070763;-0.006998404,1.2236328,0.6372234;-0.05328539,-0.862525,1.7494235;1.3167697,0.87335426,-1.8788154;1.1075077,-0.6797905,-0.1762669;-2.057291,-0.2769819,-0.034857348;-1.4753169,1.5097862,0.77464414;-0.8991085,0.38042703,0.09361581;0.1812368,-1.1114161,-0.8466257;-0.04493025,0.39186043,0.42708817;-0.22172837,-0.61495084,-0.078644745;1.0965871,-0.8289313,-0.25345707;0.8291463,0.5293435,0.28167376;0.040190298,-0.8316759,1.6438366;1.3081106,1.1258003,-1.9024734;1.4885287,-0.54211265,0.005154684;-0.39403576,0.9456742,0.46059898;-0.6304788,-0.054442722,1.9150193;-0.16028523,2.1666458,-0.2972705;-0.41283527,-1.1695179,-1.2630724;0.2960936,-0.43560448,0.109865434;-0.44754544,-1.2075927,-1.5374069;1.2092884,0.28416008,-1.0154701;-0.7213614,-1.0926938,-2.0785477;-0.100846946,-0.20069891,1.0568581;1.3943383,-0.06198402,-0.8031497;0.43854225,-0.9780277,-0.32575652;0.8181674,-1.1443937,-0.030553177;1.3797997,1.5487845,-2.313572;-0.33853024,1.7771997,0.17549759;-2.1062922,-0.4869496,0.19086847;1.5244873,-0.20467308,-0.5609865;1.0146242,-0.48914576,-0.4146488;0.31757987,1.4034799,0.11459207;-1.006104,1.2966405,0.4024599;0.8353347,-0.1176127,0.23042428;-0.19712624,1.2098997,0.27236563;0.5789402,-1.1245861,1.6340925;-2.252056,-0.6084544,0.14405276;0.45629492,-0.9326637,0.44493064;-1.7698628,-0.22730334,-0.22980519;-1.7084488,-0.08530033,-0.09459769;-0.22897948,-0.4961467,-0.22651552;0.16345567,-1.2608985,-1.0150499;-0.10692009,-0.89479834,-1.1612455;1.0470176,-0.033137217,-0.6444459;-0.42804733,1.3434261,0.26594427;-0.21763831,-0.5098301,1.7849323;1.3148612,0.5587662,-1.4524581;0.90636694,-1.1946515,-0.50292444;-0.08698476,-0.40748492,1.1897476;0.6463817,0.90145975,0.2530756;-0.9412378,1.1575848,0.96895415;-0.53863364,-0.139042,1.5447443;0.5604381,-0.33583242,0.42202556;-0.06775729,-0.63609844,1.4731566;0.053965136,-1.0088027,-0.8400808;1.1904719,-0.113723025,-0.41034633;-0.7362493,-1.1365043,-1.8451401;-0.1508649,-0.2124803,-0.009421617;-0.08026546,-0.45924369,-0.03449852;-0.6543036,-0.4161687,0.00077067025;-0.43362427,-0.7511597,1.6064062;0.24597451,1.6293386,-0.17643473;0.5319363,-0.024943106,0.1829235;-0.124403045,-0.3142469,0.029865054;1.3000464,0.7672604,-1.6107289;1.5416557,-0.776301,-0.50076884;0.04504154,2.0429993,-0.1864918;-1.4513932,-0.043122128,-0.009013634;-0.4206315,-0.57372296,1.8415592;0.5565802,1.0363668,0.37798885;0.5867091,0.1198988,0.41855046;-1.1971978,1.5110943,0.8574027;0.009971549,0.27528548,0.17555015;-0.7504202,1.2041949,0.96799654;-1.081682,1.4381746,0.91121495;-0.32173356,-0.69709706,1.4881886;1.3905569,1.5109274,-2.2809954;-0.5999236,2.0647507,0.107771814;0.5961305,-1.233622,-0.7714046;-1.1267102,0.012756529,-0.06594454;-0.47570014,1.9335438,0.15088768;-1.4578034,1.7861742,0.71501553;-2.1238444,-0.48085776,0.180257;-0.81234473,-1.2698023,-1.6760259;-1.0947174,1.36365,0.3714943;0.84382695,-0.8351497,0.21943653;-0.8858528,-1.1936752,-2.10343;0.9785762,-0.32339323,0.27610466;-0.07198728,-0.26920885,0.025588317;1.1993477,0.028477063,-0.77101904;0.23867609,-0.9393649,1.6002975;-1.1475401,1.3345776,0.655647;0.48410875,1.3751398,0.07508288;-0.033525467,0.30323166,0.40949088;0.6052109,-1.1067674,1.627625;0.029075379,0.51322633,0.7579731;1.3411548,1.2622173,-2.0573742;-0.9153931,-0.1422252,0.04815405;-1.6391057,1.8821645,0.3995132;1.5419844,-0.48052415,-0.18798433;1.3287512,-0.58322203,-0.06462523;1.3671023,0.40864405,-1.2695047;0.4357944,-1.0060325,1.589963;-0.53906673,1.0025978,0.4371882;0.98454523,-0.5261794,0.8265165;1.0297183,-1.1416358,0.20895591;-0.44331983,-0.17031062,1.6804893;1.4014143,0.15626426,-1.0467892;-1.2955605,1.4620544,0.7424637;-1.6629938,1.90186,0.43153682;1.1805141,-0.51762575,-0.034269247;1.4042758,0.25076345,-1.2432566;-0.2548666,0.9997531,0.43987545;-1.917178,-0.47626483,0.041111067;-0.52709275,0.13742122,0.21154355;-0.1832103,-0.7793704,1.7670676;0.4821334,1.3843522,0.08894689;0.44158927,0.18733218,0.5801583;-0.2592165,-1.2030373,-1.3159236;1.345364,0.6570709,-1.5786915;1.1226807,-0.23307422,-0.6735387;0.5268871,1.157801,0.20530725;0.982434,-1.1817564,-0.45386854;-0.90007716,1.0463448,0.37842438;0.017210755,1.4275224,-0.12466774;0.91843104,-0.054606363,0.40119088;-0.2531007,-0.79380715,1.8569416;-0.3187261,-0.27301773,0.909111;1.81612,-1.3658336,-0.05467767;0.26806915,-1.0679593,1.5540096;0.85549486,-0.5663135,0.5243589;-0.5418469,0.900872,1.0039243;-2.087747,-0.479229,0.1589526;-0.8646073,-1.2482605,-1.7833643;0.7323214,-1.0716758,0.24932957;-1.4193422,-0.07759244,0.02050003;-2.3437645,-0.57559323,0.084290475;-0.18135965,-1.2281983,-1.476432;0.57509273,-1.1159424,-0.27680418;1.0154884,-0.39130354,-0.18673776;-0.24524122,-0.7868575,-0.5673484;0.46342757,-1.0840939,1.6479812;0.5563946,-0.5986863,0.66760254;1.1831808,0.55460364,-1.3510748;1.7818905,-1.395271,-0.1964727;-0.68181145,-0.5426332,2.0106692;-0.14948668,-0.8483119,1.7860103;0.32374734,1.7153504,0.09230501;0.5024607,0.23064396,0.58915764;-0.6123007,-0.5828714,-0.083772406;-0.5288136,-1.0679926,-1.7563285;-0.89159304,-1.2276667,-2.2338073;0.5744249,1.0678127,0.24258874;-0.98791325,1.2594595,0.9050842;0.548418,1.1108392,0.26876643;0.19779642,0.46448433,0.615526;1.3566161,0.4491684,-1.306944;-0.1928231,-0.92271835,-1.1313802;-0.8851343,-0.19447431,2.156412;1.1424216,-0.042484988,-0.73733884;0.35029373,-1.15473,1.5303518;-2.1380317,-0.36641604,-0.07121138;-0.06947759,1.3479112,0.36853737;0.3620932,0.0018324686,0.25523221;-1.9559094,-0.5449462,-0.051480222;0.3271593,-0.3486753,-0.17993487;0.33576363,1.2025452,0.3383639;0.31664136,-0.39045683,-0.21745972;-1.1414958,1.4907944,0.3686819;-0.54216564,1.9358466,0.14706957;1.3929836,0.38832334,-1.2306534;1.3912997,1.2270418,-2.0654588;0.14873943,-1.2380176,-0.9955543;0.6947514,0.75387883,0.31164485;0.7630383,-0.09361002,0.21047974;-0.6809265,-1.3010608,-1.5521609;0.27827036,1.8170508,-0.16544457;1.5612057,-0.47878736,-0.54311574;1.8823363,-1.4749383,-0.1026107;-0.4425155,-1.2057666,-1.2499434;1.4038161,0.17319581,-1.0950737;-2.4585977,-0.65851575,0.09314141;0.22237644,-0.47908816,0.028896257;-0.107754834,-0.82966775,1.7418175;-2.2484403,-0.43779403,-0.07983278;-2.2387793,-0.5527929,-0.082779154;0.031058129,-1.0347764,-0.9919916;0.73936987,-1.0342163,-0.09924136;0.5444585,-0.21377257,0.23016126;-1.1171787,1.35668,0.57452804;1.4445368,0.17016666,-0.92721075;1.3645445,1.5032415,-2.290171;1.2975626,-1.2398839,-0.4048861;0.44455916,-0.6388395,0.19970763;0.20479532,1.8631389,-0.19001459;-0.38477623,1.2644565,0.04179735;0.4217482,-1.2727133,-0.9220333;1.1887257,0.8254277,-1.5660352;0.0084999865,1.1561121,0.70965487;1.8291188,-1.338497,-0.097908415;-1.5590914,-0.08016655,-0.056688145;0.20005795,-1.2475017,-0.9796042;0.5280726,-0.79511225,0.28731716;0.6530277,0.04756303,0.41286185;-0.6549594,-0.3537496,1.9325187;0.69889957,-0.525731,0.45741546;-0.05223219,2.0721931,-0.27957815;0.47920486,-0.98412955,1.5675229;0.24133278,1.7142005,-0.13003658;-0.82500446,0.3206905,0.16893998;-0.19488843,-0.678608,-0.4027258;-0.82440275,-1.2320052,-1.9999955;-2.3759732,-0.6116465,0.16293222;1.0021551,-0.90579635,-0.19850312;-0.82003486,-1.1961492,-1.51729;0.5893009,-0.11750636,0.46710828;1.3665246,0.9668366,-1.8076448;-0.5159198,-0.13082708,1.8123889;-0.6636018,-0.8943746,-1.7917417;-0.09227065,-0.35996088,-0.00025192153;-0.8746727,-0.3907383,1.927257;-1.4722018,-0.08492012,0.0088037085;0.43117228,1.4782486,0.007609502;-0.87152565,0.35991654,0.11504148;-0.41392908,-0.028324608,1.0610021;0.51705927,-0.12676018,0.51048064;-0.18227907,1.7584956,0.17931527;-0.56755114,1.0381117,1.0003304;1.629022,-1.2617725,-0.23080292;-1.205972,1.609113,0.8974075;1.5269053,-1.3295738,-0.014896645;-1.5032873,1.7849269,0.6718297;-0.5267555,-1.1483783,-1.8428056;0.75460464,0.67462355,0.30700383;-2.3502772,-0.7568444,0.15123492;-0.052162457,-1.2539023,-1.198513;0.35703075,1.6744577,-0.10329321;-0.22478658,1.7211972,-0.2858502;-1.1344296,1.523934,0.83205646;0.59201944,-0.545534,0.388626;-2.5687973,-0.73013175,0.13641456;-0.8372028,-0.13293199,2.1285596;0.3945451,-0.8108811,0.124295495;-0.8150626,-1.2107202,-1.8528161;-0.30813795,-0.8987565,1.879635;0.64114565,-0.6376227,0.6918387;1.4173918,0.11141803,-1.1779546;-0.13501957,2.175695,-0.3131108;-0.18244791,0.7223848,0.5060738;-0.2214209,-1.1821865,-1.4251227;-1.3241513,1.6568385,0.7044396;-0.6298893,-1.2750112,-1.3974682;1.2916901,-0.18342628,-0.99167126;0.58841306,-1.1950079,-0.7105128;-0.149941,-0.5493293,-0.17322853;1.108976,-1.2092179,-0.50373995;-0.7455611,-1.0770125,-2.2073958;-0.20689693,-0.14805849,-0.1082822;-0.4161537,0.85005164,1.0093058;-1.5631746,1.8016919,0.48498818;0.29141945,-0.10180148,-0.041282274;-0.96196556,1.2263,0.9389932;0.4096961,0.26739427,0.6172407;0.5026233,-1.1620764,-0.6713471;0.54877174,-1.0014397,0.30816892;0.305251,1.7766875,-0.144748;-0.22324976,-0.54883885,1.7978505;-2.217116,-0.48855162,0.08646725;1.2552671,0.1329324,-1.2293954;1.2027929,-0.9686304,-0.2641704;-0.21821386,-0.30889067,1.522134;1.3742673,1.4364047,-2.250353;1.3391805,-0.5995469,0.27504012;1.8575941,-1.3938714,-0.011150949;-0.05675099,0.58888245,0.45167488;-0.28731033,1.2867994,0.0044687055;-0.74387366,-0.45031333,-0.048368547;-0.003941997,1.5715704,-0.10195866;0.37940687,1.5420543,-0.044124663;0.92955345,-0.292981,0.44199595;-0.9906061,0.3122301,0.07995713;-2.2020175,-0.5344198,0.10097513;-0.90779096,1.1505598,0.82668495;1.4916875,-0.14709298,-0.6204363;0.5206177,-1.033872,1.5243223;-0.4919601,1.9317042,0.17054066;0.27278352,1.6561013,-0.13006103;-0.9228009,0.74023277,0.40263057;-0.5440083,1.9555341,0.13835885;1.3296498,0.59536797,-1.5211523;1.1553777,-1.283128,-0.6294947;-0.1715746,-0.839655,1.8006965;-0.9410524,-1.2299395,-2.2494166;-0.57533896,-0.14464362,1.6496819;-1.5912164,0.069979146,-0.15333833;0.064907484,1.9760774,-0.12360443;-0.33854297,-0.66937166,-0.031837534;-0.48114443,0.038310803,0.5204873;0.34771487,0.28750718,0.5295676;0.19798759,-0.18277982,0.15118992;-1.6764444,-0.028675588,-0.24022534;-0.8216951,-0.4302551,2.1274252;-0.14895265,-1.1549648,-1.2939351;1.2481072,1.0523129,-1.7840494;0.4348832,0.40377998,0.9113239;0.357161,1.6078677,0.052502777;0.510845,-1.1353011,1.6088488;0.6087739,-0.45265642,0.92228144;-0.87034446,-0.21648957,0.019250248;-0.5292122,0.92873687,0.525193;1.3903618,-0.015012482,-0.9499863;0.17666067,0.26021004,0.31770158;-0.47961938,0.10934531,0.41073728;1.3350188,0.94127554,-1.7695558;0.6806559,-0.39032724,0.69651884;-0.33012986,-0.7427255,1.546756;-1.0938444,-0.055966113,-0.06343426;0.28058797,-0.41591266,-0.09866701;0.80094826,0.61335075,0.29492658;-0.713898,-0.5514115,2.0299268;0.7762793,-0.42400658,0.69763863;0.07111887,1.3807045,0.31733066;-0.94189304,-0.12227575,0.044940036;-0.8506053,-0.33742246,-0.046205286;0.5394344,-0.81394386,0.40680274;-0.14520162,1.7714796,-0.3204329;-0.73242384,-1.2352893,-2.0200655;1.1970006,-1.2444705,0.095879324;1.5229772,-0.6537616,-0.5401553;1.291913,-0.67779607,0.019442966;0.59688485,-1.0276967,0.2474591;-0.69746554,-0.09607566,1.9846594;-1.2630724,1.5019482,0.32009348;0.07706251,0.23336378,0.0681591;0.5413241,-0.95897233,-0.5113752;-0.45926115,-0.80786884,1.6414621;0.7542662,-1.2007971,-0.5513715;0.2318289,-0.5490532,0.9850446;-0.5920417,0.82976335,1.0146883;0.3598727,-1.0330243,-0.34732994;-2.6297486,-0.7480136,0.14057761;-2.1294425,-0.45916456,0.14010702;-0.24242002,-0.57719815,-0.11622659;-2.6144738,-0.73674977,0.12670526;-0.2895183,-0.8493393,-1.2961893;1.2639743,0.22378504,-1.079553;-1.8979019,-0.22003736,0.01341347;0.36671984,-0.96364814,1.6201667;-1.6140712,1.8590423,0.4644606;-0.54527533,-1.049329,-1.6710691;-1.2215732,1.4009587,0.71661556;1.3778049,0.25671494,-1.2474059;1.3219901,-1.0678295,-0.38963404;0.023407351,-0.38909143,1.1573853;0.12390052,1.936678,-0.2605494;-0.46921325,-1.1222961,-1.1528051;-0.7293588,-1.2235296,-1.8438683;-0.39420637,-0.891498,1.5979515;0.8010095,-1.0437782,0.25675026;0.5122787,-1.1371529,1.5797704;0.020707067,2.0173907,-0.053021453;-1.6896236,1.9363458,0.47552758;0.027994543,1.5239531,0.0831485;0.7953906,0.06985162,0.45887986;0.9435109,0.5794861,-1.447749;-2.4205735,-0.6527945,0.11104016;-0.23188879,-0.9387625,-1.219565;1.2321548,1.5474378,-2.293298;-1.0399351,-0.09907006,0.016105028;-0.37791064,-1.1649016,-1.2173852;1.2896576,0.21418403,-1.2339957;-0.66010845,-0.100007325,1.964443;0.46025324,-0.59370536,0.5195425;-0.77042,1.7245398,0.19878241;-0.45745233,1.2875915,0.1760922;-0.23071729,-0.91287106,-1.0712496;0.46116164,-1.1147738,1.6004431;1.2223454,1.0986166,-1.8984268;-0.53225064,0.81496006,1.0238413;-0.7761895,-0.4326276,1.9956303;-0.8648372,0.37826473,-0.2662377;-2.349923,-0.5661777,0.032586135;0.046295136,-0.8858619,1.6896923;0.015266433,-0.373599,1.1188931;0.72080916,-0.9444754,0.44644848;0.5629419,-0.4915837,0.94100296;-0.7764505,-0.3840897,0.0040589827;0.567595,-0.12562354,0.30374524;-0.4147946,-0.65029794,1.8287804;-0.5795205,0.90647054,1.0391982;0.6172004,-0.088820115,0.387996;-1.6918262,-0.0751295,-0.18816394;0.45055673,-1.0039921,-0.294368;1.3791338,-0.33853966,-0.61430144;-1.6149024,1.8607633,0.44429335;1.0427086,0.5631261,-1.4472826;-2.1451538,-0.49032623,0.13073349;-0.22094701,-0.29804647,1.5410156;0.6930629,0.77221787,0.31807876;0.5473595,0.065090835,0.64870745;-0.0911341,-0.35990638,1.1921345;-0.4152556,-0.69651544,1.8812654;0.60956824,0.9501744,0.3639032;-0.3129862,-0.30402175,1.6271526;0.78579766,-0.21678832,0.54789734;-0.33627874,0.10688569,0.27568027;1.3321482,1.611885,-2.359268;1.6522666,-1.2860337,-0.26828057;0.59772563,-0.48513862,0.93589425;-0.5413153,0.9520404,0.94967675;0.8594566,-1.2957796,-0.7056946;0.2058789,1.404194,0.10445407;-0.57618314,1.9157538,0.12646064;-1.0098549,1.2375857,0.43191588;0.14495875,0.25342894,0.062531225;-0.6621907,-1.0660404,-1.546858;-1.497055,1.7719814,0.67630804;0.13736092,1.8988547,-0.21923015;-0.8895758,-1.0697244,-1.5325646;0.16412403,-0.19024813,0.14228472;-0.85176694,1.2134774,0.9320469;-0.9427824,-1.2158034,-2.2099;-0.24957427,-0.093264505,0.08279865;-0.32284525,-1.212685,-1.6233928;0.94118327,-0.3265537,0.50788313;1.5122899,-0.51308995,-0.53700435;-0.76222414,-1.2507231,-2.0619857;-0.81966686,-0.45474017,2.0658028;-1.0979704,1.0675771,0.889456;0.38696665,-0.14669654,0.1893285;-0.7093405,-0.5262871,1.9658568;-0.9065491,-1.2144959,-2.064979;-0.10294655,1.5052266,0.3315486;-0.7721406,1.1072568,0.9696589;-1.3199692,1.4329025,0.792223;-1.876124,-0.33163926,-0.13520041;-0.28933033,-1.1987298,-1.6004962;-0.61406964,-0.51767814,0.045240644;0.78168404,-1.222812,0.0134446435;-1.0838413,1.4538472,0.40906423;0.43278608,-0.9115829,1.4236863;-0.82900274,-0.12498119,2.1273713;1.48459,-0.14320618,-0.63455224;0.007770748,1.1983886,0.6227109;-0.286127,0.011296284,1.0079738;-1.647372,-0.103001304,-0.22564359;-1.4448501,1.7577887,0.7105934;-0.40803954,-0.6766368,-0.029351374;-0.08671608,-0.06058248,0.827532;0.5286863,-0.2159406,0.8476453;1.4643068,-0.32182014,-0.4240403;-0.101201884,-1.3562559,-1.1309737;-0.24209881,-0.8901893,1.67664;0.059234925,-0.88207453,-0.72311366;-1.7009553,-0.15591216,-0.24299324;-0.040879793,-0.57838917,1.4301577;1.3808216,1.3567291,-2.1658506;1.4737636,-0.55619603,-0.5322886;0.15478715,-0.46021235,0.02482863;0.46570694,-0.9086637,1.4178531;0.024905795,0.03907459,0.67994404;-0.90025103,-0.22682521,2.161693;0.5132741,-0.800557,0.3557228;1.1159538,-1.2826666,0.06279951;1.2997023,-1.2833614,0.00092153467;-0.15752321,0.66431725,0.45491904;1.3445339,1.1348532,-1.9891262;-0.48009422,-0.7099458,1.929816;-0.8949229,1.1552072,0.35233077;0.8749958,-0.48073584,0.80830055;1.8319123,-1.2690547,-0.010833481;-1.7028949,1.9472011,0.4637464;0.11641963,0.1313754,0.580942;-0.6856851,-1.2919273,-1.3757586;0.57868177,-1.0344887,-0.3038209;0.4587298,-1.0318068,1.5967102;-0.47857162,-0.12985681,1.8253807;0.69110847,-1.2163843,-0.57543147;-0.79161876,0.8060112,0.38451144;-0.3918859,-0.69380856,1.5204272;1.5181823,-0.6273886,0.017391425;-0.2209129,1.9771215,-0.2123719;-0.65174365,1.0868902,0.7916743;0.10480619,1.9879863,-0.27272925;-0.89655477,-1.0421039,-1.615735;1.2616765,1.5430095,-2.1546705;1.3786913,1.5769259,-2.3308513;-0.22695827,1.48047,0.5109688;1.1268927,-0.3214568,0.023367537;1.0043019,-0.008402413,-0.40030572;0.37378746,-1.1105634,1.5885311;-0.73608917,-0.514188,2.0660813;0.30847955,-1.0307931,1.6722552;-0.39613765,-0.82628316,0.042150397;-2.1526775,-0.30054983,-0.13348886;0.33631444,1.5769051,-0.10945196;-0.66898876,-1.2274381,-2.0302725;-0.7577048,-0.4300367,0.017264687;-0.66503114,0.7670976,0.3565905;-0.77117175,0.72246796,0.21731989;0.63994294,-0.5538712,0.9628731;-2.091741,-0.3319483,-0.027992893;-0.063150376,-0.37725806,0.15750252;1.173424,-0.9318262,-0.2676506;0.7210944,-1.0770283,-0.07580123;1.2904662,1.3965864,-2.0947268;-0.5497821,1.9237041,0.13942361;-0.8114421,-0.3031751,0.011912351;-0.52793586,1.1094376,1.0282319;0.78836316,-0.7873952,0.26388955;0.5927313,0.22115296,0.5070596;-0.681657,-1.183432,-1.5704076;-0.2725278,1.5870456,0.26569128;0.77866095,-0.45470914,0.58434474;-0.36321324,-0.77070403,-0.006016513;1.1336945,0.6675243,-1.5021509;0.49679616,-0.58997315,0.93405116;1.361047,0.39437678,-1.3023498;1.5385183,-1.0495547,-0.3069;0.52489275,-1.0530087,1.5717747;0.9993869,-0.5165909,0.4211746;1.380784,1.3565869,-2.1659713;-0.39718845,-0.7270278,1.9366652;1.1414472,-0.89058256,0.38870928;-1.1637727,0.042429987,-0.0432604;-1.7257892,0.0014819507,-0.3683093;-0.10880707,-0.965761,-1.0979105;0.5799491,-1.0054598,-0.5018763;-0.79300934,-0.2972642,0.05514962;0.1696245,0.24578446,0.5851541;1.3774905,0.11279725,-1.0938579;0.9108403,-1.1882113,-0.5191323;0.62359643,-0.7435207,0.36041278;-0.26992142,-0.4818609,1.796691;-0.11472451,1.0410037,0.45388806;1.2386622,-1.2774534,-0.24805474;0.13313755,-1.0765119,-0.8769928;-0.9985982,1.3230426,0.93498236;-0.20347574,2.0802588,-0.2262207;-1.0296853,0.044129718,0.0036912893;1.2773441,-1.1481694,-0.2790363;1.2702842,0.90526223,-1.7034853;-0.11067338,-1.2201912,-1.2293996;-1.7168684,-0.24025904,-0.22776486;-1.4678007,-0.101856895,-0.13789299;-0.53525466,-1.0544692,-1.4895267;1.3327795,1.4611259,-2.2354925;-1.1007475,-0.049787886,0.0045037935;0.7599615,-1.3310102,0.010950706;-0.9686703,-1.1915224,-2.2926583;-2.1690986,-0.41192517,-0.11392563;-0.5906292,-0.60348856,0.04302384;1.1837045,-1.2218503,0.15159054;-0.03830533,-0.9428995,-0.84718937;-0.5142544,-0.098362595,1.5227277;1.1699545,-0.54239804,0.37618762;1.4146246,0.21780603,-1.2499166;0.40820074,0.2910537,0.4836645;0.5309352,1.2096403,0.15301587;-0.28528625,0.8921771,0.4053987;0.5314931,-0.648544,0.3227227;-0.23567192,-0.8279236,1.8519821;-0.2999457,0.0013194586,1.0123217;-0.25768816,1.5948343,0.3365313;1.5892276,-1.1211637,-0.31084362;-0.2048425,-0.39625978,0.026243769;1.2980126,1.0462124,-1.8246434;0.33804056,1.479509,0.0024370386;-1.438822,1.7350985,0.6953354;-0.2747766,-0.11990312,0.85833526;1.870932,-1.4366503,-0.004429371;-1.7472008,-0.177568,-0.1470245;0.24197493,-0.43979985,-0.08686947;-2.4100246,-0.6346137,-0.068158515;-0.2907039,1.6573793,0.07156768;0.9102655,-1.1306658,-0.49238145;-0.67083204,-1.0894105,-1.7782968;1.274588,0.7070746,-1.5074986;1.0583533,-0.57436216,-0.36541167;1.3691828,0.112391904,-1.1903131;-0.9593046,1.3009744,0.973226;-0.3694015,-1.1979821,-1.7684249;1.3048052,1.0294598,-1.8376846;1.104295,-0.08795837,-0.5885842;-0.24207017,1.5353075,0.479823;-0.05929158,-0.95957404,-0.8508627;-0.014018653,-1.2802827,-1.4176991;0.60435975,-0.94809276,-0.43393964;1.7279847,-1.1057597,-0.1496448;-1.8353232,-0.20943683,0.045993548;0.14456816,-0.58659714,0.6755013;-1.3208008,1.5651637,0.5106818;0.72804207,-0.06202821,0.12759389;1.3092557,1.029853,-1.9168599;1.1133877,-0.6176556,-0.2911902;0.8064524,0.5913829,0.29039097;-1.6165222,1.8559856,0.47715485;0.31034258,-0.22838694,0.22269124;1.176066,-0.07900467,-0.5848337;1.6146567,-1.0799648,-0.25334537;-0.0601432,-0.2141601,0.08792301;-0.19638352,-1.2183603,-1.545758;0.0058544474,-1.2521226,-1.1211606;-0.80008554,-0.3910391,0.007326796;-1.563148,-0.13401459,-0.14975016;-0.9701842,1.0341396,0.4756708;-0.747193,-1.2266184,-2.1541953;-0.6455352,0.9915206,0.99769384;0.26079905,1.5002677,-0.116951115;-0.48993677,0.14837717,0.18171807;0.3361256,0.28953895,0.5159642;-0.19650567,-1.1717551,-1.4126351;-1.2166979,1.3638043,0.799863;-0.8991376,0.82581514,0.40959793;-0.23847449,2.1030917,-0.2511092;0.019490285,0.49553996,0.32834965;0.09535463,-1.072506,-0.9032433;-0.002359241,0.7004879,0.6252517;1.2765485,1.5287985,-2.3073683;0.022914074,-0.96907544,-0.9741159;1.1490389,0.4660797,-1.4117717;-0.6292468,-0.116081096,1.9213595;1.2620085,-0.5382683,0.23724501;0.035232514,0.25267556,0.19194454;0.08819789,1.9720616,-0.26171365;0.94162357,-0.23789366,0.26216483;-1.475262,1.773462,0.6988081;1.4579039,0.28306973,-1.2277572;1.3349006,0.80298144,-1.6592778;1.1886905,-0.6412715,-0.39774197;-0.8948963,0.21464463,-0.25813788;-0.31327015,-1.2062231,-1.7024171;0.98642933,-1.1603808,-0.43647856;0.34058982,-0.5553781,-0.05748802;1.7735062,-1.1166492,-0.25345886;1.2673715,1.5318311,-2.013659;-0.6083641,-0.19526975,1.7260393;1.2740552,1.1748263,-2.0010808;-1.3661681,1.6919041,0.76221865;-0.4254209,1.7138917,0.0877867;-1.4619076,-0.07211279,-0.0062543727;0.5122062,1.137349,0.3120289;0.77628255,-0.401034,0.5427585;-0.8530329,1.0125102,1.0026958;-0.8458249,-0.3864794,2.0593903;-0.22422647,-0.2105288,0.7329073;-0.65848166,-1.025471,-2.0880551;-0.5321113,0.16216277,0.35425884;-0.2610047,1.7661005,0.24486014;1.6807138,-1.2476984,-0.20976616;1.2192439,0.3188682,-1.1384649;-0.13597836,1.6107221,0.29412374;-0.023258923,-0.3873038,1.3463559;1.6157663,-0.53460026,-0.31527808;1.0050207,-1.3133242,-0.6633412;-1.1805594,1.48662,0.3283824;-0.7495684,-0.4474796,-0.052614175;1.3429741,-1.0283853,-0.35290915;-0.6065723,-0.4856413,0.0034990255;-0.5532371,1.0985148,1.036349;-0.2882449,-0.24224521,1.599476;1.3138821,-0.09343133,-0.5840852;-0.7162734,-0.10898774,1.9505173;-0.004084799,2.0871847,-0.28719866;-0.014704415,1.2614553,0.4340734;1.6224852,-1.1991123,-0.23732032;-1.9618378,-0.27464092,-0.0015861585;1.3614525,1.2237158,-1.9569823;1.0989788,-0.5742466,-0.45920327;1.4698457,-0.891401,-0.3699405;-0.19154195,1.722821,-0.30029428;-0.46524003,-0.10715749,1.8460226;0.5680494,1.0612607,0.28367054;-0.10534293,0.6270116,0.4492792;1.4304485,-0.07648717,-0.8309273;1.1013002,-0.42948192,-0.06838477;0.02346417,1.362774,0.35958079;0.360005,-0.110152386,-0.07211168;-0.72258013,0.69968706,0.23668225;1.8595729,-1.4331025,-0.07590075;0.48732084,-0.93387777,-0.02585315;-0.8984824,-1.1665351,-2.248071;0.7569782,-1.0765897,-0.0940029;1.9118018,-1.5592898,-0.12504919;0.14428228,0.44124022,0.5242119;-0.74892426,-1.2774255,-1.8392016;-0.51186156,1.9312056,0.13813736;-0.33269936,1.5962547,0.09390108;1.5373083,-0.7238618,-0.45534986;0.06718797,1.0649141,0.5341155;1.8808277,-1.4550745,-0.070580155;-1.2785977,1.5293123,0.4012316;1.5110047,-0.31469676,-0.5989403;0.1110321,1.3553133,0.32883704;0.43215254,-0.54386926,0.8244049;-0.21951586,1.4685979,0.25432745;-0.7657763,-1.220673,-1.781915;-0.585119,-0.7348063,1.965511;-0.1988189,-0.19025394,1.0230509;0.41859654,0.41631377,0.9260584;0.34207112,0.08295561,0.6845644;-0.6707212,-1.2254988,-1.9816477;0.7655982,-1.095244,-0.07196551;0.5289006,-0.5438636,0.1934969;-0.8737408,1.1622362,0.9609124;-0.38627654,0.62956035,0.8706232;0.5247352,1.1055565,0.28606373;0.4800364,1.250839,0.19708961;-1.4136275,-0.048145674,-0.021840444;-0.07858562,-0.8929515,-0.8136583;0.043125965,0.30367002,0.33559886;-0.8016127,-1.27186,-2.0318036;0.6086078,-1.0470624,-0.21777682;1.2790501,0.61045665,-1.5321473;-0.610723,0.81133574,0.9945311;0.84437644,-1.1080788,0.17102462;-0.061813213,2.0924277,-0.2862004;1.5780716,-0.44949296,-0.5772985;-0.75192505,-0.4704157,2.0793195;1.5987204,-0.5997423,-0.27116892;-2.2990625,-0.33302584,-0.10156217;-0.45822173,-1.1922393,-1.800938;1.2396489,0.57925236,-1.3677695;1.5089867,-0.6808763,-0.036415868;-0.48981586,-0.65105003,-0.040787876;-0.09500924,-0.81219095,1.6418529;1.3237417,1.0278044,-1.836848;1.5228041,-0.60947293,-0.5131621;1.5793228,-0.58453083,-0.2603584;-0.57157713,1.8165221,0.110264584;0.78241616,0.008360717,0.3828151;-0.6084959,-1.1746802,-1.8934263;-0.17323248,-0.678944,-0.4521636;0.996234,-0.47692403,-0.3398471;-2.1182284,-0.6324947,0.06456234;0.2627679,-0.6411882,0.41949996;-0.47958502,-0.105861,1.8507136;-0.42796654,-0.2125519,1.7942474;1.340121,-1.1102362,-0.38311568;0.76948756,-0.6689366,-0.33955637;0.97228897,-0.56489486,-0.2766577;-0.65623724,-0.20549637,1.7318813;-0.46502322,0.78183246,0.97102934;1.2926422,-0.53126746,-0.11177797;0.42286628,-1.1328423,1.5745578;-0.15886815,-0.21124956,1.1674774;0.22422902,-0.961545,1.6003284;-0.32135072,-0.07388974,0.95001316;-0.07170201,-0.79448545,1.754308;-1.384135,-0.05610822,-0.014041117;0.17959392,1.7202421,-0.18991908;1.4027531,0.33946216,-1.1701641;0.30663553,-1.0706,-0.68258256;0.2643087,1.6255021,0.022063142;-0.7968095,-0.2503709,0.021311427;-1.5658445,1.7837305,0.42196605;-0.751809,-1.0803162,-2.2110245;0.09493857,-0.8805247,1.6408964;0.48605183,-0.6580858,0.5919018;-0.23342521,-0.5853364,-0.16184303;-1.2599,1.6504774,0.8734474;-0.66861534,-0.13652508,1.8886688;-0.85099083,-1.175141,-2.1043632;-1.5984768,1.875422,0.6151208;-0.2105317,0.61720127,0.50668275;0.3825663,-0.11476162,0.15452762;-0.34912306,-1.1978475,-1.7018851;0.7931128,-0.87485176,0.20435442;-0.3227203,-0.6152133,-0.051149603;0.30108538,-0.64213556,0.2578234;0.93432957,0.021808056,0.44046015;-0.18727465,-0.83343756,1.8274611;-1.0057104,1.1650141,0.43720102;-0.489832,1.6209943,-0.030788772;1.302389,-1.2185599,-0.08191109;-0.44203985,0.19998151,0.42058283;-0.5461604,-0.71394813,1.9772146;-0.5437096,-0.46119958,1.8890344;-0.75338966,0.87602615,1.0155632;0.5740187,-0.16175929,0.20443104;1.8490098,-1.3695788,-0.059192542;-0.18762372,-0.9593849,-1.1883432;0.2242951,1.869165,-0.2334893;-0.48266467,-1.1086156,-1.2557514;-0.5349477,1.0798572,0.57589495;-0.5501611,1.7691681,0.08903255;-0.09638562,2.1341233,-0.2955781;0.35809007,-1.1065944,-0.5088544;-1.291129,1.4346741,0.76003426;-0.1212111,-0.47073203,-0.07109152;0.5006539,0.16071472,0.39573336;1.3152827,0.9634471,-1.9704902;0.82308936,0.05076639,0.46140608;-0.01165972,-1.2693669,-1.1433358;1.265288,-1.282941,0.017812701;-0.5761715,0.17954467,0.29727978;-0.056611408,-1.2703673,-1.4488165;-2.4470577,-0.62078434,0.06876869;0.69880235,-1.2949501,0.051268905;1.1495538,-0.5820598,-0.048767913;0.6853103,0.7980663,0.29072812;-0.5214528,-0.14272873,1.518125;-0.42372853,-0.21176271,1.7522333;0.5496947,0.386283,0.5746489;1.826195,-1.2814478,-0.033042006;-0.5490977,-1.1165967,-1.8850334;-2.1868064,-0.549713,0.09400057;-1.0322433,1.10774,0.8903585;-0.50691515,-1.1656743,-1.3350416;0.7237127,-0.8541145,-0.29757604;-0.36665747,-0.12297862,0.93438816;1.4858788,-0.3915526,-0.5147922;-1.0258552,1.3753407,0.35183218;-1.2396189,1.5200206,0.34608257;-2.3892424,-0.69672686,0.19673206;-0.45996776,-0.3683786,1.7688922;1.4203324,0.12363588,-1.034901;1.8496771,-1.0189663,-0.36050707;-1.8132281,-0.28164366,-0.073964536;0.62159675,0.97728455,0.15802516;1.3226544,1.5203481,-2.3015876;-0.15614933,1.6622592,0.2681604;-0.18167032,1.3906856,0.5766297;-0.31874663,0.0100354245,1.0349705;0.13113561,1.7927405,-0.13347372;-0.7723229,-0.12100999,0.17144987;-1.3488349,1.6143444,0.77638024;0.023240538,0.29670414,0.2395792;0.49713334,-0.6360629,0.14439058;0.70375085,-0.592635,0.62795824;1.3087697,-0.5564963,0.37583825;-0.41083005,-0.7849805,1.9291276;0.40502113,1.1675574,0.44846845;-0.05976937,1.3852986,-0.0029822774;-0.88119227,-0.24807069,-0.0004254319;-0.49037716,0.87658,0.59495646;-0.09152891,2.1359415,-0.28957278;1.3295561,1.1169164,-1.8960632;1.2053517,0.2105134,-0.9472184;0.7907358,-1.3277074,0.0021308507;0.17797746,-0.55683863,0.93962693;-1.593947,1.8353741,0.489036;-2.506,-0.74463177,0.18202092;0.43961382,-0.8354472,0.23064303;0.16777818,-0.60649306,0.3219227;0.039532945,0.51238656,0.501683;-0.1680645,1.6535472,0.2882677;-1.389545,-0.01834012,-0.08456813;-0.86736196,0.33921066,-0.26746166;-0.55516434,-0.53428334,-0.022497902;0.32126084,-0.9931067,1.5686471;-1.4293612,1.7127006,0.7268659;1.6846815,-0.9729105,-0.16432285;1.883767,-1.4347295,-0.15128954;-0.12136168,-0.38874933,1.4326046;-0.222596,-0.9043562,-1.0266675;0.18411703,-1.0405096,-0.74919885;1.3199022,1.575609,-2.3588917;1.5122169,-0.5272066,-0.1133248;-0.760567,1.1425892,0.965256;1.0911677,-0.36363184,0.14307596;1.2295486,0.7778541,-1.5678273;-1.6596903,-0.10457943,-0.044926796;1.2432933,1.0621966,-1.6746703;-0.77007306,1.3245676,0.92425877;1.2076735,-0.15440361,-0.34351483;-0.18740653,-0.23312446,1.2403163;-0.27833903,1.7050529,0.18297964;1.8570806,-1.2978438,-0.19062373;0.45834804,-0.5604585,0.9738957;-1.0754942,1.223849,0.85889035;-0.8579124,-0.29912496,-0.005771252;1.4147731,0.01599975,-0.983712;1.8804188,-1.3080854,-0.07030207;-0.071336664,1.2270249,0.45336118;0.30092847,-1.0911437,-0.585719;0.08358324,-1.0440954,-0.92438567;1.2232015,-1.2763424,-0.21778138;0.2136721,0.48570758,0.6284931;1.3276345,1.3945447,-2.1043487;1.3759314,1.5639756,-2.385885;-0.8252625,-1.137775,-2.1803925;-2.6028636,-0.7356432,0.1286785;-0.44886822,-1.2920623,-1.2494291;0.2533807,0.06691074,0.048573222;-0.18390411,-0.6423492,-0.40465724;-2.4632533,-0.6688391,0.094013214;-0.95416623,1.172795,0.49183807;0.04450781,1.247645,0.4370469;1.2010872,0.78182906,-1.5421385;1.073937,-0.044422884,-0.5317571
