data_set
babi-q1
num_classes
6
data_points
1000
model
saved_models/babi-q1-e0198.ckpt
color_schema
#4E79A7,#F28E2B,#E15759,#76B7B2,#59A14F,#EDC948,#B07AA1,#FF9DA7,#9C755F,#BAB0AC
test_accuracy
0.922
test_loss
0.31688921982049945
train_accuracy
0.97775
train_loss
0.06632112493878231
val_accuracy
0.9445
val_loss
0.22765441928431393
labels
12,9,15,12,15,12,11,12,17,17,15,11,17,10,10,15,11,15,17,15,12,17,17,12,10,10,10,15,15,15,12,17,15,15,9,17,9,11,15,10,9,11,9,12,11,15,12,9,17,10,10,17,11,11,15,10,15,12,11,12,12,17,9,11,11,15,15,9,17,17,11,12,11,10,9,15,15,15,12,17,11,9,10,11,17,11,11,12,15,15,9,9,12,9,9,15,15,15,10,10,10,9,17,11,11,12,10,9,17,10,9,9,15,12,15,11,17,15,9,17,10,9,10,12,10,17,11,11,11,9,11,12,9,11,15,9,17,15,9,9,17,12,12,17,10,15,15,15,15,15,11,11,9,17,10,9,11,10,17,12,10,10,10,11,9,11,11,11,15,10,17,17,11,9,9,17,15,10,17,17,12,12,12,12,10,9,17,11,15,17,12,15,11,12,12,11,17,15,9,10,12,17,17,10,12,9,15,12,9,12,9,10,12,10,9,10,9,12,12,9,9,12,15,12,10,17,12,11,9,9,17,11,12,17,12,10,10,10,10,17,12,15,11,11,15,15,11,11,11,11,10,17,9,9,10,10,17,17,15,11,11,17,12,17,17,9,11,10,9,10,15,17,17,15,9,17,15,12,17,9,9,11,17,17,11,17,9,17,11,9,15,15,10,15,15,11,11,12,12,9,9,9,9,17,12,11,9,17,17,15,11,11,17,10,11,17,10,17,17,11,11,15,15,11,11,9,10,11,11,10,15,17,15,10,10,17,12,17,12,12,12,11,17,15,11,17,12,12,15,15,10,11,11,10,10,9,17,12,11,12,11,9,11,11,11,11,11,12,12,12,12,12,11,11,17,10,15,9,9,10,9,10,10,17,17,15,17,17,17,15,15,12,9,10,17,17,10,17,9,11,10,11,10,15,17,15,12,10,11,15,10,11,9,12,17,10,10,15,12,9,12,12,9,12,10,15,15,17,10,10,17,15,15,15,17,11,15,9,10,11,10,12,9,11,10,11,10,12,11,15,15,15,15,11,9,15,10,12,11,12,9,11,10,17,11,11,10,10,10,17,12,17,17,9,15,11,9,15,11,9,10,10,12,12,11,10,9,12,10,9,15,10,10,11,11,15,15,10,12,12,15,11,9,12,9,15,10,17,17,10,10,17,10,10,17,9,9,10,12,11,17,17,12,12,11,12,17,11,11,12,11,11,11,17,9,11,10,12,12,10,11,17,12,12,15,11,15,15,12,10,10,9,17,10,15,12,15,10,10,10,11,10,11,15,10,9,9,15,10,10,10,10,15,15,17,9,10,12,10,10,12,12,11,15,10,10,11,12,10,10,17,12,17,11,9,9,17,17,11,10,10,10,15,15,17,11,15,12,11,10,15,17,9,11,9,17,15,12,15,17,11,17,17,15,9,10,9,9,10,10,9,10,10,15,11,11,11,15,12,9,11,11,10,17,11,11,12,17,15,15,9,11,15,15,11,9,15,15,11,15,15,15,11,10,10,9,17,17,17,17,10,10,17,9,15,9,17,12,12,12,15,15,15,17,9,11,9,17,9,12,11,9,9,17,11,11,11,10,15,10,12,12,9,9,17,12,12,9,17,12,11,11,15,15,12,11,12,17,12,17,11,12,11,17,17,11,17,9,11,9,10,10,12,17,10,12,9,9,9,15,11,11,15,17,9,10,9,12,17,15,17,17,12,10,12,11,11,17,15,9,17,10,9,11,12,15,9,15,12,10,9,10,17,17,15,15,9,9,9,17,10,17,17,9,12,17,17,12,12,11,11,11,11,17,11,17,17,17,17,17,12,9,17,10,17,11,10,10,12,12,11,11,17,12,12,17,17,15,11,17,11,11,9,12,9,17,9,10,9,15,11,9,11,15,10,9,9,9,17,12,11,11,17,15,15,10,10,11,11,17,10,12,9,10,10,10,10,10,15,17,9,11,17,15,12,11,10,10,15,12,10,11,12,12,11,11,11,15,12,17,10,12,17,17,12,10,10,12,17,10,11,17,11,12,17,17,11,12,11,17,9,9,11,17,11,11,15,15,17,17,10,10,17,12,11,15,12,11,11,10,9,12,12,15,10,9,17,15,17,9,17,17,10,17,15,12,12,11,10,10,10,17,17,15,12,17,9,9,15,10,12,15,15,15,17,17,15,11,15,10,12,9,9,10,11,11,9,9,12,15,9,15,9,12,12,10,17,17,10,12,15,9,10,17,11,11,11,17,9,9,11,15,11,11,11,15,12,17,9,10
pred_labels
12,9,15,12,15,12,11,12,17,17,15,11,17,10,10,15,11,15,15,12,12,17,17,12,10,10,10,15,15,17,12,17,15,15,9,17,9,11,15,10,9,11,10,12,11,15,12,9,17,10,10,17,11,12,15,10,15,12,12,12,12,17,9,11,11,15,15,9,17,17,11,12,11,10,9,15,11,15,12,17,11,9,10,15,17,11,11,12,15,15,9,9,12,9,9,15,15,15,10,10,10,9,17,11,11,12,10,9,17,10,9,9,15,12,15,11,17,15,9,17,10,9,9,12,10,17,11,15,11,9,11,10,9,11,15,9,17,15,9,9,17,12,17,17,10,15,15,15,15,15,11,11,9,17,10,9,11,10,17,12,10,10,10,11,9,11,11,11,15,10,17,17,11,9,9,17,15,10,17,17,12,17,12,12,10,9,17,11,15,17,12,15,11,12,11,11,17,11,9,10,12,17,12,10,12,9,15,12,9,9,9,10,12,10,11,10,9,12,12,11,9,12,15,11,10,17,17,11,9,9,17,11,12,17,12,10,10,12,10,10,12,15,11,11,15,15,11,11,17,11,10,17,9,9,10,10,17,17,15,11,11,17,12,17,17,9,11,10,9,10,15,17,15,15,15,17,15,12,17,9,9,11,17,12,11,17,9,17,11,9,15,15,10,15,15,11,11,12,12,9,9,11,15,17,17,11,9,17,12,15,11,11,17,10,12,17,10,17,15,11,11,15,15,11,17,9,10,11,11,10,15,17,15,10,10,17,12,17,12,11,12,11,17,15,11,17,17,12,10,15,10,11,11,10,10,9,17,12,11,12,11,9,11,11,11,11,11,12,12,12,12,12,11,11,17,10,15,9,11,10,9,10,10,17,17,15,17,17,17,15,15,12,9,10,17,17,10,17,9,11,10,11,10,15,17,15,15,12,11,15,10,11,9,12,17,10,10,15,12,9,12,12,9,12,10,15,15,17,10,10,17,15,15,15,17,11,15,9,12,11,10,12,9,11,10,11,10,12,11,15,15,15,15,11,9,15,10,12,11,12,9,11,10,17,11,11,10,10,10,17,12,17,17,9,15,11,9,15,11,9,10,10,12,12,11,10,9,12,10,9,15,10,10,11,10,15,15,10,12,12,15,11,9,12,9,15,10,17,17,10,10,17,10,17,12,9,9,10,12,11,17,17,12,12,11,12,17,11,11,12,11,11,11,12,9,11,10,12,12,10,11,17,12,12,15,11,15,15,12,10,10,9,17,10,15,12,15,10,10,9,11,10,11,15,10,9,9,15,10,12,10,10,15,15,17,9,10,12,10,9,12,12,11,15,10,10,11,12,10,10,17,12,17,11,9,9,17,17,12,10,10,10,15,15,17,11,15,12,12,10,15,17,9,11,9,17,15,12,11,17,11,17,17,15,9,10,9,9,10,10,9,10,10,15,11,11,11,15,17,9,11,11,10,17,11,11,12,17,15,11,9,11,15,15,11,9,15,15,11,15,15,15,11,10,10,9,17,17,17,12,10,10,17,9,15,9,17,12,12,9,15,15,15,17,9,11,9,17,9,12,11,9,9,17,11,11,11,11,15,10,12,12,9,9,17,12,12,9,12,12,11,11,15,15,12,11,12,17,15,17,11,12,10,17,17,11,17,9,11,9,10,10,12,17,10,12,9,9,9,15,11,11,15,17,9,10,9,12,17,15,17,17,12,10,10,11,11,17,15,9,17,10,9,11,12,15,9,15,12,10,9,10,17,17,15,15,9,9,9,17,10,17,17,9,12,17,17,12,12,11,11,11,9,17,11,17,17,9,17,17,12,9,17,10,17,11,10,10,12,17,11,11,12,12,12,17,17,15,11,17,11,11,9,12,15,17,9,10,9,15,11,9,11,15,10,9,9,9,17,17,11,11,17,15,15,10,10,11,11,15,10,12,9,10,10,10,10,10,15,17,9,11,17,15,12,11,10,10,15,12,10,11,12,12,12,11,11,15,12,17,10,12,17,15,12,10,10,12,12,12,11,17,11,12,17,17,11,12,11,17,9,9,11,15,11,11,15,15,12,17,10,10,17,17,11,15,12,11,11,10,9,12,12,15,10,9,17,15,17,9,17,17,10,17,15,12,12,11,10,10,10,17,17,15,12,17,9,9,15,10,12,15,15,15,17,17,15,11,15,10,12,9,9,10,11,11,9,9,12,15,9,15,9,12,12,10,17,17,10,12,15,9,10,17,11,11,11,12,9,9,11,15,11,9,15,15,12,17,9,11
pred_correctness
True,True,True,True,True,True,True,True,True,True,True,True,True,True,True,True,True,True,False,False,True,True,True,True,True,True,True,True,True,False,True,True,True,True,True,True,True,True,True,True,True,True,False,True,True,True,True,True,True,True,True,True,True,False,True,True,True,True,False,True,True,True,True,True,True,True,True,True,True,True,True,True,True,True,True,True,False,True,True,True,True,True,True,False,True,True,True,True,True,True,True,True,True,True,True,True,True,True,True,True,True,True,True,True,True,True,True,True,True,True,True,True,True,True,True,True,True,True,True,True,True,True,False,True,True,True,True,False,True,True,True,False,True,True,True,True,True,True,True,True,True,True,False,True,True,True,True,True,True,True,True,True,True,True,True,True,True,True,True,True,True,True,True,True,True,True,True,True,True,True,True,True,True,True,True,True,True,True,True,True,True,False,True,True,True,True,True,True,True,True,True,True,True,True,False,True,True,False,True,True,True,True,False,True,True,True,True,True,True,False,True,True,True,True,False,True,True,True,True,False,True,True,True,False,True,True,False,True,True,True,True,True,True,True,True,True,True,False,True,False,True,True,True,True,True,True,True,True,False,True,True,True,True,True,True,True,True,True,True,True,True,True,True,True,True,True,True,True,True,True,True,True,False,True,False,True,True,True,True,True,True,True,True,False,True,True,True,True,True,True,True,True,True,True,True,True,True,True,True,True,True,False,False,True,False,True,True,True,False,True,True,True,True,True,False,True,True,True,False,True,True,True,True,True,False,True,True,True,True,True,True,True,True,True,True,True,True,True,True,False,True,True,True,True,True,True,False,True,False,True,True,True,True,True,True,True,True,True,True,True,True,True,True,True,True,True,True,True,True,True,True,True,True,True,True,True,True,True,False,True,True,True,True,True,True,True,True,True,True,True,True,True,True,True,True,True,True,True,True,True,True,True,True,True,True,True,False,False,True,True,True,True,True,True,True,True,True,True,True,True,True,True,True,True,True,True,True,True,True,True,True,True,True,True,True,True,True,True,False,True,True,True,True,True,True,True,True,True,True,True,True,True,True,True,True,True,True,True,True,True,True,True,True,True,True,True,True,True,True,True,True,True,True,True,True,True,True,True,True,True,True,True,True,True,True,True,True,True,True,True,True,True,True,True,False,True,True,True,True,True,True,True,True,True,True,True,True,True,True,True,True,True,True,False,False,True,True,True,True,True,True,True,True,True,True,True,True,True,True,True,True,True,True,False,True,True,True,True,True,True,True,True,True,True,True,True,True,True,True,True,True,True,True,True,True,True,True,True,True,False,True,True,True,True,True,True,True,True,True,False,True,True,True,True,True,True,True,True,True,False,True,True,True,True,True,True,True,True,True,True,True,True,True,True,True,True,True,True,False,True,True,True,True,True,True,True,True,True,False,True,True,True,True,True,True,True,True,True,False,True,True,True,True,True,True,True,True,True,True,True,True,True,True,True,True,True,True,True,False,True,True,True,True,True,True,True,True,True,True,False,True,True,True,True,True,True,True,True,True,True,True,True,True,True,True,True,True,True,True,False,True,True,True,True,True,True,True,True,True,False,True,True,True,True,True,True,True,True,True,True,True,True,True,True,True,True,True,False,True,True,True,True,True,True,True,True,True,True,False,True,True,True,True,True,True,True,True,True,False,True,True,True,False,True,True,True,True,True,True,True,True,True,True,True,True,True,True,True,True,True,True,True,True,True,True,True,True,True,True,True,True,True,True,True,False,True,True,True,True,True,True,True,True,True,True,True,True,True,True,True,True,True,True,True,True,True,True,True,True,True,True,True,True,True,True,True,True,True,True,True,True,True,False,True,True,True,True,False,True,True,True,True,True,True,True,True,True,True,True,False,True,True,False,True,True,True,True,True,True,True,True,True,True,True,False,True,True,True,True,True,True,True,True,True,True,True,True,True,True,False,True,True,True,True,True,True,True,True,True,False,True,True,True,True,True,True,True,True,True,True,True,True,True,True,True,True,True,True,True,True,True,True,True,True,False,True,True,True,True,True,True,True,True,False,True,True,True,True,False,False,True,True,True,True,True,True,True,True,True,True,True,True,True,False,True,True,True,True,False,True,True,True,True,False,True,True,True,True,True,True,True,True,True,True,True,True,True,True,True,True,True,True,True,True,True,True,True,True,True,True,True,True,True,True,True,True,True,True,True,True,True,True,True,True,True,True,True,True,True,True,True,True,True,True,True,True,True,True,True,True,True,True,True,True,True,True,True,True,True,True,True,True,True,True,True,True,True,False,True,True,True,True,True,False,False,True,True,True,True,False
p2d-kl
0.49217692017555237
p2d-iter
599
p2d
0.32644096,-2.109948;-1.4688344,0.6502431;0.7725451,0.6048522;0.33260274,-2.1167915;0.93019634,0.88052773;0.45371208,-1.7147013;0.0078688795,1.5605447;0.33203748,-1.1280684;-0.37148008,0.09689861;-0.2264836,-0.41217056;0.95323515,0.778978;-0.27813557,1.1758394;-0.23804033,-1.063308;1.585191,-0.6975713;-0.7329489,0.39240557;0.80972344,0.6197732;0.086237565,1.606051;1.1923517,1.1337397;-0.41676536,0.31518546;-0.047643755,-0.025042359;0.43099222,-1.7105029;-0.9427439,-1.0276321;-0.21713631,-1.0998132;-0.8468029,0.13488036;-0.64516485,0.15089235;1.7159141,-0.92307156;1.7020258,-1.0354718;1.2200245,1.0603166;0.08142065,0.20906126;-0.09237481,-0.10438224;0.27205312,-1.8929439;-0.7886345,-1.2525357;0.9547047,0.8369712;1.0299608,0.98338103;-2.1081245,1.0823853;-0.90233207,-1.007472;-1.4157908,0.39823055;-0.41116673,1.0975019;0.51842535,0.23639508;-0.28251955,0.26629806;-1.9383949,0.8767389;-0.133642,1.2748982;-0.62713146,0.23302752;0.16285177,-0.81806654;-0.13177092,1.236241;0.2028998,0.41894826;0.1550961,-0.72617525;-1.9211549,0.97661996;-0.9853991,-1.0568874;1.6396178,-0.13387437;1.6995702,-0.2981153;-0.67661,-1.1280798;-0.3125158,1.2130996;-0.6230303,0.4150017;-0.5187133,0.49132794;1.7165043,-0.97684836;0.39255676,0.37471125;0.40253556,-1.4585023;0.010423539,-0.79872465;0.00048248348,-1.1443851;0.30587372,-2.0547488;-0.9107834,-1.1139079;-2.067627,0.9809;-0.18708937,1.046709;-0.21858548,0.09063734;1.1475866,1.0030301;0.28539985,0.4805518;-1.0787803,0.27010545;-0.20961489,-1.289825;0.00917555,-0.9046617;0.04290671,1.7833917;0.09162409,-1.2140652;0.043043632,1.5134687;1.6096334,-0.078573406;-2.1783922,1.0725762;1.2833816,1.0762384;-0.2783448,0.33547288;1.0502286,0.81260395;-0.100373745,-0.8949618;-0.71327883,-1.3813307;0.1620262,1.8525403;-1.4688586,0.49462745;1.885661,-0.50861764;-0.0024023731,0.2650074;-0.9481766,-1.1071196;-0.013687026,1.6793711;-0.057710785,1.5624288;0.29066247,-1.8596123;1.2093918,1.0547454;1.2213337,0.9429372;-2.0138848,1.0058888;-1.974405,0.90117925;0.34879494,-1.200473;-1.7697634,0.7763875;-1.1565434,0.4118939;0.47715622,0.42337528;0.51064116,0.24434853;0.81161594,0.68672526;1.4530756,-0.33379707;-0.7270168,0.37188888;1.8258021,-0.64044607;-1.5171652,0.4884689;-0.4331449,-1.2997595;-0.38794804,1.0569954;-0.52575797,0.6883494;0.44916886,-1.5647082;1.6658661,-0.23009479;-1.1743132,0.3392171;-0.4046179,-1.2948004;1.7561426,-0.24349408;-1.5184665,0.26995555;-1.2726943,0.7489659;1.1760634,1.087806;0.2901071,-1.6829817;0.14494963,0.3947102;-0.3582807,1.1808891;-0.1259039,-1.1286225;0.5388751,0.38571247;-1.0280876,0.424303;-0.9611369,-1.072345;1.7237641,-0.62610066;-1.9161896,0.92839456;-0.91668886,0.2247939;-0.020502485,-1.1537703;1.7528768,-0.93830377;-0.79879856,-1.1459311;-0.04472422,1.4792054;0.05123093,0.16327375;0.21052802,1.7426327;-1.4061875,0.5322648;0.10838183,1.9396586;1.3437129,-0.40602362;-1.4281191,0.4762672;-0.47602203,0.9065112;-0.47084358,0.50311875;-2.107286,1.019978;-0.41864702,-1.352139;0.96791404,0.90036094;-1.488267,0.77978176;-1.3403798,0.8049157;-0.9082043,-0.8805689;0.17383394,-1.5629833;-0.5324133,0.04127523;-0.17757912,-1.2103301;1.6178553,-0.025744792;0.9863675,0.86973107;0.54976183,0.25053883;1.1924806,0.970369;0.7324345,0.66964513;0.07914217,0.33830518;0.14724761,1.7614851;-0.23062755,1.379723;-1.4263039,0.69411635;-0.38233367,-1.2609185;1.5809466,-0.17831378;-1.5946018,0.60408413;-0.47933048,0.95165014;1.5464228,-0.88054514;-1.0202365,-0.8712319;0.34397987,-1.0184382;1.6677856,-1.0583616;1.3577955,-0.38927773;1.6915413,-0.21531747;-0.49487484,1.0583409;-1.2067968,0.34291586;0.257119,1.9528028;0.13673444,0.9227531;-0.36886072,0.8166563;0.50386184,0.422343;1.782625,-0.21682917;-0.8811866,-1.1595924;-0.19524527,-0.3644761;0.08038175,0.9357309;-1.7084181,0.74818236;-1.3494583,0.5358155;-0.79686606,-1.1324728;0.9853687,0.76248085;1.7107209,-0.82885075;-0.874619,-0.9403895;-0.18319461,-0.4321145;0.4462793,-1.5847248;-0.042843945,-0.31652638;0.488122,-1.7123256;0.44383454,-1.3910539;1.7570372,-0.09701937;-2.0805752,1.0022377;-0.37470168,-1.4267308;-0.34062758,1.0072551;0.6765633,0.6544013;-0.3185471,-1.4449712;0.42562315,-1.7530067;1.1123616,0.9386956;0.22151044,1.6366664;0.3340718,-1.8946357;-0.39287534,0.24516092;0.21902438,1.9442068;-0.40860268,-0.1290213;-0.070193835,0.6119727;-1.3893758,0.696886;1.762907,-0.1845844;0.29978237,-1.8921157;-0.98199844,-0.9437101;-0.08516087,-0.93153006;1.5658325,-0.052340098;0.07424233,-1.0914418;-2.0145319,0.9753897;0.42096835,0.3636539;0.30925322,-2.018009;-1.4990817,0.78714055;-1.2539521,0.72379094;-1.4853591,0.419345;1.6495922,-0.07268294;0.15521704,-1.0446312;1.5548514,-0.49298456;-0.6458748,0.50739306;1.6553167,-0.6077666;-1.4213233,0.39457083;0.37469077,-1.5569198;0.32654896,-1.8377031;-1.2169933,0.75826484;-1.3187071,0.32217565;0.04913901,-0.7136322;1.2527798,1.0160648;-0.23937687,0.32618737;1.7384074,-0.23688056;-0.9565424,-0.87909955;-0.14178427,-0.39215976;-0.04283824,1.4930518;-1.7826518,0.853597;-1.3936403,0.7767193;-0.9433486,-0.9573245;-0.48363385,0.8960667;0.26789224,-1.9108448;-0.86915433,-1.2758218;-0.038451605,-0.50282645;1.7957232,-0.6061393;1.5834298,-1.0313575;-0.78603077,0.22312438;1.7449082,-0.15214396;-0.29859212,0.26578888;0.39748824,-1.3943762;1.1178397,0.9043597;0.3110153,1.8088193;-0.3098392,0.33040503;0.8496867,0.60345787;1.095574,0.9861349;-0.014339624,1.5562706;-0.058911983,0.9047374;-0.47441715,0.05080103;-0.47802025,0.8420157;1.7103512,-0.16653693;-0.11898264,-0.36729097;-1.7179472,0.8244477;-1.0750291,0.3762882;1.7935687,-0.5689879;1.8196499,-0.55012286;-0.70714825,-1.1220727;-0.3537009,-1.0673038;0.14135464,0.45809293;0.11644082,1.6566534;0.22330621,1.9748886;-0.9818503,-0.73555446;0.40670204,-1.3900037;-0.9884107,-0.8284781;-0.32882464,-1.0829635;-1.5457906,0.50843656;-0.28667736,1.2026224;1.706138,-1.0581461;-1.4317119,0.6126961;1.7525616,-0.13145782;1.2381219,1.0558767;-0.4274486,-1.036391;-0.42095318,0.36445218;1.3131043,1.0697753;-0.4863616,0.22653113;-0.54609466,-1.0491222;0.5554213,0.40811032;0.3775929,-1.9199923;-0.28861573,-1.4663604;-1.4755387,0.30344513;-1.9451444,0.87412345;-0.35676122,0.98395413;-0.9931986,-0.62490094;-0.016082777,-1.0771505;0.286926,1.7749064;-0.8846087,-1.0644157;-1.276546,0.3595126;-0.9198944,0.36415452;-0.067993775,1.2560731;-1.4381076,0.43403798;1.1727327,1.0456033;-0.043288205,0.09235644;1.7241992,-0.18339635;0.9005225,0.74863786;0.971617,0.9763111;-0.26632577,1.2844204;-0.477933,0.7865393;0.028702108,-0.98253787;0.22384937,-1.1412156;-1.4095285,0.3781287;-2.1289635,1.0072883;-0.92115635,0.5031161;-0.559417,0.4726202;-0.95883113,-0.90636116;-0.17033237,-0.29927298;0.1197224,1.3950356;-1.5796221,0.68892014;-0.3502029,-1.385145;-0.77400476,0.20003635;0.8569307,0.7227496;0.11062488,1.7042042;-0.5561649,0.6243695;-0.23736633,-0.43304548;1.7741922,-0.7153543;-0.27819404,0.27118215;-0.8581047,-1.0216358;1.5234522,-0.26383498;-0.79587454,-1.1915681;0.05925816,-0.7545253;-0.11952347,1.0064112;0.21110588,1.9216697;0.99642074,0.87423944;-0.06382453,0.59392685;-0.13435005,1.0585696;0.057833582,0.109929435;-2.045633,0.94036525;1.6383829,-0.6052684;0.13442767,2.006235;0.121816926,0.8681874;1.4577513,-0.889191;0.81786937,0.6203411;-0.91949344,-1.055194;0.4598637,0.35003;1.5008305,-0.8552965;1.2513173,-0.4573356;-0.46136507,-1.3082647;0.40564242,-1.2920285;-0.5479917,0.35643312;0.44269934,-1.420819;-0.6531207,0.44080997;0.43039623,-1.727778;0.19301024,1.8973848;-0.9885285,-0.7065614;0.9850371,0.92832017;0.0514317,1.690042;-0.87937623,-0.9979578;-0.22125143,-1.4808891;0.42089736,-1.3343521;-0.6156279,0.17898674;1.2112352,1.1013852;1.7529616,-1.0187898;-0.09941166,0.7673324;0.223124,1.7124313;1.8126494,-0.24285676;1.3267615,-0.52518106;-1.4588475,0.43485254;-0.7031575,-1.3508728;0.1717479,-1.037875;0.13685428,1.7488279;0.38983002,-1.4262477;-0.12617376,1.1543409;-1.4549817,0.51524407;-0.43518123,1.0772952;-0.032601234,0.9414788;-0.15019897,0.95740753;0.20935813,2.0111675;0.015753206,0.9803139;0.39748433,-1.107275;0.31220672,-1.9333304;-0.02482098,-0.14818673;0.36401895,-1.2923608;0.004703501,-1.0520817;-0.42363918,1.0458469;-0.05809844,0.7056444;-0.98656994,-0.7811319;1.7179948,-0.51531476;1.0255134,0.92905545;-1.5380731,0.68576163;-0.935531,0.43343425;1.6480801,-0.5886267;-2.1077113,0.9767865;1.3219684,-0.32979974;-0.87988657,0.3807102;-0.20280862,-1.1277808;-0.351498,-1.189958;0.3062687,0.40284365;-0.8230554,-0.9893435;-0.99080986,-0.7084194;-0.39547798,-0.13816322;0.7876144,0.72215086;1.0188301,0.8485087;0.3726685,-1.4700005;-1.3501767,0.4138691;1.5291306,-0.05543199;-0.32670468,-1.44273;-0.8460132,-1.2252468;1.5488609,-1.0398208;-0.29169342,-1.469266;-1.6373339,0.69040376;-0.49915484,1.0284925;1.8147935,-0.54871935;0.31125405,1.9605877;1.6697158,-0.75014627;0.7085721,0.67646617;-0.74953425,-1.2979891;0.13809603,0.44199935;0.06290996,-0.72533697;-0.31364974,-0.19090165;-0.47759327,0.2350024;0.45485672,0.39593974;1.7045696,-1.1085914;0.08011943,1.7394769;-2.0837471,1.0362644;0.35549006,-1.0663112;-0.88541526,-1.1831663;1.669984,-0.06038154;1.4544883,-0.7350404;0.43682548,0.39785573;0.08298777,-1.1842209;-1.4293835,0.51318306;0.14190276,-1.0074073;0.02775971,-0.8814865;-1.791387,0.8039002;-0.06943144,-0.39478847;1.6315761,-0.17753024;0.39372078,0.42493746;0.0993445,0.26157328;-1.0215658,-0.6209271;1.8877805,-0.64646083;1.3810087,-0.4809653;-0.5468618,-1.1012611;0.42281723,0.31124568;0.3776739,0.42039546;-0.36620545,0.3728685;-0.821141,-1.299486;0.05453593,1.7445781;-0.5848638,0.4465296;-1.341119,0.4938243;-0.40481615,0.25325722;-0.071754545,0.6651321;1.7410445,-0.9763893;0.27952182,-1.945882;-1.5007858,0.75087625;-0.19341266,0.9727078;1.5711021,-0.8273347;-0.42970496,1.020114;1.5620646,-0.74464536;0.3414762,-1.2360767;-0.44965115,1.0556142;1.2378304,1.1682208;0.9847809,0.8169519;0.5578948,0.3041253;1.2248254,1.1625048;-0.2060374,1.3633846;-1.4613281,0.4984017;0.94570464,0.7711254;1.678281,-0.18220858;0.32034546,-1.8525077;0.10977628,1.8778067;0.3615878,-1.825158;-1.3634294,0.35741672;-0.50792825,0.8813717;1.441202,-0.40638775;-0.9396053,-1.1232777;0.25925964,1.7050742;0.013030228,1.5832082;1.7785809,-0.3041823;1.3370309,-0.5006787;1.5775081,0.014994103;-0.67064023,-1.378895;0.346715,-1.9784544;-0.77847487,-1.0207902;-0.34342632,-0.19018462;-1.7536801,0.9281009;1.1094828,0.924414;-0.2241181,1.3426142;-2.146045,1.0615714;0.74388725,0.5927643;0.11482556,1.6469637;-1.5150633,0.56078035;1.752148,-0.9653633;1.3621018,-0.350494;0.30553788,-1.8936185;-0.022599312,-1.1793135;-0.18213429,1.3043318;1.7110286,-0.16022131;-1.8224298,0.8747459;0.40651903,-1.2672896;1.689234,-1.0042871;-1.16506,0.4168945;1.2694899,1.0996351;1.6791443,-0.12151875;1.5221076,-0.9131235;-0.54731184,0.7395293;1.295292,-0.3463487;0.31147113,0.37505704;-0.4995968,0.47741517;1.8749496,-0.678753;0.38920254,-1.143145;-0.03969563,-0.34540594;0.8332569,0.7133659;-0.31545898,1.1537304;-1.3529313,0.36588195;0.35088456,-2.0366275;-1.7913505,0.89697826;1.0050896,0.83510685;1.6505188,-0.49360657;-0.96532995,-0.6473069;-0.088285804,-0.35580558;1.7168242,-0.24175729;1.8509578,-0.58727664;-0.9789408,-0.7562599;1.6489403,-0.64032596;-0.70959926,0.1870835;-0.05414419,-0.9149825;-2.1486692,1.0580829;-1.0528455,0.43575722;1.5612042,-1.0628592;0.34131226,-1.1652411;-0.35551393,1.0419751;-0.841287,-0.9251452;-0.37059337,-1.3314859;0.21768865,-1.6451633;0.0647419,-0.08207727;0.31091115,1.8683555;0.42010567,-1.6720186;-0.7558155,-1.3102913;-0.1121322,1.0729698;-0.262852,0.38877836;0.4699827,-1.5362433;0.2786952,2.0035677;-0.13289787,0.8501899;-0.04316317,1.5840907;-0.7403764,0.35009763;-1.3474739,0.31865203;0.06797278,1.7879008;1.8888677,-0.5787885;0.33086637,-1.5861225;0.110051274,-0.6391894;1.5671335,-0.85087806;0.26780266,1.9685419;-0.5141213,-1.0539907;0.41050422,-1.506781;0.35599002,-1.4989406;0.78546137,0.6331914;0.14634964,1.8254832;0.33318603,0.33169657;-0.4842158,0.5059335;0.28372854,-1.8082899;1.5732563,-0.10893396;1.770966,-0.9899299;-1.3842856,0.29886532;-0.2641594,-0.45784438;1.527097,-1.0397019;0.9092628,0.8167049;0.45670104,-1.6392945;-0.4381138,0.54455507;1.5847017,-0.98997;1.3729128,-0.3998451;-0.92635834,0.20267522;-0.09423489,1.2683108;1.6015266,0.025225688;-0.009491783,0.8505513;1.0643109,0.8733591;1.6010264,-0.5124244;-2.0200605,0.9389369;-1.3250257,0.44930312;0.54594576,0.3162819;1.5757993,-0.36671385;0.032668367,-0.32789886;1.6529859,-1.1202271;1.3485135,-0.40766826;-0.46551967,0.46479616;-0.4044648,0.38093948;-0.16897158,-1.1900235;-1.9065919,0.8929069;1.8521799,-0.71057165;0.14074174,-1.0858455;1.6265781,-0.67377746;-1.0225416,0.32097355;0.33304086,-2.125507;0.0003415705,-0.76675606;0.30689156,1.8331214;-0.40530542,0.76353955;1.5864812,-0.15144002;1.7649921,-0.8869334;-0.4610382,0.9969034;0.051754452,-0.9568458;1.9022102,-0.6597732;-0.84819806,0.29494286;-0.81965816,-0.9446944;0.21319206,-1.6571647;-0.85645324,-1.1332035;0.258637,1.7500486;-2.1740687,1.0857959;-2.1566935,1.0130396;-0.40457466,-1.3104801;-0.52617776,0.04126435;0.052842133,-0.08734925;1.5909535,-0.023618272;1.8362802,-0.7752096;1.6917179,-0.089586236;-0.39902788,0.5304412;1.0487983,1.02233;-1.0139568,-0.707563;0.12097728,1.8403552;0.16917071,0.41467962;0.17214389,-0.83474994;0.05727512,-0.9033212;-0.798168,0.30557087;1.1129864,0.9630559;-0.098619625,-0.32461774;-1.2376848,0.51548624;-0.07955476,0.72192436;-1.8107959,0.8433706;-0.42899448,-1.3382043;0.3175573,0.37584636;0.38268316,-1.0963571;-0.32723457,0.33315817;-0.30815965,-1.111324;0.1820271,1.6930033;-0.50778943,-1.1379043;-0.2923651,0.14184438;0.28815523,0.35543948;-1.5744675,0.7862518;1.4811653,-0.80501735;-1.4157537,0.33061498;-1.0236988,0.34071136;1.6384037,-0.083104596;1.3969314,-0.5163378;-2.0200605,0.9389369;1.7507067,-0.31402123;1.4559435,-0.124575436;0.54055125,0.25674713;0.12857258,1.4724057;-0.2458596,1.3210771;-0.26162797,1.0100871;0.37645382,0.34882367;-0.10926365,-0.45875436;-1.5888544,0.5894654;-0.3396599,1.2097716;-0.20496865,0.31389162;1.7580442,-0.61462253;-0.18511619,-0.53260934;0.121322125,0.8772957;-0.2741967,1.2714865;0.43449715,-1.4555069;-0.69083107,-1.2861489;0.34677103,0.40679976;-0.59817064,0.24955763;-1.7595737,0.77330816;-0.15874873,1.2719845;1.0853064,0.83326;0.86835676,0.77686423;0.06233552,1.584561;-2.1110306,0.9970539;0.7703818,0.5783175;0.15200298,0.32732815;0.013342384,1.6103168;1.2147378,1.0957029;0.20255479,0.4125581;-0.5550423,0.47761735;-0.29723904,1.1379249;1.5836025,-0.6976928;1.3991957,-0.3388626;-1.4666406,0.40380165;-0.21118298,-0.43961775;-1.0196574,-0.7407713;-0.1280233,-1.168722;-0.29594487,0.16492884;1.8229097,-0.52208596;1.4854879,-0.8818062;-0.4411149,-1.2449901;-1.1152332,0.36490363;0.25908932,0.27524483;-1.9850649,0.9491836;-0.8397408,-1.1055619;0.41264522,-1.8170396;0.05646,-0.8880247;-0.9862902,0.35169095;1.2427423,1.071544;0.58243424,0.3619516;1.1432017,1.1004175;-0.77292866,-1.0024408;-1.248268,0.676669;0.18830502,1.8567644;-1.8779824,0.8851843;-0.07271772,-0.13276426;-1.2554054,0.34002036;0.39705276,-1.2456332;0.09697673,1.8339802;-1.9438158,0.9267232;-1.2455324,0.5405353;-0.41717288,-1.2106622;-0.35690564,1.1064584;0.06066588,1.9496286;-0.4577577,0.8771128;-0.22498427,0.24342059;0.9436182,0.82600516;1.3265659,-0.550605;0.30938014,-1.9594728;-0.28902864,-0.17804234;-1.961544,0.990401;-1.4001393,0.69381315;-1.0136853,-0.6425229;0.3254253,-2.0755093;-0.5209255,0.10898919;-1.3578528,0.7105878;-0.45386222,0.26301408;0.06434041,-0.91129446;0.10623988,1.8081201;-0.067445405,1.5217686;-0.38797653,0.5473442;0.85715765,0.7428788;0.26483425,-1.700224;0.15680067,1.9217107;0.39164057,-1.0509216;-0.7386386,-1.1538625;0.106404275,0.18320419;-0.3430225,-1.1789715;0.18829529,1.9350055;0.3645209,-1.2834826;1.4140226,-0.9627463;-0.6512341,-1.4005446;-0.24030998,-1.1545279;-0.29069236,1.232403;-0.078227706,-0.4873491;-2.10222,1.0492494;-0.34328997,1.170168;-1.7477722,0.85401934;1.7310212,-0.99684477;-0.64294165,0.1427356;-0.025462877,-0.2933606;-0.8253419,-1.2330914;1.353522,-0.44849896;0.4556799,-1.6409125;-1.5986264,0.61619484;-1.8183525,0.81067854;-1.2787824,0.53196394;0.29961312,0.5019333;0.13652007,1.8490818;0.0058790683,0.9266433;0.2005007,0.29009753;-0.4720403,0.024144089;-1.6727223,0.74501956;1.6741753,-0.78817856;-1.940287,0.95468;0.4125264,-1.6264737;-0.3396794,-1.3981116;0.8697728,0.648292;-0.89511704,-0.9594252;-0.14475411,-0.47307757;0.40716684,-1.478113;1.9266726,-0.53131926;1.2805852,-0.47595838;-0.11401507,1.4221072;-0.044958718,0.74600893;-0.44642133,-1.3182671;-0.5256516,0.42051294;-1.5824785,0.7209927;-0.4856419,-1.1701005;1.5351943,-0.28476578;-1.260162,0.27423292;-0.32012713,1.0936936;0.3631161,-1.9141988;0.31791016,0.40757054;-1.1822418,0.40092313;0.18670057,0.3724914;0.47621176,-1.5854172;1.5924245,-0.4865618;-1.4593049,0.33615255;1.683359,-0.9491799;-0.82077557,-1.2003095;-0.3470903,-1.1478947;-0.52620935,0.49170944;1.2139711,1.0242474;-1.8557369,0.83852464;-1.242114,0.4449865;-0.95659745,0.38249266;-0.7988036,-1.3282934;1.7418152,-0.92230844;-0.93418187,-0.92195505;-0.21162128,-1.2108939;-1.6561092,0.6364789;-0.028140634,-0.24490803;-0.5305861,-1.0402744;-0.1381211,-0.33160076;0.15800355,-1.5521206;-0.90897185,0.34372652;0.042529512,0.90561855;0.23113985,1.9850134;-0.05741456,0.8112322;-1.0418375,0.3492437;-0.1705392,-1.1475244;0.30675754,1.7656326;-0.4867174,-1.2080783;-0.24940607,-1.4811183;-0.86182594,0.14217524;-0.3408947,-1.2552061;-0.7312205,0.27103776;0.3193813,-2.0576391;-1.3773417,0.43412042;-0.5363374,-1.151456;1.4841018,-0.7158469;-0.4770749,-1.2083052;0.15629387,1.7029067;1.892641,-0.60418516;1.5231633,-0.957636;0.35533613,-1.0346286;-0.006307623,-0.7133937;0.04707755,1.7336941;-0.05849876,0.8071793;-0.26839077,0.11900929;0.40672612,-1.5554131;0.1909877,-0.8544405;-0.97013026,-0.80148536;-0.9744428,-0.8142895;0.87329185,0.69302756;-0.24018036,1.1261039;-0.1668961,-0.3859848;0.095712975,1.7783711;-0.058446355,0.8461389;-1.4924974,0.33180854;0.31398085,-0.9912578;-0.9684104,0.48153415;-0.8395099,-1.0323617;-1.2899703,0.3154006;1.8277564,-0.7298294;-1.276458,0.6277405;1.201008,0.9976913;0.03531056,1.7518054;-1.7291396,0.810288;-0.62052155,0.62751985;-0.37411436,0.58804137;1.7332257,-0.199987;-1.9653106,0.9220133;-1.3850565,0.3862016;-1.1276231,0.31150666;-0.28618696,-1.4621361;-0.9703948,-0.5629915;6.874913e-05,1.6975769;-0.06820726,0.8835228;-0.12005673,-0.3175486;1.0626059,0.83614403;0.13757065,0.20944172;1.7522737,-0.8357782;1.6852143,-0.8108555;-0.52851766,0.6542476;-0.98952603,0.455826;-0.057033964,-0.124871634;1.6994718,-1.020418;0.34551048,-1.0618068;-1.354132,0.6812717;1.6012604,0.0044432175;1.2916802,-0.32591724;1.692267,-0.5972919;1.4633298,-0.95523447;1.6657062,-0.09056983;0.84413326,0.65027606;-0.879939,-1.163908;-1.5817219,0.63419527;-0.46553132,1.0294272;-0.69632447,-1.0927808;0.08078657,0.4728731;0.19591346,-1.669379;0.20035185,2.0072715;1.768833,-0.5667301;1.3653581,-0.5203401;0.058488917,0.29340422;0.46625498,-1.7623959;1.7076138,-0.9067155;0.29396823,1.9892776;0.40973422,-1.6745218;0.15739167,-1.004888;-0.4236263,0.2237611;0.011210471,1.6894761;0.005985785,0.84997034;0.0889655,0.3758833;0.15852262,-0.7153864;-0.94332993,-0.6181407;1.8105985,-0.519418;0.25654012,-1.7276736;-0.22323151,-1.4895588;-0.5277844,0.38418332;0.11166665,-0.6346637;1.8490397,-0.57603896;1.6331627,-0.7268239;0.33753717,-1.4476137;-0.049625184,-0.44190058;-0.75986266,0.22371194;-0.22144789,1.3476249;-0.80962896,-1.283921;0.27106553,1.8950075;0.050137848,-1.121269;-0.0733146,-1.0972638;-0.86063254,-1.0792285;-0.43189856,1.0576333;0.37261724,-1.5296355;-0.47829667,0.5399331;-0.1164874,-0.2643563;-1.5184788,0.2671255;-0.90382665,0.17482515;-0.011495967,1.5932385;-0.57768416,0.4052368;0.18848851,0.97395027;-0.0015732534,1.8470483;1.1561081,1.0434884;0.17290948,0.274398;-0.5120322,0.26855904;-0.9976705,-0.6660022;1.6716324,-1.0569401;1.6896013,-0.8271262;-0.20236516,-0.46466923;-0.70589775,0.17649879;0.04019048,1.8254234;1.0372435,0.86182344;0.3578434,-1.4871173;-0.12760633,1.20955;-0.6298849,0.77190506;1.5333567,-0.8284;-1.290925,0.31493455;0.17168906,-1.5521451;0.29310152,-1.956874;1.0182345,1.0097904;1.6892589,-0.7107201;-1.5419883,0.55071;-1.0000974,-0.58923674;1.3258348,1.0927234;-0.8217095,-1.2705302;-2.050326,1.0055163;-0.5308463,-1.0649726;-0.369145,-1.0676115;1.5608265,-1.0014718;-0.7643638,-1.2288747;0.48831207,0.26595995;0.44316414,-1.6890336;0.113530226,-0.9920393;-0.111307025,0.62988573;1.4219189,-0.3880839;-0.6682855,0.16251212;1.846633,-0.5354322;-0.7142402,-1.1112282;-0.65975976,-1.043172;0.46197978,0.4089864;0.028271541,-1.1231505;-0.8073783,-1.102154;-2.0277224,0.97909194;-1.4679489,0.6907732;0.11647191,0.3882381;1.5630754,-0.19332395;0.30563587,-2.0335245;1.2396747,0.9993752;0.16653517,0.26344514;0.5099823,0.3074339;-0.16224074,-1.1574254;-0.53325146,-1.0637604;0.49565104,0.40696874;-0.44394195,0.91547656;0.23084642,0.39759305;1.5779012,-0.050675657;0.44057626,-1.6642858;-1.0167302,0.37625766;-1.1067996,0.33256507;1.5205939,-0.13497312;-0.02735259,0.9937643;-0.37374973,1.1301953;-2.161374,1.0295895;-1.2642757,0.6598513;0.38887066,-1.3190055;-0.55332786,0.41261795;-1.6120496,0.6545324;1.027957,0.96236414;-1.486381,0.56460196;0.4728568,-1.4394064;-0.2105358,0.08780594;1.6625218,-1.0321279;-0.5258858,-1.1559701;-0.9275234,0.35111254;1.5366837,-0.8356101;0.3411996,-1.283636;0.27248514,0.3926031;-1.4817163,0.45968288;-0.67269844,0.13568768;-0.36586347,-1.3464872;-0.22644226,1.391665;-0.23828872,1.346654;-0.51704806,0.6279764;-0.15506811,-0.5489791;-1.9675994,0.9607726;-2.0669448,1.0619781;0.14163446,1.9659903;1.2638688,1.1430637;-0.15055028,1.21114;-0.44885868,0.18685538;-0.037476797,0.5822064;1.139291,1.0155778;0.20890315,-1.6216457;-0.49729955,-1.0454751;-1.7743491,0.81824404;-0.18313523,0.08107706
p3d-kl
0.39680105447769165
p3d-iter
599
p3d
-1.8462635,1.5754261,-0.329718;1.4840226,-0.65287703,-0.6450266;-0.8189318,0.47694874,1.2274563;-1.8553244,1.5820829,-0.3248374;-1.0669746,0.5079331,1.8417965;-1.6419325,0.86136836,-0.43667135;0.73631513,0.24860309,1.7820575;-0.86875296,0.38481113,-0.56341;0.3270927,0.05069291,-0.29657722;0.03591683,0.67583346,-0.53730136;-1.120879,0.4528404,1.6207769;0.8827746,-0.32300884,1.1336436;-0.30844736,1.421542,-0.5538316;-0.9385488,-1.417259,-0.2515831;0.41934022,-0.6846399,-0.6855875;-0.88745964,0.46540302,1.2794307;0.5974895,0.38070324,1.837516;-1.5440143,0.31223533,2.3573997;0.42546487,-0.25636625,-0.14451453;0.031106094,0.28689617,0.057833664;-1.6242738,0.86983705,-0.44658864;0.4684726,1.4480354,-0.9365934;-0.39261875,1.393505,-0.5426385;0.69069165,-0.19106597,-0.6004569;0.18576722,-0.3275123,-0.6143434;-1.3051635,-1.587227,-0.31653062;-1.4448174,-1.4933369,-0.42207265;-1.5633035,0.19536653,2.2319925;-0.056094367,0.19595067,0.35380968;0.13204351,0.4702771,0.06224536;-1.5690701,1.3240805,-0.47529745;0.076969415,1.7839125,-0.87985367;-1.1120493,0.47114196,1.7410544;-1.2258918,0.47824767,2.073233;2.3106477,-1.6932112,-0.54395306;0.3949445,1.3796037,-1.0157449;1.3932308,-0.34054312,-1.0654842;0.9585815,-0.5236733,0.846375;-0.51703167,0.64753366,0.6694726;0.1413559,-0.23506092,-0.0760572;2.2086546,-1.12649,-0.54908043;0.74753064,-0.092526674,1.4226202;0.25007445,-0.40398002,-0.47004533;-0.65446466,0.5594029,-0.09994452;0.708651,-0.14328602,1.3582233;-0.27060813,-0.16304803,0.691744;-0.54769003,0.5016737,-0.04830375;2.0848417,-1.2734902,-0.5322441;0.52382237,1.5349897,-1.0579375;-0.23725875,-1.8253108,-0.6312237;-0.5275468,-1.9040589,-0.4946257;0.05215975,1.3773174,-0.86765563;0.96969336,-0.34812558,1.1553371;0.5068052,-0.6635376,-0.42652133;0.53610796,-0.73615444,-0.114894636;-1.3887274,-1.5769682,-0.35152924;-0.45487496,0.23772737,0.85817385;-1.341087,0.589627,-0.5167354;-0.542337,0.84675026,-0.26052213;-0.7346718,1.0759718,-0.52173287;-1.7695323,1.5144807,-0.35216644;0.3936952,1.5936866,-0.8917235;2.2942061,-1.5003924,-0.6048321;0.6402298,-0.2762254,1.0540117;0.47794688,0.16365004,0.07211461;-1.4510316,0.30652717,2.099989;-0.17930935,0.2304128,0.8092182;0.8753564,-0.37504956,-0.97678417;-0.43578696,1.7199665,-0.63773596;-0.747962,1.0495486,0.11035379;0.8203272,0.63886166,1.9683455;-1.0096718,1.0472553,-0.45448956;0.60219175,0.20544611,1.7420946;-0.12038083,-1.8524146,-0.49207768;2.365065,-1.8140738,-0.6345688;-1.6884649,0.16218844,2.2566624;0.2246553,-0.24886546,0.038339406;-1.2862644,0.3428424,1.7107042;-0.4213465,1.1102552,-0.06752716;-0.17073548,1.8261592,-0.69351095;0.64155203,0.8253559,2.087549;1.5164828,-0.54019606,-1.0363665;-0.79487306,-1.8677897,-0.8331043;0.1062418,-0.002657914,0.30009434;0.45709148,1.6014001,-0.9356839;0.85648274,0.42308554,1.8454512;0.8331177,0.25155452,1.680042;-1.4982159,1.3113189,-0.35805276;-1.5586852,0.22520047,2.2117841;-1.5612477,0.15147552,1.9837513;2.24446,-1.4186091,-0.54232347;2.1517544,-1.2358284,-0.6178726;-0.9788513,0.4049972,-0.572628;1.9128505,-0.8190393,-0.5108633;1.0194359,-0.687205,-1.1425148;-0.58168334,0.35828915,0.97002405;-0.4936414,0.6211067,0.71589303;-0.88806885,0.5263547,1.415942;-0.41175655,-1.3851917,-0.38371795;0.41021946,-0.6632523,-0.6986438;-1.0083498,-1.8799549,-0.6837477;1.6167701,-0.5297328,-1.0451279;-0.4274068,1.4774753,-1.2011591;0.9018022,-0.6124642,0.89505315;0.75923705,-0.63277346,0.20908803;-1.5075061,0.62912816,-0.46495742;-0.3754198,-1.8710331,-0.46986946;1.006205,-0.49115276,-1.1713369;-0.48623663,1.424407,-1.2534665;-0.4476978,-2.049633,-0.6442229;1.5199682,-0.05066908,-1.1937282;0.9617177,-0.14549126,-0.3388318;-1.5199298,0.31502783,2.2613492;-1.3615408,1.0847076,-0.6703367;-0.1623895,-0.1648857,0.59314686;0.9841799,-0.43130234,1.0642432;-0.577627,1.2707285,-0.50571185;-0.6594853,0.45421875,0.8550268;0.8225269,-0.75802076,-1.0388684;0.46481973,1.5549542,-1.0669367;-0.91842353,-1.795035,-0.41145787;2.127971,-1.178755,-0.5338959;0.71834636,-0.3255137,-0.8882453;-0.74960977,1.1314758,-0.4811558;-1.343557,-1.5815864,-0.21566844;0.13133304,1.5835555,-0.977072;0.74663454,0.11614433,1.6288882;-0.04703102,0.22122686,0.20608652;0.476193,0.6804037,1.9617912;1.4152875,-0.38633838,-0.847056;0.7516168,0.862369,2.2679274;-0.4422874,-1.0952874,-0.44867623;1.4584867,-0.3833956,-0.9449032;0.8492667,-0.58837867,0.50407803;0.5036082,-0.6664046,-0.005065443;2.3512278,-1.5982994,-0.640554;-0.47853652,1.5432906,-1.1925912;-1.1293825,0.45026067,1.8829937;1.5720896,-0.27324224,-0.47109416;1.2577279,-0.69172686,-0.55795527;0.4492735,1.151111,-1.085926;-1.228053,1.1082015,-0.17657357;0.5264114,0.029702885,-0.5738612;-0.550799,1.4795498,-0.56444514;-0.04110433,-1.8288541,-0.5932098;-1.1702856,0.44227493,1.8178284;-0.52847475,0.6769276,0.76396817;-1.5312105,0.19611652,2.034987;-0.7428035,0.5717863,1.3861513;-0.06397197,-0.07109607,0.46502405;0.61151767,0.6439382,2.0168364;1.0049722,-0.12976101,1.4675753;1.4755948,-0.44617495,-0.575114;-0.48228323,1.356415,-1.1469879;-0.25734845,-1.7011008,-0.47248203;1.7261504,-0.47775492,-0.75039124;0.86547047,-0.67889416,0.5426276;-1.096428,-1.3078748,-0.5214547;0.6159584,1.1357626,-1.1310024;-0.7165683,0.27028668,-0.599756;-1.4613874,-1.4340332,-0.4745129;-0.4230632,-1.1296096,-0.4594185;-0.37543067,-1.9183031,-0.5447829;1.0281743,-0.56025714,0.6648416;1.063479,-0.41237924,-1.08305;0.5071836,1.0742878,2.2188666;0.35006848,0.47297215,0.98533547;0.61785656,-0.34967384,0.6030608;-0.58657455,0.43418688,0.98136425;-0.45395032,-2.0514004,-0.43818447;0.30341333,1.6591662,-0.8764211;0.037067488,0.7535758,-0.36004964;0.36298546,0.3063025,1.0355153;1.9042846,-0.6979879,-0.6076072;1.327814,-0.64931595,-0.8423324;0.1417158,1.5521815,-0.9524098;-1.1647677,0.4071011,1.5850735;-1.1716563,-1.631115,-0.38611734;0.3192695,1.2177267,-1.0242895;-0.036766913,0.6376448,-0.5101295;-1.5219584,0.65953517,-0.46655256;-0.105625235,0.40830603,-0.19915268;-1.6862408,0.83734405,-0.5287646;-1.2999701,0.4636171,-0.41979608;-0.25238746,-2.0688066,-0.39235204;2.30181,-1.5529243,-0.62121755;-0.6061465,1.6504548,-1.1649768;0.76420784,-0.5306228,0.8892092;-0.63493603,0.5915886,1.3548212;-0.6770412,1.6745565,-1.0526289;-1.6425184,0.92277664,-0.3708033;-1.3674889,0.28758466,1.9729513;0.40380424,0.5055133,1.849459;-1.5510124,1.3184608,-0.3088663;0.49173522,-0.115580246,-0.08500349;0.57459885,1.0070245,2.2330675;0.28825074,0.19990204,-0.6191546;0.26394522,-0.09301505,0.5221483;1.4203068,-0.3752175,-0.56389487;-0.3894358,-2.082355,-0.5349392;-1.5814929,1.300496,-0.43183637;0.5573619,1.2779269,-0.9738371;-0.4870618,1.1267633,-0.113616094;-0.065003045,-1.7207723,-0.5799817;-0.6381151,0.7983903,-0.58754843;2.244688,-1.3875679,-0.5918374;-0.49584886,0.29027495,0.84633523;-1.7185465,1.4958988,-0.3477567;1.592862,-0.2818426,-0.44764206;1.0491899,-0.17385073,-0.4199313;1.5149881,-0.36564445,-1.0751374;-0.14925224,-1.9129885,-0.58172256;-0.78144586,0.72783095,-0.36145875;-0.6342544,-1.5227225,-0.15869059;0.34818572,-0.6518021,-0.41373953;-0.8449676,-1.6644692,-0.27609673;1.4030952,-0.36048687,-1.1252809;-1.4222362,0.7303682,-0.6032621;-1.5309409,1.2184201,-0.40290618;0.8624974,-0.09130794,-0.21953027;1.2204174,-0.3702403,-1.2680796;-0.44627258,0.69562423,-0.07206552;-1.6105956,0.2220916,2.1153734;0.26815125,-0.12214262,0.12525283;-0.44199374,-1.9947232,-0.54017437;0.5275615,1.1526328,-0.9860234;-0.0667394,0.5973012,-0.37755278;0.7607828,0.10759397,1.649764;2.028853,-0.7950986,-0.5229587;1.388227,-0.62558043,-0.48278752;0.48525026,1.2893181,-0.9922795;0.8561193,-0.54685014,0.4837234;-1.5387905,1.3799988,-0.43530443;0.2004478,1.8357954,-0.7362586;-0.3065371,0.48011896,-0.44777107;-0.9399189,-1.9060135,-0.58996993;-1.3590126,-1.2612514,-0.58838576;0.54123926,-0.32626805,-0.7215253;-0.32535645,-2.0352628,-0.4785498;0.15708955,-0.23685385,-0.08497235;-1.2703006,0.500241,-0.5378946;-1.3671551,0.25603274,1.9119568;0.33007756,0.8733837,2.0067806;0.20382328,-0.3319498,-0.111698575;-0.95154697,0.39380017,1.3058987;-1.362302,0.37574083,2.0431871;0.7720814,0.20980507,1.8045123;0.43352175,0.0011083203,0.97420657;0.5761471,0.027175073,-0.46789187;0.7899038,-0.611113,0.429178;-0.3347563,-2.0161378,-0.650459;-0.07947374,0.58238167,-0.28816798;1.8654146,-0.90854526,-0.6076279;0.8606084,-0.64656407,-1.1222525;-0.88542736,-1.9266212,-0.6014668;-0.8744154,-1.9469969,-0.6778028;0.09652395,1.4080878,-0.7675632;-0.36712074,1.1058295,-0.8632081;-0.13805683,-0.2391046,0.6880361;0.63106716,0.5647062,1.7924429;0.58888096,1.1029326,2.1996086;0.5972063,0.86213225,-0.97175103;-1.2706912,0.47895077,-0.52716714;0.581452,1.0384935,-1.006591;-0.40981442,1.1497461,-0.8222808;1.6314527,-0.41561994,-0.9497794;0.9351289,-0.30261028,1.1459749;-1.4761972,-1.4716179,-0.4242166;1.4321753,-0.65556806,-0.72067857;-0.30022153,-2.0627396,-0.4544444;-1.5882996,0.18525268,2.220019;-0.24496342,1.0579706,-0.94368756;0.4469456,-0.3799552,-0.037309133;-1.7435805,0.13458915,2.2419233;0.70071054,-0.20532678,-0.20116632;-0.07958298,1.1416532,-1.1137607;-0.6964945,0.45514888,0.88853467;-1.6053472,1.3014395,-0.19432893;-0.723627,1.7120441,-0.9916648;1.460977,-0.14295284,-1.1484131;2.2180154,-1.1319299,-0.55213094;0.7485217,-0.588015,0.8483289;0.6047707,0.63148934,-0.89642483;-0.6691521,1.0855955,-0.41062215;0.3622984,0.8182357,1.9623823;0.3443814,1.4852153,-0.9780388;1.1610006,-0.46497476,-1.2431202;0.57475257,-0.7091374,-1.015418;0.62601566,-0.10294669,1.5141656;1.4525453,-0.4947707,-1.1858548;-1.4830648,0.27725506,2.195564;0.055930752,0.17509496,0.03696016;-0.35886362,-2.0192342,-0.6331679;-1.0264353,0.49819633,1.5550702;-1.1109128,0.337027,2.0354564;0.97706395,-0.2483886,1.3085515;0.73779786,-0.5660323,0.3686615;-0.7299198,1.0120602,-0.17228632;-0.9313003,0.6185025,-0.38291132;1.367322,-0.3148559,-1.0347502;2.3238685,-1.6521653,-0.66771996;0.78325087,-0.76632106,-0.7446861;0.52803123,-0.7205696,-0.21977317;0.52199566,1.2027097,-0.99054956;-0.115751244,0.85227203,-0.22390279;0.5652279,0.39236075,1.2292347;1.7080315,-0.59915185,-0.64176047;-0.62003875,1.5662897,-1.1335864;0.53352946,-0.2654738,-0.71544254;-0.95684946,0.52621365,1.4910833;0.6361958,0.49557224,1.980669;0.70927745,-0.6444671,0.1132653;0.043987717,0.6208373,-0.5900041;-1.0859908,-1.7795123,-0.51963174;0.197277,-0.19216655,-0.030765748;0.2998922,1.3838779,-1.0276165;-0.3491579,-1.5435396,-0.398893;0.12540163,1.6458856,-0.8585688;-0.5191008,0.7797726,0.109008506;0.5121528,-0.17760517,1.0806197;0.5890255,0.99669725,2.1591601;-1.1877601,0.4486839,1.8210295;0.23306015,-0.0965874,0.5072941;0.546058,-0.24289733,1.1533753;-0.11464433,0.3113308,0.14828455;2.258657,-1.4009076,-0.64339554;-0.8569764,-1.6557219,-0.219272;0.693986,0.9186392,2.3799493;0.33880708,0.4290414,0.84077036;-1.060022,-1.108458,-0.6789251;-0.8995596,0.45644516,1.2886295;0.42152277,1.485396,-0.96032995;-0.554668,0.35974833,0.7969609;-1.0484741,-1.2250644,-0.6260191;-0.5331565,-0.85688764,-0.3949897;-0.3850208,1.5198885,-1.1976368;-1.109613,0.43615746,-0.45265803;0.60144997,-0.48413065,-0.31951365;-1.3424922,0.43826944,-0.5152263;0.46027812,-0.6838714,-0.47712028;-1.6319785,0.8920562,-0.40511283;0.60658884,0.9386821,2.125838;0.61322445,0.8049541,-0.96126443;-1.1429701,0.41017234,1.9409419;0.7631325,0.4560103,1.9539788;0.33738956,1.337415,-0.9940185;-0.7472296,1.7574114,-0.80282384;-1.1982417,0.4183073,-0.45593947;0.18525094,-0.34048972,-0.511267;-1.555091,0.23575538,2.305638;-1.4561139,-1.5762563,-0.2978554;0.45161057,-0.050082702,0.68960375;0.4366109,0.6415509,1.9304591;-0.51557595,-2.1439037,-0.5728612;-0.64164364,-1.042047,-0.5348628;1.4767134,-0.47476184,-1.1567752;-0.163619,1.7897011,-0.73153347;-0.7319209,0.6860396,-0.4338272;0.6168165,0.60499066,2.056309;-1.2854571,0.56715643,-0.52074414;0.6143657,-0.21927981,1.3018538;1.4796925,-0.5814894,-1.0057639;0.9628477,-0.5798485,0.79735655;0.4573891,0.076211415,1.0314734;0.5252817,-0.20777984,0.93199265;0.60169035,1.0822369,2.3097084;0.5361355,0.2686009,1.0917203;-0.87502354,0.24213363,-0.45620632;-1.608827,1.3657218,-0.37904054;0.033956897,0.5413399,0.11585498;-1.1102091,0.43459195,-0.59119856;-0.6380582,0.9921892,-0.38243797;0.9399192,-0.588674,0.7861282;0.33792877,-0.002395517,0.65121216;0.5864053,0.953245,-0.9912745;-0.75468737,-1.8513731,-0.42907456;-1.2241092,0.42446637,1.9566873;1.613757,-0.71247506,-0.637408;0.68963706,-0.7340716,-0.82130206;-0.82288766,-1.6656122,-0.26085868;2.3179424,-1.5828079,-0.68094236;-0.3767951,-1.1316205,-0.27937672;0.51723313,-0.71983784,-1.0077469;-0.45527422,1.3942188,-0.55080074;-0.36536118,1.4279106,-0.8976717;-0.35468924,0.05661203,0.84303814;0.3017102,1.4096272,-1.1814775;0.60844666,0.8079419,-0.958938;0.25208423,0.20765537,-0.6027946;-0.8680321,0.6461312,1.4326624;-1.2187586,0.38811165,1.7688768;-1.3389686,0.6104948,-0.6406025;1.3098655,-0.49394175,-1.1555257;-0.0390288,-1.6407892,-0.49428153;-0.67153883,1.6711235,-1.0689968;0.18968068,1.7583497,-0.82672226;-1.346925,-1.1937293,-0.6333595;-0.71022946,1.718893,-0.9899995;1.7968057,-0.6038552,-0.6428359;1.0082935,-0.5833166,0.63008046;-0.87157726,-1.946975,-0.6677526;0.4112684,1.1348668,2.202469;-1.0403835,-1.5871719,-0.24304543;-0.69578916,0.59526664,1.4081718;-0.028445905,1.7677941,-0.75760096;-0.14214848,-0.23716246,0.64939266;-0.47547367,0.7151447,0.05233776;0.08504314,0.29394692,-0.49047336;0.6730969,-0.20280403,-0.1884659;-0.5508557,0.32523125,0.9140908;-1.4086347,-1.5642349,-0.62887555;0.7446369,0.5580912,2.0154872;2.2751484,-1.6161724,-0.5927201;-0.78292495,0.27664095,-0.5384381;0.29965267,1.6822255,-0.8467539;-0.14971696,-1.9525926,-0.6106978;-0.8388248,-1.1733239,-0.51937073;-0.5295244,0.29625896,0.9076343;-0.91228294,1.0157548,-0.43929935;1.4619548,-0.50664896,-0.9523817;-0.7179637,0.7202922,-0.33119938;-0.6911616,0.9757729,0.027806537;1.9667267,-0.8656582,-0.53605;-0.12087032,0.44330302,-0.32013136;-0.22983518,-1.9513676,-0.3663092;-0.4631578,0.19380023,0.9475655;-0.105635084,0.0890064,0.38712248;0.6389766,0.6262527,-0.913552;-0.9929449,-1.7230465,-0.83415526;-0.58647317,-1.1567488,-0.4422387;-0.0948184,1.2399317,-1.1305491;-0.48047996,0.34060875,0.7206528;-0.4591387,0.14769217,0.9263462;0.34262633,-0.3540665,0.010848765;0.0951188,1.8270665,-0.7556531;0.7827849,0.5720511,1.9531045;0.53427404,-0.6992365,-0.30669245;1.2932076,-0.5692561,-0.9254097;0.47748265,-0.15145507,-0.13304849;0.31089565,-0.048327886,0.5630518;-1.3989136,-1.567626,-0.2711914;-1.6123178,1.3943975,-0.44022292;1.5903728,-0.34209952,-0.49992955;0.6199285,-0.2376365,0.88304955;-1.0329896,-1.4655894,-0.7674029;0.932089,-0.650846,0.7720283;-0.9479649,-1.383568,-0.42004552;-1.0250595,0.43038416,-0.622474;0.95589864,-0.5896227,0.74596035;-1.6135316,0.27222046,2.4512653;-1.165682,0.43183592,1.7117786;-0.5753814,0.6160657,0.8524688;-1.5987508,0.28296018,2.4356701;0.98835635,-0.12679806,1.456923;1.5047523,-0.53835285,-1.0216776;-1.1073614,0.4525746,1.6063273;-0.33111823,-1.9054571,-0.6014895;-1.5173295,1.2581306,-0.34057364;0.6742794,0.7293419,2.1835895;-1.606433,1.1533189,-0.41918108;1.3189265,-0.3839067,-1.2349052;0.86865246,-0.5249329,0.41377714;-0.4665367,-1.3287277,-0.5442136;0.41688707,1.6286836,-1.0198636;0.37459576,0.6699198,1.9060751;0.7319779,0.28123352,1.7756516;-0.55092293,-2.0102184,-0.69193435;-0.5964559,-1.0787882,-0.5470163;0.030348886,-1.8065034,-0.5380985;-0.26756406,1.7693357,-0.6902656;-1.695761,1.3787789,-0.30266836;0.14274137,1.3810588,-1.1496042;0.13350704,0.32179427,-0.55336803;2.0960104,-0.7225858,-0.38514397;-1.3778036,0.2881346,1.930822;0.974391,-0.1361761,1.4425155;2.3679075,-1.7435122,-0.64232385;-0.76957345,0.48173493,1.1960434;0.6261402,0.5434674,1.7773412;1.5878224,-0.51945627,-0.86929053;-1.3859708,-1.5945812,-0.26227957;-0.35138163,-1.1372325,-0.46264;-1.5298716,1.3635231,-0.3456167;-0.78686297,1.1643149,-0.44044694;0.861452,-0.066141784,1.3474346;-0.32843733,-2.0096793,-0.63562036;2.0530741,-0.926867,-0.4794036;-1.1069533,0.361374,-0.5053047;-1.4021186,-1.5257775,-0.44480467;1.0237724,-0.6686804,-1.0904187;-1.664871,0.1820005,2.2994661;-0.23863806,-1.9375587,-0.66153985;-1.1386315,-1.2238853,-0.5989809;0.79721725,-0.7545097,0.3020639;-0.38467214,-1.0507512,-0.27023736;-0.37504056,0.055584483,0.8080894;0.52476573,-0.7100863,-0.08914866;-1.0425158,-1.7312247,-0.81387246;-0.9238464,0.29849356,-0.46350405;-0.17335883,0.48075646,-0.1446404;-0.9263202,0.5349141,1.4649891;0.91991204,-0.3710796,1.0511417;1.2589254,-0.34933585,-1.1040379;-1.7602677,1.4861324,-0.28294486;2.0865378,-0.8321657,-0.468054;-1.2002691,0.40971467,1.7525162;-0.68629384,-1.7424045,-0.26071644;0.56352556,0.6729877,-0.892737;-0.18208104,0.6409417,-0.20533703;-0.43385196,-1.9529605,-0.5474347;-0.91988677,-1.8881326,-0.7598269;0.58827823,0.90329826,-0.97917986;-0.86704016,-1.5996914,-0.32833096;0.3471942,-0.19803058,-0.7250575;-0.53619754,1.0596977,-0.07155413;2.3624458,-1.7466964,-0.6399535;0.870283,-0.653195,-0.9157185;-1.3734947,-1.2051591,-0.64340574;-0.92042285,0.38520053,-0.57943624;0.81710005,-0.60506994,0.95078576;0.35191748,1.2683032,-1.1992766;-0.5457382,1.4659256,-1.1421915;-1.2057433,1.1035296,-0.45323858;0.34498,0.4440831,0.6675684;0.3554555,0.97121835,2.072706;-1.5758029,0.82992375,-0.4486519;-0.027401827,1.7948325,-0.75332034;0.5215478,-0.21317896,1.2026701;0.31355038,-0.24978705,0.14113694;-1.4537029,0.6363562,-0.35775307;0.47529662,1.1565739,2.2530625;0.57150316,-0.10177032,0.77566683;0.8276796,0.21681003,1.777777;0.43948564,-0.6330019,-0.74641216;1.2083595,-0.3040644,-1.1413183;0.78190476,0.6533021,1.9925365;-0.90252763,-1.7927201,-0.81812525;-1.3938842,0.8508579,-0.693291;-0.46735537,0.49030843,-0.2255727;-1.0597414,-1.3953477,-0.73451835;0.49349344,1.1087058,2.22443;-0.10638741,1.1337401,-1.1064188;-1.4187733,0.5838737,-0.61141616;-1.3348163,0.6683087,-0.65276587;-0.8545984,0.51675624,1.2557211;0.6598929,0.7656083,2.0911503;-0.3690318,0.18066353,0.7380895;0.51970965,-0.6936652,-0.022310259;-1.4131669,1.2292573,-0.28280687;-0.13998544,-1.7386414,-0.45496514;-1.425891,-1.6263773,-0.26381835;1.2492577,-0.23026042,-1.0108196;0.05228718,0.7191349,-0.66971844;-1.3368014,-1.1529934,-0.6539534;-1.0392789,0.51665896,1.6958724;-1.5775676,0.7442512,-0.42131093;0.46651736,-0.7293145,0.11175166;-1.3048077,-1.276046,-0.5641334;-0.43805376,-1.154347,-0.493897;0.7692777,-0.28733748,-0.8533617;0.6749155,-0.098896965,1.4863058;0.03339323,-1.8417914,-0.54812616;0.5755509,0.100910306,0.82533795;-1.2936653,0.3269135,1.8091059;-0.68368804,-1.6179847,-0.20416018;2.2415302,-1.3679985,-0.6093962;1.269757,-0.5540036,-1.0375311;-0.6200712,0.58938396,0.7245583;-0.51421446,-1.6277146,-0.29883993;-0.26690155,0.43437845,0.0067448365;-1.5533788,-1.3972477,-0.5478939;-0.44942454,-1.1066157,-0.46685195;0.46395886,-0.70183086,-0.055988234;0.40977225,-0.40866113,-0.035951797;-0.5572306,1.4335872,-0.54809314;2.1419713,-1.1049998,-0.53988427;-1.1052743,-1.7665746,-0.74948347;-0.82356113,0.80903506,-0.39067245;-0.9297433,-1.5569885,-0.20756477;0.7507715,-0.55264217,-1.0772815;-1.8666098,1.5907941,-0.323308;-0.49457195,0.81059384,-0.28536212;0.3425037,0.9076861,2.0440497;0.6009491,-0.42926255,0.4546936;-0.2281655,-1.7198762,-0.5178823;-1.2707307,-1.6612785,-0.16554357;0.93883365,-0.66586804,0.6670335;-0.85107607,1.0380518,-0.05177176;-0.998077,-1.6188573,-0.8310394;0.61281294,-0.4553494,-0.94931567;0.3064236,1.3119323,-1.2246736;-1.2095747,1.124783,-0.45227656;0.27029416,1.6046175,-0.9123769;0.39138407,0.74070036,1.964967;2.3636823,-1.8224062,-0.6258146;2.377508,-1.7095515,-0.6701974;-0.46940714,1.4868531,-1.170193;0.51703787,0.02375325,-0.5670799;0.33392587,0.40648016,0.6178412;-0.025994536,-1.8012149,-0.56299716;-1.2251107,-1.7202071,-0.6794271;-0.20194359,-1.9866668,-0.6474487;0.38782448,-0.76801956,0.13840841;-1.2547052,0.40826568,2.1533334;0.6137103,0.8017041,-0.96075946;0.71248937,0.7919122,2.0514197;-0.207319,-0.1823672,0.64874214;-0.6890909,0.5504704,-0.1016151;-0.75683284,0.9775515,0.008295995;0.33247718,-0.5050618,-0.7768453;-1.3797212,0.3174244,2.0051098;-0.14555235,0.6676786,-0.16034037;1.122955,-0.5696836,-0.81065845;0.37344867,-0.021554511,0.64216673;2.016382,-0.9137456,-0.52640647;-0.4569309,1.5271316,-1.2039;-0.36478353,0.082815774,0.81836796;-0.8491339,0.24941932,-0.4859693;0.23830858,-0.35039413,-0.17336403;-0.43640614,1.2021332,-0.8001448;0.50293875,0.553878,1.9367521;-0.149167,1.3175718,-1.213004;0.24646609,0.061422657,-0.11521878;-0.28477678,0.1404345,0.77527004;1.7016047,-0.44108102,-0.44662184;-0.95892394,-1.1993778,-0.59416157;1.3538746,-0.2338884,-1.1197424;0.7593788,-0.59711874,-1.0858103;-0.14851296,-1.8847557,-0.5963157;-0.656289,-1.1600308,-0.41960973;2.241492,-1.3681321,-0.6091844;-0.5251635,-1.9724432,-0.7076257;-0.119836785,-1.393979,-0.46049383;-0.5301447,0.65237176,0.76841813;0.538757,0.43479738,1.3516302;0.9797193,-0.18410306,1.3930935;0.7212154,-0.3079273,0.8609111;-0.40750477,0.26349434,0.8023065;-0.12374178,0.44056058,-0.49916914;1.7215114,-0.46779278,-0.7811177;0.98871833,-0.4017893,1.1229469;0.2011271,-0.100099735,0.2156187;-0.9354498,-1.94377,-0.4531984;-0.15588494,0.7125034,-0.68222284;0.35841036,0.44186777,0.8577626;0.9750554,-0.26732624,1.2851679;-1.3599949,0.5312765,-0.47397098;-0.11267307,1.6848891,-0.8638779;-0.38546696,0.13584091,0.8873266;0.2415828,-0.37903368,-0.33639935;1.8997405,-0.80554956,-0.52532303;0.7900505,-0.14326155,1.4072909;-1.3327559,0.30629402,1.727164;-0.9672421,0.5445827,1.6057403;0.64649385,0.33206496,1.8366811;2.3165681,-1.6086172,-0.660114;-0.81690806,0.47712153,1.1660373;-0.13394094,0.05469108,0.60092103;0.74450433,0.34410554,1.7215123;-1.534952,0.18233252,2.307728;-0.2744449,-0.1578358,0.6798874;0.5276434,-0.7377565,-0.20790002;0.8813414,-0.33760655,1.0386482;-0.9628699,-1.4032445,-0.19155478;-0.39620095,-1.2560854,-0.38232175;1.4821988,-0.38726065,-1.1717123;0.002469096,0.67636764,-0.5599914;0.6288171,0.85991293,-0.9844064;-0.60733247,1.3433504,-0.49815416;0.2366595,0.028585296,-0.086674735;-0.8511094,-1.9601486,-0.6882698;-1.0625794,-1.168359,-0.6042453;-0.3765858,1.3588524,-1.2148694;0.9086179,-0.590218,-1.2254232;-0.23623832,0.3063155,0.67377824;2.1822615,-1.3160948,-0.58827156;0.24205253,1.5428336,-0.96343553;-1.6646223,1.0616306,-0.33676112;-0.720749,0.9535433,0.015355329;0.6910609,-0.6606166,-1.0938405;-1.604161,0.20163162,2.238075;-0.7217123,0.56967366,0.7380312;-1.4150977,0.18857582,2.309284;0.15000634,1.392562,-1.1966907;1.1306667,-0.2205719,-0.5173485;0.59136355,0.8282859,2.1569767;2.0779142,-1.0754622,-0.5447326;0.070834175,0.50800204,0.05662608;1.1423545,-0.5193983,-1.2944531;-1.089987,0.3580532,-0.5040349;0.739618,0.7562456,2.0576165;2.1658401,-1.2131385,-0.5499169;1.1957198,-0.65322304,-0.719214;-0.3880842,1.2811452,-1.2046634;0.9108611,-0.46805766,0.9554612;0.85898155,0.8508392,2.2624629;0.8013557,-0.55652404,0.4976989;0.3361273,-0.030529685,0.09964062;-1.0969518,0.47005385,1.7171484;-0.614458,-1.051814,-0.6211274;-1.6492498,1.3845241,-0.39678317;0.061145954,0.27281597,-0.43704146;2.1534274,-1.3207582,-0.50525963;1.3884051,-0.49749467,-0.5736086;0.62799203,0.6615802,-0.91947275;-1.8028497,1.5384405,-0.3340281;0.42174748,-0.053039175,-0.41816613;1.3628819,-0.3538345,-0.52787876;0.5388953,-0.19960108,-0.22408117;-0.78319937,0.9809208,0.009745639;0.72870445,0.7477139,1.9940357;0.8238175,0.15709239,1.6458166;0.37786278,-0.7705972,0.18344097;-0.9521605,0.53557533,1.5262849;-1.328182,1.1468772,-0.63239896;0.69847727,0.9687677,2.1253133;-0.79253274,0.23973186,-0.46441695;0.14817943,1.5190986,-0.6576879;-0.13017718,0.23548065,0.31957364;-0.36796665,1.4008319,-0.8701459;0.6341214,1.0151252,2.14313;-1.0933297,0.45228234,-0.54822534;-1.1480871,-0.95567787,-0.6973348;-0.3022577,1.7716198,-0.6766605;-0.47546592,1.3519355,-0.6725565;0.96084243,-0.30659792,1.1961849;-0.231627,0.5028659,-0.4612304;2.344801,-1.6224897,-0.5827835;0.9925793,-0.4185695,1.0630257;1.986753,-0.8558753,-0.6289794;-1.4148353,-1.5570114,-0.32034525;0.18364844,-0.30997485,-0.6329231;-0.13160071,0.43507874,-0.08698488;0.15724105,1.7269628,-0.7568832;-0.524292,-1.0980608,-0.41577008;-1.5694022,0.7528774,-0.3940279;1.7313862,-0.47959694,-0.74583316;1.9897711,-0.92878383,-0.5439549;1.1822352,-0.46929598,-0.79714954;-0.1835907,0.29451612,0.84515524;0.69787043,0.8310873,2.0316913;0.43481085,0.17776653,1.010684;-0.16105199,0.19170645,0.626346;0.4985024,0.1070123,-0.5180085;1.9228756,-0.5845016,-0.62034506;-1.0924121,-1.5762904,-0.35174623;2.1645308,-1.236017,-0.5004489;-1.5079507,0.7669273,-0.3548124;-0.64146423,1.5982826,-1.1179671;-1.0032037,0.5118317,1.3121458;0.3812972,1.2755524,-1.0261236;-0.12100293,0.56427366,-0.5416951;-1.3721136,0.5573361,-0.5903115;-0.80329597,-1.5780206,-0.7777171;-0.56189644,-0.9194371,-0.44003028;0.85227,0.1083357,1.46645;0.3640161,0.14231399,0.6726644;-0.41501614,1.517837,-1.1975685;0.60384595,-0.59197575,-0.19855447;1.7040832,-0.7025329,-0.5988489;-0.23480268,1.3062323,-1.1837662;-0.3778462,-1.5644722,-0.3749625;1.1820726,-0.55921316,-1.3608716;0.8492598,-0.413982,0.975257;-1.5578274,1.3295168,-0.20898278;-0.3684484,0.06043449,0.8581724;1.0431161,-0.6168156,-1.1039789;-0.21260184,-0.06298563,0.6567243;-1.5393397,0.6194656,-0.41037264;-0.64464146,-1.6081469,-0.2073094;1.4420726,-0.18722165,-0.9816262;-1.3618009,-1.4558764,-0.22668234;0.16560626,1.6904575,-0.84669083;-0.36343807,1.3320304,-0.88091093;0.5856669,-0.7062428,-0.123206906;-1.5522535,0.20288448,2.1494386;2.0515988,-0.9900338,-0.5805893;1.1704965,-0.6945694,-1.059521;0.6689923,-0.69909537,-0.977872;0.04551095,1.8009245,-0.68549645;-1.3252312,-1.6212242,-0.25314054;0.47231278,1.2186893,-0.973719;-0.47067547,1.5660434,-0.5968609;1.8377575,-0.44536787,-0.6657889;-0.076453924,0.3739612,-0.02050975;-0.09516408,1.1230309,-1.1315266;-0.08428723,0.6804523,-0.2450751;-1.1794221,1.1011387,-0.17676638;0.56538314,-0.66704184,-0.95888495;0.47827756,0.2985509,1.0080781;0.56242687,1.073656,2.2618291;0.3874309,0.03734785,0.84215426;0.7879584,-0.5950351,-1.0405109;-0.5364432,1.3504204,-0.5538263;0.32780823,0.8365397,1.9304792;-0.25826,1.3913068,-1.1692227;-0.7352319,1.7525194,-0.879063;0.7140934,-0.20812094,-0.64153844;-0.51759905,1.2583402,-1.0429716;0.43127835,-0.4281546,-0.75121737;-1.7764888,1.5186186,-0.34367454;1.3515418,-0.49481633,-1.1156873;-0.12179985,1.346532,-1.1675669;-0.8267766,-1.2423278,-0.5595034;-0.27097052,1.4024625,-1.1075178;0.55628955,0.5474836,1.9543003;-0.9363172,-1.8021233,-0.8524731;-1.2072701,-1.2005334,-0.65410656;-0.74827415,0.26644292,-0.55960226;-0.40782002,0.7583396,-0.24332257;0.7877798,0.55345064,1.9434289;0.40626094,0.030477155,0.80712426;0.31217587,0.10607661,-0.061572064;-1.4949234,0.6555828,-0.6267413;-0.7100452,0.51179534,-0.16134638;0.57507193,1.0013131,-0.99445397;0.5734271,1.0191443,-1.0024327;-0.99166554,0.50310403,1.4290081;0.81731445,-0.16332896,1.0271512;-0.029856296,0.65792197,-0.3849499;0.7237088,0.6601973,1.9981053;0.40829742,0.012671331,0.8601445;1.4895338,-0.17722832,-1.1458759;-0.6527469,0.35381514,-0.6222872;0.7355114,-0.8864438,-0.92297876;0.27146888,1.4130112,-1.0651058;1.1782857,-0.42267007,-1.3096712;-1.1346141,-1.7732308,-0.67190295;1.1689055,-0.24873164,-0.67165583;-1.4763458,0.11453821,2.1721125;0.80206335,0.5870319,1.9269235;1.886444,-0.85132766,-0.58495426;0.24576004,-0.43187422,-0.33068773;0.38133305,-0.7618655,0.26190442;-0.3847135,-2.0162866,-0.5441384;2.170816,-1.2370654,-0.58633447;1.3312341,-0.3547571,-1.0859698;0.9271687,-0.47485986,-1.137357;-0.7176533,1.7103256,-0.9827318;0.5678234,0.47071353,-0.8089088;0.8423639,0.45290866,1.8653841;0.46942297,-0.01235911,0.91745514;-0.08007111,0.6733654,-0.19778726;-1.2949588,0.32206428,1.7380328;-0.11383962,0.2484685,0.40793985;-1.1692629,-1.6729201,-0.14378864;-1.1274644,-1.5809444,-0.28053486;0.70997673,-0.63609993,0.18720196;0.79505694,-0.759357,-0.8640509;0.044155378,0.47020274,0.07959122;-1.4215674,-1.522774,-0.43811694;-0.7804415,0.29060742,-0.57394105;1.3895252,-0.28567234,-0.5649925;0.0046220142,-1.8375614,-0.53936905;-0.36710843,-1.0663509,-0.22353144;-0.8558176,-1.7410644,-0.35858208;-1.1596643,-1.0721064,-0.7033405;-0.17737336,-1.9179363,-0.65649575;-0.95448136,0.52639514,1.2981186;0.29484755,1.6732959,-0.91180897;1.7288569,-0.5435222,-0.7554728;0.9772071,-0.63573766,0.7068199;0.09975968,1.3715606,-0.670878;-0.012792206,0.062897794,0.71248275;-1.2186068,1.1607327,-0.41379058;0.610282,1.0733756,2.3113356;-0.8759824,-1.8909742,-0.54391474;-0.6536524,-1.1252217,-0.50564545;-0.032652084,-0.018345533,0.3699817;-1.7068803,0.88022673,-0.3488978;-1.2826896,-1.5787395,-0.3188165;0.4523706,1.1507297,2.2421045;-1.5721948,0.8374929,-0.48300782;-0.7381728,0.6873127,-0.3113563;0.568105,-0.107578896,-0.12643553;0.83232456,0.45337388,1.8726836;0.5339938,0.1672441,0.8362445;-0.05267303,-0.10065918,0.555079;-0.52371746,0.49038845,0.018728366;0.50852776,0.5969357,-0.8429948;-0.8415054,-1.966044,-0.66869605;-1.3507026,1.1879507,-0.5565073;-0.7556313,1.7705961,-0.81122553;0.6859217,-0.62611085,-0.30307356;-0.45796236,0.47351554,-0.21434872;-0.91873676,-1.9180593,-0.75982434;-0.9734671,-1.5212544,-0.36645523;-1.3213196,0.57383907,-0.7477309;-0.20435067,0.43038777,-0.37159908;0.47537306,-0.32979497,-0.74477077;0.9753064,-0.13011846,1.4497352;0.08484039,1.8388115,-0.8233925;0.44294137,0.9808962,2.132098;-0.70283425,0.9273705,-0.5751878;-0.5959873,1.1136514,-0.58036757;0.29207715,1.5088444,-0.98960614;0.94910294,-0.58577406,0.7844467;-1.3970915,0.68866134,-0.63597697;0.52994037,-0.6374124,0.048391104;0.012686013,0.6796473,-0.1567725;1.5189731,-0.046056002,-1.1982516;0.7504193,-0.23582864,-0.776774;0.7705423,0.2785825,1.7523637;0.5148492,-0.5960517,-0.30555946;0.3115721,0.60443085,1.1494392;0.93509096,0.6627628,2.1076293;-1.4655594,0.2995939,2.1809216;-0.14859714,0.17808942,0.56486887;0.58589417,-0.22605327,-0.36563945;0.6075644,0.7156184,-0.92865866;-1.4593204,-1.4408023,-0.4719042;-1.1495954,-1.5826573,-0.2869701;-0.031596303,0.66432035,-0.5918454;0.34466287,-0.1982492,-0.70895267;0.8340874,0.63217264,2.09485;-1.2504559,0.36044675,1.7864602;-1.3284942,0.65417564,-0.6495073;0.6811459,-0.16950732,1.3568245;0.7850792,-0.09155244,-0.088007554;-1.0345373,-1.3215125,-0.59511656;1.1643819,-0.4088475,-1.2842082;-1.2161093,1.0971907,-0.14977129;-1.6247317,1.4090484,-0.40132225;-1.2025552,0.38232473,2.1188056;-0.9967906,-1.6568688,-0.33951283;1.6190598,-0.43608943,-0.86462945;0.61456895,0.56524575,-0.8771677;-1.7655388,0.11943816,2.2609737;0.10358306,1.7959125,-0.81446683;2.25587,-1.5026578,-0.6034155;-0.093788825,1.1544871,-1.1370336;-0.3589789,1.0828319,-0.8931034;-1.3031403,-1.2353891,-0.5927733;0.050997794,1.6851053,-0.88866675;-0.5081413,0.55302584,0.67893076;-1.6069962,0.83588314,-0.40930685;-0.6672899,0.79337996,-0.3022362;0.34652147,0.041655995,0.45811474;-0.42320698,-1.2856277,-0.5309492;0.23545277,-0.30962473,-0.63823235;-0.86485374,-1.9484555,-0.7460919;0.12319518,1.4061692,-0.65060246;0.06792091,1.2326114,-0.6593818;-0.54501575,0.35166672,0.94231355;-0.69723564,0.98953235,-0.5576468;0.1818692,1.5007342,-0.95729995;2.215695,-1.4296594,-0.6085273;1.5267423,-0.4255547,-0.60822964;-0.08353761,-0.03811205,0.6390962;-0.27275196,-1.6516917,-0.48620656;-1.7461022,1.4970387,-0.3589748;-1.5097393,0.09026283,2.1834583;-0.12243815,0.18959492,0.5510743;-0.606388,0.5568305,0.62536407;-0.5468344,1.3791522,-0.52494013;-0.09653684,1.1511654,-1.1443698;-0.5916365,0.40413028,0.9587719;0.83891076,-0.521751,0.5635258;-0.28256294,-0.09615577,0.73798794;-0.057711452,-1.7584885,-0.5331435;-1.5864891,0.8008795,-0.4297624;0.75497705,-0.6821408,-1.140595;0.89310837,-0.5400104,-1.1625876;-0.1621852,-1.575457,-0.44429;0.58566207,0.109516084,1.0931813;0.957099,-0.4965004,0.97994006;2.3672445,-1.7377467,-0.6640519;1.14977,-0.22106004,-0.5768881;-1.1524336,0.435695,-0.519479;0.5674085,-0.614148,-0.27178493;1.7198483,-0.4396497,-0.61908793;-1.2181841,0.39917588,2.0349748;1.5612413,-0.6762827,-0.94729733;-1.3805454,0.44657713,-0.4042832;0.49859765,0.17097425,0.08980179;-1.4385369,-1.4317578,-0.45754766;-0.14716488,1.3439384,-1.1585006;0.57484466,-0.7099408,-1.039518;-1.0412005,-1.3192918,-0.5930736;-1.0824748,0.46644038,-0.59818244;-0.3394933,-0.008415733,0.78935075;1.5263333,-0.48604295,-1.0933261;0.20491612,-0.32667553,-0.67552584;-0.56871784,1.4928026,-1.1511841;0.99574673,-0.114774674,1.4875145;0.9842185,-0.15295511,1.4336326;0.6722679,-0.63760126,0.14963293;-0.22863671,0.6895432,-0.6498754;2.2145495,-1.2708884,-0.5111877;2.3654392,-1.555573,-0.53798157;0.707156,0.9491647,2.282883;-1.6587315,0.23640753,2.3972132;0.7094676,-0.19764477,1.3648657;0.72769856,-0.09166637,-0.15936206;0.17624234,-0.0949352,0.58930016;-1.4370426,0.31582564,2.1239812;-1.1773192,1.0975634,-0.41752905;-0.12685819,1.1046562,-1.0875882;1.964732,-0.83329093,-0.4717585;0.4896691,0.22463374,0.1776586
