data_set
babi-q1
num_classes
6
data_points
1000
model
saved_models/babi-q1-e0120.ckpt
color_schema
#4E79A7,#F28E2B,#E15759,#76B7B2,#59A14F,#EDC948,#B07AA1,#FF9DA7,#9C755F,#BAB0AC
test_accuracy
0.841
test_loss
0.48172429418563845
train_accuracy
0.91375
train_loss
0.23152566204965114
val_accuracy
0.8735
val_loss
0.378588981449604
labels
12,9,15,12,15,12,11,12,17,17,15,11,17,10,10,15,11,15,17,15,12,17,17,12,10,10,10,15,15,15,12,17,15,15,9,17,9,11,15,10,9,11,9,12,11,15,12,9,17,10,10,17,11,11,15,10,15,12,11,12,12,17,9,11,11,15,15,9,17,17,11,12,11,10,9,15,15,15,12,17,11,9,10,11,17,11,11,12,15,15,9,9,12,9,9,15,15,15,10,10,10,9,17,11,11,12,10,9,17,10,9,9,15,12,15,11,17,15,9,17,10,9,10,12,10,17,11,11,11,9,11,12,9,11,15,9,17,15,9,9,17,12,12,17,10,15,15,15,15,15,11,11,9,17,10,9,11,10,17,12,10,10,10,11,9,11,11,11,15,10,17,17,11,9,9,17,15,10,17,17,12,12,12,12,10,9,17,11,15,17,12,15,11,12,12,11,17,15,9,10,12,17,17,10,12,9,15,12,9,12,9,10,12,10,9,10,9,12,12,9,9,12,15,12,10,17,12,11,9,9,17,11,12,17,12,10,10,10,10,17,12,15,11,11,15,15,11,11,11,11,10,17,9,9,10,10,17,17,15,11,11,17,12,17,17,9,11,10,9,10,15,17,17,15,9,17,15,12,17,9,9,11,17,17,11,17,9,17,11,9,15,15,10,15,15,11,11,12,12,9,9,9,9,17,12,11,9,17,17,15,11,11,17,10,11,17,10,17,17,11,11,15,15,11,11,9,10,11,11,10,15,17,15,10,10,17,12,17,12,12,12,11,17,15,11,17,12,12,15,15,10,11,11,10,10,9,17,12,11,12,11,9,11,11,11,11,11,12,12,12,12,12,11,11,17,10,15,9,9,10,9,10,10,17,17,15,17,17,17,15,15,12,9,10,17,17,10,17,9,11,10,11,10,15,17,15,12,10,11,15,10,11,9,12,17,10,10,15,12,9,12,12,9,12,10,15,15,17,10,10,17,15,15,15,17,11,15,9,10,11,10,12,9,11,10,11,10,12,11,15,15,15,15,11,9,15,10,12,11,12,9,11,10,17,11,11,10,10,10,17,12,17,17,9,15,11,9,15,11,9,10,10,12,12,11,10,9,12,10,9,15,10,10,11,11,15,15,10,12,12,15,11,9,12,9,15,10,17,17,10,10,17,10,10,17,9,9,10,12,11,17,17,12,12,11,12,17,11,11,12,11,11,11,17,9,11,10,12,12,10,11,17,12,12,15,11,15,15,12,10,10,9,17,10,15,12,15,10,10,10,11,10,11,15,10,9,9,15,10,10,10,10,15,15,17,9,10,12,10,10,12,12,11,15,10,10,11,12,10,10,17,12,17,11,9,9,17,17,11,10,10,10,15,15,17,11,15,12,11,10,15,17,9,11,9,17,15,12,15,17,11,17,17,15,9,10,9,9,10,10,9,10,10,15,11,11,11,15,12,9,11,11,10,17,11,11,12,17,15,15,9,11,15,15,11,9,15,15,11,15,15,15,11,10,10,9,17,17,17,17,10,10,17,9,15,9,17,12,12,12,15,15,15,17,9,11,9,17,9,12,11,9,9,17,11,11,11,10,15,10,12,12,9,9,17,12,12,9,17,12,11,11,15,15,12,11,12,17,12,17,11,12,11,17,17,11,17,9,11,9,10,10,12,17,10,12,9,9,9,15,11,11,15,17,9,10,9,12,17,15,17,17,12,10,12,11,11,17,15,9,17,10,9,11,12,15,9,15,12,10,9,10,17,17,15,15,9,9,9,17,10,17,17,9,12,17,17,12,12,11,11,11,11,17,11,17,17,17,17,17,12,9,17,10,17,11,10,10,12,12,11,11,17,12,12,17,17,15,11,17,11,11,9,12,9,17,9,10,9,15,11,9,11,15,10,9,9,9,17,12,11,11,17,15,15,10,10,11,11,17,10,12,9,10,10,10,10,10,15,17,9,11,17,15,12,11,10,10,15,12,10,11,12,12,11,11,11,15,12,17,10,12,17,17,12,10,10,12,17,10,11,17,11,12,17,17,11,12,11,17,9,9,11,17,11,11,15,15,17,17,10,10,17,12,11,15,12,11,11,10,9,12,12,15,10,9,17,15,17,9,17,17,10,17,15,12,12,11,10,10,10,17,17,15,12,17,9,9,15,10,12,15,15,15,17,17,15,11,15,10,12,9,9,10,11,11,9,9,12,15,9,15,9,12,12,10,17,17,10,12,15,9,10,17,11,11,11,17,9,9,11,15,11,11,11,15,12,17,9,10
pred_labels
12,9,15,12,15,12,11,12,12,12,15,11,15,10,11,15,11,15,11,12,12,17,12,9,11,10,10,15,15,15,12,17,15,15,9,17,9,11,15,11,9,11,11,15,11,15,12,9,17,10,10,17,11,15,11,10,15,12,12,12,12,17,9,11,12,15,15,9,17,15,11,12,11,10,9,15,11,15,12,17,11,9,10,15,17,11,11,12,15,15,9,9,12,9,9,15,15,15,10,10,10,9,17,11,11,12,10,9,17,10,9,17,15,12,15,11,15,9,15,17,10,9,10,12,10,17,11,12,11,9,11,10,9,11,11,9,17,15,9,9,17,12,12,15,10,15,15,15,15,11,11,11,9,12,10,9,11,10,17,12,10,12,10,11,9,11,11,15,15,10,17,17,11,9,9,17,15,10,17,17,12,12,12,12,10,9,17,11,15,17,12,15,11,12,11,11,17,11,9,10,12,17,12,10,12,9,15,12,9,9,9,10,12,9,11,10,9,12,12,11,9,17,15,15,10,17,12,11,9,9,17,11,12,17,12,10,10,9,10,15,12,15,11,11,15,15,11,11,9,11,10,10,9,9,10,10,17,10,15,11,11,17,12,17,12,9,11,10,9,10,15,17,17,15,15,17,15,12,17,9,9,11,17,12,11,17,9,9,11,9,15,15,10,15,15,11,11,11,12,9,9,9,12,17,17,11,9,17,9,15,11,11,17,10,10,17,10,17,15,11,11,15,15,11,17,9,10,11,15,10,15,17,17,10,15,17,12,9,12,10,12,11,17,15,11,17,17,12,12,15,10,11,11,10,10,9,17,12,11,12,11,9,11,11,11,11,11,12,12,12,12,12,11,11,17,10,15,9,11,10,9,9,12,17,17,15,17,17,17,15,15,12,9,10,17,17,10,17,9,11,10,11,10,15,17,15,12,17,17,15,10,11,9,12,17,10,10,15,12,9,12,11,9,10,10,15,9,17,10,10,17,15,15,10,17,11,15,9,11,11,10,12,9,11,10,11,10,12,11,15,15,11,15,11,9,15,10,12,11,12,9,11,10,17,11,11,10,11,10,17,12,17,9,9,15,11,9,15,11,9,10,15,12,12,11,10,9,12,10,9,15,10,10,10,10,15,17,10,12,12,15,11,9,12,9,15,10,17,17,10,10,17,10,17,9,9,9,10,12,11,17,17,12,12,11,12,17,11,12,12,11,11,11,12,9,11,10,12,12,10,11,17,12,12,15,11,15,15,12,10,10,9,17,10,15,12,15,10,10,9,11,10,11,15,10,9,9,15,10,15,10,11,15,15,17,9,10,12,10,10,12,10,11,15,10,10,11,12,10,10,17,12,17,11,9,9,17,12,12,10,10,10,15,15,17,11,15,12,12,10,15,15,15,11,9,17,15,12,11,17,11,17,10,15,9,10,9,9,10,10,9,10,15,15,11,11,11,15,12,9,11,10,10,17,11,11,12,17,15,11,9,11,15,15,11,9,15,15,11,15,15,12,11,10,12,9,17,17,17,11,10,10,17,9,15,9,17,12,10,9,15,15,15,17,11,11,9,9,9,12,11,9,9,17,11,11,9,9,15,10,12,12,9,9,17,12,11,9,12,11,11,11,15,15,12,11,12,17,17,12,11,12,10,17,17,11,12,9,11,9,10,12,12,17,12,12,9,9,11,11,11,11,11,9,9,10,9,12,17,15,17,12,12,10,10,11,11,17,9,9,17,10,9,11,12,15,9,15,12,10,9,10,17,17,12,15,9,9,9,17,10,17,12,9,9,17,9,12,9,11,11,11,9,17,11,17,17,9,17,9,12,9,17,10,17,11,10,10,12,10,11,15,11,12,12,17,17,15,11,12,11,11,9,12,10,17,9,10,9,15,11,9,9,15,10,9,9,9,17,12,11,11,9,15,15,10,10,11,11,9,10,12,9,10,10,10,10,10,15,17,9,11,17,15,12,11,10,15,11,12,10,11,12,12,12,11,11,15,11,17,10,12,15,15,12,10,10,12,12,9,11,17,11,12,17,17,11,12,11,17,9,17,11,11,11,11,15,15,11,17,10,10,17,9,11,15,12,11,11,10,9,12,12,15,10,9,17,15,17,9,17,17,10,17,15,12,12,12,15,10,10,17,17,15,12,17,9,9,15,10,12,15,15,15,17,17,15,11,15,10,12,9,9,10,11,11,9,9,12,12,9,15,9,12,9,10,17,9,10,12,15,9,9,17,11,11,11,17,9,9,11,15,11,17,11,15,12,17,9,9
pred_correctness
True,True,True,True,True,True,True,True,False,False,True,True,False,True,False,True,True,True,False,False,True,True,False,False,False,True,True,True,True,True,True,True,True,True,True,True,True,True,True,False,True,True,False,False,True,True,True,True,True,True,True,True,True,False,False,True,True,True,False,True,True,True,True,True,False,True,True,True,True,False,True,True,True,True,True,True,False,True,True,True,True,True,True,False,True,True,True,True,True,True,True,True,True,True,True,True,True,True,True,True,True,True,True,True,True,True,True,True,True,True,True,False,True,True,True,True,False,False,False,True,True,True,True,True,True,True,True,False,True,True,True,False,True,True,False,True,True,True,True,True,True,True,True,False,True,True,True,True,True,False,True,True,True,False,True,True,True,True,True,True,True,False,True,True,True,True,True,False,True,True,True,True,True,True,True,True,True,True,True,True,True,True,True,True,True,True,True,True,True,True,True,True,True,True,False,True,True,False,True,True,True,True,False,True,True,True,True,True,True,False,True,True,True,False,False,True,True,True,True,False,True,False,True,False,True,True,True,True,True,True,True,True,True,True,True,True,True,False,True,False,True,True,True,True,True,True,True,True,False,True,True,False,True,True,True,True,True,False,True,True,True,True,True,True,False,True,True,True,True,True,True,True,True,True,False,True,True,True,True,True,True,True,True,False,True,True,True,False,True,True,True,True,True,True,True,True,True,False,True,True,True,True,False,True,False,True,True,True,False,True,True,True,True,True,False,True,True,True,False,True,True,True,True,True,False,True,True,True,False,True,True,True,False,True,False,True,True,False,True,False,True,True,True,True,True,True,False,True,False,True,True,True,True,True,True,True,True,True,True,True,True,True,True,True,True,True,True,True,True,True,True,True,True,True,True,True,True,True,False,True,True,False,False,True,True,True,True,True,True,True,True,True,True,True,True,True,True,True,True,True,True,True,True,True,True,True,True,False,False,True,True,True,True,True,True,True,True,True,True,True,True,False,True,False,True,True,False,True,True,True,True,True,True,False,True,True,True,True,False,True,True,True,True,True,True,True,True,True,True,True,True,False,True,True,True,True,True,True,True,True,True,True,True,True,True,True,True,False,True,True,True,True,False,True,True,True,True,True,True,True,True,False,True,True,True,True,True,True,True,True,True,True,True,False,False,True,False,True,True,True,True,True,True,True,True,True,True,True,True,True,True,True,True,False,False,True,True,True,True,True,True,True,True,True,True,True,True,True,False,True,True,True,True,False,True,True,True,True,True,True,True,True,True,True,True,True,True,True,True,True,True,True,True,True,True,True,True,True,True,False,True,True,True,True,True,True,True,True,True,False,True,False,True,True,True,True,True,True,True,True,True,False,True,True,True,True,True,True,True,True,True,True,True,True,True,True,True,False,False,True,True,True,True,True,True,True,True,True,False,True,True,False,False,True,True,True,True,True,False,True,True,True,False,True,True,True,True,True,True,True,True,True,False,True,True,True,True,True,True,True,True,False,True,True,True,True,True,True,True,False,True,True,True,True,True,True,True,True,True,True,True,False,True,True,False,True,True,True,True,False,True,True,True,True,True,True,True,True,False,False,True,True,True,True,False,True,True,False,True,True,True,True,True,True,True,True,False,False,True,True,True,True,True,True,True,True,False,True,False,False,True,True,True,True,True,True,True,True,False,False,True,True,False,True,True,True,False,True,True,True,True,False,True,True,False,True,True,True,False,False,True,True,False,False,True,True,True,True,True,True,True,False,True,True,False,True,True,True,False,True,True,True,True,True,True,True,True,True,True,True,True,True,True,True,False,True,True,True,True,True,True,True,False,True,False,True,False,True,False,True,True,True,False,True,True,True,True,False,True,False,True,True,True,True,True,True,True,True,True,False,True,False,False,True,True,True,True,True,True,False,True,True,True,True,False,True,True,True,True,True,True,True,False,True,True,True,True,True,True,True,True,True,False,True,True,True,True,True,True,False,True,True,True,True,True,True,True,True,True,True,True,True,True,True,True,True,True,False,False,True,True,True,True,True,False,True,True,True,False,True,True,True,False,False,True,True,True,True,False,False,True,True,True,True,True,True,True,True,True,True,True,False,True,False,True,True,True,True,False,True,True,True,True,False,True,True,True,True,True,True,True,True,True,True,True,True,True,True,True,True,True,True,True,True,True,True,True,False,False,True,True,True,True,True,True,True,True,True,True,True,True,True,True,True,True,True,True,True,True,True,True,True,True,True,True,True,True,True,True,False,True,True,True,True,False,True,True,False,True,True,True,True,False,True,True,True,True,True,True,True,True,True,True,False,True,True,True,True,True,False
p2d-kl
0.500518262386322
p2d-iter
599
p2d
0.058561247,2.0123713;-0.14110515,-1.1059941;-0.8490387,0.8595772;0.12198531,1.8158126;-1.4276234,1.1746644;-0.053336043,1.829091;-1.5199808,-0.11924221;-0.071892075,1.1747913;0.10495476,-0.22238511;0.56163305,-0.70916235;-1.0638416,1.0407232;-1.0050377,-0.17084353;-0.12370246,0.39538416;1.7937773,0.10286414;0.33936495,-0.9469254;-0.84237707,0.8805022;-1.4191526,-0.08345339;-1.0982376,1.0290303;0.07018251,-0.48840192;0.020778432,-0.25477937;-0.06685824,1.7931166;0.81508535,1.1816154;0.18126076,0.24027756;0.26328668,-1.396068;0.46204808,-1.0535966;2.1973553,0.24523517;2.2013166,0.22231287;-1.1333777,0.96942645;-0.1360499,0.66278046;0.21819648,-1.1791404;0.067142546,1.5049981;0.8349969,1.29748;-1.3865848,1.1961911;-1.0180926,1.0250012;-1.2184409,-1.5324291;0.85249454,1.078684;-0.8455767,-1.4746565;-0.68376416,-0.29740348;-0.12344201,0.2220223;-0.12627664,0.15950485;-1.4400184,-1.7682079;-0.35517412,-0.7217313;0.46710438,-1.0600097;-0.18171011,0.16837488;-1.3205645,-0.22332615;-0.39742818,0.06490207;0.09446552,-0.4430866;-1.5378046,-1.6611897;0.73025006,0.7153973;1.7433447,-0.3617381;1.804497,-0.29241714;0.8504333,0.89821297;-0.7691414,-0.23970129;0.36729956,-0.96813303;-0.019636823,-0.5199229;2.1358697,0.24336824;-0.38150027,0.053295273;-0.060452756,1.5913224;-0.07816286,0.7582257;0.33564225,1.4231249;0.06225627,1.9941708;0.6990962,0.8752985;-1.5687506,-1.790809;0.5606482,-1.3941935;0.06994075,0.14807372;-1.3831618,1.2583108;0.28039077,-1.0792422;0.4355035,-1.5726244;0.7603183,1.0638129;-0.071188636,0.26335403;-1.6878837,-0.123027064;0.11195764,1.5368683;-1.1210105,-0.21385914;1.6573675,-0.43534344;-1.5070606,-1.6532766;-1.3213493,1.2346677;0.0039877156,-0.5631125;-1.3603781,1.1785326;-0.14895225,0.70422786;0.73710966,1.0109615;-1.5793284,-0.058219712;-0.8858587,-1.3892088;2.0849674,-0.023170877;0.23142204,-0.18524083;0.8806253,1.1769023;-1.5707263,-0.11423796;-1.8114988,-0.11980494;0.07709747,1.9326041;-1.3387696,1.1983536;-1.257638,1.2378652;-1.5253627,-1.757736;-0.9955463,-1.5007446;-0.16621555,1.608048;-0.8419546,-1.4373494;0.46204308,-1.5011048;-0.83742267,0.8206098;-0.34356093,0.40616673;-1.1229607,1.0204026;1.745306,0.11939682;0.4902253,-0.97646964;2.2304697,0.053292356;-0.7612964,-1.3678225;0.42266285,0.7020214;-0.31697387,-0.7479383;0.35837656,-1.272623;-0.09145121,1.526322;1.7101328,-0.3200155;0.3696301,-1.5066783;0.46794406,1.2634395;1.8936173,-0.1616922;-1.4967189,-1.8048639;0.37475827,-1.357078;-1.0969607,1.0308795;-0.037354376,1.9071565;-0.14274955,0.62962836;-0.7327603,-0.30309513;-0.019778801,0.20924735;-0.010387872,-1.0034292;0.20427074,-1.155819;0.7190758,-0.7145821;1.8131435,-0.25163692;-1.3026397,-1.613474;0.4617465,-0.588498;0.269216,1.3993464;2.126179,0.26120654;0.8215684,1.2585381;-1.3171182,-0.12921594;-0.033093575,-0.009025685;-1.369297,-0.1712798;-0.76865923,-1.3239968;-1.6582859,-0.104559734;0.26375505,0.030306084;-0.7379186,-1.4339074;-0.14926954,-0.693281;0.015913012,-0.6021025;-1.565202,-1.7540969;0.5380039,1.2481862;-1.3325751,1.1351368;-0.19442865,-1.1903263;0.20300706,-1.2737186;0.8526607,1.0083331;0.13265535,1.7643427;0.55047,-0.6927435;-0.15040275,0.746058;1.5594361,-0.53660125;-1.3036757,1.1713861;0.22264631,-0.39591202;-1.1178223,0.95613825;-1.0877091,0.9970467;-0.2982645,0.2120967;-1.0197055,-0.27541184;-1.1626766,-0.13559882;-0.08464097,-0.8846286;0.28498003,1.0955888;1.8482937,-0.1520806;-1.0413281,-1.5238578;-0.29746738,-0.8062249;0.36055169,-0.32689887;0.69729763,0.4889308;-0.14366278,1.4002033;1.870446,0.194243;0.4317607,-0.66839164;1.7334706,-0.33805174;-0.8315012,-0.22657794;-0.11450146,-1.139489;-1.5579995,-0.09451196;-0.109130576,0.026409362;-0.2513784,0.25392252;-0.30473036,0.07577623;1.982056,-0.023921676;0.7666185,0.8545953;0.12510163,0.19133216;-0.0760926,-0.03648341;-0.9237211,-1.4822259;0.38580772,-1.476986;0.8259787,1.0752414;-0.92754954,0.939282;1.9410584,-0.06056638;0.6597503,0.5762647;0.12896018,-0.1974983;-0.049606495,1.6709445;0.07534796,0.16142571;-0.06369711,1.4970089;-0.058151852,1.6803004;1.8133913,-0.037085686;-1.4589732,-1.7049955;0.6495654,1.4613633;-0.8057617,-0.1879067;-0.9148542,0.81255573;0.6842816,1.4687022;-0.009573484,1.833476;-1.3624518,1.1512976;-1.6676877,0.056016352;0.13057214,1.8169861;0.3916363,-0.8499672;-1.6793706,-0.039640255;0.4303272,-0.9144514;-0.0903581,0.29947934;-0.7267789,-1.4472568;1.6964722,-0.44642833;0.05324194,1.658272;0.79018337,0.80515856;0.05190815,0.2370342;1.6607287,-0.5109751;0.11747631,0.69457954;-1.4356635,-1.7169777;-0.5130421,0.64839256;0.09947995,1.9595625;0.38645616,-1.5887781;0.5196651,-1.1154306;-0.88655645,-1.4377842;1.645098,-0.40916824;0.18675286,1.6291953;0.35449407,-1.6100923;0.43946704,-1.2449958;2.028666,0.20665593;-0.696422,-1.3992202;-0.08339884,1.8040723;0.08504148,1.9938909;0.51704675,-1.0907305;-0.8623563,-1.4790385;0.3459841,0.7142178;-1.0509175,0.9125453;-0.0983751,0.46757305;1.9841497,-0.065103196;0.70764744,0.6692288;0.37595743,0.005187275;-1.4546224,-0.13166259;-1.3721482,-1.646384;-0.013585161,-1.0065317;0.697246,0.59264207;0.5002137,-1.4304295;0.16883184,1.429815;0.719201,1.0334767;0.57942325,-0.6489316;2.11994,-0.04426349;0.17681567,-0.044461884;0.5672159,-1.7012901;1.7587943,-0.37724438;0.20832013,-0.14865617;-0.12427931,1.341987;-1.4058352,1.2130183;-1.6041623,0.014225896;0.36935937,-0.99448824;-0.8059366,0.85781205;-1.2930534,1.203843;-1.6307366,-0.18530759;-0.10337821,-0.7131506;-0.09792311,-0.9617791;-0.96059346,-0.10610788;1.6829987,-0.41796982;0.30328944,-0.32099894;-0.8419673,-1.347392;0.56959575,-1.6645671;2.1903355,0.048806325;1.8933809,-0.22346154;0.85075027,0.9584366;0.53398705,-0.78783333;-0.42027265,0.4749508;-1.6877536,-0.13130392;-1.8685629,-0.038304396;0.6983199,0.59292036;-0.08024931,1.5293236;0.6654091,0.66716975;0.17526725,0.13668065;-0.87569445,-1.4323325;-1.1298469,-0.111549266;2.284055,0.19278714;-0.18526803,-1.0423077;1.5720032,-0.448045;-1.2540338,1.1377811;0.41021067,0.7047691;0.11556308,0.2023671;-1.0429052,0.9191078;-0.10194546,-0.3580571;0.48776293,0.6944665;0.03527344,-1.0179864;0.11475239,1.9924202;0.5053905,1.3889883;-1.1681163,-1.5853258;-1.4314139,-1.7620074;-1.0173835,-0.278503;0.6843517,0.46428517;0.041711777,-0.35293207;-1.632092,0.041940276;0.8203189,0.8714783;-0.09975807,-1.2702779;0.5160332,-1.6514934;-1.2902049,-0.14900438;-0.8191827,-1.385436;-1.4020076,1.290159;-0.14825438,-0.09430079;1.8460301,-0.2754194;-1.1664445,1.0478437;-1.3402681,1.2695084;-0.8995007,-0.22288975;0.040275782,-0.73070914;0.3120219,-0.85808915;0.17573807,1.5963165;-0.66447,-1.4283391;-1.4864423,-1.6981289;0.5771534,-1.5981156;0.092362456,-0.39956743;0.8127828,1.1395913;0.33121973,1.1242149;-0.7883172,-0.39307144;-1.1930826,-1.5328774;0.25423822,0.40973544;0.52691084,-1.6885598;-0.58414286,0.6718916;-0.79580736,-0.3540443;0.16501203,-0.4702793;0.5692651,-0.77379674;1.8190284,-0.13139816;0.42007557,-0.85710585;0.8331773,1.0289952;1.6514182,-0.48421237;0.80285496,0.959624;-0.12408778,0.52389485;-0.65936834,-0.16725688;-1.6116794,-0.042908903;-1.4478326,1.2916299;-0.06783982,-0.92982095;-1.7975373,0.04159319;0.30043516,-0.14482959;-1.2675431,-1.6186563;2.1403518,0.25915268;-1.873562,-0.101626486;-0.17925864,0.076704636;1.8611591,0.15385875;-0.8409214,0.88603926;0.8000015,0.85385174;-0.06713846,0.42835146;1.7250707,0.13499632;0.1784725,0.15587503;0.6601889,1.3762972;-0.046168126,1.5474709;0.413722,-1.4719585;-0.04066866,1.691643;0.54115766,-1.7339681;0.009659518,1.911913;-1.4031807,-0.16076517;0.6903152,0.4531009;-1.4416039,1.2068038;-1.1806775,-0.2081938;0.80504686,0.8976513;0.36232933,1.2970139;-0.027150655,1.6007375;0.39610183,-0.75186145;-1.4986113,1.3271801;2.2606723,0.2629018;0.15556325,-0.49480549;-1.6200777,-0.006152716;1.9515904,-0.23277292;0.44543988,-0.97073096;-0.7427206,-1.4614857;0.82760274,1.2949826;0.30686057,0.7078738;-1.6390297,-0.062380455;-0.0735908,1.6343129;-1.3280419,-0.20664029;-0.83532345,-1.2912611;-0.3774917,-0.6813517;-0.21447328,-0.037747186;0.5232939,-1.4300727;-1.9388393,-0.049202003;-0.28857556,0.27066332;-0.1304111,1.208868;0.08518026,1.8645657;-0.02707707,-0.2990702;-0.112636104,1.5521504;0.5750274,-0.64781487;-0.7640827,-0.27001688;0.3413249,-0.96352506;0.83105534,0.91321725;1.8970641,-0.12274876;-1.3840663,1.2404449;-0.7693508,-1.4201176;0.007410636,-0.8626564;1.871084,0.11448672;-1.4980786,-1.7688355;0.5244231,-1.6091852;0.4626469,-1.6715666;0.3524164,0.12459383;0.103819326,0.30005214;-0.40788043,0.45986542;0.6812319,1.0957835;0.7532944,0.77842623;0.6192334,-0.6463356;-0.7961723,0.7176652;-1.287197,1.1735326;-0.00081916497,1.5559778;-0.14735691,-1.2143242;1.5812722,-0.5070836;0.54408747,1.336117;0.7845651,0.9532667;2.1253726,0.1129868;0.67733485,1.5048999;-0.9996245,-1.5251458;-0.32238445,-0.7673684;1.9018062,-0.20884076;-1.9306676,-0.010193253;1.957471,0.20200968;-1.0630437,1.0155126;0.7501134,0.92035633;-0.28595507,0.012710408;0.05749092,0.6321762;0.37887457,0.04261214;0.07551177,-0.30755615;-0.83624697,0.7133821;2.2303793,0.074616395;-1.2206352,-0.18298136;-1.2144506,-1.5445302;0.43669847,0.08994562;0.7851711,0.9150379;1.6152706,-0.43941972;0.3591127,-0.58357793;-0.41819617,0.53454167;0.032699954,0.70088714;-0.27067763,-1.186764;0.032908104,-0.15329091;-0.11031806,0.18947425;-1.3879243,-1.6947138;0.52724284,-0.8773736;1.9369701,-0.20849662;-0.7195587,0.7433398;0.18699272,-1.2142704;0.7007775,0.37331825;2.234927,0.10047857;0.3586201,-0.611022;0.61197853,1.2563604;-0.5583401,0.6470259;-0.832163,0.7971747;0.34896308,-0.40126947;0.7878803,1.3517294;-1.6862096,-0.09391811;0.42605793,-1.2209412;0.11324214,-1.2564453;0.31068826,-0.71353525;0.16307192,-0.5639935;2.2228775,0.240471;0.20357792,1.5669509;0.05610357,0.07070917;-0.14661235,-0.7519887;1.9950321,-0.17477849;-0.27374846,-0.7687092;0.29149237,-0.20991085;-0.16082308,1.364746;-0.17214452,-0.68700725;-1.5194311,1.3438652;-1.3065299,1.1317968;-0.06408824,-0.67925566;-1.4667467,1.3403001;-1.0357857,-0.1796687;-0.8038437,-1.3478843;-1.0018591,0.98934114;1.8231324,-0.27706158;0.089093246,1.9466836;-1.1469693,-0.15673557;-0.07727484,1.7367185;-0.79885525,-1.4589584;0.48688486,-1.3936604;0.35906762,-0.37481374;0.8687351,1.1382955;-1.3538034,-0.06642986;-1.6632544,-0.057561204;1.9904753,-0.10393043;0.40248296,-1.0197803;1.5816061,-0.46193647;0.7651379,1.1788741;0.08376489,2.0595438;0.64246655,1.246561;0.6091772,-0.73933786;0.17143196,0.42104644;-1.3848312,1.2779647;-1.0854791,-0.14362727;-1.5410683,-1.6857754;-0.5412903,0.6743114;-1.3500689,-0.12942253;-0.8089441,-1.4266038;2.203142,0.26558557;0.24138652,-0.34600776;0.2743449,1.4042311;0.28403676,1.0947201;-1.0443703,-0.14345635;1.6476697,-0.41067484;-1.2774521,-1.6696138;-0.17143947,1.230471;1.988308,-0.011788552;-1.2850776,-1.40682;-1.3530635,1.2302146;1.8694502,-0.2587306;0.3287263,-0.3700782;0.27400208,-0.6280474;0.18430635,-0.031995192;-0.53433484,0.63568115;0.23072837,0.1346554;2.1409752,0.039868604;-0.16428281,1.2544307;0.08206715,-0.34943888;-0.8413959,0.75769526;-0.050336212,-0.73506004;-0.084666334,-1.0300605;0.1418032,1.726386;-1.1996939,-1.4958124;-1.3361989,1.1636686;1.8552825,0.08604127;0.7008042,0.38975048;0.3728338,-0.0066966154;1.8264204,-0.003477307;2.1437697,0.0051311413;0.65247416,0.62550884;1.9954361,0.17083883;0.37677237,-0.17979057;0.12504227,0.031052282;-1.5903597,-1.7367132;0.5906337,-1.6518095;0.333972,-0.62302214;-0.054402802,1.2197856;-0.34461546,-0.7303739;0.7323009,0.8938353;0.6665911,1.4774536;0.13708761,1.4683803;0.47523206,-0.6968965;-1.4758974,-0.043293633;-0.030145405,1.8552979;0.8025624,1.0119909;-1.7060732,0.07519878;0.021854656,0.21943727;-0.09434438,1.4127883;-1.8741066,-0.010833128;-0.07243412,0.12321513;-1.4136089,-0.20002945;0.41855603,-0.727643;-0.23495765,-1.1474193;-1.7556762,-0.07362556;2.2031739,0.10441333;-0.15176769,1.6475325;0.029239248,-0.37091088;2.2370026,0.13129742;-1.7200574,-0.019908344;0.59317946,1.2573404;-0.09925969,1.3613496;-0.12258653,1.5941225;-1.036915,0.91141886;-1.6203313,-0.15153536;-0.47034657,0.5603893;0.044924926,-0.62295884;0.10029498,1.4692354;1.7317473,-0.254648;2.2516613,0.2766775;-0.23993814,-1.1872594;0.36140424,0.629952;1.7546577,-0.010308546;-1.1404482,0.98621416;-0.022533951,1.7913148;-0.35219067,0.06239107;0.2842303,-0.21395427;0.29956305,0.029911505;-0.19937281,-1.1054002;-1.0847147,-0.26282474;1.941207,-0.19020708;-0.72988594,-0.21213208;-0.8845471,0.76810366;1.9176875,0.103139155;-1.4772592,-1.7475189;0.12080166,-1.3265456;-0.003238672,-0.64395976;1.4822038,-0.54842365;0.31544325,-0.10455381;2.2801147,0.19685979;0.1546043,-0.6251198;0.32982272,-0.8971416;0.4178011,-1.3307229;0.0917295,0.2225784;-1.3732594,-1.7162161;2.1164718,-0.028733458;0.2001377,1.6296297;0.3960766,-0.56825715;0.5741331,-1.1955953;0.07286918,2.0579376;0.24548039,-0.112095706;-1.5515393,0.032009915;-0.02611303,-0.73914003;1.7064656,-0.4288378;2.1490948,0.22264035;-0.22886597,-0.709534;0.041838866,0.67729026;1.8538634,-0.009872989;0.59388524,-1.1182728;0.7799451,1.229891;-0.013394398,1.4137198;0.84784395,1.1445376;-1.6879077,0.0228412;-1.2398423,-1.4974903;-1.4736197,-1.7023538;0.4490583,1.2075627;0.06362832,-1.207415;0.032074273,0.032420382;1.6142229,-0.47125313;2.1490817,-0.0093332585;1.68208,-0.3847279;-0.36662504,0.01456903;-1.3360944,1.3096983;0.75506437,0.81983846;-1.7343888,-0.0644217;-0.4054087,0.5181742;0.0089469785,0.69261205;0.17723912,1.3457807;0.3656992,-0.578865;-1.2561017,1.1753864;-0.17593962,0.28287926;0.26897207,-1.215412;0.068164535,-0.7225056;-1.4680579,-1.6416827;0.6584182,1.4658861;-0.49360195,0.59817576;-0.09877599,1.1966562;0.41471916,-0.8456558;0.60793453,-0.6241201;-1.3864592,-0.07891892;0.5368422,1.3136684;0.3258774,-0.35068294;-0.34508413,-0.04228982;-1.0771414,-1.5077143;0.2767879,-0.49619332;-0.8253329,-1.4800227;0.41124436,-1.439517;1.6095133,-0.48582405;0.5108552,-1.1462473;-1.4772576,-1.7475154;2.1624994,-0.0047983485;0.44656968,-1.2048062;-0.5446875,0.6061344;-0.8600263,0.6979786;-1.104547,-0.1305184;-0.6290949,-0.24894653;-0.45045882,0.5743031;0.10293108,-0.2028338;-0.6491342,-1.3660111;-0.30254847,-0.79327947;0.29942763,-0.26717243;1.8682822,-0.07935081;0.43373552,1.4169948;0.4025725,-1.0846107;-0.87383085,-0.2229832;-0.12591258,1.3983874;0.7775591,1.2398099;-0.44400528,0.62627095;0.49563906,-1.3976982;-1.1547937,-1.55173;-1.2425438,-0.16344984;-0.9323613,0.8486905;-0.8840014,0.8010564;-1.2711349,-0.07937962;-1.5233655,-1.7467216;-0.87367356,0.86026454;0.3261677,-1.2175795;-1.9540414,-0.0071760584;-1.240461,1.1123867;-0.36598784,0.44016373;0.3460769,-0.83234924;-0.7602179,-0.25787738;1.7934887,0.11691476;0.5596678,-1.0413281;-0.79945564,-1.4634713;0.14811832,0.28919554;0.71909195,0.6986747;0.07056304,0.35236895;0.38073763,-0.8215322;1.8943672,-0.24146986;0.28068557,-0.35474664;0.50216085,1.2626455;0.36011556,-1.4291683;-0.19143362,0.19749251;-1.2962712,-1.6420022;0.70945615,0.6617967;-0.018274872,1.784498;0.24930601,0.0141514605;0.6104342,-1.7265688;-1.0575483,0.97292346;-0.07120751,-0.6284593;-1.2946835,1.2881116;0.6737076,1.10088;-0.10042386,-0.75144315;-1.4158932,-0.11542828;-1.0936594,-1.5462159;0.20144956,-1.2530776;-0.77714765,-1.4760362;-0.09771345,1.380657;-1.811493,-0.09141917;-1.3056742,-1.6730165;0.09946683,-1.2489185;0.51925564,1.2794251;-1.0172095,-0.14629921;-1.5324416,-0.19843724;-0.049566597,-0.8049906;0.5236454,-1.7064723;-1.0360302,0.98125505;0.22303,-0.14502944;0.0977924,1.8452245;0.008229499,-0.14592734;-1.3131112,-1.6540532;0.18015906,-1.2381033;0.6968997,0.37604418;0.08042742,2.0421026;-0.08611691,0.041023884;-0.18056218,-1.1204201;0.37346065,-1.4014257;-0.07797548,-0.06790232;-1.7461604,-0.11470856;-1.2792222,-0.16329475;-0.35731238,0.46120438;-0.87925595,0.81694967;0.14426197,1.5024408;-1.836603,-0.064704046;-0.14879315,1.3490665;0.7431363,0.96335244;-0.036787592,0.40592608;0.36333212,-0.013828572;-1.2280414,-0.2032312;-0.078202955,1.7723047;0.097677566,0.655525;0.7556194,1.3968503;0.16626668,0.22613572;-0.8309808,-0.23931074;0.13498199,0.6959684;-1.5398,-1.7301873;-0.9857409,-0.18365942;-0.93994254,-1.5124571;2.1164806,0.2291575;0.55575657,-1.1543308;0.07256072,0.114193074;0.82577014,1.2065587;0.46589372,-0.78470606;-0.028487658,1.7670085;-1.0239936,-1.5376835;-1.3230507,-1.6180981;0.20463525,-1.1360351;-0.34508222,0.29957414;-1.8209423,-0.064578794;0.0041262954,-0.75088775;-0.07985514,-0.85114443;0.31864834,-1.4204146;-1.3016928,-1.528544;1.9105432,0.14957118;-1.1604589,-1.5582262;-0.062053252,1.6228801;0.4500798,1.234226;-0.8871379,0.8922659;0.6484177,0.6548541;0.42289135,-0.9431358;-0.18385863,1.317353;2.218551,0.14995976;0.259524,-0.23635893;-1.7968763,-0.16712107;-0.14647073,0.65147865;0.57153404,1.2403346;0.54327255,-1.6606307;-0.82281315,-1.3910042;0.61504775,1.3720365;1.969376,0.17954233;0.4268361,-1.5995355;-0.3230753,-0.81093854;0.16484955,1.3702083;-0.41300398,0.46977717;0.50248915,-1.5001307;-0.3216929,0.028796561;-0.10497411,1.2602237;1.7918872,0.10453748;-0.21851362,-1.1621333;2.1659186,0.2196682;0.82420725,1.0996665;0.19472258,0.3484942;0.42450354,-1.2405597;-1.0541823,1.0132366;-1.3909183,-1.6419816;-0.010864494,-1.0012573;0.37630898,-1.4459275;0.7030262,1.1294947;2.0015678,0.16313845;0.6616579,0.6016541;0.06782381,0.3161319;-0.32932147,-1.1958874;0.06794348,-1.228877;0.60051244,1.262857;0.16286922,-1.2327722;0.17334758,1.3717506;0.58939105,-1.7319424;0.062499315,-0.7400032;-1.9704028,-0.023343483;0.09561258,-0.7232991;0.64705664,-1.7164319;0.37569,0.10429771;-1.8177483,0.019784182;0.60690963,1.3879371;0.09142824,0.36707574;0.4746521,-1.6383446;0.5114738,1.362389;0.52103204,-1.630424;0.13834752,1.815086;-0.08174926,-1.2827226;0.6344142,1.3102216;0.29850847,-0.36040965;0.6902778,1.4636964;-1.5324837,-0.05570405;2.0327172,-0.13036574;0.30354685,-0.26202935;-0.0638844,1.1530617;0.25862455,-0.017020028;-1.7344787,-0.08054276;0.237152,-1.0283417;0.060624663,-0.113241956;-0.092353635,1.4423332;0.11639216,0.70728;0.59900373,0.6508282;0.6861208,0.6332113;-0.77621293,0.8220884;-0.74750406,-0.23064756;0.036239393,0.26318246;-1.8210009,-0.027809475;0.2487116,-1.1137476;-1.12444,-1.5884708;-0.1468011,1.4549357;0.40852293,-0.8888263;0.84537166,1.1236899;-0.083818525,-1.2921755;2.2444267,0.10258809;0.37064824,-1.5475658;-1.3733001,1.3493867;-1.6363872,-0.12499661;-1.1382506,-1.5047244;0.5208183,-1.5708089;-0.35462207,0.03806004;1.7141354,-0.3701707;-1.174359,-1.6031644;0.34382278,-1.4804356;0.39598164,-1.525372;0.32851872,1.372134;0.06648127,-0.33072335;-1.5804763,-0.10779894;-0.6236174,-0.22627693;0.21010678,-1.2346896;-1.4588176,1.2575331;0.35555884,-0.9126373;2.0793135,0.23736785;1.9878362,0.14207356;0.48381644,-1.3604665;-0.0153632825,-0.88206;0.26553324,-1.3807935;1.9962783,0.21980332;-0.148748,1.1578777;0.04385699,-1.2782987;1.5803384,-0.483492;1.8158411,0.18181309;1.7631867,-0.325425;1.7070404,0.06683018;1.8535848,-0.22072688;-0.8516189,0.8645747;0.732738,0.796597;-0.9120015,-1.4415123;-0.7478435,-0.255001;0.7997517,0.9609775;-0.4669839,0.59929657;0.109333955,2.0199273;-1.9405055,-0.0478196;1.8664833,-0.20969802;0.10766038,-0.5303346;-0.31304947,0.18115917;-0.11942629,1.4592766;2.1613598,0.24425955;-1.7929516,-0.0298449;-0.007316251,1.8640571;0.017513055,-0.30268642;0.016313516,-0.1706433;-1.6921577,-0.16135015;0.10072431,-0.7010722;-0.28439128,0.07037222;0.06686554,-0.45941564;0.4013942,0.06302474;1.9562284,-0.14410612;0.15399076,1.4506886;-0.0018548096,0.5621217;0.3299276,-1.2131954;-0.008867695,0.15274073;2.1974797,0.0036092605;1.8750875,-0.15584454;-0.18641378,1.253817;0.014087963,-0.19483624;0.5624606,-1.6982068;-1.0860305,-0.14802544;0.7900569,0.82117915;-1.49318,-0.088814795;0.3949798,1.4301116;0.41050562,1.2898885;0.8216691,1.1540895;-0.6804229,-0.31337914;-0.073598,1.8255041;-0.0039030686,-0.48064983;0.36306223,-0.08126654;-1.5262554,-1.8066593;0.58666086,-0.71774733;-1.2473153,-0.15475197;0.3742878,-1.0092235;-0.29643953,0.2894205;-1.6804677,-0.17892374;-1.4140447,1.2864423;0.30611166,-1.1556802;0.056252677,-0.8308052;0.69438946,0.4416721;1.825057,0.188923;2.0517988,0.20348601;0.6220872,-0.5749732;0.46504,-1.599803;-1.9334495,-0.010743733;-1.2815763,1.1554329;-0.1130334,1.7301606;-1.3304532,-0.13653946;0.06581344,-0.79142964;0.19755116,-0.049762934;-0.21626395,-1.1432399;0.12782909,1.9709255;0.17155239,1.6682845;-1.4235387,1.234704;1.9449606,0.00945083;-0.70232046,-1.3821849;0.7246979,-0.7193284;-0.94957477,0.8895177;0.7101783,0.4280307;-1.5178246,-1.7060977;0.6046937,1.3654398;0.32867485,0.58087623;0.28298566,-0.03768902;0.7426709,0.8663761;-0.50581217,0.6043034;-0.11352448,1.5974973;0.05211897,0.038516283;0.09957232,-0.4441959;0.42465585,-0.97144216;0.48817137,-0.5930818;2.1753366,-0.018473353;0.55809027,0.6331181;0.49198544,0.6767749;-0.44215444,0.5289357;0.15714498,1.4158374;0.8369257,1.2214373;-1.3440617,-1.6377162;-0.7628781,-1.4113933;0.30597308,-1.207798;1.73242,-0.014752519;0.07883936,2.0176933;-1.4948164,1.2956685;0.042755812,-0.4442859;0.07615052,-0.5547205;0.055191863,-0.28002363;0.58945256,1.3083647;-0.76553327,0.77668583;-1.1575781,-0.012703865;-0.34206143,-0.021324398;1.7178643,-0.39789894;-0.072196774,1.74442;0.56658447,-1.1396024;0.6087656,-1.6930847;1.8347098,0.013733999;-1.0361216,-0.10094397;-0.72790146,-0.24684216;-1.5350978,-1.7088811;0.030818935,-1.2915821;-0.10604759,1.39327;0.5486877,-0.7157105;-1.1246433,-1.5479292;-0.9876325,0.9581082;-1.2582023,-1.5229639;-0.043208122,1.3362321;-0.066552885,-1.1901491;1.7907486,0.18824288;0.43463758,0.70242786;0.56587577,-1.7346513;0.28373846,-0.47843626;-0.11524118,1.6742523;-0.55027115,0.6368187;-0.79759085,-1.3901488;0.57697827,-1.6291988;0.381823,0.6770279;-0.6845816,-0.29326335;-0.91015774,-0.21054159;0.031310353,-0.7120612;0.3604428,0.65321124;-1.359979,-1.6092451;-1.580997,-1.7867014;-1.7536355,-0.12358256;-1.4805598,1.3293427;-1.3139119,-0.18485375;0.12654853,0.37474406;-1.045013,-0.10116462;-1.3615673,1.2565562;0.12045448,1.4038674;0.4097392,0.68037397;-1.2245442,-1.5906701;-0.10423631,-0.997227
p3d-kl
0.3992876708507538
p3d-iter
599
p3d
-1.8027802,0.8179678,0.921677;1.1046493,0.5910983,-0.2228891;-1.163901,-0.5374617,-0.43083087;-1.4927071,0.7197158,0.8663052;-2.0443976,-0.80576736,-0.536541;-1.5727265,0.3518972,1.103607;-0.3964233,0.3985339,-1.7935814;-0.60300386,-0.07211056,1.0656135;0.42451176,0.009296055,0.43263337;0.919655,0.24510853,0.45272386;-1.5450463,-0.62894505,-0.5523648;-0.032466806,0.053280286,-1.0225812;-0.35329065,-0.04080305,0.07605441;-0.32042843,-1.3359524,0.9592936;1.1832267,-0.84936416,0.24334972;-1.1661742,-0.56831294,-0.41572326;-0.40556487,0.38032478,-1.5816033;-1.550032,-0.5328977,-0.5920373;0.6772936,-0.24353024,0.08102413;0.4957162,0.15263082,0.27519318;-1.5294644,0.29127237,1.1327169;-0.6433273,1.9487761,1.0604881;0.04812267,0.30751264,0.43516254;1.6138363,0.24906413,0.036054388;1.282864,-0.32764784,0.35317123;-0.7951092,-2.1214578,1.1477071;-0.7925968,-2.1420176,1.1173037;-1.5142033,-0.4231264,-0.70379585;-0.66430426,0.012889511,0.29157764;1.388487,-0.1274106,-0.18751346;-1.0681827,0.30475205,0.89898646;-0.82891446,1.9960977,1.082734;-2.0024912,-0.75995094,-0.6139018;-1.4960802,-0.5889908,-0.47338822;1.2327684,1.603898,-1.7557338;-0.5024945,1.8645526,1.1679286;1.1606797,1.3368174,-1.041943;0.3996312,-0.24651493,-0.74682117;-0.1290044,-0.1424629,-0.048743907;-0.049866248,-0.13521938,-0.10327089;1.3279374,0.92289937,-2.243141;0.7544768,-0.425148,-0.8526807;1.2831339,-0.29766575,0.36006427;-0.09960593,-0.2906202,-0.1436738;-0.17928927,0.5444935,-1.4549285;-0.07960733,-0.77328813,-0.30661786;0.5577158,-0.3516427,0.1017368;1.2251678,1.1849711,-2.4224763;-0.006165668,1.2923285,1.1087407;0.25170848,-2.1109853,0.8569956;0.122109905,-2.1550982,0.89506465;-0.2384117,1.7367365,1.2328774;0.24926627,-0.18566522,-0.83582836;1.2370235,-0.7035659,0.18486415;0.6070208,-0.23470788,-0.14286014;-0.7505375,-1.9777126,1.1310962;-0.045809817,-0.7552909,-0.3154499;-1.2303836,0.15950473,1.1354951;-0.8338379,0.1568899,0.55389625;-0.9143493,0.711797,0.8378987;-1.7790815,0.80196285,0.9310192;-0.21512417,1.4877433,0.9794506;1.318383,0.85046923,-2.5011134;1.8054069,-0.4209853,0.39020967;0.026428673,0.25481388,0.22637309;-2.0585601,-0.59730846,-0.6511587;1.3013493,-0.47662836,-0.09565714;1.7889642,0.24289736,0.4904537;-0.4360228,1.9145845,0.95134026;-0.1695843,-0.013484061,0.054096125;-0.47421905,0.4242818,-2.1177733;-1.1369098,0.3770335,0.8264611;-0.08204679,-0.030575505,-1.2313172;0.4051804,-2.0316331,0.7642485;1.2446293,1.2409211,-2.3763428;-1.9673877,-0.5713691,-0.7019462;0.64943296,-0.3758238,-0.16753095;-1.9384034,-0.7602119,-0.66596603;-0.6759704,0.14699918,0.3187494;-0.37005946,1.7917922,0.92066896;-0.51570076,0.38023016,-1.85365;1.138367,1.6163075,-1.0297251;-0.39997178,-2.329224,0.93355197;0.27612397,-0.7245771,0.19904631;-0.6190107,2.0975087,1.1169153;-0.4291243,0.43294328,-1.8807064;-0.5954818,0.696029,-2.2468889;-1.6743927,0.7466376,0.9098466;-1.9436356,-0.6691164,-0.6353222;-1.8906254,-0.47401792,-0.7752638;1.3348755,0.99214333,-2.4285967;1.1043296,1.3722818,-1.3635576;-1.2672902,-0.060686875,0.9786386;1.2051178,1.4095553,-0.9546908;1.8373475,0.05387493,0.32732508;-1.1466435,-0.40259817,-0.45174977;-0.32339376,-0.36986384,-0.189777;-1.5673784,-0.5286573,-0.6402677;-0.29804903,-1.1902493,0.87204224;1.385418,-0.76411253,0.34785682;-0.597874,-2.4988651,1.0500288;1.1457033,1.5096167,-0.8145486;-0.27816075,0.7554887,0.90752745;0.8211762,-0.48874024,-0.80137277;1.5701302,-0.25893152,0.07554741;-1.1433314,0.069228545,1.1961752;0.22544119,-1.9529942,0.81644666;1.7359445,0.26295877,0.30268955;-0.73438734,1.0807366,0.67708623;-0.10198788,-2.1667297,1.0100061;1.2439519,0.81652164,-2.3323305;1.6684812,-0.10194274,0.10673023;-1.5434157,-0.5187194,-0.587296;-1.6852379,0.4413216,1.0367485;-0.60918856,0.0035480924,0.24598478;0.35789523,-0.1949665,-0.8288596;-0.07838658,-0.17031404,0.16171421;1.1093522,0.1538945,-0.37783465;1.3373022,-0.13480234,-0.18415807;0.7958754,0.51177585,0.75631994;0.07136283,-2.1105537,0.89559287;1.2248393,1.2468405,-1.9078898;0.8941627,-0.437414,0.74839675;-0.96827203,0.64705575,0.6723798;-0.7524998,-1.9426634,1.1328664;-0.7703836,1.9508884,1.0673149;-0.28182173,0.3423195,-1.4534283;0.1492775,-0.14558141,0.16843706;-0.23675206,0.38042736,-1.577048;1.0598875,1.6584613,-0.819501;-0.49171904,0.6215818,-2.0310771;-0.042033143,-0.7258135,0.65037686;1.0880446,1.257976,-0.8339513;0.7454002,-0.3575294,-0.46493977;0.716912,-0.41404542,-0.18053985;1.3068944,0.95453686,-2.485855;-0.71340317,1.2799749,0.75485605;-1.868874,-0.78184605,-0.63057315;1.1260355,0.85925007,-0.22163966;1.4681814,0.06812946,-0.11301263;-0.41830057,1.6680567,1.1738939;-1.416546,0.68827176,0.8518862;0.85832804,0.16115601,0.4989014;-0.73083866,0.28638217,0.38374683;0.60166425,-1.7929271,0.7164031;-1.8725487,-0.6570844,-0.62223876;0.5001169,-0.79573226,0.07789139;-1.4760205,-0.38580313,-0.6645276;-1.528245,-0.5517637,-0.60776854;-0.11464783,-0.16483366,-0.45673677;0.09450235,0.045507506,-1.244215;-0.20457612,0.1458097,-1.2076362;0.8639146,0.22436698,-0.2411259;-0.57497126,0.6717081,0.6181021;-0.078281194,-2.031443,1.058403;1.1927396,1.4251698,-1.3876364;0.9147696,-0.5647737,-0.79947245;0.5033194,-0.9624887,0.39986378;0.24928454,0.85941935,1.0208374;-0.95393646,-0.12927864,1.1877002;-0.5048779,-1.4303344,0.8941934;0.85691017,0.06978588,0.285983;0.2318825,-2.0549564,0.84071714;0.16963252,-0.1058663,-0.9089226;1.079849,0.55730265,-0.09108542;-0.45291603,0.468339,-1.8407913;0.1705276,-0.061615955,-0.13544948;-0.1828807,-0.13641977,-0.31916404;0.012324658,-0.5069615,-0.35394946;-0.33697355,-2.0464923,0.84948814;-0.18114819,1.5664921,1.1050913;0.08539271,0.15668693,0.34830347;0.24210207,-0.19810313,-0.0077779517;1.0906161,1.3846605,-1.1870685;1.7866086,0.18612644,0.19911192;-0.4848267,1.8853801,1.1371837;-1.3159354,-0.62568,-0.4508121;-0.2642302,-2.034552,0.941239;0.11014043,0.92108864,1.0866196;0.38111314,-0.05407157,0.46431786;-1.3413438,0.2329715,1.2198782;-0.0066136303,0.29198083,0.24995735;-1.0922341,0.11928317,1.1733736;-1.3553352,0.22371782,1.215659;-0.18746792,-1.7115258,0.8368865;1.29359,1.0863262,-2.2744935;-1.0764788,1.5907364,0.90809053;0.12836426,-0.14975499,-0.7894507;-1.1895351,-0.35464334,-0.5638244;-1.0784304,1.6215811,0.9309014;-1.5827117,0.46650702,1.152843;-1.9160855,-0.7934863,-0.61127913;-0.72193927,0.27044216,-1.9837905;-1.4891281,0.7357352,0.85930014;1.0797676,-0.5251709,0.33739543;-0.5972353,0.512482,-2.0026193;1.179741,-0.57009953,0.28883228;-0.21686229,0.031356715,0.028725162;1.0957862,1.2198932,-0.8304305;0.38349822,-2.0099986,0.8420683;-1.2988591,0.4194968,0.96123236;-0.1185672,1.5115201,1.1694903;-0.082391016,-0.10034266,0.32906795;0.5028673,-1.9204268,0.87838906;-0.46453375,-0.48923418,0.788572;1.2881792,1.0395633,-2.2280161;-0.78170186,-0.33197057,-0.21917723;-1.708233,0.8260456,0.9053291;1.7603842,0.41801792,0.48159587;1.3681363,-0.070185125,0.40157652;1.1829791,1.4830201,-1.0724839;0.40446782,-2.0772114,0.7623526;-1.2338679,0.6814493,0.7606874;1.6679689,0.27545387,0.570311;1.544031,-0.40640396,0.23181644;-0.6231978,-1.7669623,1.061437;1.142808,1.2911463,-0.7187891;-1.5412209,0.27290404,1.0938643;-1.7716179,0.8386041,0.9131719;1.3199015,-0.117096625,0.41888008;1.1495553,1.3410544,-1.0804917;-0.2931379,0.5431452,0.9548044;-1.4000669,-0.721183,-0.69323516;-0.42639226,-0.040137053,0.17569536;-0.2910973,-2.156018,0.94089466;0.022192463,1.1640342,1.1248949;0.21618202,-0.18055594,0.66931176;-0.34590405,0.4233613,-1.6869063;1.217028,1.1757371,-2.0488951;1.1050012,0.15699746,-0.38119113;0.10911373,1.0054256,1.0770813;1.785323,-0.20695381,0.3482023;-0.9797955,0.29853517,0.6462389;-0.39283648,1.833008,0.8745027;0.8213558,0.11680687,0.5892075;-0.38527557,-2.406815,0.990891;0.07817656,-0.8373936,0.3861205;2.0802004,0.24484175,0.58775747;0.25070256,-2.1422973,0.7962328;0.20461076,-0.6835264,0.18090686;-0.8759624,-0.14334099,1.1515055;-2.0273035,-0.7731606,-0.72626126;-0.6440815,0.30635938,-1.8524913;1.263715,-0.69709563,0.18570746;-1.1022162,-0.5796899,-0.41799983;-1.898788,-0.556581,-0.623875;-0.3995326,0.23713051,-2.0870557;0.78636694,-0.12716627,-0.45121497;0.93216103,0.40086088,-0.20075816;-0.09315775,-0.1914003,-1.0339142;0.3791651,-2.0792627,0.8132848;0.48111007,-0.7686941,0.3788711;0.9783828,1.444255,-0.96767753;2.0587628,0.1712512,0.49726394;-0.56369823,-2.455107,1.0011066;-0.034850314,-2.2369487,0.91382056;-0.31673023,1.8706657,1.1841369;0.9669992,-0.08032121,0.6147826;-0.47674403,-0.41841188,-0.24197221;-0.45478758,0.5453155,-2.0953526;-0.70006454,0.5416676,-2.3885348;0.11224708,1.0085644,1.083302;-1.1371555,0.06866641,1.1338421;0.0013498907,1.0647248,1.1052772;-0.03049932,-0.1908366,0.3905745;1.1687483,1.4827337,-1.0536361;-0.1803477,0.24956648,-1.1318511;-0.84060705,-2.409708,1.0563909;0.944452,0.6496978,-0.17653997;0.5094107,-1.9672517,0.65575016;-1.7968571,-0.63065493,-0.6542412;-0.27134758,0.7061729,0.925431;0.07079236,0.06130837,0.35579967;-1.399419,-0.6991644,-0.69210994;0.58855623,0.13108565,-0.12197323;-0.19250098,0.83777237,0.9734678;1.1721755,0.082049705,-0.3867724;-1.7518193,0.8622659,0.91834825;-0.90776134,1.1292617,0.88952535;1.2313136,1.3703923,-1.660993;1.3241472,0.92920977,-2.2271106;0.102777846,0.04005452,-1.2444386;0.27330413,0.8093535,1.0013362;0.66775715,0.051137067,0.2520946;-0.6546382,0.19325146,-1.9589942;-0.20577392,1.6609659,1.1974046;1.3015372,0.77296025,-0.0697251;1.9768726,0.1854165,0.5580813;-0.23075016,0.29717276,-1.4447019;1.1034049,1.5141702,-0.91812515;-2.1114087,-0.5899746,-0.65238976;0.23078763,-0.5080428,-0.01873778;0.06998665,-2.1770117,0.8787885;-1.6408136,-0.4632897,-0.67233366;-2.0309317,-0.5465361,-0.7304052;0.11295927,-0.01394444,-0.97308207;0.9285791,-0.42344326,-0.21151042;1.077679,-0.45415196,0.114608355;-1.182534,0.63233066,0.7613521;1.1548824,1.1993618,-0.6779643;1.3031231,1.1499795,-2.3522062;1.9993422,0.035526317,0.4775031;0.5667553,-0.19704519,0.1767239;-0.5852333,1.9007096,1.0944228;-0.6305691,0.6293648,0.49798977;0.50563663,-0.16952121,-0.98880905;1.2398643,1.5789889,-1.7081335;-0.19751965,0.5070489,0.5575049;2.0337503,0.22956187,0.58044094;-0.8500013,-0.3751968,-0.28455627;0.42198005,-0.14872602,-0.98165554;0.6214229,-0.5484825,0.1544228;1.0024275,0.08673625,0.5807013;-0.08224011,-1.9064499,0.8555184;1.096063,-0.5029352,0.36524394;-0.42638072,1.8072081,1.1568333;0.48149943,-1.9554921,0.8212596;-0.31157538,1.7809994,1.0996355;-0.4935531,-0.11167107,0.17020611;0.12852767,-0.28146204,-0.61001676;-0.56241554,0.41225946,-1.896881;-2.1684077,-0.67909974,-0.6292183;0.91386914,0.2020585,-0.33350033;-0.78988606,0.46829507,-2.1807778;0.27782932,-0.5239688,0.45613405;1.2178175,1.2262303,-1.8368762;-0.75677526,-1.9732943,1.1011056;-0.6693205,0.74904156,-2.297588;0.051103022,-0.30254722,-0.15363944;-0.4433294,-1.4781934,0.84157974;-1.1658769,-0.5856366,-0.4135402;-0.17389004,1.6261154,1.1520234;-0.3635919,0.012669279,0.20117511;-0.29983804,-1.1037463,0.84830725;-0.06644852,-0.2200878,0.3754116;-0.92096573,1.5732931,0.92572933;-1.1570791,0.17700033,1.1258967;1.7919586,0.112472184,0.22756656;-1.3693148,0.24555671,1.2558818;2.0894134,0.1701356,0.6407658;-1.6807057,0.58029544,1.0617548;-0.26948035,0.37053302,-1.6371028;0.29322428,0.80394655,0.9971693;-2.0472653,-0.85261506,-0.6919266;-0.09703933,0.14256042,-1.3443488;-0.2608548,1.6465403,1.1843148;-0.9142383,0.9788417,0.51504916;-1.2214972,0.2546069,1.2257277;0.89058465,-0.3143966,0.35713726;-2.2657793,-0.7002254,-0.6470936;-0.86991626,-2.241858,1.1874849;0.66064614,-0.5169785,0.12826188;-0.62633187,0.37294728,-1.8756373;-0.0861092,-2.3424666,0.85946256;1.2688235,-0.58182174,0.3335544;1.1102362,1.2045399,-0.85482126;-0.8264806,1.981211,1.0756156;-0.3332187,0.4201769,0.9095762;-0.55081934,0.5365997,-1.9503791;-1.2940443,0.15926683,1.1410471;-0.19106412,0.5045916,-1.4781393;0.9000487,1.3728253,-0.9300928;0.63341695,-0.32136804,-0.8393473;0.22869842,-0.3237016,-0.2640042;1.8055403,-0.26284105,0.3614234;-0.76294327,0.68015534,-2.486517;-0.18182974,-0.0068346867,-0.48666665;-0.6603373,-0.23209172,1.0978267;-1.5656738,0.6970665,0.9370981;0.56489325,0.2270864,0.18392666;-1.1803331,-0.004843085,1.1244613;0.849901,0.064431645,0.62020457;0.28264797,-0.17881134,-0.8449267;1.2213461,-0.865113,0.23416783;-0.25208995,1.7496338,1.186357;-0.15284082,-2.0994303,1.0554514;-2.0474217,-0.62602043,-0.59755635;1.0145998,1.3089625,-0.90690625;0.8635998,0.09541776,-0.06956641;-0.4028218,-1.5411596,0.9605529;1.347471,0.95814365,-2.3826106;1.9276187,0.2265845,0.59995484;1.9103699,0.14935897,0.65562034;0.2849119,0.16215977,0.54792315;-0.15998237,0.10254204,0.37156937;-0.44680485,-0.42623216,-0.23898242;-0.5002952,1.6228428,0.86918956;-0.09413232,1.4156339,1.1314324;0.84232914,0.06124102,0.67046696;-1.0102707,-0.13648678,-0.4736397;-1.8577144,-0.6221262,-0.6234421;-1.1729051,0.21939418,1.0026231;1.1927744,0.79305005,-0.13406432;0.54553246,-1.8551837,0.72207755;-0.83311665,1.2475429,0.85187644;-0.29965362,1.7484643,1.0810812;-0.6753487,-2.2563877,0.785277;-1.1301125,1.608036,0.9301128;1.1701133,1.3832314,-1.3379958;0.84798527,-0.50925905,-0.82094973;-0.05782263,-2.2418072,0.91855896;-0.7774975,0.63791156,-2.489447;-0.57185906,-1.6430136,0.9900956;-1.5429343,-0.5860353,-0.5456626;-0.2931197,1.5788271,1.075595;0.100010246,-0.5587954,-0.29387403;-0.44535738,-0.5374651,0.64984995;0.22157086,-0.06261997,0.6535457;0.5650166,0.024622465,0.3175837;-1.0496969,-0.11861366,-0.5452243;-0.6294303,-2.4851708,1.0376432;-0.1667743,0.17770194,-1.381214;1.1969537,1.5048426,-1.7397122;0.22132759,0.12937316,0.7067382;-0.26709786,1.6582041,1.1171955;0.46096155,-2.0128279,0.7177626;0.81976205,-0.72980225,0.59057075;-0.5570024,-0.33523437,-0.17289329;-0.5241736,-0.31408206,0.6299417;1.0981278,0.95247304,-0.38650376;0.36287126,0.21430232,0.20203674;-0.09182229,-0.10832861,-0.055700324;1.2871046,1.1024371,-2.1095734;1.1925215,-0.14457926,0.49058437;-0.07399947,-2.0892243,0.78731966;-0.94546354,-0.35947257,-0.37002808;1.421582,0.046442132,-0.20101745;0.4186142,0.71495444,0.94374;-0.6643805,-2.4662097,1.0365145;0.8455384,-0.6890747,0.560048;-0.71624804,1.4258779,0.8706724;-0.81434524,-0.3409632,-0.26068345;-1.1149839,-0.357429,-0.47113514;0.5860813,-0.9171878,0.41421425;-0.90849686,1.9068749,1.0318131;-0.5097378,0.4240434,-2.0864913;1.5242523,-0.49835396,0.20693327;1.3812145,0.25508714,-0.018223822;0.975513,-0.61129713,0.42094648;0.74859935,-0.50965476,0.12181246;-0.8184432,-2.1701975,1.1476636;-1.1439447,0.64850384,0.7367118;0.12558977,0.3351486,0.11918044;0.7863981,-0.2181223,-0.5317674;-0.17206489,-2.1730802,0.7402803;0.8711007,-0.5597132,-0.73558813;0.326005,-0.6775008,0.39672914;-0.9068403,-0.21553175,1.1675097;0.72844225,-0.41434887,-0.49183407;-2.2985008,-0.70892847,-0.63935596;-1.843358,-0.7226095,-0.5858582;0.7821358,-0.19165918,-0.34327462;-2.25277,-0.66469747,-0.65174514;-0.047704387,0.14515695,-1.0346539;1.0505675,1.5826135,-0.88064384;-1.4392765,-0.62045085,-0.50965077;0.096276425,-2.1744018,0.9325279;-1.6932542,0.7882854,0.91999084;-0.20886897,0.043824047,-1.1989834;-1.439902,0.23067756,1.0823734;1.12113,1.2918195,-0.9671784;1.7385083,-0.25761208,0.31689188;0.5499154,-0.9163981,0.43575677;-0.5872426,1.9641187,1.1617085;-0.3961423,0.48529276,-1.444076;-0.5589498,0.3769575,-2.0180573;-0.24641898,-2.149891,0.794341;1.2668184,-0.5372531,0.22594249;0.5115518,-1.9493005,0.6845621;-0.63700086,1.9050925,0.9536309;-1.8642609,0.87494683,0.9091106;-0.7085014,1.5081564,0.89005417;0.9811483,0.33712572,0.48773754;-0.21259382,0.5422452,0.37923086;-2.0826104,-0.59928644,-0.7054898;-0.12894994,0.1622627,-1.0885891;1.1924709,1.0367965,-2.3642538;-0.81132907,-0.3848286,-0.23798774;-0.2963896,0.3961112,-1.4981647;1.0503256,1.3420978,-0.9878358;-0.8166253,-2.1177907,1.1662108;0.4743267,-0.70625395,0.21833451;-0.9837201,0.6810269,0.6762128;-0.57429075,0.6231274,0.58609205;-0.09881898,0.1534342,-1.0034281;0.39484757,-2.0621157,0.7482746;1.311381,1.303179,-1.9329939;-0.7023234,-0.3517434,1.1179135;-0.3579016,-2.0437167,0.89999884;-0.48226485,0.46499658,-0.851755;-2.001169,-0.6285471,-0.68604094;0.026468873,-2.220981,0.88965625;0.5476021,-0.863747,0.39936963;0.8556553,-0.8748432,0.3596457;0.054881003,-0.82379323,0.41231066;-0.7827233,-0.34182188,-0.24499142;0.011104557,-0.20889135,0.4822313;-0.5168905,-2.3685482,0.9532415;-0.73708314,-0.31919944,1.1393968;0.6748058,0.003579981,0.28576738;-1.0992192,-0.23893143,-0.5190921;0.89752185,-0.31513843,-0.37976092;1.0503002,0.3006947,-0.33999747;-1.3647481,0.6647111,0.83320755;1.1921167,1.6283058,-1.6936498;-1.9035932,-0.7334927,-0.61356187;-0.34786144,-1.5529542,0.93003917;0.39293763,0.72852933,0.9533058;0.20521338,-0.22988164,0.67419726;-0.21821833,-1.6820436,0.83989847;-0.46753636,-2.4277222,0.97998226;0.041406162,0.9720595,1.1098974;-0.5544463,-1.7579814,1.0212101;0.46020788,-0.17980024,0.5538081;-0.030979138,-0.54801977,0.23703323;1.2565384,0.94944197,-2.5233495;2.0632892,0.1553918,0.4629565;0.86484253,-0.7017249,0.5590317;-0.67712414,-0.0040005078,1.0758005;0.7758148,-0.43783084,-0.8394592;-0.2720908,1.4863821,1.0764335;-1.0869968,1.5875173,0.92074436;-1.0447818,0.36850733,0.7220888;0.9411729,0.091299385,0.3450179;-0.4904851,0.30710065,-1.6478076;-1.6072905,0.43764,1.1054159;-0.3896812,1.8429965,1.1022761;-0.79227513,0.3897524,-1.9688827;-0.06471419,-0.056399807,0.22551595;-0.9656915,-0.05367007,1.1357276;-0.7467462,0.5588045,-2.367433;0.0113547435,-0.09945118,-0.02060418;-0.2093853,0.3615456,-1.6917943;0.85598904,-0.23825091,0.43044952;1.0749837,0.81416917,-0.33990443;-0.5739578,0.46433544,-2.2100396;-0.66996557,-2.443304,0.9666247;-1.3324796,-0.051962305,1.0533445;0.7244146,0.049635515,0.25657716;-0.7074471,-2.435034,1.0208396;-0.6540448,0.4995142,-2.0683126;-0.7166863,1.3827446,0.8504438;-0.8985559,-0.06601088,1.1568816;-1.2525102,-0.010707515,1.1013166;-1.3835543,-0.66813594,-0.6865366;-0.40580857,0.35773492,-2.0268688;-0.6357043,-0.33764362,-0.2005416;0.7566891,-0.42403352,-0.13581696;-1.0671785,0.37557048,0.74507195;0.11705124,-1.8698025,0.83304197;-0.86979806,-2.217831,1.2061774;1.1061472,0.91877675,-0.32603878;-0.25077853,0.5553323,0.7448486;-0.17789365,-1.5577277,0.7384329;-1.537048,-0.40103057,-0.6754088;-1.5158643,0.39479768,1.1622186;-0.03235763,-0.68030936,-0.3227516;0.32910773,-0.73659533,0.36726534;0.017834565,-0.587249,0.67547077;1.0409456,0.7556481,-0.22324465;0.027171925,0.06638731,-1.2948253;-0.10738234,-2.2006934,0.8348561;0.2544986,-0.3090817,-0.8701036;-1.092961,-0.3341458,-0.5966603;-0.42413175,-1.6942884,0.91126776;1.3656635,1.0626972,-2.35515;1.4543642,0.44939217,-0.03321082;0.77268285,-0.1811581,-0.1862094;0.6151004,-1.5394936,0.62684214;0.26142886,-0.39531797,0.44984162;-0.8408081,-2.3920918,1.063839;0.8051184,-0.536124,0.05992055;1.1222167,-0.64520353,0.12890881;1.7007039,-0.30028734,0.12035352;0.04027551,-0.031123059,0.36706817;1.3114843,1.0661827,-2.090716;-0.404647,-2.3927872,0.970845;-1.2315953,0.70138514,0.7434229;0.82115185,-0.68392664,0.6753841;1.5104011,0.10849689,0.5114973;-1.8634561,0.86726147,0.9104906;0.2148813,-0.64312595,0.36977872;-0.63013756,0.18428671,-1.7569096;0.94398,-0.36890408,-0.3484949;0.36381987,-2.0427759,0.8461923;-0.74911857,-2.0230572,1.1231399;0.7783581,-0.5308549,-0.5957377;-0.50574404,-0.43565667,0.6287502;-0.24247502,-1.7472504,0.8229827;1.3645641,0.119818844,0.46914524;-0.72083396,1.8626173,1.0170723;-0.95227927,0.14468454,0.98549855;-0.5851525,1.9589354,1.1258416;-0.7110564,0.47601235,-1.931194;1.1364615,1.5731106,-1.7639301;1.2912132,1.1062084,-2.3073797;-0.67177683,1.0160806,0.6338531;1.251572,0.28298306,0.094934225;0.17944528,0.16441625,0.064365596;0.49746275,-1.9564544,0.73433244;-0.45614037,-2.4417133,0.98876315;0.3395674,-2.1414196,0.7903201;0.019945968,-0.7792436,-0.31344503;-2.0570438,-0.39177316,-0.66392773;-0.13239858,1.5063698,1.1246192;-0.58027744,0.4442838,-2.1653376;-0.53007585,-0.3594932,-0.18569848;-0.5381511,-0.29739365,0.58285046;-0.8786666,0.35106868,0.510734;0.82694334,-0.7147041,0.6201577;-1.8292384,-0.59336674,-0.6685042;-0.23840636,-0.2584386,-0.09011823;1.4701813,-0.20737486,-0.108398;0.8930392,-0.3863253,-0.13076141;1.1672913,1.1258168,-2.2651703;-1.075731,1.5801196,0.9147619;-0.70147836,-0.33263743,-0.2106766;-0.63401484,-0.12644967,1.0918835;1.0869818,-0.47162014,0.37405658;0.79041815,0.094416976,0.658301;-0.39897066,0.31636265,-1.5183667;-0.8194069,1.2596718,0.7903022;0.54645693,-0.72642684,0.44404718;0.13580514,-0.8084852,-0.31076646;1.2113568,1.5264947,-1.448822;0.7169217,-0.912043,0.2813913;1.1734852,1.3152602,-0.99728596;1.7161605,0.055396575,0.27975997;0.51038736,-1.9295464,0.7381633;1.4203697,-0.18290426,0.44048738;1.3656616,1.0627034,-2.3551447;-0.4677064,-2.4646308,0.99141216;1.5191913,-0.6140693,0.2534815;-0.77054787,-0.27595007,-0.2439783;-1.0631903,-0.066486485,-0.5959418;-0.15000896,0.19845784,-1.1053405;0.33373606,-0.2978447,-0.59289986;-0.6405477,-0.3361592,-0.18205597;0.3828031,0.035316177,0.4383436;1.0797035,1.1146088,-0.61787707;0.8938483,-0.549537,-0.8035082;0.39648867,-0.77385956,0.38490778;-0.1709128,-1.8878118,1.0364672;-0.8889936,0.91152376,0.9431217;1.3522673,-0.39023855,0.20328054;0.13400303,-0.056443654,-0.9551143;-0.9474464,-0.0952405,1.1829252;-0.7366397,1.8589545,1.0143802;-0.7013049,-0.23225535,-0.09213726;1.7575321,-0.28797814,0.28567496;1.2090154,1.4236345,-1.6368824;-0.17824998,0.23888971,-1.4012876;-1.2195724,-0.47531793,-0.5918928;-1.0959727,-0.47835866,-0.5729347;-0.3455061,0.1585404,-1.3658808;1.3055539,1.0140942,-2.425366;-1.1783785,-0.52087414,-0.46131712;1.5139259,-0.36284763,-0.049045525;-0.7937393,0.66611135,-2.4966145;-1.7518657,-0.6636541,-0.62684375;-0.4044848,-0.41130638,-0.18390642;1.0485207,-0.39557618,0.23759945;0.2636089,-0.16891548,-0.798469;-0.33762896,-1.341582,0.89192945;1.3154391,-0.16741134,0.5338685;1.1617725,1.2940294,-0.9388162;-0.07630547,0.3097544,0.35728794;-0.0019493937,1.2384175,1.1216298;-0.22226757,0.1366072,0.40648633;1.0253766,-0.49368867,0.29851657;-0.015794115,-2.2495003,0.8999141;0.5171238,-0.7689852,0.31738073;-0.7303901,1.1495377,0.7506154;1.7094915,0.117952004,0.15275736;-0.11471288,-0.23775832,-0.17581095;1.2556659,1.2420112,-1.922869;0.030078003,1.1515503,1.1082141;-1.5028558,0.40058884,1.135246;0.027929321,-0.5708067,0.5502203;2.1368365,0.31037563,0.62048495;-1.4634112,-0.55122256,-0.58814734;0.7651868,0.058676668,-0.29152024;-1.9976742,-0.38653868,-0.7538334;-0.51630425,1.5923445,0.86860305;0.8414659,-0.14552905,-0.44980907;-0.35711455,0.38633314,-1.6128374;1.2025918,1.4160655,-1.5112879;1.4622973,0.0687703,-0.14515749;1.052766,1.2555466,-0.98519707;-0.9227831,-0.038727768,1.1936263;-0.56868577,0.47647732,-2.3547344;1.293338,1.2279174,-1.9515183;1.3595874,0.26846585,0.022160526;-0.7634312,1.2507423,0.70766395;-0.07699461,0.08391576,-0.98456466;-0.27070016,0.37634334,-1.9121166;0.99537843,-0.13898589,-0.3843651;2.0609107,0.3400102,0.5141243;-1.4771093,-0.70136195,-0.5814556;0.20002759,-0.75254154,0.22487962;-1.5306858,0.7002282,0.91375804;0.32518828,0.22201186,0.23998205;1.2561084,1.200923,-1.9378021;1.4286604,0.08552107,-0.14321502;0.40973592,0.71572405,0.9438551;-1.8384714,0.86092395,0.914043;0.14736664,-0.056591183,-0.091784865;1.051665,0.6564259,-0.26632023;1.6795386,0.049523443,0.16125341;0.31963816,-0.30732924,-0.013649585;-0.51202255,0.46193445,-2.236863;-0.2058928,0.29133722,-1.4434835;-0.41192976,-0.36143818,-0.17493111;-1.1243298,-0.46856418,-0.54551876;-1.1122084,0.2133026,0.7296333;-0.6329598,0.5156644,-2.3555362;-0.8926767,-0.20452608,1.1677978;-0.3067093,1.6976656,0.9875703;-0.31710345,0.06533445,0.23818614;0.21541478,-0.23480675,0.63564324;-0.13255453,0.17619966,-1.4280859;-1.4988534,0.25279108,1.1284932;-0.48901245,-0.63742375,0.70746803;-0.97301143,1.8243352,1.0015501;0.06778905,0.25569466,0.43024126;0.18745549,-0.101613775,-0.9164271;-0.44834152,-0.47801793,0.790605;1.2377927,0.9305973,-2.3764346;-0.011400914,0.051739503,-1.0210851;1.0769391,1.3512597,-1.2438877;-0.727444,-1.9484398,1.1139226;1.4156817,-5.9977698e-05,0.4731627;0.05192698,0.24487236,0.19374661;-0.6868389,1.9602095,1.0759851;1.0195564,-0.15915895,0.40434167;-1.4909909,0.3634197,1.1825686;1.1845566,1.3807911,-1.3775276;1.2111753,1.2055732,-1.9369179;1.3367299,-0.18705124,-0.21077095;-0.23476788,0.016401218,-0.6227374;-0.61958843,0.4902049,-2.345411;0.9761226,-0.4288796,-0.2978168;0.8395073,0.10722056,-0.2732754;1.6233447,0.20283593,0.17653319;1.0739379,1.36886,-1.8125262;-0.47556803,-1.596979,0.9315319;1.2195092,1.4470859,-1.6398759;-1.2746435,0.1746794,1.1699287;-0.72771764,1.0700837,0.6262674;-1.220775,-0.5700772,-0.45557234;-0.0006707491,1.0064054,1.110609;1.2467291,-0.682366,0.3207148;-0.8485653,-0.33645943,1.1745373;-0.70878965,-2.35461,1.0602151;0.32004958,-0.81925017,0.33563852;-0.50671154,0.77290505,-2.2440696;-0.6838613,-0.02637152,0.28420275;-0.70380056,1.3728287,0.79342353;2.0277293,0.21078223,0.4786132;1.0746607,1.4956377,-0.94220454;-0.9125135,1.4486623,0.8884776;-0.55390096,-1.6862534,1.012161;1.8311405,0.35968587,0.49662086;0.91156095,-0.5598948,-0.8366168;-0.9242237,0.33804333,0.56856954;-0.4640334,-0.42030805,-0.23914441;1.8732126,-0.047422316,0.36176807;0.04131408,-0.6465501,-0.30992147;-0.73340106,-0.118904784,1.1380947;-0.31885275,-1.3332652,0.95330477;1.08682,0.8419776,-0.29080653;-0.7703458,-2.0397997,1.0900059;-0.52382374,1.9008465,1.1272681;-0.18046287,0.2646587,0.5672239;1.5503764,-0.43721083,0.20230378;-1.5306771,-0.64577895,-0.5643877;1.2048013,1.1758218,-2.0813382;1.1040086,0.1530774,-0.3800413;1.6975962,0.13063966,0.24893448;-0.52948976,1.7917613,0.81426865;-0.5488945,-1.7232548,1.0812159;0.078539275,0.9606456,1.088975;-0.1698003,0.0654506,0.41148388;1.0798789,1.0057217,-0.51266783;1.2958068,0.3173014,0.04512734;-0.71906424,1.3667183,0.8844496;1.4132029,0.12832688,-0.1716874;-0.9247729,0.36030564,0.5708515;2.1304457,0.27591214,0.60134774;0.91102344,-0.3940477,-0.16030966;-0.7972088,0.6848156,-2.519488;0.9387478,-0.43863055,-0.08571607;2.198696,0.27289438,0.5870771;0.32731703,0.11837295,0.6116296;-0.7630408,0.44798446,-2.240074;-0.93139976,1.4412194,0.86245155;-0.22633424,0.21638185,0.42693844;1.9588913,0.23330642,0.3593579;-0.86496526,1.1441708,0.87750024;1.9592948,0.14656095,0.5679567;-1.4799279,0.7423423,0.85547507;1.3348632,0.74460596,-0.048730403;-0.80769134,1.5076797,0.88187325;0.53352666,-0.7614128,0.35771507;-1.0750675,1.6401515,0.93519366;-0.49649987,0.37289342,-1.7578143;-0.249716,-2.3392649,0.83976895;0.39458668,-0.73237395,0.40249604;-0.56578207,-0.062237103,1.0530573;0.086590104,-0.54525167,0.5163157;-0.55799073,0.4551995,-2.1776848;1.1711802,-0.395493,-0.06703606;0.33172154,0.12699042,0.087613516;-1.0136447,-0.032741662,1.1412243;-0.47356588,-0.46224216,0.79343677;-0.049185827,0.9091093,1.0583047;0.0495172,1.0475154,1.10823;-1.0512587,-0.47476786,-0.36867112;0.24544841,-0.20165439,-0.79484147;-0.10892762,0.13811755,0.23957185;-0.68052936,0.4896674,-2.3047643;1.3209993,-0.3211008,-0.13541201;1.1946337,1.315102,-1.597554;-1.0451082,-0.13719946,1.1324618;1.13508,-0.5321375,0.31143683;-0.5679917,1.9052471,1.1376779;1.3438088,0.77065486,-0.046779174;-0.66725636,-2.4574385,1.0585651;1.7224746,0.3302894,0.4054958;-2.1507702,-0.3697389,-0.65227705;-0.4509112,0.38934922,-2.033441;1.1174526,1.4539907,-1.5975266;1.8838315,0.07841767,0.53025866;0.001450938,-0.71483344,-0.32658172;0.28387266,-2.0713866,0.8266646;1.2251556,1.3097334,-1.6760741;1.7152793,0.26625767,0.22355469;1.7441565,0.23884416,0.3692852;-0.97277516,0.8541459,0.67075074;0.63365436,0.040258005,0.32253775;-0.43976784,0.4336573,-1.8907679;0.27259055,-0.31780607,-0.5547114;1.4407514,0.0116767995,-0.12805189;-2.140105,-0.74171984,-0.7267235;1.1390288,-0.68072844,0.16639543;-0.6918147,-1.8461963,1.1283516;-0.5133545,-1.7551533,1.0654912;1.6761907,-0.22427996,0.34496215;0.8429206,0.22806995,-0.07273357;1.634467,0.20471923,-0.0033969171;-0.6160866,-1.7709422,0.9566662;-0.5812614,-0.33353174,1.0242536;1.3568515,0.40359002,0.1324949;0.52731895,-1.9113381,0.70126873;-0.4489592,-1.3025726,0.86196774;0.19058368,-2.0900464,0.8207865;-0.3670325,-0.8172298,0.7632025;-6.353402e-05,-2.2094562,0.96686244;-1.1594126,-0.5572683,-0.44129273;-0.11949573,1.407992,1.1129134;1.1905137,1.4920433,-1.126558;0.27382576,-0.19139,-0.81274784;-0.31453636,1.7692246,1.0899539;-0.68236715,-0.297147,-0.1685693;-1.798733,0.8670498,0.91319865;-0.76528,0.6796981,-2.4884095;-0.02391431,-2.1711931,0.9241455;0.5357713,-0.7529538,-0.020955343;-0.053267386,-0.23143545,-0.48661363;-1.0340251,-0.02267581,1.2227033;-0.76471686,-2.0277812,1.12232;-0.67709243,0.5666845,-2.229566;-1.6178386,0.49244824,1.1002601;0.5747538,0.14637509,0.2669247;0.3690302,0.19342248,0.23498355;-0.4366192,0.37149385,-2.1660256;0.9052809,-0.49845833,-0.10920898;0.021466728,-0.4792042,-0.307763;0.5557164,-0.35728797,0.03806245;0.21095021,-0.0034645044,0.7432467;-0.18311334,-2.308918,0.9742338;-1.0159235,0.23855875,0.6802586;-0.42122918,-0.20151223,0.38205677;1.5061687,-0.35755315,-0.03329582;-0.014379385,-0.039331697,0.110036835;-0.4984075,-2.5112972,1.0109134;-0.09553402,-2.0855443,0.98535335;-0.7403358,-0.38382268,1.1388526;0.4028978,0.114190705,0.21447425;2.0711355,0.2483504,0.58778167;-0.124130644,0.16494024,-1.0932969;-0.13501538,1.5346097,1.1625273;-0.43933162,0.4525341,-1.7139469;-0.89786094,0.7935726,0.9403954;-0.85222757,1.0264636,0.6084083;-0.60574895,1.9154856,1.1035565;0.4120618,-0.25265294,-0.74193794;-1.5668571,0.30553034,1.087753;0.49690485,-0.35109532,-0.09729925;0.3012765,-0.27864748,0.5845124;1.2408491,0.80060077,-2.3837411;0.94139284,0.19905423,0.5471966;-0.17763627,0.2699365,-1.3868387;1.3106334,-0.6714405,0.1933721;-0.21489087,-0.0074288705,-0.49534482;-0.38649464,0.4358796,-2.1437624;-2.1215386,-0.6069356,-0.6481831;1.419679,-0.4033657,-0.06546309;0.9125589,0.09345092,-0.0696364;0.30966657,0.79245126,0.98901534;-0.46299347,-1.3241493,0.8621258;-0.6331337,-1.8160006,1.0851244;0.6957217,0.06305924,0.708462;1.8687344,0.261685,0.50704956;-0.78084254,0.6455124,-2.4856684;-1.8355005,-0.63567996,-0.6095065;-1.4458282,0.12843865,1.0987384;-0.27824235,0.38514134,-1.4671576;0.87174064,-0.09295505,-0.095549956;0.08782347,-0.83642,0.41969007;1.078563,0.79684764,-0.30148008;-1.7120138,0.878427,0.92123425;-1.2899489,0.67575663,0.7833848;-2.070119,-0.7478039,-0.70561886;-0.34612232,-1.9238924,0.8253546;1.1417288,1.3310168,-0.708706;0.8005612,0.5361296,0.7647956;-1.2824178,-0.5381654,-0.5556119;0.32645798,0.77726156,0.97916;1.2383996,1.0339774,-2.3754916;-0.9006542,1.4233528,0.8890942;-0.2602527,0.5946617,0.6258361;0.13679078,-0.5090926,0.52606523;-0.23128857,1.4632438,1.1217256;-0.7224883,-0.30639157,-0.20371772;-1.2506567,0.009061132,1.1301223;0.19591603,0.26056468,0.15928113;0.60576576,-0.2990834,0.12870555;1.2980046,-0.72276735,0.29463;0.9137057,-0.34516835,0.7629128;-0.46025974,-2.4871378,0.9985186;-0.06932148,0.74359876,1.0823559;-0.17580704,0.7917144,0.9726593;-0.57085943,-0.36491132,-0.20779648;-0.953563,0.27618068,0.6589309;-0.7079861,1.9678546,1.0908993;1.222512,1.1937908,-1.988871;1.0922648,1.37687,-0.8584771;1.492262,-0.3254912,-0.07262455;-0.1599511,-1.5113323,0.6953013;-1.8047854,0.83543164,0.92404324;-2.2334888,-0.72774076,-0.6665169;0.44585034,-0.45773306,0.010811921;0.63051087,-0.6258861,-0.06909763;0.5601912,0.15079793,0.40094602;-0.80073076,1.3909488,0.84529376;-1.0039998,-0.38534808,-0.39208186;-0.3824882,0.38169965,-0.9546666;0.09869741,-0.7695645,-0.31010985;0.3152475,-2.089103,0.8051201;-1.460128,0.2302929,1.1529717;1.382366,0.13217595,0.40444815;2.120338,0.29702115,0.55019194;-0.2548332,-1.6644408,0.8437458;-0.15822664,0.09146218,-0.92590153;0.28377342,-0.23473585,-0.82609385;1.2209378,0.97308785,-2.3472383;1.3718011,0.4463871,0.1619217;-0.9378087,-0.050925054,1.1755042;0.9198928,0.14670622,0.49031532;1.2157617,1.4439434,-1.5707822;-1.3951834,-0.5338876,-0.520228;1.1380634,1.5213172,-1.8079698;-0.8367717,0.09986999,1.1175361;1.1873834,0.5484046,0.020422775;-0.43705624,-1.2519584,0.84763545;-0.2651095,0.7722445,0.9181342;2.099521,0.35493335,0.5712714;0.6837624,-0.9268658,0.29128847;-1.363547,0.07835254,1.0985742;-0.7933298,-0.34345904,-0.25425017;1.1159339,1.4812236,-0.8902583;1.9867263,0.36332193,0.555849;-0.28233376,0.6421562,0.84883887;0.372449,-0.24366684,-0.73165995;0.09446701,-0.023920882,-0.98156303;0.9340293,-0.47267807,-0.22850853;-0.2738618,0.5711336,0.80465853;1.2011087,1.2810158,-2.0216768;1.2911946,0.8291708,-2.5050268;-0.5524274,0.6707972,-2.1316252;-2.2544074,-0.69172883,-0.65055156;-0.23412293,0.4775205,-1.4181556;-0.16628972,0.3785636,0.30969915;-0.1601561,0.115524516,-0.93995816;-2.0388303,-0.5748505,-0.6525538;-0.9461821,0.23670788,0.6992687;-0.26796743,0.7083344,0.8787556;1.2891451,1.487484,-1.7968328;0.963817,0.354628,-0.123161115
