data_set
babi-q1
num_classes
6
data_points
1000
model
saved_models/babi-q1-e0041.ckpt
color_schema
#4E79A7,#F28E2B,#E15759,#76B7B2,#59A14F,#EDC948,#B07AA1,#FF9DA7,#9C755F,#BAB0AC
test_accuracy
0.5
test_loss
1.1711087112426757
train_accuracy
0.53925
train_loss
1.1208497207164765
val_accuracy
0.513
val_loss
1.1494229688644408
labels
12,9,15,12,15,12,11,12,17,17,15,11,17,10,10,15,11,15,17,15,12,17,17,12,10,10,10,15,15,15,12,17,15,15,9,17,9,11,15,10,9,11,9,12,11,15,12,9,17,10,10,17,11,11,15,10,15,12,11,12,12,17,9,11,11,15,15,9,17,17,11,12,11,10,9,15,15,15,12,17,11,9,10,11,17,11,11,12,15,15,9,9,12,9,9,15,15,15,10,10,10,9,17,11,11,12,10,9,17,10,9,9,15,12,15,11,17,15,9,17,10,9,10,12,10,17,11,11,11,9,11,12,9,11,15,9,17,15,9,9,17,12,12,17,10,15,15,15,15,15,11,11,9,17,10,9,11,10,17,12,10,10,10,11,9,11,11,11,15,10,17,17,11,9,9,17,15,10,17,17,12,12,12,12,10,9,17,11,15,17,12,15,11,12,12,11,17,15,9,10,12,17,17,10,12,9,15,12,9,12,9,10,12,10,9,10,9,12,12,9,9,12,15,12,10,17,12,11,9,9,17,11,12,17,12,10,10,10,10,17,12,15,11,11,15,15,11,11,11,11,10,17,9,9,10,10,17,17,15,11,11,17,12,17,17,9,11,10,9,10,15,17,17,15,9,17,15,12,17,9,9,11,17,17,11,17,9,17,11,9,15,15,10,15,15,11,11,12,12,9,9,9,9,17,12,11,9,17,17,15,11,11,17,10,11,17,10,17,17,11,11,15,15,11,11,9,10,11,11,10,15,17,15,10,10,17,12,17,12,12,12,11,17,15,11,17,12,12,15,15,10,11,11,10,10,9,17,12,11,12,11,9,11,11,11,11,11,12,12,12,12,12,11,11,17,10,15,9,9,10,9,10,10,17,17,15,17,17,17,15,15,12,9,10,17,17,10,17,9,11,10,11,10,15,17,15,12,10,11,15,10,11,9,12,17,10,10,15,12,9,12,12,9,12,10,15,15,17,10,10,17,15,15,15,17,11,15,9,10,11,10,12,9,11,10,11,10,12,11,15,15,15,15,11,9,15,10,12,11,12,9,11,10,17,11,11,10,10,10,17,12,17,17,9,15,11,9,15,11,9,10,10,12,12,11,10,9,12,10,9,15,10,10,11,11,15,15,10,12,12,15,11,9,12,9,15,10,17,17,10,10,17,10,10,17,9,9,10,12,11,17,17,12,12,11,12,17,11,11,12,11,11,11,17,9,11,10,12,12,10,11,17,12,12,15,11,15,15,12,10,10,9,17,10,15,12,15,10,10,10,11,10,11,15,10,9,9,15,10,10,10,10,15,15,17,9,10,12,10,10,12,12,11,15,10,10,11,12,10,10,17,12,17,11,9,9,17,17,11,10,10,10,15,15,17,11,15,12,11,10,15,17,9,11,9,17,15,12,15,17,11,17,17,15,9,10,9,9,10,10,9,10,10,15,11,11,11,15,12,9,11,11,10,17,11,11,12,17,15,15,9,11,15,15,11,9,15,15,11,15,15,15,11,10,10,9,17,17,17,17,10,10,17,9,15,9,17,12,12,12,15,15,15,17,9,11,9,17,9,12,11,9,9,17,11,11,11,10,15,10,12,12,9,9,17,12,12,9,17,12,11,11,15,15,12,11,12,17,12,17,11,12,11,17,17,11,17,9,11,9,10,10,12,17,10,12,9,9,9,15,11,11,15,17,9,10,9,12,17,15,17,17,12,10,12,11,11,17,15,9,17,10,9,11,12,15,9,15,12,10,9,10,17,17,15,15,9,9,9,17,10,17,17,9,12,17,17,12,12,11,11,11,11,17,11,17,17,17,17,17,12,9,17,10,17,11,10,10,12,12,11,11,17,12,12,17,17,15,11,17,11,11,9,12,9,17,9,10,9,15,11,9,11,15,10,9,9,9,17,12,11,11,17,15,15,10,10,11,11,17,10,12,9,10,10,10,10,10,15,17,9,11,17,15,12,11,10,10,15,12,10,11,12,12,11,11,11,15,12,17,10,12,17,17,12,10,10,12,17,10,11,17,11,12,17,17,11,12,11,17,9,9,11,17,11,11,15,15,17,17,10,10,17,12,11,15,12,11,11,10,9,12,12,15,10,9,17,15,17,9,17,17,10,17,15,12,12,11,10,10,10,17,17,15,12,17,9,9,15,10,12,15,15,15,17,17,15,11,15,10,12,9,9,10,11,11,9,9,12,15,9,15,9,12,12,10,17,17,10,12,15,9,10,17,11,11,11,17,9,9,11,15,11,11,11,15,12,17,9,10
pred_labels
12,9,15,11,9,12,11,12,12,9,15,17,15,11,10,15,11,15,12,11,12,17,12,10,17,10,10,10,11,15,17,17,15,15,9,17,12,15,12,11,9,11,12,15,10,12,10,9,9,10,10,17,11,12,15,9,11,12,15,17,12,9,9,11,9,15,9,9,17,12,11,17,11,12,9,15,17,17,10,11,11,11,10,17,17,11,11,10,15,15,9,9,12,9,17,15,15,15,10,15,10,9,12,11,10,12,12,9,11,15,9,10,15,12,17,17,15,9,12,17,10,9,15,9,17,17,11,17,11,11,11,17,15,10,10,9,17,15,9,9,11,12,17,9,10,15,10,15,15,17,10,11,17,17,17,10,10,9,17,17,12,9,12,17,9,11,11,15,12,15,17,11,11,12,12,17,15,12,17,17,12,17,12,17,12,9,9,9,9,12,12,15,11,11,17,11,10,9,9,10,17,17,10,10,10,12,11,12,10,15,11,10,9,9,10,12,11,12,9,11,12,12,9,15,10,17,17,11,9,17,9,15,11,17,12,10,9,12,10,15,12,9,11,12,15,15,11,15,15,11,10,15,9,10,10,10,10,11,11,11,11,9,12,17,11,11,15,9,10,10,15,17,17,10,11,15,15,10,12,9,9,11,12,15,11,17,11,12,11,9,15,12,10,15,15,11,12,11,12,10,9,12,17,12,17,11,9,9,9,15,11,17,12,10,15,17,10,17,15,15,11,15,15,11,17,9,10,11,15,17,15,17,17,17,15,11,12,11,12,17,12,11,17,15,10,17,15,12,15,15,11,10,11,10,9,9,17,12,11,12,11,9,11,11,10,11,15,12,17,15,12,12,10,15,17,10,15,17,11,11,9,12,12,17,15,9,17,17,17,12,15,12,11,10,9,17,11,11,9,12,10,11,10,15,17,10,17,17,10,10,10,10,9,12,17,10,9,11,11,9,15,12,9,12,9,9,15,17,10,9,15,11,15,12,17,11,9,10,10,11,11,12,11,11,10,10,9,12,11,11,15,10,15,15,9,15,15,10,11,12,17,10,17,17,17,11,15,9,10,17,10,9,12,11,9,17,9,15,11,10,10,17,12,12,11,10,9,12,15,9,15,15,10,10,15,10,15,10,17,15,15,11,10,15,9,15,10,9,9,10,10,10,10,9,12,9,10,9,12,11,17,17,12,10,11,12,17,11,17,12,11,17,10,12,11,11,10,12,11,10,11,10,12,12,9,11,15,12,12,10,10,12,15,11,10,12,17,10,9,9,11,10,10,9,10,9,15,12,17,12,11,12,15,17,11,12,10,9,9,9,15,15,10,11,10,10,12,9,10,10,17,17,17,11,11,9,12,11,12,10,10,10,11,15,17,11,17,11,10,10,15,17,11,11,9,9,15,12,17,12,11,10,9,17,9,10,9,11,12,10,9,10,15,15,9,11,11,12,11,9,11,10,10,11,11,15,12,17,9,10,9,11,10,15,15,9,9,11,11,11,12,12,12,10,9,17,17,17,10,12,10,11,17,9,17,12,17,12,10,9,15,15,15,17,11,11,9,17,17,12,11,9,9,17,17,11,9,12,10,11,12,17,9,9,9,11,11,17,12,11,11,11,15,15,12,11,12,17,17,17,11,12,9,17,10,17,17,9,15,9,9,12,12,17,12,12,9,9,9,10,11,15,9,15,9,17,9,12,9,12,17,10,12,10,11,11,15,9,11,9,9,9,9,11,12,9,10,17,12,12,11,17,17,15,10,15,15,15,12,9,12,17,12,12,11,9,9,10,11,12,11,9,12,15,11,17,17,12,11,9,11,10,10,15,17,11,10,11,12,11,11,10,11,12,12,10,17,15,11,9,11,10,9,12,9,17,12,10,15,15,11,9,12,9,17,12,9,12,11,12,11,17,17,15,15,17,10,17,12,11,15,12,11,9,10,10,10,10,15,17,9,12,12,15,10,11,15,15,15,12,9,11,12,12,11,11,15,12,10,15,10,17,15,12,15,10,10,12,9,9,17,17,11,12,15,17,11,12,17,10,9,17,11,11,11,11,9,11,9,11,12,17,12,9,11,15,12,11,9,17,15,11,17,15,10,11,9,9,17,9,9,10,11,10,15,12,12,10,10,9,10,17,9,11,12,17,9,15,11,10,12,15,15,17,11,9,9,10,11,10,12,9,15,15,17,11,9,9,9,15,9,15,15,9,11,9,10,10,9,12,10,9,10,11,15,15,10,9,9,9,11,15,11,9,17,15,12,10,9,11
pred_correctness
True,True,True,False,False,True,True,True,False,False,True,False,False,False,True,True,True,True,False,False,True,True,False,False,False,True,True,False,False,True,False,True,True,True,True,True,False,False,False,False,True,True,False,False,False,False,False,True,False,True,True,True,True,False,True,False,False,True,False,False,True,False,True,True,False,True,False,True,True,False,True,False,True,False,True,True,False,False,False,False,True,False,True,False,True,True,True,False,True,True,True,True,True,True,False,True,True,True,True,False,True,True,False,True,False,True,False,True,False,False,True,False,True,True,False,False,False,False,False,True,True,True,False,False,False,True,True,False,True,False,True,False,False,False,False,True,True,True,True,True,False,True,False,False,True,True,False,True,True,False,False,True,False,True,False,False,False,False,True,False,False,False,False,False,True,True,True,False,False,False,True,False,True,False,False,True,True,False,True,True,True,False,True,False,False,True,False,False,False,False,True,True,True,False,False,True,False,False,True,True,False,True,False,True,False,False,False,True,False,False,False,True,False,False,False,False,False,True,False,False,False,True,False,False,True,True,False,True,True,False,False,False,False,True,True,True,False,False,True,False,True,False,True,False,True,True,True,False,False,True,True,False,True,False,True,True,False,False,False,True,True,False,True,True,False,False,False,False,False,True,True,True,True,False,False,False,True,False,False,True,True,True,False,False,True,True,False,False,True,True,True,False,True,True,True,True,False,False,True,False,True,False,False,False,False,True,True,False,False,True,True,False,False,True,False,True,True,True,False,False,True,True,True,True,False,True,True,True,False,False,True,True,False,False,False,False,True,False,True,False,True,True,True,True,False,True,False,True,True,True,False,False,True,True,False,True,True,True,True,True,True,True,True,True,False,True,False,True,False,False,True,True,False,False,True,True,True,False,False,False,True,False,False,True,False,False,True,True,True,False,True,True,False,True,False,True,False,False,True,False,True,True,True,True,True,False,False,False,False,False,True,False,True,True,True,True,False,False,False,True,False,True,True,True,False,False,True,True,True,False,False,False,True,False,True,True,False,False,True,True,False,True,False,True,True,False,False,True,True,False,True,False,True,False,True,True,False,False,True,True,False,False,False,True,False,True,False,False,True,True,False,False,False,False,False,False,True,True,True,False,True,False,True,True,True,True,True,True,False,True,True,False,True,False,False,False,True,True,False,False,True,True,False,False,True,True,True,False,False,True,True,False,True,False,False,True,False,False,True,True,True,True,True,False,True,True,True,True,False,True,True,False,False,False,False,True,True,True,False,True,True,False,True,True,False,True,True,False,True,True,True,False,False,False,False,True,False,True,False,False,True,True,False,False,True,True,False,False,False,False,False,False,True,False,False,False,True,False,False,False,False,False,False,False,True,True,False,False,True,True,True,False,True,True,False,True,False,False,False,True,True,True,False,True,True,True,False,False,False,True,True,True,False,True,True,False,True,True,False,False,True,False,False,False,True,True,True,False,False,True,True,True,False,True,False,True,True,False,False,True,True,False,True,False,True,False,True,True,False,False,True,True,False,True,False,True,False,False,True,False,False,False,False,True,False,False,True,True,False,False,True,False,True,True,False,False,True,True,False,False,True,True,True,True,False,True,True,True,False,True,True,True,True,True,False,True,False,False,False,False,True,False,True,True,False,False,False,False,False,False,True,True,True,True,True,True,True,True,False,True,True,True,False,True,False,False,True,True,False,True,False,False,True,True,False,True,True,True,True,False,True,False,False,False,True,False,True,True,False,False,True,False,True,True,False,True,False,False,False,True,False,False,True,True,True,False,False,False,True,False,False,False,True,False,False,True,False,False,False,False,False,True,False,False,False,False,False,False,False,False,True,False,False,False,True,True,True,False,False,False,False,False,False,False,True,True,True,False,True,False,True,False,False,True,True,False,True,True,True,False,True,False,True,True,True,True,False,True,False,True,True,True,False,False,False,False,True,False,False,True,True,False,True,True,True,False,True,False,False,False,False,True,False,False,True,True,True,True,True,True,True,False,False,True,False,True,False,False,True,True,False,True,True,True,True,True,False,False,False,False,True,False,False,False,False,True,True,True,False,False,False,True,True,True,False,True,True,True,False,False,True,False,True,False,True,True,False,False,False,False,False,False,False,False,True,True,True,True,False,False,False,False,False,True,True,False,False,False,True,True,False,False,False,False,True,True,True,False,True,False,True,True,False,False,True,True,True,False,False,True,True,True,True,False,False,False,False,False,False,True,True,True,False,False,False,True,True,True,False,True,True,True,False,False,False,False,False,False,False,True,False,True,True,False,False,False,False,False,True,True,True,True,True,False,False,True,True,False,True,False
p2d-kl
0.793883740901947
p2d-iter
599
p2d
-1.5271527,-0.13704117;-0.45624772,1.5548921;1.7150699,0.55633235;-1.4001453,-1.1641322;-0.31254068,0.39375374;0.20473647,0.17783351;-0.6624698,0.6728626;-0.17231072,0.97281516;0.066914245,-0.58345187;-0.98554844,1.2538838;-0.44208866,-1.5528618;-0.2639048,-0.7697249;-0.037880283,0.031185994;0.6105005,-0.6839954;0.57089925,-1.0261477;-0.42594346,-0.694427;-1.4194865,-0.9099897;-0.33396962,-0.29585466;0.12667793,-0.18470721;-0.20889024,-0.3400736;0.802024,0.94920486;-0.5491926,-1.6228547;-0.99605024,1.0884475;1.313307,0.5064071;0.027017651,-1.4050117;0.40286383,-1.1471039;0.6022466,-0.54416895;1.9774987,1.2038183;0.6597477,0.7354508;-0.37522462,0.33657184;-1.4148462,-1.6441227;-1.2527055,-1.8138266;1.8004454,0.55662906;0.681432,0.23049778;-0.52136713,0.4550347;-1.2969592,-1.556453;0.10429466,1.1697556;-0.1262758,0.16594513;1.3820757,0.5791156;-0.83458436,-1.7521138;-1.4635773,0.20604572;0.6574633,-0.961967;0.28646317,0.06919693;0.5816264,-0.07459042;0.58696896,-0.7239024;0.78524023,0.9692737;0.1837885,-0.6170757;-0.76666415,0.6960652;1.7844479,1.1883199;0.12313541,-0.9526705;-0.67427474,-1.2055849;-0.6866402,-1.3424957;0.4695726,0.07669637;0.20475312,0.117023855;-0.3321904,-0.6107004;-1.1188174,0.9280739;0.5430514,1.3592694;1.6919215,1.4432292;-0.11147588,-0.86413085;-0.54992527,-1.6534109;-0.78316545,-1.4677949;-0.26802883,1.1267048;-1.492524,0.19421841;0.63866353,-1.0422231;-0.8225104,0.7856328;-1.2130113,-0.7896267;-0.6517137,0.92231864;1.2680949,0.27534738;0.6341935,0.9648994;-0.12023765,1.0162469;0.3724329,-1.8263594;-0.023762472,-0.44839326;-0.0017062909,0.26897073;0.9183742,0.66987246;-1.2062051,0.5247937;-1.2761505,-0.86548924;-0.25759566,-0.73066485;-0.38364688,-1.5315351;0.7882578,0.49299312;0.52388674,0.29188997;-1.4345077,-0.94000804;-1.2684991,-0.16939703;1.2520537,0.7967204;-0.021906933,-0.79012746;-0.040966228,-0.8191423;-1.1429594,-1.0360608;-1.1978374,-1.196387;0.83123314,0.49970853;0.76067615,1.1534057;-0.05064245,0.12857878;-0.945018,0.0056397864;-1.18234,0.6686148;1.2944583,0.17101383;-0.89120257,0.74051857;0.37949684,1.2787573;-1.2985413,-0.8692184;0.73791987,0.9256531;0.47646394,-0.6506486;1.5042305,1.1054728;0.4118186,-0.36299625;0.41694885,-1.6645613;-1.6339499,-0.51282805;-0.70687634,1.4203069;-0.37536088,-0.4801936;0.6036657,-0.8114581;-0.25593197,-1.2499444;-0.63372254,-1.256792;1.6933997,0.4388432;-0.01687355,0.39591947;0.49962202,-0.5715302;-1.441251,0.31935325;2.0554118,1.2476183;0.74270743,1.2246163;0.17742956,-0.33993557;1.869216,0.69703543;-0.6877675,-1.9952525;0.40694854,1.5675489;-1.6649847,-0.6025436;1.791887,0.82233715;-0.8591922,-1.7861304;0.17464687,-0.92992705;-1.6586903,-0.52263075;2.0794036,1.1672233;-0.92781895,0.9020093;1.4597178,0.8323682;-0.44934365,-1.705596;-1.0242593,-0.6084574;-0.29089528,-0.85171705;1.2779186,1.0165743;-0.06669812,0.80436426;-1.0546336,-1.3988932;-0.012002401,-1.3394674;1.7872604,0.6199165;1.9608383,1.2450275;0.6450568,-0.55806166;-0.420067,0.34929806;0.23073137,1.3526951;1.9383126,1.0937618;-1.4214123,-0.21909846;-1.5789164,-0.53848934;-0.74459875,-1.9765152;-0.36865363,-1.1508535;-0.8352392,1.4501705;-0.8884051,0.10857824;2.0710862,1.3644797;0.3899024,-1.2180882;1.255216,0.8592744;0.5081224,-0.64771855;2.017709,1.14698;-0.17138235,-0.20688304;-1.011528,-1.040635;-1.1437671,-0.12657273;-0.34544885,1.1221764;0.21921313,1.3418385;0.036631927,-1.0708617;1.035443,0.016641574;0.81387216,-0.19198492;-0.508902,1.4413503;1.1225966,-0.02768477;0.11994816,-0.7074755;-1.5014131,-1.3908339;-0.3845132,0.5921907;1.7180097,1.3420764;1.139605,0.90187234;-1.577643,-0.39542317;-1.0292867,-1.4395483;-0.9926954,-1.6748531;0.43707675,-1.0575702;1.2806603,1.1737553;1.3160743,1.0768765;-0.47399452,-1.8565285;-0.9697496,-1.6472665;-0.95569444,-1.7254237;-0.83796704,0.9076274;1.7281926,1.4112141;-0.43921867,-1.6748319;-0.040278252,-0.093896605;0.1804669,-0.5057802;1.137939,0.92580444;0.009325265,-0.0682983;0.067409575,-0.54481393;-1.3055176,-1.7670586;-1.3402128,-1.7246174;1.5418156,0.8151962;1.595723,1.0065517;-0.9041659,0.029365731;-1.6082578,-0.6207414;1.6248671,1.3879852;1.4501894,0.023770874;1.6631871,0.7894483;-0.8121347,-1.4097183;-0.41509795,-1.5034039;-0.64112526,0.5500633;1.7522312,1.3525478;-0.054361973,-1.3595372;-0.8033371,-1.9836702;0.5516167,-0.6977835;0.12419622,1.4110366;1.5403115,0.14230688;1.2733399,0.33966818;-1.4022077,-1.6748983;-1.4341645,-1.6764312;0.43382707,-0.45976454;0.56436205,-0.2874663;0.54367507,-1.2276008;-1.5034399,-0.0539088;-0.5120024,0.18854435;0.36716828,0.81276107;1.3200786,0.3262452;1.4631672,0.16432828;-1.1860176,-0.059031606;1.5273802,1.0741029;-0.600007,1.2880976;-1.1709263,0.7452302;2.117061,1.2521371;-0.62775576,-1.1839707;-0.52862537,0.72861636;0.8866142,0.88179845;-0.64505804,0.8044553;-0.7388901,0.70100987;-0.72117466,1.2045861;-0.27611017,-1.2465266;1.6201698,0.33495644;0.71792656,0.1075382;0.69209385,0.049609393;-1.4589291,-1.6322529;-0.849949,1.5674714;-0.6484989,0.47778186;-1.1658808,-0.25986883;0.6517782,1.1024334;-0.8080963,1.5997552;-0.44849527,0.21260896;-1.1848158,-1.2400017;-1.4202287,-1.5549483;-0.669725,1.4162264;0.56701446,-1.1513321;-1.6250086,-0.45592815;1.6556525,0.48463187;0.15557027,-0.88653886;1.1356236,1.2212858;-1.4339373,-1.3909713;1.5702586,0.22270499;-0.6666871,-0.30046982;0.9546265,0.70179814;1.1325834,1.2074991;-1.2674904,-0.8337341;-0.6669683,-0.31698054;0.38800278,1.6088574;0.5089421,1.5270492;0.50734395,1.3800977;0.08826169,-1.0302155;0.38482192,-1.0461653;-0.75411105,0.42782924;1.2228001,0.4608307;0.6458125,-0.22239442;0.43445653,-1.6903812;0.0021653306,-1.2091277;1.4255118,0.2962798;-1.0743256,-0.6498818;-1.1001318,-1.0781282;0.39901268,-1.8142296;1.4480764,0.35845903;-0.6804413,1.3894835;-1.1404179,-1.6697129;-0.67191744,0.74920774;-0.76615685,0.59284776;-0.42592987,0.16940661;1.4270219,0.0064181588;1.2556142,0.35553125;1.563731,1.2765864;-0.38245037,0.3979144;-0.3638366,1.1159164;-0.06019136,-0.29380822;0.48305047,-0.98769045;-1.1728177,-0.17636555;-0.46090406,-1.5507054;-0.9764173,-0.45417523;0.7411759,0.28369036;-0.84062237,-1.3062036;-0.83568305,0.72919166;-1.4483907,0.2596564;0.90439224,0.06869287;1.073746,0.82959604;1.7462999,0.61637884;0.4652089,1.2350075;-1.2752577,-1.5655295;0.44511062,1.1472718;1.4180459,0.58844125;-1.0050262,-0.7686466;-1.5840029,-0.5751849;-1.2821736,-0.80755424;1.756248,0.8000371;0.7887534,-0.13501368;0.6974816,0.73725677;-0.91015226,-0.6023604;-1.1292322,-1.0242996;-0.2911905,-0.2020081;-0.06385309,0.69877225;0.11231223,0.8881511;1.6990396,1.378004;-1.753574,-0.7150003;0.36092138,0.8646198;-0.19197358,-0.5952561;-0.8727294,-1.6493895;-0.46916834,-1.6552966;-1.220312,-0.08915437;-1.1825233,0.5994619;-1.5225486,-0.22044322;-1.5640409,-0.488885;1.8339487,0.68800694;-1.5150343,-0.795234;0.6345537,0.40703747;-0.108045846,-1.4168208;0.88528115,0.5531849;-0.44771886,-0.6898588;-0.76677305,-1.9520379;0.019076245,-1.1464099;-0.06162165,-0.75254065;0.40009683,-0.9664164;0.5360813,1.4240688;-1.4965057,-0.8309643;-0.93988436,-0.11669434;-0.86791575,-0.087618634;-0.8363178,-0.7018274;0.59419954,0.37753227;-1.1210198,0.86866903;1.5611441,1.41211;0.65235233,0.78411067;-0.29742253,0.44087112;2.093766,1.3814974;-0.09263712,-0.036067832;-0.47231025,-1.7443031;0.33901006,1.3913181;-0.6626855,-1.384171;-0.34725702,-0.34382284;-0.9454151,-1.8004113;-0.2745532,-1.2183965;-0.6322306,0.7133796;1.8476644,0.9731754;1.0111295,1.1329185;-0.70022887,1.2243701;0.65228504,-1.0005753;-0.59275675,-1.5164388;1.5655248,1.0130816;0.75707823,0.14280367;-1.1932975,-1.7463943;-0.94528294,-0.52659446;0.24538723,-0.37909454;-0.049511686,0.21426776;-0.4699325,0.25574958;0.38557547,-1.8633184;0.35922053,-0.05517657;0.28963628,-1.4432992;1.3088787,0.93020934;-0.34502283,0.5344361;-0.82673913,1.5631292;-0.5362934,-1.7550983;0.07673299,-0.524437;0.31899515,-1.612851;0.1855867,0.8255976;-1.1037285,-0.8281674;-1.667386,-0.6393509;-0.53627163,0.5538625;-0.64746195,-0.504865;1.1469833,0.28431875;-1.0766236,-1.3446783;0.46714413,-1.0481467;0.17749278,-0.14152779;-1.4706739,-1.5687054;-0.22383375,-0.059911024;-0.67136014,-1.5079494;-0.981596,1.0240113;1.143523,0.4684482;0.13040723,0.014340018;-0.88304013,-1.8757823;0.9849002,1.2061995;-0.084124416,0.17040701;0.33111438,1.3122234;-0.07902321,-0.30262905;-1.0640163,-1.0329367;-1.1317172,0.8064254;0.04605751,1.144429;-0.83521044,1.3591764;-0.69734555,-1.880427;-0.37230462,-1.457375;-0.361573,0.4031495;0.5850314,1.0171853;0.020218626,-1.2962111;1.1122407,1.2273228;-0.61002904,-1.2698907;-0.7518293,-0.3783574;0.25478175,-0.3645041;1.7419649,1.2679257;1.3408949,0.51434284;-0.9290314,1.0782385;-0.48307952,-1.905077;0.33455402,-1.4400647;-1.007358,-1.6130807;1.6352649,1.3256516;-0.11733671,0.9227427;0.4359767,-1.7376927;-0.78084826,0.46747887;0.6712767,0.38156357;2.0506053,1.1675332;1.4348866,0.86431444;0.52339065,-0.60728955;-0.70243806,-1.8275834;-0.06694712,-0.43784487;2.0339935,1.4247711;2.0235105,1.3260697;1.009938,-0.03380199;1.1484057,0.39923775;-1.2411406,0.3993316;-0.7659563,1.2633137;-0.6620695,-1.3806404;-0.82161564,-1.2235066;-0.9893632,0.6641478;0.5243663,1.3630162;0.049373593,0.5883221;-0.2668716,0.93609285;-0.3243734,-0.38220698;1.7489929,0.8356842;-0.8977578,1.2176588;-0.6120298,1.2236499;1.3375926,0.23394528;-0.99801373,-0.059846833;-0.8924911,-0.086528756;-0.13625745,-0.55167603;0.8250899,0.47492817;-0.39424807,1.4982144;-0.4701498,-1.5607504;-0.83502984,-0.6513184;0.52381855,-0.73646694;0.85757816,0.72611016;-1.5245478,-1.503953;-1.0052214,-0.6952891;-0.6275214,0.83652943;1.1772654,0.43881467;0.7753716,-0.1665415;0.30290094,-1.5648147;0.41063318,-1.8775669;-0.47100613,-1.0735861;-1.2265061,0.021041257;-1.347733,-0.22636391;0.8007415,-0.15418483;0.43158385,-1.6205827;-0.5409454,1.4385376;1.7123073,0.6461457;-0.26606956,-0.09491392;-0.93353283,-0.8445132;0.4172272,1.6366891;1.3588989,0.8923768;-0.89517033,-0.47479892;-0.8995892,-0.18535082;-1.3987035,-0.25096673;-0.39125654,-1.5229481;0.50611615,-0.39841136;0.8027048,0.39586186;0.24914108,-0.4783741;-0.028127175,1.0042233;-0.910477,1.3996358;0.6656879,-0.6303002;-0.047158737,-1.370619;0.19335726,-0.8504105;-0.17695925,-0.699998;-1.0746456,-0.7802756;0.4928523,-0.9065844;-0.4997475,0.5227198;2.1542852,1.3427726;-0.05430645,-0.7157292;-0.062441617,-1.2345506;-0.29560363,1.3180748;1.5223398,0.8031745;0.43545875,1.1257668;0.46195546,1.4646529;-0.90051866,-1.8354684;-0.47498935,1.4968561;1.6892072,0.6186364;-0.2547653,-0.1758458;1.6758838,1.3438807;0.3943254,-1.2184557;-0.5186583,-1.6147814;-1.3705989,-1.6745154;-0.7067768,1.1667601;-0.23663776,-0.02242238;0.43053722,-1.8467643;-1.0331092,0.7591943;1.6303228,0.62960136;0.5713077,-0.14428839;1.3123428,-0.0069416445;-1.3385339,-0.8429973;0.40990767,-1.0741924;1.2746934,0.79183626;1.2291274,0.5961851;1.9387153,1.2198204;0.55540425,-0.4565817;-0.07290566,-0.85722077;0.81303513,0.34007338;1.0528598,1.1714295;-0.3075937,-0.5172241;-1.3072208,-0.84939384;-1.0377039,-0.53616107;1.2113204,0.37924033;1.2765589,1.1044807;1.0617785,-0.032564033;0.4352197,1.5963467;1.3136581,0.69712466;1.0931579,-0.03537003;0.14655562,1.442149;1.2880979,0.8001978;-0.7418004,-1.1131907;-0.68745214,-1.2944471;0.63621557,-0.60375386;0.119809665,1.3956645;0.07261354,1.1715428;-1.7885082,-0.70903087;1.2530195,0.46524882;-0.5177458,0.43325728;0.0507592,0.93973315;-0.25114745,-0.14981483;-0.82281953,1.5306323;-0.7082825,-2.024665;-0.7698356,-1.6141449;1.3313572,0.31586072;-0.105410725,-0.26686907;0.7926716,0.95115364;-1.2796395,-1.7854818;-0.19615251,-0.22353016;-0.7178636,-1.826536;-0.7989791,-1.3425254;-1.0820372,-1.6075041;-0.0027406737,-1.4169066;0.59335744,-0.87898564;0.8729146,0.5714132;-0.0489733,0.8214772;-1.0377091,-0.7188835;1.5870911,1.3100727;0.15895234,1.0952282;-0.13556924,-1.472275;1.8375171,1.3754251;-0.9873817,-1.7188053;0.94998765,1.1272532;-0.3869238,-0.98843473;0.321111,0.11615686;1.8454387,0.82683694;-0.8187447,-0.61756957;-0.9335894,-0.49485987;1.6466893,0.803156;0.16692531,-0.5639638;-0.053413447,-1.2393323;-0.77376306,-1.1154491;-0.5589587,1.3066944;0.75956213,1.1513747;0.32466906,-1.4537387;0.7292116,0.17200324;-0.6713374,1.257377;-0.13074243,-0.5558843;0.61820376,-0.2536214;1.2534623,3.943759e-05;-1.4176471,0.41186392;-1.1162865,-0.8509141;1.9859788,1.3344148;1.2261598,0.54728115;1.4235303,0.0048278393;1.399022,1.2020137;-1.3039944,-0.19953969;-0.3194319,0.2866647;1.2419717,1.1802542;0.14850304,-0.77495253;0.79062223,1.0691288;-0.97304535,-1.0276163;0.18068144,0.03373404;-0.39286023,-0.23724349;-0.8824634,-1.7527534;-0.12510975,-0.39331967;-1.5433651,-0.15689409;2.0785599,1.2655176;-1.0418403,0.82339835;-1.1358347,0.67833674;-0.42880264,1.505156;-0.2998854,-0.3834258;0.37155434,-1.2558404;0.58362204,-0.65961945;-1.0930613,-0.49379435;2.0102208,1.282926;-0.73433447,-1.1158338;0.31784242,0.024516612;-0.5712048,1.4166552;1.4491444,0.9810113;1.1832248,0.48336425;-0.80856234,1.5479248;-1.3899349,-1.7684894;-0.7150111,-1.9134954;-0.31773362,-0.76311916;-1.0781366,-0.22045033;-1.7416892,-0.618309;-0.78891003,1.2513149;0.11252597,0.62536323;-0.8792497,0.8407473;0.6340586,-1.1610105;1.0129474,-0.029038558;1.4686472,0.99934876;0.65358603,0.042183954;-0.34419337,0.43612826;-0.52576303,-1.7136675;0.37796664,-1.7502164;-0.14094135,-0.7241301;-0.15721384,-0.36968723;1.2708586,0.8772652;1.2435315,0.4241105;-1.2485125,-1.8596722;-0.39229968,-1.6047491;0.56403345,0.95147526;-0.80227494,-1.8191018;-1.4958699,-0.3971464;-1.461161,0.29968598;-0.39854077,0.27078202;1.6311947,0.51373166;1.4497457,0.82187146;0.085453436,-0.57192594;-0.85541975,0.53914595;2.0520382,1.4126903;-1.5377969,-0.27649915;0.3749976,1.3547539;1.4841474,0.9221955;0.5408645,-1.2492772;0.044559885,1.1498387;-0.10546316,0.8261583;1.7924716,1.369524;0.3886697,-1.6333752;-1.3075708,-0.1801316;1.5316906,1.3509009;0.9121985,0.73925084;-0.46744707,0.32813367;-1.1407328,-0.17087387;-1.4635425,-0.8876256;0.5533946,0.3170532;1.188506,1.1923233;-0.025992423,-0.24715273;-0.20784006,0.8579391;-1.5361242,-0.76264113;0.015494244,-1.4340289;0.11335238,-1.008038;1.6290897,1.0264956;1.561307,0.43987507;-0.9880898,-0.5264218;0.8250227,1.0252926;-0.91515875,1.3459399;-0.36103386,0.8736631;1.7611526,1.2360506;-1.3232015,-0.17178349;-0.55950534,0.61861324;0.5052301,-0.980645;0.045075644,-0.030235842;1.7980648,0.71550494;-1.7639674,-0.6984677;0.34485784,1.551655;-0.22083487,-0.19848062;-1.189507,-1.2789874;-1.0379665,-0.4553737;0.7654889,0.9414256;-0.8063574,1.0034505;1.4894994,0.5597607;0.1613091,-0.6865514;0.36396313,0.95389074;-0.84688926,1.5402853;-0.64586085,0.41794232;-1.1838663,-1.7240586;1.5829295,1.0316176;0.23959471,-0.4405097;0.18707676,-0.9058252;0.26669848,-1.4355841;-0.09279952,-0.6336588;1.6280773,0.39681664;0.64155084,0.7935246;-1.517974,-0.09418724;0.21197252,1.1903114;-0.6917884,1.378186;2.0123272,1.4303414;-1.0809925,0.66157836;-0.3264033,0.45720744;0.6565236,0.16265972;-0.7100693,-0.26696706;1.8516792,0.6303688;-0.23762515,0.6875318;-1.0533339,-1.4539013;-1.3592209,0.24039665;0.3166469,1.4023054;-1.4098129,0.22285338;0.17355913,1.0618534;0.41453674,-1.7925116;-0.9235554,0.76214993;-0.97747564,1.295385;0.21014987,1.2971203;-0.91793686,-1.7532868;-0.6119909,0.64544517;-0.434031,1.5692405;0.15105334,0.8735447;1.9255822,1.1288352;0.5788318,0.10177386;-0.8004498,-1.4285989;-1.3956094,-1.6408749;-0.35690585,0.8726466;-1.5450374,-0.5570149;-0.3337555,0.931268;-1.2409499,-1.2085911;-1.0854726,-1.6666108;-0.9420945,1.3622811;1.5144833,0.5772602;-0.41197872,-0.613983;-1.1726933,-0.023336586;-0.034696497,0.5815359;0.69080013,0.11266081;1.2313699,1.0835314;-0.08396768,1.0447526;0.4056965,-1.7331425;-0.40001845,-1.0157019;-0.16533884,-0.66040075;-0.09973953,-1.1066926;0.12783808,1.3179784;-1.0079615,-1.0365356;0.3327207,0.0068963417;-0.5718367,1.4153347;0.61219347,1.089234;0.77647966,0.5026146;-0.67025805,-1.9926809;-1.5017562,-1.6024832;0.3582895,1.4715853;0.47052768,1.5206174;-0.84240836,0.032464854;-1.1506455,0.78830874;-0.6480159,1.246905;0.93544596,0.8606632;-0.59064376,-1.4903847;-0.4223027,-1.0514011;-1.4674667,-1.3554981;-0.7932682,1.3762074;-1.4654019,-0.34652582;-1.3729964,-0.23876007;2.0435314,1.2790619;-1.1760708,-0.0364096;-0.26651552,0.1266171;-1.3389488,0.22107516;1.680881,0.55368316;-1.7266048,-0.6893966;-1.3490436,-1.492175;-0.7967488,0.7483965;1.867464,0.9695631;-1.3586829,0.33465803;0.8546801,0.91557497;-1.2803999,-1.5452236;1.4327455,1.2148126;0.21092299,-0.07737422;1.2492398,0.5792913;0.525213,0.035339743;-1.4303254,-1.0938758;-0.37847757,-1.3822385;-0.39847416,0.9174607;-0.87529093,0.3936615;-1.6118249,-0.54592484;-1.4868516,0.1071598;-1.2559899,0.43352187;1.1481954,-0.016373228;0.43330348,1.0154786;-0.15759738,-0.008903999;-0.4431372,0.34255713;1.2710495,0.1957718;-0.16546802,-0.9355512;0.7789862,0.8833412;-1.0694157,0.79143494;-1.2876889,-0.12251372;1.1694971,0.92422205;-0.21894537,-1.0017807;2.059147,1.092031;1.7388055,1.3449202;-1.0029488,-0.5475993;-0.9577689,-0.07338518;-0.9338697,-0.056693308;0.08579938,0.9231755;-0.27044812,1.1504282;-0.8495289,-1.2176323;-1.3681523,-1.6156865;-0.3021449,-1.203743;-0.80603737,1.0782489;-0.034427814,0.61855096;-1.484203,0.14185669;-1.5301572,-0.49284878;1.6905478,1.2975998;1.3612063,1.1503266;0.14145799,-0.1671461;-0.81817144,-1.9352853;1.6252816,1.346544;-0.2511663,1.2256098;0.010006328,-0.05730476;1.5236902,0.31540766;-1.5234449,-1.5802625;-0.90992975,1.299894;2.1340714,1.4047229;1.1308023,0.82669914;-0.73593295,0.8112271;-1.1030515,-1.3346468;0.892427,-0.100162864;1.4865626,1.0167273;-0.7761616,-0.41918036;-0.2362246,-0.91964304;-1.4560516,-0.91688216;0.75425434,0.3590049;0.5330651,1.2770418;0.24016546,0.8564879;0.4446894,0.98841316;-1.0661539,-0.7456366;1.3307902,1.0238364;-1.0594643,-1.2424576;0.16841209,-0.07907681;1.2183775,1.1760888;-1.3653274,-1.474993;-0.30637845,1.2873048;0.5205524,-0.28159526;0.50149685,0.34047365;1.2899296,-0.016457208;-0.55649614,0.6923929;0.6462711,-0.9140757;-1.0589772,0.70769906;1.6760209,0.79838896;-0.42176867,1.457561;-0.69461834,-1.9646796;0.23906805,1.0252178;2.102382,1.3129148;1.9680823,1.0266831;-0.06083965,0.07447156;0.38784677,-1.7204483;-0.4398758,0.4447142;1.7158179,1.4473202;1.5613838,0.20198561;2.0952084,1.4252335;-1.534765,-0.12691431;-1.2466239,0.47298008;0.33474016,0.8607692;-0.76157504,-1.8413564;0.22145109,-0.5028014;-1.1343492,-1.0447987;0.33937064,1.244698;0.37604114,0.57067573;-0.5071851,-1.3499614;1.7081136,0.33916607;-1.266676,-1.551023;0.41180438,-0.7820051;-0.18375555,-0.6332391;-0.92465067,0.8784434;0.57879347,0.952255;-0.8892374,-0.89902186;0.32048482,0.95855564;-0.88705593,0.6441465;1.1869509,0.28050414;0.359759,0.069590755;-0.73333186,-1.2273836;0.058827445,-1.062841;0.9927943,1.2143111;0.44462413,-0.400217;0.44004095,0.53393656;-1.7594869,-0.6418497;0.3136815,0.8649247;-0.78109777,-1.694253;-0.25560457,-1.0371286;0.55879366,-0.09631623;-1.0789071,-1.3785688;0.6112798,-0.042606037;0.68276733,0.17274685;-0.3912489,0.45731485;0.70957977,1.0987852;-1.1343175,0.7657353;0.39942795,1.1292064;1.5759729,0.6886932;0.14933784,0.6963057;-1.4271518,-1.1232979;0.38920557,-1.9123999;0.4760475,1.4684652;1.8353956,0.9088907;0.5678027,0.0517392;1.6073588,0.80546546;0.5880565,-0.45259538;-0.6131532,-1.5080923;0.401123,1.4396571;1.5998007,0.5909216;-0.832004,-0.42694476;0.56133,-1.158772;-0.005839357,-1.1587027;-0.052135337,-1.1243302;1.3160484,0.22398378;1.6799353,1.2741972;-0.9162269,-1.8224496;-0.21914405,-0.6349252;0.2907717,-1.5201356;-0.7370371,1.0247809;0.7271749,1.2875347;-0.46086442,-1.7719147;-0.65981185,-0.45432743;-0.4371902,-1.0143763;-0.09044082,-0.3894568;1.2222434,0.05477217;-1.4241195,0.34881917;-0.8513447,1.4316701;-0.0022929201,0.34732723;-0.91938144,-1.5742501;-0.512448,0.2548134;-0.5775559,0.6748739;-1.0158896,-0.12308493;0.40817887,1.2329404;-0.66870046,0.82822937;0.60278445,0.96542054;-1.4787815,-1.3657333;-1.3393978,-1.5143704;0.11460414,1.2425119;-1.2816682,-0.03325252;-0.07963842,0.53976136;-0.7234852,-0.34405702;0.9058133,0.86631197;0.6077689,0.06883346;1.4535712,0.3619735;0.1098483,-0.78757524;-0.34940892,0.47067082;-0.9313089,-1.4759774;-1.4318,-1.5381044;-0.024849541,0.07946257;0.6008088,-0.26998103;-0.6031233,0.6579863;-0.30118316,0.96359503;1.8129503,0.6575249;0.4224812,0.5775317;-0.45226434,1.4682804;-1.4350764,0.2540368;2.0325408,1.5198344;0.30265048,-1.2702471;0.59344006,0.33192652;1.7031932,0.7649691;-0.7371616,1.1955051;0.1254876,0.7695599;1.2860806,0.2835895;0.6464186,-1.1985425;1.4318233,0.13104776;0.5632787,-0.5138006;-0.08017251,-0.77119434;0.14564708,1.3636804;1.8157579,0.7842131;-0.18326648,0.87906086;-0.46521863,-1.6926197;1.2169791,0.04481726;1.6799917,0.34883785;0.53627783,1.0486748;0.43560565,-0.8576063;-1.4272277,-1.4077672;-0.90262854,-0.6390235;-0.7153767,-0.29068097;-0.077626035,-0.35525537;0.055450242,0.33413574;-1.4184175,0.2980226;-1.5329903,-0.49775502;1.9672297,1.2952958;0.57184666,-0.78017664;0.7676581,0.45324403;-0.68067497,1.282126;-1.2598625,0.47520566;1.7570103,0.65679955;0.73627436,0.6172073;0.55303866,0.40593764;-1.1016114,-1.6705856;-0.483745,1.538347;1.4955735,0.051007405;-0.5935697,0.92952174;1.6923586,0.71940976;-1.7776777,-0.6511551;-0.9827674,-0.12105768;-0.9077634,-0.026617045;0.34514895,0.95996755;-1.0895616,-1.2384301;-1.1565455,0.7016107;2.0487018,1.5049595;1.2885549,0.6109391;1.633478,0.2505622;-1.0868871,0.6080107;0.5689733,-0.46427718;-1.6364537,-0.4786427;1.1266326,0.31021675;0.45857003,0.14559016;-0.2745255,0.03630276;-0.8962614,-0.42178562;1.9394267,1.302446;0.15026733,1.4940321;-1.7201204,-0.64160925;-1.6925694,-0.594536;-1.0948654,-1.3646843;-1.2316549,-0.8087234;-0.69299346,-0.37238705;-1.3257605,0.0026483508;-0.7492184,-1.8928409;-1.3016275,-0.8125967;0.18864997,0.16522668;0.9994958,1.1852732;-0.10822258,1.1342577;-0.8778501,0.48771632
p3d-kl
0.6461658477783203
p3d-iter
599
p3d
-0.91810846,-2.2077835,-1.2628067;0.10508354,-1.0016298,0.47368747;1.7732272,1.0317893,0.94379604;-1.5007199,-1.1344975,-1.1082431;0.36843884,0.057574134,-0.95652556;0.19858095,1.181529,0.23003073;-0.045301087,-0.7435295,-0.6133152;0.35057837,-0.539511,0.076809414;-0.43207383,1.2266939,-0.08991608;-0.037818737,-1.8043387,-0.9735438;-0.99260324,0.6303102,-1.1404334;-0.5730927,0.21836749,-0.59961283;0.00995423,0.71170807,-0.45221847;-0.14032789,0.5910153,1.0733178;-0.40414754,0.21608107,1.135883;-0.5540883,0.51463866,-1.1009351;-1.4194801,-1.3879406,-1.3429108;-0.23026788,0.3344055,-0.8747198;-0.13809937,0.9566913,0.0830606;-0.25060087,0.25119588,-0.45074478;0.42583376,1.3035498,0.34814206;-1.2074226,0.465974,-0.8295749;-0.20423561,-1.8448695,-0.98331267;1.3337982,0.6024325,1.4527702;-0.7340476,0.43932775,0.07580209;-0.76822656,0.55855733,1.1641558;-0.16653273,0.63800097,1.4220384;2.2377963,1.2177366,1.4797583;0.6785112,0.8706853,0.51194185;0.259242,-0.042176638,-1.0831438;-1.682304,-0.7855368,-0.83575726;-1.5889076,-0.3900404,-1.0812818;1.909093,1.2100275,0.7017968;0.22229257,1.3893434,0.9457653;0.10352851,-0.4912583,-1.065865;-1.6954052,-0.42555138,-0.4869115;0.61423814,-0.4343338,0.58919424;0.12670264,0.47243503,-0.62474316;1.4994643,0.6478515,1.3946868;-1.014733,-0.17371817,-0.83055645;-0.5572949,-2.1887326,-1.2064403;-0.21773311,0.093127444,1.1331694;0.19276823,0.1074201,0.63960195;0.014061789,0.98568547,1.0046334;-0.22155087,0.55633706,1.1120343;0.40650046,1.291858,0.3265944;-0.50896215,0.9688492,0.30531663;-0.18110242,-0.93952775,-0.70479506;1.8602352,1.3267142,1.6695482;-0.77552575,1.0181243,0.2515905;-1.3545305,0.09893696,-0.13194323;-1.4872799,0.13845955,-0.33753374;0.025408015,0.5844255,0.75058216;0.18966855,1.1420175,0.25198406;-0.49603078,0.60742193,-0.8843898;-0.4595349,-1.555114,-0.21571015;0.51772594,0.35428795,-0.23732087;1.7647809,0.9543963,1.6224647;-0.432224,0.78048563,-0.6512056;-1.1819214,0.4852331,-0.8131002;-1.1697075,-0.30842856,-0.27679858;0.52338696,-0.8459049,-0.10208416;-0.5908111,-2.2320552,-1.256094;-0.27672678,0.0460197,1.086165;-0.14614493,-1.148612,-0.7261885;-1.2265037,-1.0539722,-1.84845;0.11722575,-0.9850823,-0.48239782;1.2510262,0.24786787,1.4359795;1.1258706,0.7145462,0.37112987;0.2894922,-0.6037535,0.19623207;-1.0158285,-0.17301355,1.0011765;-0.2898114,0.56694645,0.0113478;0.10443214,0.48950043,-0.16425331;0.7555259,1.1948217,0.9898419;-0.6839608,-1.7160778,-0.7708273;-1.3433774,-1.1741422,-1.8053288;-0.5505212,0.1890998,-0.5875773;-0.8552022,0.63510543,-0.98119044;0.5473308,0.93500197,1.1645541;0.24790111,0.6425564,0.70910966;-1.4307724,-1.395359,-1.2944479;-0.7960482,-1.5487522,-1.3989761;1.0519754,0.9732726,1.5253693;-0.5187902,0.87475157,-0.28128976;-0.4811504,0.86589146,-0.38112256;-1.115679,-1.1083941,-1.3620694;-1.341192,-0.9576472,-1.2904155;0.53526014,1.0078377,1.063653;0.601762,1.1768472,0.1759345;0.121361285,0.73376006,-0.5340203;-0.3314882,-0.9626986,-1.5821816;-0.61938316,-1.6662713,-0.56254333;1.3389969,0.10059252,1.3794757;-0.24834476,-1.2548821,-0.74423194;0.8992645,0.5031659,0.061624072;-1.361883,-1.2016479,-1.7952155;0.2833311,1.2125009,0.2584832;-0.3690488,0.82951856,1.1907891;1.4262633,1.3501035,1.4416159;-0.044801425,1.1099372,-0.35571063;-0.8394529,-0.10228946,1.0493625;-1.3520931,-2.1776433,-1.3210402;0.22350323,-1.3822632,-0.14663906;-0.4347308,0.12989278,-0.80987954;-0.23358051,0.39017135,1.1343461;-0.7318788,1.049918,-0.7081569;-1.3003119,0.20485097,-0.18581648;1.6964879,0.90815943,0.81485313;0.109233625,0.31175593,-0.08861472;-0.29816905,0.8646973,1.2321455;-0.4631105,-2.142536,-1.1535172;2.3904996,1.3765984,1.5350946;0.5981787,1.1238489,0.052443996;-0.26127693,1.0273298,0.36058328;2.0222507,1.3772397,0.8349114;-0.704392,0.0048697423,-0.618565;0.7800576,0.3824604,-0.4534045;-1.4594773,-2.1732473,-1.2337638;1.8840821,1.3274243,1.0516582;-1.0723947,-0.07491327,-0.9240854;-0.76733243,1.2044889,0.2897815;-1.3820574,-2.2052798,-1.2828943;2.4111295,1.4652717,1.4079558;-0.17391314,-1.4438865,-0.8761371;1.3934878,1.201609,0.98353934;-1.0336812,0.4533472,-1.018274;-0.822923,-0.7732141,-1.644241;-0.66451675,0.2352054,-0.71926886;1.1750892,1.1257839,1.4250667;0.3473357,-0.14443034,-0.09105802;-1.1220297,-0.79312575,-0.99410963;-0.82861996,0.50178593,0.026023805;1.9125228,1.1581995,0.8373119;2.2145393,1.2584453,1.5452151;-0.06609473,0.5493618,1.2574799;0.23414288,-0.14902793,-1.1976486;0.8775446,-0.40054256,0.21953204;2.147295,1.4896092,1.4365648;-0.91887945,-1.8470496,-1.1849848;-1.3182839,-1.9949838,-1.298974;-0.7724886,-0.048970986,-0.7842822;-0.9249846,-0.19669005,-0.15726727;0.28845942,-1.6811433,-0.5087915;-0.1678475,-0.9138829,-1.5900949;2.3955505,1.5139647,1.6453508;-0.8532496,0.5295969,1.1612215;1.0078815,1.049771,1.5506573;-0.32163176,0.7885329,1.2468143;2.318602,1.3226204,1.3675518;-0.13702728,0.019197628,-0.3008796;-1.2519851,-0.4203399,0.78388923;-0.6467955,-1.2870647,-1.486446;0.5810465,-1.0274907,-0.31844693;0.8716554,-0.41410252,0.23050463;-0.93187636,0.89045805,0.0567464;0.82210827,-0.13308296,1.1748962;0.1826828,0.28329712,1.2393425;0.2181358,-1.0671306,0.24577934;1.0048728,-0.2186345,1.0150979;-0.561609,1.1126329,0.11448844;-1.69525,-0.97443163,-0.4547321;0.34775037,-0.27073112,-0.8591084;1.8167523,1.0421773,1.7704511;1.0766299,1.0163434,0.9510095;-1.1874883,-2.1295688,-1.2756094;-1.0829327,-0.73334724,-0.96903986;-1.0660403,-0.45018962,-1.145058;-0.6342768,0.50350845,1.081585;1.1258081,1.5087026,1.0635645;1.1489575,1.3716134,1.3015211;-1.119646,0.29332557,-1.190359;-1.1188157,-0.4648259,-1.0347542;-1.0797129,-0.3470074,-1.0895565;-0.090381436,-1.2891934,-0.7246026;1.8216658,0.95917785,1.7635915;-1.0094694,0.47951823,-0.9829029;-0.17111754,0.79561526,-0.51897913;-0.4142794,0.9871442,0.3214662;1.0660062,1.043838,0.95178777;-0.08107273,0.9256393,-0.41296318;-0.41496286,1.2358767,-0.09090945;-1.6007977,-0.51322013,-0.9618994;-1.6325473,-0.57389295,-0.85007143;1.472206,1.4968365,0.8019365;1.5157019,1.6043743,1.2651142;-0.26053962,-0.8917522,-1.6009467;-1.3247275,-2.0770752,-1.1447513;1.6118699,1.0424575,1.7876619;1.1676954,0.3929858,0.81739926;1.6708595,1.4423374,0.9317682;-1.2758076,-0.34640327,-0.32663214;-0.8927353,0.6566793,-1.061582;-0.081357405,-0.63705504,-0.4656947;1.8326753,1.060853,1.6725632;-0.85372627,0.4309885,-0.021189384;-0.7835967,-0.115872316,-0.9696368;-0.28175846,0.64646214,1.1560658;0.8271159,-0.4614273,0.67974186;1.4080808,0.6860994,0.57894534;1.2317749,0.3194042,1.4643763;-1.6644844,-0.7640801,-0.8663483;-1.7131385,-0.81453377,-0.8609814;-0.27918473,1.1498109,1.0873754;0.008366443,1.0980909,1.4064596;-0.51584595,0.047971986,1.053393;-0.83667696,-2.1844127,-1.2502866;-0.04204991,-0.19434895,-1.1838678;0.6892979,0.30663377,0.6800646;1.3619293,0.29004025,1.4902939;1.333398,0.5323888,0.9355295;-0.60542,-1.3790516,-1.3727262;1.4562964,1.4278768,1.3821284;-0.005304078,-1.2338897,-0.00015934369;-0.57832396,-1.6517844,-0.47250512;2.49422,1.3215542,1.6530768;-1.2574983,0.21040611,-0.08611547;0.121871375,-0.4515135,-0.468535;0.77375764,1.3188238,0.64644647;0.03228072,-0.8219538,-0.4592004;-0.16169307,-0.88035935,-0.6861829;-0.004713174,-1.4339064,-0.19826886;-0.73092026,1.0167158,-0.7446663;1.5388879,0.86345446,0.6764699;0.22915125,1.2448974,1.0517759;0.14183183,1.2159792,1.1107454;-1.7379482,-0.9061763,-0.8295381;0.3515372,-1.559341,-0.6020698;-0.13913232,-0.5610839,-0.37387952;-0.72137934,-1.294104,-1.6311833;1.1044289,0.8925949,0.29950795;0.38434944,-1.5225594,-0.5408247;0.063721776,-0.07940612,-1.1650531;-1.3302865,-0.90311277,-1.2562895;-1.609919,-0.9470808,-0.9502468;0.2229481,-1.2589183,-0.2371014;-0.50107956,0.0684774,1.1228131;-1.3210887,-2.191898,-1.3239067;1.6405959,1.0089377,0.7871691;-0.73537344,1.144657,0.27828476;0.8819237,1.58403,1.16074;-1.5660787,-0.8964867,-0.58094114;1.4692649,0.7207194,0.5645234;-0.35543752,-0.1628238,-1.4088775;0.7683591,1.1989619,0.9057925;0.867021,1.5646235,1.1324979;-1.3328847,-1.1623639,-1.8099248;-0.37777472,-0.15467235,-1.4350637;0.7644617,0.31561154,-0.516442;0.7082541,0.62652194,-0.23889625;0.5669706,0.34503737,-0.26923504;-0.86498815,0.9884705,0.1857922;-0.70583516,0.67381114,1.1738815;-0.007534663,-0.6948794,-1.1342502;1.1179242,0.52653867,1.4807657;0.18622029,0.9559739,1.4594318;-0.8571101,-0.109510705,1.0608019;-0.9486445,0.67333096,0.07661784;1.2431715,0.7341093,0.88422495;-0.907188,-0.9067283,-1.6761494;-1.1363059,-0.9981423,-1.3521231;-0.9875952,-0.183377,1.0296711;1.2631452,0.8745927,0.7543818;0.20465092,-1.3477056,-0.16374394;-1.3643092,-0.5382975,-1.087406;-0.018824546,-0.8224117,-0.52609444;-0.109598935,-0.8427261,-0.86651593;0.04611843,-0.015021842,-1.0899398;1.1532476,0.3691649,0.8882144;1.2038685,0.34622413,1.5225009;1.4593333,0.9508451,1.7342076;0.31339294,-0.080163494,-1.0947729;0.61238015,-1.0588094,-0.36817008;-0.10254187,0.41693535,-0.041420013;-0.52526885,0.46336225,1.1313294;-0.6822441,-1.2985787,-1.526894;-1.0252057,0.5957044,-1.1678334;-0.6764678,-0.75466627,-1.7479116;0.3244511,0.96658254,1.0957239;-1.4374,-0.35240683,-0.37191924;-0.19947629,-1.1230955,-0.72704995;-0.49753928,-2.1485941,-1.1794084;0.56708026,0.098961644,-0.035878252;1.0878822,0.9095664,0.60068583;1.8173375,1.1915529,0.81833535;0.61102295,0.4088135,-0.009237283;-1.6836708,-0.3773816,-0.46425492;0.6034338,0.2647172,0.09867176;1.5905765,0.6921395,1.3988947;-0.9521463,-0.659715,-1.6081755;-1.3361382,-2.0102332,-1.2768978;-1.3446443,-1.1802943,-1.8040913;1.8200232,1.2187945,1.0807323;0.2048602,0.31713393,1.170359;0.6394694,0.9680556,0.5048894;-0.7324322,-0.46716425,-1.8391857;-1.1116078,-1.080718,-1.3767022;-0.1467183,0.36324945,-0.75806445;0.2862794,-0.05447604,-0.11086929;0.39826798,-0.21504761,0.47805774;1.7804664,0.9977576,1.784527;-1.6513778,-2.305682,-1.2125025;0.73019665,0.25375167,0.6480347;-0.48159525,0.25768545,-0.31560755;-1.2198491,-0.30449063,-0.8344494;-1.0471847,0.4983216,-1.0016754;-0.67040074,-1.4551148,-1.3846267;-0.6380365,-1.6762214,-0.6576229;-0.980034,-2.152148,-1.230589;-1.2534369,-1.9909505,-1.2652249;1.9839829,1.275674,0.86660343;-1.4348582,-1.6860362,-1.2871008;0.41393995,0.7754822,0.95124745;-0.8252327,0.13114078,-0.03818382;0.66459036,1.0394869,1.0674536;-0.5322495,0.45369807,-1.1607808;-0.82272595,-0.071929924,-0.834574;-0.9528566,0.7408202,0.08948479;-0.54609483,0.75083536,-0.2616304;-0.6299371,0.69855356,1.1369971;0.53689885,0.44557115,-0.2421988;-1.436544,-1.6221087,-1.2863836;-0.39197713,-0.9161537,-1.6178395;-0.30727792,-0.71843064,-1.63362;-0.82926494,-0.2845694,-1.4987965;0.36214918,0.72483385,0.85659593;-0.4804034,-1.5793147,-0.31502548;1.5269189,1.2241833,1.8085341;0.7287533,0.86808455,0.4826244;0.4230463,0.07734799,-0.99149406;2.4215825,1.5676097,1.6150422;-0.12120739,0.6627946,-0.66196996;-1.0577943,0.38553888,-1.0498956;0.9794109,0.46655846,-0.082295515;-1.4746652,0.21758233,-0.38820064;-0.26354906,0.379268,-0.92066133;-0.99936616,-0.27618918,-1.081889;-0.7110155,1.008867,-0.7479418;0.0010013634,-0.6854665,-0.54130846;1.9732401,1.4582065,1.2543542;0.6717651,1.3041224,1.437805;0.015249277,-1.4271194,-0.14527543;-0.22756706,0.074621774,1.0993332;-1.2246395,0.31990626,-0.553723;1.486009,1.5504513,1.2819091;0.28929707,1.1660943,1.104071;-1.4662926,-0.46726453,-1.0283145;-0.6960052,-0.61385816,-1.7860588;-0.3335449,0.7417772,0.50673354;0.17885359,0.5869276,-0.43448934;0.07708918,-0.16738233,-1.1980203;-1.0341254,-0.19837047,0.9948092;0.04297308,0.18080632,0.9158126;-0.81092453,0.29193538,0.77835;0.9906306,1.2775956,1.4651408;0.41684648,-0.10725194,-0.9350774;0.35587052,-1.5474943,-0.56748295;-1.0602142,0.53766376,-0.7779555;-0.4054635,1.2167851,-0.08298314;-0.8187551,0.03166803,0.6922129;0.4560245,-0.015290665,0.56792456;-1.0687286,-0.91286176,-1.6439061;-1.4739451,-2.1703892,-1.2473209;0.08993298,-0.50348437,-0.88341373;-0.55570734,-0.13428949,-1.1126283;1.0189232,0.3536934,1.1487346;-1.1593829,-0.8605405,-1.0285488;-0.5843605,0.44644254,1.1040981;-0.08465625,1.0032425,0.20699501;-1.7268705,-0.99097544,-0.8269731;-0.08037843,0.3339798,-0.71407896;-1.3167696,0.07148817,-0.49861076;-0.21281397,-1.7439009,-0.86069;0.99711764,0.5481784,1.3373691;-0.12793563,0.7530805,0.48697785;-1.0532267,-0.052925594,-1.0899873;0.62660396,1.3136557,1.5208347;0.16105247,0.6020265,-0.56070644;0.90753585,0.3333755,-0.061161693;-0.120565414,0.38923502,-0.06486256;-1.1408272,-0.9640198,-1.4421442;-0.5192367,-1.6131551,-0.40685913;0.52246344,-0.41721568,0.7635665;0.22725973,-1.7961934,-0.42562807;-0.8253385,0.0031005945,-0.666345;-0.78792477,0.616675,-1.006038;0.3439274,-0.05717164,-1.0715895;0.9939689,0.70404464,0.30893666;-0.763811,0.6187513,0.013820121;0.8546946,1.5725983,1.2382156;-1.2751744,0.21182005,-0.19718222;-0.47192067,-0.34516162,-1.4688668;-0.30583358,0.75158685,0.50364715;1.8008977,1.1340463,1.6181362;1.3876771,0.5669582,1.440136;-0.13826357,-1.6340586,-0.6396849;-1.1494375,0.22030959,-1.2275598;-0.7380726,0.2569213,0.8131061;-1.0687934,-0.4945661,-1.1967174;1.6300889,1.0728638,1.7881005;0.18895562,-0.44638827,-0.017276557;-0.8907094,-0.13172765,1.0651083;-0.06754915,-0.8094402,-1.0916843;0.38904133,0.7063738,1.0760897;2.3887615,1.3764591,1.3967377;1.3731992,1.197943,1.0343239;-0.342009,0.8045528,1.2929443;-0.8926871,0.010893723,-0.7055177;-0.27044988,0.46113285,-0.08210225;2.3137398,1.508662,1.7284181;2.3242452,1.3391756,1.6687045;0.7624224,-0.17678061,1.1402495;0.9972047,0.4750671,1.3251214;-0.7674885,-1.7733324,-0.9404064;0.07339535,-1.4715837,-0.3640588;-1.4626048,0.21094757,-0.37979308;-1.4998237,-0.31592503,-0.2714321;-0.428823,-1.3335989,-0.7115139;0.5338676,0.34114856,-0.25328586;0.22165819,0.15080744,0.15129262;0.45257315,-0.64825606,-0.2909272;-0.27210504,0.4681747,-0.9035358;1.8043929,1.2174373,1.122935;0.05217225,-1.5849527,-0.7509315;0.0019935607,-1.356374,0.12755144;1.4063946,0.18152048,1.4938018;-0.42070395,-1.0632302,-1.6845294;-0.3235625,-0.7871898,-1.6698362;-0.3860239,0.42293525,-0.3042662;0.5192102,1.0210844,1.0796838;0.17633471,-0.8066565,0.50034547;-1.0427821,0.6012795,-1.1646796;-0.7902719,-0.34591642,-1.539211;-0.32109234,0.62635076,1.2584833;0.6464627,1.2351613,0.8060506;-1.8089616,-1.0226378,-0.6096832;-0.8934691,-0.66913515,-1.6342404;0.07003983,-0.8205374,-0.41961694;1.0568792,0.51757777,1.3591712;0.19484407,0.34990767,1.2169384;-0.7919028,0.12292478,0.64116514;-1.0343977,-0.20629656,0.9985612;-0.9965887,-0.2738228,-0.099805914;-0.57240397,-1.5190916,-1.2995269;-0.90070385,-1.6909716,-1.3558389;0.20167191,0.30502927,1.2028835;-0.79360986,-0.078294374,1.0525173;0.22680801,-1.1216944,0.1546615;1.7387727,1.1883395,0.87877154;-0.08860762,0.13962485,-0.6433752;-1.2081519,-0.12921414,0.77674943;0.71620053,0.32566583,-0.5756742;0.99481094,1.3162311,1.4919149;-0.62765354,-0.58158153,-1.646671;-0.4211666,-0.7320685,-1.6273829;-0.93505704,-1.7717189,-1.2612511;-0.8590529,0.6461808,-1.0145999;-0.17237663,1.0402454,1.2513014;0.48553595,0.9998196,1.2603924;-0.38841802,0.8250455,0.47912025;0.32082614,-0.45216265,0.36304983;0.17326294,-1.6918517,-0.75783527;-0.098264314,0.39674377,1.2810489;-0.87730473,0.42888173,-0.008238501;-0.7046912,1.2763124,0.24955955;-0.50751185,0.33307973,-0.24615599;-1.0023936,-0.8467525,-1.6403708;-0.47894326,0.52911794,1.1632075;0.15128277,-0.52980834,-1.0357013;2.561573,1.520331,1.6890252;-0.5156508,0.7521835,-0.2543095;-1.1025367,0.46167463,0.016112313;0.48758668,-1.0834605,0.04676668;1.4540967,1.4423349,0.80575204;0.6330608,0.31322533,0.15078527;0.69406945,0.48756477,-0.31461635;-1.0421182,-0.18449588,-1.0275928;0.12337233,-1.026394,0.40622854;1.7551843,1.1064823,0.925158;-0.15055571,0.15219536,-0.5866545;1.722875,1.0789646,1.7427799;-0.8448394,0.52144444,1.159668;-1.1665505,0.49312553,-0.8808288;-1.6008033,-0.7379278,-0.7657546;-0.0290317,-1.4412194,-0.16579819;-0.041299775,0.28214985,-0.6988302;-1.021439,-0.19380613,1.018759;-0.39639705,-1.487712,-0.5637287;1.7300309,0.9554192,1.1322917;-0.031736583,0.98874336,1.1091278;1.3290472,0.8903727,0.5240889;-1.4014854,-1.2796488,-1.7435622;-0.6893405,0.5837829,1.1430173;1.0502366,0.9797173,1.5560428;1.1466478,0.70502937,1.4896538;2.1706557,1.2510244,1.5075155;-0.15584177,0.8657732,1.3364358;-0.4756117,0.8437675,-0.49575222;0.4493781,1.0739427,1.3673191;0.7733628,1.3847746,1.460765;-0.40892836,0.6472014,-0.80741066;-1.3664223,-1.2080115,-1.7924167;-0.78055453,-0.8599863,-1.6709918;1.1197213,0.42818654,1.3961163;1.1027694,1.3963307,1.1511201;0.861976,-0.22846697,0.99735576;0.7208414,0.3754617,-0.51273286;1.2761679,0.85803896,1.6769204;0.9325973,-0.24626707,0.98618054;0.8568782,-0.4353094,0.7062533;1.0658344,1.0002037,1.5328392;-1.5052313,-0.056995805,-0.009887369;-1.4826012,0.14271924,-0.25774622;-0.08793607,0.5400363,1.2258431;0.8109581,-0.4637414,0.66671187;0.5642729,-0.4599976,0.6524596;-1.6864921,-2.3220398,-1.2105347;1.1574368,0.50709796,1.5726361;0.103665486,-0.49661013,-1.1057582;0.357907,-0.34632552,0.4204352;-0.14339766,0.14399038,-0.59661746;0.35142595,-1.5567749,-0.5699324;-0.68740433,-0.056368284,-0.63188946;-1.0272876,-0.24895339,-0.36707568;1.384009,0.26499516,1.4703257;-0.10430832,0.3057993,-0.096875384;0.41699576,1.2918035,0.33657393;-1.608925,-0.43131083,-0.9956223;-0.15070125,0.12760095,-0.39516836;-0.89807945,-0.018299468,-0.71750027;-1.3319046,-0.2917504,-0.291856;-1.2574506,-0.58358055,-1.1949134;-0.7582137,0.4519413,0.04165903;-0.28491804,0.3370439,1.1615067;0.6494108,1.0678505,1.034562;0.40659213,-0.09679906,-0.060507137;-0.93846667,-0.75514483,-1.6538224;1.517948,0.97691387,1.7735533;0.6358576,-0.2985873,0.44431356;-0.8204603,0.054446436,-0.053848155;2.0276775,1.1431552,1.7437528;-1.0978073,-0.4086552,-1.1232829;0.54068005,1.1945336,1.4220195;-0.81535864,-0.1784001,0.14187497;0.18754613,0.0103654545,0.77526414;2.0017989,1.25876,1.0862358;-0.75482124,-0.3415126,-1.5175985;-0.6687332,-0.6049162,-1.8073334;1.6434519,1.4876392,0.9305468;-0.44086534,1.0245743,0.2608509;-1.0741972,0.48812762,0.025003372;-1.5268621,-0.13707352,-0.038194988;0.04204399,-1.1801798,0.19929516;0.6029797,1.1715245,0.18003143;-0.73877776,0.25087243,0.75849277;0.24642669,1.1945925,1.0688881;0.060695864,-1.4069861,-0.057007235;-0.38270867,0.44562715,-0.3295736;0.100684,0.95947844,1.4273903;1.1848273,-0.07038373,1.1502867;-0.398821,-2.0953414,-1.0364308;-1.0889724,-0.93414176,-1.6356158;2.2814562,1.2522554,1.6607381;1.1494571,0.6485406,1.4892542;1.1527525,0.36912248,0.8963605;1.2824504,1.0546913,1.6489016;-0.8291899,-1.6167655,-1.3781589;0.22175612,0.094491325,-0.92628366;1.0894661,1.5152392,0.988416;-0.6106831,1.0754693,0.20151925;0.5150142,1.2687025,0.2813859;-1.1858615,-0.32907483,0.85345674;0.044572093,0.93871063,0.29004914;-0.17145388,0.17136677,-1.0907929;-1.1222147,-0.12712716,-0.97006947;-0.25300762,0.3365043,-0.14413077;-0.9387531,-2.212014,-1.2661126;2.4406204,1.339144,1.5928222;-0.35318017,-1.5158951,-0.49352548;-0.5444108,-1.6476712,-0.57912016;0.14619832,-0.91774553,0.4684022;-0.24990116,0.56863624,-0.81981343;-0.8979515,0.505773,1.1219496;-0.21070969,0.5783496,1.2127808;-0.80723643,-1.0617597,-1.6570492;2.3401172,1.2554883,1.6365293;-1.4988658,-0.04014688,-0.009967519;0.13542867,0.1253216,0.7915021;0.2082718,-1.1567589,0.0778311;1.4158051,1.2055705,1.3042725;1.062495,0.5517062,1.3833729;0.36501932,-1.5377003,-0.55616647;-1.7017187,-0.6533552,-0.95498264;-0.7997764,-0.065498665,-0.6512482;-0.5498688,0.16922383,-0.79387397;-0.62362266,-1.081807,-1.5937167;-1.6037037,-2.279328,-1.2175359;0.09806012,-1.4818918,-0.41000846;0.23609796,0.09320936,0.39104694;-0.21246196,-1.3071852,-0.51503664;-0.34269434,-0.06068364,0.9721701;0.7691537,-0.17213094,1.1451391;1.4359888,1.244833,1.2767968;0.18297817,1.0276369,1.0372065;0.36302987,-0.034962002,-0.98608917;-1.1032778,0.50275296,-0.8311085;-0.92828196,-0.12101659,1.0201774;-0.5298246,0.5032639,-0.30472746;-0.24823117,0.2777192,-0.25540346;1.0262239,1.0745577,1.5254545;1.161891,0.46429107,1.5269578;-1.6105634,-0.3438094,-1.1693108;-0.8948654,0.58759224,-0.956065;1.0248488,0.65231544,0.4259486;-0.8380993,-0.33723137,-0.8931987;-1.1091602,-1.9062617,-1.2893538;-0.49994594,-2.1591833,-1.1500194;0.19743593,-0.019410875,-1.1856918;1.6426324,0.99890494,0.8801939;1.3742635,1.1794984,0.9781631;-0.42544878,1.2069612,-0.055970155;-0.21620122,-1.060018,-1.0508176;2.338091,1.5193093,1.7057146;-1.0392942,-2.122807,-1.232024;0.9705911,0.5543949,0.0022539631;1.4700282,1.1459502,1.1763468;-0.5460642,0.024947913,1.0714972;0.5289872,-0.40664816,0.77866614;0.26190194,-0.28379995,-0.15485616;1.9427968,1.0866902,1.7128513;-0.8252908,-0.05796614,0.9673004;-0.8291862,-1.6167736,-1.37816;1.4361688,1.116263,1.748686;0.81543034,1.2904824,0.95111644;0.14385489,-0.22754927,-1.2009044;-0.65307355,-1.2651092,-1.5396602;-1.4387691,-1.4855658,-1.2874613;0.29711214,0.6606916,0.7840468;0.9792373,1.5344073,1.0231665;-0.07597452,0.535664,0.02222493;0.32684955,-0.52128255,-0.19548687;-1.4367224,-1.7546077,-1.2854911;-0.748943,0.42009842,0.10415393;-0.83256733,0.9823887,0.24197665;1.4912279,1.7186238,1.2821878;1.5856594,0.7960534,1.0474727;-0.73468363,-0.74050796,-1.7078286;0.5525805,1.3328053,0.38945627;0.1330057,-1.6886345,-0.7795654;0.43773153,-0.7660241,-0.55021936;1.8377701,1.2299603,1.634338;-0.8415509,-1.6352917,-1.3641216;0.05082834,-0.5002,-0.7074752;-0.50333375,0.43626145,1.1819652;-0.03403382,1.0509274,-0.38767037;1.9462317,1.1718491,0.9628334;-1.6558632,-2.3077679,-1.2120506;0.88347536,0.32546714,-0.38184988;-0.15234695,0.16441496,-0.4721204;-1.3500394,-0.84837914,-1.2395991;-0.7234417,-0.9237598,-1.6778282;0.34457004,1.2561355,0.29773474;-0.083326235,-1.3527789,-0.4706334;1.6909341,0.54849875,1.205575;-0.5835583,0.9317787,0.21984045;0.8112838,0.16818924,0.63382745;0.34859592,-1.566485,-0.59137136;-0.19244044,-0.46067643,-0.34635112;-1.4561502,-0.48215422,-1.0223154;1.4996737,1.5755615,1.2988784;-0.36154413,0.8153511,0.47444704;-0.7492191,1.2368714,0.29383656;-0.8760442,0.3249877,0.7956926;-0.40373498,0.6817607,-0.37864703;1.5545262,0.9183331,0.6872799;0.73115766,0.8477907,0.45185888;-0.8853816,-2.2036364,-1.2556663;0.7760367,-0.27440107,0.33488816;0.19643848,-1.3315256,-0.2065377;2.2799482,1.4839716,1.7410797;-0.41553995,-1.6511823,-0.7067856;0.39523727,-0.00068266556,-0.99359715;0.108920164,1.3492482,0.97350025;-0.34408945,-0.28059855,-1.4100507;1.9619784,1.383487,0.7805706;0.19062935,-0.31610224,-0.4424782;-1.1129044,-0.7345344,-1.0085639;-0.40942678,-1.9086407,-1.2204031;0.93899167,0.3422595,-0.15715268;-0.44257995,-2.1196096,-1.2622372;0.6257492,-0.24029756,0.39548993;-0.9661171,-0.16013138,1.0260528;-0.28506535,-1.3209139,-0.64978075;0.0170734,-1.7686021,-0.9511177;0.84074277,-0.38436204,0.2744417;-1.1028098,-0.19729519,-1.076891;-0.010642809,-0.6525413,-0.73952127;0.105132595,-0.96336913,0.5181211;0.4374375,-0.13899347,0.54924756;2.128973,1.4456816,1.4711977;0.15914412,0.7100426,1.0020528;-1.2445589,-0.32844785,-0.31086716;-1.6539608,-0.7618754,-0.85898024;0.4455844,-0.7587082,-0.546862;-1.266659,-1.9308314,-1.2901049;0.44673195,-0.7743497,-0.46076873;-1.3541038,-1.0606542,-1.1327231;-1.2799772,-0.5124069,-1.1684252;0.11372709,-1.7287207,-0.83551824;1.6908461,0.6388475,1.2037866;-0.44403934,0.38749236,-1.0618994;-0.57795006,-1.3636354,-1.350975;0.20853543,0.101995066,-0.05976189;0.1728071,1.2029295,1.0409578;0.9803303,1.349007,1.0134506;0.26810554,-0.61165434,0.33633348;-0.9104792,-0.12097915,1.0145756;-0.84610397,-0.20011972,0.084461644;-0.49110729,0.37950203,-0.32593632;-0.9887437,0.7390503,-0.22986193;0.78404397,-0.53823787,0.4998392;-1.2471017,-0.41287026,0.7897497;0.1148545,0.1231913,0.8374561;0.2192365,-1.1467212,0.067068025;1.0273356,0.73494834,0.19118515;0.5458084,0.9245,1.086791;-0.6805401,0.026362449,-0.5843736;-1.7941227,-1.0198033,-0.7847909;0.91714823,0.49108762,-0.26265466;0.65873647,0.43168166,-0.36741856;-0.20631728,-0.7302115,-1.4984947;-0.53476375,-1.6287274,-0.4303248;0.045070138,-1.409511,0.013588432;0.780041,1.3742793,0.74618614;-1.230944,0.33728087,-0.51722336;-0.8864308,-0.19817238,-0.018608162;-1.6326298,-0.8828532,-0.42858943;0.1646719,-1.5808157,-0.4681048;-1.0448085,-1.8658241,-1.3036519;-0.9346553,-1.7518022,-1.325609;2.3905082,1.3086679,1.6084027;-0.58698386,-1.3666755,-1.3601974;0.084893115,0.25403982,-0.8314564;-0.38641348,-1.8545301,-1.2684608;1.6858605,1.1530361,0.74041706;-1.599909,-2.2734091,-1.2168436;-1.7676691,-0.64539576,-0.52271074;-0.12582399,-1.0487629,-0.7385724;1.9972284,1.4731842,1.2501187;-0.27017048,-1.9112889,-1.1010095;0.743874,1.2610533,0.47809094;-1.6852164,-0.3862166,-0.46591622;1.3351624,1.0078326,1.6744407;-0.07667834,0.8462038,0.2986024;1.1966171,0.6848445,1.4507254;0.013034207,0.70460147,0.8892428;-1.5006869,-1.2462993,-1.1311256;-0.6904821,0.5708479,-1.0672922;0.44659346,-0.886456,-0.6243603;-0.24289946,-1.0104704,-1.2448916;-1.3515769,-2.0851912,-1.287914;-0.65730715,-2.2155783,-1.2324207;-0.7561267,-1.8204718,-0.89829963;1.0347716,-0.17909278,1.0586315;0.67593944,0.3048936,0.31398842;-0.04474617,0.46165836,-0.63539326;0.19884425,-0.19495516,-1.2187934;1.2837397,0.15005681,1.359707;-0.6753887,0.5442258,-0.31056663;0.4173446,1.2400919,0.36953843;-0.37156162,-1.6160568,-0.53835493;-0.7824777,-1.6031832,-1.3769506;1.10651,1.0652372,1.0431057;-0.7515202,0.52405334,-0.6641177;2.3738413,1.4453837,1.2937728;1.8461493,1.0780735,1.7483501;-0.76375014,-0.770996,-1.7033731;-0.38138357,-0.95132273,-1.6787713;-0.3459318,-0.9175205,-1.6840432;0.39477605,-0.29726762,0.42943156;0.48918942,-0.86998785,-0.081543356;-1.5139837,-0.42833707,-0.2941353;-1.662654,-0.6834497,-0.74373853;-0.699266,0.8782282,-0.8343515;0.026750453,-1.3055129,-0.57262695;0.2310395,0.068369165,-0.04489091;-0.63048416,-2.2241206,-1.2328029;-1.2234809,-1.9406726,-1.2487516;1.7489915,1.1028847,1.7912198;1.2546754,1.1496061,1.5615407;-0.12671338,0.9562126,0.12250869;-0.8477689,-0.17621885,-0.9722016;1.6145738,1.0661935,1.8062457;0.47221112,-0.91433954,0.05148768;-0.07322005,0.93486357,-0.42140606;1.3819933,0.7704547,0.7834221;-1.8255141,-1.0340765,-0.7190879;0.14500311,-1.6687663,-0.81466264;2.5101943,1.5823574,1.6841788;1.1075262,0.9277131,0.88433814;-0.07111967,-1.0070881,-0.58319235;-1.177931,-0.883974,-1.0507638;0.569695,-0.12355058,1.1314116;1.4623727,1.2628851,1.3001894;-0.4913963,-0.35051745,-1.5281094;-0.7104677,0.41461858,-0.6116517;-1.4413831,-1.4531531,-1.2842543;0.40403777,0.9693489,1.1000329;0.5528892,0.15367854,-0.10700658;0.52193356,-0.19491561,0.8226509;0.71837515,0.35646674,0.3654949;-0.9797693,-0.8287966,-1.6557176;1.1476898,1.3664439,1.3624704;-1.1287348,-0.95751077,-1.0970469;-0.06347053,0.8823042,0.20026022;1.0270139,1.5002183,0.9789102;-1.7815901,-0.7044848,-0.5244554;0.4920194,-1.0963494,-0.021656474;-0.027725955,1.1545749,1.4050083;0.25893804,0.635891,0.5870463;1.2661365,0.86612207,0.45476493;0.08087799,-0.5047177,-0.615728;-0.21384038,0.17753449,1.1649278;-0.36642462,-1.5898609,-0.6774684;1.6918429,1.4276786,0.94693685;0.17679238,-0.8694376,0.43454435;-0.7262755,0.0036524134,-0.63782275;0.6909209,-0.073352374,0.49898967;2.4711738,1.458451,1.6079482;2.1871686,1.3189642,1.2193748;0.04847607,0.68373495,-0.5250806;-0.91071624,-0.12277961,1.0158567;0.21235983,-0.24271573,-1.0437229;1.7940359,0.93072927,1.6669048;1.4579225,0.7155907,0.6081455;2.4247642,1.5779139,1.6615318;-0.9153824,-2.2119672,-1.26343;-0.73227835,-1.8143958,-0.85824305;0.6992406,0.2043481,0.6380234;-0.78775907,-0.22822084,-0.69279546;-0.41198048,0.88880986,0.4176084;-1.1038467,-1.0921555,-1.3514298;0.8726607,0.32478786,0.030292546;0.29475185,0.41867396,0.17560036;-1.3013575,0.12496152,0.48786113;1.7363664,0.8199506,0.6687023;-1.6756724,-0.36017552,-0.45456386;-0.5194459,0.86119777,1.1934769;-0.514154,0.32075787,-0.2897434;-0.18856876,-1.431203,-0.8658659;1.0268303,0.6969157,0.42379513;-1.3043915,-0.024858477,0.59033924;0.7649667,0.078190066,0.62841415;-0.20993963,-1.2497834,-0.95333546;1.0935998,0.35493347,1.173623;0.1817987,0.11738511,0.9586194;-1.4159992,-0.061835054,-0.1753697;-0.90689224,0.9199144,0.11709579;0.6391895,1.3219757,1.5223501;-0.23360188,1.0560752,1.0144019;0.35922915,0.55621564,0.3794446;-1.6400628,-2.2996824,-1.2132764;0.6588405,0.16745669,0.58842355;-0.9997613,-0.23634237,-0.56775326;-0.61259294,0.6811229,-0.8124865;0.05083255,0.94784635,1.1195017;-1.1528795,-0.8494257,-1.0216441;0.03332837,0.9241608,0.99930906;0.16869947,1.3093812,0.9683886;0.30551326,-0.13086674,-1.0259527;0.7420602,1.1980114,0.3139905;-0.53235126,-1.625139,-0.43610066;0.501281,0.4599252,0.20668164;1.1236901,1.5615233,0.9364433;0.29333746,0.044229485,0.5072387;-1.5011687,-1.2310063,-1.1216326;-1.0750302,-0.22078004,0.96140784;0.6674359,0.4673212,-0.32653052;1.9596348,1.4083909,1.1687925;0.09855729,0.70821404,1.0188159;1.1674283,1.542501,1.0036929;-0.12647945,0.82231504,1.3532778;-1.2374401,0.28351668,-0.52829224;0.90361243,0.6061134,-0.22789481;1.7091469,0.8739178,1.1303959;-0.552584,-0.45775113,-1.5754443;-0.51248986,0.06940788,1.1208833;-0.9963232,0.7193427,0.07213389;-0.9934185,0.7704198,-0.097760834;1.3659402,0.16981319,1.4417391;1.7349598,1.1245428,1.8320255;-1.0757712,-0.21165636,-1.0472497;-0.5091621,0.20538187,-0.4072827;-0.82789594,0.18613133,0.71497494;-0.07766762,-1.2344515,-0.26709098;0.55500865,1.1055267,-0.05825918;-1.0660019,0.37343958,-1.0820472;-0.4858953,-0.14977638,-1.2045362;-0.8772866,-0.24567702,-0.0030913097;-0.20997413,0.41586816,-0.10944579;1.1618282,-0.034308642,1.2034733;-0.43913072,-2.1158164,-1.1123961;0.25586203,-1.6853296,-0.5435088;0.14181753,0.39417404,-0.10931921;-0.87146807,-0.41967925,-1.0057976;0.014656826,-0.24691942,-1.1967071;0.047198128,-0.5580476,-0.6692934;-0.4805635,-1.0607911,-1.6693456;0.8016449,0.5030631,0.08556299;0.019757813,-0.8877271,-0.4638822;1.0228837,0.75571036,0.41591367;-1.6513319,-0.9236903,-0.44058955;-1.7491175,-0.6147276,-0.5208685;0.6869361,-0.48748538,0.5280282;-0.6709399,-1.6437578,-1.3794733;0.132973,0.05851371,-0.18876074;-0.39168742,-0.27858058,-1.3862153;0.8027967,1.3589271,0.7401241;0.17068411,0.8375673,1.0359269;1.2884063,0.8837388,0.7842001;-0.6419134,1.1152761,0.09936599;0.38743395,-0.042900417,-1.0158542;-0.79909486,-0.5328426,-1.0195701;-1.6088725,-0.9870451,-0.96508527;0.05040506,0.76304555,-0.46073636;0.047306906,0.9650978,1.3812099;0.0031892445,-0.6301797,-0.7159664;0.46395695,-0.7446741,-0.34064803;1.9640766,1.219204,0.8715321;0.38195667,0.5221344,0.2872187;0.14435859,-0.9548736,0.4193897;-0.4926595,-2.132702,-1.1775517;2.2561913,1.631406,1.7389033;-0.64581364,0.43326065,0.8555293;0.33375248,0.71663225,0.89795065;1.742851,1.4570242,0.80187875;-0.006374269,-1.4543418,-0.23350535;0.32913506,-0.07195007,0.48347127;1.2876678,0.26713592,1.4250683;-0.32956946,-0.13473067,0.8939822;1.2287174,0.47118348,0.97335076;-0.17563517,0.81157804,1.3446662;-0.55048865,0.7351005,-0.29928517;0.82415193,-0.48443562,0.572382;1.9020572,1.4501011,0.93114024;0.3116294,-0.49662018,-0.10279948;-1.0310452,0.4545062,-0.9901103;1.1543678,-0.03715333,1.1952742;1.6704553,0.8383901,0.6856879;0.8762806,0.63195455,0.21487759;-0.5106575,0.74006724,1.1596022;-1.560318,-0.8749151,-0.60825634;-0.7573126,-0.42168912,-1.8215824;-0.35313725,-0.29195058,-1.3802506;-0.18142849,0.41304725,-0.08539923;0.1737897,0.50652504,0.08808916;-0.4500774,-2.1268249,-1.1647142;-1.2282959,-1.9444541,-1.2465572;2.2355406,1.2298255,1.6050327;-0.2723975,0.49968213,1.1369734;0.49480107,0.9179156,1.0890796;0.08181764,-1.4106427,-0.079580955;-0.74534726,-1.8357636,-0.8670523;1.8323,1.2745072,0.7750921;0.3555258,1.4041752,0.9355089;0.3485078,0.7289863,0.6965512;-1.3041129,-0.51699555,-1.161327;0.09997819,-1.053387,0.42631584;1.2456454,0.5043555,0.60754865;0.15601039,-0.869801,-0.32874945;1.7250777,1.35571,0.8527361;-1.658067,-2.309201,-1.2122179;-0.42518598,-1.0099944,-1.738293;-0.29932213,-0.870069,-1.638214;0.7864167,0.1530496,0.6039647;-1.0646181,-1.0045435,-1.0489584;-0.5732654,-1.664573,-0.52569216;2.2842383,1.6270784,1.7226422;1.2744278,0.77336913,1.6356436;1.5006043,0.63621765,0.85491836;-0.4182973,-1.71119,-0.8042588;-0.14922339,0.84272105,1.3359737;-1.3387944,-2.1858814,-1.3134485;0.9753808,0.36853307,1.199097;0.09316118,0.56879044,0.63154703;0.004958981,0.22509107,-0.8464043;-0.60539967,-0.596334,-1.6363434;2.202725,1.1746349,1.5829132;0.8874299,-0.38870913,0.7998051;-1.5727317,-2.2609692,-1.2198718;-1.4923016,-2.2069805,-1.2129961;-1.1632901,-0.8710102,-1.0295793;-1.2556094,-1.0881306,-1.8246151;-0.42299744,-0.2330795,-1.3677309;-0.6621402,-1.7741542,-1.3720486;-0.784918,-0.15770593,-0.76068574;-1.3606576,-1.20155,-1.7958629;0.15746708,1.1568304,0.21500517;0.64860386,1.318646,1.5032017;0.19545847,-0.66157603,0.45524648;-0.24007086,-1.0856814,-1.1022134
