data_set
babi-q1
num_classes
6
data_points
1000
model
saved_models/babi-q1-e0164.ckpt
color_schema
#4E79A7,#F28E2B,#E15759,#76B7B2,#59A14F,#EDC948,#B07AA1,#FF9DA7,#9C755F,#BAB0AC
test_accuracy
0.896
test_loss
0.37636535048484804
train_accuracy
0.961375
train_loss
0.10668323799595236
val_accuracy
0.925
val_loss
0.2839861243665218
labels
12,9,15,12,15,12,11,12,17,17,15,11,17,10,10,15,11,15,17,15,12,17,17,12,10,10,10,15,15,15,12,17,15,15,9,17,9,11,15,10,9,11,9,12,11,15,12,9,17,10,10,17,11,11,15,10,15,12,11,12,12,17,9,11,11,15,15,9,17,17,11,12,11,10,9,15,15,15,12,17,11,9,10,11,17,11,11,12,15,15,9,9,12,9,9,15,15,15,10,10,10,9,17,11,11,12,10,9,17,10,9,9,15,12,15,11,17,15,9,17,10,9,10,12,10,17,11,11,11,9,11,12,9,11,15,9,17,15,9,9,17,12,12,17,10,15,15,15,15,15,11,11,9,17,10,9,11,10,17,12,10,10,10,11,9,11,11,11,15,10,17,17,11,9,9,17,15,10,17,17,12,12,12,12,10,9,17,11,15,17,12,15,11,12,12,11,17,15,9,10,12,17,17,10,12,9,15,12,9,12,9,10,12,10,9,10,9,12,12,9,9,12,15,12,10,17,12,11,9,9,17,11,12,17,12,10,10,10,10,17,12,15,11,11,15,15,11,11,11,11,10,17,9,9,10,10,17,17,15,11,11,17,12,17,17,9,11,10,9,10,15,17,17,15,9,17,15,12,17,9,9,11,17,17,11,17,9,17,11,9,15,15,10,15,15,11,11,12,12,9,9,9,9,17,12,11,9,17,17,15,11,11,17,10,11,17,10,17,17,11,11,15,15,11,11,9,10,11,11,10,15,17,15,10,10,17,12,17,12,12,12,11,17,15,11,17,12,12,15,15,10,11,11,10,10,9,17,12,11,12,11,9,11,11,11,11,11,12,12,12,12,12,11,11,17,10,15,9,9,10,9,10,10,17,17,15,17,17,17,15,15,12,9,10,17,17,10,17,9,11,10,11,10,15,17,15,12,10,11,15,10,11,9,12,17,10,10,15,12,9,12,12,9,12,10,15,15,17,10,10,17,15,15,15,17,11,15,9,10,11,10,12,9,11,10,11,10,12,11,15,15,15,15,11,9,15,10,12,11,12,9,11,10,17,11,11,10,10,10,17,12,17,17,9,15,11,9,15,11,9,10,10,12,12,11,10,9,12,10,9,15,10,10,11,11,15,15,10,12,12,15,11,9,12,9,15,10,17,17,10,10,17,10,10,17,9,9,10,12,11,17,17,12,12,11,12,17,11,11,12,11,11,11,17,9,11,10,12,12,10,11,17,12,12,15,11,15,15,12,10,10,9,17,10,15,12,15,10,10,10,11,10,11,15,10,9,9,15,10,10,10,10,15,15,17,9,10,12,10,10,12,12,11,15,10,10,11,12,10,10,17,12,17,11,9,9,17,17,11,10,10,10,15,15,17,11,15,12,11,10,15,17,9,11,9,17,15,12,15,17,11,17,17,15,9,10,9,9,10,10,9,10,10,15,11,11,11,15,12,9,11,11,10,17,11,11,12,17,15,15,9,11,15,15,11,9,15,15,11,15,15,15,11,10,10,9,17,17,17,17,10,10,17,9,15,9,17,12,12,12,15,15,15,17,9,11,9,17,9,12,11,9,9,17,11,11,11,10,15,10,12,12,9,9,17,12,12,9,17,12,11,11,15,15,12,11,12,17,12,17,11,12,11,17,17,11,17,9,11,9,10,10,12,17,10,12,9,9,9,15,11,11,15,17,9,10,9,12,17,15,17,17,12,10,12,11,11,17,15,9,17,10,9,11,12,15,9,15,12,10,9,10,17,17,15,15,9,9,9,17,10,17,17,9,12,17,17,12,12,11,11,11,11,17,11,17,17,17,17,17,12,9,17,10,17,11,10,10,12,12,11,11,17,12,12,17,17,15,11,17,11,11,9,12,9,17,9,10,9,15,11,9,11,15,10,9,9,9,17,12,11,11,17,15,15,10,10,11,11,17,10,12,9,10,10,10,10,10,15,17,9,11,17,15,12,11,10,10,15,12,10,11,12,12,11,11,11,15,12,17,10,12,17,17,12,10,10,12,17,10,11,17,11,12,17,17,11,12,11,17,9,9,11,17,11,11,15,15,17,17,10,10,17,12,11,15,12,11,11,10,9,12,12,15,10,9,17,15,17,9,17,17,10,17,15,12,12,11,10,10,10,17,17,15,12,17,9,9,15,10,12,15,15,15,17,17,15,11,15,10,12,9,9,10,11,11,9,9,12,15,9,15,9,12,12,10,17,17,10,12,15,9,10,17,11,11,11,17,9,9,11,15,11,11,11,15,12,17,9,10
pred_labels
12,9,15,12,15,12,11,12,17,17,15,11,17,10,10,15,11,15,15,12,12,17,17,12,10,10,10,15,15,15,12,17,15,15,9,17,9,11,15,11,9,11,11,12,11,15,12,9,17,10,10,17,11,12,15,10,15,12,12,12,12,17,9,11,11,15,15,9,17,15,11,12,11,10,9,15,11,15,12,17,11,9,10,15,17,11,11,12,15,15,9,9,12,9,9,15,15,15,10,10,10,9,17,11,11,12,10,9,17,10,9,17,15,12,15,11,17,15,15,17,10,9,9,12,10,17,11,11,11,9,11,10,9,11,15,9,17,15,9,9,17,12,17,17,10,15,15,15,15,11,11,11,9,17,10,9,11,10,17,12,10,10,10,11,9,11,11,11,15,10,17,17,11,9,9,17,15,10,17,17,12,12,12,12,10,9,17,11,15,17,12,15,11,12,11,11,17,11,9,10,12,17,12,10,12,9,15,12,9,9,9,10,12,10,11,10,9,12,12,11,9,12,15,15,10,17,17,11,9,11,17,11,12,17,17,10,10,12,10,17,12,15,11,15,15,15,11,11,17,11,10,17,9,9,10,10,17,17,15,11,11,17,12,17,17,9,11,10,9,10,15,17,17,15,15,17,15,12,17,9,9,11,17,12,11,17,9,9,11,9,15,15,10,15,15,11,11,12,12,9,9,11,15,17,17,11,9,17,9,15,11,11,17,10,12,17,10,17,15,11,11,15,15,11,17,9,10,11,15,10,15,17,15,10,15,17,12,11,12,11,12,11,17,15,11,17,17,12,12,15,10,11,11,10,10,9,17,12,11,12,11,9,11,11,11,11,11,12,12,12,12,12,11,11,17,10,15,9,11,10,9,10,10,17,17,15,17,17,17,15,15,12,9,10,17,17,10,17,9,11,10,11,10,15,17,15,15,12,11,15,10,11,9,12,17,10,10,15,12,9,12,12,9,12,10,15,15,17,10,10,17,15,15,15,17,11,15,9,11,15,10,12,9,11,10,11,10,12,11,15,15,15,15,11,9,15,10,12,11,12,9,11,10,17,11,11,10,10,10,17,12,17,17,9,15,11,9,15,11,9,10,10,12,12,11,10,9,12,10,9,15,10,10,11,10,15,15,10,12,17,15,11,9,12,9,15,10,17,17,10,10,17,10,17,12,9,9,10,12,11,17,17,12,12,11,12,17,11,15,12,11,11,11,12,9,11,10,12,12,10,11,17,12,12,15,11,15,15,12,10,10,9,17,10,15,12,15,10,10,9,11,10,11,15,10,9,9,15,10,15,10,10,15,15,17,9,10,12,10,9,12,17,11,15,10,10,11,12,10,10,17,12,17,11,9,9,17,17,12,10,10,10,15,15,17,11,15,12,12,10,15,15,11,11,9,17,15,12,11,17,11,17,17,15,9,10,9,11,10,10,9,10,10,15,11,11,11,15,17,9,11,11,10,17,11,11,12,17,15,11,9,11,15,15,11,9,15,15,11,15,15,12,11,10,10,9,17,17,17,15,10,10,17,11,15,9,17,12,11,10,15,15,15,17,9,11,9,17,9,12,11,9,11,17,11,11,11,12,15,10,12,12,9,9,17,12,12,9,12,12,11,11,15,15,12,11,12,17,15,17,11,12,10,17,17,11,12,9,11,9,10,10,12,17,12,12,9,9,9,15,11,11,15,17,9,10,9,12,17,15,17,17,12,10,10,11,11,17,11,9,17,10,9,11,12,15,9,15,12,10,9,10,17,17,11,15,9,9,9,17,10,17,17,9,12,17,17,12,12,11,11,11,9,17,11,17,17,9,17,17,12,9,17,10,17,11,10,10,12,17,11,11,15,12,12,17,17,15,11,17,11,11,9,12,15,17,9,10,9,15,11,9,11,15,10,9,9,9,17,17,11,11,17,15,15,10,10,11,11,15,10,12,9,10,10,10,10,10,15,17,9,11,17,15,12,11,10,15,15,12,10,11,12,12,12,11,11,15,15,17,10,12,17,15,12,10,10,12,12,12,11,17,11,12,17,17,11,12,11,17,9,17,11,15,11,11,15,15,12,17,10,10,17,10,11,15,12,11,11,10,9,12,12,15,10,9,17,15,17,9,17,17,10,17,15,12,12,11,10,10,10,17,17,15,12,17,9,9,15,10,12,15,15,15,17,17,15,11,15,10,12,9,9,10,11,11,9,9,12,17,9,15,9,12,9,10,17,9,10,12,15,9,10,17,11,11,11,17,9,9,11,15,11,17,11,15,12,17,9,11
pred_correctness
True,True,True,True,True,True,True,True,True,True,True,True,True,True,True,True,True,True,False,False,True,True,True,True,True,True,True,True,True,True,True,True,True,True,True,True,True,True,True,False,True,True,False,True,True,True,True,True,True,True,True,True,True,False,True,True,True,True,False,True,True,True,True,True,True,True,True,True,True,False,True,True,True,True,True,True,False,True,True,True,True,True,True,False,True,True,True,True,True,True,True,True,True,True,True,True,True,True,True,True,True,True,True,True,True,True,True,True,True,True,True,False,True,True,True,True,True,True,False,True,True,True,False,True,True,True,True,True,True,True,True,False,True,True,True,True,True,True,True,True,True,True,False,True,True,True,True,True,True,False,True,True,True,True,True,True,True,True,True,True,True,True,True,True,True,True,True,True,True,True,True,True,True,True,True,True,True,True,True,True,True,True,True,True,True,True,True,True,True,True,True,True,True,True,False,True,True,False,True,True,True,True,False,True,True,True,True,True,True,False,True,True,True,True,False,True,True,True,True,False,True,True,True,False,True,True,False,True,True,False,True,True,True,True,False,True,True,False,True,True,True,True,True,False,True,True,True,True,False,True,True,True,True,True,True,True,True,True,True,True,True,True,True,True,True,True,True,True,True,True,True,True,True,True,False,True,True,True,True,True,True,True,True,False,True,True,True,False,True,True,True,True,True,True,True,True,True,True,True,True,True,False,False,True,False,True,True,True,False,True,True,True,True,True,False,True,True,True,False,True,True,True,True,True,False,True,True,True,False,True,True,True,True,True,False,True,True,False,True,False,True,True,True,True,True,True,False,True,False,True,True,True,True,True,True,True,True,True,True,True,True,True,True,True,True,True,True,True,True,True,True,True,True,True,True,True,True,True,False,True,True,True,True,True,True,True,True,True,True,True,True,True,True,True,True,True,True,True,True,True,True,True,True,True,True,True,False,False,True,True,True,True,True,True,True,True,True,True,True,True,True,True,True,True,True,True,True,True,True,True,True,True,True,True,True,True,True,True,False,False,True,True,True,True,True,True,True,True,True,True,True,True,True,True,True,True,True,True,True,True,True,True,True,True,True,True,True,True,True,True,True,True,True,True,True,True,True,True,True,True,True,True,True,True,True,True,True,True,True,True,True,True,True,True,False,True,True,True,True,False,True,True,True,True,True,True,True,True,True,True,True,True,True,False,False,True,True,True,True,True,True,True,True,True,True,True,True,True,False,True,True,True,True,False,True,True,True,True,True,True,True,True,True,True,True,True,True,True,True,True,True,True,True,True,True,True,True,True,True,False,True,True,True,True,True,True,True,True,True,False,True,True,True,True,True,True,True,True,True,False,True,False,True,True,True,True,True,True,True,True,True,True,True,True,True,True,True,True,False,True,True,True,True,True,True,True,True,True,False,True,True,False,False,True,True,True,True,True,False,True,True,True,True,True,True,True,True,False,True,True,True,True,True,True,True,True,True,True,False,True,True,True,True,True,True,True,True,True,True,False,True,True,True,True,True,True,True,True,True,True,True,False,True,True,True,True,True,True,True,False,True,True,True,False,True,True,True,True,False,False,True,True,True,True,True,True,True,True,True,True,True,True,False,True,True,True,True,False,True,True,True,True,True,True,True,True,True,True,False,True,True,True,True,True,True,True,True,True,False,True,True,True,False,True,True,True,False,True,True,True,True,True,True,True,False,True,True,True,True,True,True,True,True,True,True,True,True,True,True,True,True,True,True,True,False,True,True,True,False,True,True,True,True,True,True,True,True,True,True,True,True,True,True,True,False,True,True,True,True,True,True,True,True,True,True,True,True,True,True,True,True,True,False,True,True,True,True,False,True,True,True,True,True,True,True,True,True,True,True,False,True,True,False,True,True,True,True,True,True,True,True,True,True,True,False,True,True,True,True,True,True,True,True,True,True,True,True,True,True,False,True,True,True,True,True,True,True,True,True,False,True,True,True,True,True,True,True,True,True,True,True,True,True,True,True,True,True,False,True,True,True,True,True,True,False,True,True,True,False,True,True,True,True,False,True,True,True,True,False,False,True,True,True,True,True,True,True,True,True,True,True,False,True,False,True,True,True,True,False,True,True,True,True,False,True,True,True,True,True,True,True,True,True,True,True,True,True,True,True,True,True,True,True,True,True,True,True,True,True,True,True,True,True,True,True,True,True,True,True,True,True,True,True,True,True,True,True,True,True,True,True,True,True,True,True,True,True,True,True,False,True,True,True,True,False,True,True,False,True,True,True,True,True,True,True,True,True,True,True,True,True,True,True,False,True,True,True,True,True,False
p2d-kl
0.5588916540145874
p2d-iter
599
p2d
1.363427,1.6325258;0.6685837,-1.3022077;1.1847938,-0.05515328;1.1589082,1.5114623;1.3542279,-0.10578479;1.2122414,1.3457907;-1.3336333,-1.1119165;0.6164816,0.8120188;0.24820542,0.5106233;0.3080949,-0.7919293;1.5204477,-0.061427634;-0.8420486,-0.7840043;0.22466049,-0.44283774;-1.3826392,0.36585844;-0.06869511,-0.8312887;1.1430944,-0.067384705;-1.3141878,-1.0023268;1.7731317,-0.007803451;0.07055747,-0.7540458;0.118563585,0.25813442;1.2084308,1.3206046;-0.23280902,1.3938633;0.36789408,1.3145863;0.27230966,-0.86915636;-0.08432999,-0.7406091;-1.5044265,0.7869925;-1.5365268,0.86845845;1.608091,0.004872469;0.25092152,0.090651155;0.3735164,-0.8356423;1.0519129,1.3781905;-0.18975897,1.5784678;1.6620908,-0.06743128;1.7901905,-0.031046765;1.3117977,-1.5207587;-0.3185589,1.3401061;0.67002916,-1.4208161;-0.6423931,-0.8008446;0.4428685,0.47743106;0.0032414615,-0.08505895;1.2841576,-1.6617879;-0.5598908,-0.8746188;-0.0910816,-0.79212385;0.24415317,0.24411605;-0.7608661,-0.6722876;0.46982953,-0.11632286;0.10267003,0.23437661;1.4219717,-1.5974135;-0.43743354,1.2387294;-1.8431472,0.036311924;-1.8388054,0.13646676;-0.122268796,1.4679928;-0.70178795,-0.77363986;0.038883295,-0.7932047;-0.023590812,-0.93345624;-1.551687,0.8726401;0.6355443,-0.035744242;0.8543271,1.0946623;0.56347144,1.2648102;0.6611082,1.3183107;1.2716873,1.5668093;-0.4009634,1.3155895;1.4551392,-1.6883256;-0.3253125,-0.8536633;0.21739468,-0.91494185;1.9247919,-0.07266299;0.21461993,-0.2652738;-0.030159805,-1.1835265;0.033658866,1.6759441;0.527756,0.51384956;-1.4132167,-1.2723998;1.0121979,1.4114352;-1.1031923,-0.8815407;-1.9141968,0.06428402;1.4207217,-1.5993497;1.898403,-0.062157948;-0.09806055,-0.49891153;1.7186562,-0.041035913;0.49079442,1.1780179;-0.223257,1.6394843;-1.5129899,-1.2241273;0.7947345,-1.5083208;-1.7016926,0.29578266;0.13030188,-0.24252838;-0.27037698,1.5218546;-1.3632642,-1.2402378;-1.1918625,-1.1091949;1.2651712,1.5847551;1.909398,-0.10479826;1.9154932,0.0019426045;1.3423327,-1.6039852;0.9550965,-1.5254177;0.59916675,0.8873261;0.72630185,-1.4458641;0.1426845,-1.2536899;1.0946491,-0.02447009;0.601853,0.037887946;1.2321281,-0.030517858;-1.4223629,0.37078503;-2.0052865,-0.16895624;-1.7002727,0.37317732;0.7003605,-1.5109154;0.2903693,1.6300547;-0.5579064,-0.7973732;0.04769813,-0.88652897;1.0570164,1.1629384;-1.870804,-0.0044951225;0.12917493,-1.277543;0.28249148,1.587277;-1.8007822,0.2207749;0.9562961,-1.3203431;0.3838599,-0.85415894;1.732124,-0.0003295061;0.90346974,1.2957697;0.43617755,0.077311106;-0.77006054,-0.83218116;0.1622418,0.52103853;0.505611,0.094474524;0.11871453,-1.1787834;-0.33985323,0.98344135;-1.7906663,0.15461837;1.2372428,-1.5749454;0.1269388,-1.3261148;0.5431592,1.3223443;-1.4986992,0.83007246;-0.126944,1.5757236;-1.1354283,-0.9230656;-0.0071394346,-0.407189;-1.5124235,-1.1425006;0.81020975,-1.3120403;-1.4177176,-1.2966065;-0.18618064,0.13571988;0.58788234,-1.3446811;-0.41502672,-0.74302554;-0.015932648,-0.6632207;1.4127624,-1.6767198;0.42693752,1.7294996;1.7010869,-0.1280137;1.0359569,-1.4080294;0.33784202,-1.0904616;-0.36614653,1.1677536;0.91780317,1.4102793;-0.25209218,0.4932471;0.50450504,1.5548189;-1.9841473,-0.03967436;1.7525061,-0.09734632;0.5544135,0.042846218;1.3688529,0.024734974;1.2917712,-0.09903305;0.22205792,-0.036558963;-1.1622437,-0.9496461;-0.9583836,-0.9276749;0.33181512,-1.1134117;0.35705876,1.7558546;-1.824535,0.028710457;0.8682086,-1.4924023;-0.23291081,-0.7682122;-1.3422309,0.6539253;-0.38874742,1.042373;0.5707034,0.79326767;-1.4685706,0.88009375;-0.13769421,0.12779172;-1.873792,0.041374538;-0.88687706,-0.82774574;0.41452616,-1.137606;-1.4388139,-1.170642;0.39061773,0.21034327;0.041532878,-0.32616395;0.6493415,0.036468007;-1.7608473,0.12634313;-0.22993873,1.4572034;-0.028546166,0.5095399;0.4058771,0.20162505;0.9351086,-1.4969276;0.5826636,-1.198694;-0.16456553,1.4889991;1.4989938,-0.13214047;-1.5372077,0.614221;-0.32679346,1.1570699;0.114168845,0.6248359;1.0649871,1.1786894;0.08796133,0.4226365;1.0665745,1.1118544;1.0303662,1.1737022;-1.6254827,0.27695882;1.3719351,-1.657116;0.46816015,1.8207501;-0.54278916,-0.8835914;1.23845,-0.12112027;0.46375126,1.763615;1.1821808,1.3018187;1.7915602,-0.120399944;-1.5132103,-1.0684032;1.1764021,1.5140319;-0.14637122,-0.32810232;-1.6353146,-1.3049797;-0.4197345,0.0837301;-0.13757153,-0.553246;0.72231954,-1.2759261;-1.9151461,0.046896618;0.9867842,1.3171054;-0.4387059,1.1648635;0.21873921,0.39874268;-1.9425601,-0.079112105;0.51496494,0.85424757;1.2983625,-1.6214824;0.736961,0.012149554;1.3761597,1.6373394;0.48861015,-1.280846;0.53884006,-0.9978207;0.77414405,-1.4711812;-2.010512,-0.04730038;0.62981236,1.1476672;-1.3902196,0.5564364;-0.09828898,-0.7895428;-1.4758335,0.40571052;0.9358125,-1.402532;1.0459602,1.2722075;1.2157191,1.5429534;0.31492278,-0.93286717;0.5226599,-1.4433594;0.29116824,0.4888591;1.7301936,-0.13472931;0.30417344,0.04834152;-1.6958541,0.25072303;-0.39508966,1.1940539;0.00017443585,0.4438722;-1.0970112,-0.9560699;0.8015216,-1.3925749;0.57247037,-1.1228777;-0.33761773,1.4024224;-0.24100034,-0.81895626;1.1636447,1.5370942;-0.05124626,1.362125;0.07168029,0.55211765;-1.7493237,0.23875606;-1.3123918,0.69158185;-0.0326821,-1.2030523;-1.7805371,0.07851979;0.025242165,-0.48839787;0.8303183,1.0609509;1.8336331,-0.11224816;-1.5396497,-1.062642;-0.050747473,-0.5911362;1.1245582,-0.07088133;1.7799045,-0.06155684;-1.2458893,-1.0973687;-0.747447,-0.573551;-0.20494856,0.47773236;-0.751778,-0.6400126;-1.9039664,0.12353759;-0.11658889,0.19940503;0.88177645,-1.4410014;0.087467276,-1.2840775;-1.6621573,0.42054263;-1.767539,0.26879153;-0.12983873,1.4467012;0.2229381,1.3679678;0.45453036,-0.16038089;-1.5195086,-1.2008648;-1.6307951,-1.3504694;-0.44444352,1.006394;0.91242266,1.1610101;-0.39616325,1.1461066;0.21354817,1.3611665;0.8240827,-1.4876894;-0.8657784,-0.83988386;-1.5261779,0.9173169;0.6401522,-1.2825418;-2.0505989,-0.07899339;1.7976459,-0.06215765;0.1884293,1.489273;0.12802103,0.23608881;1.9188812,0.014459297;0.044412248,-0.28743935;0.118651785,1.4787252;0.09807813,-0.3035984;1.315085,1.5355284;0.53364694,1.7696873;0.4547432,-1.4405874;1.2743795,-1.6645074;-0.6257571,-0.8390941;-0.45436233,0.9346013;0.25736392,0.6274772;-1.4549793,-1.0774993;-0.32242215,1.3587313;0.40083602,-1.3402913;-0.011468233,-1.3599567;-1.1581262,-0.88299555;0.66961646,-1.4736099;1.9314488,-0.09396138;0.22850592,0.09990521;-1.8327467,0.18297201;1.5876886,-0.025969477;1.7595264,-0.15042727;-0.90191543,-0.8725141;-0.1745081,-0.63459057;0.15303251,0.44886315;1.0027441,1.3406878;0.6223137,-1.428536;1.4371489,-1.6466289;-0.14811985,-0.8669094;0.004823077,-0.7006943;-0.3570361,1.2409905;0.36417404,1.1483893;-0.6398433,-0.8839137;1.0582814,-1.4390985;0.34261915,1.7132082;-0.019899074,-1.1748894;1.4317455,-0.083136745;-1.1307243,-0.92603934;-0.16564402,-0.6853855;-0.21353321,0.54383254;-1.4623526,0.77486116;-0.21179268,-0.14425915;-0.27792296,1.3812183;-1.8924007,-0.02738821;-0.14702642,1.5856113;0.5440384,0.47133934;-0.7843162,-0.56080884;-1.5961716,-1.2767737;1.5616755,-0.072170116;0.09059624,-0.1391747;-1.405881,-0.9385716;-0.09620884,0.17750184;1.265601,-1.6301252;-1.5526962,0.72227305;-1.4682131,-1.4034685;0.4474867,0.14232406;-1.2643843,0.6256949;1.1763495,-0.06366208;-0.40023112,1.1852939;0.66756445,0.07963504;-1.2301466,0.63850904;-0.05686227,0.14124252;0.44774416,1.6884692;0.7811343,1.0278561;0.05849864,-0.84450775;1.0210295,1.1432185;-0.028452571,-0.86973774;1.1803483,1.3494018;-1.5895813,-1.3394959;-0.43249527,1.006762;1.6992928,-0.15288103;-1.2246115,-1.0543032;-0.2996407,1.3852584;0.39852512,1.2359841;0.88425404,1.0609277;-0.23484369,-0.18936823;1.8384608,-0.078449085;-1.5599836,0.9030898;-0.576755,-0.59922343;-1.5262476,-1.1208934;-1.7528068,0.37111998;-0.3743883,0.19245431;0.56011385,-1.4547594;-0.117232464,1.6165683;0.6545843,1.230487;-1.4363674,-1.2172022;1.0181895,1.2759086;-1.2196134,-0.85269386;0.53633773,-1.3232137;-0.47869095,-0.8333023;-0.7859161,-0.54214895;-0.36135375,-0.70135874;-1.5380807,-1.3443984;0.5436395,0.27036375;0.849992,1.0448703;1.2515569,1.5399628;0.1136078,0.30417672;0.906859,1.1289575;0.21041559,0.59741044;-0.52485037,-0.7963166;0.0032233102,-0.13060552;-0.37364596,1.216111;-1.7399807,0.17408916;1.6522375,-0.079521015;0.6913866,-1.3348473;0.11750576,-0.88062817;-1.427679,0.35893804;1.3827627,-1.6596283;-0.31404454,0.10618396;-0.08594048,-1.2283657;0.45817128,1.3249179;0.46048528,1.6333492;0.5206261,-0.09440746;-0.0562051,1.4236612;-0.4344978,1.0331448;-0.42660734,0.083932854;1.1995504,0.027612377;1.6962563,-0.0655173;0.9954401,1.2073402;0.48365876,-1.3680611;-1.9948395,-0.10329785;0.48091942,1.7618471;-0.24433205,1.4871935;-1.1658458,0.6981139;0.5438255,1.8284262;1.0065928,-1.4962457;-0.48464406,-0.8333118;-1.7595072,0.2707377;-1.6870811,-1.3225696;-1.5357294,0.7788358;1.3588835,-0.11662771;-0.12778571,1.6244981;0.25581485,-0.22124687;0.42248487,0.46688896;0.24031101,0.61320144;0.05332564,0.3336533;1.0408845,-0.011559244;-1.7383293,0.42143226;-1.2946658,-1.1707147;1.2759308,-1.5363872;0.5905371,0.7708439;-0.23276408,1.3995346;-2.0099635,0.014282806;-0.27435184,0.10827929;0.7828547,-0.0068321563;0.29780862,0.6545069;0.5463457,-1.3872913;0.30397037,0.63813746;0.45866954,0.5300154;1.1163055,-1.5410414;-0.18162374,0.38572896;-2.0502615,0.024550986;1.0026634,-0.026334725;0.38472235,0.030677434;-0.47055355,0.903061;-1.6139271,0.52485394;-0.26937014,0.14286242;0.153091,1.5819736;0.7357325,0.013525934;0.6258515,-0.057754114;-0.027781239,-0.44522572;-0.23609497,1.5934513;-1.5026468,-1.2544545;0.026803592,-0.79475427;0.36152917,-1.2974521;0.0924985,-0.81611913;-0.056005053,-0.44427785;-1.5483503,0.82329094;1.2989951,1.6190497;0.5796534,-1.0098221;-0.46589077,-0.7334663;-1.5542433,0.43532377;-0.524041,-0.76354873;-0.44712722,0.19766359;0.5898525,0.8900663;-0.56804615,-0.7032966;1.9883143,-0.12844267;1.4786174,-0.08949612;0.46945965,0.048501115;2.0054774,-0.12627725;-0.9684539,-0.918431;0.7602822,-1.486992;1.4969484,-0.067530364;-1.9587036,-0.044726603;1.3266134,1.5844755;-1.1826953,-1.0931709;1.0982546,1.3567809;0.53816456,-1.4448259;-0.24033985,-0.8337613;-1.3422556,0.38984317;-0.2656403,1.4843109;-1.3290418,-0.9156688;-1.387962,-1.1184452;-1.6128739,0.4399446;-0.17752351,-0.2667827;-1.9887267,0.012839109;-0.13396113,1.5163193;1.3088138,1.5179145;-0.0029507491,1.4748417;0.048276614,0.63984156;0.90284365,-1.1696241;1.7693472,-0.10186484;-1.1066277,-1.0506324;1.5196104,-1.658945;1.1683989,-0.08903636;-1.2014226,-0.95146644;0.68464994,-1.3607732;-1.5369022,0.80166125;-0.20339549,0.17182158;1.1491218,1.5864277;0.640585,1.6714371;-1.0185713,-0.76962405;-2.0361228,-0.013207373;1.3080951,-1.560589;0.8029821,1.0073911;-1.469518,0.92468554;0.6133801,-1.1062951;1.8792276,-0.08808169;-1.9450625,0.08289302;-1.3448374,0.5023554;-0.20612085,-0.6904856;-0.21128286,-0.31009212;0.59910536,-0.060801953;0.06132806,-0.71117526;-1.5856987,0.5422715;0.7608124,0.986635;0.2350553,0.46936908;1.3466811,-0.038105078;-0.6725269,-0.6886735;0.2651153,-1.3409443;1.3531533,1.6092379;0.91877425,-1.2784866;1.5255345,-0.08538879;-1.4185398,0.42268208;-0.4238764,0.97947466;-0.1917612,0.46591568;-1.6183251,0.288897;-1.6772217,0.39549312;-0.39916903,1.0848882;-1.4770631,0.36972797;-0.42494288,0.08108458;0.48847502,0.54872686;1.5114682,-1.6728537;0.09244469,-1.2427322;-1.3162937,0.6903972;0.62369555,0.8465526;-0.3576533,-0.87053084;-0.41152722,1.2512379;0.4895393,1.7680924;0.9395696,1.3844327;0.002869949,0.34677067;-1.4251113,-1.036098;1.1316493,1.3094766;-0.15736921,1.606253;-1.3399733,-0.89836276;0.017584346,-0.40240052;0.935647,1.1365596;-1.6642747,-1.3221406;-0.6428106,-0.60093725;-1.242494,-1.1254451;-0.37560058,-0.09686485;0.27449667,-1.3415184;-1.5516797,-1.2798209;-1.578265,0.5127683;0.86173356,1.2490463;0.15780781,0.46848395;-1.4682415,0.50281984;-1.6324403,-1.274912;0.14952746,1.457702;1.161503,1.2385021;0.94839096,1.2523232;1.2921629,-0.0127874715;-1.3448958,-1.1929271;0.3773267,-0.09685979;0.010152379,-0.7306608;1.2984481,1.5131737;-0.45522195,0.16903739;-1.5628562,0.9194761;0.45498428,-1.3480657;0.21575625,1.4448091;-1.2479173,0.6089575;1.3193358,-0.052416682;1.1071497,1.2804278;0.16750954,-0.28645077;-1.2721293,0.62546235;-0.36297247,0.15642796;0.3835245,-1.2237879;-1.1976093,-0.8623254;-1.9885916,0.053413615;-0.6346966,-0.627862;1.42149,-0.0223031;-1.5100267,0.27447933;1.2349731,-1.6161939;0.2885699,-1.2977359;0.25505444,0.0688049;-1.529615,0.31023636;0.30212986,0.42312345;-1.5172286,0.96435815;-0.10979277,0.041322842;0.03057645,-0.68665665;0.012763478,-0.501011;0.4745754,1.3441716;1.1873477,-1.5951166;-1.657796,0.48618537;1.0363548,1.4849772;-0.36469486,0.11321524;-0.020201897,-1.2528454;1.3659526,1.6026008;-0.13215958,0.26669773;-1.5191915,-1.0190594;-0.24357536,-0.58084416;-2.0030375,-0.06704331;-1.5704381,0.78906715;-0.463219,-0.81625324;0.4234938,0.6205663;-1.5184096,0.45354968;0.22105151,-0.6779541;-0.056215268,1.5486482;0.7078538,1.2498889;-0.30372247,1.3873867;-1.325194,-0.9383474;1.476212,-1.6186167;1.4922451,-1.702179;0.425148,1.7567614;-0.16723429,0.45656672;0.026611105,0.30008134;-2.0089629,0.04894287;-1.7154772,0.36547476;-1.9710943,0.040508896;0.27944434,-0.22879113;1.8306729,-0.008828571;-0.43462992,1.1914074;-1.4991738,-1.2770362;0.42650488,-0.09963265;0.92225975,1.46584;0.46953028,0.5810188;-0.2785299,-0.31123742;1.7007108,-0.03145188;0.29240182,0.10326125;0.12918621,-1.1707404;-0.11845766,-0.40909374;1.2696387,-1.5801255;0.44705123,1.7478013;0.53954214,-0.067771845;0.7111611,0.9472041;-0.19536963,-0.35755888;0.22914727,1.3900161;-1.4077079,-1.0548022;0.37743083,1.676743;-0.11838724,0.17634335;0.4143193,-0.15326364;0.81570226,-1.2552279;-0.21300097,0.075606145;0.64464813,-1.4146789;0.013477467,-1.1849732;-1.9366486,-0.015327677;-0.2724706,0.14741671;1.2349731,-1.6161939;-1.6963242,0.41942596;-2.0047774,-0.17274322;1.087995,0.03976987;-1.5706458,-1.4729807;-0.9961712,-0.9127747;-0.7147251,-0.7152206;0.71122026,0.010368217;0.13089043,0.5251262;0.7393329,-1.416885;-0.6353084,-0.76033664;-0.19057944,-0.3396562;-1.6657515,0.1640123;0.17635562,1.2663549;-0.17541198,-0.7879955;-0.8513654,-0.8560529;0.97800523,1.1646684;-0.057323303,1.5922081;0.68247646,0.0050117983;-0.11254243,-0.7730712;1.0283345,-1.5362716;-1.0865093,-0.9473892;1.4257246,0.022889623;1.3012245,-0.02548958;-1.2989341,-1.068252;1.4253647,-1.6507579;0.71530193,-0.029785663;0.1933231,-0.21634991;-1.5110158,-1.4137172;1.4780042,-0.02953434;0.471601,-0.10126943;0.0064957235,-0.8183267;-0.808578,-0.7644473;-1.4414419,0.833165;-0.392423,0.118982434;0.5751694,-1.4553709;0.0090048015,0.5995987;-0.44478738,1.0637692;0.5363273,1.3594577;0.0017263513,-0.43981937;-1.7264253,0.38312146;-0.17226683,0.24015437;0.36564615,1.725836;0.100877844,-1.241288;0.44375262,0.09171817;1.216067,-1.5743693;-0.2987038,1.3371028;1.2178845,1.3773744;0.046950355,0.1482593;-0.0476162,-1.2387607;1.6260407,-0.04465159;0.3236943,0.07832678;1.8742939,0.017817533;-0.025420826,1.5822574;0.26405513,-1.1164962;-1.4642175,-1.1814029;1.050545,-1.5131454;0.40774134,-0.82984567;0.27528417,-1.4173325;0.8243203,1.0165128;-1.3514804,-1.2430902;1.138302,-1.5512176;0.3241576,-1.0646082;0.37910938,1.7669458;-0.6866501,-0.75811374;-1.2454224,-1.2053598;-0.44147667,-0.6974032;-0.24867007,-0.22343153;1.4843509,-0.106412664;-0.11184089,0.10680468;1.164561,1.4253148;0.07525133,0.4541269;1.2636176,-1.5710121;0.3897146,-0.8882764;-0.4727432,0.89639163;1.2861409,1.5470718;0.08053919,-0.56851983;0.40362367,-1.1199266;-0.0020169264,-1.1346223;0.4091644,0.5711402;-1.2952764,-1.1876634;-1.0743808,-0.947237;0.43092224,-0.09217232;1.2395521,-0.05679821;0.840445,1.3591044;-1.5453396,-1.3040385;0.65646136,0.88224065;-0.20166467,1.3620048;0.47947666,0.11818145;0.11979592,0.64666146;-1.5036263,-1.175041;0.95179963,1.2398965;-1.1652377,0.6907057;-0.04855412,1.6419626;0.3972665,1.2807899;-0.86870855,-0.8417453;0.17409514,0.5681465;1.4892296,-1.6567229;-0.6070519,-0.73086804;0.8622377,-1.3539517;-1.5296177,0.8168569;-0.36445478,-0.11658174;0.06834417,0.3845984;-0.21640883,1.5161401;-0.26078174,0.19717585;1.1791441,1.3255064;0.73895454,-1.4298263;0.9808351,-1.5174525;0.27636155,-1.1042706;0.57387877,0.08494236;-1.4514716,-1.2591504;-0.7498022,-0.56311667;0.04067905,-0.26941225;-0.23545276,0.5204864;0.9385749,-1.4455674;-1.4628291,0.60324854;1.3008332,-1.5756325;1.1463124,1.2586377;0.39902848,1.6775231;1.1898766,-0.025338812;-0.33776295,1.1794702;-0.25744304,0.25063062;0.99616295,1.1360657;-1.5177311,0.41385692;0.019552529,0.09684765;-1.1840284,-1.0148673;0.37988684,0.21216552;0.31077078,1.6654295;0.13353749,-0.873689;0.81587154,-1.4630294;0.20901996,1.5365534;-1.4071515,0.34944838;0.25011736,-1.4019493;-0.30449596,-0.90466315;1.0101607,1.510669;0.5428386,-0.08595819;0.19621277,-1.1397135;0.44740072,-0.07698114;0.86719143,1.0468086;-1.5678945,0.688799;0.41478315,-1.2772759;-1.5210564,0.8657113;-0.2797516,1.4183055;0.37662908,1.6344465;-0.008865114,-0.9122525;1.6075665,-0.06935104;1.0871222,-1.553236;0.23284857,-1.162351;0.05560761,-1.2099931;-0.06583711,1.3622786;-1.5798815,0.80900425;-0.39192927,1.1149317;0.34802112,1.2805204;0.43423045,-1.4180567;0.110217996,0.3616133;0.16946615,1.522916;0.14920484,0.64319617;1.0924983,1.5254874;-0.07593753,-1.1811626;-0.6734501,-0.60480046;-1.616877,-1.3419039;-0.17333482,-0.53241915;0.05018732,-1.2991406;0.43461815,1.3480238;-1.5251794,-1.139067;0.43561247,1.6988468;0.517381,1.7322712;0.3082333,-1.2079049;0.26552373,1.533367;-0.098528914,-1.166264;1.2380031,1.5867655;0.36221758,-1.3634391;0.099574775,1.4864911;-1.34305,0.5068414;0.19335283,1.5248761;-1.4681377,-1.1167206;-1.6844424,0.49324012;-1.3057101,0.65317166;0.5931784,0.76602423;-0.13881762,0.2563209;-1.4668585,-1.2411081;-0.03507534,-0.35205984;0.032498386,0.23719473;1.1012933,1.2240158;0.7596764,0.8832619;-0.35956138,1.1978735;-0.41611326,1.1069427;1.1503611,-0.036641244;-1.0007817,-0.7490122;-0.02088377,0.48245955;-1.4794433,-1.2458375;-0.70646447,-0.5778466;0.804487,-1.37734;0.5169428,0.82485485;-0.028156063,-0.90490913;-0.19460917,1.4880259;0.29318634,-1.4083198;-1.49834,0.7098802;0.2193883,-1.3085138;1.6133753,-0.010326981;-1.3774116,-1.2161013;0.8440534,-1.4512272;-0.16242383,-0.8335221;0.36216128,-0.19610183;-1.7872767,0.20623577;1.170096,-1.5643408;0.31818467,-1.3340015;0.13054582,-1.3214856;0.561992,1.7705595;-0.23478949,0.5701611;-1.3705052,-1.2249657;-0.80046356,-0.6066582;0.34962472,-0.83200127;1.6166697,-0.14065243;-0.031103412,0.026330784;-1.5787684,0.76575536;-1.5356163,0.5118468;-0.14985687,-0.82745785;0.23735875,-0.92594427;0.3251383,0.12149861;-1.4893471,0.8979023;0.6210261,0.8577007;0.4583906,-1.0507046;-2.0292687,-0.0014247703;-1.3588212,0.56633973;-1.9338115,0.06683969;-1.2093377,0.6713153;-1.8415318,0.14309928;1.1981033,-0.031239329;-0.25926197,1.4485139;0.8442877,-1.5244803;-0.5096061,-0.80054915;-0.16536015,1.4055965;0.5066243,-0.006164107;1.1999067,1.5553346;-1.5335585,-1.3432572;-1.8659847,0.09935429;-0.07388774,0.08426826;0.10923734,-0.3377224;1.2556512,1.3022088;-1.5247183,0.7473964;-1.6354061,-1.302742;1.1704999,1.3359178;0.6417613,1.1526053;0.06767036,0.28485236;-1.2912719,-1.1605567;-0.22394773,-0.39140165;0.1731132,-0.29148853;0.24770454,0.19324683;-0.27541244,0.61866176;-1.7201334,0.34443188;0.89849997,1.3874333;0.5207615,1.5485121;0.07111285,-0.7287125;0.18422543,0.45315677;-1.8321271,0.22197846;-1.4721674,0.34936735;0.9752421,1.1023371;-0.1756272,0.37377256;-0.04973736,-1.2656293;-1.0972979,-1.0451479;-0.29961544,1.4470481;-1.2930481,-0.92354715;0.7259499,1.2709248;0.5521834,1.3849612;-0.1842639,1.5422353;-0.6181851,-0.72987455;0.8666304,1.2120371;0.027646331,-0.34445125;0.24923137,0.50869286;0.95547515,-1.3206959;-0.21293175,0.46175888;-1.1989505,-1.0438051;0.02065797,-0.7862122;0.5445664,0.27238372;-1.227068,-1.1949376;1.8169179,-0.04124469;0.14394698,-0.18913616;0.17823713,-0.8763272;-0.44613475,0.9755698;-1.4630138,0.8666023;-1.5400469,0.6205182;0.028164223,0.68042827;0.20101051,-0.72120756;-1.2658436,-1.1711192;1.7290561,-0.06262943;0.8185094,1.2057464;-1.1150012,-0.8900279;-0.16606507,-0.47180787;-1.2909974,0.6929982;0.21190159,-1.3638543;0.932064,1.4543325;1.1066207,1.5026927;1.871791,-0.14627066;-1.5013108,0.664258;0.70340127,-1.4825001;-0.10394453,-1.3182877;1.9457684,-0.03406248;-0.37735313,1.3187572;1.395132,-1.6322451;0.18152255,1.4984152;0.54345167,1.7631228;-1.2325332,0.69644856;-0.18664205,1.4732381;0.7293708,0.060143698;1.0981803,1.2734187;0.326796,0.63585615;-0.004662581,-0.27374834;-0.42757088,0.14326163;0.22176902,-0.6913782;-1.7481143,0.32592562;-0.13494815,1.2748135;-0.0016386816,1.4081405;0.77572936,0.00212512;0.6300854,1.3205899;-0.15882553,1.5353242;1.0358007,-1.5486602;0.78196424,-1.3167154;0.19435702,-0.24152438;-1.650291,0.17316666;1.2957215,1.5722238;1.8771882,-0.13045433;0.056330223,-0.10724062;0.19871034,0.09390176;0.50432193,1.3525515;0.25503656,1.6143643;1.1366789,-0.0019123709;-0.8490067,-0.7288901;0.2997736,-0.20053023;-1.951265,-0.013675288;1.0717838,1.2620538;0.060217697,-1.2549847;0.05707396,-1.3353859;-1.4475603,0.3505206;-1.0205177,-0.7586624;-0.60440147,-0.76547563;1.5043731,-1.6866646;0.37479955,-1.204556;0.78293586,0.98846316;0.22623426,-0.78091973;1.0226506,-1.4772598;1.2860477,-0.08130154;0.74279076,-1.3711437;0.93217593,1.0604182;0.5146274,-0.9897444;-1.4533608,0.86360615;0.32060182,1.6392785;-0.028783536,-1.3251284;-1.4899212,0.46966076;0.91734284,1.1973256;0.6759138,-0.03326598;0.6668481,-1.4866115;0.11092256,-1.0408577;0.38204464,1.7040124;-0.8090817,-0.78646934;-0.9388874,-0.87835336;-0.16546784,-0.7517332;0.050210606,0.72804755;1.3177725,-1.6270602;1.4381909,-1.7052597;-1.5006304,-1.3273281;1.9850959,-0.1254444;-1.155949,-0.85746497;-0.017506441,0.41443044;-0.6685313,-0.5332346;1.8837898,-0.077587135;1.0269204,1.4248284;0.21848765,1.472226;1.068369,-1.4643083;0.57423955,-0.98052645
p3d-kl
0.43999460339546204
p3d-iter
599
p3d
-1.7838798,1.4894918,1.0504475;1.3811955,0.31803036,-0.8207001;-1.3726786,-0.36319992,-0.34447044;-1.422064,1.2407017,0.926008;-1.568412,-0.6216639,-0.50116724;-1.3537618,1.1054916,1.3323562;-0.40606058,-1.2166296,-1.9690485;-0.1455505,0.57045627,1.2196101;-0.22166114,0.46294394,0.32045132;0.7524542,0.26614344,0.079404555;-1.8457626,-0.63197637,-0.4256562;0.17958921,-0.8676459,-1.3181114;0.5289226,0.09869247,-0.2677716;0.13183491,-0.52010053,1.3521154;0.95224094,-0.77286714,0.051840838;-1.3357412,-0.29653192,-0.34292457;-0.3504377,-1.3033996,-1.7488517;-2.1903987,-0.9507332,-0.2711967;0.81075436,-0.9899507,-0.10655245;0.13052915,0.040886417,-0.043935698;-1.3219151,1.0843539,1.3563805;0.08467939,1.6182336,-0.009114328;-0.42579314,1.3262491,0.27219933;1.0285504,-0.07297171,-0.116262056;0.84791577,-0.5000417,0.13522922;-0.41180345,-0.7980334,1.758768;-0.5319477,-0.78678995,1.8569056;-1.9236245,-0.8319405,-0.26018938;-0.17258151,-0.18842955,-0.048090555;0.74793875,0.08714106,-0.24114357;-1.1686121,1.1117573,1.0361469;-0.1808086,1.92534,-0.0077685276;-2.021412,-0.832403,-0.40945017;-2.1691132,-1.0487345,-0.33032525;1.8221849,1.5524609,-1.0053961;0.27140793,1.6714911,-0.016849073;1.5718784,0.45068887,-0.6476361;0.455595,-0.7451981,-1.1787951;-0.59062165,0.23780741,0.36696932;0.065047204,-0.4094478,0.07473886;1.7243942,1.5544446,-1.2863296;0.6119778,-0.56217664,-1.1948382;0.88343066,-0.6220912,-0.03379683;-0.20916913,0.10377955,0.073519394;0.22407249,-0.5242363,-1.0960226;-0.49800202,-0.69232684,-0.15776421;0.06812884,-0.00470414,0.05168887;1.8458453,1.8373058,-1.1579823;0.42343986,1.3889157,-0.09230323;0.84987223,-1.0308089,1.4790088;0.6928885,-1.1138238,1.509554;-0.018692628,1.833571,0.24494871;0.3482761,-0.8757291,-1.1822838;0.9040525,-0.95496887,-0.089255676;1.1368941,-0.9894364,-0.17829856;-0.54017466,-0.80197,1.8621179;-0.7552779,-0.479445,-0.1994832;-0.704472,0.74361825,1.242439;-0.6936566,0.6546945,0.5630149;-0.7039992,1.1837381,0.81854147;-1.6193852,1.3406756,1.0233345;0.3144377,1.5010023,-0.14117064;1.8899485,1.9043366,-1.3444645;0.8730867,-0.60045666,-0.7103333;0.9076774,-0.26840144,-0.39169687;-2.4140704,-1.0748459,-0.3768965;-0.08303465,-0.7552697,-0.42461735;1.3450553,-0.46885648,0.11321358;-0.36725423,1.9980034,0.29754514;-0.73809594,0.36426532,0.37447402;-0.60276234,-1.2421776,-2.3001945;-1.1352113,1.1006589,0.8977429;-0.012962886,-1.2204633,-1.5690768;0.8529611,-1.2278514,1.4275526;1.8505937,1.8322104,-1.1608359;-2.3945894,-1.0278114,-0.42028862;0.47879422,-0.7220739,-0.27607694;-2.149453,-0.78574723,-0.3796521;-0.6898721,0.8271907,0.36808097;-0.28508943,1.7691255,-0.14419574;-0.7277097,-1.3467276,-2.1516082;1.6608968,0.58485967,-0.94480306;0.3440458,-1.1326815,1.4037569;0.025172302,-0.7349389,-0.20771597;-0.051152553,1.7940159,-0.1236073;-0.5013285,-1.1994705,-2.2291157;-0.22776873,-1.1083883,-2.0007148;-1.614311,1.3742229,0.99088216;-2.3951638,-1.0975528,-0.44030067;-2.3820848,-0.8060867,-0.45700967;1.8053688,1.6463256,-1.173165;1.5444567,0.9019234,-1.0831577;-0.24932502,0.5373139,1.0858772;1.6186432,0.55870575,-0.71765083;1.5057845,-0.56326926,-0.27651048;-1.2194341,-0.36820453,-0.27181715;-0.7253283,-0.27646288,-0.09647776;-1.4151769,-0.45229137,-0.3057997;0.14013603,-0.59452003,1.3757403;1.2021021,-1.0968211,1.1001589;0.2195743,-1.1491638,1.5415303;1.688373,0.4018356,-0.85672855;-0.4241393,1.761661,0.728402;0.56923926,-0.72622514,-1.06685;0.970691,-0.6965335,-0.36521974;-1.0309017,0.74025434,1.3281181;0.85992354,-1.186227,1.2350531;1.5153406,-0.5026661,-0.20023637;-0.3657582,1.751569,0.829286;0.5319193,-1.1796287,1.4864244;1.3179563,0.9209483,-0.87740576;0.7754084,0.1337148,-0.1983696;-2.1455514,-0.8556357,-0.26695153;-0.9722334,1.2212564,1.1781694;-0.48095378,-0.19592242,-0.17151853;0.31627184,-0.87690145,-1.3510928;-0.07611411,0.42638442,0.43928713;-0.6000427,-0.16737017,-0.20974472;1.3849542,-0.7076796,-0.29606155;0.5063883,0.9158727,0.10283075;0.6295092,-1.0704774,1.4609382;1.7029302,1.4627358,-1.1219023;1.4880283,-0.3696814,-0.033620376;-0.6628849,1.1456875,0.5633564;-0.4712212,-0.665317,1.8638068;-0.22876647,1.8783749,0.08017136;-0.06774667,-1.2153329,-1.6515032;0.3025356,-0.7255728,-0.21297549;-0.70841867,-1.3701879,-1.9674964;1.4754529,0.7173527,-0.64422476;-0.64015657,-1.1567905,-2.2769961;0.061707925,-0.2636309,0.61085576;1.4762504,0.2804221,-0.5656497;0.6088666,-0.63088065,-0.80359334;0.7042983,-0.9974432,-0.23305897;1.8583784,1.8217069,-1.3063393;-0.68344235,1.9711343,0.7160624;-2.0995996,-0.86440146,-0.58104897;1.6176751,1.013539,-0.732504;1.1615173,-0.15021403,-0.52301437;0.5049859,1.4430319,0.08356258;-1.0897768,0.7704853,0.8533166;0.62593025,0.31453,0.22019187;-0.74495345,1.5669804,0.59275967;1.0905333,-1.2413408,1.4482399;-2.1664815,-0.9202561,-0.4888;-0.6378757,-0.23885219,0.015973346;-1.6451045,-0.54876494,-0.1737233;-1.4704323,-0.57629967,-0.45627707;-0.1720492,-0.29260525,-0.42471653;-0.10303324,-1.2612867,-1.7181656;0.03402063,-0.8817035,-1.6527134;1.2099999,-0.16973662,-0.4828551;-0.6234667,1.9068747,0.86722815;0.84236443,-0.9912102,1.4891505;1.5887616,0.75510055,-0.8989748;0.7765295,-0.58850366,-0.449021;-0.36363456,-0.61725235,1.3274425;0.57670957,1.1250292,0.083561614;-0.06139956,0.5513596,1.1844044;-0.58763474,-0.7035116,1.7611485;0.0066519543,-0.24594304,0.51673853;0.8569018,-1.1039149,1.4432145;0.15525205,-0.92360556,-1.4353721;1.2366347,0.02463169,-0.42206192;-0.6415306,-1.2139379,-2.0340748;-0.3661563,0.10016021,-0.2908675;0.15909855,-0.6415324,-0.39186066;-0.7948125,-0.28687778,-0.2515585;0.60323596,-1.1331694,1.3022296;-0.03430734,1.6596392,-0.062753625;0.2629631,0.5553478,0.2128104;-0.39054513,0.080931075,-0.2999045;1.563967,0.8613228,-0.9972962;1.2336853,0.12399157,-0.72022706;-0.027738774,1.8419663,0.1184001;-1.8170781,-0.5773465,-0.54008216;-0.13322546,-0.8071818,1.6001558;0.52369434,1.4816695,0.16838023;-0.07291124,0.7249634,0.42441812;-1.0531205,0.76818407,1.3292146;0.035556607,0.37162966,0.15301083;-1.0026668,0.59160095,1.2868776;-1.0179305,0.7532323,1.3054212;0.3254663,-0.9905159,1.2577871;1.8318434,1.7419472,-1.2721425;-0.81308645,2.102912,0.8057181;0.6442375,-0.5447646,-1.1839517;-1.3522046,-0.5764909,-0.46119303;-0.7770995,1.9738855,0.75828654;-1.3251494,1.0157814,1.3332837;-2.2144122,-0.9488402,-0.53420955;-0.66409415,-1.4505672,-1.8041934;-1.4622076,1.2332355,0.9263843;0.39192328,-0.38718393,-0.053034317;-0.97144324,-1.4127324,-2.2853835;0.43144268,-0.03876402,0.6467051;0.46872184,-0.7294944,-0.42840832;1.3869299,0.46607625,-0.5776457;0.86407804,-1.2247185,1.3952228;-1.0575863,0.8976959,1.0403441;0.55132306,1.3899376,-0.028276738;-0.17330308,0.33672038,0.16733228;1.1052967,-1.1067411,1.399587;-0.103233464,0.51378113,0.9699141;1.7725995,1.5652392,-1.2077656;-0.90941143,-0.3597251,-0.14671917;-1.8008443,1.5016737,1.0524497;1.4203738,0.19873871,-0.4379616;1.0287186,0.34651852,-0.37847853;1.6178802,0.59181535,-0.8427385;1.1099391,-1.256688,1.3823131;-0.6060561,0.7590894,0.7145611;-0.1521763,-0.58327574,1.3049304;0.84159136,-0.7029352,-0.1393934;0.076875724,-0.72698027,1.4434034;1.5524642,0.86565346,-0.73574376;-1.0832993,1.0350438,1.270274;-1.5313606,1.3223076,0.9285937;0.9497946,-0.029991057,-0.33624318;1.6809155,0.20340379,-0.5424704;-0.304023,0.36859503,0.33048087;-2.1021004,-0.93914455,-0.5634095;-0.29666802,-0.20021203,-0.19504884;0.41682756,-1.033463,1.4076817;0.5126138,1.4674625,0.013486469;0.19185354,0.3807674,0.19937177;0.003426156,-1.201838,-1.74382;1.4303313,0.65442467,-0.833956;1.1008635,0.11390037,-0.69335765;0.16936488,1.620803,-0.10624817;0.877515,-0.54155236,-0.5040756;-1.4451636,1.2777416,0.90600175;-0.2578329,1.403742,0.031033633;0.09230926,0.36353976,0.63602453;0.4671218,-1.102914,1.4943831;-0.45023632,-0.5903106,1.3265938;1.3685027,-0.5635198,0.11298625;0.7140739,-1.1996001,1.2367107;0.38827017,-0.8845653,0.048032176;-0.65952355,0.695359,1.2290311;-2.2934184,-0.98915684,-0.5072805;-0.6936426,-1.4721695,-1.7965477;0.57229435,-0.9009941,-0.22712646;-1.3336688,-0.25823483,-0.32838562;-2.204393,-0.95697546,-0.38079268;-0.21947592,-1.2693945,-2.0334544;0.05728227,-0.65596825,-0.907079;0.60247195,0.30600777,0.14283231;0.16840996,-0.5361859,-1.009798;0.75271654,-1.2519714,1.4744658;0.09041939,-0.054688007,0.46033877;1.5153863,0.5848947,-1.1161457;1.5313008,-0.57980144,-0.15276685;0.121863276,-1.0714397,1.5406122;0.43319038,-1.1592404,1.5044509;0.009469537,1.8036442,0.2529484;-0.15211074,1.1230129,0.65015703;-0.46669984,-0.6627974,-0.3211722;-0.7468722,-1.2392834,-2.0788054;-0.96236104,-1.3957236,-2.3604114;0.68136823,1.0773828,0.15582493;-0.838641,0.8521734,1.2442957;0.55403984,1.3836156,0.068017595;-0.12864323,1.0815654,0.6289887;1.608748,0.6858041,-0.8651913;0.1909165,-0.92107284,-1.4441227;-0.61662763,-0.8051617,1.8727535;1.344936,0.25151896,-0.7834418;1.1600375,-1.2754354,1.2561392;-2.2044795,-0.99042034,-0.3840726;-0.18760072,1.4978453,0.66598284;0.1438635,-0.012635729,-0.074581936;-2.3877213,-0.7782492,-0.44842976;0.11941149,-0.51286983,-0.37020016;-0.08831632,1.5520941,0.584375;0.04978912,-0.6226681,-0.42414737;-1.6336758,1.3337212,1.1106497;-0.89596826,1.9532799,0.7634237;1.6917228,0.09651555,-0.45174724;1.7183294,1.5436069,-1.2912974;0.4725829,-0.61156285,-1.2125224;0.7638737,0.94932204,0.21222667;-0.26903692,0.561378,0.5918264;-0.57926285,-1.3728906,-1.849783;0.2506288,1.6915381,-0.025476623;1.5080472,-0.061109032,-0.5227661;1.6357479,-0.7493881,0.031483814;-0.086719714,-1.2942362,-1.5582304;1.6490753,0.37030858,-0.78525597;-2.4197652,-1.1110648,-0.40165532;-0.21621995,-0.22724941,0.042384703;0.6116995,-1.1974474,1.4735329;-1.9094393,-0.79665625,-0.31779152;-2.1249995,-0.99978065,-0.56793267;0.1573667,-0.94866425,-1.5213766;0.617065,-0.63767636,-0.36899155;-0.074620076,0.3090836,0.35568285;-1.116122,0.9082272,1.0250875;1.610031,0.3958796,-0.5811559;1.869388,1.8568554,-1.2676066;0.9752821,-0.60917616,-0.33305278;0.7726131,-1.0232487,-0.17849204;0.44034463,1.5372702,0.0049474305;-0.43814746,0.9342857,0.22317395;0.50894916,-0.5713848,-1.307539;1.6252065,1.0814204,-0.8181856;-0.5691665,1.8651268,0.81653994;1.3288345,-0.5112035,0.08229108;-1.6998585,-0.6123242,-0.44725865;-0.046958588,-1.2348957,-1.6688584;0.68576896,-0.6253981,-0.27611685;0.57129496,0.47452065,0.21093915;-0.44618058,-0.8467215,1.6638086;0.35628533,-0.2542878,0.29087517;0.18034703,1.7275399,0.008851585;0.960602,-1.0699471,1.3611673;-0.24404894,1.8333771,0.03968075;-0.754346,0.24378261,0.3119444;-0.010810351,-0.6635906,-0.9444877;-0.88567454,-1.4166969,-2.2603889;-1.8642217,-0.74729794,-0.42726454;-0.016351579,-0.47039622,-0.13171348;-0.48569798,-1.4611605,-1.6033553;0.04711495,-0.11399898,0.42545012;1.7366997,1.5168183,-1.2282153;-0.26653957,-0.7310587,1.7457907;-0.85151595,-1.0251223,-2.1209302;-0.48812616,-0.0386076,-0.22262737;-0.39281034,-0.65731025,1.1771489;-1.3811529,-0.31939185,-0.34195334;0.51565874,1.4417114,0.016016982;-0.82322073,-0.190647,-0.19591868;-0.41803083,-0.570495,1.1223352;-0.07003043,-0.19456121,0.44734204;-0.6753463,1.9273033,0.6172219;-0.5749742,0.6346384,1.192867;0.98130804,-0.86083794,-0.15954386;-0.99517614,0.69632804,1.287945;1.0577095,-0.92753065,-0.06568625;-1.3365188,1.077635,1.3052186;-0.9370438,-1.3125587,-2.3172503;0.67468256,1.0741067,0.1543802;-2.0909445,-0.8610766,-0.61601263;-0.18550415,-1.248403,-1.9234774;0.19758566,1.7273529,-0.020208063;-0.49832347,1.1606879,0.2064048;-0.73789877,0.64735836,1.1810597;0.4525311,-0.3512722,0.2652393;-2.2714427,-1.0676242,-0.4270854;-0.58468837,-0.8151192,1.9134604;0.27411732,-0.8315078,-0.7668305;-0.7148642,-1.3956975,-1.9243481;0.2345629,-1.218103,1.498418;0.25084066,-0.37167096,0.8546385;1.6962074,0.23406449,-0.6190513;-0.29340717,1.8991601,0.07292687;-0.6883567,0.96498317,0.75748354;-0.6209394,-1.2707125,-2.1606233;-1.0748227,0.9051135,1.1639507;-0.11637783,-1.4571953,-1.5384895;1.5193849,-0.027169894,-0.7784014;0.6942405,-0.6542132,-1.0271161;-0.042524736,-0.6592639,-0.92672366;0.5780569,-0.6425587,-0.65996563;-0.85601103,-1.2251682,-2.3419213;-0.58651626,0.20614626,-0.47517323;-0.67839664,0.6557839,1.1969384;-1.5610774,1.3373829,1.036954;0.09022219,0.18068877,-0.07077636;-0.801285,0.80187607,1.2917117;-0.1706183,0.51906115,0.5654025;0.60051996,-0.7062335,-1.0375488;0.104724035,-0.48011324,5.7955436e-05;0.47786376,1.5011586,0.021161979;0.5900697,-0.9780804,1.5183803;-2.0069838,-0.83439064,-0.43348983;1.4494044,0.32517385,-0.97895473;1.0340899,-0.5280504,-0.13334852;0.15586345,-0.5989625,1.3864411;1.8365716,1.7626222,-1.2749462;0.273356,-0.31200448,0.718341;1.4100251,-0.5868648,0.23244615;-0.5644622,1.2217853,0.45616415;-0.6903872,1.8041176,0.5033982;-0.56880957,-0.5980392,-0.2559142;-0.1506747,1.4701012,0.1024644;0.66192645,1.1326753,0.14294337;0.45946634,-0.08008161,0.6903575;-1.3650441,-0.52346104,-0.2052371;-2.091337,-0.8181282,-0.40013248;-1.013464,0.7797533,1.1313249;1.5537409,0.073752604,-0.57973284;1.1373775,-1.1667742,1.2619606;-0.7999231,1.9511672,0.7687672;-0.036373552,1.7209249,-0.06401065;-0.5486095,-0.41163242,1.0977772;-0.9517641,2.069312,0.7994215;1.5543909,1.0076294,-0.9853129;0.68744165,-0.6432065,-1.0347997;0.4260519,-1.151382,1.5023264;-1.0480864,-1.4232415,-2.258287;-0.37608665,-0.73095655,1.8021381;-1.5620992,-0.66219443,-0.51529527;-0.2866568,1.9017022,0.089318655;-0.18835191,-0.76127046,-0.30399424;-0.5471661,0.19903839,0.3682343;-0.23132896,0.52159196,0.59691;0.1459285,0.24389072,0.038707443;-1.1439174,-0.39596054,-0.25428388;0.15047437,-1.2235502,1.5015433;-0.3576964,-1.1823508,-2.1280031;1.7965542,1.5094936,-1.0571978;-0.045997865,0.563444,1.237525;0.08175437,1.6285663,-0.0034950275;1.0127261,-1.3568748,1.3944398;0.18308857,-0.33599004,0.6996352;-0.978061,-0.36134973,-0.21834408;-0.35426927,0.55820405,0.6404861;1.5932132,0.1683646,-0.6964528;-0.36524066,0.54093724,0.62320095;-0.6330249,0.3871703,0.42088175;1.6358495,1.2098476,-1.0695438;0.39119178,0.12975925,0.3593064;0.9939214,-1.3703449,1.2769458;-1.0982093,-0.37955984,-0.2683286;-0.39418274,-0.3263444,-0.13204049;0.8301308,0.9323029,0.240018;-0.075790174,-1.0382538,1.4639826;0.11583422,-0.3368951,0.8049235;-0.3059428,1.693867,0.522379;-0.9035195,-0.36364356,-0.13498296;-0.7398717,-0.5155979,-0.2322953;0.36253768,-0.7543804,-0.08019691;-0.2387557,1.6928141,-0.09509761;-0.7124952,-1.3472579,-2.2330306;0.9130093,-0.9602846,-0.11018509;1.4085312,-0.1219052,-0.48890403;0.89125013,-0.7656219,-0.11339815;0.37700075,-0.734936,-0.17040174;-0.43158343,-0.7599074,1.8400393;-1.6909901,1.4401686,0.9894703;1.0622891,0.44677004,-0.4360579;0.5478503,-0.5425828,-0.92818594;0.07315427,-0.9641053,1.2211341;0.5830697,-0.7628134,-0.9726018;0.30726436,-0.46766576,0.9811318;-0.24287577,0.5278248,1.0704504;0.44284785,-0.8546458,-0.9290131;-2.4909234,-1.2505721,-0.38076863;-1.7707118,-0.66023684,-0.4738694;-0.5009077,-0.24358213,-0.22715557;-2.5005414,-1.2666284,-0.37374437;0.030290464,-0.90792716,-1.6402599;1.6119945,0.48323473,-0.9341548;-1.8114331,-0.60620016,-0.43363988;1.06805,-1.1838179,1.4163464;-1.6941657,1.4156405,1.0547324;-0.18880731,-1.1245288,-1.9889424;-1.2191255,1.1083325,1.1645498;1.6824614,0.2213054,-0.5619659;0.89665794,-0.35850018,-0.48087496;0.115325995,-0.4899144,1.1959858;0.0061697355,1.7861782,-0.075351894;-0.35841554,-1.3853472,-1.5569113;-0.49453786,-1.2795719,-1.9595934;0.041836593,-1.1516056,1.3161236;0.32894424,-0.50446224,0.12175268;0.987435,-1.3161623,1.3609002;-0.14180928,1.7320998,0.067168556;-1.610088,1.3239071,1.1364751;-0.08827698,1.613178,0.35688522;0.05266029,0.6727407,0.51955605;1.0932745,0.7177341,-0.54986954;-2.1676822,-0.96743315,-0.48800197;-0.18196508,-0.985595,-1.8010728;1.9272436,2.0195215,-1.330036;-1.3121274,-0.38310897,-0.3814371;-0.16301478,-1.2558885,-1.6867698;1.5205697,0.32402787,-0.94191134;-0.4065225,-0.7671579,1.8260556;0.14462653,-0.16545099,0.58216125;-1.3916888,1.4061359,0.9848108;-1.0399125,1.660302,0.7580699;-0.11166238,-0.9943484,-1.3290914;1.0581541,-1.3618275,1.3739573;1.7229553,1.5890554,-1.0663013;-0.5699994,0.6513884,1.2169045;-0.63620204,-0.81966424,1.729478;1.0627797,0.23879361,-0.7245604;-2.3588772,-1.0713953,-0.43251628;0.87165153,-1.2728645,1.4794725;-0.08353296,-0.5693662,1.170115;0.673623,-0.5412028,-0.18507077;0.44926822,-0.48132768,0.07512756;-0.70812273,-0.5390268,-0.20546538;0.7880089,-1.0812207,-0.12634403;-0.09082482,-0.9786905,1.4889871;-0.5004894,0.62985843,1.2237436;-0.1888963,0.33290073,0.33666024;-1.5794713,-0.5772765,-0.32959855;0.28324956,-0.7824988,-1.013135;1.576747,-0.27409297,-0.34316882;-1.7573419,1.468133,1.0571024;1.2577432,0.8378849,-0.7840481;-1.8249352,-0.6861976,-0.45313808;0.035529483,-0.6260231,1.5880527;0.6848971,1.0227056,0.1750999;0.5729848,0.29743093,0.14823261;0.31292826,-0.9516576,1.2961373;0.17037863,-1.1225389,1.5286084;0.6170007,1.2617564,0.13256563;0.14355707,-0.6899301,1.4034528;0.4610328,-0.07845944,0.70856637;-0.6583979,0.5191615,0.3722645;1.9240961,2.0058572,-1.3322194;1.4899439,-0.66232526,-0.19197121;-0.44757956,-0.57513624,1.3308164;-0.21011193,0.5644241,1.1817315;0.87070715,-0.6368858,-0.7824249;0.39479297,1.3978307,-0.030841086;-0.8169311,1.9624943,0.76439905;-1.0809265,0.85591906,0.8887342;0.0901447,0.41378528,-0.07610297;-0.54019856,-1.2860378,-1.7680266;-1.230903,1.0445347,1.3072556;-0.25046092,1.8735449,0.026727566;-0.3613138,-1.4217209,-1.533153;0.27568337,-0.74289745,-0.20891334;-0.86584514,0.7609682,1.2333807;-1.0104717,-1.430186,-2.2919655;0.19037646,-0.84244865,-0.8663282;-0.2308851,-1.2546498,-2.092873;0.6718569,-0.3152646,0.48506886;1.5743113,-0.23794948,-0.3144938;-0.80369776,-1.3749763,-2.3011742;-0.062429827,-0.98011345,1.412299;-0.84457666,1.1206467,1.16968;-0.11323243,0.32198924,0.45600766;-0.062883906,-0.83547485,1.1989777;-0.94317263,-1.4384556,-2.2419229;-0.10013623,1.4647899,0.62978494;-1.2328037,0.89559865,1.3965482;-0.9682163,1.0817306,1.2653579;-1.5393547,-0.5026907,-0.29293212;-0.45650813,-1.2272828,-2.1656597;-0.3993279,-0.66716266,-0.08056301;0.84410983,-1.0355902,-0.2110311;-1.6163447,1.294548,1.1215823;0.35888496,-0.4784684,0.77377427;-0.6037696,-0.8387332,1.9198589;1.5334308,0.09627619,-0.44640726;-0.17518824,1.3706911,0.6965439;-0.37463847,-0.6360476,1.1234403;-1.5314064,-0.5751777,-0.35379732;-1.1910726,0.9399322,1.2915821;-0.007363062,-0.81651133,-0.31094024;-0.37122884,-0.60034996,1.1803479;0.31032255,-0.23603153,0.8127002;1.3809512,0.0045712367,-0.18471065;-0.08214442,-1.4162726,-1.5663255;0.9314823,-1.3480364,1.3816372;0.19492917,-0.9850938,-0.9576441;-1.6898686,-0.6612625,-0.2897856;0.32954836,-0.7165399,1.4644195;1.7593918,1.4494542,-1.1736939;1.4802665,-0.26701,-0.43023592;-0.18908647,-0.23112205,-0.07318008;0.29367307,-0.7679912,1.3976128;-0.3012663,0.12409243,0.35424745;-0.7083182,-0.8480989,1.8609076;0.079079546,-0.351929,0.32541883;0.77396476,-1.1072675,-0.19245964;0.42679837,-0.88206404,-0.07929782;-0.591074,1.2481574,0.47451913;1.668574,1.3779715,-1.1509534;0.016400957,-1.1090115,1.5065601;-1.2426159,1.1398704,0.7666728;0.3713951,-0.22326577,0.828818;1.4691972,-0.53861505,0.11253341;-1.7643117,1.4663534,1.0638729;-0.0399145,0.113692485,0.6133496;-0.647936,-1.4934295,-1.7153643;0.52496517,-0.7073517,-0.5563854;1.1253855,-1.2273858,1.3516028;-0.36651367,-0.749148,1.8538315;0.6921131,-0.67911786,-0.9796465;-0.6352547,0.5269273,0.56583464;0.0448765,-0.8937051,1.2110925;0.9006649,-0.340671,0.25866684;-0.30056432,1.6769742,0.1482338;-0.72305596,1.020397,0.87215066;0.19756368,1.7091434,-0.032191884;-0.3695885,-1.34977,-1.5824596;1.8983353,1.9422412,-1.2151313;1.9191549,1.9854499,-1.3520668;-0.7109765,1.972553,0.76757336;0.5076562,0.29640892,0.20679098;0.17867167,0.22778976,-0.0734999;0.94835955,-1.353856,1.3485296;0.23324333,-1.1711262,1.5221066;0.9612234,-1.315964,1.4780368;-0.21238218,-0.83094966,-0.26435256;-2.2381585,-1.1210513,-0.275557;0.48978573,1.3488581,-0.014044633;-0.7263443,-1.3236259,-2.2735016;-0.44884858,-0.6820514,-0.16918199;-1.1803528,0.7960124,0.7694336;-0.67587566,0.46678573,0.48051077;0.77321136,-0.40079215,0.22215071;-2.0803516,-0.89155287,-0.34524682;-0.28776303,-0.17081375,-0.039749082;1.3656337,-0.68835163,-0.31942567;0.2898373,-0.69712013,-0.511751;1.7304525,1.5130423,-1.1118416;-0.73736733,1.977149,0.74252945;-0.6118104,-0.5654792,-0.21165925;-0.39282832,0.6138469,1.241262;0.50396556,-0.5101187,-0.0034178486;-0.17551209,1.1911304,0.63340217;-0.5060941,-1.3280371,-1.811168;-0.5830123,1.8755445,0.68680006;0.10483044,-0.124281935,0.4276639;-0.42456383,-0.6447317,-0.30591813;1.3550549,0.70720226,-0.5449713;0.12529491,-0.43788052,0.6229757;1.5798157,0.45477337,-0.5785237;1.3437907,-0.5847697,0.0051857196;1.0074054,-1.1628692,1.4439869;0.17565125,-0.26706856,0.7233887;1.7593918,1.4494542,-1.1736939;0.15993962,-1.1331464,1.6205493;1.1994531,-1.0920311,1.0855576;-1.2113534,-0.4873962,-0.16530894;-1.0946681,-1.0500847,-2.1369753;0.004596672,-0.9540259,-1.6411499;0.24971111,-0.76980233,-1.0990789;-0.8700737,-0.3704956,-0.1391105;-0.011270615,0.4124397,0.48757485;1.5476614,0.54196686,-0.7367633;0.42992377,-0.83738,-1.1168152;0.44097832,-0.51216614,8.984689e-05;0.5492724,-0.8647752,1.3511269;-0.11025433,0.9258819,0.43469226;0.8488935,-0.6174756,-0.353764;0.20395866,-0.93722135,-1.4495785;-0.9362148,0.7889744,1.2826654;-0.3337551,1.7660127,0.18244125;-0.85273093,-0.36833704,-0.17814732;0.83276606,-0.7095243,-0.21471462;1.6107147,1.0409309,-1.0527316;0.014926948,-1.1880963,-1.7251813;-1.7307913,-0.60805404,-0.18656743;-1.5404655,-0.5195402,-0.3029684;-0.33672073,-1.1707178,-1.8750739;1.86176,1.8362337,-1.2722633;-0.8676802,-0.42565382,-0.17415608;-0.0950501,-0.6907434,-0.27879894;-0.9276227,-1.0605965,-2.1650922;-1.7552319,-0.7243689,-0.35043758;-0.5095711,-0.6691705,-0.1390718;0.96499264,-0.9931001,-0.059917524;0.18920945,-0.8645679,-1.2564346;-0.5198756,-0.594596,1.7561457;0.4111067,-0.22513653,0.7648833;1.6873798,0.27539024,-0.6105835;0.14061736,0.6537995,0.3632658;0.6226484,1.1668448,0.080955744;-0.68335944,1.228378,0.54578406;0.34262323,-0.77432686,-0.10550606;0.21941315,-1.1796592,1.5534314;-0.099039555,-0.17237765,0.7109625;-0.59133446,1.9213594,0.79178226;1.5097333,-0.6739995,-0.22176418;-0.47752002,-0.15077993,-0.20959179;1.7182308,1.4141085,-1.1282104;0.24115577,1.6310588,-0.026670383;-1.4071798,1.1189165,1.2888501;0.00055990356,-0.16879807,0.14522193;1.438741,-0.5701462,0.15967572;-1.9588723,-0.8213384,-0.3661775;-0.30562553,-0.21788034,-0.084168404;-2.3982632,-0.9153488,-0.26510575;-0.36802036,1.6805286,0.21277438;1.223016,-0.3305477,-0.48953885;-0.6824913,-1.2497345,-2.0535777;1.6075335,1.0720003,-1.0072595;0.7084922,0.12678581,-0.2565843;1.7148334,-0.2641876,-0.3932981;-0.6017187,0.67701006,1.2522764;-0.4925896,-1.2448049,-2.2436984;1.6518066,1.2505887,-1.0771688;1.1003144,-0.17790055,-0.5307085;-0.627346,1.9783657,0.8360659;0.3549427,-0.73223555,-1.1588459;-0.30497333,-1.1309285,-2.2026682;0.49370676,-0.6236735,-0.78439283;0.55170196,-0.37585214,0.22418755;-1.7816449,-0.6410139,-0.49844712;-0.0884532,-0.26582432,0.58703786;-1.3632874,1.1803142,1.1278673;0.07439847,0.3658425,0.28700256;1.6716764,1.5333997,-1.1115708;0.83249193,0.080055535,-0.31698775;0.8442567,0.92056745,0.24646002;-1.6148804,1.3411629,1.0680885;0.62299365,-0.75929594,0.09561079;1.2089214,-0.00869158,-0.45826197;1.263117,-0.6351519,0.00846477;-0.567755,0.42574173,0.5073698;-0.36167553,-1.1911693,-2.1411297;0.03693312,-1.1806182,-1.7289803;-0.46505457,-0.68302083,-0.16640064;-1.4309863,-0.4586798,-0.35204342;-0.98730844,1.0724527,0.82294357;-0.8085737,-1.339924,-2.3651934;-0.29776797,0.5795144,1.1915108;0.059400406,1.51269,-0.0056952853;-0.5554303,-0.10011201,-0.1778978;-0.062197894,0.7092747,0.33115494;-0.67714435,-1.4091567,-2.0616028;-0.9560535,1.0332742,1.2538749;-0.5378519,-0.39977032,1.0942091;-0.44026208,1.8170912,0.18415609;-0.48770383,1.2365634,0.2747199;0.18672921,-0.92692864,-1.4457904;-0.1038176,0.41184148,0.592313;1.9087635,1.9699175,-1.3209189;0.43776712,-0.8746305,-1.0480753;1.3424222,0.70457304,-0.8823802;-0.43430883,-0.7813042,1.8147448;0.74198353,-0.33004215,0.40508655;0.087106094,0.27408051,0.16139631;-0.076677084,1.7552687,0.0026476495;0.2942203,-0.117378145,0.5237115;-1.3262558,1.0550888,1.3235121;1.5843529,0.56409186,-0.7219988;1.581705,0.950316,-1.0136431;1.1968156,-0.29491985,-0.45028403;-0.6645872,-0.1937738,-0.28704816;-0.6373897,-1.3399607,-2.260058;0.03210859,-0.69832844,-0.9163486;0.12136113,-0.5074096,-0.29680896;0.6661827,0.3509154,0.15171282;1.4672318,0.75448036,-1.2151769;-0.19303964,-0.76245207,1.4442273;1.7059772,1.5895138,-1.1010008;-1.2346923,0.8780318,1.3215227;-0.6199582,1.8644718,0.6822858;-1.4019964,-0.3484358,-0.30689916;0.5078361,1.5055869,0.11205536;0.28485367,0.044635516,0.59727305;-0.9338432,0.7468768,1.3584306;0.09556709,-0.83286047,1.2914952;-0.23985186,-0.24614686,0.43491286;-0.08808035,-1.2212089,-1.9328274;-0.3623105,0.09622436,-0.25279254;-0.47783267,1.8384049,0.7154101;1.0162007,-0.48376477,-0.16594361;1.6045511,0.59195036,-0.9565225;-0.24331124,1.5940698,0.68370926;0.14909647,-0.5599699,1.4235386;1.696344,-0.27386856,-0.34788164;0.9692805,-0.63200486,-0.7039206;-1.307401,0.9719408,0.7865405;-0.6042557,-0.5762644,-0.25453356;1.274592,-0.47711495,-0.41592032;-0.47268096,-0.6037479,-0.20011117;-0.6954027,0.64195347,1.1923225;-0.18563709,-0.688468,1.7310585;1.4694178,0.060829204,-0.31244478;-0.53387153,-0.73035043,1.8742893;0.12732697,1.7366519,-0.024852771;-0.5756596,1.7597016,0.6327589;1.104472,-0.9507988,-0.14023119;-1.9412374,-0.78951937,-0.4096132;1.6097069,1.1607144,-1.0896341;1.3212947,-0.4249079,-0.5191378;1.4074438,-0.65100753,-0.1035339;-0.21918271,1.397939,0.008537919;-0.3827418,-0.79079777,1.85336;0.59307307,1.3299425,0.10753813;-0.4090096,1.2751676,0.20301881;1.6509856,0.07573758,-0.4327737;0.04585243,0.1485066,0.21935605;-0.19771871,1.5840297,0.64216167;-0.12995367,0.6490659,0.25563043;-1.4017816,1.1083175,0.8508958;1.3208679,-0.5749826,0.19352378;0.12967773,-0.8611129,-0.9353527;-0.9716536,-1.3537115,-2.3247216;0.43943682,-0.62439793,-0.50853837;1.5735539,-0.62151074,-0.09794806;-0.5201393,1.2466741,0.48673794;-0.7032071,-1.4044424,-1.9589262;-0.6695389,1.9403427,0.65166676;-0.8565391,1.936819,0.7074259;1.265356,-0.10230922,-0.09139355;-0.3097601,1.5813427,0.7816103;1.2761998,-0.5540552,0.25421336;-1.5924455,1.3051754,0.9702233;1.5814338,-0.08230329,-0.41266185;-0.07486117,1.591002,0.56105745;-0.09122474,-0.5957947,1.1275861;-0.23315082,1.5662024,0.65175396;-0.62588733,-1.3584709,-1.924931;0.0015358353,-1.1691208,1.5136527;-0.398575,-0.55027163,1.2678711;-0.042141788,0.56377965,1.2456378;-0.025704456,0.061103586,0.6226591;-0.6615644,-1.3321874,-2.2158103;0.26060995,-0.61461735,-0.414688;0.12691025,0.06561135,0.0967146;-1.1218079,0.98729247,1.3847901;-0.46152905,0.4480185,0.9547388;0.48937353,1.4692335,0.06054985;0.5936869,1.2866691,0.09186395;-1.3260853,-0.34820098,-0.3220462;-0.1066422,-0.96061647,-1.2811065;0.23250955,0.47776482,0.21549746;-0.6770306,-1.3517919,-2.2222629;0.114167884,-0.7264554,-0.8750743;1.4069601,0.63782,-0.8157704;-0.04231145,0.49002814,1.0500331;1.0877593,-0.9887111,-0.17335394;0.0009220924,1.851331,0.045918483;1.6954933,-0.22663105,-0.39501986;-0.29705995,-0.9064804,1.6651521;1.503913,-0.2403616,-0.17191575;-1.9126981,-0.8540342,-0.29417983;-0.51379615,-1.2081734,-2.2047253;1.5689158,0.5925785,-1.0301471;0.86466086,-0.50732905,-0.20660955;-0.30822548,-0.71123457,-0.38628647;0.5354847,-1.1647074,1.4413918;1.6744235,1.3158276,-1.107233;1.54365,-0.15853806,-0.35573238;1.5683403,-0.45323265,-0.15426816;-0.93953514,1.9370168,0.77027637;0.6035817,0.5556548,0.21935049;-0.50626916,-1.2068001,-2.2095969;0.029931886,-0.7880743,-1.0313047;0.7651015,0.07878804,-0.19091427;-2.0037663,-0.6879836,-0.5735547;-0.04420226,-0.37776965,0.22764431;-0.32198343,-0.74139565,1.8476691;-0.0027947824,-0.82874924,1.4888577;0.903161,-0.60627866,-0.3002759;0.8951324,-0.23081641,-0.4261394;-0.2929648,-0.08123957,-0.057028566;-0.59320265,-0.78557074,1.7666383;-0.22266215,0.55615574,1.1558529;1.1424329,0.18219613,-0.23173772;1.0240476,-1.3317035,1.3016702;-0.1902424,-0.59785473,1.2565982;0.8568181,-1.2689918,1.3995893;-0.4846928,-0.48764628,1.1493758;0.6838941,-1.1351501,1.4989878;-1.4046575,-0.36985767,-0.312365;0.05356189,1.7307931,-0.08107613;1.668503,0.72919834,-0.91308373;0.6252638,-0.6992375,-1.0307537;0.0006288859,1.6062409,0.11998253;-0.5550914,-0.39735633,-0.21895261;-1.4928772,1.3479905,0.9544586;-0.85096306,-1.2217181,-2.3401608;0.7496484,-1.1986715,1.4310762;-0.057706833,-0.2962296,0.3919911;0.11051801,-0.7770031,-0.35549408;-1.4038347,1.0252855,1.4407187;-0.33161613,-0.7482903,1.7325112;-0.9681344,-1.4148558,-2.2785335;-1.3139982,1.0702292,1.3126793;-0.63362586,0.7898961,0.75935435;0.17205256,0.12163149,-0.021031886;-0.34128714,-1.2090267,-2.1391633;0.5580212,-0.5149821,-0.1027449;-0.022101188,-0.82906216,-0.31153128;-0.24658145,-0.025491761,0.12652366;0.64818805,0.7083981,0.23920794;0.2708392,-1.1619648,1.5421852;-1.0312656,0.8145125,0.8211508;-0.7851472,1.5456934,0.5759879;0.888938,-1.140076,-0.20582792;-0.19155256,0.2697208,0.47268102;0.5497596,-1.2379352,1.4972554;0.17398418,-0.66568494,1.4042516;-0.84442884,0.7524275,1.4184406;0.3657897,0.11980474,0.37767717;1.4832268,-0.6173295,0.15248185;-0.1623624,-0.9711589,-1.7840806;0.10606505,1.7784804,-0.06699256;-0.30896848,-1.3340747,-1.5671074;-0.7395494,1.0886724,0.91071904;-0.73792744,1.2713803,0.55172366;-0.12261868,1.8644366,0.03446904;0.42050272,-0.87530845,-1.0614772;-0.8242216,1.0294198,1.1799889;0.18943897,-0.6626806,-0.3639087;-0.22244772,0.49070123,0.2525883;1.3184752,0.91871786,-0.87788355;0.62541384,0.28224695,0.1191828;-0.15874518,-1.2181152,-1.9077033;0.9160725,-0.99495244,-0.104995556;-0.5901762,0.20838566,-0.47306404;-0.2738125,-1.1463927,-2.2070146;-2.2330415,-1.0261686,-0.33534706;-0.05082104,-0.62464154,-0.16146657;1.019925,-0.33237898,-0.17809282;0.70340484,1.0212797,0.17806756;-0.5711513,-0.693283,1.7441729;-0.092166826,-0.71326333,1.6315738;0.0794702,0.7399593,0.5820333;0.8880775,-0.3682585,0.25719666;-0.34589925,-1.12327,-2.1027024;-2.1462355,-0.8463885,-0.3994787;-0.7521715,1.0300976,1.123807;-0.035518806,-1.2279269,-1.5882816;0.35874987,-0.5726448,-0.48837164;-0.4589566,-0.6075565,1.3001217;1.6325549,-0.36260477,-0.2917242;-1.1803043,0.7944223,0.809165;-1.3547649,1.180171,0.888389;-2.3565226,-1.0577948,-0.57022107;-0.24063686,-0.7981337,1.5893211;1.6444783,0.41028202,-0.8339105;1.4627593,-0.85604393,0.1271591;-2.4571776,-0.92964876,-0.46381462;0.27698386,1.4948162,-0.117918685;1.8388965,1.782603,-1.2427293;-0.18911123,1.525703,0.6556131;-0.9030241,1.929369,0.7713286;-0.4780427,-0.5300414,1.1451665;0.014161414,1.8569671,0.054205418;-0.87339693,-0.2899879,-0.01840865;-1.1651839,0.97197366,1.3080102;-0.4271604,0.55955267,0.6056209;0.16349816,-0.47361305,-0.2695842;0.4101311,-0.30390513,0.78284365;0.89973956,-0.32384676,0.2857514;0.31718802,-1.1873199,1.5243807;0.12582873,1.413882,0.33406636;-0.31523106,1.4274784,0.1854061;-0.9722714,-0.36601228,-0.19957279;-0.684311,1.1775551,0.7459188;-0.12040495,1.8703493,0.08679136;1.5979797,1.0581012,-1.0898591;1.4541914,0.6254226,-0.6490882;-0.08133019,-0.7366513,-0.31425315;0.51435524,-0.8571037,1.3074586;-1.6369851,1.3739092,1.0493913;-2.3752205,-1.0235647,-0.54123527;0.005440579,-0.42256632,-0.03194245;-0.2374859,-0.28170636,0.08877104;-0.63549364,1.2436308,0.5385519;-0.37731567,1.736223,0.6768123;-1.2890254,-0.422483,-0.2540709;0.07850501,-0.8793444,-1.1995116;-0.25162593,-0.7760494,-0.2793429;1.0085723,-1.1956385,1.3581804;-1.1184458,0.9694883,1.2941176;1.4675624,-0.5257224,-0.092042506;1.6216983,-0.5921856,-0.08437481;0.17169213,-0.630431,1.3825464;-0.13338237,-0.99066466,-1.3169161;0.47064808,-0.8130548,-1.0889467;1.9215206,1.9978259,-1.3442558;1.3494881,-0.021121582,-0.16924146;-0.52993053,0.6261845,1.1943958;0.8094414,0.009133785,0.055942852;1.573999,1.0320889,-0.94380873;-1.4826438,-0.54342556,-0.42567158;1.4595336,0.44271058,-0.9575327;-0.84989727,0.61056453,1.1269529;1.0114262,0.27565756,-0.36497113;-0.5705091,-0.6751982,1.7390797;-0.47584182,1.7840226,0.6695493;1.538886,-0.7689602,0.024897642;0.013850124,-0.8540765,1.1653684;-0.86458886,0.9550396,1.2615387;-0.82742774,-0.45483974,-0.20611598;1.6508497,0.3465398,-0.8204529;1.0145429,-0.3193148,0.2542879;-0.6345086,1.8407055,0.7603808;0.19363235,-0.8918087,-1.286882;0.103129394,-0.95383996,-1.5509971;0.81174886,-0.7185087,-0.38840434;0.0046011927,0.87435627,0.6440066;1.780699,1.6053892,-1.2139521;1.8761708,1.8792837,-1.3752255;-0.79447234,-1.211379,-2.3248832;-2.4884892,-1.2455108,-0.38308528;-0.04489307,-1.3487998,-1.5508144;0.24451122,0.33800492,0.11542138;0.12519935,-0.6736716,-0.7181185;-2.3609307,-1.0788578,-0.40408692;-1.1867374,1.093498,0.8971734;-0.20218806,1.4460075,0.68878984;1.614163,1.0943993,-0.86758274;0.9991477,0.4218842,-0.40743813
