data_set
babi-q1
num_classes
6
data_points
1000
model
saved_models/babi-q1-e0173.ckpt
color_schema
#4E79A7,#F28E2B,#E15759,#76B7B2,#59A14F,#EDC948,#B07AA1,#FF9DA7,#9C755F,#BAB0AC
test_accuracy
0.896
test_loss
0.38521378073096274
train_accuracy
0.9685
train_loss
0.08912365460954606
val_accuracy
0.9275
val_loss
0.28442833325266836
labels
12,9,15,12,15,12,11,12,17,17,15,11,17,10,10,15,11,15,17,15,12,17,17,12,10,10,10,15,15,15,12,17,15,15,9,17,9,11,15,10,9,11,9,12,11,15,12,9,17,10,10,17,11,11,15,10,15,12,11,12,12,17,9,11,11,15,15,9,17,17,11,12,11,10,9,15,15,15,12,17,11,9,10,11,17,11,11,12,15,15,9,9,12,9,9,15,15,15,10,10,10,9,17,11,11,12,10,9,17,10,9,9,15,12,15,11,17,15,9,17,10,9,10,12,10,17,11,11,11,9,11,12,9,11,15,9,17,15,9,9,17,12,12,17,10,15,15,15,15,15,11,11,9,17,10,9,11,10,17,12,10,10,10,11,9,11,11,11,15,10,17,17,11,9,9,17,15,10,17,17,12,12,12,12,10,9,17,11,15,17,12,15,11,12,12,11,17,15,9,10,12,17,17,10,12,9,15,12,9,12,9,10,12,10,9,10,9,12,12,9,9,12,15,12,10,17,12,11,9,9,17,11,12,17,12,10,10,10,10,17,12,15,11,11,15,15,11,11,11,11,10,17,9,9,10,10,17,17,15,11,11,17,12,17,17,9,11,10,9,10,15,17,17,15,9,17,15,12,17,9,9,11,17,17,11,17,9,17,11,9,15,15,10,15,15,11,11,12,12,9,9,9,9,17,12,11,9,17,17,15,11,11,17,10,11,17,10,17,17,11,11,15,15,11,11,9,10,11,11,10,15,17,15,10,10,17,12,17,12,12,12,11,17,15,11,17,12,12,15,15,10,11,11,10,10,9,17,12,11,12,11,9,11,11,11,11,11,12,12,12,12,12,11,11,17,10,15,9,9,10,9,10,10,17,17,15,17,17,17,15,15,12,9,10,17,17,10,17,9,11,10,11,10,15,17,15,12,10,11,15,10,11,9,12,17,10,10,15,12,9,12,12,9,12,10,15,15,17,10,10,17,15,15,15,17,11,15,9,10,11,10,12,9,11,10,11,10,12,11,15,15,15,15,11,9,15,10,12,11,12,9,11,10,17,11,11,10,10,10,17,12,17,17,9,15,11,9,15,11,9,10,10,12,12,11,10,9,12,10,9,15,10,10,11,11,15,15,10,12,12,15,11,9,12,9,15,10,17,17,10,10,17,10,10,17,9,9,10,12,11,17,17,12,12,11,12,17,11,11,12,11,11,11,17,9,11,10,12,12,10,11,17,12,12,15,11,15,15,12,10,10,9,17,10,15,12,15,10,10,10,11,10,11,15,10,9,9,15,10,10,10,10,15,15,17,9,10,12,10,10,12,12,11,15,10,10,11,12,10,10,17,12,17,11,9,9,17,17,11,10,10,10,15,15,17,11,15,12,11,10,15,17,9,11,9,17,15,12,15,17,11,17,17,15,9,10,9,9,10,10,9,10,10,15,11,11,11,15,12,9,11,11,10,17,11,11,12,17,15,15,9,11,15,15,11,9,15,15,11,15,15,15,11,10,10,9,17,17,17,17,10,10,17,9,15,9,17,12,12,12,15,15,15,17,9,11,9,17,9,12,11,9,9,17,11,11,11,10,15,10,12,12,9,9,17,12,12,9,17,12,11,11,15,15,12,11,12,17,12,17,11,12,11,17,17,11,17,9,11,9,10,10,12,17,10,12,9,9,9,15,11,11,15,17,9,10,9,12,17,15,17,17,12,10,12,11,11,17,15,9,17,10,9,11,12,15,9,15,12,10,9,10,17,17,15,15,9,9,9,17,10,17,17,9,12,17,17,12,12,11,11,11,11,17,11,17,17,17,17,17,12,9,17,10,17,11,10,10,12,12,11,11,17,12,12,17,17,15,11,17,11,11,9,12,9,17,9,10,9,15,11,9,11,15,10,9,9,9,17,12,11,11,17,15,15,10,10,11,11,17,10,12,9,10,10,10,10,10,15,17,9,11,17,15,12,11,10,10,15,12,10,11,12,12,11,11,11,15,12,17,10,12,17,17,12,10,10,12,17,10,11,17,11,12,17,17,11,12,11,17,9,9,11,17,11,11,15,15,17,17,10,10,17,12,11,15,12,11,11,10,9,12,12,15,10,9,17,15,17,9,17,17,10,17,15,12,12,11,10,10,10,17,17,15,12,17,9,9,15,10,12,15,15,15,17,17,15,11,15,10,12,9,9,10,11,11,9,9,12,15,9,15,9,12,12,10,17,17,10,12,15,9,10,17,11,11,11,17,9,9,11,15,11,11,11,15,12,17,9,10
pred_labels
12,9,15,12,15,12,11,12,15,17,15,11,17,10,10,15,11,15,15,12,12,17,17,12,10,10,10,15,15,15,12,17,15,15,9,17,9,11,15,11,9,11,11,12,11,15,12,9,17,10,10,17,11,11,11,10,15,12,12,12,12,17,9,11,11,15,15,9,17,17,11,12,11,10,9,15,11,15,12,17,11,9,10,15,17,11,11,12,15,15,9,9,12,9,9,15,15,15,10,10,10,9,17,11,11,12,10,9,17,10,9,9,15,12,15,11,17,15,9,17,10,9,9,12,10,17,11,15,11,9,11,10,9,11,15,9,17,15,9,9,17,12,17,17,10,15,15,15,15,11,11,11,9,17,10,9,11,10,17,12,10,10,10,11,9,11,11,11,15,10,17,17,11,9,9,17,15,10,17,17,12,12,12,12,10,9,17,11,15,17,12,15,11,12,11,11,17,11,9,10,12,17,12,10,12,9,15,12,9,9,9,10,12,10,11,10,9,12,12,11,9,12,15,15,10,17,17,11,9,9,17,11,12,17,17,10,10,12,10,10,12,15,11,11,15,15,11,11,9,11,10,10,9,9,10,10,17,17,15,11,11,17,12,17,17,9,11,10,9,10,15,17,15,15,11,17,15,12,17,9,9,11,17,12,11,17,9,9,11,9,15,15,10,15,15,11,11,12,12,9,9,11,11,17,17,11,9,17,9,15,11,11,17,10,11,17,10,17,17,11,11,15,15,11,17,9,10,11,11,10,15,17,15,10,10,17,12,11,12,11,12,11,17,15,11,17,17,12,10,15,10,11,11,10,10,9,17,12,11,12,11,9,11,11,11,11,11,12,12,12,12,12,11,11,17,10,15,9,11,10,9,10,10,17,17,15,17,17,10,15,15,12,9,10,17,17,10,17,9,11,10,11,10,15,17,15,15,17,17,15,10,11,9,12,17,10,10,15,12,9,12,15,9,12,10,15,15,17,10,10,17,15,15,11,17,11,11,9,12,11,10,12,9,11,10,11,10,12,11,15,15,15,15,11,9,15,10,12,11,12,9,11,10,17,11,11,10,10,10,17,12,17,17,9,15,11,9,15,11,9,10,10,12,12,11,10,9,12,10,9,15,10,10,11,10,15,15,10,12,12,15,11,9,12,9,15,10,17,17,10,10,17,10,10,12,9,9,10,12,11,17,17,12,12,11,12,17,11,11,12,11,11,11,12,9,11,10,12,12,10,11,17,12,12,15,11,15,11,12,10,10,9,17,10,15,12,15,10,10,9,11,10,11,15,10,9,9,15,10,12,10,10,15,15,17,9,10,12,10,9,12,12,11,11,10,10,11,12,10,9,17,12,17,11,9,9,17,17,12,10,10,10,15,15,17,11,15,12,12,10,15,15,9,11,9,17,15,12,11,17,11,17,10,15,9,10,9,11,10,10,9,10,10,15,11,11,11,15,17,9,11,11,10,17,11,11,12,17,15,11,9,11,15,15,11,9,15,15,11,15,15,11,11,10,10,9,17,17,17,15,10,10,17,9,15,9,17,12,12,9,15,15,15,17,9,11,9,17,9,12,11,9,9,17,11,11,11,11,15,10,12,12,9,9,17,12,12,9,12,12,11,11,15,15,12,11,12,17,15,17,11,12,12,17,17,11,17,9,11,9,10,10,12,17,12,12,9,9,9,11,11,11,15,17,9,10,9,12,17,15,17,17,12,10,10,11,11,17,11,9,17,10,9,11,12,15,9,15,12,10,9,10,17,17,11,15,9,9,9,17,10,17,17,9,12,17,17,12,12,11,11,11,9,17,11,17,17,9,17,17,12,9,17,10,17,11,10,10,12,17,11,11,11,12,12,17,17,15,11,17,11,11,9,12,11,17,9,10,9,15,11,9,9,11,10,9,9,9,12,17,11,11,17,15,15,10,10,11,9,15,10,12,9,10,10,10,10,10,15,17,9,11,17,15,12,11,10,10,15,12,10,11,12,12,12,11,11,15,15,17,10,12,17,15,12,10,10,12,12,10,11,17,11,12,12,17,11,12,11,17,9,9,11,15,11,11,15,15,9,17,10,10,17,10,11,15,12,11,9,10,9,12,12,15,10,9,17,15,17,9,17,17,10,17,15,12,12,11,10,10,10,17,17,15,12,17,9,9,15,10,12,15,15,15,17,17,15,11,15,10,12,9,9,10,11,11,9,9,12,15,9,15,9,12,9,10,17,9,10,12,15,9,9,17,11,11,11,12,9,9,11,15,11,12,11,15,12,17,9,11
pred_correctness
True,True,True,True,True,True,True,True,False,True,True,True,True,True,True,True,True,True,False,False,True,True,True,True,True,True,True,True,True,True,True,True,True,True,True,True,True,True,True,False,True,True,False,True,True,True,True,True,True,True,True,True,True,True,False,True,True,True,False,True,True,True,True,True,True,True,True,True,True,True,True,True,True,True,True,True,False,True,True,True,True,True,True,False,True,True,True,True,True,True,True,True,True,True,True,True,True,True,True,True,True,True,True,True,True,True,True,True,True,True,True,True,True,True,True,True,True,True,True,True,True,True,False,True,True,True,True,False,True,True,True,False,True,True,True,True,True,True,True,True,True,True,False,True,True,True,True,True,True,False,True,True,True,True,True,True,True,True,True,True,True,True,True,True,True,True,True,True,True,True,True,True,True,True,True,True,True,True,True,True,True,True,True,True,True,True,True,True,True,True,True,True,True,True,False,True,True,False,True,True,True,True,False,True,True,True,True,True,True,False,True,True,True,True,False,True,True,True,True,False,True,True,True,False,True,True,False,True,True,True,True,True,True,True,False,True,True,False,True,False,True,True,True,True,True,True,True,True,False,True,True,False,True,True,True,True,True,True,True,True,True,True,True,True,True,True,True,True,True,True,True,True,False,True,False,True,True,True,True,True,True,True,True,False,True,True,True,False,True,True,True,True,True,True,True,True,True,True,True,True,True,False,False,True,False,True,True,True,False,True,True,True,True,True,True,True,True,True,True,True,True,True,True,True,False,True,True,True,True,True,True,True,True,True,True,True,True,False,True,False,True,True,True,True,True,True,False,True,False,True,True,True,True,True,True,True,True,True,True,True,True,True,True,True,True,True,True,True,True,True,True,True,True,True,True,True,True,True,False,True,True,True,True,True,True,True,True,True,False,True,True,True,True,True,True,True,True,True,True,True,True,True,True,True,True,True,False,False,False,True,True,True,True,True,True,True,True,True,True,True,True,False,True,True,True,True,True,True,True,True,True,True,True,False,True,True,False,True,False,True,True,True,True,True,True,True,True,True,True,True,True,True,True,True,True,True,True,True,True,True,True,True,True,True,True,True,True,True,True,True,True,True,True,True,True,True,True,True,True,True,True,True,True,True,True,True,True,True,True,True,True,True,True,True,False,True,True,True,True,True,True,True,True,True,True,True,True,True,True,True,True,True,True,True,False,True,True,True,True,True,True,True,True,True,True,True,True,True,True,True,True,True,True,False,True,True,True,True,True,True,True,True,True,True,True,True,True,False,True,True,True,True,True,True,True,True,True,True,True,False,True,True,True,True,True,True,True,True,True,False,True,True,True,True,True,True,True,True,True,False,True,True,True,False,True,True,True,True,True,False,True,True,True,True,True,True,True,True,False,True,True,True,True,True,True,True,True,True,False,True,True,False,True,True,True,True,True,True,False,True,True,True,False,True,True,True,True,False,True,True,True,True,True,True,True,True,True,True,False,True,True,True,True,True,True,True,True,True,True,False,True,True,True,True,True,True,True,True,True,True,True,False,True,True,True,True,True,True,True,False,True,True,True,True,True,True,True,True,True,False,True,True,True,True,True,True,True,True,True,True,True,True,True,True,True,True,True,False,True,True,True,True,True,True,True,True,True,True,False,True,True,True,True,True,True,True,True,True,False,True,True,True,False,True,True,True,True,True,True,True,True,True,True,True,False,True,True,True,True,False,True,True,True,True,True,True,True,True,True,True,True,True,True,True,False,True,True,True,False,True,True,True,True,True,True,True,True,True,True,True,True,True,True,True,False,True,True,True,True,True,True,True,True,True,True,True,True,True,True,True,True,True,False,True,True,True,True,False,True,True,True,True,True,True,True,True,True,True,True,False,True,True,False,True,True,True,True,True,True,True,True,True,True,True,False,True,True,True,True,True,True,True,False,False,True,True,True,True,False,False,True,True,True,True,True,True,True,True,False,False,True,True,True,True,True,True,True,True,True,True,True,True,True,True,True,True,True,True,True,True,True,True,True,True,False,True,True,True,False,True,True,True,True,False,True,True,True,True,False,True,True,True,True,True,False,True,True,True,True,True,True,True,True,False,True,True,True,True,False,True,True,True,True,False,True,True,True,True,False,True,True,True,True,True,True,True,True,True,True,True,True,True,True,True,True,True,True,True,True,True,True,True,True,True,True,True,True,True,True,True,True,True,True,True,True,True,True,True,True,True,True,True,True,True,True,True,True,True,True,True,True,True,True,True,False,True,True,False,True,True,True,True,False,True,True,True,True,False,True,True,True,True,True,False,True,True,True,True,True,False
p2d-kl
0.5100761651992798
p2d-iter
599
p2d
2.188018,0.025651397;-0.966958,1.2069919;0.14360686,-2.1768107;2.089101,0.034650818;0.36654255,-2.3396373;1.8736075,-0.124537975;-1.5765388,-0.3437265;1.2600833,-0.13160835;-0.35938838,0.3664371;0.041785862,0.5302518;0.27295196,-2.3125544;-1.1794381,0.036761742;0.8841154,0.2837477;0.4211664,-0.8571721;-0.34665394,0.60773104;0.15844275,-2.152166;-1.4236559,-0.26480296;0.4542661,-2.5721197;-0.42738348,0.4206214;-0.25935447,0.2505013;1.8222806,-0.110517874;0.9736597,0.92364395;0.8740703,0.37790775;-0.26740864,0.75293916;0.009675909,0.11532643;0.5220646,-1.0018805;0.75332963,-1.0383141;0.4304847,-2.525396;0.41831708,0.091735795;-0.23906434,0.39266402;1.9920061,0.004884809;1.148016,0.8784955;0.36546093,-2.4224002;0.38882235,-2.4828048;-1.7109814,1.6651798;0.70221025,0.9533045;-0.84160733,1.2722139;-1.0458447,0.23145552;0.6156056,-0.03988531;-0.22614855,0.06920372;-1.6314008,1.6268965;-1.1547704,-0.049251836;-0.40177685,0.52944505;0.83070755,0.083098084;-1.1952738,-0.08395351;-0.33200577,-0.16844155;0.42455116,0.12971076;-1.5940379,1.7200328;0.77673817,1.0192696;-0.19916879,-1.2601001;-0.023097506,-1.1575208;0.8658073,0.83941543;-1.1164047,0.1586053;-0.4710415,0.51696336;-0.5349705,0.46199858;0.75843865,-1.018182;-0.3502368,-0.28576127;1.5225785,-0.17576255;0.814037,0.035951816;1.7251369,0.028938994;2.1471148,0.015625125;0.91194254,0.9992601;-1.7227377,1.7076287;-0.96008915,0.33939525;0.009168279,0.30667663;0.4963302,-2.5228677;-0.44050014,-0.2798034;-0.40719506,0.9799922;1.3172292,0.64594746;0.83905643,-0.0497553;-1.7922354,-0.4905663;1.9416215,0.07203942;-1.4253845,-0.33358285;-0.22085719,-1.1921115;-1.6646918,1.7785141;0.5982059,-2.5869453;-0.5539386,0.0471134;0.32383338,-2.4271057;1.7082065,0.14716263;1.1482182,0.92170167;-1.6006702,-0.33988658;-0.8595897,1.357785;0.08780169,-1.120858;-0.20511697,0.016521445;0.8919385,1.0054928;-1.5613143,-0.23881738;-1.6228604,-0.3987073;2.0600142,0.040478654;0.5303432,-2.5393012;0.55043465,-2.4394693;-1.5988216,1.6535432;-1.5601616,1.5910679;1.4880526,-0.1888448;-1.257554,1.471606;-0.5145122,1.1448507;-0.26353264,-0.41365123;-0.21341644,-0.38661793;0.0290229,-2.1240923;0.37546724,-0.8689008;-0.333376,0.61556983;0.26640177,-1.100496;-0.8830698,1.3652254;1.1744248,0.51303387;-1.1417702,0.048715744;-0.60327125,0.6364444;1.706209,-0.19203214;-0.16516723,-1.1355164;-0.4455426,1.0775176;1.0081799,0.51684916;0.07285542,-1.1487241;-1.1986865,1.38905;-0.48001102,1.0087749;0.49382728,-2.5703769;1.9010836,-0.072071776;-0.25816604,-0.2353278;-1.1371841,0.12173895;0.75230694,0.30762103;0.8218642,-0.10997661;-0.39328617,1.1153607;0.6196208,0.9982423;-0.0066422117,-1.1125063;-1.5230824,1.6220957;-0.36148256,1.0050694;1.0021591,0.16246061;0.63540804,-1.0038736;0.99846476,0.93635225;-1.4096727,-0.21295545;-0.3033347,0.21179107;-1.670178,-0.58271194;-0.82906085,1.2539424;-1.8234124,-0.52132493;0.18210258,-0.08249714;-0.77470523,1.2222362;-0.9380366,0.29447088;-0.52951694,0.5570889;-1.733193,1.7183297;1.2592044,0.5289675;0.44329253,-2.4225535;-0.9387258,1.3245088;-0.91248804,1.0905428;0.58948386,0.9129911;1.8766075,0.05409887;0.06408204,0.49584273;1.2509364,0.6307782;-0.28199443,-1.2651762;0.4627111,-2.4584546;-0.17633563,-0.43504807;0.28373754,-2.4587674;0.08870174,-2.263177;-0.5554408,-0.018473258;-1.7272943,-0.5692366;-1.281758,0.070845336;-0.7894073,1.1248425;1.190234,0.45410332;-0.062327135,-1.083654;-1.0612749,1.3741491;-0.6589145,0.52800375;0.5093506,-0.8413441;0.55096775,0.9453364;1.2493391,-0.09508254;0.7232173,-0.9827495;0.057379223,0.06813625;-0.018690128,-1.1337861;-1.0344336,0.31770733;-0.449715,1.0500586;-1.7211581,-0.59816444;-0.6614345,-0.12361773;-0.64650923,0.040130764;-0.23409137,-0.44100833;0.067216724,-1.1075917;0.921758,0.97502387;0.5792659,0.48499656;-0.6590416,-0.15768358;-1.3445721,1.5122783;-0.872415,1.0997663;0.9933928,0.90567464;0.082214415,-2.1778564;0.4081981,-0.9658778;0.86778635,0.8503442;0.7577225,0.34617114;1.8009324,-0.15513489;0.64007187,0.1333775;1.641891,-0.22977951;1.653239,-0.1712436;-0.12162326,-1.0809953;-1.6856616,1.7037956;1.321815,0.5365353;-1.1303111,-0.04491452;0.02974073,-2.1785352;1.2858338,0.5068654;1.7763798,-0.13319221;0.39926848,-2.3886535;-1.6012791,-0.6009072;1.8329961,0.07363802;-0.4305519,0.30392098;-1.8242466,-0.65232867;0.10731768,0.4085918;-0.5779193,0.019926574;-1.0116223,1.2688848;-0.05088243,-1.1605712;2.0262885,-0.00872593;0.68382883,0.9915454;0.5412643,0.13854486;-0.29068297,-1.2973127;1.0255986,0.042072043;-1.5919062,1.6385307;-0.24748203,-0.36162376;2.1631336,0.04863245;-1.0030532,1.303358;-0.700415,1.0094166;-0.7773499,1.3116015;-0.25668448,-1.2299082;1.7544001,0.12038196;-0.0025357546,-0.031693503;-0.39614108,0.48853332;0.4368229,-0.90827215;-0.8296555,1.26577;1.5791774,-0.107207;2.0417995,0.05016703;-0.45423397,0.75511426;-0.73391104,1.2757597;0.7457302,0.2189798;0.47914633,-2.406896;-0.37600273,0.13204049;0.039886475,-1.1166011;0.70216006,0.96917826;0.39948258,0.31052616;-1.4557092,-0.23388088;-1.2728367,1.4394209;-0.8843768,1.1336598;0.87576866,0.98358005;-0.5288276,1.1048627;1.9347844,0.07793315;1.1236948,0.9569993;0.06827394,0.47766396;0.2366385,-1.0806798;0.6046382,-0.8260259;-0.41441563,0.776632;-0.1565447,-1.1205517;0.13188845,0.13395905;1.4995469,-0.15440403;0.34784976,-2.4085355;-1.6136179,-0.62084204;-0.3838361,0.46302974;0.17775308,-2.1394496;0.39949048,-2.4334126;-1.491437,-0.26656806;-0.7938194,0.17867482;-0.3146424,0.76049846;-0.83409554,0.16966552;-0.105696455,-1.2105429;0.3071395,0.12681377;-1.3112535,1.5201485;-0.36596084,1.0763425;0.2323794,-1.0936742;0.16778573,-1.1106704;0.93359107,0.8406373;0.8635825,0.47832516;-0.39445537,-0.20885457;-1.65577,-0.50943416;-1.8571256,-0.6234691;0.53643966,0.91287214;1.470964,-0.14988464;0.6649787,0.9563636;0.78233933,0.48681065;-0.8438375,1.3109677;-1.1708004,0.07176865;0.7849327,-1.0133815;-0.895543,1.1476992;-0.28636822,-1.1974646;0.5172099,-2.5556216;0.90669066,0.52410096;-0.33601844,0.27710465;0.6183058,-2.5522702;-0.24343994,0.36284113;0.84536433,0.5876428;-0.24659042,-0.26879847;2.1302805,-0.025009174;1.324347,0.49244872;-1.174401,1.4208547;-1.6349608,1.6251422;-1.2125611,-0.07038492;0.4811524,0.87002194;0.6776233,0.21346289;-1.4785929,-0.32044983;0.8325091,0.97963756;-0.6078875,1.2954562;-0.2949632,1.0745012;-1.4082762,-0.30298403;-0.8150595,1.3423575;0.4903347,-2.5219076;-0.37936547,0.24505085;-0.13891774,-1.1988351;0.24958764,-2.3571944;0.26208204,-2.3963063;-1.2221825,0.06050467;-0.6446952,0.537463;0.605309,0.18016875;1.7621269,0.033798143;-0.6955941,1.2696879;-1.6813141,1.7470529;-0.59129393,0.69195276;-0.40731823,0.40357587;0.800907,0.9637463;0.7310299,0.38980073;-1.2928505,-0.048990276;-1.3132333,1.4825227;1.0252932,0.4627799;-0.32509837,0.9061037;0.06674157,-2.1629484;-1.5375246,-0.34134334;-0.6699794,0.49347052;0.4822786,0.45693398;0.46497402,-0.9860247;-0.18995501,0.20966159;0.81279784,0.937326;-0.18644913,-1.0727679;0.89715165,0.858116;0.87536764,-0.06409757;-0.73678756,-0.17154942;-1.6545491,-0.41835758;0.34091395,-2.3885138;-0.4443462,0.21962447;-1.6062735,-0.5939538;0.31826606,0.14301708;-1.6742259,1.6954334;0.579276,-1.0004761;-1.8616236,-0.6865676;-0.6452092,-0.08352633;0.6802451,-0.84867954;0.143374,-2.1363432;0.79479975,0.98373795;-0.22660464,-0.46948722;0.55758476,-0.80080026;0.10052221,-0.047948323;1.114823,0.545248;1.4140273,-0.1479363;-0.5313643,0.64405227;1.6957641,-0.2086709;-0.4809415,0.5522752;1.855741,-0.14314331;-1.8724384,-0.66095597;0.48312506,0.8938904;0.5066621,-2.4518332;-1.593113,-0.43735304;0.80997133,0.9465236;1.3873348,0.60561496;1.5622566,-0.20682637;0.01948058,0.0808211;0.4977348,-2.5063066;0.74095863,-1.0371717;-0.6299899,0.11064471;-1.654257,-0.5976095;-0.058114663,-1.1935823;0.19604549,-0.07740999;-0.8256985,1.3282355;1.1839364,0.81978935;1.0164803,0.11219614;-1.6983452,-0.5174052;1.7141263,-0.11635822;-1.4524171,-0.27567518;-0.7933186,1.3813244;-1.0236334,0.3112919;-0.73878473,-0.15122469;-0.8598793,0.26886377;-1.8348064,-0.6299082;-0.69263506,-0.11980995;1.3362925,-0.15699616;2.1055799,0.023173163;0.5786808,0.10108899;1.4828116,-0.14894217;0.7076714,0.24007432;-1.0231907,0.23684375;-0.24169786,0.071989;0.62213033,0.9445172;0.13669258,-1.0863895;0.3925889,-2.4306233;-0.92697805,1.2479296;-0.56911653,0.6703533;0.39612302,-0.8891863;-1.6561387,1.7246925;0.02678257,0.009354181;-0.304803,0.89399785;1.1382722,0.6702943;1.0204629,0.58323765;-0.38952148,-0.25811574;0.9859549,1.0436158;0.51819015,0.90856993;0.16575791,0.0843997;0.18195163,-2.2277296;0.3569112,-2.385811;1.5869365,-0.1666413;-0.68420035,1.329603;-0.31616268,-1.2729309;1.2811517,0.48095995;0.9463369,0.9608852;0.6638946,-0.83747804;1.4137572,0.5359679;-1.2436361,1.4536067;-0.9963589,0.3653132;0.16336875,-1.112007;-1.785904,-0.69655;0.48447853,-0.9309134;0.03155127,-2.2096734;1.1465101,0.8466439;-0.38527998,-0.18029022;0.636957,-0.033566367;0.53564274,0.30946094;0.026908636,0.33101252;-0.2410023,-0.45375344;0.3572742,-1.1198659;-1.6621164,-0.39981142;-1.6406887,1.7075281;1.1960258,-0.15609804;1.1005027,0.8850942;-0.25631446,-1.2410479;0.10688373,-0.018355405;-0.2833168,-0.31027192;0.9654015,0.07650701;-0.84545285,1.3695494;0.6977879,0.12428469;0.8401448,-0.086779594;-1.381659,1.5188146;-0.017629506,0.3064259;-0.19051898,-1.142374;-0.37053356,-0.32757056;-0.39342454,0.11834951;0.40532434,0.8612973;0.32919404,-1.0978938;0.17481223,0.00035216802;0.855076,0.57845044;-0.25748682,-0.3257195;-0.32324952,-0.36466402;-0.21177685,0.20633656;1.1404542,0.897886;-1.6850917,-0.3881936;-0.4677256,0.49771443;-0.6691326,1.2020882;-0.10482917,0.31012052;-0.40202117,0.23910385;0.6491717,-1.0195493;2.1302826,0.052036326;-1.0287057,1.2614264;-0.8080254,0.060278606;0.3901458,-1.0603489;-0.9811402,0.2781341;0.31012446,-0.7367758;1.2242008,-0.09050916;-1.0254781,0.18403815;0.4738177,-2.6382408;0.33113453,-2.35108;-0.29496947,-0.364865;0.57255703,-2.6341445;-1.2628198,0.07120477;-0.7790336,1.3675789;0.28636035,-2.3254282;-0.12525535,-1.1745685;2.0912507,0.0062727383;-1.5735195,-0.27192292;1.8418975,-0.09011935;-0.80631834,1.294729;-0.84522647,1.0264788;0.30387264,-0.6943675;0.9052288,1.0291485;-1.4912691,-0.532387;-1.5697087,-0.36858404;0.053371836,-1.0764313;0.20654447,-0.09975976;-0.31642506,-1.229013;1.1085901,0.8509752;2.1146362,-0.026508821;0.8864438,0.8241905;0.076777734,0.53612155;-1.1051587,1.2592431;0.49110818,-2.4431522;-1.2615037,0.030753542;-1.7268993,1.7793654;0.10148159,-2.1685312;-1.4290847,-0.2523736;-0.7896271,1.3941514;0.6708691,-1.0242529;0.0742274,0.07899433;1.9387382,0.009778903;0.976374,0.21212232;-1.0859417,0.081531614;-0.22162965,-1.2324953;-1.5151817,1.6427264;1.4450653,-0.14133891;0.7857816,-0.9833889;-0.87016433,1.1492099;0.5607573,-2.5629985;-0.14970013,-1.2067418;0.44695044,-0.8204041;-0.65138894,0.58033913;0.008242489,0.030470116;-0.33494005,-0.260067;-0.47356427,0.43085647;0.3750361,-1.080635;1.3498213,-0.14532173;0.3660176,0.18367893;0.21991287,-2.3645;-1.2058283,0.102119334;-0.66497695,1.283494;2.1392698,-0.026707541;-1.3943001,1.4561726;0.31961098,-2.3683546;0.3064998,-0.90628207;0.5252203,0.49772188;0.47289518,0.31782994;-0.12506591,-1.1511883;0.3322311,-1.0957925;0.5217166,0.8841518;0.42477515,-0.91989577;-0.10113886,0.61076903;0.8140894,-0.09724369;-1.7271267,1.7621565;-0.4320068,1.1039655;0.5569857,-0.8319431;1.2994537,-0.12849809;-0.9536544,0.30931416;0.83598775,1.0267854;1.270728,0.45421588;1.9309705,0.05753779;0.046268582,0.27182326;-1.6522673,-0.65205145;1.7375218,-0.09363439;1.1267538,0.87444466;-1.4730216,-0.5241935;-0.35408074,0.28138244;1.829787,-0.18158706;-1.8297453,-0.67766637;-0.67951447,0.030514402;-1.6632205,-0.35832837;-0.07813853,0.21543024;-0.7107534,1.1842421;-1.7085775,-0.40008003;0.22981004,-1.1362768;1.528774,-0.04443138;0.41878432,0.19533537;0.42685476,-1.0637685;-1.768946,-0.6136819;0.8249155,0.52157706;1.6556538,-0.1946254;1.705262,-0.08548995;0.13531195,-2.1667788;-1.6770669,-0.42539877;-0.34716043,-0.10538755;-0.5258806,0.4584599;1.8744386,0.050896805;-0.20303477,-1.1182042;0.738361,-1.0566918;-0.6950018,1.2994946;0.74365693,0.4643409;0.67052954,-0.82318354;0.092157476,-2.2507644;1.7782967,-0.13179839;-0.52296907,0.3515119;0.5814017,-0.803362;0.1733335,0.019420223;-0.6592014,1.0343554;-1.4647553,-0.28880316;-0.25350982,-1.1643016;-0.90098816,0.019841343;0.24113165,-2.348146;0.22685844,-0.89297634;-1.5434102,1.6054344;-0.71180093,1.2239336;-0.20015937,-0.23938571;0.23272626,-0.88123524;0.45329395,0.10821002;0.8059717,-1.0337898;0.04063455,0.07203527;-0.5270325,0.5116731;-0.47314915,0.41556445;1.1812181,0.66033757;-1.4583018,1.5642022;0.32153013,-1.0935962;1.7719846,0.13999635;0.28840834,-0.85192513;-0.3920864,0.96858096;2.2022216,0.008443008;0.5573537,0.21454418;-1.7282717,-0.70730036;-0.73315394,0.041959744;-0.27215263,-1.2423918;0.60021985,-1.03039;-0.99242055,0.320343;0.8698974,0.042044632;0.39826676,-1.0420933;-0.41258916,0.9022823;1.0510496,0.9589137;1.7364244,0.009147046;0.96453536,0.94906414;-1.5391434,-0.55583906;-1.6956574,1.7937429;-1.7689797,1.7384183;1.2397856,0.51835907;-0.0064048027,0.53871465;0.08873018,0.27461705;-0.30903888,-1.2569803;0.27257904,-1.1223626;-0.24354786,-1.2607458;-0.4064536,0.012699615;0.36890888,-2.5281906;0.5219682,0.9367811;-1.7841859,-0.5358205;-0.37888387,-0.14785506;0.71667033,0.089150295;0.77384406,0.015269124;-0.40408516,0.81965154;0.38891572,-2.4554846;0.4362165,0.045800805;-0.5194531,1.0614165;-0.59827733,0.12316498;-1.6358451,1.6644027;1.2879618,0.523938;-0.3862831,-0.19900817;1.313361,-0.14564545;-0.16299534,0.1496786;0.9154555,0.47262684;-1.5710905,-0.46538976;1.1362334,0.49542856;0.09037382,0.10725686;-0.42121238,-0.07868396;-1.3452053,1.4474057;0.21803838,-0.19187942;-0.788074,1.2494448;-0.39113954,1.0360498;-0.18226181,-1.1940424;0.10403801,-0.002235901;-1.5434102,1.6054344;0.15255193,-1.0794508;0.17211902,0.07170426;-0.30407634,-0.44290453;-1.6308742,-0.6819216;-1.248317,0.042444013;-0.88791275,0.23565987;-0.28551227,-0.28862718;0.5808059,0.36061946;-1.239965,1.4272608;-1.0929904,0.14933269;-0.16626798,0.124094255;0.048353534,-1.0423932;0.8279365,0.4366867;-0.71634144,0.08926008;-1.1708509,0.09537949;1.6206629,-0.18095376;1.1852809,0.7809999;-0.27586657,-0.41172418;-0.4231202,0.57354885;-1.326312,1.4906368;-1.135008,-0.022749439;0.22154658,-2.3224137;0.1174917,-2.2498243;-1.5662012,-0.37913856;-1.6732385,1.7317585;0.10652234,-2.1304913;-0.38053375,-0.13715212;-1.6470696,-0.33592337;0.41300824,-2.5460713;-0.33033788,-0.17185894;-0.413145,0.37636918;-1.112783,0.09667996;0.5577333,-0.8854144;0.17157131,0.02916286;-0.8657283,1.3037107;0.52955616,0.44259304;0.5868794,0.9736226;1.0404705,0.1784897;-0.31630027,0.25609598;0.2044569,-1.1256026;0.53328305,-0.7117334;1.2263135,0.49619833;-0.36606082,1.1131719;-0.20774858,-0.25112957;-1.4893092,1.6028644;0.8831565,0.93881327;1.8724401,-0.16360901;0.49289483,0.11267486;-0.3429894,1.025616;0.5039544,-2.5608356;0.5224389,-0.042182133;0.43337774,-2.598455;1.0680168,0.6285301;-0.48308074,0.79811853;-1.6375632,-0.48138103;-1.4292306,1.5528692;-0.21287496,0.39511985;-0.6247559,1.3377421;1.378389,-0.16022323;-1.7662379,-0.5032286;-1.473844,1.5875946;-0.8311711,1.0848688;1.2038214,0.48680916;-1.0781982,0.09147026;-1.7393297,-0.37025854;-0.78199935,0.06613435;-0.43577513,0.769878;0.307857,-2.325597;0.22129086,-0.103572525;2.077912,-0.00787098;0.37075076,0.24607645;-1.5417935,1.661143;-0.7981353,1.0864733;0.41518804,0.8672735;2.1361015,0.013033655;-0.086169414,0.24850963;-0.71405774,0.9703094;-0.33978096,0.7263152;0.8255396,0.041329782;-1.6163943,-0.35007092;-1.4525515,-0.20978147;-0.43593076,0.023204146;0.12802759,-2.2241786;1.9345974,0.15088613;-1.8405584,-0.58990514;1.2927845,-0.1498074;0.9525975,0.8467637;0.5282204,-0.04294108;0.7484035,0.38638878;-1.7485038,-0.55235606;1.6065086,-0.11758529;0.85716945,0.010564362;1.216139,0.7712413;0.8478936,0.35361972;-1.1450896,0.10277268;0.5709536,0.34358835;-1.7131587,1.7261952;-1.12267,0.15521021;-1.2974143,1.43106;0.7010106,-1.0290087;-0.14217527,0.6349919;0.5647951,0.13548787;0.9531264,0.89817685;0.019464608,0.12022527;1.8451974,-0.15483122;-1.2233915,1.4473997;-1.3486805,1.5217894;-0.66622025,1.1283075;-0.6681389,-0.18336326;-1.7151171,-0.44439122;-0.8405497,0.22307964;-0.4392469,0.10990576;-0.2708493,0.7272126;-1.3209672,1.4125012;0.49617448,-0.9578327;-1.5616001,1.665913;1.7270852,-0.13919146;1.3756174,0.55654234;0.15400566,-2.186316;0.658562,0.92469656;0.55506134,0.3821111;1.5706868,-0.16777284;0.38266537,-1.0225619;0.2127294,-0.1552852;-1.5113928,-0.20381367;-0.6204945,-0.09052861;1.1615504,0.5463129;-0.4576557,0.5963685;-1.0463542,1.3151299;0.9380496,0.5393317;0.40920687,-0.9085753;-0.6527624,1.2499341;-0.96390104,0.38127792;1.8308884,0.1295041;-0.39370188,-0.26295364;-0.5101819,1.1176634;-0.42496547,-0.07214015;1.5411215,-0.16326086;0.27703592,-0.8767232;-0.6980845,1.1740252;0.67687654,-0.9781122;0.8907917,0.9641257;1.0136486,0.57338923;-0.4932227,0.4923662;0.4458382,-2.4649768;-1.500413,1.5654745;-0.600527,1.179102;-0.40668693,1.097432;1.0491236,1.0225384;0.5723477,-1.0179732;0.64149296,0.92632395;1.1250734,0.7032104;-1.2273254,1.4181267;-0.26892605,0.24224819;0.8412606,0.5411102;0.44784153,0.29293925;1.7756602,0.123656094;-0.29818088,0.9312297;-0.70822066,0.05587283;-1.8461461,-0.67774355;-0.52969795,0.17513335;-0.35812864,1.0644935;0.83063865,0.37535033;-1.6710447,-0.6130118;1.2620404,0.5414674;1.3479544,0.58124053;-0.2661054,0.76400965;0.9655958,0.4785204;-0.31842855,0.8454791;1.8726704,0.092610106;-0.7009631,1.3224688;0.83293986,0.59893054;0.23426072,-0.1860907;0.9823536,0.46383512;-1.5374659,-0.36716923;0.2190438,-1.1625172;0.47640127,-0.7215457;1.2580901,-0.13641793;0.794292,0.21535584;-1.6562431,-0.3588015;-0.59286505,0.051761664;0.02720083,0.22293854;1.7349691,-0.1933249;0.8436326,0.07205581;0.6336699,0.9730685;0.62964064,0.94306904;0.17262265,-2.1785107;-1.074843,0.1074756;0.7217611,0.31391755;-1.7342509,-0.50035113;-0.60740644,0.0769159;-1.0687503,1.3725089;1.1980295,-0.08314953;-0.58317566,0.6865387;0.9166348,0.9385848;-0.6421125,1.2992765;0.5072022,-1.0765113;-0.69848055,1.1172712;0.49596387,-2.598693;-1.7602224,-0.48092628;-1.2924511,1.4901586;-0.47029093,0.80704594;-0.73381895,0.1824924;0.02191501,-1.1332964;-1.4894079,1.5826834;-0.75306636,1.2192508;-0.39946264,1.0605583;2.1006553,0.09298461;0.07356289,0.5301933;-1.5806831,-0.26105744;-0.69451326,0.014007303;0.015034726,0.43204808;0.22346266,-2.2568476;0.37195724,0.08210343;0.60450613,-1.009466;0.5570676,-0.9950569;-0.6079054,0.6371804;-0.41195726,1.1400726;-0.26913783,0.3308605;0.7557144,-1.0078835;1.2238733,-0.14438511;-0.7057086,1.0020092;-0.30060336,-1.2257261;0.023328278,0.005835966;-0.15170582,-1.1714326;0.51317704,-0.76050955;-0.09275866,-1.1910621;0.123481415,-2.1494226;0.92068195,1.0205293;-0.9718783,1.359281;-0.9980846,0.29117453;1.0043561,0.8561855;-0.44400945,-0.25191832;2.0050848,0.048442654;-1.8396101,-0.6328929;-0.038288947,-1.116965;0.33205086,-0.72791076;-0.24895495,-0.19889;1.7682252,-0.20566814;0.7147958,-1.0043793;-1.7560012,-0.5893102;1.8571415,-0.12417014;0.9742883,0.20077512;-0.038388964,0.30993414;-1.6991117,-0.39855298;-0.73187494,0.109693564;-0.257937,-0.2090992;0.5657696,0.0049066027;0.5092091,0.4345615;0.214115,-1.1026495;1.9447802,0.07425967;1.3476541,0.6295557;-0.52356756,0.62177074;0.63340527,0.16430895;0.16540045,-1.1469022;0.42150983,-0.8952695;1.4674997,-0.22555393;0.37661743,0.23610578;-0.32084122,0.905916;-1.2545365,0.034859754;1.009279,0.97321403;-1.7184925,-0.64256316;1.0672921,0.055853438;0.9413225,0.077829964;0.96056813,0.9407247;-1.051435,0.1983467;1.5968758,-0.093672015;-0.47668466,0.2824693;0.54291016,0.4826903;-1.1828821,1.380637;-0.23623268,0.765197;-1.4145205,-0.18756293;-0.42203397,0.43586886;-0.68891186,-0.21782911;-1.7002982,-0.33216774;0.4578362,-2.5322454;-0.36367923,-0.08440985;-0.4281744,0.7582059;0.4849756,0.893011;0.7073257,-0.9881394;0.55690676,-0.96548563;0.56056726,0.42449692;-0.34891695,0.8205798;-1.7237881,-0.5063228;0.38543734,-2.4084806;1.5739546,-0.069515646;-1.5642385,-0.43280947;-0.6292835,0.25595716;0.52343845,-0.7972922;-0.61290026,1.2575185;1.8612558,0.06083259;2.04904,0.023339767;0.5565546,-2.4974043;0.49705318,-1.0225259;-0.86454076,1.3095659;0.3856167,0.8447178;0.6133302,-2.5684495;0.9609185,1.0218612;-1.6778561,1.726616;0.93989974,0.5307199;1.243565,0.43958497;0.63270813,-0.8225568;0.96557546,1.0431445;-0.17533055,-0.3581188;1.8213183,-0.13520965;0.63574016,0.1941638;-0.52047086,0.23371798;0.18142167,0.05198754;-0.40174064,0.87696946;0.19208996,-1.1333418;0.94740677,0.7909443;0.8818029,0.51486737;-0.2505714,-0.39881197;0.998255,0.08739891;1.0195925,0.9103174;-1.6055212,1.6755394;-1.0388032,1.3064858;-0.4039381,-0.069095634;0.038840257,-1.0326527;2.1124387,0.011172787;0.55729747,-2.4854658;-0.33367938,-0.074477926;0.4908025,-0.06437087;1.1580257,0.6554959;0.9318919,0.54320854;-0.2849687,-0.40436783;-0.90555656,0.12880203;-0.41708824,-0.16082673;-0.21150355,-1.2046492;1.7529703,-0.11381863;-0.4939482,0.9822562;-0.34721595,1.0812081;0.23617974,-0.86421466;-0.79845136,-0.10021762;-1.1367363,0.12978832;-1.7420425,1.7622594;-0.71190995,1.0396023;1.4715099,-0.17937471;-0.45018804,0.45454895;-1.368396,1.4886099;0.12110012,-2.224589;-1.3640383,1.5476698;1.5906309,-0.21011475;-0.049281526,0.33493945;0.7282803,-0.98503435;1.11393,0.5314777;-0.27402785,1.0496328;0.49079356,-0.8131308;1.4773378,-0.112942174;-0.31820977,-0.32461601;-0.84208655,1.3476534;-0.4138304,0.8997597;1.262325,0.47052333;-1.3811913,-0.116265535;-1.2269549,0.060977783;-0.58033824,0.52216744;0.6461066,0.3579384;-1.6395419,1.6600084;-1.7043351,1.6672297;-1.8272794,-0.5558523;0.5881194,-2.6222136;-1.1787342,-0.033315837;0.56936896,0.10020413;-0.6854981,-0.03881675;0.45588258,-2.482943;1.8042841,0.0907461;0.9147319,0.4727993;-1.3780004,1.4844123;-0.79908115,0.065446995
p3d-kl
0.4066552519798279
p3d-iter
599
p3d
-1.1967956,1.7307179,1.6258068;1.4806219,-0.727442,-1.1526563;-1.6227331,-0.21782081,-0.3540647;-1.1668717,1.6044543,1.4427497;-2.1667464,-0.17738616,-0.36203137;-1.3776425,1.0970545,1.4136447;0.17867981,1.6570263,-1.2175541;-0.88555795,0.07150489,1.0258628;0.54665256,-0.051870275,-0.18990211;0.72170776,-0.18446924,0.35205022;-1.9773674,-0.31216255,-0.39614508;0.44197673,0.8080114,-1.2328359;-0.48327944,0.6332639,0.17312272;-0.30215007,-1.2136734,0.7651626;0.7761575,-0.5690677,-0.25517797;-1.6014502,-0.25071242,-0.3376392;0.25485104,1.3293215,-1.1212716;-2.581816,-0.32336408,-0.5388208;0.6265589,-0.09542985,-0.28942394;0.20669508,0.038033225,-0.04227854;-1.3272507,1.0052316,1.4005982;0.5638232,0.86852044,1.4412657;-0.026655192,0.60158235,1.053957;0.990987,-0.21649273,0.08758808;0.25365323,-0.57834214,0.06932254;-0.54299533,-1.4290715,0.9370667;-0.8025817,-1.3474901,1.2716933;-2.462662,-0.41875577,-0.52435404;-0.22137395,0.06931507,0.18871383;0.4947885,0.2305686,-0.069444016;-1.1347347,1.358313,1.4336119;0.3015972,1.0505707,1.4436786;-2.2445884,-0.33635336,-0.40916204;-2.3721955,-0.24312672,-0.42774615;1.1593926,-1.5671664,-2.3856251;0.8014461,0.40866497,1.1457275;1.7195845,-0.7273302,-0.93464273;0.65727085,0.38696837,-1.136113;-0.6007021,0.29139903,0.23714761;-0.009702398,-0.24770075,-0.21761847;1.1051445,-1.4661621,-2.1711354;0.5429869,0.96000475,-1.1016448;0.73186344,-0.32122624,-0.43978822;-0.5233088,0.377624,0.7499129;0.4839725,1.0648797,-1.1088744;-0.44604012,-0.02945542,-0.4540416;-0.1668995,0.049274508,0.27189606;1.2222977,-1.6381323,-2.2239833;0.8275086,0.6365831,1.170177;0.30163404,-1.8510971,0.013418264;-0.06569235,-1.7648774,0.23643844;0.45711687,0.5164755,1.4067156;0.5021635,0.5119864,-1.2524852;0.8142801,-0.11355342,-0.33163905;0.7540759,-0.0095163295,-0.48026273;-0.79984874,-1.3200791,1.278013;-0.54605997,0.2409414,-0.39956442;-1.2076237,0.4465773,1.1563807;-0.5596335,0.43273443,0.64922893;-0.9531496,0.9979657,1.2891582;-1.199371,1.6517882,1.5653623;0.7309315,0.8522203,1.3410646;0.99074864,-1.6280518,-2.3412902;0.81538707,0.18626997,-1.0173088;0.2902972,-0.09925537,0.16728143;-2.5466843,-0.48821953,-0.4434589;-0.43895704,0.3990912,-0.4871403;1.4207704,-0.40995896,-0.19632635;-0.21174707,1.1155663,1.4317144;-0.646665,0.63144964,0.57071954;0.06313646,2.1956165,-1.2282838;-1.0342644,1.3393899,1.2813394;0.0893872,1.3725196,-1.1788361;0.2140172,-1.7745006,-0.032534774;1.1448871,-1.7270851,-2.3864744;-2.7689736,-0.5690389,-0.42476812;0.058684494,0.24939047,-0.52820534;-2.1777012,-0.43701673,-0.42033672;-0.9301492,1.052232,0.85331386;0.3687988,1.1435509,1.4189756;0.20721544,1.6971298,-1.2444311;1.8499877,-0.6908924,-1.058102;-0.26744857,-1.830187,0.3157579;-0.116162926,-0.100146785,-0.061849046;0.7448674,0.81147116,1.3200053;0.3643604,1.5363383,-1.311606;0.09864268,1.7824203,-1.2841452;-1.1222787,1.5388658,1.4319876;-2.6269822,-0.4585985,-0.42578307;-2.530379,-0.5748074,-0.29945588;1.1730357,-1.5111219,-2.165685;1.1964653,-1.4752237,-2.0053813;-1.1593136,0.3747411,1.2369484;1.5001004,-1.1810408,-1.5311106;1.5430417,-0.17440067,-0.5501388;-0.75005627,0.37162524,-0.17104477;-0.7089867,0.29281837,-0.067742065;-1.4152904,0.002353296,-0.34320655;-0.24802494,-1.2808114,0.723584;0.77239054,-0.5995856,-0.23389065;-0.52068,-1.7157034,0.54933643;1.8633363,-0.7536834,-1.0627282;-0.18540809,0.67901045,1.5481462;0.50955325,0.75669837,-1.2067201;1.1154504,-0.04542148,-0.4991822;-1.4082836,0.7346496,1.3081281;0.116996974,-1.6800821,0.08720208;1.5612298,-0.2436458,-0.3467185;-0.06977618,0.34929243,1.5023785;-0.24074668,-1.7952665,0.29634082;1.4791907,-1.0087142,-1.4333243;1.3868763,-0.35188964,-0.35584015;-2.6107621,-0.4688884,-0.5266768;-1.2404823,1.1360767,1.4729575;-0.38134617,0.26159388,-0.22170271;0.52560526,0.6047185,-1.2591606;-0.12185685,0.29637817,0.8810032;-0.7187294,0.6949941,0.45565808;1.4421389,-0.06748561,-0.29072964;0.8136377,0.38759124,0.9675886;-0.08622181,-1.809815,0.29642734;1.260517,-1.4516505,-2.0295568;1.4641811,-0.3195971,-0.13157262;-0.40626934,0.6790404,0.9651182;-0.57277465,-1.4004245,1.1726333;0.47053155,0.81762695,1.3277093;0.31728828,1.2510848,-1.1898681;0.17098433,0.027762711,-0.17407118;-0.13373914,2.039043,-1.0050436;1.7042681,-0.72233933,-0.89900845;-0.025856154,2.2393203,-1.2790254;-0.12859924,-0.74528325,0.34312764;1.6578599,-0.6417868,-0.799311;0.7154143,0.19218554,-0.96756226;0.92366225,0.0049317353,-0.36614633;0.9837539,-1.6560912,-2.3592806;-0.2419589,0.8472066,1.6264166;-2.3675337,-0.35723937,-0.31038514;1.7273498,-0.9156882,-0.984163;1.3246939,-0.5290835,-1.0228231;0.8133927,0.19143113,1.009201;-1.0898646,1.2739259,1.1797714;0.63148856,-0.22077705,0.36228138;-0.19870555,0.9799369,1.383651;0.314369,-1.8783851,-0.17180796;-2.4359024,-0.395518,-0.34489834;-0.81724834,0.31677237,0.0056509697;-2.135494,-0.47502142,-0.55037254;-1.7519258,-0.02730585,-0.44155043;-0.025708187,0.3383429,-0.40805218;-0.046034805,2.1604297,-1.0092547;0.35033172,0.84854656,-1.4094867;1.4597148,-0.5361942,-0.81898636;-0.2854059,0.61715966,1.6253302;0.07157828,-1.8176162,0.31923378;1.5936626,-0.88311005,-1.2579523;0.8687543,-0.029626928,-0.71874106;-0.46834362,-1.0981004,0.7960228;0.81991243,0.21151154,0.90776587;-0.8178366,0.1142323,1.0469397;-0.7155895,-1.2876612,1.2512972;0.1315468,-0.59438205,0.124970734;-0.06934759,-1.7660208,0.2659739;0.80945206,0.27022794,-1.1234967;1.5293734,-0.3072118,-0.33637777;-0.15918301,2.1147738,-1.109384;-0.078610025,0.6779827,-0.49359766;0.13469669,0.38406596,-0.64047956;-0.7480047,0.43487883,-0.09327908;-0.2087573,-1.683409,0.34634703;0.68342614,0.80521023,1.3907704;0.28036857,0.19496179,0.79332614;-0.15630084,0.6239597,-0.6047086;1.3651681,-1.2755071,-1.656166;1.3866482,-0.4483434,-0.9898577;0.45851842,0.7954199,1.388352;-1.5667517,-0.0961561,-0.37415174;-0.43267825,-1.4234672,0.72326654;0.48548645,0.52600753,1.4207269;-0.038088363,0.32293516,0.89742965;-1.3914851,0.957761,1.3528972;-0.2815152,0.26161104,0.56130105;-1.4153812,0.58070457,1.2620047;-1.3471878,0.6624341,1.219191;-0.010564046,-1.5649259,0.1117554;1.034015,-1.6401291,-2.2877712;-0.28419897,0.95764005,1.6907219;0.5660312,0.92991555,-1.068018;-1.529475,0.026862357,-0.39308485;-0.30289444,0.86154807,1.6176927;-1.3542235,0.94969743,1.2640857;-2.2580142,-0.3004707,-0.3389373;-0.17573307,1.9445628,-0.8881005;-1.0423439,1.2135636,1.1302466;0.40272033,-0.23942314,-0.33448875;-0.2087086,2.4008267,-1.1078463;0.38709626,-0.4573674,0.33002362;0.045163423,0.34508395,-0.514119;1.5333195,-0.93115807,-1.0111319;-0.058942206,-1.7936203,0.18177491;-1.1717442,1.4180648,1.4782414;0.85117435,0.4337123,1.0987556;-0.1726826,0.23889129,0.4372313;0.40011093,-1.868839,-0.12549841;-0.5892359,0.3952244,1.0150136;1.1634375,-1.5173008,-2.1231174;-0.66233915,0.28548786,-0.15797892;-1.1484282,1.7114204,1.5825061;1.6022301,-0.99796677,-1.0273999;1.3526332,-0.7644017,-0.63168526;1.7949182,-0.5684409,-0.9239394;0.24886025,-1.8766992,-0.12713495;-0.97134906,1.1085092,0.97331786;0.10895638,-0.8310205,-0.05389422;0.6412379,-0.2766225,-0.4584473;-0.31864837,-1.327396,0.8247567;1.7005262,-0.6869283,-0.9296091;-1.1377302,0.61239827,1.2181115;-1.112617,1.5128366,1.403026;1.073376,-0.45492023,-0.4114495;1.8101001,-0.5896789,-0.7630006;-0.3130193,0.23868598,0.8558621;-2.3897097,-0.43203264,-0.24567547;0.081676304,0.091513276,-0.31841388;-0.17340495,-1.7667001,0.3031842;0.820573,0.42323294,1.1415834;0.20357369,-0.007512696,0.45870522;0.31903937,1.3492569,-1.1800668;1.4424123,-1.1352112,-1.5520004;1.4214998,-0.5244189,-1.0029117;0.723639,0.74298435,1.3144052;1.421257,-0.13949482,-0.566387;-1.0249689,1.3313198,1.2728326;0.4713946,1.1421909,1.3897207;0.5968665,-0.27836406,0.33166456;-0.4561839,-1.7237395,0.5436507;-0.63055724,-1.0286255,0.8814455;1.0407223,-0.50337934,-0.26819372;0.031467646,-1.6691298,0.0064890427;0.30801886,-0.5868821,0.3096336;-1.1873538,0.39384228,1.1667444;-2.2043176,-0.3550161,-0.39212364;-0.2079426,1.985218,-0.8918714;0.5889902,-0.26846036,-0.42647752;-1.6094186,-0.28932863,-0.30437988;-2.305408,-0.32579517,-0.39104578;0.3144976,1.4456879,-1.1273683;0.30599406,0.2706692,-0.83337647;1.0533057,-0.24327846,-0.020628592;0.3495422,0.31575128,-0.8883201;0.026866496,-1.8692462,0.07169747;-0.060637947,-0.26692194,0.3373316;1.4017506,-1.3366816,-1.6039705;1.5275245,-0.17187573,-0.1986655;-0.4601778,-1.7154285,0.50720865;-0.37702084,-1.7740384,0.43431178;0.47617462,0.63049185,1.5218515;-0.036997173,0.22673978,1.2079068;-0.45095924,0.115786985,-0.53539854;-0.07102149,1.9369539,-1.1716405;-0.14225635,2.4184408,-1.096394;0.8120787,0.14194284,0.8948586;-1.150077,0.3678426,1.1422681;0.82807624,0.34825683,1.102192;0.069871806,0.17927738,1.113787;1.7648866,-0.6814126,-1.0179709;0.44238254,0.72571486,-1.2555813;-0.846387,-1.2951291,1.2721151;1.4327707,-0.56140023,-1.0143907;0.24004161,-1.776918,-0.17978768;-2.605986,-0.48909363,-0.47979394;0.0388347,0.38261127,1.3097116;0.3409655,0.02463539,-0.2275741;-2.720838,-0.6288961,-0.38018915;0.44302583,0.22617175,-0.069143124;0.1864705,0.23972759,1.3275013;-0.4252916,0.38419855,-0.22936577;-1.240158,1.6620848,1.4706594;-0.37280494,0.91259706,1.5991682;1.5318255,-1.0507196,-1.3849659;1.0993546,-1.4625125,-2.172086;0.4720043,1.058593,-1.1444609;0.7520504,0.060789984,0.78962326;-0.23698752,0.20277603,0.73969555;0.19557881,1.466287,-1.0803187;0.72226506,0.6366433,1.245813;1.8184528,-0.33527812,-0.6473262;1.5016781,-0.116660684,-0.05670159;0.14405966,1.3262562,-1.1569304;1.8662479,-0.6711086,-0.9816286;-2.566813,-0.39519915,-0.43121275;0.3361703,0.051399566,-0.2923666;0.09273263,-1.84031,0.069655426;-2.010995,-0.25049946,-0.48091987;-2.106961,-0.13844372,-0.44693884;0.38134542,0.79098725,-1.3301678;0.8902835,-0.051575843,-0.6789476;-0.19375257,0.20341678,0.5792729;-1.039455,1.0323206,1.1668631;1.8090222,-0.53716636,-0.68529135;1.052761,-1.6967025,-2.323827;1.2364552,-0.038334407,-0.39806968;0.5601377,-0.15535769,-0.32024065;0.73758215,0.5725695,1.255462;0.061803546,0.4288019,0.8162084;0.42058715,1.0734141,-1.2996916;1.4938667,-1.2936956,-1.6054126;-0.19507945,0.40639648,1.394824;1.2506422,-0.41611806,-0.039124124;-1.5372432,-0.067345954,-0.37449992;0.18416455,1.6003716,-1.1529756;0.78592587,-0.005691936,-0.7503209;0.34530476,0.004621986,0.70993507;-0.49334362,-1.4487891,0.8270467;0.33026305,-0.2827202,-0.19685245;0.6747102,0.5498926,1.2594876;0.19368985,-1.5911758,0.17659341;0.48880714,0.58565104,1.4295926;-0.5940144,0.731892,0.5749972;-0.14762275,0.7063646,-0.7076935;0.11688883,1.8713931,-1.2377466;-2.1796799,-0.30204967,-0.39508718;0.39447117,0.23345818,-0.3163872;-0.17332955,1.9409926,-0.9080451;-0.06266701,-0.13156025,0.17945035;1.0222147,-1.6206027,-2.2589395;-0.5328552,-1.4213523,1.056941;-0.25459802,2.460347,-1.0843498;-0.020810232,0.598082,-0.4722536;-0.768689,-1.0845097,0.9272242;-1.5724514,-0.24043423,-0.33083412;0.7714342,0.59485185,1.2316881;-0.70793587,0.49483812,-0.019064805;-0.5907641,-1.0529535,0.7740809;-0.058246594,-0.64629024,0.15736388;-0.07527665,0.62665415,1.4732022;-1.101009,0.2730809,1.0949074;1.0757866,-0.044632446,-0.31903946;-1.4267849,0.6963693,1.3213204;0.8845235,-0.10094768,-0.30512637;-1.4002563,1.0656148,1.3886647;-0.22272918,2.4618268,-1.1116077;0.7938906,0.06526572,0.8110694;-2.4982193,-0.39417532,-0.27386612;0.08203703,1.7866102,-1.0867757;0.7111816,0.5589193,1.2720116;-0.3195018,1.1755925,1.516292;-1.306662,0.511096,1.1173397;0.16474521,-0.58027667,0.058505185;-2.563284,-0.36455113,-0.40532094;-0.79239124,-1.3518558,1.2605983;0.23004751,0.25711352,-0.6559838;-0.16871203,2.0229115,-0.9731321;-0.06829643,-1.833066,0.109815866;-0.122475386,-0.6907614,0.32959294;1.7815324,-0.60896677,-1.0600945;0.15915363,1.0749372,1.4467962;-0.56932443,0.65887034,0.97937477;-0.023722943,2.0286324,-1.1414875;-1.2641448,0.8542171,1.221524;0.2719569,1.3809088,-1.0848494;1.8679829,-0.5218779,-1.0480239;0.78970087,0.26287338,-1.1051875;-0.104258776,0.68804884,-0.708115;0.5748472,0.17225727,-0.8677696;-0.17800856,2.3952644,-1.1397716;-0.058569577,0.75621355,-0.4762003;-1.0280575,0.13013421,1.0570397;-1.1749582,1.5865557,1.5254955;-0.19763009,0.36142984,0.42712244;-1.1593462,0.3724988,1.1681807;-0.22451061,0.21007091,0.83007026;0.65686053,0.3484043,-1.1114802;0.004749998,-0.22516823,-0.24813265;0.8341814,0.2880697,1.0540476;-0.2829471,-1.7631285,0.45698223;-2.2951689,-0.30564123,-0.39079112;1.63434,-0.62427443,-1.1826574;1.1738977,-0.0403248,-0.38324225;-0.28480387,-1.3109547,0.77895784;1.0427502,-1.6549797,-2.2695174;0.108641386,-0.7313177,0.028642463;1.2361526,-0.4602092,-0.004122363;-0.105559334,0.8557777,1.1749128;0.033551406,0.61288226,1.1675129;-0.51899064,0.21780466,-0.50189835;0.51196325,0.82009417,1.1291653;0.8080499,0.11764475,0.8708656;0.22910579,-0.6766679,0.3584273;-1.7171259,-0.2594593,-0.4764213;-2.181526,-0.35125533,-0.37772757;-1.2650728,0.5202033,1.2704637;1.872534,-0.43654647,-0.7798707;0.378578,-1.8448408,-0.17025448;-0.33751827,0.8136588,1.6154473;0.6326669,0.8396163,1.4164311;-0.73994845,-1.045927,0.94912016;-0.41856778,1.1398365,1.6467285;1.482265,-1.150908,-1.4927514;0.8840445,0.17586328,-1.0497752;-0.37041077,-1.7731459,0.43138978;-0.24828134,2.3528893,-0.9609347;-0.38848278,-1.3432369,0.9030973;-1.5905209,0.051528174,-0.4189679;0.2472273,1.0757471,1.4278;-0.37776777,0.12367873,-0.488406;-0.58812284,0.32329795,0.32561535;0.015526708,0.010480765,0.69274586;0.28531277,0.011334123,0.18511268;-0.76120406,0.4559527,-0.09653442;-0.6468758,-1.60261,0.6186763;0.16217652,1.8779384,-1.2331481;1.138456,-1.6095521,-2.287207;-0.8209503,-0.06460741,0.9775568;0.35790008,1.0312401,1.4563996;0.2432087,-1.8828933,-0.14308427;0.02526506,-0.7335952,0.19075304;-0.5446976,0.32338116,-0.25364345;-0.5595815,0.521767,0.91166955;1.8586284,-0.6557656,-1.0650729;-0.38621768,0.23766124,0.63570356;-0.69091046,0.6899428,0.52575254;1.3916285,-1.2991972,-1.7254442;0.35516235,-0.22591414,0.18329869;0.106397904,-1.6646858,0.015989238;-0.6161026,0.31673115,-0.41590634;0.074923225,0.1191962,-0.30068386;0.7999517,-0.039792147,0.6558003;-0.60476243,-1.5831746,0.5625094;0.068125434,-0.80332524,0.37742648;0.17032002,0.26667622,1.311227;-0.6009957,0.22321005,-0.20013176;-0.6902429,0.3087783,-0.30487856;0.3227939,-0.24990387,-0.24424466;0.33055013,1.100502,1.4282151;0.1847936,1.9051051,-1.257345;0.7766876,-0.12295209,-0.3656451;1.6415021,-0.42707175,-0.7119882;0.41934884,-0.2591284,-0.02932248;0.32212287,-0.08883156,-0.3841136;-0.6290595,-1.3927717,1.149837;-1.1303463,1.6225033,1.5752265;1.4966964,-0.9734208,-0.96192855;0.38516498,0.63509834,-0.6860603;-0.6393752,-1.4078376,0.6122461;0.7127231,0.23944722,-1.0381273;-0.09963694,-1.0469784,0.5563706;-0.7722052,0.09840513,1.0358266;0.55589277,0.38614863,-1.1102563;-2.6632829,-0.20566061,-0.4974852;-2.1084383,-0.2963498,-0.35224587;-0.62205744,0.3913594,-0.23632179;-2.8322604,-0.47502983,-0.48661673;0.379502,0.84348077,-1.3721328;1.9125634,-0.5686052,-0.98884547;-2.0079591,-0.31880903,-0.38964534;0.112744115,-1.8173101,0.13466196;-1.1831652,1.5833265,1.485763;0.31666103,1.5784184,-1.3007721;-1.2976489,1.0797982,1.3705295;1.7479607,-0.6267955,-0.9555465;1.2477621,-0.38178793,-0.8484546;-0.005714017,-0.93291634,0.5060352;0.703641,0.8155908,1.2302372;-0.1682129,1.6229875,-0.9724449;0.16287264,1.6685964,-1.1666785;-0.20198525,-1.9194819,0.3253293;-0.17758866,-0.6792758,0.33483398;0.29681018,-1.8444234,-0.22429179;0.28213874,1.0050433,1.4044431;-1.2487655,1.6280985,1.4922405;0.39715496,0.5977536,1.3209281;0.69271004,-0.19572553,0.4179431;1.3854648,-0.99998784,-0.94197106;-2.456913,-0.44202268,-0.2978402;0.32649097,0.8660868,-1.3423342;1.0743308,-1.6847125,-2.471245;-1.574283,-0.14270853,-0.36412448;0.27134126,1.3312088,-1.1421367;1.8380482,-0.48106438,-1.0702788;-0.66225785,-1.3835177,1.1807381;0.0685898,-0.50460476,0.13889483;-1.0300072,1.2320998,1.3928255;-0.3022278,0.69178164,0.88400054;0.5199506,0.6403683,-1.1136482;0.20229106,-1.8704995,-0.08300886;1.2918655,-1.4537555,-2.0643013;-1.1173818,0.32908368,1.1276969;-0.85738456,-1.2510406,1.2160987;1.4488217,-0.51794225,-1.0201837;-2.6965003,-0.5006828,-0.42513162;0.096068636,-1.844258,0.03883962;-0.37020972,-1.112068,0.7019511;0.98528254,-0.03257173,-0.66691303;0.09393232,-0.6598924,0.0041189445;-0.5568032,0.13313608,-0.3802533;0.6696652,-0.032104578,-0.34410384;-0.6477714,-1.4876176,0.6054939;-1.0314388,0.16681822,1.0659662;-0.016658505,-0.08941421,0.37743765;-1.9901432,-0.20067504,-0.5145226;0.33960524,0.6853851,-1.2721865;1.799828,-0.43412584,-0.7117288;-1.2410563,1.6764306,1.4819332;1.474461,-1.201751,-1.7619692;-2.1123784,-0.3297885,-0.38344568;-0.17600669,-1.435641,0.6815502;0.37740237,0.07296212,0.8164472;0.11829318,0.02349232,0.5977876;0.121309645,-1.7906921,0.14739758;-0.6039373,-1.5923887,0.58592534;0.7839335,0.087832235,0.87183434;-0.35893264,-1.326977,0.77653176;0.7540648,-0.6269817,0.09696863;-0.71893054,0.68060976,0.48995784;1.0428469,-1.6883764,-2.4440212;1.4539816,-0.12189138,-0.34213048;-0.51138556,-1.0034642,0.8481854;-0.9437526,0.1292108,1.0479052;0.74679077,0.21794954,-1.0104123;0.6113331,0.65220743,1.1449058;-0.36167046,0.7461097,1.577696;-1.0466262,1.3097118,1.2881101;0.22019705,-0.15585178,0.18463112;-0.27465135,1.9779149,-1.0199329;-1.2358798,0.8797695,1.3001838;0.30951777,1.0549176,1.4410024;-0.16012347,1.5738373,-0.9623183;0.36743897,0.023083284,-0.26111785;-1.4559443,0.9927425,1.3660254;-0.22608943,2.4322197,-1.0612376;0.15241113,0.46181366,-0.65467465;0.25090426,1.8519177,-1.1828424;0.417624,-0.47444746,0.033440977;1.6703769,-0.6052376,-0.62131435;0.17977235,1.9508816,-1.2671479;-0.47640717,-1.7075993,0.4278276;-0.9226146,0.6017807,1.1869397;-0.061852615,0.026088798,0.37483296;-0.68141234,-1.3461707,0.64805293;-0.16547276,2.229304,-1.1004401;0.07225983,0.1856203,1.2334397;-1.3600368,0.6065178,1.3184175;-1.1952395,0.8305007,1.3082867;-1.5887794,-0.22590514,-0.38598588;0.13557833,1.9226326,-1.2209431;-0.28569096,-0.017807843,-0.45197415;0.7413588,-0.013409431,-0.46345118;-1.1345499,1.3360578,1.1341356;0.14106975,-1.6039515,0.027731013;-0.79649997,-1.3941909,1.2707033;1.8624727,-0.51632404,-0.72615945;0.08240964,0.15581183,1.0385057;-0.75794894,-1.0455887,0.9007472;-1.7277732,-0.046692546,-0.44484165;-1.3456907,0.9436118,1.2930217;0.55065626,0.015783675,-0.5292698;-0.6182751,-1.0337558,0.80694646;0.10848924,-0.77679133,0.36658382;1.4208512,-0.6928131,-0.5484184;0.25174272,1.4156398,-1.0884403;0.13264607,-1.7352877,-0.1328592;0.19737817,0.48436987,-1.0309579;-1.9959662,-0.30753714,-0.4993723;-0.0926201,-1.4561261,0.5224642;1.2223339,-1.4591688,-2.0179074;1.6568998,-0.48957613,-0.76291543;-0.37848634,0.2779644,-0.08611056;-0.104226515,-1.4401025,0.51931345;-0.22493859,0.069806166,0.29517853;-0.9019451,-1.3063254,1.2838142;0.10404936,-0.54660314,0.077944584;0.82586354,0.059338912,-0.3301149;0.6449723,-0.016055955,-0.3446591;-0.15086496,0.91049683,1.227994;1.3235236,-1.3786004,-1.8929118;-0.5861483,-1.6037623,0.587023;-0.96157056,1.1359417,0.96637416;-0.12559654,-1.3257195,0.61140007;1.414504,-0.4297754,-0.15798438;-1.2228678,1.7635883,1.6313893;-0.1724704,0.023047958,0.58693314;-0.23867731,2.228318,-0.8629981;0.23557992,0.5188538,-0.70040226;0.2944993,-1.8497728,-0.13158017;-0.53086597,-1.4545287,1.1157932;0.79363143,0.2134767,-1.0539634;-0.58901036,0.45983657,0.73791176;-0.6368563,-1.2990696,0.59497344;1.2763476,-0.5868007,-0.17169918;0.38114372,0.87734795,1.2232935;-1.0113492,0.980102,1.2633733;0.5630423,0.8376887,1.3739864;-0.19156078,1.7474604,-0.9949097;1.1151196,-1.746996,-2.4407012;0.9497447,-1.7110274,-2.427779;-0.23527648,0.80178434,1.6461627;0.80297315,-0.2310798,0.23108305;0.13344488,-0.022515943,0.2258874;0.33738407,-1.8622673,-0.1887349;-0.5452,-1.7009441,0.5158201;0.22664687,-1.9087645,-0.1424717;-0.047286842,-0.10110403,-0.6457621;-2.4130552,-0.20892689,-0.53191376;0.81430143,0.16296197,0.8691475;-0.007095114,2.2191293,-1.1721436;-0.331127,0.08649103,-0.47777376;-0.4697348,0.22632344,0.6058617;-0.5489521,0.41383585,0.5791756;1.003939,-0.6333157,-0.19037291;-2.3066888,-0.43543106,-0.43081158;-0.3073154,0.1801727,0.09863842;1.3912356,-0.24020696,-0.4918688;0.24317324,0.21127333,-0.61309433;1.1236625,-1.5222282,-2.2151952;-0.279729,0.884929,1.6374682;-0.4252095,0.11141732,-0.5112973;-0.98249084,0.106721364,1.0442965;0.23336817,-0.35613894,-0.1990489;-0.053458657,0.34249073,1.2397838;0.015369476,1.7620566,-1.0523716;-0.18024296,0.6032713,1.5087799;0.21748284,-0.5599072,0.21457997;-0.1843449,0.07397544,-0.56047136;1.5612674,-1.275432,-1.6379999;-0.32776442,-0.8374047,0.41292477;1.7187555,-0.69201463,-0.8231423;1.4424534,-0.20076911,-0.23023422;0.1604462,-1.8016787,0.021832084;0.039495148,-0.7334782,0.19887818;1.2223339,-1.4591688,-2.0179074;-0.35267308,-1.8707414,0.45730433;0.22072767,-0.7311083,0.37235084;-0.84235257,0.31056434,-0.14965203;-0.32396227,1.9244124,-1.0939466;0.3256967,0.8311381,-1.3420749;0.56647813,0.26796013,-0.89753103;-0.5313705,0.22700384,-0.25272292;0.04450653,-0.06604806,0.84937614;1.4698892,-1.1203105,-1.4769748;0.5454988,0.5276623,-1.2173833;0.14353652,-0.3539946,-0.17623024;-0.16426076,-1.9674715,0.401628;-0.12345706,0.18952516,1.1090623;0.30937487,0.4451031,-0.6611471;0.46900564,0.68137276,-1.2957773;-1.3222169,0.6050791,1.2000939;0.090804905,1.0316275,1.4304345;-0.75084645,0.36808217,-0.18615581;0.8333699,-0.30893454,-0.41354865;1.4500651,-1.2660676,-1.6453418;0.5525136,0.89127123,-1.0989145;-1.9461918,-0.35721493,-0.5173475;-1.7358305,-0.08692679,-0.44349888;0.14238161,1.6739638,-1.1564081;1.0670172,-1.6592577,-2.3133492;-1.5190767,-0.18384723,-0.34139726;-0.28431007,0.1486739,-0.41961238;0.24478634,1.7876583,-1.2720038;-2.4957294,-0.2938339,-0.53828317;-0.44828564,-0.018891793,-0.44046342;0.52508456,-0.15957437,-0.32606938;0.49379483,0.62570107,-1.1867036;-0.41496456,-1.0860174,0.97712106;0.15053195,-0.7867532,0.36549082;1.7332033,-0.67933255,-1.0632144;0.2579156,0.046907127,0.7742121;0.84016544,0.30666825,0.9534243;-0.2819786,0.8073363,1.0934647;0.31671712,-0.032238904,-0.20837708;-0.45878062,-1.7721297,0.45262036;-0.5072235,-0.90493304,0.6219431;-0.2565042,0.7435678,1.6162267;1.5667117,-0.12225482,-0.25022995;-0.4052605,0.30511004,-0.114391156;1.287949,-1.4223802,-1.9555756;0.62064826,0.6859057,1.3166426;-1.4448441,1.0938457,1.3794966;-0.253354,0.11877441,0.36369145;1.4863492,-0.2665243,-0.11454477;-2.612809,-0.45075205,-0.4917493;-0.5155307,0.45439407,0.14520778;-2.574979,-0.45451212,-0.64213294;0.02848621,0.7256657,1.2237824;1.0725858,-0.562739,-0.40031582;-0.043704372,1.8654722,-1.2216297;1.3422637,-1.3633621,-1.834369;0.49203116,0.21922827,0.004703574;1.8725625,-0.3064516,-0.73996884;-1.0704182,0.20158732,1.098849;0.04927545,2.1596923,-1.1826713;1.300017,-1.4038602,-1.9256523;1.3766521,-0.43588835,-0.86458814;-0.23539613,0.689138,1.6467084;0.5099398,0.62105745,-1.1182867;0.21414043,1.9726784,-1.3582146;0.35874328,0.5806346,-0.67644507;1.0366356,-0.4966428,-0.32857287;-2.0310163,-0.28937283,-0.3540833;-0.18837635,-0.67356163,0.35317537;-1.1886564,1.5344237,1.5297347;0.07875821,0.0045139208,0.3483521;1.2693617,-1.5019652,-2.1112318;1.3723549,-0.56906396,-0.8300398;0.80148447,-0.025672898,0.6753015;-1.2003821,1.642192,1.5399735;0.41416278,-0.36302954,0.033835907;1.3110477,-0.8608136,-0.7056923;1.0244497,-0.20315833,-0.10393829;-0.56402683,0.426355,0.6743123;0.22451897,1.7441914,-1.2233236;0.3530819,1.3220105,-1.218814;-0.01612615,-0.03683542,-0.64650756;-1.703875,-0.13339375,-0.41263103;-0.8459224,1.2366424,1.2976749;-0.076878466,2.3727553,-1.1431407;-0.9580296,0.09952165,1.036203;0.55207974,0.6945493,1.5766833;-0.5410283,0.467086,0.121365435;0.04589645,0.43725088,0.86693525;-0.0066885506,2.1838398,-1.0580751;-1.1700798,0.6372994,1.2323297;-0.6051022,0.50179505,0.6827229;0.043185398,1.0726693,1.4592028;-0.0019533883,0.56596667,0.99346244;0.49111778,0.6414303,-1.2570325;0.024410764,-0.028453216,0.80506974;1.0659746,-1.6130729,-2.3926528;0.50079095,0.51883715,-1.2550701;1.3963598,-1.1924142,-1.5313865;-0.71194357,-1.3654087,1.2246691;0.87567,-0.61128414,-0.0020213518;-0.18886916,0.25585154,0.45926768;0.5654092,0.7974184,1.4810323;0.25275677,-0.55549383,0.094012976;-1.4183731,1.0545251,1.3579689;1.5018103,-1.1267543,-1.471757;1.3823442,-1.2826775,-1.6831765;1.4974498,-0.4565439,-0.6662437;-0.19324364,0.64446175,-0.6330761;0.12305428,2.0078278,-1.2039913;0.48376778,0.2554264,-0.8292012;0.09714562,0.13184862,-0.41101065;0.9336423,-0.24125612,0.11891402;1.3132249,-1.2330194,-1.539298;-0.45689255,-1.3707418,0.8936773;1.2395422,-1.4767977,-2.159685;-1.325472,0.8436247,1.2546513;-0.35534835,1.0890023,1.6051768;-1.6409185,-0.2280812,-0.37029472;0.81061846,0.29335815,1.1176372;0.11583329,-0.0044410103,0.8070382;-1.260727,0.48281902,1.2801601;-0.5804301,-1.3647065,0.6151417;-0.27668726,-0.7650977,0.3764745;0.38915032,1.4135121,-1.297667;-0.04868956,0.55504715,-0.46037987;-0.11509041,0.7115305,1.5215597;0.91205025,-0.2231931,-0.4046329;1.5559148,-1.0032833,-1.1472821;0.02052561,0.33565912,1.3921925;-0.3143812,-1.3337307,0.78642803;1.8790972,-0.56977963,-0.6072578;0.90860415,0.14218321,-1.0127742;-1.0554093,1.275743,0.9955893;-0.5187015,0.23189893,-0.5059488;1.4826232,-0.16822605,-0.52499175;-0.16750272,0.07944096,-0.5607837;-1.2378281,0.48557916,1.141946;-0.12407347,-1.3895879,0.61142033;1.6539897,-0.5960312,-0.6043077;-0.61893153,-1.3133483,1.2441864;0.6693687,0.7408725,1.3246765;0.014574493,0.5825044,1.2331895;0.8039181,-0.09166828,-0.39991683;-2.4107578,-0.43427137,-0.38936657;1.2744784,-1.4071951,-1.9183474;1.5748897,-0.28775418,-0.737582;1.4752041,-0.12186188,-0.281358;0.6322754,1.0593295,1.357201;-0.5183372,-1.447944,1.0578917;0.8285449,0.27965984,1.0949897;-0.00982738,0.87249565,1.178575;1.477039,-1.0977609,-1.455059;0.21032919,0.014649949,-0.08335754;0.08432867,0.19986895,1.2970941;0.10588338,0.048301745,0.52305996;-0.98626626,1.1463597,0.97896206;1.2919171,-0.38041314,0.0026372103;0.22984426,0.4614375,-0.6882361;-0.23095949,2.446939,-1.0763371;0.2851788,0.13456385,-0.53730786;1.5283242,-0.1786426,-0.18392406;-0.07693139,0.4086226,0.9994505;-0.18606032,2.0075119,-1.0388676;-0.22609365,0.86900145,1.6272804;-0.29041395,1.0790576,1.5687203;1.0041968,-0.23065762,0.089158095;-0.114302896,0.34216142,1.3551676;1.0981042,-0.500972,-0.026284669;-1.0473492,1.2907258,1.1423131;1.8653394,-0.47531822,-0.7844754;0.21023273,0.2112598,1.3370379;-0.30609307,-0.86298186,0.46862587;-0.13099447,0.43449318,1.3451371;0.14356643,1.6151154,-1.1431078;-0.50053066,-1.7307106,0.37496257;-0.42493406,-0.9287452,0.5281681;-0.8865321,0.062815495,1.0235752;-0.26337165,-0.06367673,0.89349586;0.22470048,1.8212011,-1.2684133;0.09988394,0.29756775,-0.5758838;0.040902853,-0.08229757,0.060224127;-1.3842807,0.7725947,1.3853093;-0.59256005,0.3121671,0.7284612;0.8313633,0.34274215,1.0381317;0.8254547,0.2917471,1.0601282;-1.63025,-0.2634926,-0.37563512;0.49944368,0.58699685,-1.1248946;-0.052252553,0.32246163,0.7684787;0.026727542,2.0954185,-1.1776239;0.14185426,0.26251417,-0.644292;1.5702538,-0.8628591,-1.2616086;-0.7176021,0.08653795,1.0237899;1.1999179,-0.005885277,-0.38097343;0.54927045,0.7356577,1.2789187;1.8506851,-0.41066635,-0.67611194;-0.6508202,-1.5545204,0.8699635;1.5326433,-0.6368048,-0.6250865;-2.6619542,-0.3587975,-0.53342295;0.054621562,2.127841,-1.2143376;1.461577,-1.2707719,-1.5747588;1.0853797,-0.5673675,-0.36024338;0.1575921,0.17794497,-0.8327616;-0.12608856,-1.6782737,0.32934248;1.2880764,-1.4110035,-1.931196;1.6683499,-0.60865134,-0.76665825;1.5536233,-0.25333372,-0.23980324;-1.0077884,1.5788794,1.556761;0.68956554,-0.16935934,0.4261517;0.33969852,1.587966,-1.3076787;0.12397744,0.46444747,-0.71826607;0.4503754,0.023011783,0.3182266;-1.8426402,-0.27280885,-0.375929;-0.17951812,-0.02315489,0.0925421;-0.53842014,-1.4274114,1.1112766;-0.5444237,-1.4100791,1.0102599;1.115418,-0.056915488,-0.5125348;1.5480675,-0.06938996,-0.3339059;0.39660615,0.16905272,-0.09183775;-0.7997347,-1.314849,1.2513964;-0.8483861,0.001875043,1.0034181;1.3504363,-0.80765355,-0.65671474;0.28544685,-1.8367655,-0.19911689;0.10016127,-0.7365448,0.01868213;0.09400295,-1.7755985,0.068892606;-0.5556227,-1.0432712,0.623475;0.020509671,-1.8522993,0.11704847;-1.5679164,-0.20265608,-0.35065463;0.6902256,0.8298799,1.2510816;1.7061343,-0.8776123,-1.1533351;0.74846643,0.24458687,-1.0694782;0.45016253,0.80790126,1.538252;-0.39390242,0.35609987,-0.4907725;-1.0672864,1.4277111,1.4079378;-0.180512,2.402725,-1.136857;-0.053567007,-1.6809477,0.26547804;-0.13391209,-1.0011084,0.5620873;-0.2939103,0.26484746,-0.24041578;-1.4648014,0.8289439,1.3593376;-0.7168834,-1.3056356,1.2432339;-0.12805536,2.1772504,-1.1243693;-1.3774903,1.0714704,1.4004328;-0.32236812,0.67713904,0.87142074;0.38214839,-0.21163945,0.13543382;0.18076867,1.9368609,-1.2528235;0.39439213,0.45665222,-0.61895853;-0.31351647,0.26524326,-0.24619225;-0.46660182,0.24296138,0.24132669;0.2825904,-0.038018387,0.8108192;-0.4585379,-1.762258,0.4880382;-1.0214312,1.3258095,1.2990987;-0.27193293,1.1445743,1.4649206;1.0400629,0.04471479,-0.28078976;-0.27415216,0.14716487,0.5808843;-0.41852555,-1.807257,0.3893631;-0.34665424,-1.2909096,0.7541583;-1.2160703,0.29544333,1.3001727;0.058088522,0.001497114,0.34586003;1.2569003,-0.43220162,-0.033434343;0.33994383,0.85659105,-1.3405354;0.5232063,0.9338091,1.3041233;-0.2471955,2.1437974,-1.0434446;-0.7072438,0.5865419,1.1034383;-0.5527401,0.56055605,0.8494856;0.52935517,0.79852545,1.3379911;0.59721726,0.3977099,-1.1560606;-1.1251279,0.6461316,1.2485944;0.40369016,0.029276697,-0.4573526;0.3175823,0.10486429,0.79494923;1.4849751,-0.97748774,-1.4099714;0.94011414,-0.25308734,0.1532746;0.3847483,1.2269773,-1.210221;0.62562966,-0.15284267,-0.33522138;-0.12472676,0.80855536,-0.4640153;0.27483037,1.8610151,-1.3471701;-2.5112786,-0.42621607,-0.5012865;-0.21422186,0.031773757,-0.44433373;1.044394,-0.45288453,-0.32767123;0.79338586,0.06954237,0.81259686;-0.69870144,-1.2977247,1.2372161;-0.4627801,-1.3820639,1.0246589;0.197136,0.013873325,0.86453193;1.0293989,-0.5538765,-0.084976055;-0.016271316,2.0787563,-1.2140994;-2.2491508,-0.39896148,-0.38493645;-1.0473354,0.64671075,1.2251728;0.024750678,1.7130364,-1.127013;0.4551229,0.39169624,-0.34400618;-0.5719623,-1.0914426,0.7041084;1.7819929,-0.41160017,-0.5834173;-1.1129262,1.298561,1.1144547;-1.1214976,1.4991168,1.4664212;-2.6430554,-0.30193362,-0.3346531;-0.5495463,-1.4912772,0.8795477;1.764735,-0.71661985,-1.0077422;0.7719372,-0.079783216,0.5875739;-2.7466397,-0.60985506,-0.4023731;0.61837375,0.8721459,1.2062185;1.0606561,-1.6598059,-2.3084621;0.012725314,0.36949295,1.3612913;-0.3843478,0.72011065,1.5940746;-0.68091977,-1.0185549,0.9131454;0.53555334,0.7924134,1.1488907;-0.6167391,0.26131615,0.05401558;-1.3784404,1.0154608,1.3567625;-0.21476866,0.1903741,0.63788605;0.34800228,0.046593755,-0.56463224;0.16432983,-0.75230426,0.38886195;1.2173687,-0.61714584,-0.14539112;-0.44824356,-1.7914096,0.43433404;0.4835037,0.5976939,1.6361682;0.06677333,0.37039128,1.2368726;-0.7384908,0.33488896,-0.15570469;-0.5737345,0.57925045,0.96508676;0.4363858,0.8595639,1.3892964;1.1348639,-1.5621345,-2.1473198;1.5521573,-0.9825681,-1.1162184;-0.17641698,0.05087767,-0.5307559;-0.14063181,-1.9779062,0.41170862;-1.1919372,1.6042064,1.5245178;-2.624796,-0.32293463,-0.2973208;-0.19246411,0.058447756,-0.3606881;-0.5455134,0.3043271,0.1148048;-0.15372634,0.8633092,1.1604152;0.029835073,0.33033806,1.3864983;-0.7422771,0.3687296,-0.208033;0.47471648,0.54928267,-0.886354;-0.34528017,0.1348913,-0.546444;0.2367053,-1.7923981,-0.009067856;-1.2884245,0.8970733,1.3061646;1.4138539,-0.47271234,-0.37083495;1.5730778,-0.18894555,-0.17208509;-0.08780877,-1.392954,0.5246733;0.03275528,0.7285378,-0.823685;0.47047356,0.5768019,-1.2490387;1.0207068,-1.7070086,-2.4451318;1.4111187,-0.7902722,-0.6341888;-1.195067,0.34506708,1.1564605;0.69299966,-0.10468154,-0.32441998;1.4417083,-1.2817727,-1.7084644;-1.7008059,-0.12416586,-0.412201;1.3454595,-1.35028,-1.6923106;-1.3424041,0.5397536,1.154696;0.39453813,-0.18668106,0.13826527;-0.7260802,-1.2856624,1.2480016;-0.1004329,0.6100931,1.4737457;1.4272337,-0.08458085,-0.05144904;-0.519979,-1.1311626,0.68267083;-1.075146,0.41654,1.1477774;-0.6289635,0.2428498,-0.3131314;1.8428667,-0.6753546,-1.0354043;1.2754374,-0.60935545,-0.1649358;-0.3426618,0.78629196,1.5796659;0.062426727,1.2262601,-1.2630254;0.35618168,0.7881439,-1.3294766;0.8813768,0.0030588692,-0.52876556;-0.062616505,0.040267996,0.9813119;1.114819,-1.5199524,-2.2088585;1.0503616,-1.5167153,-2.3449755;-0.07272005,2.2951663,-1.2332892;-2.8271914,-0.50779253,-0.46503562;0.50450844,0.94007826,-1.131319;-0.18442374,0.36239234,0.4113178;0.017285293,0.54386723,-0.6672014;-2.4572637,-0.3751012,-0.3937373;-1.0200036,1.1678385,1.0622436;-0.059756782,0.32524762,1.2482615;1.4744124,-1.2903477,-1.7237775;0.39386263,0.6237304,-0.63740885
