data_set
babi-q1
num_classes
6
data_points
1000
model
saved_models/babi-q1-e0128.ckpt
color_schema
#4E79A7,#F28E2B,#E15759,#76B7B2,#59A14F,#EDC948,#B07AA1,#FF9DA7,#9C755F,#BAB0AC
test_accuracy
0.86
test_loss
0.43653044259548185
train_accuracy
0.93025
train_loss
0.19110061545670032
val_accuracy
0.8835
val_loss
0.3595493412017822
labels
12,9,15,12,15,12,11,12,17,17,15,11,17,10,10,15,11,15,17,15,12,17,17,12,10,10,10,15,15,15,12,17,15,15,9,17,9,11,15,10,9,11,9,12,11,15,12,9,17,10,10,17,11,11,15,10,15,12,11,12,12,17,9,11,11,15,15,9,17,17,11,12,11,10,9,15,15,15,12,17,11,9,10,11,17,11,11,12,15,15,9,9,12,9,9,15,15,15,10,10,10,9,17,11,11,12,10,9,17,10,9,9,15,12,15,11,17,15,9,17,10,9,10,12,10,17,11,11,11,9,11,12,9,11,15,9,17,15,9,9,17,12,12,17,10,15,15,15,15,15,11,11,9,17,10,9,11,10,17,12,10,10,10,11,9,11,11,11,15,10,17,17,11,9,9,17,15,10,17,17,12,12,12,12,10,9,17,11,15,17,12,15,11,12,12,11,17,15,9,10,12,17,17,10,12,9,15,12,9,12,9,10,12,10,9,10,9,12,12,9,9,12,15,12,10,17,12,11,9,9,17,11,12,17,12,10,10,10,10,17,12,15,11,11,15,15,11,11,11,11,10,17,9,9,10,10,17,17,15,11,11,17,12,17,17,9,11,10,9,10,15,17,17,15,9,17,15,12,17,9,9,11,17,17,11,17,9,17,11,9,15,15,10,15,15,11,11,12,12,9,9,9,9,17,12,11,9,17,17,15,11,11,17,10,11,17,10,17,17,11,11,15,15,11,11,9,10,11,11,10,15,17,15,10,10,17,12,17,12,12,12,11,17,15,11,17,12,12,15,15,10,11,11,10,10,9,17,12,11,12,11,9,11,11,11,11,11,12,12,12,12,12,11,11,17,10,15,9,9,10,9,10,10,17,17,15,17,17,17,15,15,12,9,10,17,17,10,17,9,11,10,11,10,15,17,15,12,10,11,15,10,11,9,12,17,10,10,15,12,9,12,12,9,12,10,15,15,17,10,10,17,15,15,15,17,11,15,9,10,11,10,12,9,11,10,11,10,12,11,15,15,15,15,11,9,15,10,12,11,12,9,11,10,17,11,11,10,10,10,17,12,17,17,9,15,11,9,15,11,9,10,10,12,12,11,10,9,12,10,9,15,10,10,11,11,15,15,10,12,12,15,11,9,12,9,15,10,17,17,10,10,17,10,10,17,9,9,10,12,11,17,17,12,12,11,12,17,11,11,12,11,11,11,17,9,11,10,12,12,10,11,17,12,12,15,11,15,15,12,10,10,9,17,10,15,12,15,10,10,10,11,10,11,15,10,9,9,15,10,10,10,10,15,15,17,9,10,12,10,10,12,12,11,15,10,10,11,12,10,10,17,12,17,11,9,9,17,17,11,10,10,10,15,15,17,11,15,12,11,10,15,17,9,11,9,17,15,12,15,17,11,17,17,15,9,10,9,9,10,10,9,10,10,15,11,11,11,15,12,9,11,11,10,17,11,11,12,17,15,15,9,11,15,15,11,9,15,15,11,15,15,15,11,10,10,9,17,17,17,17,10,10,17,9,15,9,17,12,12,12,15,15,15,17,9,11,9,17,9,12,11,9,9,17,11,11,11,10,15,10,12,12,9,9,17,12,12,9,17,12,11,11,15,15,12,11,12,17,12,17,11,12,11,17,17,11,17,9,11,9,10,10,12,17,10,12,9,9,9,15,11,11,15,17,9,10,9,12,17,15,17,17,12,10,12,11,11,17,15,9,17,10,9,11,12,15,9,15,12,10,9,10,17,17,15,15,9,9,9,17,10,17,17,9,12,17,17,12,12,11,11,11,11,17,11,17,17,17,17,17,12,9,17,10,17,11,10,10,12,12,11,11,17,12,12,17,17,15,11,17,11,11,9,12,9,17,9,10,9,15,11,9,11,15,10,9,9,9,17,12,11,11,17,15,15,10,10,11,11,17,10,12,9,10,10,10,10,10,15,17,9,11,17,15,12,11,10,10,15,12,10,11,12,12,11,11,11,15,12,17,10,12,17,17,12,10,10,12,17,10,11,17,11,12,17,17,11,12,11,17,9,9,11,17,11,11,15,15,17,17,10,10,17,12,11,15,12,11,11,10,9,12,12,15,10,9,17,15,17,9,17,17,10,17,15,12,12,11,10,10,10,17,17,15,12,17,9,9,15,10,12,15,15,15,17,17,15,11,15,10,12,9,9,10,11,11,9,9,12,15,9,15,9,12,12,10,17,17,10,12,15,9,10,17,11,11,11,17,9,9,11,15,11,11,11,15,12,17,9,10
pred_labels
12,9,15,12,15,12,11,12,17,17,15,11,15,10,10,15,11,15,11,12,12,17,17,17,10,10,10,15,12,15,12,17,15,15,9,17,9,11,15,11,9,11,11,11,11,15,12,9,17,10,10,17,11,15,11,10,15,12,12,12,12,17,9,11,12,15,15,9,17,17,11,12,11,10,9,15,11,15,15,17,11,9,10,15,17,11,11,12,15,15,9,9,12,9,9,15,15,15,10,10,10,9,17,11,11,12,10,9,17,10,9,17,15,12,15,11,17,9,15,17,10,9,9,12,10,17,11,11,11,9,11,10,9,11,15,9,17,15,9,9,17,12,12,17,10,15,15,15,15,11,11,11,9,17,10,9,11,10,17,12,10,12,10,11,9,11,11,11,15,10,17,17,11,9,9,17,15,10,17,17,12,12,12,12,10,9,17,11,15,17,12,15,11,12,11,11,17,11,9,10,12,17,17,10,12,9,15,12,9,9,9,10,12,10,11,10,9,12,12,12,9,17,15,17,10,17,17,11,9,11,17,11,12,17,17,10,10,9,10,15,12,15,11,11,15,15,11,11,12,11,10,10,9,9,10,10,17,17,15,11,11,17,12,17,17,9,11,10,9,10,15,17,17,15,15,17,15,12,17,9,9,11,17,12,11,17,9,9,11,9,15,15,10,15,15,11,11,12,12,9,9,9,15,17,17,11,9,17,9,15,11,11,17,10,10,17,10,17,15,11,11,15,15,11,17,9,10,11,15,10,15,17,17,10,17,17,12,9,12,10,12,11,17,15,11,17,17,12,12,15,10,11,11,10,10,9,17,12,11,12,11,9,11,11,11,11,11,12,12,17,12,12,11,10,17,10,15,9,11,10,9,10,12,17,17,15,17,17,17,15,15,12,9,10,17,17,10,17,9,11,10,11,10,15,17,15,10,17,17,15,10,11,9,12,17,10,10,15,12,9,12,17,9,10,10,15,15,17,10,10,17,15,15,10,17,11,15,9,10,11,10,12,9,11,10,11,10,12,11,15,15,15,15,11,9,15,10,12,11,12,9,11,10,17,11,11,10,10,10,17,12,17,17,9,15,11,9,15,11,9,10,10,12,12,11,10,9,12,10,9,15,10,10,10,10,15,17,10,12,17,15,11,9,12,9,15,10,17,17,10,10,17,10,17,15,9,9,10,12,11,17,17,12,12,11,12,17,11,11,12,11,11,11,12,9,11,10,12,12,10,11,17,12,12,15,11,15,15,12,10,10,9,17,10,15,12,15,10,10,9,11,10,11,15,10,9,9,15,10,15,10,11,15,15,17,9,10,12,10,10,12,10,11,15,10,10,11,12,10,10,17,12,17,11,9,9,17,12,12,10,10,10,15,15,17,11,15,12,12,10,15,15,15,11,9,17,15,12,10,17,11,17,10,15,9,10,9,9,10,10,9,10,10,15,11,11,11,15,17,9,11,11,10,17,11,11,12,17,15,11,9,11,15,15,11,9,15,15,11,15,15,12,11,10,10,9,17,17,17,11,10,10,17,9,15,9,17,12,10,10,15,15,15,17,11,11,9,15,9,12,11,9,9,17,11,11,9,9,15,10,12,12,9,9,17,12,11,9,12,12,11,11,15,15,12,11,12,17,17,17,11,12,10,17,17,11,12,9,11,9,10,12,12,17,12,12,9,9,11,11,11,11,11,9,9,10,9,12,17,15,17,10,12,10,10,11,11,17,9,9,17,10,9,11,12,15,11,15,12,10,9,10,17,17,12,15,9,15,9,17,10,17,17,9,12,17,17,12,17,11,11,11,9,17,11,17,17,9,17,9,12,9,17,10,17,11,10,10,12,17,11,15,12,12,12,17,17,15,11,17,11,11,9,12,15,17,9,10,9,15,11,9,9,15,10,9,9,9,17,17,11,11,9,15,10,10,10,11,11,15,10,12,9,10,10,10,10,10,15,17,9,11,17,15,12,11,10,15,11,12,10,11,12,12,12,11,11,15,15,17,10,12,17,15,12,10,10,12,12,9,11,17,11,12,17,17,11,12,15,17,9,17,11,11,11,11,15,15,11,17,10,10,17,10,11,15,12,11,9,10,9,12,12,15,10,9,17,15,17,9,17,17,10,17,15,12,12,12,10,10,10,17,17,15,12,17,9,9,15,10,12,15,15,15,17,17,15,11,15,10,12,9,9,10,11,11,9,9,12,17,9,15,9,12,9,10,17,17,10,12,15,9,9,17,11,11,15,17,9,9,11,15,11,17,11,15,12,17,9,9
pred_correctness
True,True,True,True,True,True,True,True,True,True,True,True,False,True,True,True,True,True,False,False,True,True,True,False,True,True,True,True,False,True,True,True,True,True,True,True,True,True,True,False,True,True,False,False,True,True,True,True,True,True,True,True,True,False,False,True,True,True,False,True,True,True,True,True,False,True,True,True,True,True,True,True,True,True,True,True,False,True,False,True,True,True,True,False,True,True,True,True,True,True,True,True,True,True,True,True,True,True,True,True,True,True,True,True,True,True,True,True,True,True,True,False,True,True,True,True,True,False,False,True,True,True,False,True,True,True,True,True,True,True,True,False,True,True,True,True,True,True,True,True,True,True,True,True,True,True,True,True,True,False,True,True,True,True,True,True,True,True,True,True,True,False,True,True,True,True,True,True,True,True,True,True,True,True,True,True,True,True,True,True,True,True,True,True,True,True,True,True,True,True,True,True,True,True,False,True,True,False,True,True,True,True,True,True,True,True,True,True,True,False,True,True,True,True,False,True,True,True,True,False,True,False,True,False,True,True,False,True,True,False,True,True,True,True,False,True,True,False,True,False,True,True,True,True,True,True,True,True,False,True,True,False,True,True,True,True,True,True,True,True,True,True,True,True,True,True,True,True,True,True,True,True,True,True,False,True,True,True,True,True,True,True,True,False,True,True,True,False,True,True,True,True,True,True,True,True,True,True,True,True,True,True,False,True,False,True,True,True,False,True,True,True,True,True,False,True,True,True,False,True,True,True,True,True,False,True,True,True,False,True,True,True,False,True,False,True,True,False,True,False,True,True,True,True,True,True,False,True,False,True,True,True,True,True,True,True,True,True,True,True,True,True,True,True,True,True,True,True,True,False,True,True,True,False,True,True,True,True,False,True,True,True,False,True,True,True,True,True,True,True,True,True,True,True,True,True,True,True,True,True,True,True,True,True,True,True,False,False,False,True,True,True,True,True,True,True,True,True,True,True,True,False,True,False,True,True,True,True,True,True,True,True,True,False,True,True,True,True,True,True,True,True,True,True,True,True,True,True,True,True,True,True,True,True,True,True,True,True,True,True,True,True,True,True,True,True,True,True,True,True,True,True,True,True,True,True,True,True,True,True,True,True,True,True,True,True,True,True,True,True,True,True,True,False,False,True,False,True,True,False,True,True,True,True,True,True,True,True,True,True,True,True,True,False,False,True,True,True,True,True,True,True,True,True,True,True,True,True,True,True,True,True,True,False,True,True,True,True,True,True,True,True,True,True,True,True,True,True,True,True,True,True,True,True,True,True,True,True,True,False,True,True,True,True,True,True,True,True,True,False,True,False,True,True,True,True,True,True,True,True,True,False,True,True,True,True,True,True,True,True,True,True,True,True,True,True,True,False,False,True,True,True,True,True,True,True,True,True,False,True,True,False,False,True,True,True,True,True,False,True,True,True,False,True,True,True,True,True,True,True,True,True,True,True,True,True,True,True,False,True,True,True,True,True,True,True,True,True,True,False,True,True,True,True,True,True,True,True,True,True,True,False,True,True,True,True,True,True,True,False,True,True,True,True,True,True,True,True,False,False,True,True,True,True,False,True,True,False,True,True,True,True,True,True,True,True,False,False,True,True,True,True,True,True,True,True,False,True,False,True,True,True,True,True,True,True,True,True,False,True,True,True,False,True,True,True,False,True,True,True,True,False,True,True,False,True,True,True,False,False,True,True,False,False,True,True,True,True,True,True,True,False,True,True,False,True,True,True,False,True,True,True,True,True,True,True,False,True,True,True,True,True,True,True,False,True,True,False,True,True,True,True,True,True,True,True,True,True,False,True,True,True,False,True,True,True,True,False,True,False,True,True,True,True,True,True,True,True,True,False,True,False,False,True,True,True,True,True,True,True,True,True,True,True,False,True,True,True,True,True,True,True,False,True,True,True,True,True,True,False,True,True,False,True,False,True,True,True,True,False,True,True,True,True,True,True,True,True,True,True,True,True,True,True,True,True,True,False,False,True,True,True,True,True,False,True,True,True,False,True,True,True,True,False,True,True,True,True,False,False,True,True,True,True,True,True,True,True,False,True,True,False,True,False,True,True,True,True,False,True,True,True,True,False,True,True,True,True,False,True,True,True,True,True,True,True,True,True,True,True,True,True,True,True,True,True,True,False,True,True,True,True,True,True,True,True,True,True,True,True,True,True,True,True,True,True,True,True,True,True,True,True,True,True,True,True,True,True,True,False,True,True,True,True,False,True,True,True,True,True,True,True,False,True,True,True,False,True,True,True,True,True,True,False,True,True,True,True,True,False
p2d-kl
0.5365138053894043
p2d-iter
599
p2d
1.3495941,-1.366073;-1.110557,0.685202;1.4314424,0.18685275;1.0375277,-1.2324048;1.8841319,0.12921423;1.2713755,-1.1989269;0.92704,1.5881354;0.6780881,-0.6866561;-0.18958612,0.011963902;-0.61063254,0.3832148;1.7073727,0.22626457;0.57621944,1.1340117;0.14673185,0.34854147;-0.8523431,-1.108644;-0.47610041,0.8498465;1.3938341,0.15981361;0.8949527,1.4395936;1.7367315,0.24997602;-0.3482487,0.7483272;-0.16127221,0.09704691;1.2218561,-1.0992621;0.3045218,-1.6479996;0.28896037,-0.3163159;-0.79685897,0.8484608;-0.6800068,1.0680751;-0.93662775,-1.6071765;-0.93571895,-1.7285329;1.5994817,0.2598079;0.6661521,-0.33045912;-0.6411103,0.8697984;1.0621582,-1.0752465;0.46126083,-1.7664293;1.986992,0.23188072;1.6724299,0.18259566;-1.8141743,0.4770073;0.25246817,-1.5599358;-1.5602294,0.57883465;0.2887685,0.95843744;0.28519502,0.037203684;0.07728364,0.21808305;-2.1004188,0.55717295;0.09792217,1.0013304;-0.465604,0.7312927;0.16343553,0.17054011;0.8302215,1.2413558;0.55935895,0.29795307;-0.10702491,0.63671255;-2.2533028,0.4116969;0.04788246,-1.4435263;-1.137381,-0.79374015;-1.1646432,-0.81524837;0.24382406,-1.4521139;0.33429307,0.9710174;-0.37835026,0.77255416;-0.2748848,0.7696299;-0.9507965,-1.7184818;0.4597269,0.33218396;0.9990485,-0.9312545;0.731336,-1.0186754;0.7317631,-1.3759834;1.3118366,-1.3487653;0.040209312,-1.4229877;-2.2738893,0.47561014;-0.72117895,1.273353;-0.045845028,0.033907283;2.066861,0.16970769;-0.3289555,0.8890408;-0.8731875,1.4467835;0.22540687,-1.6796536;0.26950172,-0.07370013;0.8663273,1.591794;0.87454355,-1.0437138;0.54525465,1.1699315;-1.2073789,-0.6981766;-2.038437,0.45718172;1.9553187,0.20895813;0.084524356,0.58134717;1.892666,0.17693718;0.5786196,-0.31392592;0.18148421,-1.6650219;0.972695,1.6055348;-1.5393739,0.68331504;-1.0368077,-1.3263462;-0.064640455,0.29697436;0.2714472,-1.6737256;0.9928837,1.6785166;0.84252656,1.6428379;1.294764,-1.3612516;1.9804931,0.20559777;1.8859044,0.27481577;-2.1927428,0.47802868;-1.8354402,0.59869486;0.84952396,-0.6738781;-1.6380849,0.61848235;-0.7793047,1.2191188;1.3656168,0.21146359;0.60118455,0.21477847;1.5981984,0.22633824;-0.8815381,-1.0087404;-0.49682912,1.1745545;-1.0568572,-1.4037279;-1.4868045,0.6830623;0.45124164,-1.2635432;0.010666588,1.0372322;-0.55631423,1.0220567;1.0518473,-0.9348948;-1.0993629,-0.7392524;-0.84220886,1.2398826;0.55478704,-1.3292406;-1.1221904,-0.98376393;-2.025586,0.61707073;-0.61216503,0.8981222;1.7414333,0.2477225;1.2321233,-1.0136915;0.6983875,-0.29973692;0.34300584,1.0232375;0.06455174,-0.060230736;-1.0536529,0.5530539;-0.7010567,0.70161635;-0.6388577,0.23777434;-1.1748428,-0.79955184;-1.9376965,0.5192422;-0.9467762,0.8885694;0.62973887,-0.99428135;-0.91819626,-1.6808167;0.45586765,-1.7328223;0.771489,1.2777405;0.16894329,0.12363634;0.83361053,1.4532266;-1.4539483,0.5263235;1.0157306,1.7474087;-0.051914085,-0.4294766;-1.3018711,0.6753551;0.10573374,0.79990464;0.027235065,0.5739639;-2.2479062,0.467716;0.618934,-1.5295209;1.7658254,0.14591508;-1.0099944,1.0767769;-0.7942469,0.7066251;0.2374348,-1.5080264;0.9633175,-1.161016;-0.55679196,0.33611783;0.5774032,-1.0208902;-1.2702215,-0.5300953;1.9205203,0.22120625;-0.25440863,0.614563;1.642587,0.2838008;1.6505463,0.22166288;0.6837378,0.92825526;0.5629008,1.218236;0.52084047,1.1328715;-1.0541316,0.52375084;0.68073857,-1.3932573;-1.0579722,-1.0190932;-1.7246708,0.5661275;0.09815151,0.8939416;-0.22763054,-0.28250602;-0.064906515,-1.1738327;0.9088217,-0.8066312;-0.83998835,-1.5915816;-0.23405598,0.2909735;-1.1204177,-0.83169264;0.3356937,0.9790402;-0.9840767,0.80826783;0.8786915,1.4844607;0.17837408,0.15819265;0.24229144,0.2817774;0.46517342,0.40612602;-1.0142406,-1.1556294;0.1643086,-1.6021231;-0.5644524,0.25504613;0.14133054,0.1979923;-1.8721366,0.55070496;-0.8282927,1.2059629;0.32586494,-1.6141826;1.5497296,0.14968671;-1.0169741,-1.1913735;-0.04964277,-1.1181514;-0.285068,0.07978054;1.0934573,-0.99360126;0.25528428,-0.22252114;0.94910306,-0.8952244;1.11131,-0.9861405;-0.96705544,-1.0924807;-2.2023113,0.4977997;0.78851366,-1.6629169;0.13824707,1.0086304;1.4050298,0.2640751;0.71064967,-1.6049438;1.2754358,-1.2296116;1.9011203,0.1715543;1.1314638,1.6823851;0.96747977,-1.180553;-0.45744187,0.69781107;1.0542532,1.7263798;-0.4097151,0.6682994;0.2058755,-0.018692603;-1.378226,0.595568;-1.1878291,-0.6368929;1.076545,-1.0967296;0.060952216,-1.3836359;-0.23216063,0.06955626;-1.2302825,-0.5391967;0.04510687,-0.50305694;-2.1062443,0.5138323;0.7381879,0.16247272;1.2880224,-1.4138103;-0.92320514,1.3014934;-0.7546629,0.9748857;-1.531636,0.63774395;-1.193494,-0.6821228;0.8397841,-1.2267417;-0.8248287,1.002557;-0.49661082,0.9210496;-0.91454965,-1.5322815;-1.324278,0.69854635;1.1842439,-1.0631404;1.2964022,-1.3964292;-0.52399755,0.66800606;-1.5700035,0.60357493;0.58604,-1.1050109;1.7633649,0.09989258;0.6134627,-0.2724383;-1.0749139,-1.0532826;0.05795437,-1.3493897;-0.42781183,0.16220465;0.809695,1.4013156;-1.9116993,0.57483053;-0.8599487,0.609558;0.026665471,-1.3154548;-0.716733,1.2150271;0.80650485,-1.0893177;0.27508888,-1.7665707;-0.6003816,0.34224212;-1.1002271,-1.0689782;-0.18219265,-0.3090303;-0.845387,1.4968928;-1.2087401,-0.85336334;-0.22021976,0.58348525;0.7970447,-0.7559364;1.9199584,0.17739356;0.9638928,1.4884467;-0.40514323,0.7651661;1.4331236,0.15149559;1.9829782,0.17121224;0.92628294,1.6429148;0.12866423,0.7185044;-0.4394971,0.1979054;0.4160935,0.6065917;-1.2155008,-0.6916603;-0.32484046,0.49143225;-1.5516318,0.49866456;-0.7828656,1.4856224;-1.0284091,-1.3534471;-1.1347002,-0.94948643;0.20794784,-1.423429;-0.36298847,0.107972205;0.4906721,0.34596753;0.86665857,1.6246833;1.1302323,1.813742;-0.019638097,-1.220035;0.9814221,-0.88819337;-0.0008642189,-1.2052085;0.01121034,-0.18492304;-1.5701029,0.635047;0.70091826,1.1704569;-0.9194159,-1.7978653;-1.062045,0.60216993;-1.2776476,-0.67493814;1.9330906,0.16370098;0.41886556,-1.236892;0.0065411907,-0.07935566;1.7031109,0.12732916;0.10995094,0.42074296;0.0699886,-1.2120036;-0.721934,0.5753648;1.1491301,-1.2974571;0.6784251,-1.5571786;-1.7327535,0.5737547;-2.0919611,0.55941755;0.509361,1.185733;-0.09379047,-1.0863205;-0.53482795,0.32110932;0.9828656,1.5734189;0.18053193,-1.5138572;-0.99617374,1.1091487;-0.84711707,1.5229108;0.7410452,1.3002657;-1.4575398,0.6676343;2.0498111,0.18365306;0.035930526,0.44283158;-1.1536351,-0.860968;1.766878,0.27071747;1.9581121,0.14185572;0.55535096,1.0974932;0.035777364,0.6489428;-0.50829387,0.46642005;0.97629726,-1.2618049;-1.2869947,0.72517323;-2.2118382,0.5153785;-0.72337013,1.3776234;-0.18177246,0.6762867;0.39419928,-1.6668594;0.6418636,-1.25056;0.46937087,1.1796021;-1.7702827,0.4996021;0.1456531,-0.29910094;-0.8278761,1.5140663;1.4273349,0.22160359;0.58616203,1.193246;-0.023435647,0.29306498;-0.56902814,0.41261718;-0.9744735,-1.165847;-0.38310298,0.5687232;0.38861167,-1.7048011;-1.1986626,-0.61602455;0.16670695,-1.46058;0.6245097,-0.25641683;0.42074612,0.60143584;1.0474707,1.6878608;2.040951,0.22175081;-0.7231683,0.6743646;1.1121998,1.6159595;-0.2280145,0.25690958;-1.9027315,0.5841269;-0.9239001,-1.6686691;1.0857574,1.8543881;0.16294262,0.37813807;-0.82080495,-1.6009154;1.462731,0.16198812;0.0983984,-1.4150424;0.75626016,-0.26233518;-0.7578934,-1.497176;-0.32964653,0.22357287;0.55455613,-1.5550535;0.9288171,-0.8801668;-0.8114188,1.3637973;1.2928507,-1.1679443;-0.77105695,1.5322875;1.3172395,-1.2960379;0.77154547,1.4167393;-0.11743169,-1.0500978;1.9630642,0.26344106;0.59770894,1.2404863;0.20144437,-1.5343482;0.5503054,-0.32875836;1.0531588,-1.0006213;-0.29136223,0.38038164;2.1257055,0.21207877;-0.9517383,-1.7648318;-0.06085583,0.5958079;1.0283183,1.6012193;-1.1145722,-1.2041924;-0.33596656,0.48038176;-1.4226613,0.6256799;0.47595164,-1.7614732;0.616772,-0.9962427;0.76777774,1.4215455;1.0997283,-1.0486017;0.9105294,1.3592327;-1.3198171,0.5833089;0.10561959,0.98346317;0.23399691,0.33006337;-0.6961151,1.2854894;1.1219348,1.8695036;0.7087414,0.87877387;0.724197,-0.70664513;1.2650163,-1.3337246;-0.5773066,0.2842719;1.0492712,-0.925504;-0.39752892,0.1217357;0.13844581,0.9477296;-0.44184792,0.8101423;0.16996159,-1.5244023;-1.0852251,-0.9587234;2.0012665,0.16011876;-1.5667878,0.52073276;-0.2844817,0.76878613;-0.8954563,-1.2157371;-2.1891263,0.52549344;-0.7510258,1.0461893;-0.8946981,1.4932688;0.046418782,-0.13764562;0.2530832,-0.32063144;0.6605649,0.27629587;0.23697533,-1.7319913;0.14186631,-1.5057315;-0.5857037,0.4541272;0.79256666,-0.26115286;1.8916941,0.22369431;0.9506132,-0.979984;-1.1048532,0.84130514;-1.2244095,-0.5997436;0.5970138,-1.4955591;0.17083508,-1.5859686;0.7027558,-1.1048025;0.76215804,-1.6380591;-1.6039351,0.5941233;0.069263875,1.0172753;-1.1384835,-0.96738225;1.1570308,1.833683;-0.8700919,-1.6209435;1.5002676,0.3220495;0.19266838,-1.4650965;0.35281256,0.3965458;0.022961495,-0.41238466;0.11896383,-0.21623914;-0.055948537,0.0031713885;1.4686376,0.33576694;-1.0368313,-1.6761905;0.52823615,1.1820724;-1.8973751,0.51283044;0.56597275,-0.60165787;0.11642961,-1.3645228;-1.2650402,-0.6086017;-0.21969561,0.4118407;0.6598172,0.21824203;0.6726904,-0.98358583;-1.3574953,0.6925143;-0.07269117,0.07802677;0.17946702,0.04526599;-1.9473103,0.56872857;-0.33401304,0.41089377;-0.9932288,-1.1021328;0.8258858,0.20644428;-0.75045264,0.6510504;-0.13117898,-1.0322363;-1.0391371,-1.3647902;-0.3607526,0.43312508;0.3983369,-1.3020526;0.756596,0.16055152;0.7624811,0.22802639;-0.13452089,0.42069733;0.3092591,-1.7667459;1.0939006,1.7461319;-0.51260453,0.9445275;-0.8546354,0.7897364;-0.7095105,1.0863837;-0.3737053,0.70533496;-0.9452473,-1.6624186;1.0006276,-1.2884843;-1.0799522,0.4964637;-0.011100444,0.8398098;-1.0377376,-1.2527996;0.13155729,0.8606127;-0.24146594,-0.26847386;0.8728562,-0.76027715;0.14969636,0.8295201;2.1456468,0.20633759;1.8483372,0.1874283;0.28617135,0.41944474;2.1268773,0.16496643;0.681187,1.1807395;-1.3757348,0.6798964;1.6902864,0.23762038;-1.1597055,-0.7647628;1.3194128,-1.3944528;0.6647054,1.2323661;1.1433661,-1.0126125;-1.5193295,0.5863134;-0.7131479,1.2282248;-0.30461267,-0.16224639;0.34405327,-1.6558647;0.7918178,1.239566;1.0180875,1.6439599;-1.0637766,-1.1601294;-0.4803087,0.82378197;-1.260938,-0.6436369;0.3197315,-1.7019122;1.3395137,-1.40217;0.46996057,-1.5728424;-0.47979409,0.19244674;0.20946576,-0.26391983;2.0170016,0.20277834;0.6550082,1.1786199;-2.1673188,0.4209792;1.3065697,0.17572321;0.76424867,1.2609204;-1.4683888,0.6073224;-0.9573381,-1.6775051;-0.07711821,0.30123267;0.9009936,-1.2730498;0.6805691,-1.2708653;0.6313413,1.1012745;-1.2600529,-0.5909251;-2.0952559,0.4612742;0.7795267,-0.68869376;-0.9885185,-1.4524184;0.8067127,-0.36964232;1.9898158,0.1870885;-1.1495057,-0.9230942;-0.2456208,-0.22916225;-0.16902877,0.44444534;-0.15517867,-0.36712694;0.7173281,0.20827699;-0.18903646,-0.027628098;-1.043769,-1.086886;0.7953335,-0.6988559;-0.5375559,0.43390894;1.5238655,0.30283356;0.1276097,0.69806135;-0.86915714,0.75542;1.218591,-1.3225526;-1.5042052,0.48181495;1.841453,0.19389662;-0.8963934,-1.2256742;-0.7033629,0.20176494;-0.44638228,0.14434369;-1.0517836,-0.8256019;-1.0811536,-1.0701195;-0.020971851,-1.1606227;-0.9095142,-1.2362788;-0.33733568,0.11244831;0.28427118,-0.05213304;-2.2712312,0.43672645;-0.76933694,1.452267;-0.24784255,0.4235072;0.75588846,-0.7862423;0.027634827,1.0306071;0.22459917,-1.509459;0.7598133,-1.6361904;0.8570266,-1.0899477;-0.41754207,0.27801558;0.70294255,1.3166525;1.2428664,-1.1743745;0.26612666,-1.6280917;0.932314,1.2902904;0.17926514,0.0910667;0.82367814,-0.791576;1.1506257,1.7962962;0.2081613,0.003221144;0.7954231,1.5089236;-0.27863613,-0.005981697;-0.9672,1.0620109;1.1219457,1.7732669;-1.010285,-1.4788357;1.2049426,-0.9577555;-0.13533385,0.07620659;-1.0051262,-1.4080876;1.0463682,1.6654091;0.5008019,-1.4253027;0.81233865,-0.76342016;1.1816125,-1.021226;1.5659635,0.22519402;0.893088,1.571428;0.604194,0.24159037;-0.2846124,0.841873;0.9698403,-1.1228077;-1.0844843,-0.7447946;-0.97619975,-1.7691429;-1.2488062,0.7218559;0.16710109,-0.37523502;0.019023094,-0.42422253;1.5224429,0.27331704;1.2513012,-1.2032977;0.4079302,0.39013857;-0.20952171,-0.13974924;-0.08067887,-0.39316693;-1.1011637,0.7084441;0.80670893,1.2004334;-1.0581324,-1.1331558;0.20803384,0.9229401;1.4750695,0.2721453;-0.9156617,-1.0025606;-2.2387736,0.5262253;-0.8990448,0.78354573;0.039951038,0.526146;-1.1505783,-0.6341276;-0.292656,0.1903557;-0.9042044,-1.7821697;-0.09377769,0.47545686;-0.43701383,0.95550436;-0.57544607,1.179483;0.0562025,-0.120988056;-2.066244,0.5407237;-1.0537671,-1.3212773;0.96923995,-1.2758205;-0.37143552,0.39968953;-0.90706307,1.4764637;1.3601648,-1.4007657;-0.20878872,-0.111263655;0.9461049,1.3750533;0.10136956,0.72205204;-1.2264562,-0.56483424;-0.9526912,-1.6130774;0.14833474,0.8905258;0.7503131,-1.0536995;-0.9419884,-1.0608406;-0.79145265,0.9996547;0.47729045,-1.716839;0.8922994,-0.8900559;0.3602119,-1.6814705;1.029718,1.498218;-2.0829544,0.42561266;-2.2353394,0.4813231;0.6063245,-1.3750973;-0.49444303,0.29589367;-0.16202131,0.26495466;-1.2413441,-0.6665594;-1.0492462,-1.388938;-1.2089126,-0.7919388;0.3841002,0.36023435;1.9368647,0.07054513;0.11083369,-1.4510515;0.9466356,1.6636474;0.68530756,0.24518354;0.6424174,-0.37701234;0.8366649,-1.1404525;-0.7873576,0.9851752;1.7637484,0.21393102;0.28748655,0.07543291;-0.6421253,1.2594413;-0.030895365,0.6134841;-2.0757618,0.4648226;0.75836253,-1.6366191;0.65641075,0.24282938;0.7239138,-0.754844;-0.4705703,0.66510797;-0.37104717,0.066130616;0.9182722,1.4279574;0.58311206,-1.4620703;-0.35046774,0.44227082;0.33085135,0.43384728;-1.737485,0.5161068;-0.15021245,0.48440126;-1.5991052,0.56929195;-0.8912709,1.3094536;-1.2507305,-0.556307;-0.46091732,0.6138042;-2.23878,0.5262189;-1.0775584,-1.3536023;-0.49923083,1.1665426;0.82363266,0.16543289;1.4574069,0.3691012;0.64599735,1.1499882;0.37903792,0.9136066;0.722569,0.16494165;-0.21116759,0.03308796;-1.3382007,0.64566684;0.12889004,0.88803464;-0.08253133,0.3841956;-1.0034965,-1.0429243;0.44308764,-1.1475629;-0.651485,1.1857777;0.452353,1.0679781;1.0832452,-0.95107824;0.49155235,-1.6946244;0.7319832,-0.24346446;-0.54443765,1.034113;-1.8449845,0.5515015;0.7771962,1.3955265;1.5192149,0.22597708;1.4545398,0.2467028;0.67264444,1.2905034;-2.20724,0.47237095;1.3670762,0.1789163;-0.47590247,1.0078317;1.1918966,1.869826;1.7989553,0.22518902;0.57415795,0.28539807;-0.53187686,0.90676486;0.3875861,0.98921007;-0.8331312,-1.5280926;-0.7058339,0.96842784;-1.5339046,0.6120276;0.13363063,-0.2355956;-0.013051503,-1.2644941;0.3149151,-0.30939323;-0.3774751,0.6549586;-1.1240466,-1.0245277;-0.2610846,-0.19720288;0.63423264,-1.4824406;-0.7738142,1.4203366;0.27022344,0.08128646;-1.9963721,0.5198041;0.07605426,-1.3623304;1.1250162,-1.0601584;-0.025505139,-0.4075204;-0.8555538,1.5770285;1.7130553,0.19753802;0.056479644,0.4820906;2.0662034,0.12320374;0.4598207,-1.5165452;-0.68272793,0.7728634;0.8612198,1.4478275;-1.7504327,0.57442176;-0.7619473,0.6978944;-1.2792575,0.65615094;0.964899,-0.8719352;0.9640139,1.7275862;-2.026526,0.51903254;-0.9629995,0.5650676;0.5910547,-1.4254425;0.7294918,1.1349117;0.70883375,1.4365553;-0.020920163,0.83243287;-0.8702867,1.3670876;1.576145,0.16315025;-0.29591942,-0.25963888;1.2396725,-1.2958251;-0.07449598,0.072616264;-2.0187094,0.5476013;-0.76537865,0.7599883;-0.12318667,-1.0516376;1.2790405,-1.3576734;0.11077544,0.16452287;-1.0997468,0.52776384;-0.8272636,1.2875655;0.1372454,0.13843904;0.8347321,1.5787544;0.7387797,1.327255;0.6229104,0.27889618;1.4908093,0.24321796;0.8350679,-1.0397532;1.0810708,1.7938373;0.7725198,-0.6870511;0.08016434,-1.4488431;0.58770627,-0.29059717;0.14140849,-0.24550958;0.8738555,1.5235418;1.194455,-1.0495672;0.722949,-1.0889704;0.5083254,-1.7167846;0.24928874,-0.3110981;0.39762703,1.0396659;0.062859066,-0.50250894;-2.1436822,0.46113324;0.5258556,1.0853949;-1.51952,0.5267811;-0.9376668,-1.6513495;-0.71331865,0.99521613;0.19745696,-0.14134975;0.24987796,-1.6063421;-0.5390525,0.61591834;1.210939,-1.1478201;-1.618015,0.6381228;-1.9822849,0.5599217;-0.83749634,0.66332537;0.71299237,0.930147;0.9390641,1.7041762;-0.64690614,0.7755261;0.062479537,0.46358922;-0.8480148,1.3516055;-1.9001423,0.47003695;-0.8725414,-1.5420532;-2.0003464,0.49261123;1.2534571,-1.1347475;0.628106,-1.3813082;1.4472706,0.16332152;0.0375637,-1.2508398;-0.385206,0.5211816;0.98249894,-0.7988855;-0.99939936,-1.6685861;-0.17223972,-0.27905408;1.0390316,1.8256631;0.70163417,-0.35532263;0.5274404,-1.4488454;-0.7947869,1.4730113;-1.34684,0.67380756;0.52586806,-1.4702839;-0.87410665,-1.1709696;-0.91581273,1.2088485;0.019213507,1.0262383;0.9578507,-1.1970384;0.6724345,0.27557412;-0.6844984,1.2526488;0.47995555,0.3795537;0.7420168,-0.74329805;-0.87352914,-1.2157801;-1.1076417,0.70324177;-0.91186666,-1.7246978;0.33312145,-1.6360623;0.36151177,-1.159005;-0.60463256,1.1999242;1.7918082,0.20247605;-2.0941913,0.5164047;-0.7978556,0.6514428;-0.8100719,1.1586703;0.26128054,-1.7596003;-0.96907693,-1.5669001;-0.033484746,-1.2033081;0.07230759,-0.14699234;-1.3156885,0.6453379;-0.78864175,0.7787423;0.36718926,-1.2265055;-0.7729121,0.5894489;0.7041844,-0.3692494;-0.8121524,1.5459388;0.025583481,0.63674694;1.1652985,1.8822258;-0.32327616,0.7802158;-0.8206327,1.6278734;-0.020079829,-0.1238793;1.0115404,1.6754708;0.7770476,-1.6524014;0.5643458,-1.1860852;-0.8612063,1.2542768;0.42062068,-1.2011079;-0.8401732,1.4984189;1.0382053,-1.2512611;-0.97482836,1.1532614;0.53854823,-1.4964601;-0.27606332,0.3428037;0.69395226,-1.5555695;0.94751126,1.5150392;-1.079861,-1.386705;-0.11226142,-0.33523554;0.66620314,-0.6774361;-0.04493915,-0.3448905;1.0892302,1.7528135;-0.32639226,0.84583855;-0.2296772,0.33663374;1.0050558,-0.8891574;0.0702075,-0.53164095;0.006599179,-1.2249283;0.03156457,-1.2737104;1.344649,0.16634047;0.44681334,0.9874035;0.17095865,-0.18946023;1.1213459,1.7551765;-0.6528224,0.75621825;-1.6961175,0.56720245;0.8396377,-0.7149553;-0.38731354,0.6765993;0.398183,-1.6941932;-1.1528021,0.8355465;-1.027716,-1.6778787;-0.9093423,1.1604819;1.9398195,0.0588891;0.8141947,1.4942288;-1.7710172,0.5842456;-0.743117,1.1336259;0.4312514,0.36511418;-1.1128626,-0.8914526;-1.9202794,0.54721916;-0.8824245,1.2567949;-0.8792453,1.1378541;0.70683116,-1.5023689;-0.5464153,0.38748312;0.9793256,1.6499101;0.6528945,0.9328524;-0.7876788,0.6353418;1.9271183,0.24759617;-0.32603776,0.63459843;-0.9643658,-1.5887103;-0.94759923,-1.5675725;-0.7288343,1.1677847;-0.9434378,0.5362528;-0.7824453,0.7199775;-0.864909,-1.5852599;0.5790847,-0.60917395;-1.0148557,0.76456124;-1.2434008,-0.7109988;-0.7978074,-1.5268333;-1.2322513,-0.72671443;-0.016538193,-0.4329526;-1.1054252,-0.9671822;1.4052346,0.1764474;0.11712161,-1.4063249;-1.5240173,0.66468585;0.3582447,0.96789145;0.14311895,-1.3897504;0.6262429,0.22399418;1.3208249,-1.4219711;1.1240152,1.8698498;-1.1303891,-0.888492;-0.31097347,0.6327091;0.380094,0.5352599;1.0988928,-0.947958;-0.8977018,-1.6587617;1.0525181,1.7575017;1.3107687,-1.2920057;0.041515283,-0.030607304;-0.10682678,0.07741515;0.8994288,1.6031072;-0.1305938,0.51342183;0.45761064,0.4190878;-0.134408,0.6363382;-0.35496736,0.011058652;-1.1170958,-1.0536287;0.82277954,-1.0646096;0.58078474,-0.9863754;-0.59471095,1.1815287;0.19985573,-0.07895961;-1.080469,-1.318792;-0.984165,-1.2286102;0.861575,-0.72204965;-0.48499894,0.37826815;-0.8214506,1.587823;0.6225526,1.1568768;0.20843992,-1.573561;0.7700336,1.2605971;0.5076916,-1.0929264;0.6979096,-1.5292425;0.4324538,-1.7081354;0.18078412,0.8639893;1.1971438,-1.0266491;0.21510443,0.39649;-0.2948114,0.10757888;-2.069205,0.61501795;-0.48661265,0.22539808;0.7225064,1.2597113;-0.51375526,0.95326453;0.6952415,0.86684495;0.89296764,1.6840408;2.0386546,0.1560665;-0.39941302,0.9226039;-0.17907588,0.33432245;-0.10004995,-1.087786;-0.82054365,-1.550101;-0.93689126,-1.5450119;-0.3672037,0.039617825;-0.87461174,1.50287;1.0978779,1.7952219;1.8782659,0.22674371;1.1805252,-0.92924374;0.7880646,1.3303479;-0.9341434,0.583248;-0.17361131,-0.33711976;-0.9578538,1.09048;1.0898007,-1.2644784;0.9614283,-1.2425773;1.8181641,0.13647419;-0.961086,-1.1334049;-1.408637,0.68581265;-0.7111938,0.21503541;1.6026142,0.19077292;-0.07327405,-1.2304202;-2.161881,0.48612908;0.5346348,-1.4879098;0.5849456,-1.369714;-0.055440348,-0.39257908;0.2188276,-1.516586;0.7339455,0.13173994;1.1548276,-0.9994597;0.23766513,-0.18830065;-0.32563475,0.7345826;-0.4171539,0.6182194;-0.37784833,0.3379441;-1.0842127,-1.3033891;0.20059736,-1.2610586;0.27509755,-1.269031;0.68609434,0.21996985;0.7718085,-1.0327336;0.42165622,-1.7163937;-1.9769832,0.54109097;-1.5082947,0.5634258;-0.44589,0.9861502;-0.29979357,-0.2907978;1.3397934,-1.368001;2.058652,0.24519828;-0.09592651,0.6124247;-0.17635171,0.6048838;0.010804014,-0.11727543;0.516189,-1.4398178;1.361006,0.22159997;0.7641092,0.94868225;0.43659,0.3511439;-1.1866113,-0.7505135;1.2077955,-1.0977478;-0.83290094,1.1210036;-0.8356305,1.5779955;-0.9281133,-1.0506978;0.6710498,1.0374243;0.47718146,1.0411055;-2.1898847,0.43770352;-0.89477736,1.1127391;0.74156135,-0.6807407;-0.57870215,0.37816492;-1.6419164,0.5542864;1.6590585,0.19630937;-1.8593605,0.5008157;0.9105738,-0.91378605;-0.9968732,0.81066144;-0.80179155,-1.4849551;0.48749584,-1.3412831;-0.85252297,1.4538673;-0.19365636,0.4085968;1.159506,-0.9706483;0.7448821,0.21432294;-1.3297265,0.713267;-0.8770715,1.5669351;0.3915779,-1.1709032;0.17289272,0.8487835;0.41543218,1.0499274;-0.53119355,1.0243491;0.15408589,-0.36449704;-1.9770572,0.49897766;-2.2308757,0.4299774;1.0508599,1.7954451;2.1223893,0.1847592;0.8564958,1.3275087;0.207915,-0.20895757;0.6700106,1.0284473;2.0648327,0.19621104;0.8847062,-1.0621454;0.3784638,-1.2048302;-1.7824548,0.50775313;-0.9606475,0.56268793
p3d-kl
0.42189347743988037
p3d-iter
599
p3d
-1.6191821,1.6117363,0.118922934;1.2537366,-0.5658095,-0.33228907;-1.1406282,-0.22615366,0.8372173;-1.2266408,1.2010772,0.044102475;-1.8054909,-0.6411778,0.9464521;-1.454804,1.4913033,-0.2662351;-0.5727266,-2.164814,1.320646;-0.45907584,0.9818779,-0.6255584;0.2586271,0.5307936,-0.12257456;0.7203575,0.5963348,0.2131185;-1.5361063,-0.37816295,1.0318286;-0.14452644,-1.4771638,0.58138525;0.11430701,-0.16346484,0.30637398;-0.194521,0.05223663,-1.2236104;0.9524604,-0.017697105,0.7611958;-1.0856948,-0.19828303,0.7917298;-0.5056815,-1.8912421,1.2076135;-1.5739744,-0.42727566,1.1142672;0.74251896,-0.23165539,0.51855254;0.37202412,0.441666,0.21611767;-1.3485066,1.409772,-0.43850362;-0.4396509,1.9724872,0.9196723;-0.28544754,0.73837733,0.08821357;1.2859039,-0.62002826,0.6118929;1.1628033,0.021732649,0.6980172;-0.7483288,0.122328565,-1.8945342;-0.9095958,0.022719603,-1.9058617;-1.3714774,-0.50293344,0.9331434;-0.7110454,0.46192673,0.16765502;1.0445141,-0.5514136,0.7080718;-1.151533,1.1500666,-0.33157754;-0.73172367,2.0564182,0.9780216;-1.9464388,-0.5834656,0.9901653;-1.4850729,-0.29381803,1.0660417;1.8089793,-0.21736541,-1.7244908;-0.30420062,1.9887383,0.7655335;1.5371306,-0.3994963,-1.1876551;0.21406944,-1.1512389,0.30639112;-0.2638057,-0.02894009,-0.07690319;0.095753245,-0.14687283,-0.174104;1.9393586,0.4101584,-1.8424782;0.50900704,-1.178529,0.38596776;0.9279843,-0.052640572,0.4366115;-0.0126205385,-0.06848261,0.04557216;-0.33361673,-1.5406343,1.0193914;-0.36847186,-0.3390706,0.57569844;0.49140048,-0.30326387,0.2999704;2.1451833,0.578501,-2.2423804;-0.026246248,1.6155599,0.75364953;0.263667,-0.35313174,-1.7428744;0.2548566,-0.36160365,-1.854794;-0.28944552,1.872079,0.5602288;0.13921805,-1.1815982,0.30985963;0.7695489,-0.17136736,0.6188149;0.717801,-0.44348451,0.4179613;-0.9020639,0.05175615,-1.9288445;-0.22577982,-0.39727086,0.5822629;-0.98690146,1.203325,-0.53912854;-0.79665583,0.8129036,-0.019152597;-0.9156226,1.260898,0.41209462;-1.5718724,1.5619422,0.07347668;-0.00023814959,1.6393003,0.7267813;2.135997,0.642124,-2.1536348;1.383366,-0.09985614,0.99928164;0.16495481,0.35127136,0.19091725;-2.0701694,-0.55592847,1.1458005;0.7309253,-0.48479724,0.73478067;1.6991804,-0.38767064,1.0319718;-0.3944307,1.7340735,0.88931996;-0.28914195,0.18072075,-0.19323683;-0.5358454,-2.2453575,1.1712056;-0.96856374,0.9158778,-0.19775735;-0.082435325,-1.52962,0.59113485;0.41816455,-0.48142457,-1.8130263;1.9266253,0.19877249,-2.0224032;-1.9148227,-0.4567242,1.0529462;0.2413995,-0.49946463,0.30844897;-1.8269343,-0.5190485,0.9221661;-0.5690812,0.56070924,0.30400717;-0.29762182,1.7985193,1.0594897;-0.63389397,-2.1359153,1.4012151;1.6457313,-0.50450355,-1.0419667;-0.42452818,-0.25095323,-1.8751385;0.26753688,-0.13377033,-0.38226655;-0.39622262,1.9613148,1.0457383;-0.6692926,-2.2476351,1.4952621;-0.4662388,-2.2581468,1.320562;-1.5640817,1.5409958,0.0984699;-1.9482787,-0.54486454,1.0217689;-1.8295988,-0.32363576,0.9320456;2.0488842,0.5334387,-2.104769;1.679071,-0.0006643854,-1.5816135;-0.6815218,0.93212783,-0.9179523;1.6562747,-0.33974066,-1.243448;1.3796626,-0.29304898,0.798874;-1.0175941,-0.22130403,0.8177667;-0.4612199,-0.24604982,0.4343887;-1.3686271,-0.38798955,0.97263056;-0.0563494,-0.05922456,-1.1689086;1.1050415,0.16073637,0.97845656;-0.49024814,-0.2095256,-1.9642216;1.6121676,-0.5234118,-0.9165424;-0.49420702,1.2901305,0.39802158;0.6360412,-1.1083673,0.50431937;1.0747943,-0.37918884,0.9451913;-1.0412432,1.3340611,-0.5669352;0.31492943,-0.3350895,-1.5478077;1.4649041,-0.36523044,0.72936463;-0.652329,1.2012715,0.61732984;0.03330505,-0.2743217,-1.8747082;2.0138948,0.12400873,-1.74246;1.0719478,-0.49518025,0.76266724;-1.5796192,-0.4262054,1.1138462;-1.3422269,1.2682445,-0.63271314;-0.7566984,0.4561383,0.2698731;0.15030363,-1.2582138,0.33787867;0.012190977,0.49504724,0.021361712;1.0709803,-0.6220232,-0.52319115;0.91311866,-0.6345339,0.46204644;0.52332217,0.91756666,0.32807112;0.27038527,-0.39462283,-1.8207178;1.8127719,0.09547762,-1.7658596;1.213706,-0.11738045,0.011881423;-0.6315661,0.8720796,0.11936898;-0.85130304,0.13969912,-1.9125915;-0.7095247,2.0200562,0.95579135;-0.34002146,-1.6626376,0.9081265;-0.042296346,-0.013694919,0.020447286;-0.4599149,-1.981713,1.0728457;1.3666382,-0.4555629,-1.0884228;-0.6960076,-2.329258,1.6441516;-0.16860215,0.15409012,-0.7856276;1.413473,-0.5879862,-0.60063666;0.39192092,-0.8323369,0.3487087;0.37354764,-0.48919353,0.40406832;2.103193,0.615445,-2.1608331;-0.832869,1.5517324,0.6983519;-1.6259484,-0.43148693,0.8297307;1.485673,-0.4882659,0.17614308;1.0707297,-0.7171712,0.36058125;-0.22323826,1.9813854,0.69426733;-1.1543937,0.9788503,0.018757293;0.6471157,0.5855634,0.25513655;-0.6290441,0.8566111,0.27484477;0.6066542,-0.7372253,-1.8297973;-1.8506198,-0.47229907,1.0254207;0.56261176,-0.03075054,0.52960515;-1.4192612,-0.5071978,1.0960853;-1.4406486,-0.37984747,1.047805;-0.3900371,-1.0940444,0.51004976;-0.12598385,-1.6442089,0.6267295;-0.10883029,-1.5601962,0.4336852;1.0137905,-0.6450214,-0.5312759;-0.8659703,1.2590748,0.55469996;-0.049810514,-0.1381898,-1.8057543;1.6857666,-0.19674705,-1.4605204;0.46051186,-0.97447515,0.2524107;0.12386832,-0.05922488,-0.77734894;0.24806653,1.3562933,0.38521034;-0.8220315,1.1437689,-0.69841456;-0.76184255,0.0727799,-1.5746367;0.49180347,0.017103055,-0.10900313;0.21362874,-0.3369881,-1.716621;0.13939741,-1.1952025,0.31218335;1.2707891,-0.46059814,0.049957797;-0.48745695,-2.014946,1.2112628;-0.028901216,-0.04701618,0.04799689;-0.0634688,-0.27780434,0.16930771;-0.22191174,-0.46091247,0.4173092;-0.23296744,-0.25959647,-1.6130549;-0.2415651,1.7874092,0.90916306;0.49983782,0.5774809,0.29806772;0.039156068,-0.072345085,0.081344105;1.7585194,-0.0003747073,-1.6543869;1.3804789,-0.47524837,0.6847479;-0.45534357,1.988993,0.82859254;-1.3292205,-0.2297318,0.8804288;-0.23049213,-0.13338707,-1.7757655;0.27901575,1.32027,0.26970342;0.39677352,0.57437825,-0.15208668;-1.1409433,1.4043261,-0.5078558;-0.2970328,0.5728083,-0.08597581;-0.88758934,1.240085,-0.51974714;-1.1603291,1.3791302,-0.51826996;-0.1352977,-0.19971123,-1.4882389;2.0433872,0.56347275,-2.0998242;-1.115869,1.770563,0.691516;0.449977,-1.2250937,0.3796069;-1.0551476,-0.32608986,0.9543867;-0.99200284,1.6752378,0.6958203;-1.4722378,1.5085342,-0.22008075;-1.8348604,-0.55918956,0.9233966;-0.8553001,-2.1359305,1.6996574;-1.1601958,0.99987924,0.045355365;0.90003157,-0.04478751,0.3447466;-0.74577755,-2.2820902,1.6689823;0.7951613,0.0636979,0.52150846;-0.16015813,0.14504495,-0.15398552;1.3672204,-0.5381075,-0.80065554;0.4741597,-0.53405935,-1.7052201;-1.1738099,1.2301011,-0.26824838;0.0030725289,1.711401,0.6048619;0.34322467,0.5205364,-0.07678685;0.57980585,-0.715425,-1.7802708;-0.3180554,0.35576642,-0.72280335;1.9632882,0.37869012,-1.9295835;-0.68087494,-0.122276165,0.5955166;-1.6004876,1.5403689,0.18477923;1.6173797,-0.37697682,0.68670243;1.1273884,0.016442927,0.3469252;1.5866668,-0.43793324,-1.0509022;0.41580614,-0.5280161,-1.8204342;-0.96085966,1.1044729,0.25241804;1.2658598,0.058753844,0.27598453;0.9866377,-0.15073328,0.8531149;-0.66003525,0.13041668,-1.7600901;1.447926,-0.56427044,-0.62043536;-1.3057932,1.3251922,-0.51133156;-1.599446,1.5555649,0.1494097;1.0334495,0.06152786,0.3109704;1.5646341,-0.37815726,-1.1588445;-0.63751656,1.0518652,0.18980628;-1.627828,-0.44677752,0.70877826;-0.6095565,0.4818324,0.3060424;-0.08297845,-0.21591377,-1.8156501;0.023683181,1.6709774,0.5450465;0.63033354,0.55151695,-0.2158658;-0.4127205,-1.9120504,0.98826325;1.7652136,0.101898886,-1.6822898;0.96119225,-0.7775782,0.009753768;0.06638112,1.5623597,0.52211106;1.3358018,-0.14615147,0.9146476;-0.90617794,0.8067715,-0.020543154;-0.46081123,1.7760849,1.1683221;0.7190225,0.68404675,0.20909435;-0.090705104,-0.22586781,-1.8649087;0.04379655,-0.10728504,-0.65952057;1.7145545,-0.32811326,1.1547747;0.2000467,-0.51058316,-1.7722884;0.4917826,-0.031441797,0.42830074;-0.6519619,1.0701034,-0.69975185;-1.8678715,-0.53295875,0.8556741;-0.5915029,-1.9278988,1.3580478;0.79298574,-0.10731374,0.62000626;-1.150742,-0.21460168,0.7948691;-1.9368083,-0.5105337,1.1261637;-0.6665557,-2.2934074,1.2187289;0.2848262,-0.72978973,0.44137624;0.64643455,0.47640926,-0.1637258;-0.09112433,-0.8333306,0.3278212;0.41543174,-0.5152061,-1.850103;0.71032333,0.13502835,-0.05449787;1.5348775,-0.62346774,-1.246445;1.6223271,-0.31712243,1.269915;-0.44372553,-0.19736612,-1.8930352;0.067540765,-0.30325943,-1.8702211;-0.23962604,1.8142534,0.5175612;0.51423365,0.62235665,-0.22425343;-0.25669953,-0.41375765,0.5549982;-0.50763124,-2.2464182,1.2784299;-0.89033514,-2.4059775,1.7930272;0.17112328,1.4432399,0.3950249;-0.92931324,1.1901264,-0.5964138;0.16061193,1.4495888,0.36701363;0.05702416,0.6439832,-0.2127592;1.6073914,-0.41238272,-1.1327606;-0.37209755,-1.5677507,0.5785619;-0.9939001,-0.07110832,-1.8693553;1.12145,-0.56066126,-0.43878198;0.51392835,-0.44906536,-1.8964804;-1.865596,-0.50434875,1.0123981;-0.44090667,1.2736425,0.3370503;0.117695384,0.57739687,-0.039779715;-1.5202469,-0.43562764,0.7806719;0.20154774,-0.22765458,0.3720377;0.02174226,1.4027705,0.32189557;0.83484274,-0.72655535,0.19874276;-1.3825523,1.2797467,0.076916695;-0.9425584,1.5688183,0.6343702;1.6950004,-0.2116881,-1.4573637;1.9336092,0.4019273,-1.8323824;-0.049977485,-1.5903553,0.5617869;0.3502909,1.2269479,0.28575876;0.6074384,0.54406345,0.25234357;-0.73263764,-2.199338,1.2045189;-0.20203821,1.9114869,0.69691604;1.4973322,-0.5119652,0.2523115;1.7219782,-0.34378403,1.2000754;-0.36162713,-1.7024732,0.8569303;1.5689611,-0.5451629,-0.8757028;-2.050794,-0.5614288,1.1262145;0.28269264,-0.20728146,0.25200865;0.18718539,-0.36054364,-1.8034172;-1.6118984,-0.47678146,1.1904525;-1.9367994,-0.4017901,0.97887886;-0.14496127,-1.4588214,0.44250312;0.37148768,-0.610895,0.19680344;0.7052522,0.34448463,0.3799966;-1.1400212,1.1923101,0.14864655;1.3896817,-0.49382406,-0.59444296;2.0381906,0.5799663,-2.1250699;1.4811804,-0.191623,1.1888248;0.5552732,-0.23523375,0.414028;-0.5794212,1.9774356,0.92397106;-0.7519161,0.93302804,0.5187202;0.0123373,-1.5917035,0.5535137;1.7542617,-0.2791748,-1.626002;-0.16960838,0.79390776,-0.24230698;1.7173189,-0.35098755,1.1981205;-1.119111,-0.27948856,0.9041242;-0.15612566,-1.5849172,0.6754117;0.217714,-0.17985165,-0.27325866;0.7542187,0.5345432,0.25944704;-0.22518308,-0.11482587,-1.6276665;0.76720035,0.00053630775,0.184435;-0.58868814,2.0023727,0.9582357;0.4921838,-0.5899776,-1.7226696;-0.20482232,1.7589018,0.6674722;-0.621315,0.51084423,0.33395368;-0.09726337,-0.8333574,0.3368296;-0.73322153,-2.2235339,1.579736;-2.0401971,-0.6059334,1.0560613;0.94598365,-0.7018026,0.4005617;-0.7956576,-1.9998581,1.6295792;0.42920464,0.05469513,-0.1546585;1.7610509,0.10118933,-1.6582801;-0.84040993,0.12234781,-1.8983793;-0.81234294,-2.3973272,1.9079441;0.12120698,-0.26131833,0.27467543;-0.7653476,-0.008352745,-1.5411564;-1.1819395,-0.22136858,0.8152226;-0.059703425,1.7499666,0.62523764;-0.83228445,0.43790627,0.41642192;-0.66592294,0.17526259,-1.3006164;0.5475007,0.2990999,-0.16321582;-0.7480946,1.6418848,0.7383789;-0.8605473,1.1875646,-0.5335345;1.5183966,-0.41711488,1.0204597;-1.4211364,1.5535157,-0.28371313;1.7136166,-0.18644762,1.1964924;-1.5521533,1.5668441,-0.07483126;-0.38845918,-1.9586433,0.9143805;0.4127613,1.158298,0.27971157;-1.9415511,-0.48352957,0.85458034;-0.1703257,-1.6773595,0.7067922;-0.20705551,1.9573761,0.74481803;-0.53057116,0.63471323,0.32466564;-1.089584,1.345681,-0.41740468;0.62216574,-0.010529562,-0.005144552;-2.1905823,-0.5704738,1.1136158;-0.9607012,0.008719779,-1.9521339;0.4525716,-0.42271155,0.12824216;-0.68388987,-2.0802314,1.4827263;-0.23616715,-0.3189591,-1.9503073;0.7372867,0.13058303,-0.062916815;1.4783442,-0.56802195,-0.8652482;-0.7428075,2.0434613,0.97221327;-0.6272103,0.9327798,0.09051934;-0.39602056,-1.9668812,0.9103912;-1.1793195,1.1989822,-0.43971112;-0.47590083,-1.7138537,1.2626102;1.5148649,-0.8002068,-0.67584294;0.49009985,-1.171589,0.35637;-0.007760192,-0.30992904,0.24088891;1.3676077,-0.14456216,1.0661677;-0.8666489,-2.4440026,1.9292808;-0.4515139,-1.0558792,0.491925;-0.5239247,1.0323809,-0.69100654;-1.5179,1.4951737,0.054386426;0.54938215,0.5791225,0.35441458;-1.049129,1.2651838,-0.5879219;0.5649807,0.6154658,-0.23096909;0.42384857,-1.1174273,0.30998868;0.86978585,-0.029355709,0.7159769;-0.20002906,1.889033,0.72443366;0.04944871,-0.21558669,-1.8528442;-1.9638411,-0.5882387,1.0682502;1.5496227,-0.5606571,-1.2673466;0.74261737,-0.45635444,0.41026923;-0.32754782,0.024163555,-1.468479;2.0451326,0.5650669,-2.0333073;1.2368873,0.05273849,0.49542633;1.7536405,-0.30500045,1.0575985;0.03162027,0.6407864,-0.04470199;-0.21376662,0.7374608,0.09700035;-0.5167631,-0.30101928,0.6109996;-0.42759562,1.7027395,1.0586845;-0.15715513,1.8162242,0.7548745;0.82884514,0.5469387,0.30635202;-0.8956829,0.45248646,0.44071;-1.8125618,-0.4549846,1.0400819;-0.9816167,1.0610206,-0.41241303;1.4150746,-0.5163668,-0.07063063;0.53608125,-0.61000407,-1.7776836;-0.7833847,1.5047225,0.64488316;-0.24472502,1.8100069,0.8731026;-0.8699667,0.5112917,-0.3435303;-1.0875618,1.7416773,0.6875795;1.5708166,-0.31896353,-1.2309089;0.56777257,-1.1766655,0.41125232;0.052246537,-0.29722372,-1.8719994;-0.9183663,-2.4295852,1.865499;-0.79020184,0.079308346,-1.6724712;-1.2031757,-0.33257222,1.1402713;-0.24624273,1.7561091,0.6825634;-0.04939171,-0.4452072,0.50171745;-0.24619035,0.10199123,-0.52886903;-0.095187604,0.65268195,-0.181809;0.18245088,0.4499231,0.115878694;-1.1516871,-0.42627978,1.1636095;-0.8002726,-0.17621332,-1.9727472;-0.081917755,-1.5867732,0.5522358;1.7970808,-0.004689787,-1.754623;-0.2878229,0.8899203,-0.74504906;-0.06684513,1.6820443,0.5300845;0.54435825,-0.6067689,-1.8637735;0.6356674,-0.18534312,-0.37408045;-0.54091525,-0.2489431,0.55792683;-0.666289,0.83089226,-0.02597633;1.5019761,-0.6396071,-0.622067;0.21141237,0.31380042,0.20882589;-0.101264484,0.058328982,-0.14197432;1.8158616,0.14822121,-1.7092965;0.75402665,0.025940849,-0.17107336;-0.14428462,-0.26922917,-1.5339193;-0.81805956,-0.21798377,0.72408366;0.9767992,-0.6923489,0.32728773;0.449134,1.134696,0.29450023;-0.4563475,-0.20936678,-1.9111527;0.80500585,0.029920917,-0.09394115;-0.43630454,1.38761,0.4516821;-0.7068137,-0.12068866,0.6098138;-0.6891854,-0.24401656,0.6652154;0.4566384,-0.1926408,-0.35719082;-0.5027148,1.8467363,1.16477;-0.8251497,-2.339465,1.6726654;0.98421097,-0.16806547,0.94181705;1.2248344,-0.6380861,0.3160742;1.2290037,0.0040716566,0.6689215;0.76751655,-0.10526051,0.456636;-0.83412623,0.11896955,-1.914737;-1.1941013,1.2231232,0.18671553;1.0311493,-0.5799084,-0.6243209;0.8813773,-0.7626345,-0.429612;-0.3530175,-0.32817623,-1.6939142;0.3896746,-0.93821913,0.23007429;0.14663216,-0.034855597,-0.776697;-0.7609737,1.0482907,-0.7732024;0.34358755,-0.9155892,0.27236006;-2.2091768,-0.5724442,1.109161;-1.7433889,-0.5080347,0.9620807;0.01755633,-0.46818385,0.38006657;-2.1862268,-0.5619478,1.1389534;-0.34364894,-1.601783,0.5258508;1.5117091,-0.61821026,-0.68428284;-1.50825,-0.36066356,1.0269711;0.30140027,-0.3901614,-1.7885624;-1.6015313,1.5865364,0.14167555;-0.33124945,-1.6573951,0.5840552;-1.2095279,1.2195553,-0.55178934;1.5054181,-0.43498087,-1.1016146;1.3359622,-0.19949171,0.9446605;0.37721774,-0.008065659,-0.6911937;-0.48973456,2.0035405,0.9202396;-0.37205482,-1.5611622,0.9476948;-0.7028388,-2.1821353,1.4866664;-0.21636625,-0.39431512,-1.6130556;0.95694673,-0.011984653,0.68603444;0.50891876,-0.5437156,-1.8893094;-0.50481445,1.8126867,0.90323263;-1.6118387,1.6118566,0.1387427;-0.63727635,1.7136583,0.7967748;0.70226896,0.58002335,-0.10978579;-0.2701911,0.7062797,-0.20896421;-2.0045166,-0.53242373,1.0473113;-0.29054144,-1.5678875,0.5750019;2.1130052,0.39925686,-2.1095347;-0.9268659,-0.16459434,0.7321011;-0.34325853,-1.6462052,0.8883585;1.5059333,-0.5565866,-0.99625957;-0.8443765,0.121655,-1.9590441;0.29357228,-0.10666102,-0.3638053;-1.0544829,1.1807035,0.25728163;-0.8218064,1.0259694,0.47711226;-0.2583656,-1.4243525,0.537056;0.55654347,-0.6349773,-1.8411087;2.0036664,0.2752397,-2.019867;-0.58273715,1.0024745,-0.80987847;-0.58606005,-0.13292994,-1.8215358;-0.980697,0.6237689,0.2535797;-1.9610192,-0.49764264,1.0742841;0.10746091,-0.3260417,-1.8614652;0.21009696,-0.023450647,-0.70314705;0.55003095,-0.31760085,-0.33181858;-0.044551525,-0.03899587,-0.7346664;-0.6324097,-0.20463184,0.6084364;0.24826173,0.5038888,-0.225664;-0.14193672,-0.14315245,-1.7613189;-0.60966206,1.0176734,-0.8168895;0.7395981,0.43124843,0.29408026;-1.2405645,-0.39289156,1.1037284;0.26877674,-0.70967394,0.38812497;1.1839738,-0.7143338,0.23021314;-1.457418,1.4026836,0.063105434;1.4005818,-0.49155033,-1.285927;-1.7345502,-0.48575023,0.9650624;-0.33752826,0.025273528,-1.4792576;0.527677,1.0819364,0.313889;0.671579,0.5589059,-0.3030164;0.16729276,-0.26095888,-1.4696778;-0.09573684,-0.2158787,-1.8316544;0.21038133,1.3935357,0.31024107;-0.34759498,0.0061475392,-1.5009142;0.48590544,0.5511882,-0.24398036;-0.30713946,0.11690683,-0.18185146;2.1495254,0.6097057,-2.2154586;1.5723487,-0.32565215,1.2568837;0.69021535,-0.13952087,-0.30893594;-0.5984195,1.0619683,-0.57213545;0.6142942,-1.1221997,0.48102316;-0.20975284,1.9559164,0.7173082;-1.0835189,1.7381796,0.6879082;-0.9621787,0.8734276,-0.058866564;0.70484954,0.28754213,-0.3748697;-0.42785665,-1.7428774,0.743757;-1.4221925,1.4594119,-0.3145265;-0.37131587,1.9542768,0.92353;-0.586898,-1.6314219,1.1770096;-0.07703107,0.036800597,-0.00923334;-0.7034879,1.1021199,-0.65274346;-0.8833279,-2.3488846,1.8333097;-0.15975185,0.10080135,-0.15941653;-0.44496828,-2.1309435,0.9881348;0.40784213,0.29545826,-0.41409302;1.4202064,-0.53061116,0.2753029;-0.86306936,-2.365897,1.7222078;-0.6339073,-0.17050695,-1.8677477;-1.2648393,1.2008773,-0.71254104;0.29684797,0.38668266,0.15005964;-0.5359431,-0.20237668,-1.8359479;-0.70985,-2.1839688,1.581695;-0.61653066,1.4600906,0.59855944;-0.67308176,1.0948509,-0.70852524;-1.2755969,1.2993318,-0.56844425;-1.3275437,-0.4422814,0.8820319;-0.56098664,-2.1816757,1.1938598;-0.45940873,-0.2702687,0.49174756;0.6231689,-0.41339684,0.59428644;-1.1440282,0.9685317,-0.06063217;0.30193672,-0.31286025,-1.5139042;-0.9687116,0.02127655,-2.010343;1.4054941,-0.5577153,-0.4238304;-0.1949276,0.9919377,0.014843848;-0.25155887,0.1105428,-0.5862081;-1.2346649,-0.4659989,1.028144;-1.4437585,1.4792126,-0.26494348;-0.13705437,-0.4489309,0.5191007;0.2714149,0.022379506,-0.464021;-0.10716527,0.16702051,-0.83127946;1.264005,-0.52712774,-0.30156797;-0.24544004,-1.571501,0.99305224;-0.1813104,-0.29692063,-1.7264664;0.38338715,-0.98458874,0.039756734;-1.1631156,-0.4478918,0.99104095;-0.029385705,-0.13255805,-1.298111;2.0462565,0.6436199,-2.0816615;1.255349,-0.6516028,0.19923078;0.31599495,-0.3592149,0.33906728;0.4823367,-0.44745597,-1.6162025;0.48265016,0.304655,-0.178126;-0.96794546,-0.08276071,-1.8344766;0.43565363,-0.38897273,-0.11265407;0.8882456,-0.34468442,0.92060524;1.1875861,-0.3580112,1.1192557;0.03446781,0.64781666,-0.0049016154;1.9467757,0.34229097,-1.8386898;-0.39635724,-0.21632951,-1.9181414;-1.1508827,1.1666919,0.20104904;0.8334481,0.0539051,-0.21227026;1.7544016,-0.33688495,1.0062288;-1.6349531,1.6334485,0.14712392;0.25981176,0.044520956,-0.45184365;-0.4690432,-1.7116109,1.3433551;0.3375151,-0.6991139,0.4607551;0.5602372,-0.6775072,-1.7830045;-0.75198966,0.12941727,-1.9129934;0.3837724,-1.0003029,0.25590926;-0.8355002,0.62265575,-0.17146751;-0.10793301,-0.15504737,-1.4025779;1.2199966,0.034356296,0.31506354;-0.72926855,1.9811661,0.9474748;-0.83242196,1.1453819,-0.45199627;-0.52948076,2.005294,0.9481456;-0.6717076,-1.8700776,1.4412836;1.9678819,0.26240584,-2.1137533;2.069642,0.60067934,-2.149218;-0.749721,1.2329118,0.6857799;0.4527831,0.4666926,0.28118023;0.8281027,-0.45717797,-0.44211704;0.48109147,-0.48939618,-1.8406439;-0.47470307,-0.19383033,-1.9554332;0.29069737,-0.43623,-1.8853645;-0.10767905,-0.41696665,0.60102135;-1.778691,-0.5409158,1.29683;-0.105583474,1.6702648,0.7053259;-0.6350192,-2.291234,1.3653132;-0.55413383,-0.26028502,0.5949448;-0.6606957,0.43412238,0.02328266;-0.95931053,0.7846153,0.12922995;1.1937438,0.061210785,0.29796097;-1.6219547,-0.41908824,1.030348;-0.2519858,-0.07590955,0.0112629775;1.3020715,-0.33131427,1.0982525;0.4319477,-0.44917804,0.2507894;1.97206,0.26931164,-2.0209608;-1.0811353,1.7377678,0.6887631;-0.5269969,-0.26787922,0.5794408;-0.55783546,1.1037867,-0.5945247;0.9187253,0.014552016,0.297368;0.479596,0.71610314,-0.20868431;-0.5129391,-1.8467934,1.251192;-0.74973524,1.4444596,0.63475436;0.75361663,0.101977445,-0.08707866;0.028073236,-0.50863093,0.5527728;1.7259147,-0.28196213,-1.5452913;0.52473724,-0.36296344,-0.20790066;1.5563656,-0.34935257,-1.2558448;1.582357,-0.39470834,0.76281434;0.5772819,-0.6907533,-1.8085074;0.911448,0.07519391,0.22933581;2.046257,0.64362043,-2.0816612;-0.42560446,-0.22306445,-1.976412;1.09998,0.14974366,0.9467386;-0.82170564,-0.16926904,0.69783974;-1.1228051,-0.46784145,1.2377039;-0.2757577,-1.5365449,0.5245945;0.028887393,-1.0341848,0.31679168;-0.66514856,-0.13005203,0.5884209;0.28640947,0.5675577,-0.10763064;1.4481027,-0.6361483,-0.66472226;0.3992964,-0.9977112,0.3023998;0.35485435,-0.29626134,-0.2350993;-0.11396357,-0.034374647,-1.6530473;-0.45046604,1.1956384,0.1639366;1.2314186,-0.1669683,1.0271616;-0.0074696923,-1.3671705,0.41401678;-1.0940565,1.3283921,-0.5569959;-0.7459918,1.9378198,0.91540354;-0.7886787,0.3340226,0.41974965;1.0545658,-0.40524137,0.965593;1.7547609,-0.05323902,-1.6250222;-0.4055548,-1.9207028,0.9259194;-1.2441906,-0.42042378,0.9064792;-1.131614,-0.41885057,0.89911515;-0.38847408,-1.7487996,0.62646955;2.0624096,0.55117667,-2.1057594;-1.0358986,-0.19895054,0.7894225;0.9626067,-0.39356315,0.974019;-0.9360516,-2.3769217,2.025056;-1.6602868,-0.47533184,1.0879905;-0.3919124,-0.32353768,0.5558129;0.95458233,-0.092405096,0.9758985;0.06924855,-1.2218598,0.33828095;-0.69175947,0.12793323,-1.5202307;1.1293703,0.22144209,0.38908198;1.5517977,-0.41875136,-1.0790434;-0.11688743,0.6868865,-0.1776598;0.14320205,1.4974742,0.45810747;-0.36589783,0.712871,0.07306677;0.7679093,-0.047977153,0.3550707;-0.031889513,-0.28088006,-1.8933815;0.2565152,0.0033023793,-0.6845612;-0.8368432,1.4558539,0.64401245;1.5391725,-0.34198138,1.1979239;-0.21680027,-0.08037156,-0.0008642939;1.8792065,0.17245652,-1.8335874;-0.0094607435,1.6465185,0.57011706;-1.2071725,1.334158,-0.41572395;-0.18489659,0.2139661,-0.6928229;1.7760195,-0.37041906,1.3123261;-1.5346422,-0.41260594,1.001393;0.2726278,-0.29590046,0.32351142;-2.0683832,-0.503848,1.2454227;-0.5722042,1.6015098,0.80581784;0.8445904,-0.8615749,0.5016991;-0.46463662,-1.9511057,1.1481192;1.7003567,-0.20902854,-1.4759791;1.0351219,-0.68137604,0.39710718;1.4532084,-0.6856833,-0.5127578;-0.90347517,1.2071627,-0.5862151;-0.6915549,-2.39848,1.4291139;1.8947451,0.2348017,-1.846322;1.017514,-0.62917274,-0.2636016;-0.7476516,1.3566895,0.72633153;-0.43794593,-1.4881536,0.59249943;-0.33097726,-2.0410516,0.76964635;0.89439225,-0.744698,-0.43525228;1.6045737,-0.4078184,0.89933515;-1.3590809,-0.27271345,0.8955692;0.23065123,-0.13296238,-0.64402425;-1.4658676,1.4393226,-0.0077090515;0.21308288,0.33013198,0.20137371;1.9214091,0.18849468,-1.8118454;1.1015135,-0.63283116,0.49330163;0.4123064,1.1498533,0.29115406;-1.5490742,1.5248305,0.08833537;0.05525691,0.005062941,0.042077832;1.1002109,-0.6059243,-0.6242561;1.459393,-0.4551939,0.84706056;0.012168439,0.0037273709,0.030890519;-0.5000438,-2.2437885,1.1165646;-0.3271963,-1.783297,0.8272661;-0.46483842,-0.30776498,0.5601981;-1.1935467,-0.42437142,0.94070226;-0.9436905,0.8210695,-0.21224199;-0.82327193,-2.421331,1.6814452;-0.57328844,0.99516815,-0.80137897;-0.066695094,1.6676791,0.71521443;-0.57665354,0.54033273,0.31552222;-0.13764004,0.6726818,-0.22667395;-0.53964525,-2.0648015,1.1117471;-1.3016466,1.3285671,-0.5342185;-0.87252706,0.5914909,-0.2909923;-0.76765597,1.9431299,0.9325814;-0.16194153,0.6851766,0.12088579;0.06382629,-1.3158455,0.37470785;-0.3190475,0.3987292,-0.6834451;2.0699446,0.38329524,-2.023409;-0.113040365,-1.419968,0.4497888;1.4682088,-0.5341068,-1.2105333;-0.8229423,0.12454824,-1.9077986;1.1530874,0.18377678,0.43872106;-0.19177099,0.4166706,-0.15844034;-0.33842552,1.9618204,0.88489115;0.97911906,0.24537948,0.3586557;-1.3644462,1.4346523,-0.34956694;1.6448547,-0.32033044,-1.1975353;1.8393111,0.22270833,-1.7805727;0.99357504,-0.81659466,0.19478105;-0.43080372,-1.0919008,0.54292154;-0.64706737,-2.3755028,1.3750757;0.830556,-0.7620406,0.58492947;0.2631931,-0.30416209,0.2043877;1.561838,-0.45122373,0.9204585;1.6898525,0.07140485,-1.8050263;-0.69049776,0.0052862815,-1.6329757;1.9214033,0.12290709,-1.8454266;-1.3793995,1.4815352,-0.36275125;-0.78472155,1.2274412,0.6839352;-1.163661,-0.2194326,0.81103665;0.09376638,1.5245428,0.3810904;0.7154545,0.087852135,0.166796;-0.93366635,1.0560285,-0.74799955;-0.8070273,-0.09874173,-1.8849037;0.07554241,-0.15113063,-0.53283983;-0.7319822,-2.3781059,1.8316299;-0.7882184,0.4732449,0.11007815;-0.6542798,1.471004,0.6784738;1.6225812,-0.3446141,1.2522233;1.4737835,-0.6312672,-0.6223007;-0.6663707,1.5045515,0.65210164;-0.27988186,0.045333236,-1.3729029;1.5391057,-0.3357037,0.551244;0.61645216,-1.0990865,0.4892683;-1.1576562,0.99850976,0.09236843;-0.5281045,-0.30032268,0.618407;1.3380207,-0.22893512,1.0302613;-0.24376498,-0.4299149,0.46039057;-0.5715765,1.1076425,-0.65541935;-0.32937503,0.054065745,-1.4386725;1.2645054,-0.5344786,-0.31649157;-0.9143824,0.044069014,-1.8777119;-0.47246313,1.9962813,0.87616533;-0.30689448,1.1283923,0.2149461;1.2417761,-0.37323156,1.0919204;-1.6576343,-0.43548098,1.0051196;1.9137496,0.39665422,-1.9385875;0.9855419,-0.7641643,0.25501004;1.3543297,-0.309097,0.6440859;-0.44240278,1.7630196,1.155802;-0.6901402,0.17481618,-1.916357;0.19294271,1.4203631,0.39024147;-0.010735292,0.669274,0.0075827646;1.400774,-0.6101123,-0.6467519;1.1132681,-0.48267263,0.3229768;-0.3516532,1.2848723,0.32244807;0.99316,-0.62208337,0.17960359;-0.7910959,0.48471934,0.10639929;1.7414371,-0.31322223,1.2732357;0.37574005,-0.5736642,0.116170555;-0.9223286,-2.4158583,1.994877;0.78686404,-0.44619745,0.46820107;1.7524052,-0.37529925,1.472637;0.15480344,0.67926365,-0.10668722;-0.7429565,-2.2552807,1.4383764;-1.1034266,1.7585853,0.6895344;-0.6263897,1.0885106,0.34564218;1.4804636,-0.4463497,0.72145385;-0.41844296,1.2343843,0.28759748;1.7122203,-0.32557708,1.162911;-1.2384363,1.2105647,0.088583365;1.5277178,-0.478244,0.3777177;-0.6906619,1.5248469,0.7080692;0.47882757,-0.0013264449,-0.38966787;-0.9543096,1.5805136,0.6582302;-0.5841166,-1.9911796,1.3338741;-0.47922778,-0.26688287,-1.9486054;-0.0037539196,0.09812784,-0.74912864;-0.43786532,0.959349,-0.6160104;-0.09449959,0.22742306,-0.6640533;-0.82226133,-2.3493195,1.6699661;0.7510893,-0.4784335,0.6170998;0.5479428,-0.078908615,-0.07232342;-0.9520398,1.2485647,-0.6010609;-0.3662304,0.43235278,-0.7271762;0.1312422,1.4405047,0.39241698;0.08577646,1.5313984,0.4324001;-1.0126764,-0.15929447,0.7591084;-0.029743928,-1.2031044,0.37168735;-0.16561641,0.53746355,-0.16680902;-0.8599983,-2.3579226,1.6866779;0.85974634,-0.6839093,0.55883485;1.6485451,-0.19994546,-1.4148785;-0.6908074,1.0014902,-0.832114;0.779738,-0.02157576,0.46675038;-0.59579706,2.0144205,0.9453511;1.4576355,-0.5597381,-0.095107116;-0.80585694,-0.15150662,-1.9712358;1.4867951,-0.32056722,0.46981266;-1.7909478,-0.5631476,1.3254845;-0.45177966,-2.087663,1.0310351;1.6676711,-0.20863499,-1.5397859;1.3188154,-0.060452215,0.69969803;-0.17780651,-0.430953,0.5512809;0.1354843,-0.30975494,-1.7811437;1.8235728,0.056911286,-1.6936613;1.5169028,-0.42506778,0.689233;1.4261178,-0.28394762,0.48589545;-0.9575049,1.4666718,0.5959633;0.6903972,0.5117403,0.29123536;-0.64703625,-2.2229683,1.452186;-0.33158726,-1.0830328,0.48450416;0.98035055,-0.71101654,0.22781575;-1.8745068,-0.4179482,0.91975665;0.6887965,0.007087867,0.5422471;-0.7205684,0.18566798,-1.927366;-0.6939501,0.14692912,-1.8922706;1.3149726,-0.12180605,0.79681677;0.97730726,-0.6818795,-0.2513581;1.0848353,-0.69786483,0.40381855;-0.7479121,0.0011509564,-1.6360182;-0.32503003,0.89148533,-0.76354545;1.2308674,-0.43506718,-0.11003228;0.44001883,-0.42811197,-1.8101773;-0.6860585,0.11368272,-1.4247682;0.40603262,-0.45787284,-1.8661418;-0.21088691,0.17855781,-0.6990566;0.04294872,-0.2624695,-1.8698756;-1.100591,-0.21707055,0.8035883;-0.10395612,1.60411,0.62024534;1.6191804,-0.457799,-1.0069184;0.10789373,-1.1794372,0.31981844;-0.118785515,1.6829513,0.56144434;-0.4903442,-0.26130506,0.49710357;-1.5794615,1.6131421,0.17221226;-0.8687856,-2.4427876,1.9314728;0.14599366,-0.31684738,-1.8101766;0.6591066,0.0011935624,0.5562009;-0.06428661,-0.6751132,0.29320508;-1.1089166,1.4004456,-0.5375763;-0.8329134,0.08687514,-1.81027;-0.7615042,-2.3309958,1.6928744;-1.5457474,1.5629917,-0.07861923;0.059228342,0.44672918,0.04765601;0.2677887,0.3691033,0.19528812;-0.5742764,-2.2300887,1.2140825;0.5477173,-0.34787056,-0.05133439;-0.2071322,-0.4558314,0.35880917;0.48805225,-0.26044926,0.3714493;0.379073,0.78665096,-0.20350772;-0.0718067,-0.26397458,-1.8901004;-0.9355905,0.79690605,-0.1271202;-0.58587265,0.83000296,0.18477958;1.2067164,-0.3832607,1.0796638;-0.17729838,0.2527144,-0.17359012;-0.39036253,-0.26285154,-1.9447582;-0.30386713,-0.10972469,-1.7138064;-0.72352135,1.0047417,-0.8387695;0.5464545,0.400569,0.34841588;1.7517961,-0.3639932,1.3719013;-0.23826307,-1.5404018,0.5331093;-0.25482807,1.9330809,0.837863;-0.36353543,-1.6332177,0.8927168;-0.55212665,1.1669616,0.00780953;-0.9499388,1.5391412,0.65060234;-0.65542525,2.0136049,0.94988424;0.3190522,-1.0181435,0.27333057;-1.2996446,1.2658582,-0.5589624;0.07888578,-0.37338203,0.31690508;0.4269686,0.5298179,-0.17285916;2.0693944,0.21162067,-1.8283446;0.71155983,0.5636134,-0.03665353;-0.27767316,-1.7067593,0.8149093;1.0026588,-0.15662627,0.9375492;-0.43219396,-1.0023158,0.47615644;-0.5799317,-2.3795474,1.2749614;-2.031405,-0.56063837,1.1531115;0.82849294,-0.3675476,0.83575433;0.49856773,-0.18607053,-0.07730058;0.3540016,1.2230816,0.298562;-0.7123143,0.08999925,-1.5015172;-0.6699334,0.13877521,-1.8414915;0.44942346,0.76521033,-0.22492419;1.7403939,-0.37551025,1.1193689;-0.84586,-2.422576,1.695111;-1.7974397,-0.44366696,1.0309359;-1.2186179,1.1397585,-0.6939875;-0.3971442,-1.7623222,0.93995106;0.976674,-0.5956292,-0.21679765;0.009255978,-0.09002911,-0.6830248;1.446011,-0.4950802,0.3211682;-1.294805,1.1128218,0.05800201;-1.1471834,1.1164259,0.15554555;-1.7169498,-0.45508936,0.8018819;-0.20558743,-0.1822366,-1.4980134;1.5365535,-0.56395155,-0.7528869;0.5934845,1.0541813,0.33735892;-1.3904525,-0.4033601,0.86505187;0.21949024,1.3910079,0.5190705;2.0517998,0.45528737,-2.0497563;-0.6816802,1.5271199,0.65520835;-0.72618926,1.249025,0.6569437;-0.13693625,0.19847873,-0.77453744;-0.22349222,1.9395114,0.7278961;-0.6839916,-0.07521962,0.5712497;-1.2191532,1.2930499,-0.58709747;-0.26914033,0.50343186,-0.1616056;0.7541816,-0.27223244,0.41453442;0.8192944,0.12151205,0.45090187;0.81966937,0.25496033,-0.20981696;-0.3688999,-0.25716585,-1.9545194;-0.16317102,1.4103398,0.4103286;-0.24265361,1.4020863,0.4616527;-0.57310706,-0.2442071,0.58895856;-0.84130394,0.80077934,-0.091176614;-0.64186096,2.0146046,0.9462587;1.8463153,0.19191238,-1.791801;1.4696509,-0.43905735,-1.1329429;0.9139459,-0.4152113,0.920828;0.19484775,-0.11679847,-0.8547557;-1.6099906,1.6053475,0.10799959;-2.0786164,-0.5644886,0.9828394;0.46740964,-0.32923594,0.28175563;0.44959283,-0.12845035,0.43185177;0.102196194,0.6472995,-0.06438649;-0.64085346,1.4677503,0.6335871;-1.0047373,-0.23120631,0.82100016;-0.5165158,-1.215449,0.55687284;-0.1903417,-0.41217324,0.54833513;0.3344707,-0.43131998,-1.779956;-1.3427578,1.3987257,-0.45201156;1.4125884,-0.18493429,0.53049326;1.7337173,-0.38550246,1.3554065;-0.10357066,-0.10559521,-1.3692265;-0.33304,-1.291711,0.55733204;-0.05100295,-1.3160318,0.40441862;2.1046169,0.47314566,-2.1098037;1.4313266,-0.2944679,0.4095786;-0.52512157,1.002893,-0.77385944;0.7231769,0.5684077,0.19219366;1.6104523,-0.3584998,-1.3599312;-1.4610975,-0.34209493,1.0043277;1.7330252,-0.0687676,-1.7717985;-0.8422371,1.1988299,-0.4243883;1.2590532,-0.38847956,-0.004980686;-0.63069785,0.12195822,-1.4076004;-0.57198226,1.3383638,0.5033935;1.7012017,-0.4474035,1.1039994;0.5680831,-0.21997799,-0.3793404;-1.2116619,1.2611431,-0.6338477;-0.66980433,-0.21359031,0.63714993;1.4834206,-0.62192494,-0.5478583;1.7298154,-0.44601905,1.31177;-0.37046584,1.1665984,0.2528142;0.32668206,-0.98621094,0.28015286;0.044332232,-1.3348775,0.3833055;1.0468423,-0.35478646,0.96966225;-0.15579389,0.95961493,-0.054926448;1.860672,0.15170631,-1.8572898;2.1477191,0.5864971,-2.12001;-0.7601461,-2.3701925,1.7648407;-2.1827514,-0.56723404,1.1258498;-0.4038324,-1.6966562,1.1495272;-0.2217876,0.5621081,-0.13081694;-0.33248615,-1.2731507,0.5534556;-2.068754,-0.5608271,1.122144;-0.9782778,0.92534506,-0.14669542;-0.35925174,1.2394313,0.30201223;1.7757517,-0.25422108,-1.6227959;0.9861223,-0.6155048,-0.30247736
