data_set
babi-q1
num_classes
6
data_points
1000
model
saved_models/babi-q1-e0096.ckpt
color_schema
#4E79A7,#F28E2B,#E15759,#76B7B2,#59A14F,#EDC948,#B07AA1,#FF9DA7,#9C755F,#BAB0AC
test_accuracy
0.81
test_loss
0.5301594009399414
train_accuracy
0.86575
train_loss
0.3696516196131706
val_accuracy
0.8245
val_loss
0.4698291018009186
labels
12,9,15,12,15,12,11,12,17,17,15,11,17,10,10,15,11,15,17,15,12,17,17,12,10,10,10,15,15,15,12,17,15,15,9,17,9,11,15,10,9,11,9,12,11,15,12,9,17,10,10,17,11,11,15,10,15,12,11,12,12,17,9,11,11,15,15,9,17,17,11,12,11,10,9,15,15,15,12,17,11,9,10,11,17,11,11,12,15,15,9,9,12,9,9,15,15,15,10,10,10,9,17,11,11,12,10,9,17,10,9,9,15,12,15,11,17,15,9,17,10,9,10,12,10,17,11,11,11,9,11,12,9,11,15,9,17,15,9,9,17,12,12,17,10,15,15,15,15,15,11,11,9,17,10,9,11,10,17,12,10,10,10,11,9,11,11,11,15,10,17,17,11,9,9,17,15,10,17,17,12,12,12,12,10,9,17,11,15,17,12,15,11,12,12,11,17,15,9,10,12,17,17,10,12,9,15,12,9,12,9,10,12,10,9,10,9,12,12,9,9,12,15,12,10,17,12,11,9,9,17,11,12,17,12,10,10,10,10,17,12,15,11,11,15,15,11,11,11,11,10,17,9,9,10,10,17,17,15,11,11,17,12,17,17,9,11,10,9,10,15,17,17,15,9,17,15,12,17,9,9,11,17,17,11,17,9,17,11,9,15,15,10,15,15,11,11,12,12,9,9,9,9,17,12,11,9,17,17,15,11,11,17,10,11,17,10,17,17,11,11,15,15,11,11,9,10,11,11,10,15,17,15,10,10,17,12,17,12,12,12,11,17,15,11,17,12,12,15,15,10,11,11,10,10,9,17,12,11,12,11,9,11,11,11,11,11,12,12,12,12,12,11,11,17,10,15,9,9,10,9,10,10,17,17,15,17,17,17,15,15,12,9,10,17,17,10,17,9,11,10,11,10,15,17,15,12,10,11,15,10,11,9,12,17,10,10,15,12,9,12,12,9,12,10,15,15,17,10,10,17,15,15,15,17,11,15,9,10,11,10,12,9,11,10,11,10,12,11,15,15,15,15,11,9,15,10,12,11,12,9,11,10,17,11,11,10,10,10,17,12,17,17,9,15,11,9,15,11,9,10,10,12,12,11,10,9,12,10,9,15,10,10,11,11,15,15,10,12,12,15,11,9,12,9,15,10,17,17,10,10,17,10,10,17,9,9,10,12,11,17,17,12,12,11,12,17,11,11,12,11,11,11,17,9,11,10,12,12,10,11,17,12,12,15,11,15,15,12,10,10,9,17,10,15,12,15,10,10,10,11,10,11,15,10,9,9,15,10,10,10,10,15,15,17,9,10,12,10,10,12,12,11,15,10,10,11,12,10,10,17,12,17,11,9,9,17,17,11,10,10,10,15,15,17,11,15,12,11,10,15,17,9,11,9,17,15,12,15,17,11,17,17,15,9,10,9,9,10,10,9,10,10,15,11,11,11,15,12,9,11,11,10,17,11,11,12,17,15,15,9,11,15,15,11,9,15,15,11,15,15,15,11,10,10,9,17,17,17,17,10,10,17,9,15,9,17,12,12,12,15,15,15,17,9,11,9,17,9,12,11,9,9,17,11,11,11,10,15,10,12,12,9,9,17,12,12,9,17,12,11,11,15,15,12,11,12,17,12,17,11,12,11,17,17,11,17,9,11,9,10,10,12,17,10,12,9,9,9,15,11,11,15,17,9,10,9,12,17,15,17,17,12,10,12,11,11,17,15,9,17,10,9,11,12,15,9,15,12,10,9,10,17,17,15,15,9,9,9,17,10,17,17,9,12,17,17,12,12,11,11,11,11,17,11,17,17,17,17,17,12,9,17,10,17,11,10,10,12,12,11,11,17,12,12,17,17,15,11,17,11,11,9,12,9,17,9,10,9,15,11,9,11,15,10,9,9,9,17,12,11,11,17,15,15,10,10,11,11,17,10,12,9,10,10,10,10,10,15,17,9,11,17,15,12,11,10,10,15,12,10,11,12,12,11,11,11,15,12,17,10,12,17,17,12,10,10,12,17,10,11,17,11,12,17,17,11,12,11,17,9,9,11,17,11,11,15,15,17,17,10,10,17,12,11,15,12,11,11,10,9,12,12,15,10,9,17,15,17,9,17,17,10,17,15,12,12,11,10,10,10,17,17,15,12,17,9,9,15,10,12,15,15,15,17,17,15,11,15,10,12,9,9,10,11,11,9,9,12,15,9,15,9,12,12,10,17,17,10,12,15,9,10,17,11,11,11,17,9,9,11,15,11,11,11,15,12,17,9,10
pred_labels
12,9,15,12,15,12,11,12,17,17,15,11,15,10,10,15,11,15,11,12,12,17,17,17,10,10,10,15,17,15,12,17,15,15,9,17,9,11,15,17,9,11,11,15,11,15,12,9,17,10,10,17,11,15,15,10,15,12,12,17,12,17,9,11,12,15,15,9,17,12,11,12,11,10,9,15,11,15,15,17,11,9,10,15,17,11,11,12,15,15,9,9,12,9,11,15,15,15,10,10,10,9,17,11,11,12,10,9,17,10,9,17,15,12,17,11,15,9,15,17,10,9,9,12,10,17,11,17,11,9,11,10,9,11,11,9,17,15,9,11,17,12,17,15,10,15,15,15,15,11,11,11,9,17,10,9,11,10,17,12,10,15,10,11,9,11,11,15,15,10,17,17,12,9,12,17,15,10,17,15,12,12,12,12,10,9,17,11,15,17,12,15,11,12,12,11,15,10,9,10,12,17,17,10,12,9,15,12,12,10,9,10,12,10,15,10,9,12,12,11,9,17,15,17,10,17,17,11,9,17,17,9,12,17,17,10,9,12,10,17,12,15,11,15,15,15,11,15,15,11,10,10,9,11,10,10,17,17,15,11,11,17,12,17,15,9,11,10,9,10,15,17,17,15,15,17,15,12,17,9,9,11,17,12,11,17,9,10,11,9,15,15,10,15,15,11,11,12,12,9,9,9,17,17,17,11,9,17,9,15,11,11,17,10,12,17,10,17,15,15,11,15,15,11,10,9,10,11,15,10,15,17,17,17,15,17,12,9,12,10,12,11,17,15,11,17,15,12,12,15,10,12,11,10,10,9,17,12,11,12,11,9,11,15,11,11,11,12,12,17,12,12,11,11,17,10,15,9,11,10,9,9,12,17,17,15,17,17,17,15,15,12,9,10,17,17,10,17,9,11,10,11,10,15,17,15,17,17,17,15,10,11,9,12,17,10,10,15,12,9,12,11,9,10,10,15,15,17,10,10,17,15,15,10,17,11,12,9,10,12,10,12,9,11,10,11,17,12,11,15,15,15,15,11,9,15,10,12,11,12,9,11,12,17,11,11,10,11,10,17,12,17,17,17,15,11,9,15,11,9,10,15,12,12,11,10,9,12,10,9,15,10,10,10,10,15,17,10,12,15,15,15,11,12,9,15,10,17,17,10,10,17,10,17,10,9,9,10,12,11,17,17,12,12,11,12,17,11,12,12,11,10,11,12,9,11,10,12,12,10,11,17,12,12,15,11,15,15,12,10,10,9,17,10,15,12,15,10,17,9,11,10,11,15,10,9,9,15,10,15,10,15,15,12,17,9,10,12,10,10,12,10,11,11,10,10,11,12,10,9,17,12,17,11,9,9,17,12,12,10,10,10,15,15,17,11,15,12,17,10,15,15,17,11,9,17,15,12,11,17,11,17,10,15,9,15,9,9,10,10,9,10,15,15,11,11,11,15,12,9,11,10,10,17,11,11,12,17,15,11,9,11,15,15,11,9,15,15,11,15,15,12,11,10,12,9,17,17,17,11,10,10,17,9,15,9,17,12,17,12,15,15,15,17,9,11,9,17,9,12,11,9,9,17,11,11,10,12,15,10,12,12,9,15,17,12,11,9,12,11,11,11,15,15,12,11,12,17,17,17,11,12,17,17,17,11,12,9,11,9,10,12,12,17,12,12,9,9,11,15,11,11,15,9,9,10,9,12,17,15,17,11,12,10,15,11,12,17,9,9,17,10,9,11,12,15,9,15,12,10,9,10,17,17,17,15,9,15,12,17,10,17,12,9,9,17,15,12,10,11,11,12,9,17,11,17,17,17,17,12,12,9,17,10,17,11,10,10,12,10,11,15,12,12,17,17,17,15,11,17,11,11,9,12,10,17,9,10,9,15,11,9,10,15,10,9,9,9,17,12,11,11,11,15,15,10,10,11,12,9,10,12,9,10,10,10,17,10,15,17,9,11,17,15,12,11,10,15,11,12,10,11,12,12,12,11,11,15,15,17,10,12,15,15,12,10,10,12,17,10,11,17,11,12,17,17,11,12,15,10,9,17,11,11,15,11,15,15,12,17,10,10,17,9,11,15,12,11,11,10,9,12,12,15,10,9,17,15,17,9,17,17,10,17,15,12,11,12,12,15,10,17,17,15,12,17,9,9,15,15,12,15,11,11,17,17,15,11,15,10,12,9,9,15,11,11,9,9,12,17,9,15,9,12,9,10,17,10,10,12,15,9,9,17,11,11,11,17,9,9,11,15,11,17,11,15,12,17,9,9
pred_correctness
True,True,True,True,True,True,True,True,True,True,True,True,False,True,True,True,True,True,False,False,True,True,True,False,True,True,True,True,False,True,True,True,True,True,True,True,True,True,True,False,True,True,False,False,True,True,True,True,True,True,True,True,True,False,True,True,True,True,False,False,True,True,True,True,False,True,True,True,True,False,True,True,True,True,True,True,False,True,False,True,True,True,True,False,True,True,True,True,True,True,True,True,True,True,False,True,True,True,True,True,True,True,True,True,True,True,True,True,True,True,True,False,True,True,False,True,False,False,False,True,True,True,False,True,True,True,True,False,True,True,True,False,True,True,False,True,True,True,True,False,True,True,False,False,True,True,True,True,True,False,True,True,True,True,True,True,True,True,True,True,True,False,True,True,True,True,True,False,True,True,True,True,False,True,False,True,True,True,True,False,True,True,True,True,True,True,True,True,True,True,True,True,True,True,True,True,False,False,True,True,True,True,True,True,True,True,True,True,False,False,True,True,True,True,False,True,True,True,True,False,True,False,True,False,True,True,False,True,True,False,True,False,True,True,False,True,False,False,True,True,True,True,True,False,True,True,True,False,False,True,True,False,True,False,True,True,True,True,True,True,True,True,True,True,False,True,True,True,True,True,True,True,True,True,False,True,True,True,True,True,True,True,True,False,True,True,True,False,True,True,True,True,True,True,True,True,True,True,True,True,True,True,False,True,False,True,True,True,False,True,True,True,True,True,False,True,True,True,False,False,True,True,True,True,False,True,True,True,False,True,True,True,False,False,False,True,True,False,True,False,True,True,True,True,True,True,False,True,False,True,True,False,True,True,True,True,True,True,True,True,True,True,True,False,True,True,True,True,True,False,True,True,True,True,True,True,True,True,False,True,True,False,False,True,True,True,True,True,True,True,True,True,True,True,True,True,True,True,True,True,True,True,True,True,True,True,False,False,False,True,True,True,True,True,True,True,True,True,True,True,True,False,True,False,True,True,True,True,True,True,True,True,True,False,True,True,False,True,True,False,True,True,True,True,True,True,False,True,True,True,True,True,True,True,True,True,True,True,True,True,True,True,False,True,True,True,True,False,True,True,True,True,True,False,True,True,True,True,True,True,True,False,True,True,True,True,True,True,True,True,True,True,True,False,False,True,False,True,True,False,True,False,False,True,True,True,True,True,True,True,True,True,True,False,False,True,True,True,True,True,True,True,True,True,True,True,True,True,False,True,True,False,True,False,True,True,True,True,True,True,True,True,True,True,True,True,True,True,True,True,True,True,True,True,True,True,True,True,False,False,True,True,True,True,True,True,True,True,True,False,True,False,True,False,True,True,True,True,True,True,True,False,True,False,True,True,True,True,True,False,True,True,True,True,True,True,True,False,False,True,True,True,True,True,True,True,True,True,False,True,True,False,False,True,True,True,True,True,False,True,True,True,False,True,True,False,True,True,True,True,True,True,False,True,True,True,True,True,True,True,True,False,True,True,True,True,True,True,True,False,True,True,True,True,True,True,True,True,True,True,True,False,True,True,False,True,True,True,True,False,True,True,True,True,True,True,True,True,False,True,True,True,True,True,True,True,True,True,True,True,True,True,True,True,True,True,False,False,True,True,True,True,True,False,True,True,False,True,False,False,True,True,True,True,True,True,True,True,False,True,True,True,False,True,True,True,False,True,True,True,True,False,True,True,False,True,True,True,False,True,True,True,True,False,True,True,True,True,True,True,True,False,True,True,False,True,False,True,False,True,True,True,True,True,True,True,True,True,True,True,True,True,True,True,False,True,True,False,False,True,True,True,False,True,False,True,False,True,False,True,True,False,False,True,True,True,True,True,True,False,True,True,True,True,True,True,True,True,True,False,True,False,False,True,False,True,True,True,True,True,True,True,True,True,False,True,True,True,True,True,True,True,False,True,True,True,True,True,True,True,True,True,False,True,True,True,True,True,False,False,True,True,True,True,True,True,False,True,True,True,True,True,True,True,True,True,True,False,False,True,True,True,True,True,False,True,True,True,False,True,True,True,False,False,True,True,True,True,True,True,True,True,True,True,True,True,True,True,False,False,True,False,True,False,False,True,True,True,False,True,True,True,True,False,True,True,True,True,True,True,True,True,True,True,True,True,True,True,True,True,True,True,True,True,True,True,False,False,False,False,True,True,True,True,True,True,True,True,True,False,True,True,False,False,True,True,True,True,True,True,True,True,True,False,True,True,True,True,True,False,True,True,True,True,False,True,True,False,True,True,True,True,False,True,True,True,True,True,True,True,True,True,True,False,True,True,True,True,True,False
p2d-kl
0.5637653470039368
p2d-iter
599
p2d
1.5220077,0.41280818;-0.35649264,1.0306747;1.1169783,-0.69883585;1.5136034,0.4362538;1.6540972,-1.0489948;1.4632931,0.2405326;0.12947102,-2.0767705;1.1864461,0.27096128;-0.6991672,0.46322078;-0.6528107,0.60604966;1.2836683,-0.78939503;-0.17383048,-0.021617325;0.50499296,0.053685404;-0.26312226,0.5170519;-1.6287162,-0.1871027;1.3815225,-0.8682136;0.10844359,-2.0712607;1.4360217,-0.979279;-0.39371586,0.24822164;-0.9887076,0.167091;1.3001901,0.20901202;1.0159758,1.1760588;-1.4434822,0.4017732;-2.1743488,-0.36860284;-1.4595224,-0.004528486;0.15686594,-0.8726552;0.35693073,-0.947128;1.2761347,-0.9335742;0.54599345,0.042037148;-1.0406221,0.33818904;1.1426612,0.4015758;1.3186746,1.0528231;1.6673639,-1.027131;1.6525092,-1.1353172;-0.36747,1.0769597;1.2204286,1.117415;-0.077077314,1.5977687;-0.31899384,-0.04233118;-0.54888815,0.2465442;0.3629068,0.34718055;-0.029725485,2.0408988;-0.4248551,-0.12491511;-0.5752084,0.15895016;-0.21906555,0.21480171;0.39207074,-2.1236148;-0.14109871,0.18751124;-0.8968562,0.12595095;-0.066065095,2.0445068;0.601614,1.3131877;-0.44378132,-1.1085163;-0.17474659,-1.0649215;0.7798494,1.2498333;-0.63843197,0.08773539;-1.1904093,-0.016634036;0.5175438,0.043921255;0.27198663,-0.94023955;-0.1626572,0.17591317;0.92439765,0.1641795;1.3250757,0.5471041;1.375671,0.68222415;1.469375,0.4757073;0.888338,1.3202144;-0.11546881,1.8608918;-2.11413,-0.2870276;0.19321172,0.36757576;1.5310373,-1.0038042;-1.8400847,0.050065484;-1.6305592,0.1468306;1.2441167,1.0100566;-0.41950697,0.441205;0.22719546,-2.301005;1.2004011,0.4603693;0.022223877,-1.8190495;-0.5601928,-1.0582122;-0.21744792,1.6385337;1.5893209,-1.0326254;-0.12015815,0.05787859;1.731457,-1.053864;0.5263373,0.054025054;0.9381856,1.2997897;0.37459716,-2.332352;-0.3013226,1.2024561;0.35562748,-1.0179626;-0.11578129,0.3367353;1.1127046,1.1903932;0.22695923,-2.2020872;0.5545586,-2.4684873;1.4899441,0.47675592;1.6253622,-0.9788672;1.3494408,-0.9339314;-0.029434444,1.951047;-0.2522926,1.6426792;1.1921842,0.15700582;-0.1461346,1.6940743;-1.2850986,0.1453122;1.3220474,-0.88968134;-0.08692897,0.2048838;1.4829711,-0.99824995;-0.89176494,-0.16501427;-1.6164615,-0.23195772;0.3484928,-1.0720158;-0.23051816,1.3214064;0.5123452,0.63453686;-1.2163236,-0.16368234;-0.93982846,0.22208443;1.0850574,0.18000793;-0.5108427,-0.9917712;-1.6030718,0.1917289;1.3987899,0.70752746;-0.073249176,-1.0634791;0.030516846,2.127074;-1.9512377,-0.15928069;1.3719608,-0.9471594;1.3508184,0.13754736;0.03848358,0.48232943;-0.30086362,-0.08172858;-1.2423059,0.20159455;-1.0964959,0.39725295;-0.89681274,0.26770523;0.43594116,1.3348293;-0.3548032,-1.0839654;-0.38267887,1.3089116;-0.487249,0.6773698;1.1589658,0.5020158;0.46891204,-0.97050107;1.2940372,1.0585358;0.024212433,-1.8333213;-0.028082162,0.4728048;0.011806231,-1.8584769;-0.12671803,1.2031931;0.20997672,-2.1439054;-0.8865136,-0.15815437;-1.0519055,0.55267954;-0.70895237,0.14114669;-0.17320642,0.026716849;-0.016909765,1.9887041;1.0482563,0.8793679;1.3818681,-0.8738145;-0.2492987,1.0172637;-1.7802193,-0.015725723;1.3260477,1.0141039;1.2683973,0.5186758;-1.0062485,0.12752424;0.2685028,0.14295152;-1.5562942,-0.39170462;1.4938252,-0.9594125;-1.3086296,-0.09109529;1.5610373,-1.1530318;1.2699172,-0.84694207;0.4155019,-2.081358;-0.32412222,-0.17812653;0.34400028,-2.0984793;0.34183368,0.22778869;1.1828327,0.7901622;-0.07008214,-1.0389562;-0.1082989,1.691699;-0.56016785,0.12790191;-1.4374982,-0.010216865;0.7040989,1.3003901;0.8803321,0.25350946;0.45310012,-0.9409557;-0.72125465,0.3186939;-0.20565496,-0.98849404;-0.12060244,-0.17594951;-0.1870317,1.08668;0.15212032,-2.0229087;0.31560522,0.3455666;0.43212178,0.015627068;0.02745433,0.09702477;0.04437539,-1.0369351;1.0336388,1.2249182;-0.82940334,0.4091072;-0.009706263,0.46628895;-0.37075058,1.2316512;-2.1614094,-0.3708178;1.2351626,1.0899551;1.4772749,-0.920467;-0.2160392,-1.0474913;0.6076713,1.361793;-1.0824069,0.016085254;1.3271022,0.21248905;0.12858012,0.5616042;0.7038449,0.3234987;1.3617518,0.18832085;0.11557238,-0.9050468;-0.0444704,1.9564059;1.4539708,0.75534344;-1.388049,-0.28512958;1.2009662,-0.78353065;1.3584969,0.73349994;1.1842761,0.21342686;1.6250752,-1.0002772;0.39990824,-2.2500625;1.6148757,0.42659256;-1.6236603,-0.13001855;0.31270516,-2.2597458;-0.81764275,0.15747231;0.09343182,0.45472863;-0.11351254,1.398355;-1.6045791,-0.37137762;1.119969,0.37845665;0.89998627,1.2677039;0.288422,0.46599346;-0.5432701,-1.1516147;0.69913846,0.02069666;-0.14854798,1.8242596;0.35320422,0.0068433746;1.5167853,0.47474843;-1.1991458,0.5220645;-1.6501982,-0.052731484;-0.1333581,1.5354899;-0.20427527,-1.0835056;1.2504424,0.5668181;-1.9966795,-0.46861398;-2.0895483,-0.32091713;0.33561942,-0.9427587;-0.32218713,1.033823;1.4387527,0.21504554;1.4919561,0.44686565;-1.4312568,0.15867797;-0.1361467,1.6482387;0.3493225,0.46970662;1.1975056,-0.82134104;-0.67762357,0.33888602;-0.098254174,-1.057507;0.6781027,1.3424029;0.06372595,0.6003307;0.15605529,-2.1416385;0.020330591,2.0239275;-0.5697025,0.5935446;0.8655313,1.279064;-2.1288576,-0.4647088;1.2562838,0.4852846;0.86659825,1.3467864;-1.9925773,-0.009427656;-0.17998517,-1.1094142;-1.487604,0.17028262;-1.8181595,-0.10008552;0.022530066,-1.031753;-1.1196564,-0.047156133;0.8449738,0.22556542;1.5808456,-0.9546777;0.0841818,-2.1193643;-1.7550505,-0.2122901;1.0079802,-0.7002058;1.5363762,-1.0424747;0.496642,-2.3743997;-0.7255368,0.14244975;-0.7379164,0.3559251;-0.22444972,-0.29129452;-0.56264085,-1.1064109;-1.4258155,-0.13332792;-0.32062343,1.2922277;-1.9823687,-0.2831874;0.28448325,-1.0643302;-0.328676,-1.1142896;0.9479227,1.1542962;-2.0576336,-0.3862011;-0.074514784,0.1260676;0.47180825,-2.4163623;0.27877963,-2.2989829;0.7505368,1.2879055;0.911592,0.18815506;0.98147756,1.1357256;-0.8095157,0.22512561;-0.1014015,1.6592804;-0.1780076,-0.12272625;0.042912453,-0.87741566;-0.4100412,0.6524379;-0.489747,-1.035674;1.6067677,-1.047386;1.077767,0.8695192;-1.0257828,0.06763332;1.1211611,-0.7897516;-0.8710609,0.30979362;1.0891898,0.9361423;-1.0700891,0.2912999;1.5278766,0.50813794;1.1443976,0.68523395;-0.05540119,1.9892572;-0.03703168,2.0297384;-0.030731019,-1.9680183;0.5162997,1.3500643;-1.7766408,0.075069346;0.3357211,-2.2242842;0.8214984,1.2543741;-1.0489154,0.5940323;-1.4248303,0.12144748;0.07001802,-2.065214;-0.19673906,1.394012;1.5495983,-1.052866;-1.2199829,0.14956138;-0.28525057,-1.077713;1.0791323,-0.67685133;1.5082597,-1.0188504;-0.053415198,-0.30059296;-0.7450099,0.18085673;-1.8924869,-0.044281375;0.49680814,0.22220302;-0.20656279,1.0612342;-0.23871158,1.6872885;-2.1209736,-0.50312185;-1.0359557,0.061859358;0.7247029,1.3330097;0.31034294,0.24494514;-0.41480285,-0.10013201;-0.04980491,1.8372405;0.05339294,0.6785073;-1.7170528,0.033618398;1.1637077,-0.7543127;0.014501887,-1.962114;-0.91258925,0.009434358;-1.9356723,-0.061489124;-0.38223255,-1.072684;-1.6370414,-0.13106355;0.94150025,1.241263;-1.5494347,-0.39475864;0.9979221,1.1853886;-0.80854523,0.17251919;-0.14853843,0.023331976;0.35152638,-2.3083122;1.7256889,-1.1242145;-1.0332379,0.3809699;0.4852407,-2.3346305;-0.22425489,0.3731601;-0.25142765,1.6733353;0.0680724,-0.77704066;0.45189467,-2.2671452;-0.09499529,0.18490486;0.09273722,-0.73519033;1.2104352,-0.73895895;1.0700169,1.1849432;-0.0712138,0.4033624;1.0821848,0.7347536;-0.59148073,0.44811156;1.3740469,0.7888606;1.10752,0.2071263;-2.144856,-0.48936138;1.3501158,0.23817068;-2.0541542,-0.38014856;1.5075886,0.27759525;0.014518951,-1.8974684;0.73283523,1.3057623;1.6668438,-0.986666;0.05107479,-2.0711186;0.8056655,1.3433743;0.259221,0.4355556;0.97502774,0.13830005;-2.0155184,-0.21293643;1.7777157,-1.1368977;0.505124,-1.0152669;-0.873147,0.074312985;0.3788755,-2.2824094;-0.1702525,-1.1416599;-1.9370313,-0.21931413;-0.06581439,1.7504268;1.3148273,1.0439997;0.3004716,0.5197518;0.166659,-2.0853896;1.0323235,0.19271958;0.37883994,-2.226788;-0.2808065,1.2573646;-0.44623554,-0.02572341;0.26919198,0.23070177;-1.7586062,-0.05251112;0.5449419,-2.4730022;-0.26481357,0.1922668;0.81405574,0.23844177;1.6277161,0.4025502;-1.8542359,0.22974092;1.297285,0.17965382;-0.7382655,0.56267846;-0.06495463,-0.18793662;-1.7094089,-0.2069686;1.1549805,1.1629213;0.20123972,-0.9689551;1.6218181,-1.0810394;-0.28920773,1.2765208;-1.0790954,0.21402667;0.20296654,-0.89937764;-0.11679349,1.886474;-1.9805373,-0.43443674;-1.8410715,-0.11658475;-1.8428713,0.19898741;-0.9113191,0.29476997;0.34779426,-0.012595203;1.1259851,1.0368702;0.7672136,1.3127408;-1.3390143,0.36317274;0.17803146,0.14378706;1.3480215,-0.8460416;1.0722685,0.21751091;-1.1083487,0.58892167;-0.55546975,-1.0715476;1.0664086,0.7717708;1.0458771,1.2046553;0.40602142,-0.83566684;1.6775935,0.36110044;-0.22334154,1.5166788;-0.46974307,0.0056495806;-0.31301904,-1.117113;0.58395034,-2.459536;0.30654046,-0.91392803;1.1899561,-0.75584865;1.0683826,1.0022225;0.100411534,0.11905264;0.397935,0.33898184;-0.82593423,0.43570665;-1.8497561,0.18303166;0.19050844,0.13814647;0.4017719,-1.0599531;-0.013151465,-1.9708211;-0.18478155,1.5080603;0.7852735,0.28502956;0.9793386,1.1268246;-0.6005851,-1.073291;-1.4421998,0.09227566;-0.009581024,0.12170087;0.33727986,0.38048828;-0.2582035,1.2298403;-1.7457789,0.1631705;-0.76763016,0.2963725;-0.06339916,1.9661357;-0.43230066,0.5084743;0.12007931,-0.96781087;1.0930041,-0.6356292;-1.0683587,0.36048302;0.47958842,1.3416152;0.31338665,-1.0449892;-1.4879049,0.06935167;1.3901216,0.7923103;0.3122305,0.042229276;1.2355846,-0.8392445;-1.528989,-0.12638341;1.1255713,1.0861878;0.24372074,-2.2159839;-1.8617786,-0.042972106;-0.99286896,0.4628957;-0.5172879,0.32111883;-0.58383435,0.2695403;0.31649765,-0.9341012;1.5320133,0.44688508;-1.496803,0.30687582;-0.5697264,0.03945362;0.05022345,-0.95625997;-0.35764897,0.10329704;-0.7137774,0.52613425;0.9095708,0.22960545;-1.1895281,0.08695219;1.7769725,-1.1374211;1.5702436,-0.9970708;-1.2827492,0.11473649;1.6004891,-1.1196426;-0.058459252,-0.23880404;-0.2585516,1.1905221;1.3251574,-0.8257113;-0.33016014,-1.0648761;1.2616951,0.45766;-0.17418727,-0.24237724;1.4083015,0.20374471;-0.0648767,1.6979971;-1.7704005,-0.065279186;-1.0963353,-0.048301313;1.1628834,1.1229897;0.11005509,-2.1512597;0.07260927,-2.0030441;0.09217324,-1.0587473;-1.713129,-0.12449679;-0.5251656,-1.0398247;1.1754686,1.0813206;1.5848962,0.41914427;1.3229644,0.9665064;0.120894484,0.6348113;0.13364929,0.5774363;1.6314075,-1.0809634;-0.032344002,-0.28449973;-0.39909387,1.1398385;0.27160165,0.081201434;0.09716219,-1.9679891;-0.31640565,1.2092322;0.28759027,-0.9239003;-0.8252714,0.055851813;1.4571078,0.638476;0.15263106,0.59061867;-0.07106636,-0.16498232;-0.61287814,-1.0742586;-0.10957239,1.7820011;0.89339787,0.22238836;-0.109314434,-0.94391686;1.1423432,0.5667475;1.5733404,-1.0287131;-0.2956648,-1.0908086;-1.3662608,-0.07503049;-0.02067582,-0.083097264;-0.5073124,0.35335484;1.0590981,-0.6534491;-0.11479745,0.59847236;-0.29665637,-1.0406117;0.933951,0.25377703;-0.86119527,0.24407336;1.6497635,-0.9387917;-0.6770187,0.15931666;-0.4681967,0.17693505;0.53329355,0.11807692;-0.1570535,1.3501897;1.514071,-0.94139236;0.14057882,-0.92033845;0.5107854,1.351949;0.07630525,0.6083185;-0.4371394,-1.0413305;0.1311403,-1.0460134;0.7959294,1.2173282;0.13104476,-0.8423844;-0.6302844,0.48541313;-0.36544204,0.49926367;-0.25149998,1.5063136;-2.1088896,-0.36827582;-1.3971403,0.029741403;0.80525374,0.21306399;-0.3749635,-0.12081834;1.2156422,1.0571504;1.415593,0.73729545;0.6236695,0.07235877;-1.1543671,0.49093184;-0.27705976,-0.1632753;1.3765934,0.20645632;1.0625829,1.2150215;0.43612254,-2.2171006;0.40538946,0.29574606;1.1551154,0.17453524;0.4345107,-2.3699338;-0.8668125,0.003823204;0.23251523,-2.2889004;-1.0069662,-0.011942872;-0.14263028,1.2714292;0.31367958,-2.275634;0.070050724,-1.0028609;1.3784778,0.13800493;-1.1081233,0.09000652;0.032851934,-0.96941805;0.26228476,-2.1830876;1.4217293,0.7838865;0.6908636,0.33724797;1.226365,0.14984955;1.6847266,-0.955615;0.3374937,-2.32768;0.23965892,0.03644293;-1.1468967,-0.00807147;0.47805172,0.24477202;-0.5243219,-1.0963665;0.518278,-1.0240761;-0.32467917,0.9947746;0.46623242,0.6063616;0.32714885,-0.16290203;1.582435,-1.1543908;1.4147425,0.24129292;-0.13518274,0.17340578;-0.49961182,0.3700894;0.018369004,0.6384473;-0.24534734,1.0298917;0.12949437,-2.232417;-0.44832486,-1.0862522;-0.45041806,0.06224945;1.0438763,-0.7245658;-0.9444104,-0.17630751;0.030867279,2.1808667;-1.7574495,-0.040657118;-0.748279,0.24015942;-0.93220675,-0.17885126;-1.1429951,0.18381156;0.39711738,-0.9360151;-0.43243346,0.27954605;-0.6435164,0.39407325;-1.7866105,0.09154518;-0.70247227,0.4380139;-0.014430187,2.0798857;-0.17391753,-1.08385;1.3877252,0.501924;-0.44464448,0.5431372;-1.6046283,0.09435766;1.5224881,0.42613724;-0.38805795,0.35588306;0.023904769,-2.1143744;-1.287844,0.098996624;-0.47614112,-1.11733;0.41619793,-1.0019342;-0.63716364,0.06743891;0.44497052,0.3113834;-0.15380003,-1.0138625;-1.5890361,0.07323042;1.2972462,1.0233811;1.3202755,0.5436945;0.8542547,1.2947025;0.1006878,-2.0112865;-0.2846268,1.6036935;-0.2342114,1.6639199;1.1594993,0.81416607;-1.7717535,0.18028499;-0.96209043,0.53690606;-0.4906528,-1.0609812;0.39979374,-1.0581611;-0.2753693,-1.1179392;-0.1747697,0.25292817;1.4548651,-1.0428329;0.7653192,1.3414574;0.24320343,-2.2695405;0.29822484,0.010126523;-0.15741715,0.50238335;0.16602702,0.4847177;-0.18745065,0.39059502;1.7021091,-1.059997;-0.21343555,0.26957586;-1.1760285,0.21764508;-0.36787528,0.2025389;-0.2023988,1.5716623;1.3559841,0.7518788;1.1625986,-0.77839375;0.6478303,0.3607942;-1.4205484,0.01233005;-2.003452,-0.06259014;0.09693357,-2.0938141;0.50873744,0.6255979;-1.6462729,0.11144171;-0.659083,0.20626423;-0.104094766,1.3590021;-1.2731957,-0.025922267;-0.10220961,1.6334655;-1.7202098,0.011808314;-0.22492881,-1.0754236;-1.466739,0.031291083;0.030866038,2.1808753;0.1772479,-1.0517733;-2.0181687,-0.2640874;0.19861406,0.07117087;0.034767903,-0.25632188;0.29543164,-2.057833;-0.5443795,0.17964984;0.3178171,0.056413308;-0.7780929,0.40706334;-0.3651357,1.1997515;-0.4822693,0.054498773;-0.19177426,0.37371543;-0.35458645,-1.032128;1.0061162,0.7727176;-2.0765436,-0.29350802;-0.11573733,-0.24814981;0.9467441,0.18169923;1.1516968,1.1119331;0.21979482,0.16011682;-1.2922951,0.06594028;-0.0901332,1.885508;0.12381218,-2.0263922;1.0644429,-0.745075;1.0372051,-0.68674034;-0.20830166,-0.2451404;-0.21368738,1.7363213;1.3529944,-0.86181104;-1.907594,-0.010818922;0.6662628,-2.4862044;1.6282755,-1.1561068;0.37598118,-0.0035492503;-1.8484828,0.0016998275;-0.28411484,-0.05277598;-0.28854668,0.51132935;-1.9015231,-0.2142448;-0.14618425,1.5530798;0.12772267,0.55321866;0.7121581,1.3400791;-0.74422693,0.44670522;-1.6585934,-0.19022486;-0.1479757,-1.0856746;-1.3861418,-0.11254881;1.310983,0.727963;-1.4630042,0.33035332;-0.3500246,0.28914994;-0.20768183,1.7130448;0.49762368,1.3365294;1.4074723,0.24171016;-1.3601705,0.3488083;-2.003151,-0.39169836;1.4143572,-0.9230087;-0.6792117,0.21110347;1.3162358,-0.9564005;1.0655627,1.134112;-0.27788705,1.1081517;0.1655976,-2.053645;-0.40681106,1.2519071;-1.0743906,0.34301862;0.010387374,1.8614486;0.8648373,0.21369581;0.5549001,-2.4360166;-0.035523266,2.0738757;-1.0223085,0.5601878;1.1600958,0.8156751;-0.024756966,-0.1741103;0.2656341,-2.348086;-1.5537072,0.08880881;-2.1521733,-0.4849543;1.4702233,-0.8780979;-0.17651615,0.33245495;1.1623061,0.403446;-0.9868535,0.10506797;-0.0066002393,2.0375652;-1.8194624,0.08115659;0.58616155,1.2995914;1.6153743,0.38005504;-0.3632611,0.16979574;-0.16056539,1.2351412;-2.031766,-0.19996817;-1.2241971,0.014499425;0.5000751,-2.4299536;0.30766094,-2.3053875;-0.056397952,0.16122739;1.0723724,-0.70174193;1.4233778,0.44800112;0.30168608,-2.3451881;0.8593497,0.20355405;0.9518396,1.2593921;0.20391369,0.4736394;-0.8095352,0.57486266;0.038021777,-2.0334353;1.187756,0.16594538;0.40740976,0.46683556;1.4554963,0.81309116;-1.9445863,0.015876759;-0.11318436,-0.21443859;-0.2718034,0.49463016;-0.1148512,1.4426419;-0.3485986,-0.07967587;-0.30915573,1.2968583;0.15354969,-0.87436914;-1.5358452,0.2560294;-0.7293462,0.4117322;0.82719684,1.317037;-0.9497297,0.08645658;1.1272767,0.19324394;-0.19961108,1.7359877;-0.021473877,2.0139058;-0.3237807,-0.031620502;-0.019778378,0.028696798;0.5236691,-2.4324493;-1.2630116,0.043420512;0.24874505,0.25254512;-1.7041795,0.09459077;-0.288195,1.4697495;0.44120947,-0.9540942;-0.3773453,1.2405524;1.167696,0.19626823;0.48855847,0.6747367;1.1120846,-0.6827962;0.9411382,1.1413591;-2.0078752,-0.23380841;0.9659957,0.16307315;0.13848457,-0.985789;-1.325946,0.13399535;0.4820887,-2.4486063;1.5605454,0.49553183;1.0549783,0.90226674;-2.106333,-0.43049863;-0.07259388,1.6610512;1.065359,0.8119696;0.38202304,-0.9111921;-2.037485,-0.45170364;-1.3946769,-0.2877834;1.196521,0.4866011;0.32895386,-0.0029150187;-2.0928175,-0.33941725;-0.1714222,0.25460026;0.6604389,0.35793966;0.24200268,-0.8647842;-1.0429572,0.5793053;0.32919484,-0.8986878;1.129613,1.1283884;-1.3602132,0.35392237;-1.9717358,-0.059821438;1.440938,-0.9433727;0.012272085,1.9969592;-0.71844417,0.23454535;-1.4702388,0.24048233;1.0621778,1.1184913;0.15419291,-0.9456936;0.520682,1.3409736;-0.07578002,0.5041653;-0.3799089,1.1742737;-1.0168339,0.52505624;1.342285,0.79194075;-1.8301535,0.08847631;1.1122915,0.48199916;-2.0574415,-0.38420466;-1.1763663,0.07255842;0.6352835,-2.4813592;-1.7666876,0.052860014;-1.9815615,-0.36698326;-0.8112362,0.4726902;0.39200255,-2.240316;1.4439685,0.763725;-0.7509021,0.4930923;-2.141198,-0.39628613;1.1057593,0.71155375;-1.9384615,-0.26700833;1.5823951,0.4075568;-0.9247792,0.5810488;1.3957525,0.7943944;-1.8118426,-0.23443934;1.4543982,0.71980786;0.1396247,-2.1022732;-0.11283041,-1.1232382;-1.8896817,-0.25359887;0.9040987,0.08805457;0.11844023,0.44982314;0.27517846,-2.2480626;-0.82725203,0.26778114;-0.5735834,0.30172086;0.70261645,0.3429423;-0.1373077,0.53627616;0.8804227,1.17556;0.7884847,1.2666293;1.0918126,-0.7721029;-0.14258967,-0.12068731;0.18332857,0.49971497;0.2893504,-2.24261;-1.2725818,0.13545114;-0.17568584,1.7344034;0.9988139,0.21882044;-1.4422102,0.10548834;1.1393543,1.1607627;-1.0285301,0.6143517;-0.15259196,-1.04792;-1.5859766,0.15168735;1.5935445,-1.1768545;0.16782805,-2.1989634;-0.27778107,1.568418;-1.8625308,-0.26556695;-0.1282698,0.21059096;-0.48758003,-1.0805473;-0.14053915,1.7857509;-1.553518,0.18837973;-1.5555743,0.13757372;0.46319076,0.5946256;-0.9149474,0.06622485;0.21636997,-2.191758;-0.15389703,-0.008229273;-0.9914584,0.33591378;1.7570953,-1.0944133;-1.940355,-0.1884838;0.49290386,-1.0074052;-0.22963467,-0.9685282;-1.6757945,0.016444644;0.21250586,0.35483044;-2.1605868,-0.3933364;0.426719,-0.9619753;0.8091408,0.27058184;-1.4894128,0.31682786;-0.5761755,-1.0351267;0.33797666,-0.8666776;-0.47353607,-1.0375673;0.39592922,0.46842077;0.16941266,-1.0192431;1.1687689,-0.7260569;0.56112707,1.3171853;-0.1417309,1.5493445;-0.517656,0.02158098;0.64512134,1.3329995;-0.0450777,0.28566587;1.674321,0.37559512;0.5425195,-2.4721787;-0.4236108,-1.0987854;-1.7102709,-0.20669231;-0.1160926,-0.054915793;0.76617956,0.25944668;0.22213304,-0.9104027;0.4666983,-2.4208682;1.4459839,0.24339505;-1.9202024,0.014235603;-1.0614536,0.1175465;0.46403417,-2.4025211;-0.5811915,0.12273659;0.20650105,0.088382;-1.1192555,0.0033196185;0.5143391,0.5927718;-0.11562921,-1.0855315;1.2880632,0.4565687;-0.5882645,0.4455698;-1.9206822,-0.15037459;-0.8866162,0.17287557;0.20925453,-1.063726;-0.3839302,-1.1109641;0.9140978,0.21190001;-1.8221608,0.17951813;-1.9115309,-0.28956842;-0.02398824,-0.3055105;0.7974699,1.3083584;0.31347615,-2.202706;0.7396811,0.060299635;0.24851616,0.4916989;1.2095195,1.1118726;-1.2241763,0.018978305;1.4665021,0.27615649;-0.36823398,0.27869356;-0.7617482,0.6120215;0.02856582,2.11358;-0.72618127,0.55838776;0.14327419,-2.1465187;-1.5652,-0.1398634;-0.0971849,0.07439561;0.39773744,-2.3955863;1.6353923,-1.115656;-0.9714078,0.25135607;0.10816234,0.4195193;-1.8612859,0.27387613;0.3975827,-0.9019323;0.39065215,-0.9726893;-1.3488823,0.3643244;-2.035395,-0.4622234;0.655203,-2.4845498;1.3034886,-0.8061869;1.4872265,0.25033703;-0.1871291,-0.3032762;-0.7369358,0.29001755;0.08587848,-0.7239702;-0.2901418,1.082614;1.6427737,0.40685534;1.2434298,0.51943;1.3473856,-0.90195286;0.07918762,-0.9118988;-0.3497294,1.1330594;0.66926247,1.2465484;1.1150509,-0.7504946;0.43925393,1.3359171;-0.23917271,1.4856534;1.0243195,0.7953226;0.036753125,0.7297894;-1.409497,-0.057773564;0.87932426,1.2425416;1.1173222,-0.8243237;1.3209975,0.1674717;-0.5063975,0.13537404;-1.0997853,0.07776926;-1.9826702,-0.21653706;-0.96157056,-0.17193057;0.170446,-1.0629846;0.84737414,1.1489795;0.67912406,1.2797174;-0.08970599,0.26804695;1.2405717,0.47645843;1.184027,1.1395931;-0.38433355,1.3046818;-0.08552234,1.6136572;-0.572587,0.5552665;0.5284588,-0.070827305;1.6422397,0.36315283;1.6059265,-0.9882218;-1.2175112,-0.004037084;-1.1377838,0.00845306;-1.957015,-0.023615915;1.0826547,0.86446786;1.0564617,-0.6060997;-0.142227,-0.060812935;-0.09248953,0.19485487;-0.43738353,-1.0608106;1.3180382,0.19826052;-1.5056585,0.17903095;-1.9754926,-0.2994577;-0.54380655,0.4423473;-0.11671216,-0.15821347;-0.04762576,-0.24832194;-0.4114345,1.1980999;-0.4775443,0.6907062;0.7471799,0.29232723;-0.8045063,0.47950995;-0.19306335,1.6278787;1.2707281,-0.8375896;-0.24912435,1.5832263;0.89246345,0.14835717;-1.0952603,0.547141;0.08621767,-0.77983296;0.539959,0.6278076;-1.8840456,-0.29883796;-1.8562788,-0.25447157;0.9099047,0.13817008;1.0790304,-0.6392704;-0.2954743,1.0284927;-2.0979545,-0.49054027;1.270083,0.61085904;-0.38372704,0.03931181;-0.10604159,-0.23903252;-1.2915233,0.057879712;0.52971417,0.60321623;-0.16847804,1.6700714;0.01666425,2.096311;0.22464827,-2.153616;1.6757723,-1.0767866;0.084863424,-2.0472858;0.41103932,0.2407978;0.0063983053,-0.27043712;1.5628303,-1.0546699;1.0987014,0.38333914;0.57948804,0.6463106;-0.055237055,1.8544083;-0.5639037,0.61444294
p3d-kl
0.44554904103279114
p3d-iter
599
p3d
-1.3529233,1.7371035,-0.21229737;0.4993589,0.3249334,-0.7374222;-1.0704494,-0.09931381,-0.43761536;-1.3286377,1.7193323,-0.2619216;-1.7425951,-0.28981403,-1.6008736;-1.4634969,1.5991635,0.12288366;-0.28596357,-1.5845731,-1.3885063;-1.1416035,1.1195279,0.26509392;0.6974355,-0.017992109,0.3560697;0.8051514,-0.023010125,-0.17834248;-1.3289422,-0.18775485,-0.7598756;0.07878906,-0.64631444,-0.53307045;-0.77490926,0.35099065,-0.13001443;0.27956337,-0.036442928,0.4491921;1.5646757,-0.85103,1.3354795;-1.4552965,-0.24500662,-0.94622684;-0.27077708,-1.6159694,-1.282177;-1.5746529,-0.3915425,-1.0855554;0.41833708,-0.5678183,0.02318077;1.0246156,-0.42191336,0.53478503;-1.3426927,1.2973596,0.33315387;-0.13672954,1.8843609,0.10847787;1.3478281,-0.27751735,0.56602466;2.131602,-0.676675,2.198816;1.5395201,-0.905452,0.893867;-0.5856305,-0.24708836,1.0952548;-0.976912,-0.3320015,0.98001003;-1.4461675,-0.44651216,-0.7173821;-0.8088366,0.38122588,-0.05567999;1.1478024,-0.8248246,0.04548987;-0.9745624,1.0099435,0.08474473;-0.60560346,2.195895,-0.1511211;-1.8035493,-0.26042932,-1.5550171;-1.6747537,-0.3894811,-1.6524659;0.49662846,0.34462854,-0.8566581;-0.4275186,2.136066,-0.04165737;-0.14287876,0.9519689,-1.2517669;0.3308793,-0.6647488,-0.6523684;0.5865709,-0.5004512,-0.025978947;-0.38261044,0.19542465,0.145927;-0.3601279,1.5487459,-1.8903946;0.4978603,-0.8830222,-0.74646443;0.67653817,-0.5511769,-0.20739605;0.1481975,-0.40266505,-0.12596041;-0.68629193,-1.8179064,-1.1698939;0.004848138,-0.6403272,-0.012585633;0.8643359,-0.52924,0.55717653;-0.40553284,1.5440236,-1.7823782;0.3629644,1.1165202,0.40513968;0.20836958,-0.69081587,1.5175215;-0.23155323,-0.574262,1.4007365;0.13861443,1.5170703,0.43800646;0.67555773,-0.7558607,-0.20409504;1.1609828,-0.9340658,0.7660551;-0.7932394,0.34048203,-0.107138544;-0.8357157,-0.29668045,1.0632327;0.05708867,-0.6648718,-0.028669797;-0.90492815,0.81782156,0.66876966;-1.0564188,1.4951578,-0.12125822;-0.9728436,1.7853675,-0.17419739;-1.2534205,1.6904868,-0.17847201;0.13349368,1.7972138,0.27448323;-0.18054254,1.2503719,-1.720229;2.2376702,-0.55927294,1.9121083;-0.16236794,0.2952242,-0.29024926;-1.6799674,-0.36728182,-1.2661159;1.7628549,-0.29599383,1.318559;1.827982,-0.53638566,0.8130531;-0.5135122,2.0178518,-0.19760072;0.49691007,-0.14136092,-0.25017363;-0.52490664,-1.8696619,-1.6640139;-0.9851764,1.1795908,-0.029175604;0.034400515,-1.2381196,-1.0009178;0.42276278,-0.66715735,1.5934739;0.0833493,0.88304734,-1.5144706;-1.7798339,-0.3562306,-1.3669521;0.008826362,-0.5730105,-0.3800033;-1.9068028,-0.2957868,-1.6575279;-0.7935342,0.38845414,-0.10313056;0.04291149,1.8872615,0.2701545;-0.7881838,-1.8353705,-1.6095057;0.314529,0.32191887,-1.0567455;-1.0037895,-0.5106432,0.9863249;-0.008669101,-0.23045072,0.09612572;-0.23322913,2.081069,0.08953488;-0.4966729,-1.6944904,-1.5195854;-1.1367085,-1.7036552,-1.733646;-1.2722442,1.7247115,-0.2161829;-1.7220736,-0.19543995,-1.4710821;-1.5131088,-0.35696143,-0.8557048;-0.3304642,1.3880489,-1.8080994;0.038366664,0.81057113,-1.6095992;-1.2224706,1.1652883,0.48882574;-0.04772449,1.041498,-1.456695;1.323885,-1.0503322,0.4330619;-1.418835,-0.3518271,-0.8757751;-0.022256091,-0.48668027,-0.08239404;-1.6300523,-0.38152283,-1.1725796;0.63423365,-0.46525648,1.0168005;1.4788506,-0.81029165,1.3904607;-0.99508494,-0.5948509,1.1148629;0.17131948,0.49252754,-1.1079122;-0.31994408,0.9152101,0.07330792;1.2136599,-1.3466072,0.39873105;0.99358314,-0.8352532,0.3104719;-1.0899689,1.020585,0.5582492;0.35487258,-0.58253384,1.3853413;1.7602732,-0.48651576,0.75081515;-0.9740688,1.9031912,-0.070811085;-0.40696627,-0.5216912,1.3755085;-0.49279478,1.7128005,-1.9927608;1.8364252,-0.6976771,1.7567528;-1.5295774,-0.3751575,-0.91622096;-1.3731915,1.4516997,0.43585223;0.049569167,0.25326526,0.0063028987;0.30598232,-0.74897635,-0.63741124;1.3298167,-0.7734371,0.5026813;1.2831334,-0.63675326,0.06171714;0.9663235,-0.58602786,0.2939823;0.5814615,0.7453269,0.46064824;0.05475831,-0.632739,1.5075701;0.3572287,0.5521984,-1.2551179;0.60771316,0.2118805,-0.32131985;-0.91905195,1.0999624,-0.048462573;-1.1815873,-0.30675256,1.0323598;-0.5775639,2.1770358,-0.13494894;0.02132768,-1.2399867,-1.016036;0.12989812,0.16552714,0.098822385;0.0043222085,-1.2462693,-1.0568416;0.084315665,0.5414117,-0.7746988;-0.43204662,-1.6369731,-1.5236295;0.63096714,-0.45752937,0.98742837;1.2873757,-0.3180868,-0.08518235;0.8156337,-0.821171,-0.0067849834;0.09756257,-0.5975556,-0.45383194;-0.3663766,1.450798,-1.8550107;-0.47084302,1.5141068,0.16111627;-1.4430466,-0.25959313,-0.96396244;0.33497408,0.3791203,-0.62403256;1.9238583,-0.25499797,1.2191375;-0.6426778,2.1689777,-0.15359928;-1.0289898,1.3227373,-0.08555127;1.0449877,-0.2627449,0.61278445;-0.42881924,0.043924816,-0.27427846;0.74403304,-0.77802795,1.6152362;-1.5904628,-0.3049782,-1.2082571;1.2438933,-0.8925905,0.99201334;-1.7196971,-0.6459778,-1.5279975;-1.3367913,-0.29488304,-0.75040007;-0.71244484,-1.7910941,-1.0670948;0.31153518,-0.9558454,-0.7953965;-0.6561671,-1.6619796,-1.1953852;-0.40242425,0.4086597,-0.2839404;-0.7184939,1.6335204,0.120489515;-0.40658262,-0.48519054,1.3384122;-0.14688754,1.0150805,-1.441966;0.7066178,-0.5359479,-0.29881436;1.5044342,-0.8621456,0.89323825;0.26876232,1.3614515,0.376802;-0.79693484,0.8799245,0.79241544;-1.1468952,-0.29442748,0.98277557;0.75794554,-0.36341703,0.08031271;-0.15258873,-0.42679718,1.301096;-0.008944648,-0.79003304,-0.785799;0.1962991,0.45983174,-0.69913685;-0.29938608,-1.4519956,-1.3621985;-0.3237447,0.15384753,0.07214158;-0.73121643,0.11446302,-0.15778418;-0.20427965,-0.3896045,-0.29633337;-0.5128457,-0.6783823,1.0401095;-0.12438902,1.9752277,0.20200951;0.9221082,-0.15067059,0.38864717;0.09526379,0.16445656,0.0881343;0.42111224,0.41247275,-1.1708354;2.1477444,-0.67853963,2.1693165;-0.45178017,2.1170614,-0.092769936;-1.5666465,-0.23517868,-1.1485279;-0.15865675,-0.59935325,1.3274858;0.4072564,1.1737005,0.4436011;1.099659,-0.65332824,0.7728289;-1.3641902,1.3347392,0.30982795;0.062701896,0.45188722,-0.12370378;-0.4575848,0.7012658,0.75282955;-1.3854145,1.4258327,0.31551918;-0.6189822,-0.34550065,0.9050493;-0.3179331,1.402054,-1.8105435;-0.96997595,2.0217896,-0.23897283;1.3753554,-1.517794,0.537235;-1.1942254,-0.2958847,-0.6479368;-0.89593756,1.8224711,-0.14726429;-1.1998451,1.1198368,0.40456265;-1.7173349,-0.22596069,-1.4762603;-0.7785519,-1.8818643,-1.4099169;-1.4713866,1.8743156,-0.32768324;1.5912175,-0.7183411,1.2689682;-0.667096,-1.7089933,-1.5546187;0.76548225,-0.6884472,0.3793284;0.034739256,0.16348921,-0.21576704;0.014838343,0.72591525,-0.9937491;0.8348394,-0.7956834,1.6376605;-0.966794,0.9231964,0.102841355;0.05986506,1.772084,0.2612237;-0.19648388,0.43373686,0.062452447;0.3871434,-0.861778,1.5593858;-0.8975432,0.61200523,0.19403899;-0.10987796,1.1866349,-1.697869;-0.6845117,-0.06637387,-0.28397104;-1.3062252,1.7723157,-0.23355123;1.4791526,-0.30941913,0.3326188;1.8068826,-0.88385886,1.1188546;-0.0013132829,0.8580503,-1.2362437;-0.19678737,-0.6639849,1.3247778;-0.9607411,1.3662475,-0.053838104;2.230476,-0.9849392,1.8093146;2.1918008,-0.6383373,1.9329836;-0.9405476,-0.2874986,1.0262072;0.4322561,0.40420306,-0.74244344;-1.4463116,1.5498983,0.17915817;-1.3062108,1.6898423,-0.2622308;1.5432465,-0.7462654,0.63903433;-0.08099279,0.9698824,-1.4130868;-0.24552844,0.4430032,0.20497827;-1.2792652,-0.25393605,-0.60109186;0.6557416,-0.37775546,0.2568597;-0.36635363,-0.54178566,1.3643746;0.32260478,1.3290799,0.40673232;0.16460915,0.35217574,-0.21307169;-0.37286165,-1.7114872,-1.3571856;-0.42986068,1.4754567,-1.9144973;0.74725634,-0.045186095,-0.40029523;0.10324095,1.7054882,0.2857341;2.3100927,-0.7933452,2.1070995;-1.0377798,1.251929,-0.16917638;0.18097004,1.7765609,0.27679607;1.6774739,-0.35914937,1.695134;-0.23114288,-0.6152029,1.4528552;1.6565065,-0.6951519,0.550584;1.9359585,-0.5759802,1.2411898;-0.46763492,-0.6744111,1.0722967;1.1509145,-0.7414787,0.93612015;-0.75023377,0.8078042,0.7497802;-1.6575912,-0.20796336,-1.3891274;-0.24660462,-1.7073251,-1.3432413;1.7216125,-0.86070865,1.5086493;-0.9829143,-0.1628828,-0.27160046;-1.7080516,-0.41971415,-1.301021;-1.009951,-1.8687763,-1.617729;0.84417444,-0.8346971,0.03106157;0.7730608,-0.31069595,0.20044863;0.0897101,-1.1582478,-0.92423606;0.4327528,-0.7493292,1.5654626;1.3631413,-0.86816585,1.178041;0.30904382,0.26827627,-1.2600545;2.0138218,-0.735243,1.7855386;-0.8939871,-0.6123097,1.1145506;0.0030881898,-0.6836933,1.4993235;-0.11704129,1.6926754,0.10375134;2.10765,-0.8897282,2.0241237;-0.06953029,-0.54539007,-0.21367902;-0.99184364,-1.8114892,-1.6891307;-0.61523384,-1.8718867,-1.6172868;0.20801373,1.4624773,0.33966509;-0.87389654,0.8529161,0.6959452;-0.12905428,1.7680821,0.039251152;0.798897,-0.552556,0.28408325;-0.14144082,0.9945123,-1.3738452;0.11345037,-0.6678314,-0.7886731;-0.48038813,-0.42639646,0.81403977;0.4758238,0.16895097,-0.42708835;0.30534053,-0.57340866,1.5323081;-1.7063527,-0.35116333,-1.4745139;-0.5052982,1.5568737,0.11527452;1.0471671,-0.4887359,0.6759189;-1.2071497,-0.20950127,-0.42759627;0.96611184,-0.6121093,0.12505613;-0.44865137,1.6671278,0.08593951;1.1686764,-0.7678526,0.19691926;-1.260263,1.8201046,-0.2816247;-0.75753087,1.3868363,-0.04015733;-0.3526166,1.4528483,-1.7750124;-0.35252222,1.5353585,-1.8856484;-0.050804146,-1.280051,-1.3378245;0.48770708,0.9378954,0.4548919;1.7352555,-0.41592407,1.1962178;-0.62281865,-1.9574435,-1.4957751;0.10339853,1.5974846,0.37278312;1.2928635,-0.253787,-0.058743443;1.5676669,-0.8679443,0.607872;-0.19966583,-1.5983267,-1.3173081;0.08034766,0.5965093,-1.1420965;-1.6944537,-0.41859844,-1.3496202;1.255732,-0.8735163,0.5429829;-0.0418484,-0.63820434,1.4400641;-1.0052551,-0.2534647,-0.5015674;-1.6955509,-0.37867478,-1.2052157;-0.16218057,-0.899379,-1.0023121;0.77471143,-0.7142653,0.11636408;1.7627146,-0.4741628,1.4971629;-0.60458976,0.49264172,0.08158386;0.25311154,0.46469796,-0.69047606;0.08857249,0.9257003,-1.5847496;2.342064,-0.83326286,2.1068585;1.0480803,-0.53236365,0.70254236;0.27186376,1.4299495,0.38558328;-0.3489162,0.44770527,-0.15114696;0.48820838,-0.81145215,-0.7506564;-0.30237377,1.1884842,-1.6339419;0.24087074,0.4445945,-0.317246;1.878601,-0.5573252,1.133692;-1.1754646,-0.22666094,-0.5694132;-0.086223304,-1.3575131,-1.2863832;0.82410216,-0.586401,0.7662244;1.7510017,-0.45744458,1.6118388;0.10184941,-0.63999367,1.4679381;1.6090544,-0.69583696,1.2940477;-0.002230437,1.8316948,0.20656279;0.72237754,-0.7731272,1.6091797;-0.15088359,1.815958,0.17939985;0.76413417,-0.66924477,0.33916005;0.055878986,-0.5892194,-0.46095014;-0.7446799,-1.7841965,-1.5955065;-1.8893124,-0.41296408,-1.7433703;1.1660073,-0.7834248,-0.029815925;-0.97548014,-1.8951694,-1.5211556;0.16972494,-0.25921646,0.2068089;0.07651212,0.87848574,-1.5971556;-0.4303068,-0.1475483,0.84867543;-0.8672941,-1.7545449,-1.3831328;0.018999293,-0.46519423,-0.14851263;-0.47452855,-0.22776294,0.7172571;-1.2150031,-0.16554347,-0.6387563;-0.18408023,1.991015,0.12589048;0.18914114,-0.0970263,-0.063020624;-0.6458139,1.3603578,0.01773491;0.5418809,-0.23324148,0.28321567;-0.86430454,1.9315261,-0.17155118;-1.1054168,1.0186244,0.4742417;2.3255773,-0.8321688,2.1470072;-1.3809019,1.3619972,0.25008455;2.1078906,-0.89141715,2.015709;-1.4949511,1.6773366,0.02769767;-0.037597086,-1.2925513,-1.1451409;0.2505235,1.4340507,0.35711953;-1.8245473,-0.19899806,-1.4598753;-0.17684552,-1.5678189,-1.3906567;0.23173569,1.6295757,0.3448712;-0.19834776,0.35999364,-0.012639476;-0.9478101,0.83047295,0.5120046;1.9715136,-0.54366165,1.8002859;-1.9605774,-0.42363405,-1.8194762;-1.2605698,-0.36173627,1.1027064;0.7950768,-0.53799766,0.63366944;-0.76922697,-1.8200756,-1.4868613;-0.25516328,-0.71499485,1.4527389;1.8973192,-0.7715413,1.7212511;-0.23942584,1.1221421,-1.4812685;-0.6064973,2.1833794,-0.15327223;-0.12194413,0.47196832,0.20751882;-0.3494033,-1.5680593,-1.3866162;-1.0280968,0.9840405,0.621227;-0.73365545,-1.9649961,-1.4319241;0.25820008,0.28259993,-1.1499599;0.5431761,-0.64764434,-0.6662736;-0.36262026,0.27557832,-0.2980116;1.9676986,-0.33152574,1.2208387;-1.129812,-1.7095968,-1.7342317;0.22811492,-0.49356627,-0.17450345;-0.6859316,0.77777815,0.75518346;-1.5064025,1.8827649,-0.32473227;1.5031412,-0.16443953,1.2625804;-1.3379486,1.3165898,0.37223777;0.8438941,0.06191319,0.10388069;-0.041792717,-0.67726964,-0.9209416;1.6668267,-0.874699,1.439746;-0.30487594,2.0887146,0.028471654;-0.71345764,-0.36828887,1.1731164;-1.7596271,-0.41863322,-1.5306721;0.26378736,0.23128894,-1.2021393;1.1273115,-0.7683411,0.37347254;-0.7059115,-0.28514728,0.98387414;-0.1848619,1.2806236,-1.7549446;2.2115884,-0.90409195,1.7550037;1.9495949,-0.57940614,1.3339808;1.5361134,-0.22419146,1.2568604;1.0011328,-0.5469268,0.28786826;-0.70463604,-0.09380696,-0.2995877;-0.4138533,1.9159582,0.15082169;0.22313078,1.5131761,0.34647995;1.3459378,-0.14045255,0.8936764;-0.31272033,-0.10854343,-0.19823644;-1.4237908,-0.2417815,-0.89161474;-1.0508517,0.98153555,0.4711702;1.3763493,-0.24756154,0.058933426;0.42371213,-0.6759773,1.5647506;-0.5777889,1.3828354,0.036606986;-0.14667091,1.9782658,0.18070464;-1.0032563,-0.31725144,0.75170434;-1.5920544,1.9417158,-0.38156992;0.10972036,0.72864133,-1.3714283;0.5870292,-0.6197537,-0.5972197;-0.019981928,-0.6863593,1.4940873;-1.1719272,-1.6675742,-1.7433753;-0.8869037,-0.26363796,1.0196186;-1.1637945,-0.25705084,-0.63143426;-0.35541883,1.7168254,0.009531417;-0.2534212,-0.27500927,-0.23848101;-0.43883243,0.23557118,0.18979849;0.92561233,-0.102783404,0.37696797;1.5544553,-0.23364191,1.2851253;-0.32696667,-0.100123525,-0.24637225;-1.0859889,-0.54323524,1.108494;-0.0661629,-1.3177819,-1.316725;0.04916852,0.7333971,-1.2811316;-0.6110176,0.7619829,0.7558575;-0.16532312,1.7218143,0.08623413;0.50828224,-0.70755917,1.5899384;1.5890843,-0.91697615,0.6612857;-0.15509126,-0.42783237,-0.24296935;-0.30906987,0.2276532,0.13618937;0.2333556,0.29419625,-1.0635145;1.6201094,-0.3961771,1.0458014;0.8212471,-0.42848593,0.10877222;-0.30411616,1.4184946,-1.8104064;0.5344635,0.011806553,-0.18312305;-0.6077697,-0.4731066,1.0577699;-0.9763623,-0.17769809,-0.5245129;1.2105105,-0.7721316,0.048304558;0.5243862,0.8664597,0.45897344;-0.930838,-0.5702445,1.0827676;1.6300207,-0.86278266,0.7691547;-0.87317324,1.9661958,-0.17878757;-0.58705187,-0.07443261,-0.2785829;-1.2935785,-0.34495768,-0.7053826;1.4956951,-0.85388833,1.1638236;-0.3667674,2.0285654,0.13411093;-0.5303928,-1.7128991,-1.515596;1.7192886,-0.5577958,1.4410163;1.1308049,-0.46287414,0.022634473;0.587511,-0.24728428,-0.113983236;0.64207625,-0.3833605,-0.018784458;-0.9083098,-0.26534137,1.0303756;-1.3347092,1.7539711,-0.25101757;1.5530132,-0.39223665,0.5102069;0.7983881,-0.5849817,-0.4372959;-0.5069407,-0.5705613,0.9461311;0.37193453,-0.5469979,-0.43777016;0.7668778,0.018323738,0.18127;-0.8546157,0.8811439,0.75979;1.1199925,-0.99722135,0.53948224;-1.9591781,-0.42433468,-1.8194762;-1.6693932,-0.31804156,-1.3902496;1.3165826,-1.0738555,0.49190262;-1.7584463,-0.53597105,-1.5447236;-0.11788805,-0.7996416,-0.922286;0.25264445,0.23715891,-0.9951786;-1.394323,-0.21498473,-0.8333186;0.007921671,-0.59414655,1.535457;-1.0609683,1.214238,-0.18179604;0.05363261,-0.9973553,-0.85364974;-1.4200406,1.5149542,0.23526528;-0.22006258,1.0420634,-1.3969393;1.9817202,-0.3425412,1.2469155;1.1118424,-0.7360863,0.94053215;-0.3483944,2.055348,0.016267989;-0.3714835,-1.715343,-1.2461551;-0.18308984,-1.5451709,-1.2090658;-0.6175344,-0.69742435,1.0437526;1.8284659,-0.9090491,1.249917;0.3666165,-0.62361854,1.5320848;-0.37195462,2.005104,-0.08272761;-1.4391425,1.8391576,-0.28434932;-0.681618,2.083564,-0.15086138;0.12421892,0.5225885,-0.22483377;0.06803614,0.47913766,-0.12563981;-1.766513,-0.4151177,-1.5435648;-0.18050891,-0.869623,-0.9854051;0.50745904,0.4096008,-1.0043476;-0.49014333,-0.076377064,-0.33768317;-0.2147482,-1.4139013,-1.2093933;0.3445934,0.26132435,-1.0929886;-0.8665791,-0.24499737,1.0636618;0.697912,-0.6526576,0.5595616;-1.1001562,1.8696272,-0.23115492;0.05595218,0.50557774,-0.19040802;-0.010191014,-0.6396428,-0.8970341;0.5416572,-0.72021264,1.5921322;-0.16190614,1.1638452,-1.5807288;-0.8342361,0.8560216,0.7569547;-0.2679833,-0.39606968,1.1119326;-0.4843323,1.3317481,-1.446732;-1.7508763,-0.36257085,-1.3494406;-0.057815935,-0.6382284,1.5181636;1.3441558,-0.9251426,0.9938634;-0.09473164,-0.9856029,-0.5060888;0.5673792,-0.18203627,-0.099903695;-0.9654161,-0.16934356,-0.431225;0.21094215,0.34443632,0.41594756;-0.037508916,-0.5392934,1.46971;-0.8952665,0.9036108,0.83979285;0.8926211,-0.5606213,0.31877542;-1.7499509,-0.09528775,-1.5148014;0.74612886,-0.8156495,-0.017249564;0.6021436,-0.30480406,-0.3957362;-0.7190578,0.42014724,0.03619751;-0.07137701,0.5075044,-1.0560938;-1.5896873,-0.25395212,-1.2410645;-0.61489385,-0.36303586,1.007748;0.49149853,0.92435795,0.45506024;0.1367083,0.35973382,-0.25406504;0.21587414,-0.5942472,1.5384673;-0.62721777,-0.5953272,1.2151731;0.073622964,1.5120595,0.4378243;-0.50697625,-0.22864312,1.1346304;0.5576331,-0.038598225,0.29760888;0.4007953,0.030669805,-0.22382286;0.1473095,0.68468606,-1.4026659;2.17524,-0.7028124,2.0035787;1.4678712,-0.9366914,0.78603786;-0.69719845,0.74156964,0.701953;0.41351077,-0.8679679,-0.7143113;-0.4855672,2.0830476,-0.0071433275;-0.96081483,1.9346191,-0.20578513;-0.8974033,0.74008274,0.06802186;1.2140752,-0.16874066,0.3378703;0.24422354,-0.93501,-0.724875;-1.4035288,1.4419366,0.27180398;-0.15011196,2.012501,0.16720237;-0.8220195,-1.8779937,-1.3184004;-0.4683362,0.3217972,0.08029945;-1.1735739,1.1041294,0.48370153;-0.90996623,-1.8153017,-1.6285043;0.726794,-0.57728255,0.72844964;-0.5314074,-1.8707029,-1.6359735;0.97464436,-0.5445533,0.88077885;0.030929575,0.5224637,-0.88018435;-0.6680055,-1.7592441,-1.573603;-0.52239,-0.5656506,1.1268995;-1.399012,1.4985636,0.41871956;1.2015865,-0.4751963,0.84966207;-0.46456,-0.55776685,1.0371437;-0.53846985,-1.6922363,-1.4472677;-0.90375215,1.9978645,-0.23081242;-0.43239802,0.6953351,0.75908405;-1.2480266,1.2215886,0.52312994;-1.8620051,-0.162042,-1.4082689;-0.7266688,-1.858342,-1.6277251;-0.4854799,-0.1936557,-0.26762262;1.1239201,-0.8185025,0.8037267;-0.54869884,0.4713578,0.0799135;0.3747369,-0.6921677,1.4605328;-1.2844112,-0.3675937,1.1193291;0.46760944,0.33497027,-0.65418935;-0.27318367,0.784952,0.06574477;-0.47666255,0.08437148,0.3036444;-1.6915667,-0.6007454,-1.5565856;-1.4415798,1.5190274,0.18929367;0.017365221,-0.6175315,-0.05781705;0.5040921,-0.23781241,0.06411785;0.27036294,0.31678072,-0.21915619;0.32204646,0.370217,-0.65901715;-0.36301336,-1.942167,-1.443748;0.2190491,-0.66877824,1.54319;0.5373853,-0.5510496,-0.5148787;-1.0190144,-0.3351552,-0.4124076;0.6994691,-0.41431856,1.0549653;-0.55555004,1.7500578,-2.0332396;1.9766898,-0.30211052,1.2004851;0.84453857,-0.6377513,0.10653579;0.6858839,-0.44996366,1.0652475;1.1741393,-0.64771515,0.5582364;-1.0401486,-0.36110243,0.9331067;0.4554833,-0.49566498,-0.0154593075;0.6441751,-0.36607358,0.4099153;1.6737992,-0.4106994,1.2195221;0.7060768,-0.048475776,0.45616746;-0.41779968,1.611488,-1.9098892;-0.23160984,-0.5987617,1.4145755;-1.1473732,1.4938731,-0.253486;0.5619472,0.03195548,-0.18811159;1.8393409,-0.69559777,0.81594586;-1.339402,1.7446193,-0.21994178;0.38020504,-0.29471663,0.12265011;-0.12672,-1.7469636,-1.3157547;1.303455,-1.1697506,0.46532902;0.25898045,-0.7298222,1.5626876;-1.0916553,-0.3659386,1.092241;0.64993966,-0.8066779,-0.22881077;-0.5122805,0.310678,0.2124679;-0.24042061,-0.5626379,1.2388729;1.8386774,-0.76656145,0.8052097;-0.6018352,2.153404,-0.12989412;-1.0605154,1.4865557,-0.06480904;0.1265747,1.7051973,0.29855615;-0.24344614,-1.5395542,-1.2069767;-0.072408974,0.65412253,-1.5720088;0.062966116,0.87756634,-1.5912439;-0.66858846,1.6269485,0.15459682;1.6286864,-0.30612707,1.1042446;1.0831882,-0.18967116,0.0031205653;0.29996452,-0.63170826,1.5459825;-1.0825131,-0.5385958,1.1108977;-0.06655784,-0.70017713,1.453525;0.10944591,-0.5397362,0.074396506;-1.546115,-0.49956828,-1.2377301;0.22335267,1.482022,0.27537793;-0.5419785,-1.833345,-1.6130837;-0.6018574,-0.12530811,-0.29019699;0.30010137,0.09371884,0.19798772;-0.051201828,0.34564373,-0.14250965;0.07274694,-0.21697205,0.2521465;-1.8738092,-0.33287153,-1.6053628;0.18813404,-0.47512448,0.048175268;1.2322285,-0.76903415,0.4110441;0.39181823,-0.3983189,-0.2377171;-0.039395895,0.72935283,-1.4157147;-0.8777938,1.8430378,-0.14419974;-1.1741635,-0.25981626,-0.57093567;-0.3598424,0.6691453,0.7389093;1.4912869,-0.8946529,0.84467214;1.7265794,-0.4141573,1.7792913;-0.25364122,-1.6463338,-1.3348545;-0.3249639,0.8981019,0.07523848;1.8585923,-0.5799787,0.88200784;0.66115755,-0.8107764,0.053883556;0.04276079,0.6885274,-0.91017354;1.259875,-1.0167373,0.79420924;-0.14253111,0.95025647,-1.343827;1.9327599,-0.5227556,1.1213865;-0.15519124,-0.6699809,1.3094667;1.5962071,-1.0468122,0.7783348;-0.55555004,1.7500578,-2.0332396;-0.72232187,-0.60972273,1.146146;1.9807278,-0.64956546,1.8733321;-0.39448708,-0.1930322,-0.23028392;-0.28481817,-0.7551991,-0.94062376;-0.55608976,-1.5603317,-1.1690195;0.5896893,-0.60017705,-0.19420896;-0.58147264,-0.053274587,-0.27795503;0.8186619,-0.149326,0.38249847;0.43305197,0.36674672,-1.1121053;0.5932939,-0.5893708,-0.49456525;0.08445143,-0.24882224,0.2350665;0.05778045,-0.5254836,1.5484737;-0.4893493,1.2681836,0.06292733;2.1428704,-0.5923697,1.9085654;-0.041670963,-0.8977461,-0.88296795;-0.90111345,0.86430347,0.64214313;-0.3509372,2.0401912,0.03409543;-0.34810716,-0.015676001,-0.2141263;1.3022616,-1.1536434,0.57190484;-0.2232553,1.2778286,-1.7279383;-0.23867966,-1.4773887,-1.3826154;-1.0790906,-0.20102532,-0.3392447;-0.98452634,-0.21318452,-0.35918763;0.10585294,-1.0522715,-0.86461467;0.023676636,1.0311255,-1.6236652;-1.4060197,-0.27493742,-0.93016773;1.7584815,-0.37996218,1.5176224;-1.3071711,-1.504717,-1.7652184;-1.6735364,-0.49235567,-1.6341299;-0.7325322,-0.061580427,-0.28473082;1.6765149,-0.48590168,1.3489733;0.27912223,-0.64647734,-0.6853545;0.285221,-0.05588987,0.43923998;1.9680648,-0.6370461,1.5599614;-0.003393942,0.85599256,-1.2665716;0.050986707,0.43565473,-0.10357742;0.28657934,1.4101415,0.38951012;0.77440333,-0.04641425,0.3346214;1.6023378,-0.79231864,1.3931754;-0.27561393,-0.61151636,1.3771353;1.3211621,-0.8782347,1.0813469;-0.850239,1.7088313,-0.10811756;1.5066066,-0.41379625,0.47319514;0.33252397,-0.45594898,0.037572775;0.03125632,1.0237485,-1.5804638;0.5037537,0.9103107,0.4563964;-1.4194586,1.513565,0.19071217;1.3784269,-0.16505255,0.8923348;2.1262295,-0.93344283,1.860621;-1.4939945,-0.33404198,-1.0581006;0.7124816,-0.74779326,0.05385998;-1.5021728,-0.44500682,-0.8098652;-0.2485331,1.9403589,0.21184887;0.34550664,0.07688428,-0.82736546;-0.33181432,-1.5000937,-1.3950655;0.4331619,0.52407813,-1.1655418;1.2032909,-0.72278273,0.11873275;-0.43007356,1.3161969,-1.5062363;-0.78429013,0.81998825,0.7451093;-1.1254857,-1.7168642,-1.731329;-0.41268015,1.5936457,-1.8656237;1.2359213,-0.2779195,-0.038940046;-0.66824263,1.630955,0.14121836;-0.11525503,-0.62143856,-0.8824859;-0.61676663,-1.8695103,-1.7439653;1.7459773,-0.7420681,0.8000223;2.3180904,-0.8411516,2.155427;-1.5799853,-0.1489624,-1.0843871;0.08866292,-0.33759677,0.19036978;-0.99963945,1.0434412,0.060627185;1.0172594,-0.30647177,0.66578114;-0.38256493,1.5358015,-1.8945786;1.7832584,-0.23947781,1.2235184;0.35345015,1.0578953,0.3997973;-1.5088747,1.8738948,-0.3103785;0.37700891,-0.49851054,-0.2659621;0.10089167,0.49908426,-0.84742606;2.0397906,-0.5551997,1.7120546;1.163117,-1.0763425,0.7108023;-1.0322903,-1.7820214,-1.7169094;-0.6677512,-1.8303169,-1.6242067;-0.08215076,-0.49355116,-0.15492912;-1.0263103,-0.256268,-0.45104566;-1.2353959,1.5198263,-0.24141364;-0.6700449,-1.8992053,-1.6873506;-0.7796713,0.8135996,0.7462582;-0.0013845621,1.8577777,0.23275942;-0.09098844,0.35678172,-0.042027738;0.9729291,-0.110027365,0.019983934;-0.15251838,-1.5011233,-1.3720798;-1.2081507,1.1551257,0.48988757;-0.30765846,0.40341997,0.32260692;-0.90567714,2.1126647,-0.262277;1.7494313,-0.29347214,1.5831448;-0.035372894,-0.8410629,-0.84432447;0.29998302,-0.042466264,0.36224088;0.019781997,0.8053472,-1.0466383;0.36775786,-0.70367044,-0.7557234;0.2882969,0.24984616,-1.2585298;-0.58109003,-0.25811276,1.0954545;1.5893124,-0.4363191,0.74588877;0.7611132,-0.13759917,0.22642428;0.18027836,1.6537758,0.30731997;0.9268794,-0.41257045,0.68131727;-1.1362252,1.0678917,0.48972994;0.015126129,1.0536776,-1.5971541;-0.37971237,1.4975029,-1.8603824;0.33925253,-0.60950184,-0.68367666;-0.14032267,-0.49271792,-0.4565064;-1.0770162,-1.7568091,-1.7215595;1.2302122,-1.1720567,0.6412331;-0.3148688,0.28877786,-0.32349697;1.8563365,-0.48915625,1.0165559;0.212408,0.64120644,-1.4211575;-1.1315414,-0.34172705,0.9776695;0.40853745,0.45583147,-1.1460238;-1.1818113,1.1083286,0.43277344;-0.33763072,0.8621497,-0.053530797;-1.0423146,-0.10441008,-0.4286008;-0.111445494,1.668864,0.07899211;1.9665829,-0.58661187,1.8244228;-0.92834413,0.8639828,0.5836817;-0.6151759,-0.4586326,1.1575572;1.3911645,-0.9970359,0.5158053;-1.0231845,-1.7889407,-1.691024;-1.3099232,1.8486521,-0.3497052;-0.47200173,1.5895523,0.19721635;2.2534008,-0.77236927,2.034323;-0.18921712,0.99295616,-1.3564198;-0.5335785,1.4464377,0.05453452;-1.0249113,-0.23180662,0.97520876;2.2396655,-0.8800236,1.8770521;1.3874362,-1.5359751,0.5470833;-0.98058,1.1580498,-0.06750283;-0.6624947,-0.10414136,-0.2955295;2.1792023,-0.67047477,1.9583429;0.103422955,-0.4921889,0.044910993;-0.3714507,0.6747729,0.7524691;-0.7520015,-0.17223227,0.98266083;1.275911,-0.263669,-0.053211275;-0.9149692,-0.24758732,0.97701395;-0.30282134,1.9849371,-0.021118239;1.365585,-0.16324943,0.863015;1.7438563,-0.42589593,1.6969931;-1.5287046,-0.32887784,-1.1110448;-0.4056762,1.4328377,-1.8984334;0.90003616,-0.7127987,0.024183044;1.5379006,-0.5338726,0.67144454;-0.2577863,1.9553953,0.26607254;-0.6320845,-0.38475358,1.0842935;0.4832657,0.9485779,0.45275766;0.221053,0.1765276,0.1589999;0.47755283,0.36232007,-1.076862;1.2037102,-0.32337832,-0.010581803;-0.8211149,1.8722059,-0.14500251;1.7983706,-0.18432508,1.2138784;-0.8870615,0.88420093,-0.031622488;2.1107743,-0.88291043,2.0189683;1.0916032,-0.9697646,0.56634593;-1.2610842,-1.5613077,-1.7581949;1.696326,-0.5209435,1.2221612;2.1417391,-0.81512004,1.7593359;0.90344816,0.0016300825,0.37750995;-0.7618704,-1.8710229,-1.3998878;-0.95980793,2.024441,-0.23272507;0.7892811,0.10470476,0.32077128;2.157964,-0.7533745,2.149124;-0.6776673,1.3606622,-0.021425825;2.021497,-0.6857999,1.6337531;-1.4420713,1.8397559,-0.2891693;0.7985729,-0.48503166,-0.44814906;-0.89693975,1.9847703,-0.14675562;1.8198626,-0.8435081,1.5226647;-1.0126421,1.9838626,-0.2447317;-0.32116973,-1.6383072,-1.3970206;-0.33159,-0.68898815,1.2622536;1.9554651,-0.7848804,1.572633;-0.92354256,0.6526424,0.5323888;-0.0098445,0.18226579,-0.2106991;-0.5983898,-1.7692268,-1.5564479;0.83980787,-0.46556863,0.3298483;0.6825137,-0.28337786,-0.119528085;-0.43984026,0.69857687,0.7640122;0.30793634,0.16249618,0.26992142;-0.054397464,1.5931094,0.24883202;0.15528558,1.5472217,0.42722967;-1.1542815,-0.1936488,-0.36535776;0.043232054,-0.71515864,-0.7030225;-0.06459225,0.38933945,-0.10583763;-0.63254255,-1.7061456,-1.5563388;1.3006934,-1.0475383,0.45626116;-0.03436192,1.0286623,-1.6032915;-0.98814857,0.9830911,0.67222524;1.5623268,-0.81788045,0.6908626;-0.2899449,2.0634437,0.03217669;1.2808479,-0.23049816,-0.11398944;-0.25901204,-0.54747385,1.3542378;1.8023142,-0.608641,0.7189408;-1.662368,-0.5919062,-1.5755289;-0.38577127,-1.7842625,-1.5205392;0.054926198,0.62986505,-1.5512378;1.9507213,-0.8512016,1.5285956;0.042332903,-0.54214704,-0.06359412;0.29425874,-0.6462273,1.4707648;-0.109612964,1.1509714,-1.6278236;1.7396168,-0.56573015,0.6634709;1.7435509,-0.66420305,0.7241169;-0.260421,0.77968735,0.10272067;0.8585482,-0.5183954,0.6790681;-0.47521803,-1.6877935,-1.5063231;0.073837996,-0.58508694,-0.5307151;1.102056,-0.6512548,0.13817087;-1.9405085,-0.37155247,-1.7444609;1.856813,-0.74891746,1.7414404;-1.241027,-0.34742236,1.0960504;-0.108655795,-0.36996582,1.3179115;1.8156737,-0.6492491,1.0604862;-0.18564697,0.3149188,-0.30997622;2.1673195,-0.7057827,2.1797748;-1.1092385,-0.33056203,0.99823076;-0.66236717,0.78535837,0.7720587;1.5629722,-0.40291104,0.46778923;0.44877723,-0.64465714,1.6220347;-0.91545266,-0.21484374,0.89143986;0.27954665,-0.60430694,1.5805541;-0.28534088,0.39947686,0.32326758;-0.6794695,-0.51516634,1.2329943;-1.1826408,-0.16860774,-0.56833047;0.4048452,1.0142874,0.4224581;0.013924928,0.8810287,-1.2597135;0.68398744,-0.6177224,-0.5305359;0.34615833,1.240049,0.4115196;-0.040611543,-0.24177513,-0.049172245;-1.5835527,1.9343113,-0.3798189;-1.1275085,-1.7117087,-1.7333919;0.18267156,-0.6783069,1.5202161;1.6584383,-0.9147209,1.4348365;0.04660682,-0.4935765,-0.683815;-0.6097067,0.75706184,0.7833003;-0.72771996,-0.25394142,1.0729038;-0.99023056,-1.7953547,-1.6796094;-1.4532285,1.5735234,0.14373702;1.7085502,-0.3517566,1.5339694;1.1202282,-0.3802226,0.71916205;-0.9759153,-1.8192034,-1.6874142;0.66212296,-0.6385976,-0.2608142;-0.39280483,-0.1584965,-0.25700358;1.1224014,-0.7442111,0.8157004;-0.3183842,0.89663494,0.12748885;-0.34041405,-0.58981144,1.4068347;-1.096083,1.2592248,-0.21700849;0.5195458,-0.18906195,0.29690376;1.8379822,-0.6613262,1.6781375;0.8804801,-0.5228294,0.47602698;-0.77148485,-0.62793064,1.1496692;0.09815053,-0.6568505,1.5638881;-0.8697999,0.8607583,0.7522006;1.5451325,-0.28696695,1.2180183;2.0210562,-0.7765962,1.5817304;-0.20686145,-0.9015714,-1.0188191;0.1972786,1.5821488,0.34131518;-0.64004296,-1.7671769,-1.4272407;-0.855851,0.64627445,0.29504707;-0.1419883,0.463098,0.0042134793;-0.41258013,2.1161504,-0.058408953;1.1514945,-1.1022223,0.68047196;-1.4499704,1.6211284,0.07776555;0.36316794,-0.5540377,0.054251023;0.6315393,-0.22651543,0.78955513;-0.47515976,1.696974,-1.9794033;0.82794493,0.049188547,0.0946736;-0.3470402,-1.7323499,-1.3659616;1.5352236,-0.8426668,1.2195982;-0.027727079,-0.5729931,-0.34366426;-0.85919285,-1.8200184,-1.7231566;-1.7568308,-0.47930336,-1.5977609;1.0502924,-0.6604958,0.39797556;-0.0037897176,0.16671696,-0.31068406;1.4453684,-0.092899725,1.2368677;-1.0338506,-0.23898186,0.9332917;-1.0509154,-0.2875964,1.0775195;1.3649403,-0.14372115,0.90142566;2.2548182,-0.8904522,1.8699138;-1.2904258,-1.5260168,-1.7629398;-1.3513513,-0.19819501,-0.7904298;-1.4748018,1.638487,0.07766451;0.033684444,-1.1678516,-0.97927195;0.7826351,-0.42773372,0.030215196;-0.44941866,-0.19264117,0.7019321;0.38831678,0.18832624,-0.77818525;-1.5207798,1.8991406,-0.34713894;-1.0100081,1.2866782,-0.19889665;-1.4847784,-0.29021165,-0.85695267;-0.56371266,-0.46085268,0.8685042;0.42771173,0.4077465,-0.9397504;0.22352907,1.222349,0.27159098;-1.1495309,-0.17896245,-0.42714632;0.57823503,0.7595159,0.46227068;0.15410987,0.69652396,-1.3583188;-0.48657855,1.3306302,0.06531253;0.3065071,0.5004714,-0.36273375;1.4123328,-0.88800114,0.985046;0.048342,1.6944057,0.26046345;-1.2469866,-0.25267103,-0.38872337;-1.3423501,1.3526678,0.37327063;0.7033263,-0.43792012,-0.38053945;1.1562493,-0.52010334,0.8117981;1.9401766,-0.5862123,1.7526484;0.7198583,-0.3654997,1.0400453;-0.715268,-0.6252737,1.1783477;-0.06171983,1.4707247,0.28174347;0.25420076,1.2764959,0.32729927;0.06547587,-0.34197748,-0.07923393;-1.0312085,1.2152836,-0.14825983;-0.35639048,2.1024816,-0.018748928;0.36319527,0.5513574,-1.2572054;-0.14709255,0.9450547,-1.2928652;0.772128,-0.064671434,-0.3730984;-0.8628728,0.1260941,0.019184586;-1.5548601,1.9049504,-0.33570203;-1.7234663,-0.2333533,-1.4195248;1.1825616,-0.99233854,0.7529869;1.1364015,-0.7837783,0.79476804;1.77827,-0.35159463,1.6520134;-0.5099607,1.5565447,0.10570873;-0.9016922,-0.08844593,-0.41575095;0.07540364,-0.5483487,-0.66867024;-0.024109362,-0.5069744,-0.07431319;0.21053104,-0.63021433,1.5316108;-1.3443471,1.3272116,0.33060738;1.6728245,-0.64892346,0.5818441;2.024156,-0.7686703,1.7776288;0.46565285,-0.17095426,0.2636151;-0.03766829,-0.7730968,-0.7360379;-0.14112188,-0.807889,-0.93224454;0.48835155,0.45171985,-1.1135802;0.5861962,0.22775741,-0.3955232;-0.5516167,0.73721594,0.7684008;0.89926785,-0.008079165,0.35040274;0.021217423,0.88258886,-1.4737382;-1.291872,-0.3023706,-0.8330157;-0.014957033,0.67454493,-1.5238732;-0.8758479,0.76185125,0.6262115;1.2904121,-0.24285765,0.08896141;-0.4618848,-0.18249048,0.8382302;-0.33480853,0.97392225,0.10245565;1.998866,-0.8188322,1.5230802;1.9502583,-0.8876775,1.5336019;-0.92234075,0.75147015,0.71436;-0.96618575,-0.17234209,-0.48810196;0.39878163,0.36915058,-0.7159893;2.3268204,-0.8543818,2.0524251;-0.92393035,1.4713345,-0.10750908;0.44895643,-0.76481575,-0.38106787;-0.05073359,-0.8688346,-0.8792606;1.3003043,-1.1257144,0.5960261;-0.32822675,0.93119586,0.12221896;-0.11747567,0.86532116,-1.5772566;-0.45448095,1.6597066,-1.955566;-0.4597791,-1.646357,-1.5437253;-1.8174345,-0.35585093,-1.6109184;-0.22192377,-1.6189725,-1.249407;-0.47450778,0.47817838,-0.08905109;-0.23871727,-0.7977475,-0.97425646;-1.7217033,-0.40981054,-1.3598746;-0.93474823,0.8388435,0.08059345;-0.38688794,1.1334074,0.09761324;-0.2917298,1.2241743,-1.6630293;0.72029364,-0.060584728,-0.44847935
