data_set
babi-q1
num_classes
6
data_points
1000
model
saved_models/babi-q1-e0119.ckpt
color_schema
#4E79A7,#F28E2B,#E15759,#76B7B2,#59A14F,#EDC948,#B07AA1,#FF9DA7,#9C755F,#BAB0AC
test_accuracy
0.841
test_loss
0.4559789774417877
train_accuracy
0.916125
train_loss
0.23155340058356524
val_accuracy
0.8615
val_loss
0.37539922547340393
labels
12,9,15,12,15,12,11,12,17,17,15,11,17,10,10,15,11,15,17,15,12,17,17,12,10,10,10,15,15,15,12,17,15,15,9,17,9,11,15,10,9,11,9,12,11,15,12,9,17,10,10,17,11,11,15,10,15,12,11,12,12,17,9,11,11,15,15,9,17,17,11,12,11,10,9,15,15,15,12,17,11,9,10,11,17,11,11,12,15,15,9,9,12,9,9,15,15,15,10,10,10,9,17,11,11,12,10,9,17,10,9,9,15,12,15,11,17,15,9,17,10,9,10,12,10,17,11,11,11,9,11,12,9,11,15,9,17,15,9,9,17,12,12,17,10,15,15,15,15,15,11,11,9,17,10,9,11,10,17,12,10,10,10,11,9,11,11,11,15,10,17,17,11,9,9,17,15,10,17,17,12,12,12,12,10,9,17,11,15,17,12,15,11,12,12,11,17,15,9,10,12,17,17,10,12,9,15,12,9,12,9,10,12,10,9,10,9,12,12,9,9,12,15,12,10,17,12,11,9,9,17,11,12,17,12,10,10,10,10,17,12,15,11,11,15,15,11,11,11,11,10,17,9,9,10,10,17,17,15,11,11,17,12,17,17,9,11,10,9,10,15,17,17,15,9,17,15,12,17,9,9,11,17,17,11,17,9,17,11,9,15,15,10,15,15,11,11,12,12,9,9,9,9,17,12,11,9,17,17,15,11,11,17,10,11,17,10,17,17,11,11,15,15,11,11,9,10,11,11,10,15,17,15,10,10,17,12,17,12,12,12,11,17,15,11,17,12,12,15,15,10,11,11,10,10,9,17,12,11,12,11,9,11,11,11,11,11,12,12,12,12,12,11,11,17,10,15,9,9,10,9,10,10,17,17,15,17,17,17,15,15,12,9,10,17,17,10,17,9,11,10,11,10,15,17,15,12,10,11,15,10,11,9,12,17,10,10,15,12,9,12,12,9,12,10,15,15,17,10,10,17,15,15,15,17,11,15,9,10,11,10,12,9,11,10,11,10,12,11,15,15,15,15,11,9,15,10,12,11,12,9,11,10,17,11,11,10,10,10,17,12,17,17,9,15,11,9,15,11,9,10,10,12,12,11,10,9,12,10,9,15,10,10,11,11,15,15,10,12,12,15,11,9,12,9,15,10,17,17,10,10,17,10,10,17,9,9,10,12,11,17,17,12,12,11,12,17,11,11,12,11,11,11,17,9,11,10,12,12,10,11,17,12,12,15,11,15,15,12,10,10,9,17,10,15,12,15,10,10,10,11,10,11,15,10,9,9,15,10,10,10,10,15,15,17,9,10,12,10,10,12,12,11,15,10,10,11,12,10,10,17,12,17,11,9,9,17,17,11,10,10,10,15,15,17,11,15,12,11,10,15,17,9,11,9,17,15,12,15,17,11,17,17,15,9,10,9,9,10,10,9,10,10,15,11,11,11,15,12,9,11,11,10,17,11,11,12,17,15,15,9,11,15,15,11,9,15,15,11,15,15,15,11,10,10,9,17,17,17,17,10,10,17,9,15,9,17,12,12,12,15,15,15,17,9,11,9,17,9,12,11,9,9,17,11,11,11,10,15,10,12,12,9,9,17,12,12,9,17,12,11,11,15,15,12,11,12,17,12,17,11,12,11,17,17,11,17,9,11,9,10,10,12,17,10,12,9,9,9,15,11,11,15,17,9,10,9,12,17,15,17,17,12,10,12,11,11,17,15,9,17,10,9,11,12,15,9,15,12,10,9,10,17,17,15,15,9,9,9,17,10,17,17,9,12,17,17,12,12,11,11,11,11,17,11,17,17,17,17,17,12,9,17,10,17,11,10,10,12,12,11,11,17,12,12,17,17,15,11,17,11,11,9,12,9,17,9,10,9,15,11,9,11,15,10,9,9,9,17,12,11,11,17,15,15,10,10,11,11,17,10,12,9,10,10,10,10,10,15,17,9,11,17,15,12,11,10,10,15,12,10,11,12,12,11,11,11,15,12,17,10,12,17,17,12,10,10,12,17,10,11,17,11,12,17,17,11,12,11,17,9,9,11,17,11,11,15,15,17,17,10,10,17,12,11,15,12,11,11,10,9,12,12,15,10,9,17,15,17,9,17,17,10,17,15,12,12,11,10,10,10,17,17,15,12,17,9,9,15,10,12,15,15,15,17,17,15,11,15,10,12,9,9,10,11,11,9,9,12,15,9,15,9,12,12,10,17,17,10,12,15,9,10,17,11,11,11,17,9,9,11,15,11,11,11,15,12,17,9,10
pred_labels
12,9,15,12,15,12,11,12,17,12,15,11,15,10,11,15,11,15,15,12,12,17,17,9,11,10,10,15,15,15,12,17,15,15,9,17,9,11,15,11,9,11,11,15,11,15,12,9,17,10,10,17,11,15,11,10,15,12,17,12,12,17,9,11,12,15,15,9,17,15,11,12,11,10,9,15,11,15,15,17,11,9,10,15,17,11,11,12,15,15,9,9,12,9,9,15,15,15,10,10,10,9,17,11,11,12,10,9,17,10,9,17,15,12,17,11,15,9,15,17,10,9,10,12,10,17,11,15,11,9,11,10,9,11,15,9,17,15,9,9,17,12,12,17,10,15,15,15,15,11,11,11,9,17,10,9,11,10,17,12,10,12,10,11,9,11,11,15,15,10,17,17,12,9,9,17,15,10,17,17,12,17,12,12,10,9,17,11,15,17,12,15,11,12,11,11,15,11,9,10,12,17,12,10,12,9,15,12,9,9,9,10,12,10,11,10,9,12,12,12,9,17,15,17,10,17,17,11,9,9,17,11,12,17,17,10,10,9,10,17,12,15,11,15,15,15,11,11,9,11,10,10,9,15,10,10,17,10,15,11,11,17,12,17,17,9,11,10,9,10,15,17,17,15,15,17,15,12,17,9,9,11,17,12,11,17,9,9,11,9,15,15,10,15,15,11,11,12,12,9,9,9,12,17,17,11,9,17,9,15,11,11,17,10,12,17,10,17,15,11,11,15,15,11,17,9,10,11,15,10,15,17,17,10,15,17,12,9,12,10,12,11,17,15,11,17,17,12,12,15,10,11,11,10,10,9,17,12,11,12,11,9,11,11,11,11,11,12,12,17,12,12,11,11,17,10,15,9,11,10,9,10,12,17,17,15,17,17,17,15,15,12,9,10,17,17,10,17,9,11,10,11,10,15,17,15,15,17,17,15,10,11,9,12,17,10,10,15,12,9,12,11,9,10,10,15,15,17,10,10,17,15,15,10,17,11,15,9,10,11,10,12,12,11,10,11,10,12,11,15,15,15,15,11,9,15,10,12,11,12,9,11,10,17,11,11,10,11,10,17,12,17,9,17,15,11,9,15,11,9,10,15,12,12,11,10,9,12,10,9,15,10,10,10,10,15,17,10,12,15,15,11,9,12,9,15,10,17,17,10,10,17,10,17,15,9,9,10,12,11,17,17,12,12,11,12,17,11,17,12,11,11,11,12,9,11,10,12,12,10,11,17,12,12,15,11,15,15,12,10,10,9,17,10,15,12,15,10,10,9,11,10,11,15,10,9,9,15,10,15,10,11,15,15,17,9,10,12,10,10,12,12,11,15,10,10,11,12,10,10,17,12,17,11,9,9,17,12,12,10,10,10,15,15,17,11,15,12,12,10,15,15,15,11,9,17,15,12,11,17,11,17,10,15,9,10,9,9,10,10,9,10,15,15,15,11,11,15,17,9,11,10,10,17,11,11,12,17,15,11,9,11,15,15,11,9,15,15,11,15,15,12,11,10,12,9,17,17,17,11,10,10,17,9,15,9,17,12,17,10,15,15,15,17,11,11,9,15,9,12,11,9,9,17,11,11,9,9,15,10,12,12,9,17,17,12,11,9,12,11,11,11,15,15,12,11,12,17,17,17,11,12,10,17,17,11,17,9,11,9,10,12,12,17,12,12,9,9,15,15,11,11,15,9,9,10,9,12,17,15,17,12,12,10,10,11,11,17,9,9,17,10,9,11,12,15,9,15,12,10,9,10,17,17,12,15,9,15,9,17,10,17,17,9,9,17,17,12,12,11,11,11,9,17,11,17,17,9,17,9,12,9,17,10,17,11,10,10,12,17,11,15,12,12,12,17,17,15,11,17,11,11,9,12,10,17,9,10,9,15,11,9,9,15,10,9,9,9,17,12,11,11,15,15,15,10,10,11,12,9,10,12,9,10,10,10,10,10,15,17,9,11,17,15,12,11,10,15,11,12,10,11,12,12,12,11,11,15,15,17,10,12,15,15,12,10,10,12,12,9,11,17,11,17,17,17,11,12,15,17,9,17,11,11,15,11,15,15,11,17,10,10,17,9,11,15,12,11,11,10,9,12,12,15,10,9,17,15,17,9,17,17,10,17,15,12,12,12,10,10,10,17,17,15,12,17,9,9,15,10,12,15,15,15,17,17,15,11,15,10,12,9,9,10,11,11,9,9,12,17,9,15,9,12,9,10,17,9,10,12,15,9,9,17,11,11,15,17,9,9,11,15,11,17,11,15,12,17,9,9
pred_correctness
True,True,True,True,True,True,True,True,True,False,True,True,False,True,False,True,True,True,False,False,True,True,True,False,False,True,True,True,True,True,True,True,True,True,True,True,True,True,True,False,True,True,False,False,True,True,True,True,True,True,True,True,True,False,False,True,True,True,False,True,True,True,True,True,False,True,True,True,True,False,True,True,True,True,True,True,False,True,False,True,True,True,True,False,True,True,True,True,True,True,True,True,True,True,True,True,True,True,True,True,True,True,True,True,True,True,True,True,True,True,True,False,True,True,False,True,False,False,False,True,True,True,True,True,True,True,True,False,True,True,True,False,True,True,True,True,True,True,True,True,True,True,True,True,True,True,True,True,True,False,True,True,True,True,True,True,True,True,True,True,True,False,True,True,True,True,True,False,True,True,True,True,False,True,True,True,True,True,True,True,True,False,True,True,True,True,True,True,True,True,True,True,True,True,False,True,False,False,True,True,True,True,False,True,True,True,True,True,True,False,True,True,True,True,False,True,True,True,True,False,True,False,True,False,True,True,False,True,True,True,True,True,True,True,False,True,True,False,True,True,True,True,True,False,True,True,True,True,False,True,True,False,True,False,True,True,True,False,True,True,True,True,True,True,True,True,True,True,True,True,True,True,True,True,False,True,True,True,True,True,True,True,True,False,True,True,True,False,True,True,True,True,True,True,True,True,True,True,True,True,True,True,False,True,False,True,True,True,False,True,True,True,True,True,False,True,True,True,False,True,True,True,True,True,False,True,True,True,False,True,True,True,False,True,False,True,True,False,True,False,True,True,True,True,True,True,False,True,False,True,True,True,True,True,True,True,True,True,True,True,True,True,True,True,True,True,True,True,True,False,True,True,True,True,True,True,True,True,False,True,True,True,False,True,True,True,True,True,True,True,True,True,True,True,True,True,True,True,True,True,True,True,True,True,True,True,False,False,False,True,True,True,True,True,True,True,True,True,True,True,True,False,True,False,True,True,True,True,True,True,True,True,True,False,True,True,True,True,True,True,True,True,False,True,True,True,True,True,True,True,True,True,True,True,True,True,True,True,True,True,True,True,True,True,True,True,True,False,True,True,True,True,False,False,True,True,True,True,True,True,True,False,True,True,True,True,True,True,True,True,True,True,True,False,False,True,False,True,True,False,True,True,True,True,True,True,True,True,True,True,True,True,True,False,False,True,True,True,True,True,True,True,True,True,True,True,True,True,False,True,True,True,True,False,True,True,True,True,True,True,True,True,True,True,True,True,True,True,True,True,True,True,True,True,True,True,True,True,True,False,True,True,True,True,True,True,True,True,True,False,True,False,True,True,True,True,True,True,True,True,True,True,True,True,True,True,True,True,True,True,True,True,True,True,True,True,True,False,False,True,True,True,True,True,True,True,True,True,False,True,True,False,False,True,True,True,True,True,False,True,True,True,False,True,True,True,True,True,True,True,True,True,False,True,False,True,True,True,False,True,True,False,True,True,True,True,True,True,True,False,True,True,True,True,True,True,True,True,True,True,True,False,True,True,False,True,True,True,True,False,True,True,True,True,True,True,True,True,False,False,True,True,True,True,False,True,True,False,True,True,True,True,True,True,True,True,False,False,True,True,True,True,True,False,True,True,False,True,False,False,True,True,True,True,True,True,True,True,False,True,True,True,False,True,True,True,True,True,True,True,True,False,True,True,False,True,True,True,False,True,True,True,True,False,True,True,True,True,True,True,True,False,True,True,False,True,True,True,False,True,True,True,True,True,True,True,True,True,True,True,True,True,True,True,False,True,True,False,True,True,True,True,True,True,False,True,True,True,True,True,True,True,False,True,True,True,True,False,True,False,True,True,True,True,True,True,True,True,True,False,True,False,False,True,True,True,True,True,True,True,True,True,True,True,False,True,True,True,True,True,True,True,False,True,True,True,True,True,True,True,True,True,False,True,True,True,True,True,False,False,True,True,True,True,True,True,True,True,True,True,True,True,True,True,True,True,True,False,False,True,True,True,True,True,False,True,True,True,False,True,True,True,False,False,True,True,True,True,False,False,True,True,True,False,True,True,True,True,False,True,True,False,True,False,False,True,True,True,False,True,True,True,True,False,True,True,True,True,True,True,True,True,True,True,True,True,True,True,True,True,True,True,True,True,True,True,True,False,True,True,True,True,True,True,True,True,True,True,True,True,True,True,True,True,True,True,True,True,True,True,True,True,True,True,True,True,True,True,True,False,True,True,True,True,False,True,True,False,True,True,True,True,False,True,True,True,False,True,True,True,True,True,True,False,True,True,True,True,True,False
p2d-kl
0.5143425464630127
p2d-iter
599
p2d
2.02834,-0.75916463;-1.0072179,0.5540025;1.0849912,0.31170353;1.4873637,-0.75037557;1.6978724,0.7448057;1.8363985,-0.6877188;0.32157513,1.3175137;1.073093,-0.38626045;-0.3585572,-0.13452087;-0.7419174,-0.062863074;1.4521902,0.5546365;0.17892155,0.9387394;0.25970542,-0.03964404;-0.48719996,-1.4311572;-0.98320436,-0.01074;1.1526355,0.36564693;0.29591602,1.1703917;1.4438818,0.5954314;-0.9503914,0.071365945;-0.28432354,-0.090505935;1.7559106,-0.6585119;0.8271665,-1.2563429;-0.035102423,-0.25259092;-1.5184641,0.22522473;-1.351541,0.09499652;-0.6109944,-1.845605;-0.6455431,-1.8537377;1.2824482,0.53962594;0.5855275,-0.29187867;-1.1916986,0.23960224;1.4447758,-0.6579288;0.98537064,-1.3545564;1.7386156,0.73168236;1.4317,0.49235922;-0.856745,1.6251152;0.5630525,-1.1915882;-0.9978803,1.6268648;-0.09005569,0.6496321;0.31047297,-0.10382535;0.16955426,-0.044794537;-0.87140816,2.2448287;-0.5306574,0.48611912;-0.99239314,-0.12110438;0.33447233,-0.027266027;0.42396498,1.2037857;0.5766139,0.10439618;-0.4835741,0.07278532;-0.82513463,2.3350627;0.41354758,-0.92676026;-1.0037708,-1.1442109;-0.97586566,-1.2605171;0.506581,-1.1760598;-0.04062509,0.68113315;-0.98099035,0.0582683;-0.47969592,0.2059423;-0.5646294,-1.7893863;0.5325311,0.12523018;1.5924287,-0.62425;1.290138,-0.7722251;1.1826376,-1.038485;1.9960327,-0.763106;0.4543704,-0.9647442;-0.8557761,2.355185;-1.4308408,0.34293354;0.15404147,-0.18823276;1.7668847,0.6849495;-1.1609013,0.12223697;-1.7964443,0.20228983;0.6755594,-1.0792581;0.21751627,-0.14704657;0.36032832,1.4470809;1.4921091,-0.73009974;0.1008666,0.9822063;-1.0446085,-1.1146531;-0.8734025,2.0782926;1.6341377,0.6255911;-0.40397483,0.24193707;1.7288998,0.7398625;0.58886486,-0.2921271;0.6696218,-1.113451;0.40964222,1.3599391;-1.0770214,1.6892724;-0.7885512,-1.725094;0.21780728,-0.090278335;0.70001984,-1.1949955;0.34183705,1.3599839;0.46379095,1.5851724;1.9920583,-0.74584234;1.676606,0.68908584;1.5130944,0.6599837;-0.8763497,2.3283274;-0.950621,1.8032683;1.5289696,-0.47255197;-1.0551016,1.6777251;-1.5980997,0.27429524;1.2582103,0.42997935;0.52614886,0.056802854;1.3830082,0.567915;-0.5038778,-1.3977654;-1.1989429,-0.06805;-0.8470142,-1.761786;-1.0956379,1.607753;0.6348738,-0.7582981;-0.48797107,0.42701358;-1.2454271,0.18401408;1.4169973,-0.524443;-0.9308934,-1.1711107;-1.6979935,0.24667814;0.94944,-0.9399009;-0.8898667,-1.4324099;-0.790796,2.305466;-1.1091403,0.18197942;1.4094671,0.57578856;1.9052035,-0.6702145;0.60908204,-0.29473194;-0.13237926,0.63552713;-0.08856279,-0.1123424;-0.8666417,0.35851774;-1.0475605,0.22470976;-1.2487775,-0.2691751;-0.97097284,-1.221019;-0.9403025,2.0585632;-0.9325132,-0.33536163;1.2987056,-0.8331125;-0.57605267,-1.822238;0.9672486,-1.3253478;0.24204259,1.1133329;-0.06067443,-0.05115671;0.22660297,1.2032055;-0.89624727,1.5632317;0.36808375,1.4132439;-0.4714218,-1.3235173;-1.0179324,1.5113872;-0.42287534,0.36499536;-0.38490582,0.23758812;-0.8677803,2.3521535;0.9987413,-1.0517046;1.4567045,0.52231115;-0.9739276,0.62479323;-1.1833842,0.29336092;0.78651035,-1.253566;1.6965731,-0.79576147;-0.75275666,-0.08705027;0.58189934,-0.39083448;-1.0905998,-0.93149096;1.589644,0.6194465;-0.5249633,-0.28959042;1.3221452,0.5817386;1.4044633,0.54585516;0.40597174,0.02132937;0.007549953,0.92386883;0.42585343,1.0891206;-0.7325708,0.45641664;0.5914248,-0.5345567;-0.90035224,-1.3127664;-0.9935135,1.8506262;-0.57209694,0.40963876;-0.7195311,-0.39724666;0.30932,-0.902287;1.3686701,-0.46790653;-0.57486576,-1.5986154;-0.3560692,-0.2986488;-0.9654071,-1.1923163;0.071770884,0.8053564;-0.853242,0.5482733;0.3724304,1.3324835;0.12327267,-0.053344257;0.38849065,-0.0302165;0.44619006,0.07844157;-0.7801485,-1.6456146;0.58229446,-1.1028707;-0.18123356,-0.123923555;0.00030251575,-0.06367616;-0.9640785,1.7550447;-1.6377767,0.26942888;0.7002069,-1.2432262;1.3666695,0.4710954;-0.77462953,-1.5334694;0.2310079,-0.8762848;-0.40296274,-0.12610957;1.5774665,-0.58654064;0.12434245,-0.23410098;1.2545378,-0.48450223;1.6360878,-0.6175713;-0.6730323,-1.5348593;-0.88836396,2.2953248;1.192488,-1.2330966;-0.08517075,0.6772888;1.1612512,0.48384413;1.1581893,-1.2309246;1.8435653,-0.737785;1.6492904,0.70879143;0.55270875,1.372762;1.981765,-0.80671394;-0.98186797,-0.09815445;0.46690124,1.4275995;-0.88303244,0.053803053;0.3410704,-0.16353649;-0.97586614,1.5882741;-1.0856031,-0.8763054;1.4631555,-0.65456617;0.4506369,-1.0506548;0.042487647,-0.20378238;-1.0238413,-0.98778486;0.8137541,-0.473683;-0.9013431,2.23038;0.9255977,0.28166485;2.0395634,-0.8101739;-1.7063091,0.17580056;-1.4397377,0.13112666;-1.0234092,1.6880901;-1.0172148,-1.1386052;1.5827425,-0.8438418;-1.6227176,0.06256573;-1.2837843,0.09039179;-0.498434,-1.585502;-1.0544051,1.5512781;1.7904426,-0.6533109;2.0770175,-0.7756256;-1.4486,0.123859815;-1.0060028,1.6746447;0.6927167,-0.7042514;1.3102913,0.4364188;0.18682598,-0.23652911;-0.8746377,-1.4169419;0.40185794,-0.998659;-0.6681247,-0.13876429;0.22908767,1.1520222;-0.9817596,2.0618532;-0.8063095,0.40492642;0.30171534,-0.90121615;-1.4370883,0.29176557;1.4163412,-0.7774868;0.7215992,-1.1136738;-0.68438584,-0.16731958;-0.88656944,-1.5603662;-0.29573643,-0.507415;-1.8611821,0.22895484;-1.0433712,-1.1923467;-0.56691754,-0.2756572;1.295838,-0.45512328;1.6534902,0.6879169;0.47201815,1.3179386;-0.99758345,0.012422838;1.0829229,0.34346405;1.6544628,0.62673444;0.557332,1.5099543;-0.3616506,0.3256694;-0.7592512,0.46704403;0.034094233,0.6470519;-1.0249773,-1.0909096;-0.7262326,-0.35736832;-0.8626562,1.6787575;-1.8491609,0.29879618;-0.8391389,-1.565916;-0.92045003,-1.4123348;0.52066594,-1.1902217;-1.0467256,-0.19279975;0.7781737,0.2001094;0.3914752,1.4736534;0.5455122,1.5854907;0.3265859,-0.92045635;1.4873667,-0.5713246;0.45543808,-1.0132006;0.030392604,-0.2492407;-1.020305,1.7080162;0.3980659,1.0621239;-0.72259086,-1.8527803;-0.8019884,0.4930897;-1.1192105,-1.0255471;1.4905447,0.59313536;0.66822314,-0.752565;-0.04230583,-0.17112288;1.2756482,0.42102584;-0.57942635,0.22026493;0.5369006,-0.8488151;-0.997724,0.2837701;2.0523646,-0.8213498;1.1165273,-1.073988;-0.91804606,1.9963715;-0.87240964,2.240207;0.030898111,0.9662911;0.16399585,-0.84490633;-0.637151,-0.017467665;0.5541753,1.379941;0.5471357,-1.1677393;-1.0388355,0.5999433;-1.8306859,0.20073508;0.30677003,1.142238;-1.0659268,1.6472735;1.7446867,0.67106384;-0.49440196,0.15589842;-0.9487507,-1.3033488;1.3765804,0.594002;1.5589786,0.67235863;0.09949875,0.8454297;-0.7421914,0.17620218;-1.0762812,0.07852777;1.7173764,-0.8115348;-1.0413697,1.5440657;-0.92979103,2.253357;-1.8365408,0.32337105;-0.46891192,0.02623168;0.8664582,-1.2539914;0.5016615,-0.37741327;-0.34408578,0.57904255;-0.8484956,1.9697378;0.55170304,-0.62235606;-1.8461841,0.22857177;0.82607526,0.2783775;-0.0039803404,0.8969082;-0.5545152,-0.3627253;-1.3082156,-0.04784543;-0.6925093,-1.5181558;-1.0470449,-0.11359107;0.7481617,-1.2471387;-1.0446231,-0.99666595;0.59757435,-1.1285051;0.53233004,-0.25981376;-0.0013972874,0.6275595;0.44009838,1.3931106;1.7825692,0.72341764;-0.85412216,0.32988355;0.5282098,1.2765774;-0.42069882,-0.31750172;-0.97917134,2.0164618;-0.60612124,-1.7922206;0.40953827,1.0455805;0.025503453,-0.008842133;-0.6382929,-1.5729418;1.1634744,0.3671847;0.6185772,-1.1771169;0.48511356,-0.29123518;-0.43534327,-1.3356582;-0.22134978,-0.27428418;1.0337216,-1.2196798;1.4046577,-0.5576516;-1.7156277,0.27077812;1.7139454,-0.66654754;-1.8608996,0.15791774;1.9355873,-0.75898015;0.19520608,1.1733471;0.13811511,-0.8380431;1.6774712,0.7335423;0.0663901,0.9618832;0.5392879,-1.1426784;1.1263574,-0.8075789;1.5972104,-0.65541494;-0.8519234,-0.048506856;1.8547822,0.7511083;-0.6531132,-1.8759661;-0.49280596,0.05185876;0.49871615,1.3586311;-0.96382684,-1.406198;-1.1039358,-0.06468961;-1.0089701,1.5863403;0.98975235,-1.3397818;0.68869525,-0.678326;0.38334164,1.3703852;1.5847067,-0.59962213;0.42779997,1.2214074;-0.42138478,0.63869923;-0.32260066,0.55344546;0.057015724,0.02187065;-1.4358191,0.31345958;0.55216783,1.6578457;0.22366405,-0.014147464;1.1188221,-0.3820135;1.8017251,-0.79189324;-0.5531698,-0.010583955;1.4622964,-0.5441709;-0.83020145,-0.17035805;0.06249341,0.8025015;-1.0024881,-0.01756618;0.6648273,-1.2245944;-0.86366904,-1.366898;1.7576236,0.70316005;-0.8906094,1.6625493;-0.96573234,0.36234137;-0.5339536,-1.5270138;-0.89564985,2.2858386;-1.895797,0.19117473;-1.822404,0.17414878;-0.25368306,-0.13589211;0.033793494,-0.27309358;0.57752967,0.13493048;0.7949829,-1.1544949;0.511561,-1.065422;-0.7565606,-0.17700551;1.0165039,0.23248674;1.5927796,0.61814356;1.5506432,-0.6274649;-0.9976311,0.6311081;-1.0625482,-1.0171723;1.0883123,-1.0932188;0.60298866,-1.1264023;-0.6816851,-1.6126395;1.2300228,-1.2384375;-0.97882646,1.7775291;-0.31888556,0.5445582;-0.9193024,-1.4250047;0.56871474,1.6123402;-0.58276373,-1.7308807;1.2068653,0.5142775;0.5376991,-1.049924;0.40518263,0.11874616;0.3941244,-0.12853283;-0.052368056,-0.30239838;-0.5909552,-0.024229584;1.0071435,0.40581095;-0.76825446,-1.8650786;0.028778454,0.94755703;-0.88762975,1.9267154;-0.25633967,-0.17937174;0.4847746,-1.0167495;-1.0785315,-1.0643228;-0.81630015,-0.34781277;0.6691376,0.1510914;0.7717725,-0.45581192;-1.0221328,1.4999473;-0.23788774,-0.058814224;0.3195302,-0.112839445;-0.9182098,2.2087524;-1.0009301,-0.19907583;-0.9773725,-1.3640398;1.0146238,0.36173478;-0.8883786,0.32914644;0.09079961,-0.8211816;-0.7764171,-1.8365223;-0.86391616,-0.29970726;0.9432658,-1.0973425;0.9551273,0.30426648;1.2190285,0.44158882;-0.66996986,-0.38080087;0.9702773,-1.261397;0.41779605,1.4501901;-1.3051065,0.050411403;-0.97630256,0.3902284;-0.96631986,-0.16051543;-0.92562884,-0.06296688;-0.6224936,-1.8323867;1.5700352,-0.8508041;-0.21963742,-0.009237153;-0.39537042,0.51258105;-0.8390166,-1.4794922;-0.3791344,0.44263345;-0.24660234,-0.39634514;1.3832494,-0.45797542;-0.449127,0.38739115;1.8722961,0.75014627;1.590794,0.6464142;-0.8525452,0.24491037;1.8441916,0.7174893;0.23332773,0.9590363;-0.94015783,1.574324;1.3747238,0.5077378;-0.9470971,-1.2833911;2.0196092,-0.80007356;0.08355983,0.9042082;1.7949674,-0.69910663;-0.98387,1.6476971;-1.2996104,0.21386254;-0.71284324,-0.37195548;0.83263266,-1.2961396;0.28022826,1.0808115;0.50380474,1.4580356;-0.7890603,-1.5958117;-1.2724619,0.075906396;-1.0972399,-1.0300913;0.9388445,-1.2420486;2.0872097,-0.8043165;0.93633187,-1.1591934;-0.96007365,0.49566928;0.56056446,-0.5033567;1.7080951,0.6671102;0.19359909,0.9472525;-0.85405344,2.1336617;0.8001136,0.24409403;0.21895505,1.0822374;-0.9259586,1.6918566;-0.59983295,-1.841047;-0.5277958,-0.307208;1.2911832,-0.8360842;0.57684785,-0.50342804;0.3528034,1.0116762;-1.0584571,-1.1233771;-0.8484545,2.0980859;1.1541675,-0.44918638;-0.7378556,-1.5542053;0.5597049,0.90089756;1.6434467,0.63596016;-0.9438821,-1.3594592;-0.7228345,-0.36964938;-0.628327,-0.4323967;-0.29389605,-0.51828635;0.9728885,0.30082282;0.42925084,-0.6969213;-0.8207411,-1.604145;1.1514186,-0.43954557;-0.6139952,0.012822421;1.0451307,0.3799736;-0.3994753,0.33821052;-0.93114483,0.38570207;1.6476537,-0.7923965;-0.83809614,1.8628224;1.6262935,0.6712364;-0.5345349,-1.5823421;0.06682937,-0.818233;-0.114010826,-0.34249398;-0.6766406,-1.4633384;-0.8539716,-1.6683408;0.25764066,-0.89835936;-0.5196285,-1.6178036;-0.18818916,-0.37319332;-0.33643487,-0.298845;-0.8272409,2.3643138;-1.8012632,0.30847958;-0.93088394,-0.26251382;1.0768888,-0.4043416;-0.5398869,0.4676867;0.5102741,-1.1123964;1.0741452,-1.0694461;1.337535,-0.7308942;-0.74869895,-0.03458194;0.20391199,1.0317342;1.8763987,-0.72253054;0.62145615,-1.1714034;0.54267555,1.263527;-0.05307836,-0.10809774;1.3145986,-0.48059455;0.53104156,1.6092188;0.16437683,-0.114079304;0.2680927,1.3021446;-0.7058412,-0.26361656;-0.887129,0.590636;0.45091256,1.4884326;-0.772072,-1.7653313;1.6556339,-0.5474596;-0.4167292,-0.046817377;-0.77189714,-1.7919844;0.49428794,1.4316492;0.97093296,-1.0821453;1.24699,-0.44694653;1.6535058,-0.58201516;1.2927904,0.44874856;0.4104432,1.4307417;0.8943571,0.23659119;-0.80921435,0.12279805;1.3446461,-0.70684826;-0.9049754,-1.1824398;-0.65830487,-1.8990806;-0.9541115,0.65238035;0.5475395,-0.6714063;-0.5132638,-1.2557942;1.3456993,0.60310227;1.8477612,-0.7397995;0.47471046,0.116150044;-0.28499505,-0.40418014;-0.42518026,-1.316001;-0.986855,0.5729294;0.18206966,1.1177912;-0.82390654,-1.5757899;0.042829394,0.7663526;1.0567749,0.43404394;-0.589664,-1.4413047;-0.9110488,2.3444338;-1.3078802,0.34989408;-0.5388352,0.18731372;-1.0454254,-0.88768905;-0.23116006,-0.29068887;-0.71479785,-1.8670073;-0.5727363,-0.37057084;-0.89075786,0.07311613;-1.3894473,0.008498417;-0.014780573,-0.16425021;-0.8651032,2.224303;-0.8550489,-1.6514753;1.6162406,-0.86878234;-0.8308002,-0.39280608;-1.548328,0.06952565;2.0445175,-0.78117186;-0.19630504,-0.42191917;0.37005743,1.1661558;-0.8088074,0.23131801;-1.0269775,-1.0279676;-0.57671916,-1.8015038;-0.4835061,0.40750912;0.7636995,-0.43515328;-0.68504524,-1.5080802;-1.5894624,0.07469121;0.91237414,-1.2627761;1.2730881,-0.5167853;0.8907003,-1.3030423;0.47675365,1.2716258;-0.85032773,1.8701079;-0.91491455,2.2863512;0.92429036,-0.94580984;-0.6992013,-0.026601903;-0.17966594,-0.03986756;-1.076071,-1.0584462;-0.8244883,-1.7824347;-1.0187503,-1.2346159;0.48935625,0.13942054;1.7493808,0.62036234;0.6048282,-1.0622619;0.47676617,1.5007013;0.7224743,0.17372443;0.7032146,-0.35977894;1.3353798,-0.80143297;-0.928857,-0.27355096;1.5118179,0.5885265;0.43857452,-0.048266493;-1.2229158,0.23832458;-0.67311364,0.17326471;-0.83210236,2.1514432;1.1721855,-1.223192;0.8806249,0.25820023;1.1175721,-0.36474854;-0.99064237,-0.124445714;-0.759478,-0.17500201;0.32927305,1.1740379;1.0462974,-1.0816586;-0.78504246,-0.32148784;0.36996403,0.16195881;-0.9187594,1.6081073;-0.60153896,-0.40960312;-0.99343234,1.6334552;-1.7036715,0.24042322;-1.075019,-0.98186094;-1.4704682,0.04478985;-0.91104877,2.344434;-0.84375566,-1.6816314;-1.3310031,0.0045432583;0.9617411,0.26149118;1.1083361,0.5058417;0.2766202,0.99898565;-0.36429772,0.49173123;0.85922575,0.23924933;-0.046347115,-0.18568638;-0.88678664,0.66003764;-0.5586702,0.42146814;-0.5643377,-0.37291276;-0.87627023,-1.2828131;0.80961734,-0.77088696;-1.3166338,0.12183738;-0.009050421,0.74181175;1.3689826,-0.5049537;0.99916846,-1.2757814;0.8473909,0.1960866;-1.2175195,0.15969947;-0.90161467,2.0544026;0.17334144,1.1544609;1.1351407,0.42852992;1.0645458,0.41027412;0.17768931,1.0363195;-0.8622639,2.298274;1.1153351,0.3553136;-1.1363634,0.16661066;0.5959864,1.6606896;1.5245883,0.6149205;0.61625403,0.10027039;-0.86569315,-0.043546304;-0.3287953,0.45400003;-0.53186244,-1.4121104;-1.0787253,-0.15455757;-1.0377355,1.5769267;-0.061047494,-0.31235206;0.38724926,-0.96517336;0.109932765,-0.25175756;-0.9475023,-0.07157286;-0.92970866,-1.3816019;-0.66203505,-0.3334521;0.97615033,-0.9946707;-1.6307491,0.27325588;0.36131173,-0.06130913;-0.9091638,2.1273634;0.36397856,-0.94420934;1.7745237,-0.72148323;-0.1804728,-0.397238;-1.94547,0.22467975;1.2490044,0.4694597;-0.78169,0.3105438;1.7863477,0.642149;0.7953773,-1.1403453;-0.71279013,0.34258044;0.3112058,1.2407199;-1.0219481,1.7307564;-1.0740583,0.27744505;-0.9247529,1.6541935;1.3864602,-0.5321801;0.5051528,1.5506201;-0.8848087,2.1492953;-1.2263057,0.36435562;0.99695843,-1.0227858;0.081689246,0.76740015;0.15008584,1.2080402;-0.70326656,0.32569835;-1.8558451,0.24415731;1.3652711,0.47803408;-0.20396696,-0.5214265;1.6670035,-0.8004427;-0.35460645,-0.044553433;-0.9343909,2.0813644;-1.1781569,0.28948238;0.07630271,-0.82201153;2.0097146,-0.79475313;0.13159762,-0.029105451;-0.8705137,0.5711323;-1.4947625,0.20395331;-0.34526616,0.07981336;0.3676593,1.4591264;0.15528412,1.0940735;0.67705685,0.14876142;1.2364728,0.5062883;1.4734434,-0.74595904;0.5051864,1.5438002;1.3323461,-0.4605366;0.6529882,-1.1289651;0.44524714,-0.3057423;-0.115982234,-0.33761162;0.12902392,1.160311;1.8199916,-0.68636626;0.79039085,-0.5000726;0.98840296,-1.2832639;-0.1514149,-0.16502011;-0.02212901,0.7229411;0.47662416,-0.6133962;-0.8051368,2.2721307;0.12304505,0.8632062;-0.89510936,1.7118573;-0.52878666,-1.7121166;-1.5007036,0.08225859;0.297764,-0.23812506;0.84113735,-1.2711575;-0.87373245,-0.07421988;1.7961718,-0.72309273;-1.015486,1.7541367;-0.9436722,2.1376934;-1.1459497,0.24560031;0.46476504,0.040626798;0.47588372,1.5247566;-1.3093997,0.22024466;0.22756363,-0.10813052;-1.5149148,0.18844338;-1.0190061,2.0967166;-0.59454894,-1.5782751;-0.90608865,1.985678;1.6464422,-0.63527596;0.96222913,-0.994562;1.2008392,0.39329553;0.25686902,-0.89946604;-1.060691,-0.054500353;1.4230105,-0.44552088;-0.8126054,-1.7481481;-0.29855394,-0.48467174;0.41008577,1.5629922;1.3234779,-0.749033;0.9629058,-1.0523554;-1.8329736,0.27953103;-0.96011746,1.6663481;1.043317,-1.1124767;-0.5023829,-1.5500056;-1.7604922,0.20922934;-1.3949019,0.3725393;1.3634824,-0.7835902;0.6008149,0.14424807;-1.7665895,0.31201398;0.49548665,0.083863616;1.1575043,-0.38581875;-0.50681674,-1.4562788;-0.97175574,0.5821702;-0.615489,-1.7913799;0.8568358,-1.2628276;0.099788494,-0.32904783;-1.3768933,0.016035302;1.4300915,0.53702587;-0.96815735,2.1425724;-0.81599265,0.3602224;-1.4426961,0.19076097;0.7892093,-1.1441541;-0.4927767,-1.6348083;0.27066833,-0.88007164;-0.02375736,-0.20545627;-0.8965239,0.6449662;-0.99742067,0.42148602;0.9538746,-1.0819887;-0.91607016,0.33094767;1.391649,-0.8045157;-1.9421802,0.2534565;-0.7009735,0.19510432;0.5799225,1.6719469;-1.2598358,0.15647201;-1.9635229,0.29297912;-0.33008844,-0.16438173;0.5483453,1.4510114;1.0694231,-1.1300128;0.5781735,-0.67852753;-1.7157599,0.2708503;1.0390408,-0.99398386;-1.8337142,0.19903696;1.6779846,-0.8222601;-1.53076,0.317095;1.0227206,-1.1735445;-0.99759734,-0.16358246;1.1767282,-1.237262;0.42759955,1.3431445;-0.87808204,-1.6259081;-0.7646728,-0.32642266;1.0562743,-0.3794054;-0.21965116,-0.40124288;0.45048618,1.4887137;-0.47541335,0.14611319;-0.65665,0.09764909;1.3887928,-0.48635876;0.8054314,-0.47019866;0.30450886,-0.8730285;0.34870642,-0.9565721;1.0079246,0.27884942;-0.015828615,0.67951083;0.12188863,-0.21938622;0.512761,1.5075382;-1.4040027,0.26995462;-0.96916133,1.9848177;1.3859435,-0.44135568;-0.92597914,-0.11016746;0.85294557,-1.2888415;-1.1028585,0.5804357;-0.8161118,-1.7678941;-1.5923237,0.19180924;1.7695696,0.59932876;0.32043612,1.3812749;-0.91029066,1.8732955;-1.6400706,0.118489705;0.5131833,0.118452266;-0.9843368,-1.2069027;-0.92854106,2.0266564;-1.5555494,0.1929415;-1.6621487,0.2176126;1.2569823,-0.83468467;-0.5533138,-0.0641242;0.35534674,1.3743957;-0.03204895,0.5983839;-1.1768682,0.26045495;1.7066275,0.6952362;-1.1194193,-0.023472339;-0.52592224,-1.7443558;-0.53960043,-1.4628322;-1.3329607,0.13272746;-0.18408485,-0.011258066;-1.0067676,0.33627817;-0.59652156,-1.6537998;1.1050816,-0.4375086;-1.5263737,0.18772036;-1.0903901,-1.0329119;-0.58070916,-1.6639241;-1.0116813,-1.1898673;-0.47156507,-1.3015457;-0.91786075,-1.3544621;1.1004032,0.35771748;0.5716286,-1.0669806;-1.0398962,1.7789257;-0.0024459122,0.7037363;0.53991693,-1.0932338;0.868094,0.22156376;2.0913014,-0.8048707;0.55345243,1.6578052;-0.9715913,-1.3069686;-0.3641199,0.190551;-0.008495016,0.58524925;1.4209284,-0.5012889;-0.579864,-1.7844542;0.47403428,1.4654737;1.9099327,-0.74987864;-0.51475704,-0.036598794;-0.3095358,-0.049640894;0.324772,1.4142754;-0.77343315,0.17667311;0.38468012,0.116299115;-0.01258235,-0.036711864;-0.05508889,-0.37601408;-0.8923723,-1.5292366;1.448276,-0.7504548;0.5136464,-0.23960234;-1.2248853,0.2134136;0.13430114,-0.15403163;-0.87100863,-1.717015;-0.95898616,-1.227451;1.1588,-0.45033196;-0.3140244,-0.093164295;-1.9351645,0.2577951;0.19762358,0.95763254;0.5844614,-1.1626472;0.2686359,1.0791571;0.79646343,-0.7557642;1.0927281,-1.1747009;0.9297914,-1.3081644;-0.3566093,0.41616037;1.8233674,-0.6653575;-0.3554611,0.21420614;-0.20898673,-0.35031378;-0.7773566,2.3050842;-0.7713885,-0.12570378;0.22316791,1.1113698;-1.1993208,0.061565865;0.37475497,-0.015558445;0.23465852,1.324343;1.767293,0.68672556;-0.8307573,0.103125475;-0.35919508,-0.28096595;0.12795822,-0.8290352;-0.5731363,-1.5625818;-0.4853965,-1.6078215;-0.72710663,-0.19857736;-1.8919715,0.24043867;0.57223666,1.633229;1.5694096,0.60083216;1.7412014,-0.62427044;0.26279536,1.1229856;-0.65847355,0.16184239;-0.2917992,-0.50974977;-0.9945465,0.5733546;1.990187,-0.831918;1.592904,-0.8216022;1.6218569,0.70064884;-0.7156428,-1.5420336;-1.0780591,1.5855962;-1.2529138,-0.2677259;1.2058272,0.42211294;0.10908584,-0.79630464;-0.8891066,2.1913111;1.0355017,-1.0994437;0.56761867,-0.61183757;-0.24189675,-0.37810647;0.49983278,-1.0924745;0.91464186,0.24187285;1.6705177,-0.6080321;-0.23586485,-0.04966738;-0.8125133,0.032824077;-1.275184,-0.034236632;-0.9005365,-0.36002555;-0.86017984,-1.7068076;0.4182663,-0.7248024;0.51212496,-0.74850035;0.79580534,0.20379211;1.4414915,-0.7679385;0.9375753,-1.3270699;-0.9689337,2.0197423;-0.95549935,1.6318892;-1.154521,0.20949332;-0.52908176,-1.2464311;1.9902587,-0.782252;1.7827744,0.7570296;-0.4778693,0.11460446;-0.79556507,0.09648187;-0.43935385,-0.09967285;1.0422177,-1.1395204;1.0315799,0.34992817;0.44594565,0.98823416;0.3514594,0.17302252;-1.048108,-1.0493206;1.7831609,-0.6853165;-1.5222474,0.090964936;-1.9165143,0.28569585;-0.6581839,-1.4874958;0.19992106,0.9149508;-0.08102495,0.6428712;-0.90587145,2.1667273;-1.158683,0.4750111;1.3567585,-0.51818335;-0.69873345,-0.1028572;-1.0039016,1.8078834;1.3437746,0.5050224;-0.90514034,1.8710828;1.3691727,-0.5737974;-1.0698854,0.46634525;-0.5701098,-1.5604947;0.85064095,-0.97113633;-1.8251936,0.24681035;-0.92167914,-0.25363225;1.6851897,-0.59442556;0.98591167,0.32395425;-1.0439993,1.6497449;-1.8868145,0.27303064;0.67179686,-0.72572535;-0.33510074,0.42181155;0.082337156,0.83618104;-1.2315581,0.13660543;0.5229979,-0.67141646;-0.89394957,2.1130226;-0.783733,2.2724924;0.3902992,1.499128;1.8344402,0.7420512;0.31117383,1.1585038;0.315705,-0.2773877;0.3850713,0.9935029;1.7215307,0.66397154;1.4270567,-0.7111425;0.6540062,-0.75634336;-0.8452427,1.995416;-0.8479766,0.51988494
p3d-kl
0.4029795825481415
p3d-iter
599
p3d
-1.620824,2.0694945,0.381319;1.154922,0.18934539,-0.0426143;-1.1371279,-0.16410784,-0.54676163;-1.1184646,1.1857868,0.3943086;-2.1977258,-0.20791805,-0.7853009;-1.5552088,1.562927,0.54290444;-0.27603173,-0.9523294,-1.8430649;-0.83904964,0.20129117,0.85717624;0.48628977,-0.20609023,0.51742023;1.0849177,-0.21852517,0.40654707;-1.7278153,-0.10566277,-0.7965527;-0.037847746,-0.708074,-1.2305218;-0.073105015,0.013828773,0.004084433;-0.35370287,-0.9410619,1.0605731;1.0072896,-1.2325861,0.31047675;-1.2421837,-0.1480364,-0.6274439;-0.09857651,-0.74316555,-1.7040992;-1.7522997,-0.012023642,-0.8565397;1.0456913,-0.9352789,0.17672104;0.4686793,-0.09517011,0.36041582;-1.5138458,1.3959063,0.5825269;-0.3267657,2.0715697,0.67418164;0.21790475,0.17984247,0.5029761;1.5906129,-0.18849227,0.29750013;1.5647235,-0.8672246,0.2589789;-0.91705257,-1.2168511,1.5291483;-0.93458545,-1.2303959,1.5883788;-1.4862115,0.06642068,-0.8740578;-0.52080756,0.327517,0.20957014;1.3936704,-0.65018016,-0.084526345;-1.1142919,0.98892856,0.5295276;-0.558734,2.3067174,0.57518667;-2.247713,-0.18971065,-0.86099315;-1.6728984,-0.0557134,-0.66865396;0.8447808,1.3298756,-1.0020694;-0.13090846,1.6957116,0.95274115;0.9929363,1.0474441,-0.8876622;0.28947273,-0.75006694,-0.63813156;-0.22717099,-0.18090649,0.17248395;-0.12061623,-0.39366618,0.14987531;1.2491932,1.3368045,-2.0310981;0.8279165,-1.039964,-0.53861374;1.0821317,-1.1171949,0.58409417;-0.2622796,-0.28858036,0.030408807;-0.13450925,-0.54487956,-1.8820319;-0.5414846,-0.33619738,-0.19224623;0.61446524,-0.6485685,0.23559918;1.1516224,1.2002172,-2.264459;0.12777506,1.092145,0.8444449;0.21249138,-1.5927483,1.325637;0.03281286,-1.5745593,1.4152814;-0.1607344,1.5471131,0.9610428;0.20991898,-0.72440296,-0.7162389;1.078709,-1.0139678,0.196973;0.5549809,-0.60038185,-0.030334504;-0.84850895,-1.1834291,1.4307855;-0.47831008,-0.35165903,-0.23116653;-1.3692532,1.0320399,0.6153298;-0.8990174,0.9713662,0.3092162;-0.84909165,1.5496773,0.35985082;-1.6083741,2.0024269,0.3884465;0.09738752,1.2323004,0.8426421;1.2422837,1.3175308,-2.2825632;1.7701088,-0.78582734,0.00961095;-0.040901333,0.09665224,0.22159518;-2.2433903,-0.06547455,-0.9288388;1.3086531,-0.9886715,0.02509823;2.016423,-0.38830826,0.38302895;-0.08433675,1.657313,0.63953954;-0.095119365,-0.15212503,0.2743204;-0.4480549,-1.0317291,-2.0158894;-1.1336933,1.170411,0.41629043;0.03187725,-0.97079796,-1.2217761;0.26840678,-1.6396478,1.2906132;1.0097733,1.3064983,-1.7762167;-2.0169835,-0.06801691,-0.90853333;0.47982556,-0.7926495,-0.08071049;-2.238729,-0.2105293,-0.85476726;-0.5412905,0.3677311,0.17402434;-0.0227725,1.7520288,0.6739622;-0.33921674,-0.8292164,-1.9790875;1.0965537,1.2597184,-0.9464166;-0.64628476,-1.2348636,1.8342267;-0.106794946,-0.49039054,0.32175788;-0.1396738,1.9395194,0.7525231;-0.32422367,-0.97088945,-1.9222306;-0.5159189,-0.9843153,-2.3785925;-1.5673586,2.0084655,0.41434577;-2.130648,-0.1649307,-0.84139365;-1.8921797,-0.03239347,-0.9848467;1.2357236,1.234077,-2.231647;1.0076251,1.0414921,-1.2652274;-1.2032712,1.0283115,0.90523535;1.1031369,1.0911692,-0.94210714;1.7998191,-0.50802135,0.12509263;-1.4249216,-0.15741228,-0.7067257;-0.45557022,-0.20353593,-0.13271606;-1.6568012,-0.005696557,-0.8701279;-0.30991548,-0.8940785,1.0569937;1.3624823,-1.0196625,0.5118867;-0.67619234,-1.3995804,1.7970804;1.1034063,1.178063,-0.7543545;-0.28976315,0.980991,0.65541023;0.7126916,-1.0033427,-0.41839823;1.4467269,-0.81713516,0.0054642423;-1.1799178,0.7451944,0.73361015;0.10164528,-1.5039457,1.2216809;1.900341,-0.3179185,0.22044836;-0.42776883,1.2451537,0.37071636;-0.24820784,-1.4564306,1.5254041;1.148067,1.4268342,-2.244479;1.2714493,-0.6922379,0.07092276;-1.6856991,-0.01422527,-0.8413694;-1.5681444,1.7671316,0.60314083;-0.567347,0.38385054,0.16551046;0.33975002,-0.8184855,-0.63877475;0.26383707,-0.18602656,0.28842422;1.0006948,-0.294683,-0.17615922;1.180699,-0.65379524,-0.052284785;1.1720115,-0.06477662,0.76481795;0.086378805,-1.5627681,1.3574237;1.0626032,1.2007122,-1.6770916;0.92885154,-0.8590835,0.9217178;-0.88898706,1.1316197,0.27421916;-0.8905892,-1.176978,1.4607911;-0.5270095,2.2395709,0.57162476;-0.04597714,-0.8063857,-1.5692189;0.26634693,-0.3074439,0.152571;-0.12650992,-0.98832804,-1.6647775;0.92830944,1.3961055,-0.8565845;-0.33426946,-1.030581,-2.0764687;-0.23123688,-0.74508345,0.90491086;0.9877817,0.89489055,-0.6465594;0.59384644,-0.86603004,-0.29747903;0.4482262,-0.7783454,-0.07705591;1.2388682,1.2570068,-2.2768798;-0.5052012,1.5756428,0.3781121;-1.7114404,-0.16416746,-0.76592225;1.1003723,0.37945616,-0.090843655;1.3760318,-0.47525942,-0.04907948;-0.30705512,1.9881375,0.73929536;-1.333121,1.5331215,0.32757485;1.0418236,-0.32257816,0.5171777;-0.44830444,0.52620685,0.29242173;0.5758388,-1.5531693,1.1588387;-1.9569131,-0.12367774,-0.8331106;0.4395806,-0.93697625,0.36461595;-1.5849177,0.119663075,-0.8902489;-1.6709149,-0.051355295,-0.80832386;-0.25216365,-0.1235599,-0.20155627;0.19326119,-0.9771989,-1.1476511;-0.33862615,-0.61972964,-1.5961493;0.7116408,-0.050876386,-0.11219071;-0.32957542,0.83678013,0.3289226;-0.1020926,-1.4979392,1.3787112;1.0571628,1.2240051,-1.3098203;0.8325887,-0.9934997,-0.35867524;0.6303894,-1.1051459,0.72197855;0.19932593,0.8890723,0.94834036;-1.0815879,0.7650921,0.8075132;-0.60467017,-0.8445797,1.2976595;0.29930088,-0.63234955,0.39857563;0.10593128,-1.5518227,1.3152596;0.081025586,-0.69488305,-0.9709424;0.90542555,0.18199132,-0.074260466;-0.30138016,-0.8712181,-1.9197661;0.0018892676,-0.18685484,0.06329082;-0.2795415,-0.12520215,-0.038118586;-0.3369189,-0.28636488,-0.23495115;-0.5016235,-1.1208358,1.78186;0.0010749943,1.6205914,0.8313406;0.3953794,-0.0050644744,0.36758545;0.18073863,-0.21021277,0.12262801;1.0125773,1.0336438,-1.1588358;1.802068,-0.27895695,0.17485131;-0.23048954,1.9108299,0.8257669;-1.5638189,-0.1415,-0.6868807;-0.40186834,-1.1774952,1.5360675;0.24748689,0.75175923,0.9941192;0.5779948,-0.2239699,0.52637494;-1.3230599,1.0658447,0.6434241;-0.00307632,0.20964566,0.29677346;-0.9588086,0.5752921,0.76609176;-1.4024668,1.1496654,0.6230141;-0.4302674,-0.9174279,1.480176;1.2301112,1.2453847,-2.149101;-0.8075834,2.0601969,0.36850506;0.26916528,-0.7528245,-0.68758637;-1.3527799,0.12090823,-0.63748115;-0.7683753,2.0484881,0.38291752;-1.5841489,1.6026702,0.44732404;-2.1065488,-0.2179918,-0.8073519;-0.42867443,-0.53171664,-2.1131492;-1.5642145,2.0270255,0.3479016;1.0542457,-1.0763603,0.5187718;-0.38602337,-0.8390651,-2.1988094;0.92603856,-0.9616492,0.23122059;-0.2445578,0.048054203,0.14594418;0.9226594,1.019172,-0.8060712;0.6356855,-1.4830066,1.0915792;-1.1447371,1.005537,0.5272549;0.059237476,1.3478261,0.93612784;0.084534846,-0.004846547,0.37882692;0.46812865,-1.5176046,1.2628838;-0.59154135,0.37387407,0.722907;1.2042311,1.2844253,-2.010726;-0.9586866,-0.012830213,-0.4305342;-1.6315634,2.1086986,0.32727292;1.8752689,-0.19060071,0.35322285;1.5082977,-0.47463158,0.3473242;1.0650067,1.1324904,-0.9803795;0.2272447,-1.6079324,1.317029;-1.1472216,1.5049222,0.3071926;1.7579722,-0.48583364,0.55660254;1.4908664,-0.96701545,0.20674773;-0.5654576,-1.0874383,1.2212061;1.0366279,0.99915534,-0.69922465;-1.4871997,1.4953381,0.5905695;-1.6680068,2.1656115,0.3236747;1.5009425,-0.46000105,0.37815318;1.0336639,1.0333587,-0.9632736;-0.3981097,0.87216383,0.6473105;-1.4430315,-0.18273497,-0.84612983;-0.0654138,0.029833134,0.4123632;-0.22877492,-1.412068,1.5070134;0.07776711,1.170099,0.95901215;0.8693551,-0.34275144,0.62289864;-0.088113874,-0.8955765,-1.5943184;1.0864915,1.1130395,-1.6598157;0.89647347,-0.1567455,-0.21939722;0.20208324,0.8763621,0.954391;1.730885,-0.6986608,0.05757156;-1.0407789,1.1116682,0.29488644;-0.07112446,1.8094388,0.5817092;0.8895588,-0.33312872,0.694856;-0.39310914,-1.4179524,1.6515329;-0.017518647,-0.76406306,0.5202466;2.1206129,-0.40854928,0.34444383;0.15017103,-1.6993543,1.3524791;0.50483763,-0.8472836,0.5318537;-1.0346508,0.55430967,0.8300046;-2.0956416,-0.21139446,-0.8446188;-0.2973169,-0.6198335,-2.0131876;1.0412477,-1.2212796,0.25874907;-1.1343316,-0.084019504,-0.6128458;-2.0415494,-0.06254652,-0.86718124;-0.6081169,-0.7529257,-2.2344637;0.45908865,-0.74043703,-0.27095017;0.7504664,-0.00787267,-0.036712833;0.08251491,-0.7704,-0.64257175;0.30307415,-1.6026385,1.302435;0.6154613,-0.9971634,0.7522397;0.78825945,1.0599697,-0.99961215;2.1405582,-0.49603283,0.22423819;-0.41277733,-1.2911419,1.6367098;-0.19560586,-1.4813173,1.5559676;-0.1683545,1.5857834,0.94617593;1.1601665,-0.68233204,0.680485;-0.7479865,-0.095163,-0.33024594;-0.4472343,-1.034366,-2.1009996;-0.6332381,-0.8812508,-2.3905487;0.1623304,0.93940204,0.9549526;-1.2426931,0.90461046,0.6707108;0.0075639766,1.2413336,0.92335194;0.0787335,0.011985903,0.474053;1.0529587,1.1913308,-1.025379;-0.29096672,-0.5945672,-1.5514809;-0.8969123,-1.2573365,1.7626966;0.81108725,0.12485054,-0.063620865;0.4241333,-1.7195749,1.167948;-1.8111048,-0.065950744,-0.8452433;-0.33767673,0.9927575,0.64649194;0.23398171,0.034027856,0.35167676;-1.4010632,-0.16468382,-0.80096936;0.8323396,-0.32041463,0.005310623;-0.12878063,1.0588164,0.79083675;1.1423831,-0.48134765,-0.12574902;-1.6628921,2.107763,0.29449895;-0.7129332,1.6288027,0.40015745;1.0489743,1.3045437,-1.5545851;1.246952,1.337567,-2.018677;0.17313182,-0.94183296,-1.256967;0.35483557,0.6525382,0.97549546;0.86663526,-0.32886207,0.3381777;-0.4433895,-0.54248774,-2.1140745;-0.097779855,1.6546053,0.9606595;1.2031832,0.26629767,-0.089239694;2.0612662,-0.43437994,0.37690574;-0.047812298,-0.7095868,-1.6917621;1.0714452,1.2343516,-0.8734582;-2.215477,-0.04720228,-0.88798124;0.5439007,-0.5984142,0.085217915;-0.034980457,-1.5286232,1.4418051;-1.6617776,0.069149114,-0.8755775;-1.9525409,-0.034261875,-0.9378736;0.0563427,-0.73833567,-1.0388438;0.80272484,-0.9024593,-0.061960272;1.1955488,-0.8976059,0.19814298;-1.3162488,1.5917418,0.33649334;1.0198294,0.98032135,-0.69627357;1.1946393,1.1900495,-2.0533504;2.1129482,-0.4578315,0.16220438;0.60992616,-0.56100535,0.31104097;-0.3761993,2.0566456,0.6527106;-0.32995102,0.54159045,0.1992404;0.5867281,-0.7108334,-0.6774724;0.93602014,1.4333036,-1.55185;-0.19396308,0.74132305,0.48803145;2.106453,-0.4404298,0.33874354;-0.8738636,-0.18683489,-0.3995585;0.19786903,-0.9702123,-1.0845118;0.542502,-1.0147262,0.4038738;1.405376,-0.6630111,0.45653272;-0.4098999,-1.024166,1.453295;1.1587412,-0.90906465,0.5376631;-0.25382966,1.9706453,0.77729493;0.45373133,-1.556078,1.2380222;-0.07089972,1.6531385,0.81889635;-0.45254564,0.23094183,0.21801794;0.12755276,-0.7044074,-0.5967096;-0.37432402,-0.81558484,-2.0700438;-2.3005025,-0.11620068,-0.86507493;0.9878487,-0.36296746,-0.1853147;-0.30375376,-0.43458572,-1.983261;0.3668897,-0.7533534,0.44765818;1.0980581,1.15153,-1.56455;-0.862521,-1.1606333,1.4709262;-0.29857582,-0.53165114,-1.5673064;0.14659871,-0.32183915,0.032770287;-0.5149121,-0.81649125,1.4359552;-1.2537602,-0.16238074,-0.6364934;-0.0850748,1.7832404,0.85598314;-0.36619514,0.30147716,0.19623245;-0.20590699,-0.75099653,0.9419438;0.22838524,-0.39558777,0.44184738;-0.58333397,1.9915832,0.44828877;-1.1904533,0.71932274,0.6749998;1.9278694,-0.3623132,0.19954722;-1.5364282,1.2666236,0.56180245;2.0804975,-0.582604,0.41270602;-1.6386977,1.8325903,0.40550035;-0.09643348,-1.005429,-1.5813135;0.39503688,0.6194272,0.97819215;-2.161111,-0.25718188,-0.92707664;0.109720185,-0.97567624,-1.2115964;-0.04620192,1.6437753,0.96323615;-0.6515978,0.647269,0.16675785;-1.4126614,0.99501705,0.56040406;0.9265054,-0.7871571,0.41247684;-2.4305365,-0.10208143,-0.9197855;-0.95688254,-1.2532026,1.6223418;0.6308148,-0.7910705,0.31872234;-0.35193345,-0.6209194,-2.1052308;-0.14111823,-1.5072769,1.6105676;1.2263134,-1.0438436,0.46274373;0.97260606,0.9354155,-0.8249813;-0.55295706,2.2815049,0.56253856;-0.40853712,0.78202283,0.64999735;-0.32663393,-0.90867156,-1.9840088;-1.3107883,1.112061,0.6286316;-0.14406992,-0.56339103,-1.9168025;0.574992,-0.32421023,-0.5748367;0.52536577,-0.7261517,-0.62867093;0.10609759,-0.28925547,-0.062781505;1.7557533,-0.74586105,0.036408752;-0.6696471,-0.9044223,-2.5340989;-0.080478124,-0.12828459,-0.012954439;-0.8439368,0.2583837,0.9121528;-1.4454874,1.6805863,0.35941732;0.81807,-0.21544358,0.25692517;-1.1911191,0.87389565,0.7205005;1.1119311,-0.55673695,0.698534;0.08932413,-0.70430887,-0.9559255;1.0436988,-1.2298392,0.3271244;-0.18505889,1.8852837,0.84719956;-0.20165539,-1.4433049,1.3938358;-2.2518823,-0.076259926,-0.85073626;0.8301176,1.0508066,-0.9544266;1.0403348,-0.2509086,0.08054465;-0.48163176,-0.9867902,1.2248781;1.2586651,1.2694451,-2.1215386;2.1322067,-0.3872679,0.46273157;2.0350828,-0.4595542,0.41911983;0.43292186,-0.015748696,0.4742259;0.095240876,0.14387248,0.4927933;-0.5356337,-0.2569272,-0.25361738;-0.20388652,1.8784903,0.53232074;0.017650433,1.455655,0.8846083;1.0062567,-0.39614475,0.7433651;-1.0679454,0.26230627,-0.38691112;-1.9580696,-0.12012386,-0.83608276;-1.2992451,1.0431067,0.59211415;1.1255889,0.37481725,-0.10034895;0.42159182,-1.6043897,1.2168788;-0.66572076,1.6699114,0.40244743;-0.044827264,1.6768553,0.8187327;-0.49046808,-0.6881032,1.5760418;-0.8706857,2.0877316,0.36141714;1.0343926,1.0546706,-1.1906034;0.5184105,-0.736486,-0.61562574;-0.20981818,-1.4742389,1.5644203;-0.65737325,-0.8842696,-2.4649725;-0.7793854,-1.0550127,1.4059151;-1.4647317,0.09770366,-0.64973885;-0.074753575,1.3997313,0.86614066;-0.2939993,-0.45165482,-0.20913492;-0.33342522,-0.1888818,0.24719252;0.16293503,-0.010141612,0.6142537;0.78425205,-0.33272964,0.36055553;-1.1795146,0.19938514,-0.513954;-0.88207984,-1.334427,1.8129635;0.17478225,-0.9481687,-1.2099861;0.9410563,1.3361187,-1.4464917;0.45959854,0.06817649,0.64689684;-0.0229363,1.273041,0.8958854;0.37055588,-1.666077,1.2375343;0.7762034,-1.0576876,0.7747816;-0.6376561,-0.15379481,-0.256083;-0.54992217,0.40507674,0.62640405;0.9989519,0.88894874,-0.6256902;0.5036478,0.054241955,0.2522985;-0.2240123,-0.14763391,0.16523273;1.2065216,1.2843659,-1.9524258;1.116469,-0.74680734,0.686751;-0.079380214,-1.4446081,1.5776783;-1.1295813,0.05271625,-0.5361121;1.0343318,-0.35781878,-0.15813819;0.46336362,0.55421036,0.9781431;-0.830237,-1.3218042,1.8149165;0.8650583,-1.0258439,0.7659843;-0.45835418,1.6434941,0.5038722;-1.0064126,-0.0011891309,-0.4680184;-1.3818212,-0.068072185,-0.68582517;0.6101565,-1.069494,0.61507213;-0.39835048,2.1752772,0.42922997;-0.46481204,-0.93334407,-2.0763853;1.523111,-0.98629594,0.28299415;1.0868964,-0.18468732,0.050366703;1.0369433,-1.0692661,0.6309438;0.923898,-1.024688,0.42696264;-0.9095457,-1.2144506,1.5287942;-1.120106,1.5040189,0.3061367;0.5331126,0.03166434,0.09704209;0.5545619,-0.52423817,-0.42575875;-0.23040941,-1.2319192,1.6697615;0.54542786,-0.865011,-0.45143718;0.15443869,-0.5468208,0.6906148;-1.1107639,0.73484004,0.8594881;0.6536624,-0.9278656,-0.31597254;-2.4491503,-0.09778941,-0.92233026;-1.9737387,-0.17843874,-0.8029182;1.0311775,-0.68941146,-0.18021801;-2.4017806,-0.08068204,-0.9138167;-0.08107227,-0.64747673,-1.2723322;1.0087818,1.3031163,-0.8306598;-1.6008447,-0.13520153,-0.7512643;-0.021418486,-1.5487376,1.4193019;-1.6172434,2.0571084,0.3332726;0.119970836,-0.78907484,-1.1622049;-1.4977599,1.5356814,0.5248258;0.97484094,1.0530002,-0.91886455;1.5094498,-0.8870359,-0.105062276;0.61366063,-1.0341431,0.7324183;-0.3601135,2.0938087,0.706734;-0.048307374,-0.66400546,-1.558168;-0.48584372,-0.7761614,-2.1790993;-0.39687565,-1.1191802,1.7642022;1.476043,-1.0095619,0.23043513;0.41394994,-1.6798786,1.2031348;-0.43457207,2.102999,0.48451543;-1.6904317,2.1674366,0.29861414;-0.45775542,1.8119587,0.55508435;1.0976584,0.21304217,0.24001306;-0.28827688,0.7083475,0.28410932;-2.1622987,-0.08700694,-0.91246265;-0.03953671,-0.6899582,-1.2433001;1.0530199,1.3401896,-1.8810949;-0.81019527,-0.15415171,-0.34365767;-0.05642839,-0.82684433,-1.4769492;0.8893106,1.0017811,-0.999388;-0.91244954,-1.2126968,1.5104735;0.46970278,-0.8974182,0.4221666;-0.87062526,1.1224957,0.27094543;-0.32457405,0.73669887,0.28610665;-0.22366075,-0.5556416,-1.4404739;0.2649161,-1.6638442,1.2957847;1.061689,1.4164293,-1.7979404;-0.8248914,0.47026193,0.912247;-0.41642863,-1.0450934,1.56403;-1.0594909,0.8244278,-0.14619443;-2.0334752,-0.0753651,-0.8948743;-0.11211709,-1.5116453,1.5203798;0.614359,-1.0428734,0.7362618;0.62485796,-1.2487793,0.4976024;-0.02738584,-0.7736165,0.5451683;-1.015459,-0.017766029,-0.48005474;-0.081390016,0.5407017,0.69503605;-0.4627295,-1.2507147,1.6480728;-0.8268763,0.44683683,0.9175499;0.8014766,-0.4032619,0.29007986;-1.1997929,0.09021144,-0.53022885;0.53131026,-0.7965934,-0.26664183;1.1297587,-0.28950816,-0.17190462;-1.2895684,1.4600677,0.29306826;0.8456364,1.396741,-1.3223524;-2.0487478,-0.18420744,-0.818251;-0.5393971,-1.0403651,1.287017;0.49372745,0.52757007,0.9810831;0.13764954,-0.17925067,0.70437336;-0.31866628,-0.9638054,1.4259788;-0.5319252,-1.3652033,1.745908;0.20139126,0.80296093,0.9954229;-0.5895497,-1.1053101,1.2804642;0.15070394,-0.40550512,0.7007851;0.2557485,-0.65215683,0.3613186;1.2030349,1.2865833,-2.3245218;2.0832489,-0.45500582,0.15337661;0.9638236,-1.0982023,0.77360594;-0.84465164,0.24993415,0.8360703;0.8433738,-1.0481141,-0.50252426;-0.031916767,1.5307082,0.9657677;-0.63310945,1.6258067,0.36045718;-0.97331667,0.9143222,0.33140972;1.0754255,-0.22619185,0.3916559;0.03553247,-0.7175702,-1.4425654;-1.581484,1.6838572,0.4727174;-0.08604685,1.774735,0.8479134;-0.31316122,-0.38460493,-1.9610653;0.22942615,-0.1413815,0.2545892;-1.0508791,0.6194011,0.8090284;-0.6122889,-0.88201827,-2.4425344;-0.09288375,-0.25958642,0.24954957;-0.231209,-1.0588062,-1.7825996;0.7373089,-0.64793974,0.70207715;0.9852594,0.23566578,-0.16774179;-0.51196265,-0.9101476,-2.1576695;-0.7168351,-1.2394313,1.837131;-1.3562516,1.2228986,0.78281945;0.65038216,-0.18972181,0.37160003;-0.75736547,-1.2612962,1.8286986;-0.41372466,-0.77769566,-2.2216425;-0.50063074,1.5921453,0.48340654;-0.9759156,0.494467,0.8314213;-1.376198,1.2152973,0.6968914;-1.432444,-0.14444765,-0.8285328;-0.4490707,-0.9206948,-2.0424337;-0.88030356,0.013867597,-0.39559644;0.81708634,-0.9315683,0.0926834;-1.026981,0.8296347,0.29862747;0.06599063,-1.455139,1.19954;-0.9866362,-1.2775756,1.6453102;1.0586581,0.4378501,-0.15783125;-0.20049256,0.7293649,0.59056014;-0.27696377,-0.62607926,0.7086702;-1.632502,0.13141848,-0.8979004;-1.5732151,1.6265426,0.44539112;-0.3977744,-0.3806477,-0.23155175;0.16103524,-0.6393556,0.62597305;-0.1800079,-0.7002323,0.9087748;1.1257799,0.27068123,-0.03201226;0.04374693,-0.90729874,-1.6256578;-0.4085764,-1.2341297,1.6783215;0.11678779,-0.5939991,-0.8948007;-1.1458814,0.16414306,-0.67184436;-0.3327416,-0.96404314,1.2350563;1.2878575,1.2288297,-2.2383487;1.5419142,-0.20043865,0.026352592;0.629856,-0.6034717,0.011889538;0.57379764,-1.4039108,1.0406249;0.21047384,-0.44127822,0.45871696;-0.9224273,-1.2589629,1.7512422;0.5723268,-1.0672535,0.38140213;0.9269179,-1.0024914,0.19169897;1.6715028,-0.9321636,0.39800873;0.20903575,0.056413867,0.31012267;1.2214583,1.3440995,-1.9994799;-0.51361614,-1.360658,1.7262307;-1.168412,1.6006275,0.29486015;0.7574815,-1.0368382,0.9010945;1.6496823,-0.5037291,0.51941156;-1.6530973,2.0746658,0.33169115;0.054635715,-0.48243374,0.6092734;0.014381191,-0.6418058,-1.8274661;0.9613008,-0.81367296,-0.20505211;0.4115476,-1.5604163,1.2655445;-0.8571541,-1.1926365,1.4530265;0.69718987,-1.0168519,-0.3718878;-0.5401217,0.2856265,0.62920046;-0.38818628,-0.9599926,1.4747552;1.7171959,-0.5479507,0.5102102;-0.43519747,2.0694394,0.5812311;-0.97365123,0.6661263,0.7016282;-0.4149128,2.1691601,0.6364824;-0.3052459,-0.54717124,-1.8843844;0.8488205,1.3603702,-1.349862;1.220429,1.2095034,-2.1219063;-0.4005287,1.2444338,0.34385055;1.0138024,-0.18069884,0.33714786;0.26637766,-0.5418751,0.2525122;0.3811503,-1.6637495,1.2413299;-0.7118881,-1.372042,1.7933338;0.10453597,-1.6182092,1.4271475;-0.42923105,-0.43157125,-0.2231827;-2.192766,0.087937675,-0.8321128;0.01029442,1.565937,0.73665774;-0.53074324,-0.8894744,-2.193776;-0.70104825,-0.12172098,-0.27851665;-0.5966317,0.35427108,0.38066545;-0.94939095,0.9909744,0.18144517;0.95354176,-1.0658165,0.7806472;-1.834127,-0.105159245,-0.85009384;-0.37689522,-0.10699741,-0.0021842257;1.438042,-0.6356831,-0.028808624;0.7681312,-0.71441203,-0.03348949;1.0262133,1.3069283,-1.940671;-0.78675896,2.0332448,0.3746794;-0.8867201,-0.024471326,-0.39628124;-0.86581767,0.21295427,0.9082339;1.0814925,-1.0160509,0.5628095;1.0127605,-0.39692977,0.74005616;-0.07577884,-0.70470405,-1.7612913;-0.59635544,1.651595,0.38789618;0.75555694,-0.9567847,0.73170435;-0.2506394,-0.576661,-0.24579716;0.8947812,1.2530361,-0.8983608;0.60783064,-1.1880076,0.44492412;0.9852662,1.0943742,-0.89520705;1.9044715,-0.3532635,0.23955506;0.47783172,-1.5831008,1.191543;1.5882846,-0.67654705,0.4851223;1.2878575,1.2288299,-2.2383487;-0.5472639,-1.3559618,1.7748047;1.5410366,-0.95616204,0.41837046;-0.99424917,0.11069416,-0.450105;-1.3177645,0.250622,-0.5869243;-0.12989856,-0.63263416,-1.3750925;0.5026238,-0.65989923,-0.42131457;-0.85673374,-0.028591221,-0.3696993;0.23688312,0.040595658,0.3794116;1.0227987,0.37165,-0.29828426;0.81832844,-1.0072143,-0.39892876;0.54833776,-1.0567671,0.42955026;-0.092713505,-1.4566495,1.2941002;-0.5517076,1.0966175,0.618465;1.5583522,-0.90041727,0.1585527;0.15892686,-0.78250784,-0.82618314;-1.1549498,0.64319956,0.79310024;-0.5308642,2.1396809,0.4945588;-0.8175502,0.03404099,-0.30492607;1.4144174,-0.91022676,-0.010759129;1.0341362,1.2721568,-1.6912576;-0.07037075,-1.0146499,-1.5376357;-1.2507925,0.028330766,-0.75319695;-1.1148474,0.086872846,-0.6715869;0.07391361,-0.7586397,-1.4406136;1.2143171,1.2632188,-2.1740365;-1.1951174,-0.1031775,-0.6033469;1.2855581,-0.80456007,0.019765694;-0.69083005,-0.89278895,-2.5646448;-1.8736993,-0.016422758,-0.8366613;-0.5886968,-0.24727187,-0.17278695;1.0263879,-0.74716204,0.39901096;0.46013638,-0.8287177,-0.4806223;-0.32205832,-0.92199916,1.1088982;1.2065068,-0.7732082,0.6215217;1.0276692,0.97419,-0.7639144;0.18971731,0.009175532,0.6552631;0.1144823,1.1031985,0.93382215;0.003775308,0.20494519,0.3586537;0.9897364,-1.0374192,0.44937035;-0.14617805,-1.506976,1.5307372;0.5556878,-0.9316321,0.6524567;-0.48353368,1.4010396,0.3962439;1.8151362,-0.3867414,0.14764783;-0.26179448,-0.12690751,0.03878624;1.1226038,1.2963077,-1.8095702;0.12572262,1.0394851,0.9426509;-1.4966137,1.4982538,0.4756956;0.08857093,-0.429147,0.68954736;2.254863,-0.40621,0.39911813;-1.4295015,-0.0460002,-0.72755796;0.8633198,-0.4283713,-0.14177665;-2.210678,0.073891684,-0.9610846;-0.20655483,1.8326141,0.5369587;0.78722113,-0.46800464,-0.26715255;-0.21333861,-0.8268676,-1.7479703;1.0690284,1.1329889,-1.0722378;1.2323959,-0.50408334,-0.08443514;0.8777,1.0012738,-0.92126566;-1.1852238,0.6675878,0.7243822;-0.62076443,-0.9320448,-2.2508485;1.1359316,1.3537246,-1.8567463;1.4297242,-0.23224542,0.1302786;-0.49818447,1.5097934,0.3299246;0.06110149,-0.6798598,-0.9006311;-0.11828846,-1.1558867,-1.5858904;0.7643067,-0.4581193,-0.18596798;2.1225088,-0.31175563,0.335809;-1.570811,-0.1797973,-0.76913154;-0.150508,-0.59031856,0.511966;-1.2923579,1.487375,0.33888236;0.61182636,-0.06787461,0.33011216;1.1200851,1.2596722,-1.6959231;1.3673365,-0.47512218,-0.009884521;0.48211738,0.5364458,0.9784626;-1.6231755,2.0299027,0.33659193;-0.012197092,-0.3046455,0.042252988;0.94892085,0.18686119,-0.14878042;1.5676467,-0.26430404,0.30796778;0.36878473,-0.47919053,0.123099655;-0.47394726,-1.0211422,-2.0258157;-0.009569345,-0.9650981,-1.4500065;-0.6411799,-0.14439975,-0.24168164;-1.423234,0.08343835,-0.7704066;-1.1057962,1.1596495,0.39971414;-0.5983448,-0.9094042,-2.2597928;-1.080895,0.6193316,0.8464074;-0.04509783,1.7518595,0.7254745;-0.28447083,0.34330872,0.23464118;0.1440791,-0.17747325,0.6937083;-0.04014384,-1.1178929,-1.5246015;-1.5330945,1.5538051,0.5448582;-0.5478423,0.33986908,0.7174382;-0.50041664,2.1758509,0.47345442;0.35248345,0.18025884,0.4524255;0.17955692,-0.76321137,-0.79173785;-0.32736024,0.39266062,0.7019444;1.1202226,1.3938553,-2.1841862;0.032940358,-0.7174252,-1.0784858;0.8427515,1.059562,-1.0639014;-0.73193896,-1.1575478,1.3236699;1.5742604,-0.48158795,0.47819892;-0.15720426,0.2010089,0.24998625;-0.34434032,2.0980575,0.66406083;1.0552984,-0.7508919,0.4694295;-1.5331033,1.5081658,0.4770972;1.0816623,1.0638611,-1.1260935;1.1490022,1.201879,-1.8096442;1.3380219,-0.6663081,-0.12112418;-0.35056823,-0.15225956,-0.23951003;-0.5745913,-0.9250347,-2.2000146;1.5383261,-0.8087676,-0.048236296;-0.09805205,-0.17906179,0.15588067;1.5696439,-0.23047529,0.2621659;1.0015126,1.0243995,-1.762866;-0.54668075,-0.90111905,1.3433422;1.0166256,1.3153505,-1.5506076;-1.4208186,1.1516018,0.6066118;-0.46207687,1.4227245,0.33263153;-1.3233494,-0.14477268,-0.6681005;0.20290627,0.8038858,0.9969808;1.169762,-0.9764847,0.40850863;-1.158912,0.714481,0.9187288;-0.6768955,-1.3396976,1.7542384;-0.00062247075,-0.73010117,0.47213933;-0.45219237,-1.0859762,-2.3201385;-0.98453635,0.85141283,0.18358327;-0.4702679,1.5675267,0.41787466;2.1180422,-0.40304625,0.2344065;0.95402014,1.2329974,-0.9636324;-0.6185058,1.7061943,0.4421242;-0.52150315,-1.0417987,1.1964315;2.0281422,-0.18873125,0.3397835;0.93423396,-1.0917916,-0.5244694;-1.0071212,0.9883843,0.20520453;-0.5603499,-0.23280433,-0.26632977;2.0157144,-0.49224198,0.14022726;-0.41337034,-0.28585097,-0.20292717;-0.9072201,0.31951493,0.885206;-0.38295352,-0.97268933,1.1101967;1.111676,0.27867082,-0.048210934;-0.8641407,-1.1512128,1.4810042;-0.37021625,2.0763,0.68071663;-0.038147673,0.3592097,0.5715299;1.6207274,-0.90988934,0.39953375;-1.6952442,-0.104875885,-0.7865737;1.1355783,1.1143087,-1.8211623;0.91666514,-0.28821135,-0.18112908;1.5131536,-0.32836387,0.19347054;-0.17389382,1.9150788,0.5016656;-0.6124488,-1.163243,1.2477453;0.21994165,0.81361026,0.9727564;0.2014318,0.099633396,0.3976154;1.0368152,0.33053592,-0.26187044;1.0963713,-0.118883215,0.1532504;-0.48835588,1.5731595,0.51478565;0.9784642,-0.28041604,-0.01576541;-1.0440174,1.048016,0.17606781;2.2543895,-0.43399218,0.33186346;0.7963305,-0.8613523,-0.12924296;-0.68836534,-0.8998029,-2.567004;1.4449601,-0.8800536,0.06258286;2.309901,-0.39867002,0.29573444;0.5108603,-0.076591715,0.59954196;-0.5110139,-0.6658884,-2.202289;-0.6040461,1.7495104,0.36079782;-0.25078732,0.6796585,0.5738898;1.9279342,-0.30534428,0.19871032;-0.57157516,1.3801087,0.48743534;2.0594478,-0.46704012,0.36133265;-1.297454,1.5358437,0.30840144;1.6331321,-0.18411313,0.034178805;-0.57163054,1.8756164,0.45103404;1.0907663,-0.9614436,0.61889887;-0.7929033,2.0663018,0.3776761;-0.31985986,-0.76760244,-1.9879946;-0.45677128,-1.3501846,1.7714666;0.7227485,-0.9554213,0.7101568;-0.82147294,0.15507053,0.8568652;0.11331468,-0.5031857,0.6479158;-0.5102515,-0.90781933,-2.1597412;0.53258485,-0.58973503,0.099449426;0.7860193,-0.6029451,0.16426758;-1.120576,0.75033355,0.7926894;-0.57706314,0.38522127,0.70518976;0.16818614,0.8264568,0.9473069;0.10822478,1.0219436,0.96476984;-1.027287,-0.10255945,-0.46558776;0.17340416,-0.68208563,-0.71834636;-0.017825691,0.09176365,0.3445971;-0.5420964,-0.846836,-2.2621117;1.6916878,-0.6677857,0.050582457;1.0786841,1.1807307,-1.5241082;-1.1002728,0.78882617,0.87783545;0.9634109,-0.9751368,0.4930365;-0.37317273,2.0883317,0.681202;1.3363072,0.1676048,-0.04598235;-0.69923455,-1.3535295,1.7763084;1.6803799,-0.179673,0.19799504;-2.2183921,0.12055663,-0.76843476;-0.3429389,-1.0375013,-1.9250866;0.88711596,1.2075177,-1.3735855;1.8044727,-0.58933616,0.39149854;-0.44699457,-0.3431991,-0.24381417;0.10064425,-1.5739332,1.3478092;1.0938103,1.2785654,-1.6076989;1.6509982,-0.23386756,0.27794173;1.8568752,-0.47566703,0.22848168;-0.82373357,1.1083909,0.28329113;0.7387511,-0.31681028,0.44072893;-0.33913478,-0.96263963,-1.9467679;0.1733761,-0.65930295,-0.53735375;1.365026,-0.56724167,-0.04278369;-2.170041,-0.14912273,-0.9780249;1.2572329,-1.036444,0.36479953;-0.7747371,-1.1869026,1.3279656;-0.35668918,-1.1413113,1.1691855;1.5421945,-0.87235427,0.16344939;0.44252536,-0.024879534,0.1018898;1.1458309,-0.30982915,-0.025495078;-0.6687344,-0.9241637,1.3937777;-0.7757416,0.37910923,0.86986667;1.5991455,-0.2649479,0.24238063;0.4137968,-1.6734036,1.2114401;-0.69699126,-0.884436,1.3594717;0.14335544,-1.6186435,1.354601;-0.24363732,-0.69131756,0.862284;-0.1298058,-1.527978,1.4816236;-1.1674104,-0.088641904,-0.6104959;-0.01490749,1.5130576,0.8001139;1.0960974,1.2008365,-1.1606133;0.16605945,-0.688738,-0.77433693;-0.07036795,1.4780319,0.87452745;-0.86047137,0.0073059886,-0.3590986;-1.6919342,2.1783912,0.2958942;-0.6702207,-0.9040188,-2.5346577;-0.025997687,-1.5435611,1.4642023;0.3996793,-0.7932457,0.024998754;0.12118659,-0.6349116,-0.5108903;-1.210762,0.67962736,0.79063565;-0.8492037,-1.173959,1.4412724;-0.43181324,-0.88648236,-2.2571144;-1.6160016,1.7689308,0.4255183;0.7328721,-0.2714066,0.36964005;0.55843425,-0.04556677,0.3046363;-0.41173905,-1.0181775,-1.9211314;0.8849439,-0.94725317,-0.05901819;-0.258091,-0.4688892,-0.20922807;0.19036725,-0.32816204,0.11375414;0.2624323,0.0035391364,0.7568264;-0.35145482,-1.4301866,1.63411;-1.0836394,1.1224025,0.36548528;-0.42785943,0.14222392,0.25533065;1.4361292,-0.6814686,0.022198787;-0.014878246,-0.035507977,0.21325672;-0.5859905,-1.409951,1.8045517;0.07469182,-1.5555558,1.3579576;-0.8299975,0.47885442,0.91226506;0.48986754,-0.1514335,0.38779485;2.2511883,-0.40759093,0.3357549;-0.041442353,-0.69569665,-1.2579241;-0.07177432,1.717922,0.8978847;-0.08712538,-0.7157451,-1.5296996;-0.53843725,1.0407571,0.6378082;-0.6003064,1.886114,0.28618598;-0.47625118,2.1920674,0.59955704;0.5202042,-0.97002983,-0.45106745;-1.5143647,1.5703253,0.57250464;0.38670337,-0.75388247,-0.0442001;0.18472156,-0.41956708,0.6899735;1.1330264,1.4396685,-2.252868;1.0751336,-0.3494378,0.6095725;-0.06316527,-0.8524332,-1.5339252;1.3577337,-1.0308187,0.20585582;-0.2495437,-0.13616237,-0.06275845;-0.24867114,-1.1505527,-1.7591497;-2.248085,-0.05659702,-0.884099;0.84207946,-0.9466513,0.14265877;0.28455305,-0.64211315,0.30396754;0.41310436,0.59787166,0.97338814;-0.56921494,-0.81143445,1.2723517;-0.5835818,-1.1537503,1.2299426;0.9486578,-0.37459433,0.79748994;2.1726565,-0.3633668,0.35344744;-0.66433424,-0.8925723,-2.5078952;-1.9170374,-0.13953419,-0.8222924;-1.4822587,1.3605949,0.6492396;-0.06974712,-0.77722085,-1.5990696;0.769348,-0.58382076,-0.016746467;-0.012564853,-0.7638607,0.55517316;1.1402518,0.23609945,-0.06702199;-1.5951301,1.984584,0.2720165;-1.1849537,1.4511206,0.29110083;-2.0636544,-0.19894436,-0.9191225;-0.41369474,-0.97391576,1.5522033;1.0776876,1.1021905,-0.7329193;1.184679,-0.058416933,0.7667454;-1.3391275,-0.08871557,-0.712228;0.4517738,0.5477011,0.95986736;1.1395619,1.2672166,-1.9646231;-0.6145922,1.6622986,0.45957634;-0.2052954,0.8047742,0.44834685;0.17559215,-0.5100117,0.6997025;-0.030645363,1.4580272,0.94732326;-0.9092824,0.04828905,-0.40291202;-1.4101572,1.225349,0.657127;0.5016211,0.03500689,0.22129612;0.9436651,-0.74162674,0.22433685;1.4391153,-0.9084415,0.4817331;0.86316246,-0.8469354,0.9255845;-0.57793814,-1.3945587,1.7877036;-0.04886768,0.61336863,0.76372737;-0.1250109,0.79493815,0.7141444;-0.7673185,-0.07769072,-0.32889897;-1.0619248,1.1436838,0.34190142;-0.4932855,2.2322192,0.6008777;1.0832818,1.1657171,-1.576649;0.9284585,1.123373,-0.9000104;1.3241947,-0.72174627,-0.057520576;-0.3011262,-0.60797423,0.6771118;-1.6290747,1.9895402,0.3570569;-2.3273528,-0.19138336,-0.900578;0.56874853,-0.75322765,0.154295;0.754808,-0.9476789,0.16406062;0.6340068,-0.2028514,0.5003285;-0.6025464,1.7795336,0.42298326;-1.1336294,0.022567777,-0.5347483;-0.29344526,-0.39136684,-1.4855537;-0.22564748,-0.61923355,-0.24768119;0.38141733,-1.629366,1.2392315;-1.5210612,1.4800156,0.5413909;1.5962431,-0.4562588,0.47330067;2.2389379,-0.3449723,0.30072638;-0.37051052,-0.95713073,1.4178019;-0.049906947,-0.63866526,-1.2022846;0.28217673,-0.7440816,-0.6526383;1.1258526,1.2650964,-1.9037684;1.4211679,-0.052132413,0.17306152;-1.147139,0.62449956,0.7579234;0.95338976,-0.30471534,0.5441138;1.0421536,1.2274439,-1.2078664;-1.5666386,-0.08285059,-0.7356579;0.8844728,1.2213498,-1.3652397;-1.2101061,0.614313,0.6371226;1.1703627,-0.08862519,0.27887318;-0.572934,-0.80265814,1.2637304;-0.37093773,1.2805469,0.55160224;2.1128924,-0.27488825,0.33758798;0.9503363,-1.1521208,0.7523403;-1.4080827,1.2560208,0.6877543;-1.0448477,-0.002153637,-0.49934018;1.0540886,1.2058158,-0.89355916;2.1646051,-0.2634143,0.3322379;-0.36015072,0.9493274,0.5877884;0.47566628,-0.9289603,-0.4618126;0.080679454,-0.7469327,-1.0030173;1.4330506,-0.95334214,0.04506528;-0.18905024,0.7099914,0.62821096;1.0548581,1.2644298,-1.8230208;1.107665,1.4301983,-2.2033348;-0.38259196,-1.0277588,-2.1844778;-2.4036732,-0.103100345,-0.9147075;-0.021733172,-0.7338314,-1.7457656;-0.1647475,0.31214553,0.2692147;-0.23001583,-0.4630713,-1.450607;-2.1797452,-0.06110282,-0.88748306;-1.0852879,1.0215912,0.40780413;-0.31853935,1.0041877,0.6229789;0.960115,1.449739,-1.5997036;0.8976211,0.075150825,-0.04050254
