data_set
babi-q1
num_classes
6
data_points
1000
model
saved_models/babi-q1-e0111.ckpt
color_schema
#4E79A7,#F28E2B,#E15759,#76B7B2,#59A14F,#EDC948,#B07AA1,#FF9DA7,#9C755F,#BAB0AC
test_accuracy
0.844
test_loss
0.4605516767501831
train_accuracy
0.902875
train_loss
0.2681553293317556
val_accuracy
0.8595
val_loss
0.3882110652923584
labels
12,9,15,12,15,12,11,12,17,17,15,11,17,10,10,15,11,15,17,15,12,17,17,12,10,10,10,15,15,15,12,17,15,15,9,17,9,11,15,10,9,11,9,12,11,15,12,9,17,10,10,17,11,11,15,10,15,12,11,12,12,17,9,11,11,15,15,9,17,17,11,12,11,10,9,15,15,15,12,17,11,9,10,11,17,11,11,12,15,15,9,9,12,9,9,15,15,15,10,10,10,9,17,11,11,12,10,9,17,10,9,9,15,12,15,11,17,15,9,17,10,9,10,12,10,17,11,11,11,9,11,12,9,11,15,9,17,15,9,9,17,12,12,17,10,15,15,15,15,15,11,11,9,17,10,9,11,10,17,12,10,10,10,11,9,11,11,11,15,10,17,17,11,9,9,17,15,10,17,17,12,12,12,12,10,9,17,11,15,17,12,15,11,12,12,11,17,15,9,10,12,17,17,10,12,9,15,12,9,12,9,10,12,10,9,10,9,12,12,9,9,12,15,12,10,17,12,11,9,9,17,11,12,17,12,10,10,10,10,17,12,15,11,11,15,15,11,11,11,11,10,17,9,9,10,10,17,17,15,11,11,17,12,17,17,9,11,10,9,10,15,17,17,15,9,17,15,12,17,9,9,11,17,17,11,17,9,17,11,9,15,15,10,15,15,11,11,12,12,9,9,9,9,17,12,11,9,17,17,15,11,11,17,10,11,17,10,17,17,11,11,15,15,11,11,9,10,11,11,10,15,17,15,10,10,17,12,17,12,12,12,11,17,15,11,17,12,12,15,15,10,11,11,10,10,9,17,12,11,12,11,9,11,11,11,11,11,12,12,12,12,12,11,11,17,10,15,9,9,10,9,10,10,17,17,15,17,17,17,15,15,12,9,10,17,17,10,17,9,11,10,11,10,15,17,15,12,10,11,15,10,11,9,12,17,10,10,15,12,9,12,12,9,12,10,15,15,17,10,10,17,15,15,15,17,11,15,9,10,11,10,12,9,11,10,11,10,12,11,15,15,15,15,11,9,15,10,12,11,12,9,11,10,17,11,11,10,10,10,17,12,17,17,9,15,11,9,15,11,9,10,10,12,12,11,10,9,12,10,9,15,10,10,11,11,15,15,10,12,12,15,11,9,12,9,15,10,17,17,10,10,17,10,10,17,9,9,10,12,11,17,17,12,12,11,12,17,11,11,12,11,11,11,17,9,11,10,12,12,10,11,17,12,12,15,11,15,15,12,10,10,9,17,10,15,12,15,10,10,10,11,10,11,15,10,9,9,15,10,10,10,10,15,15,17,9,10,12,10,10,12,12,11,15,10,10,11,12,10,10,17,12,17,11,9,9,17,17,11,10,10,10,15,15,17,11,15,12,11,10,15,17,9,11,9,17,15,12,15,17,11,17,17,15,9,10,9,9,10,10,9,10,10,15,11,11,11,15,12,9,11,11,10,17,11,11,12,17,15,15,9,11,15,15,11,9,15,15,11,15,15,15,11,10,10,9,17,17,17,17,10,10,17,9,15,9,17,12,12,12,15,15,15,17,9,11,9,17,9,12,11,9,9,17,11,11,11,10,15,10,12,12,9,9,17,12,12,9,17,12,11,11,15,15,12,11,12,17,12,17,11,12,11,17,17,11,17,9,11,9,10,10,12,17,10,12,9,9,9,15,11,11,15,17,9,10,9,12,17,15,17,17,12,10,12,11,11,17,15,9,17,10,9,11,12,15,9,15,12,10,9,10,17,17,15,15,9,9,9,17,10,17,17,9,12,17,17,12,12,11,11,11,11,17,11,17,17,17,17,17,12,9,17,10,17,11,10,10,12,12,11,11,17,12,12,17,17,15,11,17,11,11,9,12,9,17,9,10,9,15,11,9,11,15,10,9,9,9,17,12,11,11,17,15,15,10,10,11,11,17,10,12,9,10,10,10,10,10,15,17,9,11,17,15,12,11,10,10,15,12,10,11,12,12,11,11,11,15,12,17,10,12,17,17,12,10,10,12,17,10,11,17,11,12,17,17,11,12,11,17,9,9,11,17,11,11,15,15,17,17,10,10,17,12,11,15,12,11,11,10,9,12,12,15,10,9,17,15,17,9,17,17,10,17,15,12,12,11,10,10,10,17,17,15,12,17,9,9,15,10,12,15,15,15,17,17,15,11,15,10,12,9,9,10,11,11,9,9,12,15,9,15,9,12,12,10,17,17,10,12,15,9,10,17,11,11,11,17,9,9,11,15,11,11,11,15,12,17,9,10
pred_labels
12,9,15,12,15,12,11,12,17,12,15,11,15,10,11,15,11,15,12,12,12,17,17,9,11,10,10,15,17,15,12,17,15,15,9,17,9,11,15,11,9,11,11,15,11,15,12,9,17,10,10,17,11,15,12,10,15,12,12,12,12,17,9,11,12,15,15,9,17,15,11,12,11,10,9,15,11,15,12,17,11,9,10,10,17,11,11,12,15,15,9,9,12,9,9,15,15,15,10,10,10,9,17,11,11,12,10,9,17,10,9,17,15,12,17,11,15,9,15,17,10,9,9,12,10,17,11,12,11,9,11,10,9,11,11,9,17,15,9,9,17,12,12,15,10,15,15,15,15,11,11,11,9,17,10,9,11,10,17,12,10,12,10,11,9,11,11,15,15,10,17,17,12,9,9,17,15,10,17,17,12,12,12,12,10,9,17,11,15,17,12,15,11,12,11,11,15,17,9,10,12,17,17,10,12,9,15,12,9,9,9,10,12,10,11,10,9,12,12,9,9,17,15,17,10,17,17,11,9,9,17,11,12,17,17,10,10,9,10,17,12,15,11,11,15,15,11,11,9,11,10,10,9,9,10,10,17,10,15,11,11,17,12,17,12,9,11,10,9,10,15,17,17,15,15,17,15,12,17,9,9,11,17,12,11,17,9,9,11,9,15,15,10,15,15,11,11,12,12,9,9,9,12,17,17,11,9,17,9,15,11,11,17,10,10,17,10,17,15,11,11,15,15,11,10,9,10,11,15,10,15,17,17,10,17,17,12,9,12,10,12,11,17,15,11,17,17,12,12,15,10,11,11,10,10,9,17,12,11,12,11,9,11,11,11,11,11,12,12,17,12,12,11,11,17,10,15,9,11,10,9,9,12,17,17,15,17,17,17,15,15,12,9,10,17,17,10,17,9,11,10,11,10,15,17,15,12,17,17,15,10,11,9,12,17,10,10,15,12,9,12,11,9,10,10,15,9,17,10,10,17,15,15,10,17,11,12,9,10,11,10,12,9,11,10,11,10,12,11,15,15,11,15,11,9,15,10,12,11,12,9,11,10,17,11,11,10,11,10,17,12,17,9,17,15,11,9,15,11,9,10,15,12,12,11,10,9,12,10,9,15,10,10,10,10,15,17,10,12,12,15,11,9,12,9,15,10,17,17,10,10,17,10,17,15,9,9,10,12,11,17,17,12,12,11,12,17,11,12,12,11,11,11,12,9,11,10,12,12,10,11,17,12,12,15,11,15,15,12,10,10,9,17,10,15,12,15,10,10,9,11,10,11,15,10,9,9,15,10,17,10,11,15,15,17,9,10,12,10,10,12,10,11,15,10,10,11,12,10,10,17,12,17,11,9,9,17,12,12,10,10,10,15,15,17,11,15,12,12,10,15,15,15,11,9,17,15,12,10,17,11,17,10,15,9,10,9,9,10,10,9,10,10,15,15,11,11,15,12,9,11,10,10,17,11,11,12,17,15,11,9,11,15,15,11,9,15,15,11,15,15,12,11,10,12,9,17,17,17,10,10,10,17,9,15,9,17,12,17,10,15,15,15,17,9,11,9,9,9,12,11,9,9,17,11,11,9,9,15,10,12,12,9,9,17,12,11,9,12,11,11,11,15,15,12,11,12,17,17,17,11,12,17,17,17,11,12,9,11,9,10,12,12,17,12,12,9,9,9,11,11,11,11,9,9,10,9,12,17,15,17,12,12,10,10,11,12,17,9,9,17,10,9,11,12,15,9,15,12,10,9,10,17,17,12,15,9,9,9,17,10,17,17,9,9,17,9,12,12,11,11,11,9,17,11,17,17,9,17,9,12,9,17,10,17,11,10,10,12,17,11,15,12,12,12,17,17,15,11,17,11,11,9,12,10,17,9,10,9,15,11,9,9,15,10,9,9,9,17,12,11,11,11,15,10,10,10,11,12,9,10,12,9,10,10,10,10,10,15,17,9,11,17,15,12,11,10,15,11,12,10,11,12,12,12,11,11,15,15,17,10,12,17,15,12,10,10,12,12,9,11,17,11,12,17,17,11,12,15,17,9,17,11,11,15,11,15,15,11,17,10,10,17,9,11,15,12,11,11,10,9,12,12,15,10,9,17,15,17,9,17,17,10,17,15,12,12,12,10,10,10,17,17,15,12,17,9,9,15,10,12,15,15,15,17,17,15,11,15,10,12,9,9,10,11,11,9,9,12,12,9,15,9,12,9,10,17,17,10,12,15,9,9,17,11,11,11,17,9,9,11,15,11,17,11,15,12,17,9,9
pred_correctness
True,True,True,True,True,True,True,True,True,False,True,True,False,True,False,True,True,True,False,False,True,True,True,False,False,True,True,True,False,True,True,True,True,True,True,True,True,True,True,False,True,True,False,False,True,True,True,True,True,True,True,True,True,False,False,True,True,True,False,True,True,True,True,True,False,True,True,True,True,False,True,True,True,True,True,True,False,True,True,True,True,True,True,False,True,True,True,True,True,True,True,True,True,True,True,True,True,True,True,True,True,True,True,True,True,True,True,True,True,True,True,False,True,True,False,True,False,False,False,True,True,True,False,True,True,True,True,False,True,True,True,False,True,True,False,True,True,True,True,True,True,True,True,False,True,True,True,True,True,False,True,True,True,True,True,True,True,True,True,True,True,False,True,True,True,True,True,False,True,True,True,True,False,True,True,True,True,True,True,True,True,True,True,True,True,True,True,True,True,True,True,True,True,True,False,True,False,False,True,True,True,True,True,True,True,True,True,True,True,False,True,True,True,True,False,True,True,True,True,True,True,False,True,False,True,True,False,True,True,True,True,True,True,True,False,True,True,False,True,True,True,True,True,True,True,True,True,True,False,True,True,False,True,True,True,True,True,False,True,True,True,True,True,True,False,True,True,True,True,True,True,True,True,True,False,True,True,True,True,True,True,True,True,False,True,True,True,False,True,True,True,True,True,True,True,True,True,True,True,True,True,True,False,True,False,True,True,True,False,True,True,True,True,True,False,True,True,True,False,True,True,True,True,True,False,True,True,True,False,True,True,True,False,True,False,True,True,False,True,False,True,True,True,True,True,True,False,True,False,True,True,True,True,True,True,True,True,True,True,True,True,True,True,True,True,True,True,True,True,False,True,True,True,True,True,True,True,True,False,True,True,False,False,True,True,True,True,True,True,True,True,True,True,True,True,True,True,True,True,True,True,True,True,True,True,True,True,False,False,True,True,True,True,True,True,True,True,True,True,True,True,False,True,False,True,True,False,True,True,True,True,True,True,False,True,True,False,True,True,True,True,True,True,True,True,True,True,True,True,True,True,False,True,True,True,True,True,True,True,True,True,True,True,True,True,True,True,False,True,True,True,True,False,False,True,True,True,True,True,True,True,False,True,True,True,True,True,True,True,True,True,True,True,False,False,True,False,True,True,True,True,True,True,True,True,True,True,True,True,True,True,True,True,False,False,True,True,True,True,True,True,True,True,True,True,True,True,True,False,True,True,True,True,False,True,True,True,True,True,True,True,True,True,True,True,True,True,True,True,True,True,True,True,True,True,True,True,True,True,False,True,True,True,True,True,True,True,True,True,False,True,False,True,True,True,True,True,True,True,True,True,False,True,True,True,True,True,True,True,True,True,True,True,True,True,True,True,False,False,True,True,True,True,True,True,True,True,True,False,True,True,False,False,True,True,True,True,True,False,True,True,True,False,True,True,True,True,True,True,True,True,True,True,True,False,True,True,True,True,True,True,False,True,True,True,True,True,True,True,False,True,True,True,True,True,True,True,True,True,True,True,False,True,True,False,True,True,True,True,False,True,True,True,True,True,True,True,True,False,False,True,True,True,True,True,True,True,False,True,True,True,True,True,True,True,True,False,False,True,True,True,True,True,True,True,True,False,True,False,False,True,True,True,True,True,True,True,True,False,True,True,True,False,True,True,True,False,True,True,True,True,False,True,True,False,True,True,True,True,False,True,True,False,False,True,True,True,True,True,True,True,False,True,True,False,True,False,True,False,True,True,True,True,True,True,True,True,True,True,True,True,True,True,True,False,True,True,True,True,True,True,True,True,True,False,True,False,True,True,True,True,True,False,True,True,True,True,False,True,False,True,True,True,True,True,True,True,True,True,False,True,False,False,True,True,True,True,True,True,True,True,True,True,True,False,True,True,True,True,True,True,True,False,True,True,True,True,True,True,True,True,True,False,True,False,True,True,True,False,False,True,True,True,True,True,True,True,True,True,True,True,True,True,True,True,True,True,False,False,True,True,True,True,True,False,True,True,True,False,True,True,True,True,False,True,True,True,True,False,False,True,True,True,True,True,True,True,True,False,True,True,False,True,False,False,True,True,True,False,True,True,True,True,False,True,True,True,True,True,True,True,True,True,True,True,True,True,True,True,True,True,True,True,True,True,True,True,False,True,True,True,True,True,True,True,True,True,True,True,True,True,True,True,True,True,True,True,True,True,True,True,True,True,True,True,True,True,True,True,False,True,True,True,True,False,True,True,True,True,True,True,True,False,True,True,True,True,True,True,True,True,True,True,False,True,True,True,True,True,False
p2d-kl
0.5201385021209717
p2d-iter
599
p2d
-0.9868689,1.9052837;0.59165466,-1.1386236;0.30146852,1.1576428;-0.9367198,1.6636016;0.5487496,1.7472997;-0.7919545,1.7305632;-1.7306397,-0.54821277;-0.48878628,1.2140846;-0.055982023,-0.3490228;0.40397963,-1.1248375;0.45511955,1.435853;-1.1056075,-0.64183056;-0.1242597,0.69622165;1.2846223,0.4883157;-0.033777285,-1.0075572;0.32992542,1.2096184;-1.7103266,-0.6077698;0.49824557,1.461577;-0.19283473,-0.41981843;-0.067995444,-0.26476738;-0.7256847,1.6211036;-1.0747932,0.6333006;0.08128591,-0.26394424;0.18433362,-1.7145114;-0.033633064,-1.2861589;1.7134446,0.7044724;1.7665635,0.70940745;0.4880354,1.2771617;-0.30144954,0.84886134;0.14377873,-1.3881385;-0.71020013,1.3877766;-1.2015033,0.7776345;0.5779724,1.7327178;0.37863988,1.3968844;1.7571683,-1.0571872;-1.1439527,0.6805827;1.3239226,-1.0492216;-0.9895166,-0.6670178;-0.028590608,0.06279299;0.006692509,0.15999134;2.0686495,-0.85427094;-0.41430676,-1.0048867;-0.060328204,-1.2015852;-0.014795418,0.35573953;-1.4117583,-0.594362;-0.007571228,0.5611488;-0.17051718,-0.34482002;2.0933926,-0.9214964;-0.8340118,0.22704972;1.2442791,0.13249987;1.225292,0.1364405;-0.884937,0.44506136;-0.913813,-0.6570941;-0.0825595,-1.0464747;-0.020515054,0.29484287;1.7120764,0.72037524;-0.0638907,0.50696504;-0.6076118,1.4354873;-0.7971986,1.3215849;-0.934258,1.4209346;-0.9808273,1.8848472;-0.9702156,0.3431505;2.0617547,-0.8805134;-0.028789368,-1.7573943;0.00013390815,-0.121948056;0.6017668,1.6630969;0.010477809,-1.4455149;0.098778754,-1.8416444;-0.9960584,0.61791945;0.02249883,0.04238451;-1.7688774,-0.47972897;-0.8870479,1.5444043;-1.1765839,-0.7354227;1.2749157,0.10525788;1.8442729,-0.8906748;0.5246899,1.5186777;-0.32021803,-0.67488295;0.5432503,1.6779383;-0.80193484,1.2577721;-0.95335084,0.5773109;-1.9590962,-0.48010245;1.5141656,-1.0786166;1.6394466,0.50771093;0.12253262,0.21053782;-1.0562357,0.4952246;-1.8005527,-0.52819556;-2.0293841,-0.502434;-0.970947,1.9036534;0.56092876,1.674938;0.5352039,1.4113209;2.0268366,-0.8747439;1.5854329,-1.0728465;-0.74988663,1.4950191;1.4233229,-1.0753855;0.031926353,-1.728896;0.32219848,1.1304919;-0.020853434,0.47164202;0.49862695,1.3969059;1.2329378,0.49395663;0.074473776,-0.99174845;1.7100667,0.49775454;1.3228366,-1.1008242;-0.7295233,0.75382805;-0.3743907,-0.9700859;0.0579278,-1.4589883;-0.54537845,1.4061531;1.1542825,0.11766496;0.18859006,-1.6100686;-0.9514737,0.93490314;1.35135,0.26854524;2.047884,-0.80438936;0.019303966,-1.5277554;0.4834706,1.3706487;-0.80267143,1.785234;-0.14704378,0.7317371;-0.956511,-0.69471014;-0.14630681,-0.38109478;0.32892418,-1.2347386;-0.16487628,-0.6613261;-0.6172886,-0.07729772;1.1923021,0.11355445;1.693187,-0.96699077;0.30095097,-0.75676036;-0.6862434,1.0327824;1.6817842,0.7257562;-1.1680447,0.75833243;-1.5858852,-0.6221353;-0.00958946,0.09000399;-1.5333995,-0.5724549;1.3425645,-1.0508112;-1.8363495,-0.53572464;0.27147865,-0.010748195;1.2223874,-1.039546;-0.31722125,-0.76637363;-0.3453505,-0.6935664;2.0842423,-0.89357257;-0.8547983,0.86085117;0.49871135,1.5995595;0.71509194,-1.0478518;0.17234802,-1.4636962;-1.1199487,0.7415375;-0.93728024,1.6986246;-0.016402623,-0.5575817;-0.2315278,0.80640274;1.0416329,-0.10030749;0.5585839,1.5924315;-0.043926705,-0.8875391;0.5019434,1.3132604;0.4920791,1.4354607;-1.1513234,-0.5116308;-0.9162549,-0.7666308;-1.6119978,-0.7069315;0.32756498,-0.33397964;-0.7218331,0.8685601;1.315078,0.27976835;1.547847,-0.99467283;-0.30624402,-1.0739925;0.107161894,-0.75744885;-0.7668589,0.17610076;-0.46475518,1.3300288;1.6018329,0.73272854;0.014800442,-0.6737655;1.1960577,0.14384069;-1.1149668,-0.6408356;0.57516,-1.124345;-1.7759094,-0.55615646;-0.044550974,0.2063038;0.057876974,0.40779915;0.022166999,0.48492357;1.6138027,0.517181;-0.94897354,0.392781;0.026345292,-0.3251608;-0.0039323424,0.21419378;1.3446848,-0.9644885;0.14039879,-1.7366186;-0.99671584,0.5213781;0.4136824,1.3858432;1.5443351,0.48901048;-0.73278105,0.21358652;0.0072135646,-0.51032615;-0.7370723,1.5964894;0.013774352,-0.11444792;-0.48016027,1.3054969;-0.7734337,1.7145476;1.4292219,0.4964465;1.9237881,-0.8785135;-1.1943598,1.0385823;-0.8272294,-0.7696874;0.4427883,1.275701;-1.2182673,1.0005264;-0.86816925,1.8083371;0.5659906,1.7440585;-2.0929883,-0.4838713;-1.0170355,1.8909655;0.042805348,-0.8831622;-1.9951499,-0.48610562;-0.024701187,-1.0675882;0.12439957,0.30158734;1.3217909,-1.010268;1.0075618,-0.13772075;-0.8131822,1.5352291;-0.923657,0.3482378;0.11314952,0.15725689;1.0711242,-0.018817766;-0.6055086,1.1527007;1.9326767,-0.91444105;0.18289143,0.9745686;-1.0109062,1.8748703;0.25322425,-1.6317786;0.107670136,-1.5574172;1.5890046,-0.9756665;1.2188424,0.08820222;-0.91374743,1.4313165;0.3281427,-1.6155407;0.007534654,-1.6082323;1.6001989,0.6666411;1.289604,-1.0825803;-0.7966456,1.7093138;-1.0380739,1.9308039;0.04813902,-1.2326295;1.4115839,-1.0378029;-0.64142156,0.73770106;0.38409522,1.3355628;0.08471927,0.31255028;1.5302153,0.42950574;-0.8439093,0.2677812;0.19546887,-0.15980724;-1.6363404,-0.55854;1.9081142,-0.8663589;0.32393116,-0.34954807;-0.82700914,0.26286575;0.045804944,-1.6983849;-0.8302863,1.4018568;-0.9447986,0.63630545;0.28347224,-0.95103586;1.5251523,0.3703713;0.34582606,-0.023118004;0.044581063,-1.88835;1.292739,0.105821885;0.14553645,-0.48765606;-0.51055527,1.3494327;0.5684591,1.7126522;-1.8175184,-0.6074497;-0.09998991,-1.0201213;0.2826325,1.1126401;0.5830391,1.5883775;-2.0729952,-0.42615464;-0.34966886,-0.7053169;0.39936587,-1.1642132;-1.021333,-0.57716066;1.1127957,-0.00094794;0.10947403,-0.69687074;1.23708,-0.96423304;0.01881778,-1.9726418;1.596783,0.41444162;1.4418716,0.30198103;-1.0797173,0.5734801;0.11814159,-1.0111163;0.10706707,0.7788205;-1.9708229,-0.42931196;-2.0471523,-0.41266882;-0.7736476,0.19799168;-0.6599568,1.5008739;-0.85560966,0.40038785;0.11243555,-0.00530677;1.6218935,-0.97496086;-1.2472275,-0.6070581;1.7823716,0.6389153;0.2730054,-0.25216725;1.0990026,-0.07674277;0.55094653,1.5494901;-0.7055692,0.7287732;-0.05653329,-0.29739395;0.3617255,1.237984;-0.0092133,-0.19775832;-0.8274574,0.48954222;-0.20139402,-0.6525638;-0.9909992,1.8652374;-0.840683,1.0224777;1.9710466,-0.9253184;2.0624895,-0.8539244;-0.9768656,-0.7701959;-0.68468904,0.058802024;-0.070890106,-0.6072365;-2.0833154,-0.4518338;-1.0410956,0.5409341;0.6334274,-1.124796;0.060422048,-1.7959999;-1.4593948,-0.642536;1.5236262,-1.043057;0.6063136,1.6637163;-0.23557146,-0.59955126;1.3620168,0.2793509;0.51956654,1.4416485;0.58763725,1.626868;-1.2011794,-0.64542097;-0.27055946,-0.84117484;-0.011556976,-1.0883052;-0.9105745,1.6283687;1.260668,-1.0960435;1.8335477,-0.90139896;-0.024015034,-1.8551797;-0.11679895,-0.33394292;-1.0339991,0.56990844;-0.5986789,0.8853683;-0.8836912,-0.772294;1.7334138,-1.0548378;0.25746664,-0.20088346;0.0525744,-1.9310555;0.23088121,0.9231685;-0.86503094,-0.7655098;-0.027940959,-0.80257046;-0.010385526,-1.5161144;1.4131603,0.44267762;0.053997435,-0.9468163;-1.0932708,0.6352845;1.0859584,-0.029094951;-0.9329014,0.42348006;0.04779549,0.3404831;-1.0643648,-0.55099446;-1.933487,-0.5196996;0.60837275,1.7685546;0.290241,-1.1550375;-1.9316653,-0.62736636;0.045332458,-0.72231174;1.7679553,-0.9368744;1.6429017,0.72137845;-1.8729627,-0.61262476;-0.012440097,0.39747453;1.287767,0.54967636;0.31146604,1.1991667;-0.9756482,0.4213459;0.077406645,0.3119529;1.2034374,0.53189117;0.12951048,0.037188824;-1.2204328,0.9771244;-0.6481866,1.4649625;0.105071045,-1.7673008;-0.7833856,1.6142381;0.09517881,-1.9248842;-0.9025723,1.8308127;-1.4846507,-0.58702624;-0.7132432,0.10815147;0.52414775,1.6994817;-1.3687594,-0.66702074;-1.0127803,0.48274085;-0.6986783,0.96704996;-0.816329,1.6342847;0.06914548,-0.8423271;0.6359297,1.810386;1.8228942,0.73776555;-0.22204593,-0.350597;-1.9584962,-0.55758804;1.4999874,0.31114113;-0.062402487,-1.3079664;1.4192556,-1.0073265;-1.202819,0.79183924;-0.51711595,1.1206572;-1.9328899,-0.5012906;-0.719479,1.5578858;-1.4640329,-0.63638115;1.2088896,-0.9490439;-0.8009355,-0.77870363;-0.07275377,0.27772185;0.011564076,-1.7049814;-2.1077619,-0.33186498;-0.042983245,0.294232;-0.4040849,1.2534447;-0.95575875,1.8099831;-0.05171134,-0.52367824;-0.62013406,1.4996339;0.2583075,-0.89818764;-0.9628335,-0.67882305;-0.05781304,-0.94720113;-0.9423354,0.43966988;1.2956289,0.27321646;0.62565655,1.7147927;1.2237389,-0.97778314;-0.163411,-0.6254652;1.343914,0.50102025;2.019646,-0.9067887;-0.015723253,-1.8857913;0.08004051,-1.8155661;-0.009154188,-0.40255484;0.063718386,-0.31392708;0.052650366,0.66591203;-0.96749157,0.70449775;-0.9125078,0.34787765;0.28442731,-0.9080742;0.072941095,0.9609935;0.51748633,1.5293828;-0.65072906,1.421742;0.68763083,-1.060608;1.1778258,0.058080036;-1.0346967,0.94152546;-0.9655135,0.44516605;1.526318,0.54804605;-1.2294163,1.0393955;1.5965271,-0.9459982;-0.35997778,-1.0217494;1.4631792,0.31711155;-2.1304023,-0.34402558;1.6010381,0.7012482;0.41588658,1.2864299;-0.89922756,0.4883903;-0.07676385,0.43145955;-0.33897042,0.9157481;0.14620031,-0.10546679;-0.022046018,-0.5435088;0.11376888,0.8872773;1.739063,0.5522223;-1.3729323,-0.6601638;1.6445643,-1.024747;0.10529376,-0.16418202;-0.8306928,0.35791302;1.123162,-0.039018326;0.18431376,-0.7679502;0.030796371,0.58848834;-0.37574115,0.9010505;1.2086358,-1.027875;0.05549221,-0.44794306;0.0041866875,0.11079925;1.9971912,-0.899728;0.15956913,-0.9009254;1.3809956,0.33467123;0.23892221,1.0057207;0.29313913,-1.2660104;-0.63963425,-0.036339838;1.7006302,0.52966744;0.2060221,-0.62933546;-1.0988616,0.90376294;0.16986519,0.9203032;0.34707084,1.1329598;0.20744249,-0.57280415;-1.0782224,0.7351838;-1.8802208,-0.48136446;-0.04991015,-1.1127282;0.2736685,-1.4107542;-0.0067065125,-1.2651129;0.044385646,-0.8295428;1.7667594,0.7179946;-0.91545784,1.4292473;0.17504534,-0.27981827;-0.39339346,-0.79413134;1.4017051,0.36213267;-0.34548664,-0.8842665;0.13729784,-0.60322064;-0.44409493,1.3100735;-0.33710983,-0.8536355;0.6363731,1.8416876;0.51684576,1.579266;-0.21175377,-1.1320353;0.6630643,1.7802802;-1.1259632,-0.65256846;1.4896796,-1.0685887;0.44623032,1.4133167;1.2270793,0.16265956;-0.93445843,1.6866966;-1.2782708,-0.66938317;-0.8333055,1.7175584;1.4557215,-0.98052436;0.06669259,-1.6736863;0.1033452,-0.78338677;-1.1595428,0.71440417;-1.7149165,-0.6438508;-1.9029616,-0.5095365;1.4302825,0.37265643;-0.07319367,-1.4293339;1.2120378,0.033491284;-0.982121,0.55191904;-1.031197,1.958896;-1.0864941,0.7887012;0.23506406,-0.2141522;-0.6346054,0.8732484;0.60240895,1.6924024;-1.2693278,-0.614796;1.5960565,-1.022003;0.1634544,0.85322565;-1.5958798,-0.61928093;1.4020566,-0.9928816;1.7440248,0.73079807;0.011716911,-0.74355704;-0.82664305,1.2815243;-0.61481786,0.91876614;-1.1872036,-0.6086897;1.1425377,-0.0048057735;1.9157234,-0.98031825;-0.34863028,1.2670245;1.316304,0.3500549;-0.55471826,0.9599086;0.5496384,1.558323;1.3881788,0.26033342;0.0055606803,-0.916352;0.27364185,-0.56180125;0.20322002,0.27668917;0.18701136,0.95697117;0.17218913,0.09410921;1.4630376,0.39219293;-0.3459369,1.2832528;-0.07967293,-0.6218689;0.3638892,1.2759653;-0.32881695,-0.7574743;0.39362067,-1.2076489;-0.7814354,1.3683252;1.2574931,-0.9891566;0.5299721,1.6008009;1.3207108,0.49200776;-0.67900074,0.041644342;0.21696353,-0.12345983;1.2712196,0.40346318;1.6113907,0.4531359;-0.7942301,0.32959712;1.4940848,0.5946099;0.18716633,-0.039964966;0.17826338,0.2986421;1.9811684,-0.86118966;-0.012074646,-1.9763399;0.20147187,-0.7587352;-0.5082583,1.2319534;-0.39971712,-0.99033386;-1.0351347,0.6656312;-1.1235777,0.984217;-0.8024623,1.359488;0.1786418,-0.8676258;-1.5488611,-0.6772386;-0.83152825,1.7623477;-1.0421532,0.51361734;-1.6857015,-0.68186086;0.015552265,0.25514868;-0.54994226,1.4039186;-2.0870268,-0.3865872;0.14349358,-0.55686283;-1.709608,-0.4931835;0.11478793,-0.5945991;0.6756029,-1.110492;-1.9411,-0.46115583;1.7684324,0.59016854;-0.6552906,1.6134084;-0.051207174,-0.5743778;1.7690084,0.5918702;-1.9300789,-0.53273964;-1.0846515,0.9075562;-0.37809196,1.2509476;-0.6657319,1.5669744;0.5622392,1.413592;-1.7829078,-0.48212513;0.1309235,0.8716595;-0.13093679,-0.9950648;-0.8899606,1.5953951;1.134789,0.10571323;1.8176824,0.7372329;0.70476294,-1.059886;-0.3992959,0.27913842;0.24152207,0.18725227;0.47471407,1.2943442;-0.8818287,1.7926434;-0.10534041,0.48335126;0.23461002,-0.49088132;0.2603012,-0.047675066;0.61901987,-1.0740441;-1.1779462,-0.74862856;1.5716344,0.4312059;-0.9347198,-0.640305;0.31854606,1.0412396;1.3297597,0.511077;2.1258311,-0.8882178;0.30755082,-1.4827553;-0.18852836,-0.66713446;1.0076357,-0.13787787;0.14020146,-0.039420296;1.768321,0.6435597;-0.063787565,-0.8099671;-0.13817154,-0.45471293;0.0013561845,-1.5244905;-0.1021875,-0.19849314;2.10778,-0.85820746;1.572894,0.40421534;-0.90228987,1.4053787;0.25639898,-0.7093448;0.30114463,-1.600462;-1.0195382,1.9487895;0.22940442,0.008451034;-1.4535362,-0.69105595;-0.24018013,-1.1140746;1.1708144,0.087352715;1.661933,0.68608695;-0.3438728,-0.9041806;-0.36402082,0.91681147;1.3918468,0.4454535;0.104598455,-1.1976701;-1.1836449,0.8229202;-0.6875845,1.3922347;-1.0752718,0.60834986;-1.7092944,-0.62909037;1.6514004,-1.1034013;1.8840744,-0.87659276;-0.789045,0.8598187;-0.015944492,-0.61043113;-0.004698891,-0.037902355;1.1557103,0.027033584;1.6765171,0.4853157;1.2878902,0.14969608;-0.026106276,0.5105427;0.6675674,1.6771637;-0.9051913,0.37217242;-1.891829,-0.4636718;0.036669835,0.63734263;-0.3502374,0.88412565;-0.580113,0.94831985;0.22263215,-0.7481838;0.49841765,1.5286247;0.028491976,0.3666023;0.17286415,-1.3382853;-0.13513745,-1.1288505;1.9431791,-0.89708287;-1.1643715,0.99894214;0.16830903,0.92380154;-0.38539642,1.1981708;0.06321858,-0.9270409;0.25723535,-0.9556688;-1.6466612,-0.6194194;-1.0603591,0.95043415;0.17463683,-0.63947815;-0.3393927,-0.62258685;1.2711835,-1.0350976;-0.0917027,-0.80268073;1.472542,-0.9911791;0.18533047,-1.5742908;1.1652839,0.021344913;-0.023782803,-1.2799399;2.1258311,-0.8882179;1.6862702,0.5106618;-0.075019695,-1.3874934;0.123516455,0.9024259;0.32461107,0.9924899;-1.5964646,-0.68513036;-0.3782741,-0.74397576;0.06956969,0.7621303;-0.044254504,-0.42922094;0.80561644,-1.0995448;-0.3242456,-1.0429733;0.24866216,-0.5414094;1.2454525,0.24790177;-0.8514477,1.0117967;0.0025875499,-1.3931885;-1.2155501,-0.646112;-0.5032563,1.3555613;-1.0782334,0.7050415;-0.060759682,0.7070784;-0.01808182,-1.6976283;1.6622622,-0.99072194;-1.533251,-0.5829676;0.40222475,1.2014416;0.33115345,1.0827109;-1.5418054,-0.69225043;2.027748,-0.8998894;0.30134958,1.1286328;0.035016716,-1.4321302;-2.1692204,-0.28723946;0.5642533,1.4944956;0.040613193,0.6961486;0.0045191557,-1.0898855;-0.99396604,-0.67174125;1.3406512,0.5533157;0.15572953,-1.0439521;1.2391016,-1.0765834;0.12284461,-0.23858874;-0.8034625,0.23050626;0.055794053,-0.24274309;-0.059366174,-1.2575773;1.4061286,0.29036412;0.100349076,-0.9841489;-0.880424,0.89563274;0.20509185,-1.50707;0.006913945,0.3506266;1.7921165,-0.955354;-0.79523796,0.2037515;-0.77865696,1.6483974;0.16717488,-0.069865115;0.06254716,-1.9639889;0.4009614,1.3244997;-0.29274058,-0.5863691;0.6480198,1.6377366;-0.99961513,0.67893416;0.3411318,-0.34739462;-1.6720538,-0.58087045;1.4472275,-1.0626372;0.19454709,-1.3913893;1.3906454,-0.9681878;-0.54353774,1.3559955;-2.0172496,-0.38814995;1.9712092,-0.9431523;0.404989,-1.1714358;-1.0566535,0.98127264;-1.1606792,-0.5982303;-1.7183162,-0.4687924;0.16945207,-1.1407812;0.04055066,-1.9523067;0.42519015,1.3744512;0.3154555,0.09221792;-0.9175739,1.6975127;-0.12058655,-0.26703426;1.8643717,-0.94562155;0.21536441,-1.3682901;-0.6435321,-0.0270593;-1.0263683,1.9685374;-0.20241122,-0.31280237;0.6917907,-1.1015999;0.1788433,-1.5491813;-0.07995534,0.049236126;-1.8706752,-0.4333255;-1.5331383,-0.59379804;0.024206392,0.6204889;0.4121161,1.1680763;-0.8290693,1.4674331;-1.9382912,-0.4211823;-0.51185817,1.3767339;-0.9690301,0.37999257;0.079351276,0.30681008;0.18875684,-0.1258232;-1.3366088,-0.67643046;-0.8094515,1.7182807;-0.39372334,0.9484445;-1.227809,0.9499632;0.041890208,-0.3211821;-1.070869,-0.6579891;0.2196769,-0.046929244;1.9141479,-0.95522743;-1.1492383,-0.65900034;1.2684444,-0.9642871;1.5938189,0.65440667;0.26148704,-1.5880336;0.054363783,-0.062589884;-1.1114538,0.69249564;0.10384229,-0.87130886;-0.86856645,1.7806714;1.5426096,-0.9762327;1.9600184,-0.88201725;-0.23995526,-1.1463608;-1.1091934,-0.51721114;-2.0154219,-0.40537897;-0.15845685,-1.1519681;-0.045428604,0.260932;0.21779956,-1.5555648;1.6012675,-1.0858988;1.3440582,0.52523184;1.4745109,-1.0444987;-0.7133155,1.5809196;-0.7910952,0.86691064;0.32048407,1.1944736;-0.7943642,0.3231017;-0.001838944,-1.0624987;-0.41322252,1.3357266;1.702616,0.5805416;-0.10945905,-0.77607834;-2.023058,-0.5518973;-0.8570307,1.342828;-0.870401,0.8518935;-0.0074431924,-1.9423915;1.5573187,-1.0301642;-1.1709428,0.96628314;1.5262349,0.63092333;-0.033062533,-1.9063021;-0.38112816,-1.0851368;-0.73457766,1.2566503;0.058195014,0.67401564;0.036061052,-1.7371242;-0.06543165,0.4628217;-0.37762538,1.2222631;1.250762,0.48289156;0.55832255,-1.1475419;1.7058827,0.67550933;-0.9804258,0.5035585;0.15748927,-0.19943304;0.0145594785,-1.1579374;0.43860766,1.3865571;1.9515548,-0.84836066;0.29438204,-1.1615168;0.15232204,-1.5596377;-0.96956396,0.67581016;1.3940923,0.5422078;-0.7427194,0.16580375;-0.08026833,-0.12235012;0.79623127,-1.1003987;0.2770261,-1.4496964;-1.0897522,0.9056583;0.22063397,-1.3730514;-0.80716866,1.3389033;0.080374494,-1.8992794;-0.13938712,-1.1139641;-2.1434946,-0.31004804;-0.09393479,-1.092581;-0.025570683,-1.9602361;0.03315933,-0.5093933;-2.1062086,-0.44210204;-1.1268893,0.97481996;-0.3209025,0.25381115;0.14585482,-1.7575125;-0.8614766,0.9713478;0.07803864,-1.6280861;-0.97942716,1.764745;0.34419405,-1.442072;-1.1816846,0.98282117;0.021639623,-0.8715927;-1.1926619,1.0046487;-1.807537,-0.57151484;1.6340907,0.41415077;0.15938483,-0.63290334;-0.4807091,1.1990235;0.16789903,-0.07078499;-1.9315981,-0.4594498;-0.12086436,-0.6295748;0.036195584,-0.787548;-0.39032736,1.2733855;-0.622836,1.1419581;-0.7489185,0.27587235;-0.79030246,0.25228474;0.26789838,1.1069924;-0.9480427,-0.66366315;0.07133212,-0.098979376;-2.0199137,-0.44401127;0.03199652,-1.6487871;1.5114615,-0.97716427;-0.60742426,1.4680544;0.11310849,-0.89754;-1.1072319,0.660991;0.40825003,-1.3833058;1.7030745,0.5426471;0.30051172,-1.5267247;0.6774628,1.6672841;-1.7620863,-0.49969354;1.6668838,-1.0669706;0.020333467,-1.7722652;0.02017576,0.5765123;1.3085186,0.21200792;1.7958099,-0.9577718;0.1877082,-1.639865;0.14432622,-1.6115202;-0.82140774,0.89512855;-0.021983033,-0.47636217;-1.8182383,-0.5218972;-0.40324602,-0.688914;0.16967013,-1.4046782;0.6230694,1.7484673;-0.033757698,-1.5474846;1.6769811,0.7266272;1.3077028,0.4639623;0.067414895,-1.6229824;0.0015465233,-0.24500695;0.19341683,-1.6968778;1.688532,0.6549617;-0.3269173,1.2474495;0.46569207,-1.1961445;1.1588384,-0.021974115;1.5676932,0.73626554;1.1947587,0.061584026;0.21371041,0.17001387;1.4540004,0.30216274;0.3418856,1.1885828;-0.85333717,0.29476887;1.368167,-1.0854166;-0.8214523,-0.73826736;-0.8782213,0.42087173;0.08395422,0.8081991;-1.000633,1.9461268;-2.1083994,-0.3317983;1.3011105,0.19300319;-0.08817211,-0.92449796;-1.0821306,-0.5343928;-0.6404578,1.4473602;1.6637392,0.6987249;-1.9987116,-0.48769242;-0.87583894,1.8002446;0.026116682,-1.0996351;-0.112832345,-0.2912664;-1.9182514,-0.4275468;-0.1381574,-0.7839904;0.022452535,0.45465434;-0.20093146,-0.4676636;-0.40473682,0.28293356;1.5438806,0.36438623;-0.82678723,1.4366609;0.12687105,0.12896842;0.07151177,-1.4619061;0.007973313,0.008412459;1.6410248,0.42518684;1.220477,0.17911085;-0.39557105,1.2980937;-0.077021345,-0.27339816;0.040594153,-1.9353482;-1.2680649,-0.61776465;-0.9301237,0.3808298;-1.7260379,-0.59833467;-0.81552637,1.054274;-0.82190675,0.8821492;-1.1404022,0.7047822;-0.49588802,-0.69856805;-0.82973826,1.7399547;-0.25666657,-0.47966194;0.15895559,-0.033092916;2.0459588,-0.7960234;0.3134444,-0.9902017;-1.4955505,-0.6133982;-0.07513316,-1.0458999;0.004214663,0.42556724;-1.8444566,-0.43446708;0.6430655,1.737258;0.04817649,-1.4173746;-0.014968554,-0.039227776;-0.6655643,0.015281298;1.5806417,0.7317074;1.6429974,0.67350143;0.28975743,-0.89861965;0.005150085,-1.9147612;-2.1447358,-0.31737947;0.48712587,1.5045156;-0.68025047,1.5576887;-1.5457952,-0.6253676;-0.05464231,-0.74087024;0.34108633,-0.00017261306;0.666405,-1.1036544;-1.0303044,1.9065762;-0.8627002,1.3795464;0.505443,1.5750866;1.5376247,0.4979781;1.206601,-1.0938349;-0.61802006,-0.07899055;0.34089017,1.1556934;-0.70070297,0.06842295;1.8732991,-0.912198;-1.1301984,0.94167703;0.29270458,-0.19056103;0.13270584,-0.6660475;-0.89126587,0.4339913;0.14057043,0.935262;-0.74128735,1.6589197;-0.0049174638,-0.08586743;-0.06737466,-0.5806751;-0.069032595,-1.3801168;0.26797384,-0.81810683;1.6082765,0.39349645;-0.6655997,0.17537916;-0.74703455,0.2840024;0.035866283,0.62308985;-0.70188683,1.223552;-1.1622778,0.7233865;1.7306461,-0.9569102;1.4342839,-0.9883282;0.14137267,-1.3808193;1.0937777,0.4556235;-1.0011818,1.9266441;0.58833176,1.7865669;-0.21731503,-0.46437123;-0.19130585,-0.5437307;-0.046830613,-0.5174801;-1.0949923,0.93773484;0.21511449,0.976436;-1.1708996,-0.5386982;-0.10300729,0.4811097;1.2137871,0.067129664;-0.78222436,1.6942033;0.28500637,-1.580288;0.008119421,-1.9343163;1.2938647,0.42430377;-1.2233121,-0.5647428;-1.0328871,-0.65574646;1.7595122,-0.9639908;0.4755713,-1.187309;-0.52399397,1.3323717;0.034812376,-0.5466581;1.4865314,-1.0407505;0.36116272,1.171275;1.676968,-1.0690148;-0.5734246,1.3303487;0.46044913,-1.2187752;1.2486163,0.5439035;-0.87327546,0.8916765;0.08517248,-1.8846793;-0.1088365,-0.81906855;-0.68815196,1.6097487;0.18870355,0.941229;1.2963719,-1.0691316;-0.035968922,-1.9225125;-0.70664227,0.7585337;-0.5000474,-0.6971468;-1.2116512,-0.6418266;-0.14315258,-1.0692754;-0.40819883,0.28550193;1.8899292,-0.9115647;2.1465282,-0.8427118;-1.8843592,-0.526831;0.62901604,1.7926106;-1.6229415,-0.6014366;-0.58657026,0.8465743;-1.1728295,-0.58986205;0.6012803,1.662917;-0.7700356,1.3911589;-0.8820998,0.92794824;1.9544164,-0.9797611;0.39552432,-1.1848294
p3d-kl
0.40249648690223694
p3d-iter
599
p3d
-1.8522841,1.3728392,-0.4408885;1.1119471,0.1142776,-0.2009082;-1.117472,-0.0696515,-0.87618387;-1.4946209,1.3327502,-0.23780015;-2.0507393,-0.49259168,-1.3497697;-1.6189195,1.3253982,0.064198785;-0.28464577,-2.0674736,-0.909132;-0.91911644,0.67476857,0.5086038;0.4555913,0.06508804,0.3276652;1.1229943,0.035407525,0.19696385;-1.5416225,-0.29458648,-1.1125523;0.1756995,-1.2767601,-0.31533527;-0.43664247,0.33418375,-0.10663616;-0.4290879,-0.0799255,1.5781983;1.1658183,-0.62239736,0.9013607;-1.1961792,-0.086421005,-0.9424341;-0.1821895,-2.0230954,-1.0009354;-1.5833666,-0.41555807,-1.0988388;0.44117606,-0.34667608,0.2629669;0.3785196,0.036328238,0.16863525;-1.4578632,1.2211839,0.2210965;-0.29197007,2.0517178,-0.01776569;0.5302689,0.35834274,0.0904795;1.8624259,-0.22644272,0.25783724;1.422692,-0.35095507,0.8565986;-0.9759438,-0.1629382,2.0182579;-1.0678287,-0.2093459,2.06004;-1.3378431,-0.40609232,-0.9371477;-0.56734157,0.5675383,-0.015728353;1.4496018,-0.5591164,0.24781866;-1.1115881,1.0834395,0.117154084;-0.53707886,2.2450566,-0.21290363;-2.0456216,-0.48473063,-1.3090941;-1.3819046,-0.27517045,-1.2087561;0.7454209,0.14302027,-1.9283838;-0.39935493,2.1494145,-0.05923512;0.96952623,0.40225074,-1.1572086;0.31067652,-1.17737,-0.17598012;0.081115566,-0.10064295,0.023467692;-0.032573823,0.0077947224,0.055936016;0.8599756,0.040179387,-2.6623106;0.9768792,-1.1902069,0.15182924;1.3302684,-0.30310568,0.783511;-0.22034319,0.017398737,-0.092465736;-0.058674302,-1.545868,-0.6674618;-0.45957807,-0.24750395,-0.14462948;0.3559718,-0.25571653,0.2189953;0.9337923,0.14404044,-2.7229676;0.22938426,1.4508021,0.40849492;0.0549108,-0.4924275,1.7516917;0.066657715,-0.4482826,1.7301004;-0.08968143,1.7133896,0.37913287;0.35604858,-1.1036773,-0.045351192;1.1394193,-0.7097216,0.7155191;-0.17269585,0.13118781,-0.13685319;-0.9935873,-0.1452892,2.0037782;-0.32566962,-0.36510712,-0.075292274;-1.188147,1.037565,0.35699984;-1.0526057,1.0713868,-0.1240124;-1.1399404,1.4202627,-0.23844866;-1.8304852,1.3718274,-0.41574037;0.111537956,1.7567736,0.23290002;0.9041013,0.05038891,-2.648417;2.0142848,-0.45579252,0.65680534;0.3520011,0.14231896,-0.14762467;-1.9522071,-0.4973502,-1.1736815;1.5800155,-0.70266235,0.5498182;2.0528092,-0.08302329,0.51855135;-0.26338178,1.8228745,0.0025652784;0.10163227,0.12496669,-0.1230881;-0.4157572,-2.06984,-0.8866736;-1.3552595,1.3057481,-0.16619696;0.25192744,-1.3419921,-0.53412026;0.05635613,-0.599109,1.7875636;0.928081,0.012167185,-2.2127419;-1.6864526,-0.38874966,-1.1790535;0.67168987,-0.6603694,0.18123102;-1.9496136,-0.42166823,-1.2915035;-0.9456486,0.95089847,-0.22456664;-0.09760774,1.8756032,-0.028744593;-0.51881295,-2.2310185,-1.2410483;0.9125315,0.075741805,-1.4906014;-0.76436836,-0.60662174,1.963877;-0.110087626,0.049170952,0.17338118;-0.08311545,1.9813381,0.05515647;-0.35983187,-2.1391559,-0.99112123;-0.59086555,-2.4740744,-1.1728443;-1.840488,1.3839375,-0.42960277;-1.9474908,-0.46600628,-1.268832;-1.5298891,-0.3631287,-1.2346519;0.9418362,0.07102767,-2.589196;0.96760404,0.0048328997,-1.6315362;-1.2555959,1.4029942,0.14635059;1.0391425,0.18448159,-1.3569092;1.9718764,-0.4185965,0.513162;-1.0979582,-0.07192924,-0.83657587;-0.31737813,-0.20990317,-0.06673465;-1.498199,-0.3982322,-1.0924468;-0.38789645,-0.07284854,1.4480815;1.074715,-0.4548636,1.0643345;-0.7849237,-0.53549063,2.1102011;1.028363,0.2044576,-1.1086761;-0.40119797,1.2970455,0.18282603;0.9563953,-1.1018842,0.23413704;1.5794805,-0.58379894,0.4968253;-1.1050167,1.0631537,0.4635892;0.1728249,-0.41930556,1.8045009;1.7273283,-0.15993097,0.35786802;-0.64673865,1.5325984,-0.23362416;-0.21496907,-0.41652444,1.8349968;0.79180694,0.20962352,-2.628114;1.6717252,-0.5282099,0.6195767;-1.4620684,-0.3754472,-1.0458597;-1.6893573,1.4443439,0.0056697754;-0.511087,0.42528337,-0.07506391;0.36305028,-1.1727142,-0.16150226;0.4273569,-0.23417902,0.18865386;1.2329514,-0.25939572,0.04881311;0.8417757,-0.32161692,0.23639587;0.7001905,0.86677325,0.66878295;0.1329944,-0.42792708,1.7092624;0.9542945,0.1605567,-1.8914399;1.0000739,0.39545158,0.041488133;-0.77170384,1.0055636,-0.08781599;-0.9718563,-0.11756666,1.9490731;-0.49866387,2.188998,-0.16508742;-0.09078535,-1.8670993,-0.8466474;0.09584386,0.042575736,0.06522501;-0.1420531,-1.7712313,-0.71265644;0.9684215,0.471956,-1.1988657;-0.37313175,-2.263109,-0.9774563;0.13729021,0.3048449,0.52933306;0.9281747,0.31403956,-0.9393085;0.7952446,-0.7442991,0.18198632;0.6479759,-0.71644694,0.187596;0.93339086,0.06636162,-2.6931756;-0.49763286,1.4569601,-0.1061284;-1.7784672,-0.39254415,-1.2927707;0.9792426,0.31560087,-0.4417096;1.6054398,-0.41845825,0.25324172;-0.45269454,2.0806813,-0.11441749;-1.5491462,1.309867,-0.24713776;0.84094936,0.14581242,0.4505919;-0.57017803,0.59592444,-0.17892243;0.53881496,-0.52662104,1.4621238;-1.8048706,-0.4475696,-1.1901455;0.83842015,-0.6364007,0.95337737;-1.3830891,-0.4516897,-0.9785981;-1.5394695,-0.39921352,-1.12114;-0.045380756,-1.0846372,-0.3802201;0.50225717,-1.3088459,-0.211207;-0.060646445,-2.1336184,-0.73827237;0.49524647,0.05375457,-0.35120565;-0.4963793,1.1527768,-0.1450792;-0.19589424,-0.35593978,1.7835431;0.9448678,0.27701485,-1.6085992;1.1423358,-0.97994035,0.24128608;0.714828,-0.5029839,0.9907419;0.29012322,1.3156395,0.5208835;-0.94257855,1.0266502,0.55195934;-0.9979489,-0.2582568,1.7603666;0.746032,-0.19756968,0.60035396;0.08453716,-0.42489284,1.7759371;0.15492934,-1.3173603,-0.26302943;1.1022246,0.13853355,-0.19058186;-0.30207643,-2.1648693,-0.9659806;-0.04212959,0.104704745,-0.1566644;-0.35500434,0.1652893,-0.11381497;-0.33672962,-0.19492628,-0.1789967;-0.7592019,-0.6190022,1.8916343;0.030517757,1.7835673,0.2741279;0.59646195,0.22780186,0.16332874;-0.07237564,0.09645814,-0.047723923;0.9204669,0.07530644,-1.2232443;1.9289807,-0.26148,0.32950592;-0.18618295,1.9253811,0.2028963;-1.4559733,-0.18838474,-1.1179076;-0.6467743,-0.47925198,1.8411169;0.20855953,1.282738,0.5552999;0.6766644,0.047320466,0.521998;-1.430862,1.1444339,0.22747047;0.32575375,0.21281262,-0.070110425;-0.9215433,0.9962721,0.52176327;-1.6150384,1.254979,0.083032936;-0.57528716,-0.37756285,1.6399356;0.9648992,0.07163723,-2.3735013;-0.8965965,2.0091634,-0.4065308;0.6012723,-1.2134461,-0.09875372;-1.296181,-0.34997863,-1.0046077;-0.8623224,2.055177,-0.36821863;-1.7545418,1.327005,-0.10132159;-2.0583992,-0.45278707,-1.3144535;-0.57130444,-2.1766474,-1.4417709;-1.8432487,1.3723819,-0.4500776;0.94059074,-0.40590656,0.83740306;-0.5255875,-2.3632586,-1.2755246;1.1393915,-0.5428277,0.6402291;-0.270106,0.34442678,0.11296418;0.8922649,0.37189963,-1.1666851;0.62319565,-0.52084774,1.3798397;-1.322741,1.1446105,-0.013706908;0.07336884,1.7579055,0.3637245;-0.09262616,0.5004086,0.18423522;0.41378248,-0.4669684,1.5857707;-0.7805092,0.975033,0.2207958;0.9184189,0.058347225,-2.366346;-0.9342499,0.050522298,-0.58057195;-1.8235103,1.3731456,-0.43013647;1.6922629,0.06403292,0.43471265;1.5935369,-0.20247152,0.6879495;0.95213366,0.29540372,-1.698071;0.14375037,-0.5272025,1.722349;-1.1746311,1.3595353,-0.22945225;1.6287434,0.043243513,0.70381933;1.7905325,-0.45482937,0.67645705;-0.8661523,-0.1628673,1.8255479;1.0124791,0.33532584,-1.0740634;-1.598718,1.3229913,0.07207398;-1.9045986,1.3680315,-0.51252526;1.375408,-0.13582808,0.74330515;0.97416383,0.23504765,-1.3290099;-0.5384033,1.0419106,0.33537117;-1.3740555,-0.14582023,-1.109167;-0.2606232,0.33451286,0.048339874;-0.55122113,-0.5187453,1.896473;0.17995635,1.5369904,0.4689534;0.38755038,0.5251158,0.2945784;-0.21775062,-1.9419435,-0.810348;0.9883869,0.081466325,-2.3500805;0.5367515,0.008349559,-0.33082807;0.18099684,1.4815583,0.42281392;1.9077107,-0.37105128,0.5745347;-1.1478734,1.1947194,-0.12358954;-0.17623238,1.8297939,-0.14619902;0.99112654,0.2808015,0.68964154;-0.46040028,-0.52383673,1.969886;0.03355607,0.08124548,0.56959957;2.1709456,-0.15391915,0.54800725;0.04185202,-0.6325507,1.7907791;0.40535593,-0.07978842,0.59002036;-1.021031,0.99165267,0.49401185;-2.0156791,-0.44217598,-1.281331;-0.29134357,-2.0801091,-1.1785464;1.0833348,-0.7594126,0.7270165;-1.0991522,-0.026952563,-0.7667885;-1.8166797,-0.464062,-1.1458668;-0.6809191,-2.2077005,-1.3734201;0.67572767,-0.74235886,0.13895807;1.1820416,-0.06940588,0.08272085;0.23893607,-1.0575593,-0.41986609;0.3504118,-0.5113933,1.6146944;0.64353156,-0.39700794,0.92060506;0.84194726,0.13317657,-1.0180776;2.2869332,-0.2139454,0.4903649;-0.58253384,-0.5816667,2.0223663;-0.31937692,-0.51925945,1.9084396;-0.28069365,2.0215623,0.14220574;1.1636921,-0.34088892,1.0050001;-0.6980586,-0.021569282,-0.34749752;-0.6144919,-2.3040292,-1.147257;-0.6752049,-2.3092449,-1.3209946;0.26195943,1.3476436,0.51512706;-1.2832425,1.1174394,0.28745577;-0.038117353,1.6189529,0.3945429;0.14293638,0.37436202,0.18795054;0.93451,0.27532867,-1.7585784;0.0067877225,-1.4522262,-0.414415;-1.0560265,-0.44591916,2.021777;0.87431735,0.3904051,-0.14238293;0.4519494,-0.56915647,1.5093372;-1.7342615,-0.45940465,-1.2228403;-0.36265278,1.2743627,0.23663011;0.4050311,0.075290926,0.24045157;-1.2852986,-0.08560524,-0.9198633;0.48945752,-0.014532773,-0.21537127;-0.20394814,1.4804803,0.3012911;0.8230771,-0.30638766,0.12028092;-1.8138391,1.365878,-0.40366346;-0.7168307,1.3770005,0.10324492;0.8651906,0.12433732,-2.4320636;0.85921836,0.039406877,-2.653243;0.4292207,-1.376872,-0.29597324;0.46362734,1.112648,0.5937308;0.8150938,-0.08730234,0.39411622;-0.6450561,-2.171826,-1.3989499;-0.19248793,2.0038908,0.14293015;1.0738933,0.14952269,-0.29688364;1.980955,-0.17621686,0.6023008;0.003907865,-1.7108546,-0.7050919;0.9128854,0.14792651,-1.5237471;-1.9508616,-0.51019824,-1.1789428;0.649853,-0.47167873,0.30601135;-0.21458796,-0.5024853,1.7881409;-1.5402359,-0.488546,-1.0666343;-1.8784734,-0.5216339,-1.1948285;0.07201504,-1.4501451,-0.32821053;0.90523654,-0.74921596,0.31136554;1.1724029,-0.5146748,0.6444277;-1.4540008,1.2695143,-0.2057414;0.9963868,0.44649643,-1.0179987;0.9570448,0.04910295,-2.186933;2.162238,-0.36026475,0.61011595;0.39727315,-0.12824126,0.31590876;-0.21559763,1.9787097,0.08869663;-0.5239808,0.8430839,-0.17859107;0.5414533,-1.2887614,-0.18752638;0.7653573,0.14546804,-1.8779283;0.5035278,0.6824997,0.08054356;2.242071,-0.13347152,0.5212415;-0.86645234,-0.07818994,-0.5663529;0.5558646,-1.2546211,-0.14880054;0.79374206,-0.5059544,0.7103775;1.6398599,-0.49690595,0.7091345;-0.47784603,-0.41527456,1.6883075;1.0414302,-0.40492567,0.9040854;-0.29901406,2.074805,-0.020696322;0.40784383,-0.503426,1.5774939;-0.030128067,1.7994822,0.33561411;-0.23228566,0.09162148,0.05307514;0.10442466,-1.0110548,-0.34399775;-0.44011563,-2.2174592,-1.22077;-2.1229987,-0.53154933,-1.2753528;0.9868973,-0.30663654,0.026911613;-0.30225638,-2.1002443,-1.3311564;0.7374307,-0.28447554,0.73514265;0.96600187,0.13808605,-2.041557;-0.9886432,-0.17903636,1.8492994;-0.3317026,-2.433559,-0.9715698;-0.24406809,-0.07591006,-0.079160586;-0.505809,-0.15903866,1.4353737;-1.1792425,-0.06066525,-0.9334247;-0.008619395,1.8447614,0.2455448;-0.26745623,0.33145076,0.021064084;-0.41054022,-0.010388519,1.3530955;0.07281787,0.44449618,0.21051766;-0.8301246,2.08362,-0.35382044;-1.2310047,1.054287,0.3009691;1.9929447,-0.2566994,0.41414675;-1.4951771,1.0835875,0.13357294;2.2011054,-0.038949173,0.5039932;-1.7825565,1.3491158,-0.17889842;-0.083586745,-1.7172695,-0.66147804;0.38912252,1.1851325,0.56900305;-1.9720774,-0.38387486,-1.330283;0.10164291,-1.6327175,-0.617925;-0.112435244,1.9574767,0.18699865;-0.72242993,1.0018939,-0.2581613;-1.5154017,1.1120204,0.046037253;0.9138572,-0.27569845,0.7538071;-2.2062552,-0.52822495,-1.237043;-1.1413497,-0.19795717,2.1578226;0.33454618,-0.36046126,0.49311033;-0.42595768,-2.1710002,-1.3200374;-0.36403683,-0.62150294,1.9575841;1.3711444,-0.4617485,0.92572004;0.9431396,0.33112693,-1.3570657;-0.557072,2.2380898,-0.22433262;-0.6836995,0.96331924,0.36178565;-0.4738416,-2.3119266,-1.1517345;-1.3656415,1.1866584,0.20563409;-0.009607555,-1.6589013,-0.7959234;0.8233761,0.09418747,-0.96486;0.6457511,-1.2100893,-0.08222313;-0.17438436,0.26749334,-0.22928706;1.9325963,-0.44033554,0.59083873;-0.773295,-2.5150566,-1.4133945;-0.15852721,0.12031249,-0.19550066;-0.8441868,0.8517264,0.6767902;-1.7224782,1.3505481,-0.29198274;0.82452506,0.21282701,0.40185195;-1.2430758,1.1718456,0.34769213;0.94658905,0.23218593,0.72794396;0.341601,-1.1822436,-0.13644221;0.9783898,-0.70362383,0.87318367;-0.05049893,1.8196774,0.3116179;-0.17566161,-0.3291432,1.7678324;-2.040581,-0.56758237,-1.2272098;0.8399841,0.16963227,-0.9838364;0.7806687,-0.24745916,0.16273415;-0.49382693,-0.18234843,1.6025244;0.90757024,0.008836612,-2.5371058;2.2124784,-0.23177835,0.6814264;2.0153582,-0.1233636,0.5652969;0.6406737,0.20275673,0.31774107;0.5888908,0.3241819,0.16304287;-0.58226436,-0.08314522,-0.25266266;-0.32440487,1.7327478,-0.12317764;0.08002102,1.7018274,0.32949004;0.9436115,0.31598604,0.79958206;-0.9123729,0.35633567,-0.4053362;-1.7025651,-0.3844251,-1.1601244;-1.1612475,1.077779,0.2633176;1.0039955,0.27587676,-0.40395805;0.21461412,-0.5281098,1.7173109;-0.7190448,1.7392083,-0.17180063;-0.04441567,1.8302705,0.23387301;-0.72890526,-0.48853847,1.6856687;-0.9285691,2.0469525,-0.40028062;1.0047143,0.27789253,-1.7362927;1.031108,-1.0854923,0.17750415;-0.3472846,-0.52691174,1.9231765;-0.78141356,-2.500719,-1.4272714;-0.94509405,-0.21138676,1.7751065;-1.2795396,-0.29663318,-1.0779269;-0.15574329,1.6838212,0.26678944;-0.19393933,-0.30071762,-0.027741011;-0.5432264,0.646496,0.2978764;0.28252068,0.47611377,0.19550169;0.7772996,0.09925035,0.43167558;-0.82489544,0.11880262,-0.42010877;-0.8885927,-0.5187583,2.0973072;0.09627873,-1.6234063,-0.6262585;0.8683518,0.14416207,-1.7564965;0.31317163,0.59096843,0.009063593;0.024173193,1.5415274,0.44219166;0.38105088,-0.55825365,1.5812452;0.7481781,-0.1678204,0.9761311;-0.47776595,-0.13070008,-0.18870023;-0.62197965,0.746627,0.20209195;0.9165606,0.25169045,-0.92072713;0.5842917,-0.0130569795,0.4817388;0.033967786,0.016982261,0.050546598;0.89680445,0.032450635,-2.4968734;0.9789235,-0.11451401,0.8637317;-0.30375576,-0.55378085,1.7346356;-0.96813875,-0.045705747,-0.65381336;1.2895281,-0.32587704,0.08426549;0.6307142,0.9540194,0.65257454;-0.8199046,-0.52659315,2.073258;0.49653196,-0.21679316,0.8293292;-0.6728823,1.8922212,-0.20237201;-0.8703584,0.055779256,-0.51289463;-1.1151519,-0.13635996,-0.8405915;0.40379336,-0.3362583,0.7349643;-0.37947676,2.084376,-0.25654915;-0.47768116,-2.1789966,-1.0959247;1.2259101,-0.6253812,0.71868163;1.4773502,-0.21397898,0.16305304;1.411384,-0.2551314,0.8220443;0.88503385,-0.3247899,0.7500335;-1.063516,-0.19579136,2.073333;-1.1692631,1.3712797,-0.23352541;0.5367602,0.23521705,-0.15750572;0.75652903,-0.8906501,0.020382982;-0.36519384,-0.6552569,1.7201796;0.873587,-0.9882957,0.26563573;0.53543067,-0.15439972,0.7218405;-0.902466,0.9983519,0.58339685;0.8381831,-0.92340475,0.25945505;-2.2603555,-0.52865845,-1.2376086;-1.7765441,-0.3632945,-1.2102011;1.2117354,-0.67064685,0.2249237;-2.1723564,-0.5625114,-1.1948341;0.15232678,-1.350158,-0.25303644;0.87256354,0.13720867,-1.4360472;-1.5066783,-0.2671252,-1.1039877;0.04235789,-0.4056815,1.7128772;-1.5382537,1.3318994,-0.23706132;0.08475932,-1.6087391,-0.4305032;-1.6120777,1.3321636,0.0049787094;0.9176925,0.37301728,-1.424922;1.8543758,-0.37023038,0.5163388;0.7664608,-0.48301563,1.0327752;-0.43298793,2.1800747,-0.11470135;-0.13547479,-2.0224261,-1.0431309;-0.4422307,-2.177485,-1.182946;-0.40133798,-0.65691555,1.7471278;1.5783741,-0.5097359,0.86024153;0.21605727,-0.60110325,1.7153956;-0.20630044,1.840918,0.13270858;-1.9303397,1.363066,-0.54052156;-0.5052957,1.9585363,-0.10601388;0.5030606,0.6146078,0.080833405;-0.48412806,0.9726175,-0.1693581;-1.9854364,-0.52359396,-1.222795;0.008230192,-1.4911374,-0.44591504;0.91511106,0.1606654,-1.6671774;-0.7730422,0.002744409,-0.46155402;-0.11858261,-1.9095416,-0.8136915;0.88944554,0.19869311,-1.3282245;-1.0375886,-0.15660119,2.0550988;0.7131428,-0.47061908,0.81720716;-0.98954636,1.0555665,-0.20632587;-0.55840015,0.9263958,-0.13934015;0.03320738,-1.3627324,-0.30962598;0.32578665,-0.55261385,1.626554;0.8073588,0.090994634,-2.2648838;-0.7916511,0.91075516,0.7431572;-0.28159028,-0.37154016,1.6665874;-0.68442076,0.7710925,-0.20931122;-1.7544205,-0.42864984,-1.1838311;-0.2205162,-0.5127343,1.8579196;0.9176704,-0.53572524,0.99239105;0.3420202,-0.43951958,0.75391304;-0.15930748,0.14637104,0.4003365;-0.9153616,0.034780838,-0.56258345;0.07363037,0.68040097,0.38178045;-0.4335542,-0.45870638,1.8279884;-0.7976664,0.9400572,0.7542363;0.7907466,-0.13813917,0.40646583;-1.2797819,-0.12806985,-1.0415183;0.7558427,-0.77682674,0.21070664;1.1760069,-0.104244865,-0.01802219;-1.1146641,1.0705132,-0.06343094;0.8313086,0.2506036,-1.0315855;-1.8006324,-0.4069214,-1.2326903;-0.46456563,-0.14762883,1.6004741;0.4921632,1.089518,0.604125;0.32730803,0.5532402,0.23428217;-0.32475647,-0.29790944,1.5219897;-0.6446145,-0.5660874,2.0090733;0.06088196,1.4912093,0.54175377;-0.69920105,-0.19706103,1.7508829;0.19252782,0.4931059,0.33746085;-0.23065881,0.19282743,0.3006404;0.9358645,0.18963228,-2.4912002;2.2901793,-0.29726776,0.49400848;0.7498824,-0.15154788,0.8821812;-0.948678,0.71081436,0.4808474;0.96710944,-1.1572201,0.17384806;-0.33111432,1.9045848,-0.05127937;-0.78756267,1.8801839,-0.30016893;-1.0991298,1.0915847,-0.106167994;0.9770243,-0.027079407,0.68415254;-0.0032539356,-1.9480729,-0.7528689;-1.6807344,1.3425808,-0.012505921;-0.11775897,1.9716039,0.07528986;-0.0492454,-1.9417354,-1.0519463;-0.14117697,0.19133273,-0.03929849;-1.0779877,1.1011618,0.42865348;-0.68402326,-2.4140055,-1.3904779;0.43851507,-0.2283101,0.6091554;-0.36662745,-1.9889774,-0.813241;0.5685183,-0.08378511,0.6716345;1.0247182,0.1642019,-0.3709654;-0.54094577,-2.234272,-1.1723269;-0.97880995,-0.5440977,2.0408244;-1.4061028,1.3859798,0.27916527;0.7746487,-0.0011105768,0.4039949;-0.9849124,-0.5337371,2.0425432;-0.42460194,-2.2473145,-1.2193156;-0.6740897,1.8642341,-0.19363546;-0.8156909,0.8628387,0.71102524;-1.355034,1.2969227,0.2793315;-1.5292675,-0.38225403,-1.2915525;-0.4162111,-2.06735,-0.91501963;-0.8022283,0.06512664,-0.42674276;1.0377791,-0.66539377,0.5904188;-1.4034339,1.1858175,-0.17251292;0.2016686,-0.37034598,1.7724932;-1.1334996,-0.1932544,2.1512136;0.9913873,0.281606,-0.42933315;-0.09552462,0.8889356,0.28460875;-0.23292387,0.47841132,0.46488667;-1.3368936,-0.4201852,-0.9925295;-1.7415078,1.3292507,-0.10894917;-0.2619583,-0.436878,-0.039292835;0.2326505,-0.017678177,0.6788623;0.16040105,0.43849224,0.47830534;1.0097871,0.27287605,-0.23095028;0.26674193,-1.3894807,-0.546279;-0.58371216,-0.5798096,1.9589489;0.30052748,-1.1539028,-0.054121513;-1.023896,-0.23399726,-0.701818;-0.4950227,-0.18717524,1.5622905;0.9273595,0.01970507,-2.76785;1.5658295,-0.0318879,0.23978224;0.82709605,-0.37554622,0.21665369;0.62412494,-0.52170825,1.3798004;0.20677425,0.39878687,0.26199588;-1.0509155,-0.42465344,1.9926059;0.7670361,-0.6143688,0.71361226;0.51469654,-0.24483213,0.39118227;1.6736819,-0.5735817,0.6538347;0.27788243,0.042872783,0.21325463;0.88276535,0.05833584,-2.74721;-0.5534041,-0.56457835,1.9996092;-1.1382536,1.3198984,-0.23473291;0.6377111,-0.06807108,1.003769;1.6078247,-0.022462152,0.6786308;-1.916125,1.3659097,-0.52259946;0.18188252,0.18289785,0.50553143;0.085110664,-1.7012678,-0.81691;1.120655,-0.72072357,0.19069599;0.17795411,-0.44696328,1.6863582;-0.9221627,-0.14604315,1.9415028;0.8469204,-1.0292834,0.33989313;-0.58654535,0.71337646,0.2457122;-0.47784814,-0.41990304,1.6238939;1.3304776,-0.020577384,0.7958416;-0.59171665,2.173894,-0.24272393;-1.1193546,1.0657308,0.1639426;-0.25599152,2.0575852,0.008337851;-0.14647493,-2.0417495,-1.003911;0.7900275,-0.021299087,-1.696053;0.982814,0.06605953,-2.2931473;-0.49857756,1.3143488,-0.1990458;0.93717456,0.049703002,0.3604058;0.23095909,0.10076975,-0.14721364;0.27201068,-0.5382144,1.6583703;-0.7479562,-0.534608,2.0712698;-0.0036925867,-0.55582905,1.7735271;-0.36051252,-0.27583608,-0.092335686;-1.9793742,-0.67197436,-1.1498119;0.05073091,1.67211,0.26025578;-0.51196074,-2.1706812,-1.0990949;-0.5430112,-0.09270172,-0.22206767;-0.5915706,0.6607016,0.1826105;-0.6434169,0.81415975,-0.139067;0.73839873,-0.11350596,0.9120954;-1.6809732,-0.3698586,-1.211749;-0.25215468,0.010070773,0.0076688034;1.3712549,-0.5208824,0.22437273;1.1773685,-0.7223719,0.41306382;0.9208052,0.20116529,-2.4110858;-0.8344595,1.9613155,-0.33484697;-0.87334883,0.05455763,-0.5135683;-0.8069269,0.70377797,0.6991162;1.0222677,-0.36229563,0.86041963;1.0053169,0.30838254,0.79828966;-0.12966163,-1.9176011,-0.9371958;-0.71703327,1.7670206,-0.2202875;0.54611146,-0.17548274,0.8241234;0.61506534,-0.58340234,0.08057239;0.91962093,0.40061727,-1.0503535;0.7138656,-0.67265224,0.7004277;0.9373215,0.369449,-1.4586275;1.6844523,-0.20604804,0.40449464;0.27490106,-0.5442315,1.6669906;1.4097943,-0.30724415,0.8787545;0.92735946,0.019705044,-2.76785;-0.7925708,-0.5789116,2.0647275;1.5271593,-0.5578231,0.8668501;-0.8399109,0.12022398,-0.4376233;-0.95877624,-0.33564565,-0.65557235;-0.07438308,-2.0535877,-0.70386297;0.68340945,-0.8620254,0.16576928;-0.67889094,0.025918955,-0.33019033;0.62730414,0.1080607,0.3380225;0.9745647,0.1431722,-0.638653;1.0808604,-1.0052882,0.21033303;0.3236896,-0.3330177,0.6967481;-0.097315006,-0.3006237,1.7212609;-0.70302266,1.4102399,0.09530802;1.4866313,-0.63385046,0.5966351;0.07848356,-1.446008,-0.3700908;-1.0211781,0.99910206,0.51194435;-0.36160466,2.0429966,-0.15900187;-0.52509004,0.24281813,-0.15233041;1.9525644,-0.52894384,0.5179741;0.93464357,0.16637291,-1.816183;-0.12779605,-1.8011558,-0.694617;-1.2356417,-0.23428133,-0.8568551;-1.0843583,-0.17803168,-0.73449165;0.018896606,-1.9620788,-0.74563354;0.9035971,0.056749623,-2.5610173;-1.09437,-0.065752804,-0.8115806;1.546917,-0.6644684,0.52773196;-0.8621883,-2.5834637,-1.4920944;-1.6444719,-0.5362846,-1.1880517;-0.59758013,-0.026173947,-0.25463855;1.173028,-0.47726277,0.6608842;0.30680147,-1.1882985,-0.17590399;-0.56440216,-0.14784747,1.5461444;1.2246495,-0.18909596,0.95572275;1.0008153,0.2887293,-0.97409254;0.50059193,0.45024803,0.09170505;0.22184046,1.4314774,0.48795223;0.46515584,0.2952789,0.09606782;1.3223141,-0.4690851,0.9105791;-0.26701224,-0.5215919,1.8538553;1.0899856,-0.37716302,1.0225259;-0.5610805,1.4793878,-0.11554974;1.6214678,-0.2596137,0.28715667;-0.2157155,0.026052676,-0.04302653;0.9361005,0.14975789,-2.0622463;0.2581438,1.3907026,0.5004252;-1.5023568,1.2167008,0.09577655;0.23188908,0.4681478,0.27082074;2.2796674,-0.104719475,0.5870914;-1.3522359,-0.2018215,-1.0813528;0.57337546,-0.5755539,0.19294955;-1.9465768,-0.5876381,-1.0857846;-0.31536475,1.8219333,-0.09573431;0.5283952,0.022140674,-0.39303774;-0.18777467,-2.0143738,-0.870721;1.0106542,0.162434,-1.4070764;1.4683876,-0.44057167,0.21023683;0.8351462,0.26767564,-1.297467;-1.0623764,0.9703918,0.47668597;-0.7060752,-2.290962,-1.2577637;0.84242636,0.057507206,-2.4021912;1.1686065,-0.059577286,0.049151417;-0.7017845,1.7190775,-0.30988628;0.050117668,-1.2863292,-0.3350305;-0.39907748,-2.0182002,-0.7882397;1.0899945,-0.45959648,0.25938547;2.2630923,-0.16288926,0.50585794;-1.4558699,-0.19479588,-1.1188725;0.16008754,0.026623163,0.6899215;-1.5497199,1.3189923,-0.2157478;0.43519264,-0.002447325,0.11704102;0.9151185,0.16691838,-2.220339;1.4284337,-0.40854597,0.17747894;0.6159828,0.9648872,0.64703023;-1.9389474,1.362369,-0.54987353;0.30187067,-0.30050367,0.380766;0.99170816,0.17051825,-0.3950791;1.6672466,-0.28032947,0.39990497;0.15701033,-0.23230088,0.08461185;-0.5558537,-2.1895719,-1.0072387;-0.11474185,-1.7929868,-0.7165088;-0.51169395,-0.07524771,-0.1991374;-1.1821011,-0.29818115,-0.8536122;-1.2325206,1.339368,-0.05363308;-0.60506743,-2.2290478,-1.1156459;-1.0408765,1.0372047,0.48928046;0.050447755,1.7779961,0.2326004;-0.26609233,0.37240496,0.022430971;0.32294333,0.4938281,0.27169102;0.14708056,-1.574804,-0.5804022;-1.6158432,1.3188193,0.052875135;-0.5419579,0.8403128,0.33306918;-0.7866237,2.1313872,-0.3540887;0.60774726,0.2594118,0.13605784;0.22452545,-1.2558857,-0.27990654;0.2050919,0.38467148,0.42107242;0.8443391,0.21813373,-2.3231854;0.15626857,-1.3518591,-0.33407417;0.84024936,0.15971412,-1.0642468;-0.8432148,-0.14826454,1.8411527;1.5840149,-0.080407426,0.6513511;0.23638782,0.2574167,0.010165495;-0.37243998,2.1198387,-0.114944234;1.0017974,-0.21248876,0.7217178;-1.7280208,1.3173215,-0.08229599;1.0273948,0.20268704,-1.5936674;0.94906807,0.026442632,-2.4299896;1.1854583,-0.691014,0.16761029;0.0014765724,-1.0137199,-0.3514;-0.67772347,-2.3197818,-1.2542291;1.2131932,-0.78081983,0.37534642;-0.123669334,0.25860336,-0.18040456;1.6486796,-0.16260523,0.39627555;0.9271505,-0.03453481,-1.6643783;-0.5243632,-0.20011461,1.557289;0.9424861,0.16044132,-1.4385962;-1.3961196,1.1621652,0.23281956;-0.5055007,1.3118997,-0.18750724;-1.1857344,-0.063668944,-0.9113674;0.07024251,1.4806926,0.536086;1.1648802,-0.5114337,0.7444519;-0.9294851,1.0103667,0.66343707;-0.8769177,-0.4364172,2.0525343;0.69999766,-0.6349281,0.61675316;-0.5275216,-2.5032144,-1.0493758;-1.152542,1.030941,-0.2290621;-0.48926085,1.4936006,-0.11958466;2.2459512,-0.2866172,0.51274705;0.8423822,0.24241154,-1.5963385;-0.8062058,1.9839061,-0.30944762;-0.76548225,-0.17875472,1.7346783;2.247582,-0.2640462,0.65930974;1.1044757,-1.1709707,0.29647774;-0.93427587,0.9813126,-0.06700071;-0.5925068,-0.07781504,-0.2613142;1.9812322,-0.39380074,0.52643526;-0.2607981,-0.32820505,-0.043719124;-0.8086071,0.7832443,0.7176615;-0.38868633,-0.06634181,1.5111835;1.1353029,0.10905787,-0.15745296;-1.0120631,-0.26151642,1.9184698;-0.15689678,1.9020611,0.22168238;0.4503415,0.5369408,0.17062895;1.3369045,-0.53971857,0.62524223;-1.4604592,-0.2549216,-1.1122855;0.9993296,0.06947674,-2.4531357;0.98355657,-0.30588022,0.0280875;1.6708063,-0.26004446,0.4374685;-0.2522849,1.8529837,-0.19526379;-0.5652936,-0.14761409,1.6902664;0.29894015,1.2721304,0.543885;0.20294751,0.16186887,0.14300762;0.98053163,0.14610451,-0.61414164;1.529445,-0.14641939,0.214554;-0.672781,1.8748119,-0.19514978;1.437292,-0.39912623,0.1710511;-1.065807,1.0621432,-0.13242601;2.167946,-0.08217652,0.517159;1.1512984,-0.7624478,0.4502293;-0.8156227,-2.5452015,-1.4536576;1.1466811,-0.6602675,0.5452994;2.3090909,-0.26167348,0.56298655;0.7818906,0.30377948,0.5235145;-0.6412307,-2.251166,-1.4493035;-0.7716905,1.9006993,-0.30522755;-0.11861682,0.6864004,0.1474213;1.9607446,-0.22844575,0.3298247;-0.6426263,1.4360316,0.062862016;1.8056613,-0.28382498,0.63360626;-1.6457516,1.3543048,-0.3449077;1.5168715,-0.0035320346,0.15811859;-0.8310659,1.9989201,-0.3325311;0.8765557,-0.4686246,0.9072826;-0.8548874,2.0095901,-0.35722485;-0.31315663,-2.1087184,-1.0909868;-0.6103664,-0.6279426,2.0660944;0.55018926,-0.20095848,0.79410285;-0.90428925,0.6365894,0.5148245;0.23797187,0.40583426,0.28289372;-0.5419785,-2.2312412,-1.1500797;0.8095821,-0.21268682,0.309574;0.85672784,-0.21999201,0.6310609;-0.8316944,0.91388994,0.6864917;-0.7702435,1.0690866,0.22655429;0.109974116,1.3325877,0.4779707;0.18382627,1.4308956,0.51924384;-1.072034,-0.0047960705,-0.77346104;0.3356245,-1.1564968,-0.110521555;0.26920173,0.35168496,0.045064196;-0.604245,-2.3262312,-1.3124716;1.82078,-0.47283906,0.49160656;0.97771424,0.29039147,-1.5558308;-1.198166,1.1467102,0.3489348;0.95701814,-0.2283861,0.8679922;-0.34808162,2.0903418,-0.040857274;1.448311,0.066773914,0.05579584;-0.8380549,-0.51216096,2.0713832;1.6068679,0.013596848,0.36852235;-1.959,-0.6996741,-1.160558;-0.38845342,-2.0684335,-0.89765257;0.83975226,0.006727007,-1.7697536;1.9550639,-0.27849805,0.66414917;-0.47832116,-0.18397628,-0.1839063;-0.10285506,-0.49746618,1.7667421;0.931385,0.15434879,-2.065918;1.7779484,-0.119568236,0.42382482;1.7291931,-0.1253858,0.52077585;-0.53865886,1.3589872,-0.095006816;0.66303927,0.03720755,0.4256675;-0.37524164,-2.1553657,-1.0099071;0.5706709,-0.8081521,0.17963433;1.480593,-0.47674745,0.25277743;-2.0989594,-0.46044332,-1.1923797;1.6920567,-0.5292882,0.76428765;-0.9389437,-0.09246329,1.9620717;-0.40837076,-0.14368047,1.6316655;1.7987344,-0.31572378,0.63169116;0.5114972,0.09574529,-0.081075035;1.8088245,-0.271363,0.22307453;-0.99481475,-0.31370082,1.8757732;-0.75038654,0.88743955,0.7662695;1.2517372,0.07191099,0.06643599;0.33277887,-0.5917795,1.6209162;-0.9832906,-0.25102803,1.6865349;0.19671185,-0.5364421,1.7185911;-0.1668935,0.5289578,0.41559157;-0.33163974,-0.47710827,1.9283054;-1.1934931,-0.08877153,-0.877074;0.14257868,1.5247492,0.37814716;1.0332743,0.22846316,-1.2141488;0.56757814,-1.1372851,-0.06562835;-0.06205487,1.6622623,0.34076795;-0.71386045,0.06954662,-0.34549582;-1.9069945,1.3674271,-0.5120837;-0.7747609,-2.5158417,-1.4151717;-0.07580165,-0.49667105,1.7861422;0.93314,-0.74388963,0.8167058;0.05558631,-1.005157,-0.3532419;-1.2296212,1.0284361,0.31756365;-0.945196,-0.14285664,1.920862;-0.53891677,-2.4010665,-1.2361572;-1.7438914,1.3361336,-0.109668955;1.1697004,-0.4034735,0.60409415;0.4085289,-0.054631684,0.1879376;-0.5831254,-2.1649125,-1.129438;0.7306055,-0.66266334,0.5548541;-0.31922513,-0.119266175,-0.15410918;0.4955017,-0.3923879,0.32269648;-0.099451624,0.9010751,0.30287457;-0.4671932,-0.5542746,1.9968814;-1.1811452,1.2830093,-0.07456576;-0.03969994,0.4989615,0.21680659;1.5786815,-0.56148577,0.48967552;0.15464066,0.098797865,-0.030050749;-0.6287547,-0.6031983,2.075259;0.024044577,-0.37563834,1.741417;-0.859349,0.95956784,0.67998385;0.35939226,-0.0057335785,0.19576094;2.2575054,-0.1500928,0.54083955;0.01188314,-1.4956428,-0.4403369;0.037995737,1.7495384,0.31753477;-0.20112717,-2.0611727,-0.9824492;-0.7553572,1.3017234,0.16263261;-0.5222742,1.3704484,-0.13445845;-0.41580296,2.1556218,-0.09989679;0.50794566,-0.9579945,0.14590588;-1.6404452,1.3543084,0.0012190231;0.47869965,-0.5135148,0.23533615;0.1888653,0.4910866,0.27511546;0.78083843,0.22880472,-2.6253662;1.0505708,0.2563381,0.62237;-0.06170032,-1.7319765,-0.71030766;1.1239997,-0.6863346,0.7205105;-0.2927154,-0.07444185,-0.15478097;-0.5449963,-2.169212,-0.9578187;-2.0883045,-0.56575936,-1.2091981;1.5227516,-0.6400611,0.5095963;0.25215754,0.06431051,-0.20784836;0.5365206,1.0453712,0.6181966;-0.98582447,-0.2528917,1.7194977;-0.9009503,-0.14450164,1.9112073;0.93422073,0.31791368,0.8018649;2.2454984,-0.22641154,0.58955747;-0.8103596,-2.5351193,-1.4510639;-1.6584843,-0.34241074,-1.1558322;-1.3454992,1.3104818,0.25630116;-0.07491316,-1.8062322,-0.7880229;0.7336994,-0.4592628,0.60177195;-0.0108550275,0.121896684,0.5426923;1.0149535,0.1752049,-0.34968644;-1.8728187,1.3659682,-0.46955806;-1.1797973,1.1419924,-0.21103404;-1.7613304,-0.39283732,-1.2655545;-0.6541275,-0.48305416,1.8123688;1.0204364,0.24380589,-0.901348;0.70303345,0.8771736,0.67314374;-1.1504084,-0.121224195,-0.8563146;0.45236173,1.132301,0.582107;0.96276987,0.15437695,-2.2606778;-0.7620196,1.9008573,-0.22892171;0.51035076,0.7378567,0.043708615;0.61570835,-0.19504084,0.81452984;-0.07172916,1.6857213,0.32110682;-0.8824956,0.11173466,-0.49279684;-1.5109104,1.2716937,0.16658841;0.30238536,0.14079246,-0.14395118;0.73745537,-0.074657984,0.43045416;1.5121706,-0.5470181,0.85854673;0.868131,0.019602705,1.014085;-0.57351434,-0.59043294,2.0597627;0.19423366,1.0191573,0.49857432;0.11936396,1.341718,0.3622408;-0.52648973,-0.11273752,-0.21344945;-0.89872915,0.99746823,0.01994084;-0.44402853,2.1851017,-0.11989555;0.95966434,0.1398015,-1.9623064;0.9030379,0.37249163,-1.3700885;1.4546207,-0.5471868,0.278117;-0.47524714,0.5320388,0.4011784;-1.8878589,1.3684167,-0.47926757;-2.1425335,-0.45846254,-1.2648066;0.4732293,-0.43622494,0.3451782;0.6098346,-0.43673033,0.42653084;0.8228735,0.24977225,0.43447417;-0.70425445,1.8611449,-0.24223031;-0.93748283,0.00032381556,-0.6031609;-0.038065605,-1.1765987,-0.35427618;-0.26013136,-0.42651126,-0.037900783;0.17757493,-0.5466623,1.735752;-1.5901341,1.2834557,0.09139972;1.5928519,-0.02214203,0.60555637;2.2682521,-0.21311936,0.57010823;-0.36655208,-0.27066067,1.5597345;-0.027838929,-1.3153219,-0.4291969;0.24014688,-1.2404544,-0.16754258;0.9495072,0.15163374,-2.0047114;1.2453537,0.10741052,0.063054144;-1.0232635,0.94471896,0.49235237;0.8235407,0.23360898,0.5437836;0.9570323,0.16460429,-1.4638184;-1.1474258,-0.15177251,-0.9406194;0.8225908,0.013829476,-1.7855648;-1.067266,0.8813838,0.41063014;1.2518046,0.093045704,0.12648402;-0.46109235,-0.08787104,1.3941771;-0.5457197,1.4761364,-0.070146784;2.1488605,-0.07056709,0.5231878;0.74053776,-0.6960499,0.67737776;-1.4207168,1.304055,0.23910694;-0.897,0.030927304,-0.54541135;0.99112505,0.2738689,-1.083538;2.2704265,-0.2736053,0.63474673;-0.39576003,1.231822,0.18737343;0.5020005,-0.9650247,0.1284499;0.078584336,-1.4340513,-0.36931616;1.1565616,-0.80786157,0.590558;-0.10853969,0.9203863,0.3000829;0.92772114,0.12639771,-2.2812507;0.87005585,0.08848331,-2.8334131;-0.44663695,-2.3475761,-1.0513287;-2.174501,-0.51910603,-1.2378373;-0.13531189,-1.82466,-0.9300885;-0.41503584,0.8373055,-0.15111233;0.04394562,-1.2891846,-0.35828882;-1.9467406,-0.51514506,-1.1892272;-1.1359884,1.1036615,-0.016773298;-0.5995111,1.4838569,-0.037537027;0.7842814,0.08571778,-2.3241615;1.162912,-0.083266936,0.043113932
