data_set
babi-q1
num_classes
6
data_points
1000
model
saved_models/babi-q1-e0104.ckpt
color_schema
#4E79A7,#F28E2B,#E15759,#76B7B2,#59A14F,#EDC948,#B07AA1,#FF9DA7,#9C755F,#BAB0AC
test_accuracy
0.828
test_loss
0.4927175827026367
train_accuracy
0.886125
train_loss
0.3118384204208851
val_accuracy
0.8555
val_loss
0.40638984632492064
labels
12,9,15,12,15,12,11,12,17,17,15,11,17,10,10,15,11,15,17,15,12,17,17,12,10,10,10,15,15,15,12,17,15,15,9,17,9,11,15,10,9,11,9,12,11,15,12,9,17,10,10,17,11,11,15,10,15,12,11,12,12,17,9,11,11,15,15,9,17,17,11,12,11,10,9,15,15,15,12,17,11,9,10,11,17,11,11,12,15,15,9,9,12,9,9,15,15,15,10,10,10,9,17,11,11,12,10,9,17,10,9,9,15,12,15,11,17,15,9,17,10,9,10,12,10,17,11,11,11,9,11,12,9,11,15,9,17,15,9,9,17,12,12,17,10,15,15,15,15,15,11,11,9,17,10,9,11,10,17,12,10,10,10,11,9,11,11,11,15,10,17,17,11,9,9,17,15,10,17,17,12,12,12,12,10,9,17,11,15,17,12,15,11,12,12,11,17,15,9,10,12,17,17,10,12,9,15,12,9,12,9,10,12,10,9,10,9,12,12,9,9,12,15,12,10,17,12,11,9,9,17,11,12,17,12,10,10,10,10,17,12,15,11,11,15,15,11,11,11,11,10,17,9,9,10,10,17,17,15,11,11,17,12,17,17,9,11,10,9,10,15,17,17,15,9,17,15,12,17,9,9,11,17,17,11,17,9,17,11,9,15,15,10,15,15,11,11,12,12,9,9,9,9,17,12,11,9,17,17,15,11,11,17,10,11,17,10,17,17,11,11,15,15,11,11,9,10,11,11,10,15,17,15,10,10,17,12,17,12,12,12,11,17,15,11,17,12,12,15,15,10,11,11,10,10,9,17,12,11,12,11,9,11,11,11,11,11,12,12,12,12,12,11,11,17,10,15,9,9,10,9,10,10,17,17,15,17,17,17,15,15,12,9,10,17,17,10,17,9,11,10,11,10,15,17,15,12,10,11,15,10,11,9,12,17,10,10,15,12,9,12,12,9,12,10,15,15,17,10,10,17,15,15,15,17,11,15,9,10,11,10,12,9,11,10,11,10,12,11,15,15,15,15,11,9,15,10,12,11,12,9,11,10,17,11,11,10,10,10,17,12,17,17,9,15,11,9,15,11,9,10,10,12,12,11,10,9,12,10,9,15,10,10,11,11,15,15,10,12,12,15,11,9,12,9,15,10,17,17,10,10,17,10,10,17,9,9,10,12,11,17,17,12,12,11,12,17,11,11,12,11,11,11,17,9,11,10,12,12,10,11,17,12,12,15,11,15,15,12,10,10,9,17,10,15,12,15,10,10,10,11,10,11,15,10,9,9,15,10,10,10,10,15,15,17,9,10,12,10,10,12,12,11,15,10,10,11,12,10,10,17,12,17,11,9,9,17,17,11,10,10,10,15,15,17,11,15,12,11,10,15,17,9,11,9,17,15,12,15,17,11,17,17,15,9,10,9,9,10,10,9,10,10,15,11,11,11,15,12,9,11,11,10,17,11,11,12,17,15,15,9,11,15,15,11,9,15,15,11,15,15,15,11,10,10,9,17,17,17,17,10,10,17,9,15,9,17,12,12,12,15,15,15,17,9,11,9,17,9,12,11,9,9,17,11,11,11,10,15,10,12,12,9,9,17,12,12,9,17,12,11,11,15,15,12,11,12,17,12,17,11,12,11,17,17,11,17,9,11,9,10,10,12,17,10,12,9,9,9,15,11,11,15,17,9,10,9,12,17,15,17,17,12,10,12,11,11,17,15,9,17,10,9,11,12,15,9,15,12,10,9,10,17,17,15,15,9,9,9,17,10,17,17,9,12,17,17,12,12,11,11,11,11,17,11,17,17,17,17,17,12,9,17,10,17,11,10,10,12,12,11,11,17,12,12,17,17,15,11,17,11,11,9,12,9,17,9,10,9,15,11,9,11,15,10,9,9,9,17,12,11,11,17,15,15,10,10,11,11,17,10,12,9,10,10,10,10,10,15,17,9,11,17,15,12,11,10,10,15,12,10,11,12,12,11,11,11,15,12,17,10,12,17,17,12,10,10,12,17,10,11,17,11,12,17,17,11,12,11,17,9,9,11,17,11,11,15,15,17,17,10,10,17,12,11,15,12,11,11,10,9,12,12,15,10,9,17,15,17,9,17,17,10,17,15,12,12,11,10,10,10,17,17,15,12,17,9,9,15,10,12,15,15,15,17,17,15,11,15,10,12,9,9,10,11,11,9,9,12,15,9,15,9,12,12,10,17,17,10,12,15,9,10,17,11,11,11,17,9,9,11,15,11,11,11,15,12,17,9,10
pred_labels
12,9,15,12,15,12,11,12,17,12,15,11,15,10,10,15,11,15,15,12,12,17,17,9,11,10,10,15,17,15,12,17,15,15,9,17,9,11,15,11,9,11,11,15,11,15,12,9,17,10,10,17,11,15,11,10,15,12,17,17,12,17,9,11,12,15,15,9,17,11,11,12,11,10,9,15,11,15,15,17,11,9,10,15,17,11,11,12,15,15,9,9,12,9,9,15,15,15,10,10,10,9,17,11,11,12,10,9,17,10,9,15,15,12,17,11,15,9,15,17,10,9,9,12,10,17,11,12,11,9,11,10,9,11,11,9,17,15,9,9,17,12,12,15,10,15,15,15,15,11,11,11,9,17,10,9,11,10,17,12,10,11,10,11,9,11,11,15,15,10,17,17,12,9,9,17,15,10,17,17,12,12,12,12,10,9,17,11,15,17,12,15,11,12,10,11,15,11,9,10,12,17,17,10,12,9,15,12,9,10,9,10,12,10,11,10,9,12,12,12,9,17,15,17,10,17,17,11,9,9,17,9,12,17,17,10,10,9,10,17,12,15,11,15,15,15,11,11,9,11,10,10,9,11,10,10,17,10,15,11,11,17,12,17,15,9,11,10,9,10,15,17,17,15,15,17,15,12,17,9,9,11,17,12,11,17,9,10,11,9,15,15,10,15,15,11,11,12,12,9,9,9,12,17,17,11,9,9,9,15,11,10,17,10,10,17,10,17,15,11,11,15,9,11,10,9,10,11,15,10,15,17,15,10,15,17,12,9,12,10,12,11,17,15,11,17,17,12,12,15,10,11,11,10,10,9,17,17,11,12,11,9,11,11,11,11,11,12,12,17,12,12,11,10,17,10,15,9,11,10,9,9,12,17,17,15,17,17,17,15,15,12,9,10,17,17,10,17,9,11,10,11,10,15,17,15,15,17,17,15,10,11,9,12,17,10,10,15,12,9,12,12,9,12,10,15,9,17,10,10,17,15,15,10,17,11,12,9,10,11,10,12,12,11,10,11,10,12,11,15,15,15,15,11,9,15,10,12,11,12,9,11,10,17,11,11,10,11,10,17,12,17,17,12,15,11,9,15,11,9,10,10,12,12,11,10,9,12,10,9,15,10,10,10,10,15,17,10,12,15,15,15,9,12,9,15,10,17,17,10,10,17,10,17,15,9,9,10,12,11,17,17,12,12,11,12,17,11,12,12,11,10,11,12,9,11,10,12,12,10,11,17,12,12,15,11,15,15,12,10,10,9,17,10,15,12,15,10,10,9,11,10,11,15,10,9,9,15,10,15,10,11,15,12,17,9,10,12,10,10,12,10,11,15,10,10,11,12,10,9,17,12,17,11,9,9,17,12,12,10,10,10,15,15,17,11,15,12,12,10,15,15,15,11,9,17,15,12,10,17,11,17,10,15,9,15,9,9,10,10,9,10,10,15,11,11,11,15,12,9,11,10,10,17,11,11,12,17,15,11,9,11,15,15,11,9,15,15,11,15,15,12,11,10,12,9,17,17,17,10,10,10,17,9,15,9,17,12,10,10,15,15,15,17,11,11,9,15,9,12,11,9,9,17,11,11,9,9,15,10,12,12,9,15,17,12,11,9,12,11,11,11,15,15,12,11,12,17,17,10,11,12,17,17,17,11,12,9,11,9,10,12,12,17,12,12,9,9,11,15,11,11,15,9,9,10,9,12,17,15,17,11,12,10,11,11,12,17,9,9,17,10,9,11,12,15,9,15,12,10,9,10,17,17,12,15,9,15,9,17,10,17,17,9,9,17,15,12,10,11,11,11,9,17,11,17,17,9,17,9,12,9,17,10,17,11,10,10,12,10,11,15,12,12,12,17,17,15,11,17,11,11,9,12,12,17,9,10,9,15,11,9,10,15,10,9,9,9,17,12,11,11,11,15,15,10,10,11,12,9,10,12,9,10,10,10,10,10,15,17,9,11,17,15,12,11,10,15,11,12,10,11,12,12,12,11,11,15,15,17,10,12,15,15,12,10,10,12,12,9,11,17,11,12,17,17,11,12,15,17,9,17,11,11,15,11,15,15,11,17,10,10,17,9,11,15,12,11,11,10,9,12,12,15,10,9,17,15,17,9,17,17,10,17,15,12,12,12,10,10,10,17,17,15,12,17,9,9,15,10,12,15,15,15,17,17,15,11,15,10,12,9,9,10,11,11,9,9,12,12,9,15,9,12,9,10,17,10,10,12,15,9,9,17,11,11,11,17,9,9,11,15,11,17,11,15,12,17,9,9
pred_correctness
True,True,True,True,True,True,True,True,True,False,True,True,False,True,True,True,True,True,False,False,True,True,True,False,False,True,True,True,False,True,True,True,True,True,True,True,True,True,True,False,True,True,False,False,True,True,True,True,True,True,True,True,True,False,False,True,True,True,False,False,True,True,True,True,False,True,True,True,True,False,True,True,True,True,True,True,False,True,False,True,True,True,True,False,True,True,True,True,True,True,True,True,True,True,True,True,True,True,True,True,True,True,True,True,True,True,True,True,True,True,True,False,True,True,False,True,False,False,False,True,True,True,False,True,True,True,True,False,True,True,True,False,True,True,False,True,True,True,True,True,True,True,True,False,True,True,True,True,True,False,True,True,True,True,True,True,True,True,True,True,True,False,True,True,True,True,True,False,True,True,True,True,False,True,True,True,True,True,True,True,True,True,True,True,True,True,True,True,True,True,True,True,True,True,False,True,False,False,True,True,True,True,True,True,True,True,True,True,True,False,True,True,True,True,False,True,True,True,True,False,True,False,True,False,True,True,False,True,True,True,True,False,True,True,False,True,True,False,True,True,True,True,True,False,True,True,True,True,False,True,True,False,True,False,True,True,True,False,True,True,True,True,True,True,False,True,True,True,True,True,True,True,True,True,False,True,True,True,True,True,True,True,True,False,True,True,True,False,True,True,True,True,True,True,True,True,True,True,True,True,True,True,False,True,False,True,True,False,False,True,True,False,True,True,False,True,True,True,False,True,True,True,False,True,False,True,True,True,False,True,True,True,True,True,False,True,True,False,True,False,True,True,True,True,True,True,False,True,False,True,True,True,True,True,True,True,True,False,True,True,True,True,True,True,True,True,True,True,True,False,True,True,True,False,True,True,True,True,False,True,True,False,False,True,True,True,True,True,True,True,True,True,True,True,True,True,True,True,True,True,True,True,True,True,True,True,False,False,False,True,True,True,True,True,True,True,True,True,True,True,True,True,True,True,True,True,False,True,True,True,True,True,True,False,True,True,False,True,True,True,True,True,False,True,True,True,True,True,True,True,True,True,True,True,True,True,True,True,True,True,True,True,True,True,True,True,True,False,True,True,True,True,True,False,True,True,True,True,True,True,True,True,True,True,True,True,True,True,True,True,True,True,True,False,False,True,False,True,True,False,True,False,True,True,True,True,True,True,True,True,True,True,True,False,False,True,True,True,True,True,True,True,True,True,True,True,True,True,False,True,True,False,True,False,True,True,True,True,True,True,True,True,True,True,True,True,True,True,True,True,True,True,True,True,True,True,True,True,True,False,True,True,True,True,True,True,True,True,True,False,True,False,True,False,True,True,True,True,True,True,True,False,True,True,True,True,True,True,True,False,True,True,True,True,True,True,True,False,False,True,True,True,True,True,True,True,True,True,False,True,True,False,False,True,True,True,True,True,False,True,True,True,False,True,True,False,True,True,True,True,True,True,True,True,True,True,True,True,True,True,True,False,True,True,True,True,True,True,True,False,True,True,True,True,True,True,True,True,True,True,True,False,True,True,False,True,True,True,True,False,True,True,True,True,True,True,True,True,False,False,True,True,True,True,False,True,True,False,True,True,True,True,True,True,True,True,False,False,True,True,True,True,True,False,True,True,False,True,False,False,True,True,True,True,True,True,True,True,False,False,True,True,False,True,True,True,False,True,True,True,True,False,True,True,False,True,True,True,False,True,True,True,True,False,True,True,True,True,True,True,True,False,True,True,False,True,False,True,False,True,True,True,True,True,True,True,True,True,True,True,True,True,True,True,False,True,True,False,True,True,True,True,True,True,False,True,False,True,False,True,True,True,False,True,True,True,True,False,True,False,True,True,True,True,True,True,True,True,True,False,True,False,False,True,True,True,True,True,True,True,True,True,True,True,False,True,True,True,True,True,True,True,False,True,True,True,True,True,True,True,True,True,False,True,True,True,True,True,False,False,True,True,True,True,True,True,True,True,True,True,True,True,True,True,True,True,True,False,False,True,True,True,True,True,False,True,True,True,False,True,True,True,False,False,True,True,True,True,False,False,True,True,True,True,True,True,True,True,False,True,True,False,True,False,False,True,True,True,False,True,True,True,True,False,True,True,True,True,True,True,True,True,True,True,True,True,True,True,True,True,True,True,True,True,True,True,True,False,True,True,True,True,True,True,True,True,True,True,True,True,True,True,True,True,True,True,True,True,True,True,True,True,True,True,True,True,True,True,True,False,True,True,True,True,False,True,True,False,True,True,True,True,False,True,True,True,True,True,True,True,True,True,True,False,True,True,True,True,True,False
p2d-kl
0.5050623416900635
p2d-iter
599
p2d
1.1828238,1.5938088;-1.2156817,-0.87746847;1.3322022,0.041995976;0.99064976,1.5223522;2.077437,-0.012591067;1.084067,1.7626816;1.0515745,-1.0005851;0.82410324,1.0538864;0.13777745,0.10137933;-0.50904405,-0.8148852;1.6736903,0.0143829575;0.54138803,-0.6898655;0.57143486,0.12035116;-1.1696255,0.85038775;-1.1695431,-0.2851389;1.6455513,0.024609145;0.97901046,-0.97465426;1.7099339,0.04470871;-0.48765093,-0.42928457;-0.5040894,-0.24674185;1.0235338,1.7652304;0.08661828,1.3126485;-0.86433524,-0.57647985;-1.6206228,-0.8335925;-1.2906573,-0.47940043;-1.1086776,1.3489757;-1.1931212,1.5130295;1.5606112,0.090647444;0.74069506,0.19075797;-1.138751,-0.7439419;0.85993934,1.2506422;0.17594026,1.4668189;2.0613163,0.00044373245;1.8340591,0.14334485;-0.20649119,-1.3927774;0.11616662,1.3990755;-0.13967338,-1.5059527;0.44014567,-0.683203;0.01929723,-0.14549352;0.30501434,-0.01667266;0.20811112,-2.0924592;-0.17538793,-0.7711549;-1.1918865,-0.43166658;0.3661457,-0.033282444;0.8395469,-0.8239679;0.57229716,-0.10094637;-0.43654332,-0.3776229;0.18163282,-2.0003376;-0.12979889,0.8766373;-1.2945015,0.6962485;-1.3047937,0.9708869;-0.13780423,1.0416555;-0.048028473,-0.48214898;-1.0465549,-0.28218183;0.57426876,0.11445931;-1.1612167,1.4545885;0.4551963,-0.13855635;0.8567348,1.0375934;0.8724541,1.3984487;0.59180427,1.4697171;1.1132773,1.5735251;-0.03889748,1.0835084;0.16189373,-2.0452733;-1.7538818,-0.8329483;0.08012667,0.0012858055;1.978336,-0.021004373;-1.1025844,-0.58806956;-1.7365963,-0.7214403;0.21746494,1.3557599;-0.07127058,-0.16462101;1.0994126,-1.0995208;0.82197833,1.4316492;0.5648115,-0.8409264;-1.3581725,0.71873564;-0.04620552,-1.8159808;1.9439385,0.0012774903;0.008226139,-0.40541643;2.1489813,-0.041323636;0.7798365,0.22106408;0.060956765,1.177849;1.3136965,-1.1368289;-0.25151935,-1.3315909;-1.3124173,1.457646;0.21006179,-0.0791828;-0.0014122485,1.3022777;1.0760226,-1.0411745;1.498962,-1.1510695;1.1309347,1.5890409;1.9417102,0.055924024;1.6414912,0.088583656;0.13325155,-2.055537;-0.0660422,-1.7778411;0.9809621,1.8315885;-0.12560555,-1.6563085;-1.5550911,-0.7507817;1.5985857,0.04556565;0.52793515,-0.037846122;1.7496527,0.050045133;-0.20859341,0.00082577724;-1.2865782,-0.29977313;-1.381599,1.5265741;-0.31737158,-1.2375656;0.3464729,1.1175419;-0.26901495,-0.7618001;-1.0925915,-0.6263058;0.91428226,1.098957;-1.2543852,0.73447824;-1.2806897,-0.8315824;0.5068829,1.3958365;-1.2886302,1.1777524;0.26304516,-2.1275413;-1.1811821,-0.64093304;1.6933227,0.053514566;1.0047344,1.8387197;0.55968636,0.14431022;0.50500786,-0.70856243;-0.5723573,-0.47656274;-1.2068318,-0.7614345;-0.5182558,-0.52116466;-0.32746607,0.57956135;-1.2919109,0.89729416;-0.093413636,-1.6855321;-0.44257554,-0.9736807;0.74632716,1.2707493;-1.1273915,1.3934036;0.15479808,1.4350858;0.93774456,-0.95238006;0.23107663,0.11266753;0.8378378,-0.88679427;-0.28965682,-1.3740577;1.1510471,-1.0307524;-0.18561096,-0.014435127;-0.46800855,-1.0225723;-0.18833801,-0.5674511;-0.17820702,-0.4942508;0.15055093,-2.0764534;0.32313675,1.1651522;1.8469771,0.05583602;-0.4189086,-1.0701538;-1.5384289,-0.72654134;0.22343595,1.4546994;0.8686196,1.4435372;-0.8766106,-0.48537624;0.79406375,0.16292346;-1.3146918,0.5467461;1.8667862,0.0075027724;-0.95564747,-0.22121485;1.7410635,0.11827019;1.6876887,0.07120882;0.66572154,-0.02818953;0.25707698,-0.732859;1.211905,-0.94114655;0.14910258,-0.20733052;0.3819825,1.2584844;-1.258064,0.9622484;-0.07950936,-1.6695771;-0.3063745,-0.7049522;-1.2357993,-0.34104195;-0.1605364,0.8683117;0.9017749,1.0318192;-1.0865328,1.4872974;-0.05941947,-0.1586571;-1.2784199,0.91891813;0.64426696,-0.70271313;-0.3300909,-1.0782123;1.0331509,-0.9700117;0.10330766,-0.09002518;0.44454038,-0.028173683;0.52111083,-0.061244547;-1.3731438,1.296323;0.028990759,1.1652004;-0.49463692,-0.17674816;-0.021123188,-0.08475323;-0.25799617,-1.2044983;-1.6586158,-0.8105088;0.037933886,1.3071867;1.6148165,0.0055854023;-1.270049,1.1841369;-0.2056037,0.89308625;-0.48165715,-0.29119766;1.0347677,1.7003974;0.014796384,0.014858802;0.72820234,0.82970864;1.0349246,1.7284799;-1.0518951,1.3194412;0.074930005,-1.9733095;0.52312285,1.6130317;-0.16585338,-0.768605;1.4946184,0.031036803;0.5129969,1.526528;0.955376,1.7277255;2.0300703,0.019857867;1.2563589,-1.2064929;1.192321,1.571622;-1.267335,-0.41554707;1.2896414,-1.0891633;-0.51134443,-0.4548024;0.2841815,0.0615745;-0.10631237,-1.500842;-1.3079854,0.47263858;0.8385435,1.416822;-0.11376396,1.0223545;0.21509404,0.12610596;-1.3067621,0.7968673;0.8146275,1.2381147;0.059326556,-1.9053551;0.91485375,0.083245106;1.1506193,1.5706855;-1.3829253,-0.8967029;-1.5865964,-0.6741222;-0.15716253,-1.6014838;-1.3456647,1.0100088;0.777053,1.4428579;-1.7191801,-0.6780448;-1.8309957,-0.7803991;-1.1036339,1.2941717;-0.35049045,-1.2227228;1.073009,1.7408367;1.2186279,1.572166;-1.2235252,-0.5102071;-0.13844953,-1.5910798;0.25684083,0.88764185;1.4580123,0.09160692;0.20982163,0.05163053;-1.2696179,1.0047609;-0.15716164,0.9034397;-0.2601049,-0.05928435;1.0317037,-1.0144166;0.15335633,-2.0924962;-0.4705452,-0.68314403;-0.11542309,0.9415564;-1.9422065,-0.7992839;0.7925907,1.2780329;0.017926648,1.0161527;-0.99009454,-0.53734994;-1.3193272,1.2797457;-1.1293224,-0.4341035;-1.809645,-0.74058175;-1.3732839,1.0911496;-0.3810824,-0.29737514;0.81589943,0.91197634;1.9989529,0.021917323;0.96571165,-1.0101876;-1.1584115,-0.3028294;1.3751773,0.10217224;1.9319696,-0.022854075;1.4218187,-1.192991;-0.12997983,-0.5355739;-0.3870009,-0.15985678;0.44906104,-0.765009;-1.3085468,0.59347755;-0.9319399,-0.23270676;-0.15943754,-1.3797101;-1.860545,-0.7722542;-1.3435673,1.3534487;-1.2963743,1.0736855;-0.047307327,1.2373067;-1.7782063,-0.65942377;0.7870709,0.00816216;1.360509,-1.1257985;1.3280958,-1.136755;-0.17620161,0.85085;0.92303884,1.1091236;0.10848668,1.3252791;-0.419561,-0.35545662;-0.13599068,-1.5757653;0.61906064,-0.71511376;-1.2600088,1.523584;-0.45998275,-0.9514319;-1.331417,0.55139375;1.8655972,0.017132932;0.32537785,1.1246468;-0.48235428,-0.22140491;1.4637605,0.11463732;-0.50629544,-0.5979;0.2938712,1.1624991;-0.6073766,-0.6673036;1.1484569,1.5348952;0.42840365,1.175007;0.14477247,-2.0008414;0.20790206,-2.0880537;0.756417,-0.8989108;-0.23472157,0.76046956;-1.0662732,-0.568877;1.3596784,-1.1942507;-0.050522562,1.1769567;-1.1904943,-0.91877717;-1.2075319,-0.49336168;0.9174892,-0.9610643;-0.2430653,-1.345147;1.9595991,-0.035039872;-0.47544664,-0.5045144;-1.3155277,0.9514003;1.5029122,0.044680655;1.8726966,-0.016559547;0.71038276,-0.73195535;-0.37731463,-0.5274624;-1.3816628,-0.45670715;0.76981694,1.2159908;-0.39341244,-1.1426028;-0.032616537,-1.8096665;-1.9821308,-0.80612;-0.50114137,-0.32204586;0.077227816,1.2292825;0.5208461,0.21301115;0.27470446,-0.73994845;0.016280014,-1.9438044;-0.065861,0.17103043;-1.7497174,-0.7262266;0.9515399,0.041063752;0.2873041,-0.73438704;-0.23563392,-0.33023298;-1.6724255,-0.58207005;-1.3047576,0.89956075;-1.3843739,-0.420571;-0.010740393,1.2123522;-1.3095373,0.5204476;-0.031215504,1.0289148;0.20272174,-0.01161783;0.4260956,-0.63729453;1.2617102,-1.0997292;2.0929828,-0.053836334;-0.6022039,-0.76913214;1.3715347,-1.2365724;-0.29981458,-0.30291933;-0.019957848,-1.7769479;-1.0952866,1.4230249;1.4657085,-1.2040807;0.43449092,-0.05114696;-1.010532,1.361424;1.41386,0.058768265;0.036964457,1.2877349;0.17062484,0.02777165;-0.9083151,1.2499174;-0.17012316,-0.13101617;0.55223215,1.5868808;0.90243125,1.1038326;-1.9481363,-0.7683222;1.0589035,1.7765603;-1.8566421,-0.69302094;1.1808554,1.67378;0.86039203,-0.90752304;-0.19931865,0.81983554;1.8834472,0.07856681;0.8020529,-0.9179225;-0.09078321,1.0321474;0.7734283,0.22356433;0.9014361,1.7195044;-1.3628318,-0.44373417;2.145706,-0.061521575;-1.2693856,1.6015084;-0.35463157,-0.40671697;1.2813721,-1.1681422;-1.3187621,1.0607678;-1.4688522,-0.5274352;-0.093661346,-1.6236974;0.19209294,1.482107;0.29988572,0.8334262;1.1235666,-1.0180035;0.9406177,1.145014;1.2545886,-1.2217807;-0.16784427,-1.310083;-0.18148859,-0.6970901;0.5429249,0.101422556;-1.439376,-0.66928935;1.501023,-1.145025;0.6632694,0.07337509;0.765319,0.8192673;1.165779,1.5454993;-0.89116234,-0.5832114;1.0340755,1.680253;-0.8499518,-0.42145872;0.5565673,-0.69821286;-1.2077943,-0.28254548;-0.091991924,1.0809296;-1.2358986,1.1871752;2.0476842,-0.050546497;-0.16798003,-1.3401133;-0.5462116,-0.704196;-1.0865802,1.2715082;0.12072389,-2.0181363;-1.9119065,-0.83180887;-1.8385851,-0.72464186;-0.8394137,-0.4997733;-0.53156716,-0.18604659;0.87891984,0.05387972;0.22550225,1.267619;-0.07972763,1.0550836;-0.81280893,-0.38076514;0.71155804,0.1197277;1.8064275,0.0001765454;0.8856834,1.0452293;-1.1635542,-0.9403111;-1.3159333,0.6902831;0.4858571,1.4166011;0.052888807,1.247525;-0.93111837,1.395331;1.2835349,1.5665022;-0.21438298,-1.4409103;-0.20164509,-0.6998641;-1.3013589,1.0938456;1.5276923,-1.1242855;-1.1137657,1.4128538;0.9336891,-0.03275873;0.15633631,1.2473416;0.45926362,-0.07564623;0.34852326,0.13176522;-0.57578474,-0.21780454;-1.0244973,-0.55222106;0.75411856,0.09511244;-1.361652,1.5461427;0.7930251,-0.8970989;-0.11393752,-1.6258409;0.7163634,0.7501033;-0.091282375,0.9868528;-1.3223842,0.5609864;-1.1304654,-0.4245076;0.52081096,-0.0668736;0.29932457,0.17078845;-0.3221549,-1.1823845;-0.8743955,-0.48108032;-0.0073494897,-0.14721301;0.1574084,-2.0237193;-0.2664364,-0.13019691;-1.34617,1.0728053;1.2882487,0.05811198;-1.1794086,-0.76224;-0.30463862,0.6178139;-1.3518802,1.5334965;-1.1907632,-0.4505317;0.4699048,1.5101825;0.95519185,0.09090962;1.4754626,0.054425776;-0.9007356,-0.24499762;0.2040389,1.4036115;1.1645737,-1.0790752;-1.42029,-0.48744732;-0.53443867,-0.74779826;-1.1822405,-0.40796462;-0.65241235,-0.40025944;-1.1896514,1.4993299;0.7974583,1.4677601;-0.51773816,-0.8059092;-0.29063004,-0.6743147;-1.3870556,1.3194219;-0.19961053,-0.5992922;-0.2554633,-0.14330672;0.9204242,1.0141268;-0.37300742,-0.5264872;2.1545172,-0.07627567;1.9252734,0.036741883;-1.3743389,-0.67538923;2.0223782,-0.07527491;0.58678794,-0.6948146;-0.23686488,-1.335058;1.6396855,0.01864619;-1.2867303,0.95626646;1.0556982,1.5448807;0.7164388,-0.799666;1.0201293,1.7612871;-0.097202756,-1.564014;-1.6508993,-0.76094925;-0.89515305,-0.2420791;0.13814045,1.4174857;0.9694385,-0.92960805;1.1147052,-1.0474899;-1.3695838,1.2362106;-1.3674744,-0.56385714;-1.3231559,0.67379206;0.033482984,1.2691544;1.2102252,1.5725789;0.25574863,1.4573108;-0.3564059,-0.062344294;0.17673112,0.22830959;2.070328,-0.04254376;0.74234015,-0.74665844;-0.1787742,-1.5654473;0.8729432,0.1077269;1.0019666,-0.9354074;-0.23160416,-1.286297;-1.1738566,1.4948379;-0.3122335,-0.31447557;0.7469003,1.395015;0.20303036,0.2526783;0.6663294,-0.681427;-1.343848,0.6807016;0.12902299,-1.9533926;0.80901724,0.8421146;-1.224766,0.82703054;0.83641124,0.3267609;1.9054921,-0.0018608687;-1.3264729,0.97162175;-0.9595729,-0.23564775;0.5914168,-0.5707775;-0.21931995,-0.2785434;1.3148274,0.0907034;0.14684121,0.1522385;-1.3071206,1.2946776;0.842755,0.8568237;-0.53322786,-0.40261525;1.8094748,0.086955845;-0.15525132,-0.5162205;-0.3940369,-0.7227262;0.7987693,1.2627579;-0.077999264,-1.3778156;1.9004279,0.0322036;-1.1209549,1.3137306;-0.24357788,0.7323577;-0.29929474,-0.069306314;-1.2672492,0.8771897;-1.330212,1.3224319;-0.17157842,0.99207914;-1.1821086,0.8796147;-0.13541688,-0.04247236;0.049944963,-0.16080491;-0.008228935,-1.8597572;-1.851578,-0.8120007;-1.1770627,-0.440379;0.8161125,1.0073124;-0.1608828,-0.76523715;0.110956706,1.2516165;0.54322225,1.5652118;0.77585244,1.2168334;-0.98699176,-0.47913003;0.59248173,-0.78303474;1.0843024,1.7476861;0.008652515,1.1788638;1.3216795,-1.2499782;0.27339563,0.13942559;0.9548468,1.0673972;1.404997,-1.1538757;-0.29171678,-0.29268104;1.1338913,-1.1177984;-0.7077286,-0.37242857;-0.047094647,-1.3739121;1.2428781,-1.1147963;-1.3204547,1.4725518;1.0061847,1.1529258;-0.9150759,-0.5137653;-1.322556,1.4731145;1.1875287,-1.0356638;0.43833336,1.4802707;0.7724971,0.8363514;1.0118959,1.8063352;1.8526493,0.078337245;1.3378584,-1.1397078;0.90621334,0.057270497;-0.49779576,-0.46238974;0.8177081,1.3579137;-1.2828066,0.62477684;-1.2686111,1.6055857;-0.40546677,-1.0981655;0.317863,0.9931527;0.36734945,0.14384219;1.7321911,0.11540753;0.9732053,1.7352363;0.40248808,-0.16727994;-0.14880237,-0.07929905;-0.1417046,0.0556046;-0.41998836,-1.0389249;0.84896934,-0.96191233;-1.3263901,1.0931494;-0.039490968,-0.54601526;1.37742,0.001967684;-1.1536349,0.8337205;0.21049607,-2.153457;-1.3367255,-0.84214604;-0.51031065,-0.57987046;-1.2951361,-0.26523107;-0.40702862,-0.21256463;-1.2339512,1.5416564;-0.23960769,-0.4111896;-0.10380868,-0.11286969;-1.5954974,-0.581332;-0.45845208,-0.22476068;0.23023634,-2.1303012;-1.3161436,1.2729797;0.7724734,1.4603169;-0.21314684,-0.24640948;-1.4022368,-0.77247393;1.2364645,1.5892189;0.16808498,-0.06809998;0.7515963,-0.93680394;-0.33712468,-0.64120346;-1.3043578,0.75667375;-1.1683068,1.4353836;-0.2381215,-0.5313095;0.3516082,0.20216587;-1.215045,1.1527792;-1.3796252,-0.7576449;0.21574712,1.4332092;0.8303467,1.4093004;-0.014700095,1.1931593;0.9622341,-0.9319787;-0.15725815,-1.7595972;-0.082934715,-1.7475046;0.39161536,1.289429;-0.9563881,-0.608232;-0.31346342,-0.19915691;-1.3302249,0.69557494;-1.3553458,1.461451;-1.350249,0.7398558;0.35432056,-0.17118604;1.9235535,-0.09140928;-0.095762,0.9183377;1.1589203,-1.1002058;0.8465236,0.08070918;0.30121246,0.17027612;0.43067127,0.24698609;-0.21474774,-0.30728576;1.8931818,0.031399023;0.48643196,-0.006910984;-1.074079,-0.6568488;-0.38456118,-0.55020475;-0.03029478,-1.860515;0.54348904,1.5834543;1.3186083,0.08098628;0.7318979,0.74670464;-1.2359629,-0.43733346;-1.6885374,-0.5621256;0.94972456,-0.988552;0.36104438,1.1857452;-1.2900155,-0.40041625;0.37855563,-0.2028523;-0.08273266,-1.4748352;-0.1853957,-0.38642016;-0.10819144,-1.571886;-1.5898446,-0.769897;-1.3397328,0.89489096;-1.1833723,-0.3736429;0.21049607,-2.153457;-1.3628439,1.4923337;-1.811694,-0.63184905;0.73397034,0.03270842;0.9341813,-0.03798839;1.2013017,-0.93826705;-0.108780295,-0.49786294;0.8337421,0.09491726;-0.58049643,-0.3133935;-0.26573917,-1.1990324;-0.24781024,-0.6507675;0.17500716,-0.11054355;-1.2543296,0.85946727;0.4210238,1.1266773;-1.565606,-0.6543197;0.68275374,-0.7459529;0.88201,0.9737263;0.085881054,1.2619848;0.7483265,0.13003431;-1.4825674,-0.6650403;0.056901287,-1.9354767;0.9007531,-0.9215847;1.5230095,0.08984367;1.0155073,0.057505045;0.58152294,-0.8074192;0.09143456,-1.9679013;1.5918258,0.03470492;-1.498854,-0.59257644;2.0806243,-0.16760507;1.95915,-0.07781843;0.8131897,0.07337227;-0.93164575,-0.48408493;0.45969498,-0.6842375;-1.0565351,1.2403948;-1.5661175,-0.5383286;-0.18098491,-1.5188891;-0.4005622,-0.06638661;-0.14611088,0.9350323;-0.4645627,-0.13186023;-1.4663267,-0.45693883;-1.3250804,1.0181817;-1.2812308,-0.3120791;0.44861275,1.4122546;-1.269779,-0.7525717;0.2442808,-0.064491995;0.013527534,-1.8195018;-0.21741997,0.76473534;0.98398566,1.7242491;-0.70602375,-0.31553486;-1.9535825,-0.72280586;1.6673421,0.05390012;-0.17757633,-0.49003717;1.905485,-0.07371744;0.17923059,1.216468;-0.3850479,-0.7008873;1.0136191,-0.9516118;-0.2027815,-1.5420434;-0.5966901,-0.67982763;-0.115101315,-1.4366665;0.84290826,0.9326003;1.4314159,-1.1238683;0.19612864,-2.0285587;-0.53389597,-0.7795107;0.41002423,1.3343906;0.708074,-0.6561716;1.0598716,-1.1271787;-1.3311211,-0.5925996;-1.9287865,-0.73333055;1.7421646,-0.018165646;0.21358165,-0.11536311;0.9983797,1.5550529;-0.5536057,-0.26841727;0.18793209,-2.0658128;-1.283832,-0.70730186;-0.26900542,0.68165195;1.2608072,1.5971376;-0.08625636,-0.36466095;-0.32232085,-1.0890505;-1.5315517,-0.81130487;-0.43565238,-0.4803777;1.1796561,-1.1509447;1.0157973,-1.0114233;0.7680144,0.05943215;1.3805847,0.018371822;0.96820253,1.5110244;1.2170739,-1.1451049;0.8932139,0.9873423;0.05221679,1.2003042;0.21959396,0.09910217;-0.77691156,-0.46696436;0.53856176,-0.79073757;0.9417976,1.7752422;0.29882059,0.8911016;0.5067739,1.5972306;-1.2133045,-0.67346835;0.66149503,-0.72536;-0.24438578,-0.07636392;0.075338826,-1.8842696;0.60474086,-0.73271525;-0.13972482,-1.396441;-1.1002527,1.3201305;-1.4945387,-0.797293;0.0674627,0.060788654;0.02623959,1.2247219;-0.91279596,-0.43362543;1.0025635,1.7307767;0.0389012,-1.8188292;0.1275033,-2.0421424;-0.31351155,-0.719351;0.5911531,-0.022579595;1.380478,-1.1044501;-0.7361912,-0.679669;0.4435038,0.051345635;-1.4235693,-0.8331436;-0.08678843,-1.8270206;-1.0459175,1.375723;-0.21239884,-1.4261719;0.920437,1.7454633;0.31958652,1.0061249;1.3805455,0.083980635;-0.16929929,1.0098959;-1.5660596,-0.5705538;0.943116,1.0234089;-1.3298962,1.5189316;-0.37260234,-0.5855557;1.4617474,-1.1652752;0.9039532,1.3958955;0.282463,1.2243723;-1.9115852,-0.78450036;-0.13685627,-1.4904824;0.46363002,1.4533323;-1.1024383,1.4343098;-1.876132,-0.8148725;-1.41006,-0.64066654;0.7727578,1.346018;0.8727923,0.04789767;-1.6441766,-0.76601934;0.37419742,-0.111016326;0.7357866,0.7719743;-1.0618294,1.2871097;-0.48160523,-0.9025253;-1.1831315,1.5278217;0.060197044,1.3186922;-0.7762268,-0.39907753;-1.3893088,-0.44782817;1.6868317,0.0136756655;0.10380568,-2.0617132;-0.5038478,-0.6630318;-1.464324,-0.745272;0.21533538,1.3475097;-1.1291881,1.2190456;-0.24913701,0.719911;0.08451408,0.07280199;-0.26950225,-1.1865075;-1.1435837,-0.8796647;0.42746213,1.4532901;-1.2403493,-0.7151446;0.7604139,1.2108293;-1.9686115,-0.73987556;-0.39189053,-0.559907;1.5656126,-1.1212666;-1.3629866,-0.5003137;-1.9825413,-0.7827356;-0.79627246,-0.4199329;1.3802911,-1.1776936;0.47514644,1.5074298;-0.43590376,-0.0955249;-1.9328713,-0.7597547;0.39485985,1.1188009;-1.6651386,-0.71787226;1.1238042,1.5540887;-1.2242359,-0.89566165;0.5038628,1.552171;-1.5098715,-0.51831335;0.5253866,1.5667572;1.1075673,-1.0165055;-1.3475072,1.1585095;-1.4856896,-0.48807216;0.7970916,1.0534511;0.2574845,0.05075808;1.1828061,-1.0961229;-0.5443034,-0.4740898;-0.62436885,-0.43930846;0.78544784,0.823339;0.28222585,0.8673496;-0.04483196,0.96139073;-0.1801588,0.9021824;1.4160212,0.101706915;0.42259648,-0.680216;0.09597393,0.06863969;1.2491122,-1.1083347;-1.4727826,-0.69305706;0.008720404,-1.7533253;0.9369474,1.057905;-0.66390604,-0.38751593;0.001803269,1.2474618;-1.2210203,-0.90656006;-1.3393065,1.4177556;-1.3574624,-0.8441681;2.0346496,-0.12448393;1.1216111,-1.084184;-0.11528659,-1.7748446;-1.5835195,-0.67966783;0.44364488,-0.13658471;-1.2913134,0.7171999;0.04722587,-1.8863109;-1.4684101,-0.8090493;-1.3716614,-0.80116653;0.31681642,1.0819492;-0.6063199,-0.36014202;1.0823771,-1.0401845;-0.076421395,-0.45708054;-0.6144217,-0.6968898;2.1195745,-0.008455493;-1.4983857,-0.5351192;-1.1578087,1.468934;-1.2011458,0.81157595;-1.4398788,-0.73925245;0.023701392,-0.03541615;-1.6366174,-0.8379733;-1.2155248,1.5474341;0.77381957,0.79838216;-1.3066304,-0.8136826;-1.3470722,0.6328331;-1.062335,1.4317226;-1.3351388,0.7287349;0.1363967,0.14149134;-1.2748758,1.1146191;1.380468,0.06930356;-0.16769035,0.8211881;-0.20870271,-1.5099372;0.3686536,-0.6900428;-0.07813289,0.98201853;0.72859395,0.064871415;1.2917877,1.5947249;1.5016958,-1.1446782;-1.3058846,1.0170242;-1.1356081,-0.29679087;0.41946203,-0.62602973;0.8460008,0.89877117;-1.117138,1.3948406;1.3333386,-1.0909553;1.0947088,1.7325794;-0.923724,-0.49833906;-0.60681087,-0.34061512;1.4073638,-1.1317618;-0.34201854,-0.5890364;0.6598591,0.007860807;-0.43546957,-0.33909857;0.33029646,0.85907996;-1.3109779,1.2222296;0.8301252,1.2910535;0.13084067,-0.0044339662;-1.5263678,-0.6449001;-0.020046895,-0.11454436;-1.3846914,1.511622;-1.2870886,0.8076141;0.8062499,0.8624646;-0.50206053,-0.28575513;-1.8653138,-0.7468216;0.7645707,-0.7560218;-0.084604,1.0587134;1.2624534,-1.0816535;0.716917,1.1165534;0.3110373,1.223698;0.15921617,1.4309822;-0.052354608,-0.49766326;1.1389678,1.7055306;0.008374332,-0.3901061;-0.21509357,-0.13780548;0.2641651,-2.1104195;-0.7944235,-0.46618542;0.8890166,-0.9130172;-1.0954664,-0.29198438;0.4369356,-0.088783756;1.118382,-1.1433527;2.0158896,-0.047937874;-1.1089559,-0.63641346;0.059616685,-0.13688213;-0.30474594,0.6173468;-1.0727478,1.4714327;-1.1421493,1.3713156;-0.8275887,-0.37786528;-1.8936191,-0.7907272;1.5532824,-1.1247057;1.7618555,0.009653056;1.0598968,1.7959182;0.8123492,-0.8517573;-0.32415956,-0.4436316;0.35202178,0.269589;-0.38754484,-1.0422015;1.1964792,1.5327939;0.9212896,1.4799205;1.7908658,0.04396504;-1.2630076,1.4447258;-0.31473643,-1.2050533;-0.17248283,0.751468;1.4239874,0.07131108;-0.23462126,0.70533985;-0.049748395,-1.729499;0.47565138,1.4528141;-0.0603966,0.20398912;-1.2922554,-0.33936557;-0.1198898,1.0073793;1.3130671,0.11651065;0.9704431,1.767546;0.04526869,-0.08208926;-0.585149,-0.46840706;-1.8098657,-0.6363707;-0.71638685,-0.27606437;-1.3542001,1.3868457;0.22192131,0.89545447;-0.057107233,0.9136106;0.51058066,-0.09856632;0.8201813,1.3226047;0.090738,1.3724262;-0.030488342,-1.7703018;-0.11309845,-1.5407934;-0.52623695,-0.5907577;-0.9327861,1.3925184;1.2268165,1.6108532;2.0853527,-0.0005548023;-0.36198145,-0.4255396;-1.031503,-0.28531933;-1.6386995,-0.57041776;0.42253724,1.4336945;0.93891484,0.06838128;0.64063627,-0.6455528;0.3724116,-0.1750056;-1.3179305,0.7462396;0.9622217,1.7478918;-1.4156088,-0.8065674;-1.8797652,-0.761945;-0.16900976,-0.007961729;0.6000233,-0.6582539;0.5771317,-0.6710727;-0.0428697,-1.7250899;-0.46452916,-0.9671645;0.841182,0.92533827;-0.30810252,-0.066746764;-0.15907018,-1.5652177;1.5294065,0.0141279325;-0.13077551,-1.7465931;0.83334017,0.9846932;-0.98288137,-0.63503456;-1.0039153,1.206779;0.38152674,1.2057458;-1.770747,-0.695866;-1.3628485,-0.57250273;0.96519583,1.1004751;1.361655,0.08859825;-0.3054327,-1.3009633;-1.9543236,-0.819258;0.39720818,1.1809546;-0.026804797,-0.48607397;0.7675497,-0.75996125;-1.1290939,-0.33918276;0.31657687,0.9582456;-0.018054264,-1.8709443;0.24519904,-2.0893893;1.1974392,-1.0495282;2.0753245,-0.042290296;0.9951104,-1.054513;0.53254825,0.19627208;0.6266429,-0.682886;1.9621614,-0.022962894;0.831907,1.3962729;0.35128063,1.0798658;0.1328322,-1.981308;-0.48135766,-0.78629524
p3d-kl
0.40061336755752563
p3d-iter
599
p3d
-1.612466,1.2402053,-1.2258544;1.6577148,0.6541712,0.62469226;-0.92950827,-0.7412487,-0.88127;-1.3818871,1.0507282,-1.0445158;-1.6113538,-1.8573803,-1.597671;-1.7281438,1.0978196,-0.7890682;-0.04509821,-2.1099536,-0.32894546;-1.1409605,0.48530233,-0.31878296;-0.124306925,0.27925465,0.24263512;0.89951676,0.39041653,0.25186768;-1.2194656,-1.2622142,-1.2091806;0.24830844,-1.031188,-0.096539065;-0.32633227,-0.09711827,-0.36892724;-0.3185563,0.12954019,1.2428015;1.1795149,0.098224476,1.2684945;-1.220613,-1.1946536,-1.1922519;0.055883903,-2.0198953,-0.39103323;-1.2119104,-1.3127722,-1.2855519;0.7755467,0.13749714,0.75200474;0.6268622,0.5420304,0.58507454;-1.6860398,1.0185938,-0.6939751;-0.3556042,1.6351199,-0.73574066;1.1228359,0.7718048,0.6321807;2.0452502,0.5554943,1.1771564;1.4013377,0.30202457,1.2643001;-1.0008705,0.31171012,1.2085524;-1.2860737,0.32478118,1.3793458;-1.0383574,-1.1537175,-1.1690491;-0.6172634,-0.10564599,-0.4939683;1.460345,0.16080195,0.6626766;-1.1166843,0.7932204,-0.6316764;-0.5691135,1.7103676,-0.9673817;-1.6113188,-1.8207636,-1.5871097;-1.3366833,-1.6074138,-1.2450002;0.6681976,-0.047884956,-0.76963705;-0.43962508,1.6930549,-0.8852276;0.6090602,0.098137796,-0.9527465;0.34979144,-0.87645745,0.017704673;0.15009835,-0.03612823,0.2996786;-0.16354416,-0.10373158,0.113874756;0.49286813,0.030822339,-2.3499284;0.92250425,-0.7093298,0.42357406;1.2186217,0.43933463,1.2641199;-0.18767454,-0.21323365,0.069698855;0.07929119,-1.6212524,-0.2864235;-0.4354652,-0.49555376,-0.06961132;0.6502334,0.15715161,0.67753506;0.45242867,-0.072880894,-2.1665313;0.165598,1.3906423,-0.09243904;-0.05774689,0.05068398,1.6042608;-0.4726203,0.0572661,1.6122297;-0.0031853195,1.655987,-0.21760885;0.44251904,-0.5098201,0.40564358;1.0341483,0.04224787,1.0549438;-0.33738744,-0.11285482,-0.35007122;-1.1900475,0.35882357,1.3072549;-0.22005136,-0.5060869,0.10330111;-1.1714007,0.56164163,-0.2637176;-1.1797011,0.81766653,-0.973439;-1.0052332,1.1647446,-1.0062271;-1.5211817,1.1923287,-1.1377841;-0.028656524,1.4744076,-0.39452228;0.52439946,0.019324753,-2.194643;2.1619554,0.09345494,1.1673597;0.051707644,0.18265411,0.044094216;-1.4638268,-1.6748279,-1.6140761;1.2537017,0.098876104,0.90807873;2.1017864,0.33428264,1.368473;-0.5968309,1.5883281,-0.724417;0.27879995,0.076251775,0.36271718;-0.1598102,-2.2787268,-0.24118583;-1.1866698,0.929685,-0.8785624;0.28781068,-1.3294622,0.059371013;-0.09886811,0.09428885,1.6717113;0.62232774,-0.0800402,-1.5819318;-1.453984,-1.5768057,-1.5913788;0.23889093,-0.45930967,0.3630713;-1.6515052,-2.015104,-1.6453263;-0.6868066,-0.08449049,-0.5458978;-0.31947982,1.583318,-0.46100262;-0.32951728,-2.619208,-0.50321245;0.7445062,-0.04387444,-0.6620511;-1.2367872,0.0658334,1.575844;-0.059554175,-0.09983542,0.3717656;-0.33692786,1.7404915,-0.57503134;-0.08759738,-2.1978042,-0.32579923;-0.5801029,-2.809249,-0.6318965;-1.5386865,1.1659346,-1.1913599;-1.5198781,-1.5190679,-1.4789532;-1.1698896,-1.1517115,-1.3104528;0.54882693,-0.032505568,-2.1853938;0.5377664,-0.107793346,-1.5082566;-1.6710804,1.0923725,-0.5029202;0.6562072,0.033594448,-1.281287;1.9561768,0.3040062,1.0221478;-1.2003527,-1.0820415,-1.1566823;-0.3406548,-0.39999703,-0.090742365;-1.2439446,-1.3410045,-1.3753537;0.14960927,0.2030392,0.82150334;1.213076,0.18062696,1.5141399;-1.3247073,0.18259287,1.7197845;0.8472834,-0.008027702,-0.5013094;-0.52077764,0.95303285,-0.5871333;1.0553279,-0.49907586,0.5756062;1.2790768,0.12752128,0.79444474;-1.2748978,0.7017222,-0.34166214;-0.112055786,0.14163071,1.4738925;1.6754746,0.5791722,0.77048403;-0.82741827,1.1321449,-1.0295761;-0.7904005,0.12953515,1.5931147;0.47061005,0.06700396,-2.481853;1.4095714,0.3414854,0.86859274;-1.1929951,-1.2677535,-1.2896253;-1.7030472,1.1357647,-0.52898;-0.35097954,-0.040226977,-0.34576106;0.30863228,-1.0125672,-0.04055832;0.89893943,0.17298718,0.7504578;1.570245,0.26786828,0.71706736;0.7981052,0.1810418,0.55542326;0.6210489,1.0994754,0.39526585;-0.36381274,0.06363183,1.5431898;0.6170474,-0.022445532,-1.3397965;0.9628437,0.23523192,-0.092461444;-0.9902073,0.6027074,-0.7733571;-1.0840881,0.36000156,1.2153194;-0.5175186,1.6915662,-0.92709225;0.08926204,-1.919927,-0.3314249;-0.17956936,0.18464114,0.08037565;0.116850354,-1.7131026,-0.13986748;0.6891657,0.13355538,-0.7103412;-0.18490909,-2.2214558,-0.3873522;0.12813391,0.23729332,0.71359056;0.994412,0.089147255,-0.1296415;0.6719393,-0.3943679,0.42250314;0.5842593,-0.27956605,0.4460253;0.53788936,-0.035229843,-2.241257;-0.5052925,1.0553987,-0.65210646;-1.4514452,-1.3536527,-1.3945082;0.9176416,0.16282207,-0.2296358;1.9371548,0.2635765,1.0344958;-0.6178055,1.6248201,-0.9642292;-1.2305093,0.8799921,-0.9361834;1.0467616,0.69500834,0.82820123;-0.64113843,-0.23145366,-0.51307267;0.19852008,0.110620655,1.618929;-1.4128444,-1.5063038,-1.4262917;0.881312,0.14703575,1.2119926;-1.1512682,-1.476935,-1.3958067;-1.1823637,-1.3015296,-1.2595489;-0.32086062,-0.53373116,-0.38874227;0.63432777,-0.84948957,0.17154144;-0.30071384,-2.0975242,-0.5715571;0.3184759,-0.08158362,-0.589637;-0.5712074,1.0536908,-0.85622686;-0.47187448,0.12785003,1.5260088;0.6057442,0.012158977,-1.3300567;0.99999917,-0.3601093,0.5133792;1.2077477,0.24279879,1.3919427;0.19703287,1.423812,-0.05276349;-1.148991,0.71570015,-0.25329846;-1.2344341,0.18849313,1.1870451;0.25241873,0.055495434,0.36082044;-0.40466017,0.070619605,1.5227445;0.15285085,-1.1699375,-0.19759856;0.7253723,0.1537722,-0.26802015;-0.044110592,-2.0234993,-0.32157564;0.068636134,-0.06943484,0.038278796;-0.23955372,-0.29782978,-0.030286128;-0.27754492,-0.4617444,-0.10001672;-1.0043557,-0.07852777,1.5660825;-0.2615135,1.5969161,-0.4415353;0.60012925,0.58820075,0.4706513;0.1673536,0.13060713,0.23495252;0.8776997,-0.1753279,-0.4762983;2.0939584,0.47137564,1.1785473;-0.2971913,1.7039161,-0.68628544;-1.2347041,-1.1351538,-1.1391854;-0.80761355,0.012797503,1.5047705;0.18458612,1.5235126,-0.0016837112;0.63016754,0.3917052,0.6525406;-1.6095184,1.1426135,-0.7571208;0.14904656,0.32727888,0.13470908;-0.7700176,0.59477806,-0.0057017733;-1.6402501,1.1239308,-0.7214727;-0.94133323,0.12417389,1.1712456;0.54556316,-0.0297588,-1.9713434;-1.0488508,1.4807055,-1.22158;0.9110154,-0.71380603,0.42124504;-1.0081985,-1.1000481,-1.035191;-0.95696265,1.3909707,-1.1252477;-1.6004019,0.92869306,-0.64569706;-1.5954509,-1.7260643,-1.5436006;-0.1516211,-2.601243,-0.5870486;-1.6060734,1.2678678,-1.2408273;1.3225219,0.33049756,1.3538901;-0.30586296,-2.5011947,-0.5349128;0.8774913,0.06782133,0.93107504;-0.2501244,0.044000763,0.18174306;0.5489545,0.0161595,-0.9662187;0.3277944,0.13023551,1.6101228;-1.2128918,0.90929824,-0.8426559;0.08121645,1.5313444,-0.29997224;-0.1724914,0.23861387,0.044902712;-0.1929419,-0.009691571,1.5221207;-1.0503283,0.65245855,-0.639291;0.5558771,8.9971596e-05,-1.8435882;-0.72305924,-0.57173914,-0.5571673;-1.554862,1.231001,-1.1840488;1.7763873,0.73305136,0.8939005;1.8381684,0.14997344,1.2882081;0.6579825,0.089316465,-1.1322422;-0.54027647,-0.03681569,1.587069;-1.1127961,0.97002625,-0.95831466;2.0503538,0.12099681,1.4537317;2.2716377,0.20054658,1.3729143;-0.91447365,0.2676977,1.1975737;0.84175146,0.08500739,-0.46845245;-1.7122988,1.11555,-0.7867884;-1.6496933,1.2891371,-1.2511369;1.3562202,0.56041735,1.187313;0.6270925,-0.020277238,-1.1352012;-0.4684152,0.77467,-0.17864402;-1.0868999,-0.90594506,-1.0147859;-0.15064803,0.10582949,0.18800776;-0.5360962,0.114236996,1.5611657;0.19007312,1.4639149,-0.1155787;0.22380953,0.42771617,0.42002138;-0.052473355,-2.0800076,-0.27994877;0.5557542,-0.019235166,-2.270523;0.8926909,-0.018106338,0.29433858;0.10053953,1.4549905,-0.18445215;2.4543808,0.26038533,1.3997647;-1.0550566,0.61470526,-0.7594296;-0.17457606,1.4292759,-0.21570441;1.2464135,0.71491,0.88932353;-0.9522374,0.088175,1.6688083;1.1120824,0.5473816,1.3069979;2.2229493,0.3189224,1.3925011;-0.67402136,-0.12479356,1.5932989;0.51810914,0.24575277,0.88119406;-0.9994305,0.58969796,-0.06826078;-1.5530288,-1.673657,-1.5191001;0.08266405,-2.0736003,-0.37034017;1.2466593,0.06319691,1.1859325;-0.98785883,-0.8435334,-0.877946;-1.4259241,-1.6163336,-1.5643946;-0.44653112,-2.8720202,-0.5711108;0.5771791,-0.35136187,0.31465396;0.57656974,0.30987048,0.31445712;0.27825576,-1.0228404,0.16628845;0.12596759,0.10161472,1.6053082;0.8675611,0.2368259,1.2327716;0.60532695,-0.19949894,-0.77705336;2.3219526,0.27695635,1.3606136;-1.0574617,0.05781994,1.6710625;-0.6460409,0.059751134,1.6358454;-0.16074848,1.7353878,-0.56434494;2.099612,0.34812826,1.5204989;-0.54175425,-0.54509157,-0.3357941;-0.4008836,-2.6607559,-0.4560634;-0.35990775,-2.6358645,-0.42280677;0.22136058,1.4072847,-0.018899387;-1.285782,0.7036781,-0.35013703;-0.33881798,1.5910685,-0.8092082;0.6085255,0.16728717,0.67192847;0.637575,0.0725347,-1.110778;0.22685543,-1.1411233,-0.2392377;-1.3334517,0.07560745,1.3856083;0.9932913,0.20200393,-0.03509541;0.19503473,0.10921077,1.6269388;-1.3953164,-1.4990389,-1.4419142;-0.5037719,0.9931384,-0.58648133;0.5691884,0.6028692,0.5731334;-1.0826746,-0.8943844,-1.0402815;0.8018571,0.13953844,0.40269986;-0.47909775,1.1139029,-0.62416387;1.13622,0.11982307,0.4801119;-1.5288364,1.2744844,-1.1631584;-0.69175303,0.9856316,-0.6715159;0.48861474,-0.019660242,-2.110597;0.4949405,0.03222747,-2.3414006;0.25922957,-1.6521623,-0.13592626;0.3444809,1.3184218,0.121955484;1.3024966,0.48456895,0.8947613;-0.33517787,-2.7967472,-0.5363119;-0.115886785,1.6534371,-0.49509913;1.6449236,0.7081785,0.55821687;1.306342,0.5707087,1.2181832;0.113828175,-1.8984118,-0.31400847;0.73417675,-0.046182014,-0.68305457;-1.4362161,-1.6777152,-1.5847414;0.8568409,-0.0032357275,0.748144;-0.45730615,0.042914875,1.5912474;-1.0005267,-1.0998869,-1.0551625;-1.3610324,-1.5127965,-1.5114901;0.12569232,-1.3052181,-0.30030024;0.7840795,-0.16126281,0.653231;1.4995319,0.38999793,1.4414641;-1.0168066,0.5411685,-0.66916305;0.8823058,0.15771852,-0.3662901;0.6055942,-0.06672939,-1.5950251;2.5020034,0.22122064,1.4480706;0.6511276,0.3759764,0.7861051;-0.23518962,1.517602,-0.6562631;-0.30135128,0.17995761,-0.37218657;0.61877704,-0.8628219,0.13222294;0.49119237,-0.16069046,-1.8670743;0.04652756,0.6393318,0.20407665;2.1189537,0.34302,1.3696309;-0.69450384,-0.63514507,-0.6301081;0.58796364,-0.87985855,0.12879837;0.37855327,-0.042771515,0.6658744;1.9386014,0.4899085,1.4960191;-0.37655964,0.030533144,1.5297347;1.4742149,0.3039562,1.4643183;-0.17352837,1.6120464,-0.56451356;0.23693755,0.11687756,1.609613;-0.107815765,1.559075,-0.23994926;-0.074880324,-0.011647203,0.23733068;0.26588595,-0.84227836,0.092218086;-0.26352322,-2.48499,-0.5031077;-1.5951047,-1.9078466,-1.6301848;1.0777391,0.025566617,0.23649877;-0.3158998,-2.8015008,-0.6730945;0.42055005,0.092793934,0.7793371;0.5712133,-0.008990763,-1.5506487;-1.1345447,0.3339175,1.1571078;-0.49285403,-2.6938624,-0.7042974;-0.21542668,-0.32974586,0.0001400343;-1.0233932,0.102195516,1.0583009;-1.0374739,-0.8877837,-0.920324;-0.32055172,1.6858298,-0.63512886;-0.05692039,0.12107966,0.14730403;-0.50068456,0.6229714,-0.3930978;0.3199827,0.2300625,0.43184203;-1.057095,1.454352,-1.1928437;-1.270847,0.67204314,-0.35332084;2.4567266,0.33693615,1.4136357;-1.7238283,1.0060886,-0.7506023;2.2477586,0.32600248,1.5281489;-1.7359501,1.2216452,-1.0604451;0.09365942,-1.7873347,-0.15533276;0.26476216,1.3826576,0.03338547;-1.4840332,-1.3593017,-1.4510384;0.20278354,-1.7205156,-0.21508865;0.04342369,1.5301039,-0.3104878;-0.67364466,-0.075460404,-0.54133165;-1.544425,0.8238614,-0.59204996;1.46986,0.3784313,1.4279305;-1.6495577,-2.0192027,-1.6766151;-1.3867497,0.3782505,1.5164381;0.6135709,-0.06375746,0.84704894;-0.23774657,-2.5916312,-0.589185;-0.6250171,0.028533923,1.6978186;1.6512442,0.21048746,1.3687495;0.59491843,0.0018043218,-1.2239406;-0.6002141,1.706333,-0.9915327;-0.463947,0.6353909,-0.100079104;-0.13192134,-2.2072406,-0.3889417;-1.3544308,0.7750477,-0.4211018;-0.1307489,-2.6325316,-0.5831125;0.6382067,-0.24166152,-0.6370866;0.8302863,-0.598847,0.27929023;-0.26703444,-0.1076847,-0.34086123;1.764074,0.16544835,0.99662334;-0.58733094,-2.8129916,-0.62891084;-0.38807228,-0.32913083,-0.45853946;-0.83981884,0.5574452,0.041928396;-1.5774947,1.2890004,-1.1474925;1.1662575,0.7279536,0.65536684;-1.5879345,1.2094597,-0.74685574;0.96380067,0.81874347,0.88250375;0.26842126,-1.0245236,-0.17722124;1.2665921,0.07188177,1.3156779;-0.041698445,1.6197006,-0.3197545;-0.7805379,0.17636971,1.4784874;-1.5361447,-1.8469034,-1.6374747;0.62543076,-0.20872276,-0.6919589;0.99604404,0.19660336,0.39535728;-0.87995625,0.21565329,1.1767603;0.52351487,0.010435432,-2.1157246;2.39752,0.15494603,1.4364681;2.2603254,0.36767724,1.4303834;1.006253,0.7534863,0.705828;0.70922,0.42917177,0.44732782;-0.6656446,-0.5621408,-0.5014027;-0.5045026,1.3980724,-0.6793851;-0.0035224303,1.5539423,-0.32346562;0.8810631,0.90014964,0.7938151;-0.5190656,-0.23470606,-0.42290777;-1.3310487,-1.4464986,-1.3536979;-1.1626124,0.6582926,-0.2816811;1.626179,0.75212985,0.499733;-0.046680745,0.08590749,1.6221623;-0.82752967,1.2106333,-0.99516916;-0.337993,1.6185706,-0.5585848;-1.0438848,-0.09074901,0.9889494;-1.7010155,1.3243585,-1.3837563;0.7242684,-0.14610378,-0.8645834;0.8612745,-0.5601767,0.31557742;-0.66725016,0.06180533,1.6380235;-0.6220839,-2.860315,-0.62429875;-1.1133038,0.31733635,1.2020693;-0.53277606,-0.7081906,-0.63849163;-0.37836084,1.3724952,-0.65799946;-0.22661905,-0.40664127,0.0030654103;-0.38903347,0.08471734,0.09825682;0.69093215,0.6746727,0.5805266;1.2795441,0.5574257,0.8651493;-0.52065736,-0.38198736,-0.47221518;-1.3448853,0.20059708,1.6914885;0.19395944,-1.6845648,-0.14783406;0.5714682,-0.04037929,-1.2025946;-0.6940611,0.520914,0.10745745;-0.010897741,1.5719951,-0.14999878;0.1786857,0.10815183,1.6213388;1.105295,0.52160317,1.3072846;-0.31981918,-0.44400167,-0.061882675;-0.35210085,0.24727637,0.024082994;0.87975204,-0.05033244,-0.40299127;1.0554947,0.71903044,0.91981316;0.17909972,-0.012313611,0.32866463;0.50270057,0.015344609,-2.1563194;0.3069273,0.3536206,0.58483434;-0.6475717,-0.05229401,1.5670402;-0.8672127,-0.81408364,-0.77769446;1.5317615,0.24144876,0.6683258;0.5447396,1.1514285,0.32512456;-1.3339581,0.18090357,1.6786572;1.2264477,0.49960154,1.2832328;-0.88734204,1.4040112,-1.0886624;-0.7756045,-0.62403333,-0.6138493;-1.0369538,-1.0191051,-1.0077738;0.86417496,0.29637536,1.212402;-0.59644854,1.6529272,-0.8358746;-0.16466807,-2.3668551,-0.37665486;1.5815676,0.3742921,1.4318225;1.0502424,0.15239838,0.30665353;1.1864136,0.3921999,1.2775;0.8342376,0.3552408,0.957264;-1.2730063,0.34950078,1.3718947;-1.1540923,1.0047413,-0.9833266;0.92372376,0.38463956,0.27622032;0.8927516,-0.36998135,0.42519438;-1.0246683,-0.087075144,1.6401366;0.7024933,-0.45416772,0.42332923;0.30890223,0.29805866,0.59215474;-1.1581993,0.735704,-0.21810631;0.7873032,-0.1824911,0.64210963;-1.6461543,-2.058653,-1.6598871;-1.474506,-1.5470507,-1.4395938;1.6947443,0.17110726,0.9100913;-1.4681779,-1.8484471,-1.6290697;0.23174772,-1.0640534,-0.19489959;0.70435363,-0.04960768,-0.6521047;-1.1961534,-1.207374,-1.1694249;-0.4530966,0.09589883,1.5962315;-1.4496453,1.1108403,-1.1008636;0.16476895,-1.4290468,-0.23340417;-1.6501675,1.101148,-0.6872088;0.5620953,0.011221481,-1.0998994;2.066429,0.26168025,1.131321;0.8476316,0.2973572,1.2076277;-0.49049914,1.6935644,-0.9062928;0.075705156,-1.9395107,-0.4222696;-0.06320095,-2.3078244,-0.4161385;-0.89382553,-0.089412846,1.6004533;1.5347435,0.16701068,1.1991884;-0.027653856,0.09117968,1.630255;-0.2943774,1.6728467,-0.61365765;-1.635825,1.2889961,-1.2402707;-0.63699496,1.5680257,-0.9873995;0.36955836,0.5295375,0.30139497;-0.11691563,0.4346053,-0.010477478;-1.5769352,-1.8582603,-1.6510453;0.10078006,-1.370574,-0.31860986;0.6579074,-0.07644382,-1.0823308;-0.6944046,-0.4577547,-0.5347333;-0.017445227,-1.9325299,-0.33317372;0.75640345,-0.13613251,-0.6046108;-1.2564915,0.38569012,1.3599066;0.4388975,0.09685281,0.7942926;-1.0559566,0.9494944,-0.8752731;-0.21063574,0.46245462,-0.046143334;0.18139075,-1.1308273,-0.3151377;-0.03177934,0.090323746,1.6379602;0.46744034,-0.03386809,-2.0131965;-0.9038567,0.60707694,0.025519835;-0.2688647,0.11416409,1.3709909;-0.9084603,0.30282992,-0.73038095;-1.4259287,-1.5223724,-1.5339156;-0.48200837,0.057349343,1.6455581;0.9196194,0.21404111,1.2582276;0.016894056,-1.0043947,-0.069937184;0.3447456,-0.06932,0.8544847;-0.9097966,-0.7942051,-0.7856827;-0.22955315,0.29596797,0.32480916;-0.96637595,0.048175413,1.5836202;-0.9630557,0.66526765,0.0072207972;0.7674082,0.2873757,0.59219396;-1.3343713,-1.2840145,-1.5140687;0.5878037,-0.31099194,0.37674174;0.8943157,-0.22702757,0.2963814;-1.0641067,0.6203164,-0.72225845;0.4151546,-0.09770934,-0.70319045;-1.4503287,-1.5269835,-1.4247628;-0.94490546,0.2835344,1.2266295;0.37589934,1.2822026,0.15634221;0.29131597,0.46362028,0.38817808;-0.33926916,0.11584005,1.4969097;-1.0093551,0.06461312,1.6622005;0.055487633,1.658195,-0.10706854;-0.3660165,0.12658688,1.2810625;0.0985619,0.22670698,0.5259954;0.19168402,-0.070593596,0.19247067;0.5209712,-0.098869,-1.6853513;2.3414931,0.2905948,1.2845539;1.2049351,0.46651176,1.2676843;-1.0959743,0.4855645,-0.23677537;0.8994482,-0.71497554,0.4166144;-0.2982107,1.4752703,-0.6990519;-1.0345217,1.4285468,-1.1749423;-1.0099374,0.54328656,-0.66829735;1.16442,0.7110978,1.0134858;0.2433333,-1.2491506,-0.04915074;-1.7176538,1.0972255,-0.8021002;-0.22603881,1.6189312,-0.46969143;-0.22384676,-2.7417238,-0.68825454;-0.273131,0.20375323,0.04228765;-1.2408804,0.78983974,-0.30709952;-0.43579227,-2.709525,-0.58384776;0.40380964,0.1078301,0.7333564;-0.18194276,-2.3697555,-0.2538142;0.8550255,0.48938537,0.98764545;0.35979286,-0.07598669,-0.67203826;-0.27047962,-2.4948115,-0.43183845;-1.2532187,0.08738345,1.5936587;-1.4135257,0.8808324,-0.3523432;1.1232448,0.6635395,0.8217003;-1.2498746,0.10167938,1.5996737;-0.14541227,-2.3373146,-0.49171808;-0.8207378,1.3911963,-1.041523;-0.8594413,0.5690483,0.032682348;-1.6574323,1.1711906,-0.6131245;-1.4091958,-1.3243483,-1.5293684;-0.36188605,-2.6545002,-0.4603664;-0.693691,-0.59521955,-0.53932065;0.8693443,0.046427943,0.8833963;-1.1433707,0.7710955,-0.8393184;0.07185004,0.10227072,1.5251398;-1.3835428,0.39503452,1.5154858;0.9038021,0.14026667,-0.28418112;-0.41946667,0.7588299,-0.45537168;-0.44047529,0.08148038,0.09795773;-1.1439171,-1.455744,-1.3718864;-1.6182077,0.9499389,-0.66933143;-0.13465193,-0.50781864,0.19581565;0.16771272,0.11998463,0.6374847;0.09647164,0.46056163,0.45030838;0.92488873,0.16529083,-0.18688257;0.12486773,-1.8497919,-0.100428194;-0.6651155,-0.004660397,1.607246;0.47776216,-0.5532844,0.30198058;-0.86761916,-0.96139777,-0.9239193;-0.30613473,0.13747749,1.1987813;0.5169074,-0.03824407,-2.4678109;1.7902737,0.50617397,0.79463744;0.8350598,0.11241602,0.46977356;1.1777902,0.15602581,1.5559292;0.56564856,0.33685094,0.5008206;-1.3444864,0.15109074,1.367758;0.5068072,-0.19574071,0.6745626;0.16901895,0.10105367,0.4618987;1.8480233,0.42801964,1.4382029;0.51408553,0.6547213,0.6133568;0.4922866,0.015031296,-2.4464667;-0.942534,0.07755888,1.6487635;-1.1089048,0.96320564,-1.0024074;0.2959677,-0.046644866,0.9285795;1.6618037,0.59030795,1.1214198;-1.6758447,1.2899449,-1.2792655;-0.042225454,-0.0027184589,0.39884034;0.28559497,-1.683993,-0.1971736;0.941782,-0.35530964,0.63932455;-0.14247198,0.06813055,1.5738535;-1.1633995,0.4120846,1.3098853;0.60789275,-0.453529,0.5916059;-0.4220314,0.26797932,-0.062273107;-0.76363677,-0.012785977,1.3998803;1.6339327,0.57426864,1.108861;-0.59448224,1.6162506,-0.9267047;-1.1982799,0.90093476,-0.83741826;-0.16457996,1.6028023,-0.5291744;0.07860427,-1.9261225,-0.40345472;0.482355,-0.2643606,-1.3507438;0.5756629,-0.11249941,-1.4363123;-0.59568614,1.095361,-0.90840656;1.2978591,0.737955,0.7603609;0.4326965,0.4160915,0.686675;-0.05065906,0.09256735,1.6103458;-1.2325798,0.13622148,1.6622008;-0.1117584,0.048597068,1.6616842;-0.09726406,-0.47369105,0.2690336;-1.3181014,-1.734105,-1.4971626;0.08250256,1.3984189,-0.15386231;-0.18876547,-2.3731875,-0.32676423;-0.66175675,-0.46942952,-0.4712765;-0.35322198,0.23888089,0.021187814;-0.46511745,0.20383635,-0.23575184;0.37390032,-0.10786671,0.81178683;-1.4397609,-1.4659629,-1.4982101;-0.3207333,-0.2774438,-0.060982224;1.2451897,0.15246505,0.6873649;0.817125,-0.17003828,0.652189;0.48775214,-0.11259327,-1.6530972;-1.048151,1.4477276,-1.1904505;-0.9145946,-0.8016082,-0.7968483;-0.7149966,0.5048866,0.113317356;1.2883666,0.42736474,1.2926924;1.9370828,0.50309014,1.5510051;0.090744674,-2.0115716,-0.3382693;-0.56790376,1.0288424,-0.70479774;1.3112056,0.44825915,1.4240261;-0.05144441,-0.5219112,0.23351914;0.53955233,0.14134842,-0.87184745;0.4181088,-0.22004761,0.6268515;0.6009088,0.08993603,-1.1084042;1.9639012,0.41390508,1.1685197;-0.34846827,0.030535454,1.640099;1.0997144,0.39636102,1.3650367;0.5169074,-0.03824406,-2.4678109;-1.2840302,0.13607545,1.6843532;2.1212935,0.3224519,1.6121062;-0.50098646,-0.4380384,-0.35091627;-0.51901746,-0.7102712,-0.64363664;-0.2863041,-2.0779252,-0.5589261;0.51983577,-0.4232817,0.38916045;-0.68005735,-0.43282387,-0.4377379;0.7989913,0.56070507,0.6110512;0.87449247,-0.1561197,-0.46325204;0.8223574,-0.41041496,0.39009824;-0.010812306,-0.10624903,0.43322507;-0.3157822,0.13796017,1.4568759;-0.66375303,0.92412215,-0.5817726;1.8962247,0.23782286,1.2356209;0.14474715,-1.2901932,-0.2336497;-1.1095198,0.6443332,-0.15670703;-0.29733062,1.5436673,-0.673407;-0.5605762,-0.2566791,-0.4546535;1.819574,0.17314424,1.0237482;0.53283536,-0.05820817,-1.8883228;0.054845456,-1.8655336,-0.21239242;-1.0417893,-1.0467789,-1.1203482;-0.7674918,-0.72033644,-0.68259656;0.27645332,-1.2862846,-0.0100116925;0.533332,-0.012516783,-1.985348;-1.1854944,-1.0985594,-1.1328009;1.7187463,0.50386673,1.4572548;-1.4586025,-2.1213167,-1.5057544;-1.4084802,-1.7534542,-1.4574418;-0.64681923,-0.43846047,-0.3856497;1.1029524,0.5928127,0.86833835;0.3517749,-0.88110286,-0.026905702;-0.81516707,0.24202846,1.1076435;1.7840773,0.3793729,1.4115456;0.6852265,0.00094932265,-0.99367094;0.40405777,0.5703672,0.29772636;0.14368485,1.4922731,-0.15434065;0.5401381,0.5846364,0.40063092;1.5889695,0.23842396,1.4869448;-0.55097353,0.013477938,1.6344842;1.2258784,0.19600233,1.4918945;-0.783295,1.255391,-1.0010054;1.5857378,0.45840847,0.82380116;-0.05963871,-0.14857937,0.23105977;0.553469,0.008796337,-1.6592739;0.332858,1.312766,0.10363143;-1.608974,0.97517395,-0.69227767;0.7321991,0.53207564,1.0200558;2.42385,0.3101002,1.5374494;-1.20959,-1.25994,-1.2211194;0.5943724,-0.22826868,0.38821957;-1.3220434,-1.676291,-1.6012156;-0.44019496,1.4255135,-0.5681262;0.8445112,-0.24179196,0.30215165;-0.020830793,-1.9667233,-0.32016575;0.71696174,-0.042716116,-1.0266455;1.1142857,0.10776483,0.44671074;0.5249058,-0.13761576,-0.91628253;-1.0330606,0.58414376,-0.09150188;-0.49059132,-2.776234,-0.50933594;0.46004114,-0.017897924,-2.2206273;1.0120065,0.2376332,0.23847176;-0.6565815,1.1545861,-0.95506465;0.04863443,-1.1486535,-0.32968596;-0.16639715,-2.2167141,-0.13798851;1.5483284,0.38330024,1.1501032;2.4204175,0.3772275,1.4560015;-1.3845886,-1.2261375,-1.3111573;-0.054929025,-0.1519229,0.45302692;-1.4020526,1.0820972,-1.0081066;0.58855176,0.5394556,0.7193435;0.50872934,0.01986288,-2.273576;1.5847615,0.3616111,0.87710476;0.44093955,1.2236024,0.22569706;-1.7088165,1.3055179,-1.3149627;0.35107607,-0.25134385,0.45085514;0.72150147,0.12385961,-0.30033222;1.8889773,0.561074,1.1955888;0.8283476,-0.044840135,0.8304725;-0.29656833,-2.4324968,-0.27306455;-0.028241634,-2.0609004,-0.24641208;-0.56768507,-0.4112718,-0.34495133;-0.8944715,-0.9420928,-0.91973424;-1.3536614,1.0149283,-1.0161047;-0.29954314,-2.5192904,-0.32453215;-1.1383475,0.65458506,-0.17341007;-0.26880985,1.5433055,-0.51820534;-0.16421106,0.19222327,-0.009929078;0.94529253,0.6813492,0.9916848;0.3520082,-1.2339996,-0.018923132;-1.566115,0.95944726,-0.5477735;-0.47734302,0.64214945,-0.23698825;-1.0254805,1.4872652,-1.2034234;1.4401728,0.44817725,0.8296379;0.16205841,-1.2262802,-0.2279267;0.2286012,0.39753374,0.5578776;0.48969638,0.007163993,-1.8272556;0.26743534,-1.1609867,-0.21664266;0.5686819,-0.18165988,-0.8086937;-0.9511362,0.28524736,1.1921031;1.7830619,0.55698663,1.2272186;0.01156179,0.3318906,0.1414519;-0.23097974,1.5921179,-0.58500665;1.0066847,0.5704309,0.91869086;-1.6318815,0.99391997,-0.71267515;0.57857096,0.054657727,-1.6887112;0.5447997,-0.025083024,-2.1635504;1.0553159,-0.35767642,0.61419487;-0.30435067,-0.44739357,-0.23022614;-0.43726754,-2.670476,-0.4389254;1.1200868,-0.24902657,0.67661273;-0.14157285,-0.11425172,-0.25826284;1.7473716,0.5699832,0.9621419;0.5673,-0.2105159,-1.5611845;-1.0495073,0.15664227,1.1214384;0.7158237,-0.09934304,-0.8317405;-1.5603498,0.8938581,-0.5698759;-0.37978444,0.73738474,-0.5064601;-1.0019408,-0.8340836,-0.886643;0.023307174,1.6756371,-0.117324255;1.8105292,0.31404427,1.4283013;-1.2003006,0.7492172,-0.21923414;-1.303333,0.20006941,1.6328205;0.85858095,-0.22223075,0.70682234;-0.5206311,-2.7340317,-0.6348126;-1.2063916,0.74166584,-1.0099831;-0.50075376,1.217629,-0.69643414;2.4094956,0.30761823,1.355894;0.59915334,0.08728366,-0.9231581;-0.8333739,1.3107041,-1.0232472;-1.1407207,0.2616646,1.1971071;2.3348389,0.18473744,1.3979367;1.7331424,-0.017596703,0.97782165;-1.061963,0.7330039,-0.888353;-0.65617853,-0.5632546,-0.49334103;2.058645,0.3026244,1.1240674;-0.17161037,-0.3756895,0.18164629;-0.7472749,0.53017217,0.0943998;-0.9063142,0.28029588,1.1222361;0.9786264,0.18540455,0.056648392;-1.2958045,0.30641884,1.3699303;-0.32548153,1.6803526,-0.7243595;0.8595701,0.85198396,0.6785916;1.5027041,0.38529888,1.4623533;-1.252786,-1.2578514,-1.2232827;0.5938633,-0.043484975,-2.1634176;0.930261,0.015953133,0.33768192;1.8048338,0.3918648,1.0271122;-0.5944675,1.5895084,-0.6997215;-0.7881906,0.23766792,1.2692924;0.39181986,1.2706037,0.17134254;0.0010651322,0.31271547,0.14652069;0.8875767,-0.1535506,-0.44389597;1.5412661,0.6822074,0.5842927;-0.791924,1.3592173,-1.006257;1.5398723,0.34058332,0.8082188;-0.9889022,0.4749311,-0.68962675;2.440377,0.32300377,1.5209172;0.8501989,-0.17475772,0.65037775;-0.68222904,-2.8798215,-0.6606224;1.5092512,0.36603114,1.3137435;2.4948046,0.25858286,1.4703716;0.9080596,0.8485657,0.7014977;-0.3786237,-2.7690759,-0.558503;-0.88683426,1.3924394,-1.0934348;0.47969645,0.5919579,0.34919327;2.4423797,0.3711711,1.3709794;-0.6137254,0.914724,-0.58291996;2.0223699,0.30463326,1.2809864;-1.5178231,1.2098099,-1.1763048;1.6600822,0.65794504,0.6139345;-0.9779904,1.433096,-1.1513596;1.7057873,0.23757042,1.4142946;-1.0159388,1.4370519,-1.1740744;-0.059041537,-2.264289,-0.42571697;-0.77593046,-0.018563895,1.6758236;1.6456697,0.24657974,1.4465113;-1.1146425,0.42424247,-0.33697617;-0.21371007,0.07033883,0.23844598;-0.19459069,-2.4008977,-0.3684472;0.85794103,0.18113256,0.6962983;0.87476534,0.31520012,0.83295673;-0.8544704,0.58746564,0.041276973;-0.4981659,0.68038666,-0.14714193;-0.046969935,1.4679732,-0.12294049;0.19596143,1.4924508,-0.06988055;-1.031739,-0.83951735,-0.95432436;0.35585168,-0.8380089,0.047715116;-0.022978747,0.30903447,0.11625614;-0.25826058,-2.480306,-0.48241764;1.8097603,0.24159327,1.0234964;0.5171898,0.061184414,-1.5400785;-1.2144239,0.7626244,-0.2867716;0.8156572,0.42249414,0.93836176;-0.20949416,1.63313,-0.6354841;1.6732047,0.67186254,0.5954758;-1.1602587,0.09546994,1.6502296;1.7864426,0.5955145,0.8397292;-1.4379929,-1.9683726,-1.5352893;-0.14774877,-2.3108296,-0.29647404;0.51602614,-0.21012981,-1.4368623;1.8573687,0.17013985,1.2623312;-0.2039401,-0.49846265,0.1047455;-0.08442844,0.08335103,1.5662328;0.535157,-0.008987418,-1.808668;1.8298032,0.5354813,1.0618464;1.7783282,0.46268702,0.91264015;-0.4742175,0.9233414,-0.5450585;0.76781154,0.4263325,0.84100926;-0.090611495,-2.2065501,-0.3379503;0.42101976,-0.43131778,0.39165938;1.1488671,0.14251585,0.50431484;-1.6316109,-1.8835458,-1.7084862;1.704735,0.21346356,1.3930471;-1.2054695,0.42904755,1.3167578;-0.24879268,0.1115231,1.3114653;1.7689662,0.3899434,1.0333357;0.21355073,0.1822246,0.03584696;2.0878224,0.52999586,1.134734;-1.3404732,0.20870933,1.3655283;-0.8222956,0.56192064,0.05987267;1.689599,0.56097263,0.84181494;0.05180905,0.09684811,1.6706275;-1.1440396,0.18937477,1.1519592;-0.10971373,0.09258933,1.6406326;-0.20317537,0.26332515,0.3570374;-0.694502,0.13889892,1.5888594;-0.9808512,-0.8896567,-0.8827094;0.23419467,1.3504779,0.00027360415;0.7273459,0.052992515,-0.9777769;0.434822,-0.7865582,0.07925887;-0.010297207,1.5219387,-0.16801506;-0.53534955,-0.35529393,-0.29565814;-1.7391338,1.3248031,-1.3693116;-0.5880328,-2.8141432,-0.62880665;-0.5502205,0.033126537,1.6017193;1.2017156,0.05603888,1.1742095;0.2578253,-0.8093851,0.08539596;-0.9971651,0.5536829,-0.04529584;-1.0878905,0.3284796,1.2118835;-0.37966338,-2.5636258,-0.5542901;-1.7185324,1.0917912,-0.8344452;1.111037,0.63028944,0.83251154;0.7860827,0.50931305,0.7656679;-0.45342293,-2.7448108,-0.5039295;0.8561862,-0.28788114,0.6640625;-0.3856631,-0.44209215,-0.32366148;0.6095617,0.21286225,0.7071051;-0.40857586,0.6192456,-0.21313572;-0.85869575,0.09507695,1.6511012;-1.0993555,0.70440096,-0.72688663;0.01245261,0.1476538,0.3772324;1.8336587,0.25887355,1.1952636;0.17759393,0.06626483,0.2951279;-1.3116102,0.16524835,1.7233541;-0.22562708,0.04003479,1.5116134;-0.9250129,0.5996342,0.0029370622;0.63782793,0.43608862,0.64177334;2.3031256,0.27662668,1.433329;0.083454296,-1.4198688,-0.3434865;-0.0062998314,1.5663751,-0.3239877;-0.26552135,-2.476757,-0.5071;-0.9405939,0.7785558,-0.46444285;-0.5255365,1.1631716,-0.72221863;-0.5206394,1.6896886,-0.9202276;0.49780902,-0.5334325,0.49120855;-1.7296458,1.1767046,-0.946987;0.2177977,-0.4305475,0.37405333;0.37931806,0.29189748,0.4903959;0.46420836,0.085550144,-2.4550698;0.95194817,0.8249324,0.70521486;0.08719707,-1.8137329,-0.23853156;1.134287,0.07661551,1.1382594;-0.12989707,-0.4477709,-0.024215348;-0.22797519,-2.3276916,-0.20374152;-1.49256,-1.8048965,-1.5928712;1.297064,0.18359868,0.7955626;0.19088556,-0.044773366,0.123580776;0.5441341,1.1485274,0.32512212;-1.2066215,0.18649702,1.1594896;-1.0472232,0.36877543,1.2425979;0.89118266,0.90573233,0.84182364;2.368065,0.2341788,1.4106523;-0.6621007,-2.873518,-0.6491261;-1.3013827,-1.3825718,-1.2994791;-1.7475128,1.0565586,-0.70658386;0.12616801,-1.6146034,-0.2007736;0.6202803,-0.11947858,0.7039157;-0.6071231,0.18207534,0.8724439;0.9129586,0.04213754,-0.1944459;-1.5924702,1.3451731,-1.203596;-1.3051236,0.9617979,-1.04239;-1.321855,-1.3231847,-1.4196874;-1.2042279,0.06467169,1.4455701;0.8749527,-0.03936362,-0.4485827;0.27342567,1.2133766,0.07827846;-1.0210593,-0.88308847,-0.9614032;0.38990796,1.240223,0.17436822;0.5344982,-0.03332056,-1.4378934;-0.8463486,1.2979848,-1.0187292;0.03680199,0.7096633,0.1499907;1.266982,0.23962288,1.4844086;0.031158473,1.5921521,-0.22167782;-0.9370691,-0.77660656,-0.7576746;-1.5962565,1.0035698,-0.6143464;0.20882273,0.058409177,0.052288327;0.87877285,0.18101227,0.74403757;2.1236038,0.3238809,1.5999434;0.6738772,0.5814164,1.0853993;-1.1087177,0.086493276,1.6955378;-0.44604155,0.8704067,-0.15896335;0.026660744,1.3509688,-0.1156274;-0.31681913,-0.47631636,-0.00845204;-1.1114144,0.7022851,-0.8177252;-0.40148076,1.7030711,-0.8188511;0.5622861,-0.024511233,-1.5308548;0.57401824,0.03401146,-1.0516052;0.860728,0.12638356,0.4588946;-1.0367028,-0.088471696,0.99491334;-1.6890198,1.2796582,-1.2538614;-1.618461,-1.8297174,-1.6428081;0.635513,-0.055347376,0.7486367;1.0201008,0.058456946,1.044178;1.8770221,0.5512202,1.4665946;-0.7711406,1.3345048,-1.0067415;-0.7258911,-0.6125244,-0.5991685;0.13516964,-1.0487136,-0.27918792;-0.09681311,-0.48538515,0.23963943;-0.12831451,0.06954887,1.609309;-1.5913835,0.9652992,-0.6323223;1.7270977,0.5974181,1.0419132;2.3347657,0.2650078,1.4159333;0.08925559,0.19731626,0.74118733;0.14905685,-1.0891026,-0.13644224;0.19332229,-1.0593989,-0.12908046;0.539042,-0.006433749,-1.439564;0.97492033,0.17870642,-0.055063065;-1.0247939,0.56339604,-0.08285281;0.30367863,0.4829146,0.38432118;0.6366426,-0.05186985,-1.0932378;-1.1335185,-1.068058,-1.0091097;0.51410496,-0.20339559,-1.3652731;-1.09218,0.5052855,-0.19286332;1.3884689,0.7380898,0.7706387;-0.676364,0.19730826,0.9377047;-0.62456995,1.0592419,-0.7314425;2.127586,0.29323477,1.4547688;1.5490623,0.19674665,1.1906532;-1.3056632,0.7718024,-0.30943897;-0.97331154,-0.87639755,-0.8580388;0.7630725,0.08389617,-0.57103395;2.4705215,0.21117441,1.448041;-0.6304086,0.98863554,-0.69456583;0.436287,-0.5648675,0.41750538;0.081822276,-1.4307351,-0.34556085;1.2779858,0.05179151,1.0662291;-0.4675894,0.72121054,-0.3870026;0.53064257,-0.12320982,-1.6969748;0.47409102,0.0703713,-2.397152;-0.24043785,-2.294366,-0.42626;-1.5827391,-1.8578662,-1.6577929;0.058769286,-2.202493,-0.3979588;-0.34498364,0.12207319,-0.36190096;0.17873162,-1.1090108,-0.23237924;-1.4469979,-1.6620629,-1.580657;-1.1865704,0.87084174,-0.8430816;-0.5169613,0.8870178,-0.5225029;0.47974744,-0.091698185,-2.0667481;0.93600583,0.19966201,0.20281138
