data_set
babi-q1
num_classes
6
data_points
1000
model
saved_models/babi-q1-e0025.ckpt
color_schema
#4E79A7,#F28E2B,#E15759,#76B7B2,#59A14F,#EDC948,#B07AA1,#FF9DA7,#9C755F,#BAB0AC
test_accuracy
0.516
test_loss
1.1801094570159911
train_accuracy
0.5265
train_loss
1.1857640237808227
val_accuracy
0.5265
val_loss
1.1534596872329712
labels
12,9,15,12,15,12,11,12,17,17,15,11,17,10,10,15,11,15,17,15,12,17,17,12,10,10,10,15,15,15,12,17,15,15,9,17,9,11,15,10,9,11,9,12,11,15,12,9,17,10,10,17,11,11,15,10,15,12,11,12,12,17,9,11,11,15,15,9,17,17,11,12,11,10,9,15,15,15,12,17,11,9,10,11,17,11,11,12,15,15,9,9,12,9,9,15,15,15,10,10,10,9,17,11,11,12,10,9,17,10,9,9,15,12,15,11,17,15,9,17,10,9,10,12,10,17,11,11,11,9,11,12,9,11,15,9,17,15,9,9,17,12,12,17,10,15,15,15,15,15,11,11,9,17,10,9,11,10,17,12,10,10,10,11,9,11,11,11,15,10,17,17,11,9,9,17,15,10,17,17,12,12,12,12,10,9,17,11,15,17,12,15,11,12,12,11,17,15,9,10,12,17,17,10,12,9,15,12,9,12,9,10,12,10,9,10,9,12,12,9,9,12,15,12,10,17,12,11,9,9,17,11,12,17,12,10,10,10,10,17,12,15,11,11,15,15,11,11,11,11,10,17,9,9,10,10,17,17,15,11,11,17,12,17,17,9,11,10,9,10,15,17,17,15,9,17,15,12,17,9,9,11,17,17,11,17,9,17,11,9,15,15,10,15,15,11,11,12,12,9,9,9,9,17,12,11,9,17,17,15,11,11,17,10,11,17,10,17,17,11,11,15,15,11,11,9,10,11,11,10,15,17,15,10,10,17,12,17,12,12,12,11,17,15,11,17,12,12,15,15,10,11,11,10,10,9,17,12,11,12,11,9,11,11,11,11,11,12,12,12,12,12,11,11,17,10,15,9,9,10,9,10,10,17,17,15,17,17,17,15,15,12,9,10,17,17,10,17,9,11,10,11,10,15,17,15,12,10,11,15,10,11,9,12,17,10,10,15,12,9,12,12,9,12,10,15,15,17,10,10,17,15,15,15,17,11,15,9,10,11,10,12,9,11,10,11,10,12,11,15,15,15,15,11,9,15,10,12,11,12,9,11,10,17,11,11,10,10,10,17,12,17,17,9,15,11,9,15,11,9,10,10,12,12,11,10,9,12,10,9,15,10,10,11,11,15,15,10,12,12,15,11,9,12,9,15,10,17,17,10,10,17,10,10,17,9,9,10,12,11,17,17,12,12,11,12,17,11,11,12,11,11,11,17,9,11,10,12,12,10,11,17,12,12,15,11,15,15,12,10,10,9,17,10,15,12,15,10,10,10,11,10,11,15,10,9,9,15,10,10,10,10,15,15,17,9,10,12,10,10,12,12,11,15,10,10,11,12,10,10,17,12,17,11,9,9,17,17,11,10,10,10,15,15,17,11,15,12,11,10,15,17,9,11,9,17,15,12,15,17,11,17,17,15,9,10,9,9,10,10,9,10,10,15,11,11,11,15,12,9,11,11,10,17,11,11,12,17,15,15,9,11,15,15,11,9,15,15,11,15,15,15,11,10,10,9,17,17,17,17,10,10,17,9,15,9,17,12,12,12,15,15,15,17,9,11,9,17,9,12,11,9,9,17,11,11,11,10,15,10,12,12,9,9,17,12,12,9,17,12,11,11,15,15,12,11,12,17,12,17,11,12,11,17,17,11,17,9,11,9,10,10,12,17,10,12,9,9,9,15,11,11,15,17,9,10,9,12,17,15,17,17,12,10,12,11,11,17,15,9,17,10,9,11,12,15,9,15,12,10,9,10,17,17,15,15,9,9,9,17,10,17,17,9,12,17,17,12,12,11,11,11,11,17,11,17,17,17,17,17,12,9,17,10,17,11,10,10,12,12,11,11,17,12,12,17,17,15,11,17,11,11,9,12,9,17,9,10,9,15,11,9,11,15,10,9,9,9,17,12,11,11,17,15,15,10,10,11,11,17,10,12,9,10,10,10,10,10,15,17,9,11,17,15,12,11,10,10,15,12,10,11,12,12,11,11,11,15,12,17,10,12,17,17,12,10,10,12,17,10,11,17,11,12,17,17,11,12,11,17,9,9,11,17,11,11,15,15,17,17,10,10,17,12,11,15,12,11,11,10,9,12,12,15,10,9,17,15,17,9,17,17,10,17,15,12,12,11,10,10,10,17,17,15,12,17,9,9,15,10,12,15,15,15,17,17,15,11,15,10,12,9,9,10,11,11,9,9,12,15,9,15,9,12,12,10,17,17,10,12,15,9,10,17,11,11,11,17,9,9,11,15,11,11,11,15,12,17,9,10
pred_labels
9,9,15,11,9,12,11,12,12,17,15,17,15,11,10,15,11,15,12,11,12,17,9,10,11,15,10,15,11,15,17,17,15,15,9,17,12,15,12,11,9,11,12,10,11,12,10,11,10,10,10,17,11,12,15,9,11,10,15,17,12,17,9,11,9,15,9,9,17,12,11,17,11,10,9,15,17,15,10,11,11,11,10,17,17,11,11,10,15,15,9,9,12,9,17,15,15,15,10,15,10,9,12,11,10,12,12,9,11,10,9,10,15,12,17,17,15,9,12,17,10,9,15,9,17,17,11,17,11,11,11,17,15,10,10,9,17,15,9,9,11,12,17,9,10,15,10,15,15,17,11,11,17,17,17,10,10,9,17,12,12,9,10,11,9,11,11,15,15,15,17,11,11,9,12,17,15,12,17,15,12,17,17,17,10,9,9,11,9,12,12,15,11,10,17,11,10,9,9,10,17,17,10,10,10,9,11,12,10,15,11,10,9,9,10,12,11,12,9,11,12,12,9,15,10,17,17,11,9,17,17,15,11,17,9,10,9,15,10,15,12,9,11,12,15,15,11,9,15,11,10,15,9,10,10,10,10,11,11,11,11,9,12,17,11,11,15,9,10,10,15,17,17,10,11,15,15,10,12,9,9,11,17,15,11,17,11,12,11,9,15,9,10,15,15,11,12,11,12,10,9,12,17,17,17,11,9,9,9,15,11,11,12,10,15,17,10,17,15,15,11,15,15,11,17,9,10,11,9,17,15,17,17,17,15,11,12,11,12,17,12,11,17,15,11,17,15,12,15,15,11,10,11,10,9,17,17,12,11,12,11,9,11,11,9,11,15,12,17,15,12,12,10,15,17,10,15,17,17,11,9,12,17,17,15,9,17,17,17,12,15,12,11,10,9,17,11,11,10,11,10,11,10,9,17,10,17,17,10,10,10,10,9,12,17,10,9,11,11,9,15,12,9,12,9,9,15,17,10,9,15,11,15,12,17,11,9,10,10,11,11,12,11,9,10,10,9,12,11,10,15,10,15,15,9,15,15,10,11,12,17,10,17,17,17,11,10,9,10,17,10,17,12,11,15,11,9,15,11,10,15,17,12,12,11,10,9,12,15,9,15,15,10,10,15,10,15,10,17,15,15,11,10,15,9,15,10,9,9,10,10,10,10,9,12,9,10,9,12,11,17,11,12,10,11,12,17,11,17,12,11,17,11,10,11,11,10,12,11,10,11,10,12,12,15,11,15,12,12,10,10,12,15,11,15,12,17,10,9,9,11,10,10,15,10,9,15,15,17,12,11,12,15,17,11,9,10,9,9,9,15,15,10,11,10,10,12,9,10,10,17,17,17,11,11,9,12,11,12,10,10,10,11,15,17,11,17,11,10,10,15,17,11,11,9,9,15,9,17,12,11,10,9,17,9,10,9,11,10,10,9,10,15,9,9,11,11,12,11,9,11,10,10,11,11,15,12,17,9,10,9,11,15,15,11,9,9,11,11,15,12,9,12,17,9,17,11,17,10,12,10,11,17,15,11,9,17,12,10,9,15,15,15,17,11,11,9,17,17,12,11,9,9,17,17,11,9,12,10,11,12,17,9,9,9,11,11,17,12,11,11,11,10,15,9,11,12,17,17,17,11,10,9,17,10,17,17,9,15,9,9,12,12,17,12,12,9,9,9,10,11,15,9,15,9,17,9,12,9,15,17,10,12,10,11,11,15,9,9,9,9,9,9,11,11,9,10,17,12,9,11,10,17,9,10,15,15,9,12,9,12,17,12,9,11,9,9,10,11,12,11,9,17,15,11,17,17,12,11,9,11,10,10,15,17,11,10,11,12,15,11,10,11,12,15,17,17,15,11,9,11,10,9,12,9,17,12,10,15,15,11,9,12,9,17,9,9,12,11,10,11,17,17,15,15,17,15,17,9,11,15,9,11,9,10,10,10,10,15,17,9,12,17,15,10,11,10,15,15,17,9,11,12,12,11,11,15,15,11,15,10,17,9,12,15,10,10,17,9,9,17,17,11,9,15,17,11,12,17,9,9,17,11,11,11,11,9,11,9,11,12,17,9,11,11,15,12,11,9,17,9,11,17,15,10,11,9,9,17,9,9,10,11,10,15,12,12,10,10,9,10,17,17,11,9,17,9,9,11,15,12,15,15,17,11,9,9,10,11,10,12,9,15,15,17,11,9,9,9,15,9,15,15,9,11,9,10,10,9,9,10,9,11,11,15,15,10,9,9,9,11,15,11,9,17,15,12,10,9,11
pred_correctness
False,True,True,False,False,True,True,True,False,True,True,False,False,False,True,True,True,True,False,False,True,True,False,False,False,False,True,True,False,True,False,True,True,True,True,True,False,False,False,False,True,True,False,False,True,False,False,False,False,True,True,True,True,False,True,False,False,False,False,False,True,True,True,True,False,True,False,True,True,False,True,False,True,True,True,True,False,True,False,False,True,False,True,False,True,True,True,False,True,True,True,True,True,True,False,True,True,True,True,False,True,True,False,True,False,True,False,True,False,True,True,False,True,True,False,False,False,False,False,True,True,True,False,False,False,True,True,False,True,False,True,False,False,False,False,True,True,True,True,True,False,True,False,False,True,True,False,True,True,False,True,True,False,True,False,False,False,False,True,True,False,False,True,True,True,True,True,False,True,False,True,False,True,True,False,True,True,False,True,False,True,False,False,False,True,True,False,True,False,False,True,True,True,False,False,True,False,False,True,True,False,True,False,True,False,True,False,True,False,False,False,True,False,False,False,False,False,True,False,False,False,True,False,False,True,True,False,True,True,False,True,False,False,True,False,True,False,False,True,False,True,False,True,False,True,True,True,False,False,True,True,False,True,False,True,True,False,False,False,True,True,False,True,True,False,False,False,False,False,True,True,True,True,False,False,False,True,False,False,True,True,True,True,False,True,True,False,False,True,True,True,False,True,True,True,True,False,False,True,False,True,False,False,True,False,True,True,False,False,True,True,True,False,True,False,True,True,True,False,False,True,True,True,True,False,True,True,True,False,False,True,True,False,False,False,False,True,False,True,False,True,True,True,True,True,True,False,True,True,True,False,False,True,True,False,False,True,True,True,True,True,True,True,True,False,True,False,True,False,False,True,True,False,False,True,True,True,False,False,False,True,False,False,True,False,False,True,True,True,False,True,True,False,True,False,True,False,False,False,True,True,True,True,False,True,False,False,False,False,False,True,False,True,True,True,True,False,False,False,True,False,True,True,True,False,False,True,True,True,False,False,False,True,False,True,True,False,False,True,True,False,True,False,False,True,False,False,True,True,False,True,False,True,False,True,True,False,False,True,True,False,False,False,True,False,True,True,False,True,True,False,True,False,False,True,True,True,True,True,False,False,False,True,True,True,True,True,True,False,True,True,False,True,False,False,False,True,True,False,False,True,True,False,False,True,True,True,False,False,True,True,False,True,False,False,True,False,False,True,True,True,False,True,False,True,True,True,True,False,True,True,False,True,False,False,True,True,True,False,True,True,False,True,True,True,True,True,False,True,True,True,False,False,False,True,True,False,True,False,False,True,True,False,True,True,True,False,True,False,False,False,False,True,False,False,True,True,False,False,False,False,False,False,False,True,True,False,False,True,True,True,False,True,True,False,True,False,False,False,True,True,True,False,True,True,True,False,False,False,True,True,True,False,True,True,False,True,False,False,False,True,False,False,False,True,True,True,False,True,True,True,True,False,False,False,True,True,False,False,True,True,False,True,False,True,False,True,True,False,False,True,True,True,True,True,True,False,False,True,True,False,False,False,False,False,False,False,True,False,False,True,False,True,False,False,True,True,True,False,False,True,True,True,True,False,True,True,True,False,True,True,True,True,True,False,True,False,False,False,False,True,False,True,True,False,False,False,False,False,False,True,True,False,True,False,True,True,True,False,True,True,False,False,True,False,False,True,True,False,True,False,False,True,True,False,True,True,True,True,False,True,False,False,False,True,False,True,True,False,True,True,False,True,True,False,True,False,False,False,True,False,False,True,True,False,False,False,False,True,False,False,True,True,False,False,True,False,True,False,False,False,True,False,True,False,False,False,False,False,False,True,False,False,False,True,True,True,False,False,False,False,False,False,False,True,True,True,False,True,False,True,False,False,True,False,True,True,True,True,False,True,False,True,True,True,True,False,True,False,True,True,True,False,False,False,True,True,False,False,False,True,False,True,True,True,False,False,False,False,False,False,False,False,False,True,True,True,True,True,True,True,False,True,True,False,True,True,False,True,False,False,True,True,True,True,True,False,True,False,False,True,False,False,False,False,True,True,False,False,False,False,True,True,False,False,True,True,True,False,False,True,False,True,False,True,True,False,False,False,False,False,False,False,False,True,True,True,True,False,False,True,False,False,True,True,False,False,False,True,True,False,False,False,False,True,True,True,False,True,False,True,True,True,False,False,True,True,True,False,False,True,True,True,False,False,False,False,False,False,True,True,True,False,False,False,True,True,True,False,True,True,True,False,False,False,False,False,False,False,False,False,True,False,False,False,False,False,False,True,True,True,True,True,False,False,True,True,False,True,False
p2d-kl
0.7269476652145386
p2d-iter
599
p2d
-2.046252,-0.7988604;-1.6235793,-0.039076217;-0.07613345,1.4225745;-0.45936832,-1.2909652;-0.34698328,0.16976745;0.5681451,-0.6696587;-0.9494214,-0.8804709;-1.1846656,-0.10598313;1.0840248,-1.248202;-0.90350014,0.81542516;0.6407017,-1.6447331;0.3241801,-0.9547283;0.5312351,0.276273;1.3062046,0.77042127;1.203436,0.62305707;0.66044015,-0.8418853;-0.7056812,-1.1243781;-0.07041897,-0.20556362;0.48392692,-0.5422463;-0.031019188,-0.34955823;0.556206,-0.65238285;0.9561294,-1.6729115;-1.3186705,-0.12816143;0.54816884,1.7771538;0.71772015,0.709222;1.5380809,-0.089355156;1.4849269,-0.20357114;0.25023425,1.9272681;-0.32170364,0.83623254;-0.30052128,0.18032406;1.0279602,-1.632244;0.916726,-1.7002923;-0.22768047,1.198543;0.9738269,-0.43226293;-0.5501604,0.02238415;1.2668744,-0.9517135;-1.3157059,-0.052001186;-0.116186984,0.14040157;0.5489493,0.6562051;0.101950884,-0.56962323;-1.915855,-0.6356555;1.0483522,0.8529258;0.39928246,1.3165532;1.4043844,0.5609706;1.3059624,0.75631696;0.57165974,-0.61912364;1.4339136,-0.53176796;-0.65414196,-0.17861569;0.17278436,2.1389046;1.2550516,-0.30230755;1.4493024,-1.0495079;1.3101532,-0.8712244;1.1101762,0.90378726;0.54489374,0.38702855;0.71580696,-0.7191755;-1.6586349,-0.09696339;-0.1319169,0.8803087;0.52187425,1.1241331;0.7489212,-0.6778711;0.80952454,-1.3701808;1.2252057,-1.2474113;-0.6895845,1.0025738;-1.828771,-0.59408927;-0.09674439,0.5799731;-1.4653038,-0.42085603;0.423126,-1.6824862;-1.3613222,-0.43642473;0.30054462,0.9674301;-0.05632721,1.8412495;-1.3616618,-0.1984283;1.184517,0.43083555;0.26172087,-0.7813292;-0.08571776,-0.32784933;0.6494602,1.2388644;-1.9076322,-0.44629768;0.44996974,-1.68176;-0.03280959,-0.54702055;0.68359923,-1.2780465;0.636214,0.819593;0.18933845,1.5359572;-0.63003576,-1.065692;-0.8796969,-0.89928466;0.97297406,1.2898954;0.80650866,-1.3073599;0.84445846,-0.67106515;-0.64868385,-1.150603;-0.54379755,-1.4256108;0.58861053,1.2283292;0.8078629,-0.57026464;-0.1368002,0.2330064;-1.9891279,-0.98071474;-1.9026331,-0.376673;0.2610858,0.7679424;-1.5215272,-0.32305437;-0.46919024,0.92184013;0.44725978,-1.7094234;0.5791787,-0.4706532;1.452127,-0.023195282;0.7278643,1.1553047;0.8508725,-0.5987726;1.1629621,0.5825314;-2.2430453,-1.0776311;-1.2785746,-0.16789773;-0.5665715,-0.85601056;0.8185582,1.4154607;1.1013533,-1.5760667;1.3509905,-1.0987554;0.20664604,1.9673083;-0.29936105,0.8030347;1.3643125,0.15927988;-1.9128281,-0.66217494;0.22500362,1.8742414;0.8628712,-0.5833533;0.5831554,-0.56082505;-0.3364393,1.4760516;0.05549115,-0.7692065;-0.3969423,0.17922708;-2.3220212,-1.2435887;0.01820937,1.3668628;0.27806652,-0.9011952;1.355649,-0.6577069;-2.1994562,-1.0867137;-0.18238448,1.5236237;-1.8501554,-0.76483285;0.11188881,2.1086454;0.7998931,-1.6657417;-0.5923919,-0.9168505;0.35393354,-0.9589425;0.8696389,1.3821737;-0.153264,0.5922185;-0.4620056,-1.1784462;1.2426955,-0.44176072;-0.14157595,1.5136304;0.344457,2.0087364;1.21471,0.79714954;-1.5408671,-0.75330657;-0.84728014,0.80928195;1.0797796,-0.017665077;-2.0077474,-0.94626755;-2.2657182,-1.1561528;0.06300494,-0.82223016;1.1929595,-1.2437289;-0.79331195,0.9709864;-1.6028442,-0.7196472;0.08743676,1.9235827;1.5773436,-0.14399235;1.4003304,0.11838685;1.4227767,0.085834794;0.22202893,2.0751073;-0.4093672,0.9148764;1.1502806,0.38291728;-1.9345219,-1.0009257;-0.9486232,0.6932526;-0.41475046,1.4984422;1.2317009,-1.0041906;0.32539576,0.9373837;0.7601884,1.5165159;-1.7121497,-0.2844739;0.027336685,1.8319879;1.0770952,-1.4018708;1.3607707,-1.181228;-1.3052274,-0.61071265;0.48231253,1.0501713;0.038561415,1.0765502;-2.1268978,-1.0223727;-0.29262272,-0.8518109;-0.52406937,-1.4192957;1.4231694,0.6176948;0.099682465,1.3200079;0.82819515,1.189938;0.76678807,-1.6536539;-0.3819838,-1.2176279;-0.43933508,-1.3366296;-1.5829732,-0.54125583;0.3963006,0.8405821;0.78722924,-1.6199018;0.69669646,-0.8061975;1.4096895,-0.5437513;0.16196808,1.5343752;0.76536465,-0.6664475;1.0936447,-1.2312181;0.524818,-0.99076873;1.0852885,-1.6260175;0.5927986,-0.11822571;1.1170225,0.054868825;-1.5127357,-0.74189764;-2.1829064,-1.2279996;0.39127725,2.0312967;-0.07980367,1.5833586;0.56311446,-0.048426326;1.1929992,-1.2292572;0.6764345,-1.6087854;-0.78601795,-0.58744943;0.69250417,1.4538832;1.0167367,-0.97567964;-0.41042218,-1.3317446;1.4051147,0.63772786;-1.4828849,-0.13399827;-0.36904168,0.27344164;0.52296984,1.5931008;1.0292741,-1.6676093;1.0249928,-1.6842237;1.3111513,-0.054524194;1.4096951,-0.022280604;1.4632149,-0.32105556;-2.0351593,-0.8017139;-0.39643916,-0.31903747;0.417046,0.6269955;0.4017854,1.6463627;0.3014585,2.0079238;-0.87347084,-0.7954944;0.7332257,1.0726447;-1.5242233,-0.27738246;-1.8673812,-0.35772935;0.24355744,2.1612086;1.4219564,-1.1118652;-0.17593461,0.6033743;0.48038748,0.3916496;-1.4060019,-0.4122903;-0.1922816,0.58122164;-1.2187707,-0.19236676;1.0547693,-1.1428089;-0.2748422,1.1905224;1.4227964,0.16518927;0.862576,1.0834658;1.0309007,-1.6500084;-0.71471095,0.9666965;-1.7292097,-0.8164231;-1.814653,-0.93225706;-0.764325,0.9339485;-0.863021,0.8937137;-0.23149022,0.15945955;-0.493337,-1.3644646;0.25166526,-1.0638032;-1.2991875,-0.22919555;1.1559834,0.62655336;-2.2559657,-1.0743438;-0.11831391,1.4652431;1.2403994,-0.21119204;0.6106675,0.10794678;1.2330914,-1.2565811;-0.2753393,1.1626148;-0.33707362,-0.2818534;0.39008102,1.2983608;0.7800193,-0.6109246;0.4851301,-1.6848463;-0.24339853,-0.20615664;-1.2772478,-0.5084258;-0.14909336,0.22072981;-0.15086669,0.92167306;1.3610579,-0.6824281;1.489671,-0.05529502;-0.64766717,-0.063531466;0.61737734,1.7104406;1.3761576,-0.50641733;1.1643655,0.6407318;1.3482176,-0.92417145;-0.10234387,0.79622877;-0.828202,-1.1178297;-0.5456582,-1.0785156;1.1841962,0.48922068;-0.32557333,1.4151362;-1.1870034,-0.16911627;0.23614019,-1.0492431;-0.57997334,-0.3290683;-0.89038914,-0.8185707;-0.16554272,0.119993605;-0.32197598,0.40743834;0.55840516,1.5984945;0.40123895,2.0758436;-0.3754789,0.1338396;0.5282942,-0.9401928;0.12997878,-0.7635436;1.4599243,0.6015729;-1.8448236,-0.9724076;0.6847159,-1.6685455;-0.23138967,-0.14828593;0.98507506,1.0454906;1.1001114,-1.5123831;-1.5110288,-0.3696689;-1.9513824,-0.6621286;0.6592174,1.5389322;0.13376933,1.5061365;-0.21016032,1.2549099;-0.20687005,0.88680935;1.2743187,-0.92384475;-0.54649234,-0.28420258;0.4576022,1.1675909;-0.7496753,-1.1845306;-2.3639264,-1.2658557;0.49474528,-1.7096441;0.058100954,0.759233;0.7736067,1.402018;0.6480459,0.21027248;0.80168796,-0.79275405;-0.64658576,-1.0868881;0.27299234,-0.5677162;-0.24777673,0.60233885;0.26678953,0.60421515;0.27048853,0.81114626;-2.38161,-1.3014328;0.08189941,0.7097474;0.049012456,-0.6838503;0.2777844,-1.0777903;0.75536495,-1.564772;-0.9141744,-0.86825615;-1.9344985,-0.40300396;-2.165948,-1.0722837;-2.1909454,-1.1637846;-0.17782973,1.4675009;-0.648355,-1.2935543;0.74650115,0.7243849;0.53439206,0.5911685;0.4779031,1.7283067;0.63748705,0.31790963;0.22202125,-0.9506819;1.3606333,-1.0689032;0.68910295,-1.1200299;0.9780379,-0.4743447;1.0062133,1.2410892;-0.66191155,-1.1649828;-1.0281254,-0.5701448;-0.6120213,-0.5259118;-0.116892345,-0.29655668;0.70837384,0.7989425;-1.6934751,-0.14216812;0.71378523,1.673211;-0.3565079,0.7829994;-0.44867402,0.004815721;0.14145014,2.1580396;0.62253845,-0.7366692;0.77349263,-1.5907923;-0.73256034,0.9033797;0.69776285,0.90905654;-0.029739406,-0.20513746;-0.41433144,-1.3435447;1.1637751,-1.3859363;-0.96000004,-0.78792953;0.12598997,1.3604971;1.2439058,-0.4572087;-1.2303715,-0.10875621;1.0970374,0.8501509;0.9694323,-1.5704086;0.85039777,1.144141;0.8850335,1.3768686;0.79508436,-1.3978866;-0.529227,-0.59613407;0.7444272,0.49576986;0.7450592,0.277181;-0.20004559,1.0936784;1.139938,0.4888724;0.5813682,1.1891439;0.16531228,-0.11086577;1.2887261,-0.07937737;-0.5476518,-0.014866746;-0.8450707,0.8974827;0.75572944,-1.4572213;1.0888959,-1.1901114;0.9381147,0.7459659;0.38343188,0.67120856;-0.81012845,-1.1799219;-2.373463,-1.2371035;-0.7598296,-0.71149147;-0.63105184,-0.9941062;0.6027136,1.4908843;-0.4677888,-1.1886708;1.3854264,0.26760727;0.51164645,0.47048858;-2.2915328,-1.3247049;-0.046633385,0.015775817;1.0943235,-1.5752397;-1.2344276,-0.14670382;0.7258563,1.4505844;0.7693792,0.3486884;0.103111185,-0.7158294;1.3377204,-0.6148418;0.7601526,0.27233732;-0.29491594,1.424556;0.044718154,-0.62795323;0.20430782,-0.1123468;-1.6849626,-0.15254346;0.28757662,0.78545135;1.1631296,-0.7032406;0.28966597,-1.0093933;0.71107453,-0.8934539;-1.5218961,-0.7474067;-0.42009938,0.9741477;0.6775344,0.8220054;0.8128185,-0.56212515;1.0936109,-1.3713276;-0.12614961,-0.082411885;0.7384706,0.5344994;0.536563,1.7926999;0.38557476,1.8273779;-1.3915879,-0.11754898;0.774426,-1.630834;1.0887722,0.440133;-0.5523853,-1.0975432;0.517495,1.652038;0.418777,0.6721051;1.1657578,0.66572917;-0.12854603,0.5372899;0.7097569,1.1264144;-0.1367973,1.5955691;0.0028137194,1.7825192;1.4925469,-0.13648625;0.2275784,-0.7455774;0.179734,-0.8268242;0.10361388,1.9319462;0.81926906,1.0982354;0.3537201,0.9716435;0.75627756,1.5674769;-2.210427,-1.039108;-1.6828061,-0.51717544;1.2112775,-0.6733555;1.4416808,-1.063289;-1.5321279,-0.34028688;-0.1808595,0.43497726;0.019626275,-0.4019802;-0.4959307,0.9604753;0.58441126,-0.74464923;-1.2237372,0.033983234;-1.858668,-0.6454149;0.25587478,0.7143873;0.34439573,1.6690518;-1.793405,-0.9054046;-0.6349486,-0.52105266;0.44769323,-1.0521164;0.64195377,1.2288942;0.3364438,1.0130818;0.6596615,-1.6359214;-0.575052,-0.80006266;1.4252406,0.21409531;0.39606655,1.2649502;1.268224,-1.047251;-0.7711602,-1.0634689;-1.7958566,-0.8049837;0.5821397,1.7633625;0.80902135,1.5006213;0.9756496,0.49062565;1.1529192,0.4493224;0.33817792,0.5590107;-1.0641571,-0.8914734;-2.1362944,-1.1468369;1.0915005,0.8272911;1.1520213,0.66645104;-1.7556292,-0.4088773;-0.02337324,1.3366451;-0.40235525,-0.8598693;1.2984315,0.3118404;-0.34333736,0.21222608;1.2660722,-0.18419643;-0.10093737,-0.13641347;-0.20111558,0.10039952;-1.8348913,-0.9280704;0.64158696,-1.6292713;1.434232,-0.0007161741;1.2308186,0.06449872;0.9112769,0.7164805;0.20824525,0.6093723;-0.9656875,0.6916446;1.2224325,0.7098524;1.0245465,-1.3878078;0.6990464,0.90257394;0.24432878,-0.8386057;-0.7835467,-1.1711208;1.4169376,0.22642757;-0.64904386,-0.065630086;0.09178131,1.9296849;0.64902556,-1.0697867;1.4621265,-0.5584;-0.8836116,0.95107937;0.5926312,-0.12730722;-0.21358758,0.70502496;-0.18788937,1.3744614;0.065496355,-0.79355854;-1.6725165,-0.20919454;-0.07397474,1.249582;0.02229401,-0.42849648;0.23038572,2.1479769;1.5699211,-0.12527548;0.86245626,-1.608367;1.0794466,-1.5921444;-1.2022233,-0.14437447;-0.07338566,-0.26436177;1.1870583,0.5606824;-1.5952053,-0.34276232;0.07780267,1.3635255;1.4105107,0.044121645;-0.36997187,1.2906187;0.4853727,-1.7193215;1.5587863,-0.069856554;1.2788675,0.12623884;0.8217775,1.4573257;0.27054754,2.09843;1.4943339,-0.11291189;0.6675462,-1.2342303;1.2710323,0.0143582765;1.2909225,-0.5641787;0.6283383,0.16460226;0.47701922,-1.6825217;-0.8134061,-1.0755177;0.609592,1.5282857;0.8257474,1.2519207;0.3236407,1.0348387;-0.3999495,0.14295432;0.46148098,0.9267837;0.10625387,1.7607073;-0.4118738,1.2897693;0.7907552,1.063109;1.4957527,-0.37234038;1.3803359,-0.6409489;1.2155071,0.76138914;-1.7397062,-0.42659304;0.33649898,0.8062531;-2.439428,-1.304623;0.6422882,1.5910529;-1.1758914,-0.64354867;0.30920783,0.6470637;-0.029729173,-0.37267447;-0.8086392,0.9185672;-0.10905415,-0.58995837;0.41100818,-0.5238834;0.44070426,1.0623153;-0.32401168,0.7446865;0.5598158,-0.6422846;0.88772815,-1.5697224;-0.528037,-0.8237256;0.20953536,-0.8503576;1.3147879,-1.2126471;-0.49444956,-1.4119763;1.2763593,-0.6938653;1.2039353,0.74185604;0.5709151,1.2217774;-0.11158936,0.7089102;-0.8102604,-1.1571113;0.6027209,1.5494046;1.1334105,-0.7229678;-0.16583592,-0.82296616;0.43835998,1.908009;-0.3700965,-1.2256881;1.3722202,-0.5461017;0.48771107,0.63281876;0.45335132,1.1786653;-0.07165864,1.4301144;-0.7788861,-1.0886588;-0.5770016,-0.5436259;0.54823506,-0.05312736;1.4327179,-0.56095564;1.2694751,-0.3444553;1.493802,-0.36973062;-1.4484824,-0.01699416;0.7850479,-0.7050491;1.3072461,0.7385647;1.4281781,0.5749241;-1.2394906,-0.07171081;0.73354316,-1.4014274;1.387086,-0.18039075;0.013923689,1.7003614;-0.98780066,0.6681626;-0.7983123,-1.1918658;0.39000785,2.004616;0.5629974,1.8254981;0.27901566,1.9713576;0.46366495,2.0060968;-1.8993475,-0.94322884;-0.16077386,0.16207038;0.55886877,0.31086782;1.2407252,-0.90519494;0.90289444,-1.0342766;1.1558546,0.420614;0.4576893,0.4046035;-0.54556346,-0.5393835;0.9168504,-1.6395861;0.07106324,-0.58797336;-2.0698183,-0.8116573;0.24288996,1.8762549;-1.6108882,-0.19242002;-1.7404166,-0.23005725;-1.6428547,-0.061236292;0.6407421,-0.7502363;1.5870837,-0.09391426;1.3322483,0.68064797;-0.67925555,-0.68622077;0.35556588,2.0488005;1.4945548,-0.3728409;0.50639176,1.2443968;-1.8392063,-0.6607284;0.18278532,1.7667817;0.4425821,2.0409467;-0.8391366,0.90312254;0.52539647,-0.955924;0.2505172,-1.0024624;-0.49770117,-0.81551206;-0.98998004,-0.61928964;-2.4227457,-1.2718972;-1.2865875,-0.135845;0.08027831,-0.4338949;-1.1399866,-0.07883284;1.0593522,0.5952471;0.34306514,0.95746636;1.1894013,-0.15039769;1.3658919,0.7007661;-0.31117088,0.14470106;0.7494848,-1.3659174;1.191171,0.46048623;0.40673786,-0.90692997;0.030432353,-0.4446378;1.3319442,0.19268766;0.3770086,2.0875134;0.6775965,-1.6737947;0.7336402,-1.6086388;-0.26375517,0.7103186;-0.2574148,-0.59795886;-2.267171,-1.1930648;-1.9690154,-0.7162711;-0.38095105,-0.059996158;0.0704356,0.73682564;0.0863371,2.078124;1.1270822,-1.3132628;-0.88896614,-0.8511599;0.12900163,1.8712311;-2.166326,-1.0315615;-0.3324047,1.3643582;-0.4362178,0.44789907;1.4218618,-0.24536067;-0.6062356,0.38661772;-0.56884706,-0.27787718;0.39527175,1.7982103;1.1477579,0.7420305;-1.8993475,-0.94322884;0.68096787,1.6682909;0.69929016,0.26080427;-1.0911841,-0.53622687;-1.4002688,-0.7188622;-0.64776695,-1.0950605;0.7378677,0.72203785;0.5933713,0.3921564;-0.12807822,-0.8085477;-1.6202554,-0.55743486;-0.6397196,-1.314608;0.73822,0.74328035;1.2560656,-0.15780386;0.2268638,1.5675423;-0.2195906,0.65450066;-0.487842,-0.55660194;1.0289317,-1.1544094;-0.819436,0.8802577;-1.905008,-0.80215585;0.49563536,1.8126996;-1.9004709,-0.95566785;-0.6882665,-1.0286397;1.4881759,0.56800514;0.79113746,-0.73915625;-0.2016953,1.4172198;-2.3989089,-1.2864839;-0.80586493,0.67504305;-0.042920094,-0.43406415;-0.46522188,-1.3701419;-0.1959033,-0.1858921;0.54545075,-0.62246877;-1.6745912,-0.5405473;0.25287074,1.3825022;1.241893,-0.63280743;-0.5093747,0.3856173;-0.8654292,0.86217713;-0.15553136,-0.56050646;0.6570805,-1.4221847;0.77379686,1.1726887;0.5475025,1.2508112;1.343757,-0.6173196;0.046589233,-0.07583815;0.4808315,-1.0592364;-0.2444999,1.2293975;-0.38594323,0.839523;-2.070301,-0.79187334;-0.72182506,1.012739;-1.2366636,-0.01919332;0.2511698,1.7537522;-1.5799108,-0.2919165;-0.41303995,0.08782866;1.5656176,0.0032618279;-0.5327558,-0.5641279;-0.27358982,1.6115474;-0.5121106,-0.29546916;-0.27716258,-0.85619265;-2.1391668,-1.2069896;-0.77338105,0.7763395;-0.819421,0.8435731;1.136514,-1.1995012;1.1459529,0.52111226;-1.5910708,-0.3976202;-0.98423576,0.7483925;-0.9618957,0.8754442;0.59771335,-1.3971612;-0.8224102,-0.6663382;-1.742352,-0.13704655;0.25974286,0.6080633;0.7826335,1.143814;0.8613596,1.4076455;1.2259873,-1.3169205;1.0610144,-1.6632671;-1.1586812,-0.42490566;-2.167997,-1.1329846;-0.5287028,0.9399243;-0.523559,-1.3178842;-0.33004844,-1.2417012;-0.96509546,0.71387583;0.2774792,1.3164366;0.2894993,-0.592961;-0.8471953,-0.71548885;-0.73445183,-0.93293244;1.4404901,0.60484594;0.84065557,1.2214514;-1.2840279,0.06897007;1.1439838,0.5370903;0.4447472,0.6080148;0.42204624,-1.0327889;1.210494,-0.8636938;-0.8469995,0.95208;1.1278294,0.34696963;0.72534895,0.56422216;-2.0070221,-0.74997723;-0.7771696,0.7886716;0.48806947,1.7470919;0.05230011,-0.74700403;0.9783469,-1.6361924;-1.6390281,-0.7017554;-0.3626773,0.060824938;-1.0937839,-0.5733134;-1.6769624,-0.111100316;-1.1737398,0.07865143;0.50784725,0.4576654;1.260512,-0.8747653;0.39139175,-0.5196494;1.3648809,-1.1638422;-1.383642,-0.14721864;-2.1138294,-1.1182538;-2.0733795,-1.0660313;0.3037728,2.1037452;-0.8471515,-0.7364121;-0.13249947,-0.2041752;-1.8814192,-0.79950184;-0.12468189,1.256493;-2.2370806,-1.1817082;1.2511764,-0.96352625;-1.8736655,-0.8825831;0.12255015,1.4408149;-1.2872142,-0.30934832;-0.058469035,1.2526995;1.2927887,-0.9714792;0.9957681,1.0251726;0.5149938,0.633515;0.46614045,1.9137836;0.96163416,1.3031473;-0.5237724,-1.3162881;0.64002216,-0.7845318;-0.83985966,0.6841927;-1.3564049,-0.7375221;-2.2501183,-1.1362522;-1.9901905,-0.7011662;-1.8723394,-0.40495473;0.037980113,1.8764819;0.6978833,1.4041498;0.007840479,-0.29410523;-1.5535631,-0.7673127;0.44134802,0.977448;0.73136544,-1.2081449;0.18092571,1.4542079;-1.480878,-0.03211455;-0.91311514,-0.84146285;0.08542226,1.8371205;0.70661634,-1.162391;-0.19948933,1.5563295;0.3119228,1.7478516;-0.14046231,-0.12346359;-1.1263859,-0.5958358;-1.1785207,-0.5890856;-1.1744362,0.08426801;-0.6438635,1.0184405;1.3804913,-1.1400625;1.0258417,-1.4345648;0.61396384,-0.6828347;-1.3050789,-0.30946496;-0.12800212,-0.46018097;-1.9671849,-0.6776066;-2.1857605,-1.1933862;0.34197176,1.6450799;0.9034734,1.3605849;0.4747783,-0.5457439;-0.4071001,-1.3224999;0.29199058,0.99013984;-0.7893882,1.018837;0.77347493,-0.7503036;-0.25560808,1.0071402;0.82631224,-1.3946772;-0.878844,0.7657389;0.045342907,1.6828562;0.20578043,1.4824113;-1.3996581,-0.3270794;-0.49690932,-1.2573636;0.5818711,1.5089611;0.56308526,0.93360335;-0.038614526,-0.113294765;0.49149773,-1.0631315;-0.6470387,-1.1306069;1.2031901,0.09526817;-0.11734134,0.8362122;0.30288935,0.7514152;-0.20528401,0.9686194;-0.7917052,-1.1510178;1.3651386,-0.091954246;-0.23576723,-0.8294845;0.41634524,0.39089102;0.5905346,0.3177233;1.284061,-0.9881309;-0.40947494,1.4545473;1.0995879,-0.028877992;0.036373865,-0.5645874;-0.94668573,0.6370847;-0.8295122,-0.6880354;1.1179157,0.78468037;-1.8138472,-0.7372171;0.06495506,1.3872622;-0.53070253,0.39589652;0.08044006,-0.76651216;-1.2237539,-0.016256133;0.23253848,1.8418713;-0.14906327,1.6152828;-0.017575456,-0.20735067;1.1881306,0.5058907;-1.1432966,-0.63320065;0.3771914,1.4046531;-0.51183313,0.034245487;0.053523444,1.8448629;-2.0544786,-0.7801409;-1.857155,-0.38836733;0.3233799,1.3929218;-0.38941708,-0.9473894;0.7759037,0.5544843;-0.63092136,-1.0921202;-0.47338173,0.96124333;-0.42310914,0.94734967;0.9658187,-0.503721;0.22045188,2.0431454;1.2977638,-0.9551926;1.3943653,-0.042851597;0.18765642,-0.9256882;-1.6967146,-0.596117;-0.30456537,1.0023543;1.0233035,-0.43199062;0.17115115,0.7541887;-0.9820864,-0.86158085;0.2690779,0.9431203;0.40706775,0.83441836;1.4900275,-0.59462446;1.3439534,-0.6239268;1.1891652,-0.20826778;1.0476676,0.06987512;0.27936175,-0.84725046;-2.367224,-1.2923574;0.16771908,0.59543073;0.1992376,-1.0181695;0.74285716,-0.78893876;1.3278271,-0.08951341;-0.45654765,-1.1646479;1.3508974,0.6069717;0.9984224,1.2491046;-0.3262839,0.11496614;0.56432664,-0.04836138;-1.7064183,-0.17787847;-0.2586057,0.63296425;0.5172433,0.32664216;0.24349111,1.4019678;-0.52299523,-1.1583394;1.1464736,0.4717644;-0.17456059,1.0602835;0.12438478,1.446707;1.0455943,0.5140903;0.583391,0.2539725;1.442295,-0.07782481;1.0009491,-1.3970722;-1.1549057,-0.4428394;0.18030365,1.3781449;-0.5172771,-0.60712135;1.1920067,0.650681;1.3758289,-0.97050256;1.1990106,-1.0654523;0.28266475,1.6909481;0.2291971,1.7750711;0.08993908,-0.8175544;0.12938577,-0.8085656;1.0390655,0.46457794;-1.4387237,-0.27709168;0.8080378,-0.6569237;0.8032147,-1.6395447;-0.5849449,-0.9227514;-0.20826268,-0.86340344;0.033371016,-0.6037651;0.13721998,1.7900376;-1.9271251,-0.69122785;-0.92584175,0.85227615;-0.10621494,-0.35773292;-0.29998586,-0.8830449;-1.0808376,-0.62088823;-0.8616551,-0.75416183;-1.0981834,-0.567702;-0.18632227,-0.4318943;-1.4333799,-0.41861013;-0.37242395,1.0822055;1.4025567,-1.1413406;1.3096898,-0.9097535;-1.3002139,0.023490475;-1.751088,-0.8312507;-0.259776,-0.5724633;-0.123813696,-0.06409813;0.54559445,0.3359351;1.2685953,0.6861245;-0.29708678,1.4881608;-0.44282368,1.406674;-0.37745,0.14802216;-0.6660269,-0.94781923;0.613726,-1.4257629;0.6013421,0.16990155;1.4336286,-0.1794322;-0.8370362,-0.6977331;-1.0057592,0.73946613;-0.25350797,1.2518343;-0.4083198,0.7943439;-1.6032695,-0.020769058;-1.8979858,-0.67024;0.054230966,1.7403407;0.074293375,-0.102813944;0.7505879,0.8288663;0.610225,0.20457906;-1.2572279,-0.06540998;0.29434767,1.2972552;0.3824498,0.96890116;1.1144166,0.17099048;-0.35209936,0.40494484;1.458949,-0.10428706;0.6986523,-1.1759574;-0.41523904,1.35895;-0.31862724,1.0316844;-1.3808343,-0.37018037;0.83390284,-1.6619806;-0.43519306,0.45003757;-0.36048996,0.2805723;-0.3504676,0.9873274;1.3527296,0.16742887;1.2247549,-1.3175378;0.68394476,-0.88740087;-0.16935293,-0.061081845;0.6031384,-1.3805565;-0.35348493,0.7849446;-1.8926675,-0.62252647;-2.192774,-1.1947893;0.3473831,2.0784407;0.14657655,-0.10514929;0.56389654,1.0223984;-1.2345695,-0.09144646;-1.8966079,-0.4107164;0.6407437,0.10628807;0.94455075,0.07988117;0.32042617,0.22015555;0.031029398,-0.77630043;-1.6420549,-0.14102185;-0.12211376,1.5704886;-1.3830104,-0.26335296;0.57645583,0.072331905;-2.4055614,-1.2549148;-0.41272423,-0.027824918;-1.1489856,-0.57896644;0.07377292,0.75492394;0.08514363,-0.35209212;-1.7174476,-0.18023668;0.06104029,1.7746966;0.5194562,1.8669623;0.257553,1.9793391;-1.6560123,-0.4681376;1.4847344,-0.12103721;-2.2685363,-1.0937551;0.63141847,1.475221;0.045702867,-0.36403793;-0.117578134,0.026981471;-0.14721705,-0.13852988;0.58881396,1.6559161;-0.91061276,0.49758476;-2.224264,-1.1435792;-2.244973,-1.2320993;-0.4807718,-1.2173159;-0.5592652,-0.60388815;0.020827483,-0.112713605;-1.9536128,-0.8903658;-0.08096128,-0.55147624;0.4507752,-1.7128396;0.5168903,-0.64935803;1.346412,-0.75038534;-0.6496471,-0.15070654;-0.6993989,-0.89305073
p3d-kl
0.6092551946640015
p3d-iter
599
p3d
0.59985894,2.1445627,-0.84190905;0.80368793,0.9834435,0.08188742;1.5059108,-1.108435,0.9663534;-0.84225935,0.89827883,-1.3111297;0.35007408,0.35267004,0.5791538;-0.9870005,-0.12247779,-0.7920533;0.0122656915,1.1304523,-0.7236985;1.3410745,0.9772919,-0.62586176;-1.6320372,0.14310817,-1.0081748;1.6522729,0.16837803,0.45823076;-1.599028,0.027203351,-1.9466597;-0.57272995,0.09678749,-1.2134923;0.22616005,-0.9357038,0.14051631;-0.43871903,-1.0038787,0.89484787;-0.71789,-0.73690635,0.93252593;-1.0077964,-0.25550616,-1.139055;-0.680752,1.1057079,-0.8095977;-0.15920591,0.022369368,-0.027651606;-0.77597266,-0.030427428,-0.5485746;0.14342259,0.037403706,-0.22630714;-0.9346769,-0.1284768,-0.7555816;-2.0335665,0.35835454,-1.7369393;1.1091955,0.9054964,-0.6592029;0.7873127,-1.2075956,1.8312026;0.7999598,-0.8506929,0.06903267;-1.0500736,-1.1756607,-0.4200823;-1.3153895,-1.0719228,-0.2763275;1.5423704,-1.2866461,1.6111686;1.0593382,-0.57916534,0.12935695;0.3189183,0.28501043,0.619492;-2.1463873,0.37182742,-1.6152654;-2.0329204,0.34249613,-1.8448792;1.5140126,-0.74355453,0.74665743;-1.0260843,-1.0809323,-0.773998;0.40235212,0.61676437,0.29749647;-1.86402,-0.36843514,-1.0925597;1.2017502,0.9289018,-0.42050588;0.1617247,0.031503692,0.45350987;0.27143762,-0.8073155,0.8998227;-0.11481267,0.009171864,-0.5972616;0.84247553,1.8435203,-0.75291014;-0.36970142,-0.7953543,1.3550934;0.6471281,-1.054881,1.1215023;-0.4548261,-1.1057622,0.4709652;-0.46571404,-0.99947184,0.88370085;-0.9012736,-0.1415272,-0.71952075;-1.693247,-0.5758892,-0.31028822;0.5376689,0.7158133,-0.04478153;1.6775126,-1.2703571,2.1668959;-1.2818841,-0.6539231,-0.073001936;-1.9885063,-0.30513817,-0.6144646;-1.785293,-0.45906302,-0.93417346;-0.23324662,-0.9342981,1.2045375;0.15171793,-0.7597333,0.28524306;-0.84927833,-0.4175473,-1.0063598;0.8128628,1.1178229,0.05782544;0.9000722,-0.4597849,0.49104294;0.31949887,-0.7870986,1.1744646;-0.8207766,-0.50441843,-0.9749443;-1.4742727,0.23276632,-1.4166597;-1.8165802,0.18489738,-0.7931262;1.6841717,-0.25167996,0.6737272;0.91865057,1.6984712,-0.8065963;0.60241103,-0.16410276,0.2645972;0.54732007,1.24969,-0.64664304;-1.3602712,-0.16343266,-2.158897;0.665164,1.233034,-0.74787647;0.3364796,-0.36946788,1.6173675;1.7293874,-1.0074908,1.6241258;1.0567532,1.0810456,-0.5132281;-0.80583966,-0.3614391,0.7764726;-0.119363576,-0.0859398,-1.236697;0.03527133,0.106931046,-0.22389844;0.24980593,-1.1187519,1.1090173;0.4918466,1.8154387,-0.23377568;-1.3885907,-0.14533165,-2.1677637;0.15167055,0.08234134,-0.59682083;-1.3900343,-0.04469893,-1.7219994;0.621043,-1.0925792,0.14445058;0.9605844,-1.4036932,1.2935796;-0.51551574,1.0815468,-0.8589608;-0.118318245,1.120841,-0.65537745;-0.16956644,-1.2761914,1.2484566;-1.4950714,0.05118633,-1.4913607;-0.65117913,-0.5836672,-1.0529982;-0.65498716,1.1332973,-0.9203162;-1.1751518,1.0116869,-1.3264089;0.28127205,-1.0218182,1.1023571;-0.6877164,-0.67128265,-0.8552021;0.1977051,0.09729225,0.7065353;0.18292597,2.1310008,-0.59091294;0.5730736,1.7557709,-0.13278288;0.56134254,-0.26098996,1.1974937;0.6278529,1.205216,-0.402964;1.4381717,-0.43661016,0.2584221;-1.3921245,-0.14283656,-2.1688175;-0.33554274,-0.19122528,-0.25790337;-0.9190898,-1.1324116,-0.19166791;0.407695,-1.4288855,1.0303955;-0.7863993,-0.6749482,-0.8980541;-0.77256817,-0.622135,0.9436097;0.06606411,2.5107381,-0.69018763;1.1635132,0.98471886,-0.72849584;-0.5782037,0.82842904,-0.48698574;0.17048495,-1.1997223,1.4834085;-2.1462028,0.35540208,-1.4184235;-2.0127935,-0.16578351,-0.8189152;1.6721677,-1.276549,1.5525837;1.0436016,-0.47494447,0.13368481;-0.6829302,-1.1250278,0.2345668;0.8184358,1.8671918,-0.75178325;1.4481968,-1.1827972,1.5952448;-0.7829291,-0.70582116,-0.8847827;-0.7976175,-0.18264,-0.6026584;1.7590402,-0.7840648,1.2503691;-0.056517847,0.14083567,-0.97332543;0.3914004,0.400279,0.6221694;-0.09891553,2.7279181,-0.97139436;1.2438792,-1.0576612,1.0227332;-0.41612577,0.01231376,-1.2629386;-1.6596088,-0.62527204,-0.61296624;0.18978046,2.50963,-0.7772973;1.5931885,-0.9915643,1.2220336;0.505442,1.838833,-0.7370971;1.6920868,-1.1749341,2.1515207;-1.8114129,0.22044784,-1.894398;-0.50216734,0.8666617,-0.6088142;-0.61863625,0.056819715,-1.2362037;0.0929288,-1.2724376,1.4562101;0.65240884,-0.16139984,0.16716522;-0.5689166,0.9287967,-1.2291628;-1.3082883,-0.5450424,-0.2623129;1.6475098,-1.0876193,1.1702745;1.405661,-1.4326158,1.8591135;-0.4451789,-0.9570979,1.0704426;0.09979777,1.677875,-0.35443297;1.5571787,0.15531933,0.62781805;-0.4797354,-1.0069841,-0.15277736;0.24295633,2.0948849,-0.50291955;-0.053538065,2.5329258,-0.8432197;-0.13314146,0.17205699,-1.0324463;-1.7679254,0.18629733,-0.8066954;1.7119731,-0.07006255,0.6954701;0.21447669,1.6510165,-0.4155221;1.4687113,-1.0508404,1.9824129;-1.0659598,-1.1300969,-0.5691671;-0.7991373,-1.1628308,0.11577175;-0.8185436,-1.1849271,0.029554203;1.7235804,-1.3888913,1.9191132;1.343691,-0.5026884,0.21572168;-0.7881237,-0.2517735,0.7024999;0.087118775,2.1107185,-0.71394634;1.5756341,0.36859575,0.343493;1.6998589,-0.67613554,1.3686649;-1.8026909,-0.27870345,-0.9909969;0.29178748,-0.35241762,1.5897775;0.25594398,-1.127279,1.7084004;0.746775,1.4279867,-0.17033285;1.536391,-0.9080723,1.8086872;-1.9252019,0.15104923,-1.2293482;-2.0552964,-0.035275936,-0.78424317;0.06576766,1.3895112,-0.16604349;0.41861883,-0.6595703,1.3969947;1.256969,-0.8592766,0.2683429;0.22960132,2.3487554,-0.71040636;-0.36990333,0.49760577,-0.71595657;-1.1566145,0.98540545,-1.3344336;-0.48356038,-1.1378151,0.57135737;1.1012312,-1.1703362,0.9244184;0.15602292,-1.4669048,1.073012;-1.7624096,0.20385663,-1.9019821;-0.6488401,0.767697,-1.224526;-0.95071125,0.842122,-1.3237369;0.5467164,1.4370157,-0.7678452;0.46315438,-0.5309414,1.2428572;-1.7550561,0.20945252,-1.8811294;-0.9237306,-0.30950406,-1.1490221;-1.703848,-0.5907438,-0.33048633;0.9601593,-1.4329088,1.2360872;-0.77679145,-0.5177164,-0.9831588;-1.6152138,0.13824897,-0.9612882;-0.40438336,-0.09309798,-1.6165143;-2.1763003,0.3821302,-1.5187141;-0.07393268,-0.58169615,-0.45534277;-0.61137307,-0.90781176,0.028368723;0.08949231,1.6457791,-0.33642432;0.12742376,2.5455296,-0.9963503;1.344005,-1.4395593,1.9388384;1.7469093,-1.232349,1.2792661;-0.06862388,-0.58484703,-0.2780721;-1.7521045,0.17567031,-0.7968329;-1.6440302,0.044629384,-1.9004914;0.12784481,0.5956929,-0.4594157;0.34207743,-1.0034677,1.5625015;-0.60023093,0.0999599,-1.5847452;-0.9423234,0.820373,-1.3121114;-0.52071476,-1.1145914,0.6144588;0.9022915,1.017065,-0.26110592;0.49899206,0.31230077,0.81343293;0.6127285,-0.8958053,1.8412633;-2.1614544,0.3853475,-1.6449616;-2.1614265,0.396235,-1.6602019;-0.8269,-0.9529287,-0.2051748;-0.888289,-1.1230806,-0.19095322;-1.5080181,-0.92865723,-0.26599342;0.5958907,2.1395116,-0.84063905;0.020778151,0.5836322,-0.22067603;0.48543715,-0.64315236,0.8156589;0.8340789,-0.9067913,1.794022;1.5130159,-1.4358277,1.7780855;0.038580626,0.9949662,-0.56380624;0.23153359,-1.3507601,0.9108295;0.77568656,1.2243375,-0.3997982;0.6171628,1.7013892,-0.12123062;1.646999,-1.3654426,2.1649559;-2.0308626,-0.16990542,-0.6745588;0.6690162,-0.1609671,0.10060768;0.18633294,-0.6544121,0.26017225;0.6121552,1.2181672,-0.71577007;0.6025537,-0.14347944,0.003911003;1.244555,1.1112769,-0.703976;-1.3989426,0.053577397,-0.8353799;1.4385068,-0.6734784,0.77427876;-0.7586703,-1.2084385,0.18357584;-0.0041015535,-1.3762835,0.9198773;-2.1582778,0.38365686,-1.6330632;1.6838315,-0.19902867,0.6260715;0.3112107,1.6982354,-0.8300474;0.14257504,1.946981,-0.51954985;1.6590937,-0.08990915,0.61271334;1.7117771,0.04056043,0.5154704;0.23403576,0.19292176,0.5326888;-1.0255042,0.9341541,-1.3004111;-0.43956196,0.20010169,-1.4933397;1.027872,1.0781353,-0.6933714;-0.7145779,-0.7040872,0.9926908;0.0806973,2.525145,-0.68983656;1.5193256,-1.0383021,1.0900166;-1.0785953,-0.7241211,-0.18481803;-0.058701992,-0.9079077,-0.16490097;-1.8382136,0.18653767,-0.8007667;1.4557676,-0.65237045,0.7109235;-0.20213403,0.5673137,-0.05982017;0.64949566,-1.0255089,1.1183974;-0.72088575,-0.59338963,-0.902418;-1.4030477,-0.13492982,-2.1646628;-0.25114924,0.3762557,0.072857246;0.08557612,1.3206687,-0.030639956;0.20974009,0.0970321,0.66933674;0.9933612,-0.5151603,0.52168286;-1.686786,-0.6068243,-0.6513237;-0.9637396,-1.1437525,-0.32906333;0.4402922,0.78937274,0.18215124;0.5894615,-1.1840104,1.8853898;-1.6069549,-0.7305802,-0.40424123;-0.7061589,-0.72622454,0.99994385;-1.9096706,-0.43622416,-0.95983255;0.80211526,-0.33452937,0.42300507;-0.7967736,1.0952954,-0.5923732;-0.5414963,0.96205705,-0.9704819;-0.80574936,-0.45445636,0.84194016;1.828276,-0.76797146,1.1175922;1.3009789,1.0466948,-0.7373414;-0.43695316,0.21896528,-1.448403;0.28834537,0.58129305,-0.35476115;0.028277496,1.0413057,-0.59942317;0.20012525,0.090282805,0.41645142;0.33188775,0.14373423,1.1441932;0.5613682,-0.9141696,1.8768703;1.3551562,-1.411456,2.0504527;0.32216528,0.4063272,0.59210396;-0.3640115,-0.19984825,-1.5669168;-0.13320993,0.044643167,-0.987654;-0.44700518,-1.1855379,0.5647445;0.0840292,1.9618107,-0.6446321;-1.6683496,0.05922436,-1.984735;-0.22657962,0.36732644,0.16018058;-0.03858695,-1.0707527,1.2059603;-2.1013737,0.27419594,-1.3200612;0.56617266,1.2278436,-0.4727104;0.8096367,1.9069691,-0.7576029;0.28733075,-0.9492673,1.8242658;0.9723172,-1.3488318,1.1702973;1.4743705,-0.8244577,0.8337183;0.99180007,-0.5305227,0.38653025;-1.8200661,-0.4077626,-1.067737;0.34815034,0.5460552,-0.2639976;0.49084947,-0.81255126,1.1807855;-0.8523282,1.1389781,-0.71392363;-0.1633608,2.8088255,-0.9917755;-1.4093179,-0.1319676,-2.170293;1.102787,-0.284352,0.9574981;0.09833892,-1.0806212,1.4358168;-0.089656815,-0.9720863,0.053023186;-0.96019405,-0.5061475,-1.215729;-0.5420935,1.094543,-0.8744261;-0.5147364,0.1965948,-0.5890553;0.7273896,-0.16897877,0.004655469;0.52056956,-0.35259226,0.8344451;0.49759275,-0.25888193,1.2648243;-0.17163183,2.8336334,-0.9937516;0.9941601,-0.25977778,0.94315916;0.014909126,0.07938014,-0.8249109;-0.43266952,0.14700143,-1.5528777;-1.6465051,0.1696701,-1.7862659;-0.012343353,1.1226116,-0.642609;0.55163324,1.8038343,-0.14022096;0.25074145,2.4774404,-0.810644;-0.01325596,2.499786,-0.91218483;1.5749538,-0.9489815,1.0762025;-0.9519617,1.1295817,-1.0764523;0.7309928,-0.9112247,0.077540025;0.31704187,-0.75596875,0.6903847;0.5936315,-1.3120025,1.5557252;0.008911922,-0.9000796,0.22559528;-0.43469948,0.17248404,-1.2224976;-2.0121672,-0.21033469,-0.838746;-1.1191137,-0.093632534,-1.4595741;-1.0115223,-1.029932,-0.7420279;-0.20240082,-1.434798,1.2439868;-0.6872949,1.1437008,-0.9157171;-0.15185341,1.0421689,0.021125598;-0.4551834,0.8893457,0.11097614;-0.060778797,0.12411088,-0.21695586;0.67207676,-1.057826,0.12894474;0.7983478,1.2171834,0.03025247;0.41562533,-1.1788821,2.0668771;0.97959906,-0.5848961,0.013519279;0.17321631,0.59700936,0.3985087;1.7289157,-1.2514569,2.200984;-0.87562114,-0.2637005,-0.9334976;-1.6800003,0.21767172,-1.8451265;1.6245552,-0.12099363,0.51602995;0.73485947,-1.3058891,0.11334396;-0.14959437,-0.039770942,-0.03189994;-0.9532872,0.82328033,-1.3163724;-1.859283,0.28932124,-1.1140543;0.18387064,1.0163515,-0.7199664;1.056797,-1.1233017,1.0381433;-1.3289549,-0.5404934,-0.29366556;1.2810466,1.0192614,-0.5674387;-0.37359005,-0.8326671,1.2770319;-1.9701251,0.25539738,-1.5600528;0.17930649,-1.5336688,0.91705227;0.09039415,-1.3015138,1.4509016;-1.4670978,0.29679957,-1.4281865;-0.58444536,0.77390635,-0.015365267;-0.11215643,-0.60466963,0.4964295;-0.111088604,-1.0994174,0.35874268;1.2369987,-0.6924855,0.65082157;-0.8012241,-0.45508325,0.83031917;0.22659266,-0.96638924,1.1541635;-0.67634,-0.01352283,0.47110635;-0.91413814,-0.91134095,-0.110152505;0.3233512,0.6889006,0.31153598;1.7057984,0.031913694,0.5403322;-1.4648141,0.20633444,-1.6595284;-1.5461751,0.106697656,-0.8915129;-0.06609017,-0.8250071,0.96257913;0.50904286,-0.564154,0.9151831;-0.8901266,1.1086512,-0.6883711;-0.16048245,2.7818644,-0.9660546;-0.06018873,0.8439218,-0.32072315;-0.39631236,0.8934532,-0.9221691;0.3094171,-0.8224503,1.7764536;-0.5820253,0.9319857,-1.2333682;-0.80469173,-1.2857351,0.31678355;0.22707777,-0.6376693,0.40682793;-0.017934011,2.782816,-1.1517931;0.014474835,-0.08232019,0.07685608;-2.148712,0.3512061,-1.4226192;1.2574892,1.0176661,-0.6726263;0.2628259,-1.0527189,1.5672218;-0.2698565,-0.90933967,0.31303716;-0.087129444,0.029727548,-0.8955637;-1.612533,-0.63159305,-0.55882853;-0.16638698,-1.1027735,0.36346862;1.8192139,-0.82548195,1.1121104;0.01328778,0.03220207,-0.70285416;-0.7179454,-0.078338295,0.53692067;0.80002517,1.2257376,0.027606208;0.5404789,-0.31169266,1.2205324;-1.4763583,-0.30106652,-0.5599406;-0.48313722,0.11790902,-1.3954117;-1.0413934,-0.3054775,-1.3157185;0.09253213,1.6596028,-0.34122238;1.4311992,-0.51878035,0.2820005;0.66536814,-1.1341622,0.10172601;-0.6672417,-0.67808235,-0.8561865;-1.9747646,0.08177546,-1.146256;-0.12569238,0.13854349,0.19583084;-0.086895674,-0.6117118,0.59490496;0.7894087,-1.2677493,1.7799022;1.0739638,-1.175059,1.882425;1.0139483,0.948741,-0.4409165;-1.7507468,0.21384835,-1.8895534;-0.71398675,-0.42888334,0.6398049;-0.5809363,0.92901003,-0.9637822;0.70697427,-0.99327505,1.8549434;0.49528342,-0.6346678,0.89772296;-0.6861037,-0.739218,1.0089402;0.58785886,-0.11251677,0.2535868;0.38389078,-1.3760087,1.0172533;1.6956472,-1.1749777,1.3492587;1.5311812,-0.8538549,1.6628144;-1.144325,-1.1345134,-0.32236582;-0.02154684,-0.100963354,-1.1739156;-0.17822753,0.03824041,-1.1608788;1.4367257,-1.0649794,1.9916347;0.11049051,-1.3868468,0.947314;0.28339526,-0.42359152,1.6173335;0.39081046,-1.1870404,1.7580246;0.13148326,2.4388552,-0.6645676;0.7464304,1.5396217,-0.6924307;-1.5012332,-0.39732653,-0.5502236;-2.005219,-0.2786108,-0.63718534;0.46033448,1.1514858,-0.32923776;0.412443,0.015727783,0.3405598;0.33455905,-0.0033210493,-0.29089028;1.4656627,-0.41016516,0.30777526;-0.8130059,-0.2501589,-0.90518624;1.3064044,0.76515263,-0.38730693;0.78358084,1.7914913,-0.7473031;0.6045575,-0.29685044,1.1026329;0.91489416,-0.8753676,1.8008156;0.17311552,1.9185106,-0.46431094;-0.4269639,0.92704964,0.117948525;-0.75898296,0.024047824,-1.4045687;0.2061572,-1.0803404,1.1171918;0.34710267,-0.50235295,1.6720686;-1.6082073,0.036558535,-1.942136;-0.61844945,0.8452807,-0.38275912;-0.81317663,-1.2626916,0.22749609;0.61099106,-0.9873612,1.0404985;-1.9084556,-0.17126511,-1.1218368;-0.69534105,0.97790444,-0.56661683;0.38404614,1.7772291,-0.78494394;0.66790634,-1.2461303,1.805866;0.29192942,-1.221567,1.6419059;-0.4899703,-0.5523226,0.60915536;-0.8085909,-0.39053437,0.79998344;0.38399974,-0.43648472,0.7290162;0.20210734,1.29668,-0.82208514;-0.045648392,2.4200583,-0.8535555;-0.4212804,-0.81504774,1.2857668;-0.6875276,-0.7428748,1.0148077;0.70224875,1.5792527,-0.31430474;1.2822826,-1.0108366,0.9548987;-0.39620444,0.6456803,-0.638933;-0.67644745,-0.4152964,0.4838644;0.38511813,0.321081,0.6975842;-1.07351,-0.7833691,-0.16824935;-0.33830208,0.23407348,0.1653303;0.22750455,0.13503753,0.39025056;0.16245715,1.9703648,-0.5237838;-1.5966234,0.025778601,-1.940136;-0.84837234,-1.1458179,-0.19213834;-0.95091414,-0.8712158,0.1606776;-0.058066837,-0.7778676,0.8876265;0.55339634,-0.2646731,0.8753912;1.5701305,0.35894084,0.33298293;-0.6162427,-0.91818774,1.0136573;-1.8906468,0.08719837,-1.2642733;0.7282982,-1.2942445,0.11126545;-0.30270875,-0.03557269,-1.1535562;-0.8851339,1.103009,-0.6967634;-0.8005492,-1.2570472,0.26004088;0.445962,0.79321367,0.17490776;1.4551708,-1.0555288,1.9915079;-0.97281736,-0.101116315,-1.4091948;-1.7673072,-0.53622717,-0.35242334;1.854747,0.010240123,0.5682672;-0.06966369,-0.5784742,-0.47272143;0.8973196,-0.2899648,0.14159131;1.793986,-1.11095,1.0475972;-0.089862965,0.14788254,-0.9987625;0.80192345,1.2930298,-0.077910416;1.3123769,-0.9911954,0.7382835;0.32560757,0.005398379,-0.34601757;1.6202896,-1.3413779,2.1593904;-1.0736709,-1.1515522,-0.52309036;-1.8476211,0.26228178,-1.7550343;-2.1590288,0.35663727,-1.4559143;1.3018101,1.054537,-0.6529825;-0.056910727,0.08935941,-0.10718147;-0.7941313,-0.59155524,0.92589146;0.6863504,1.319129,-0.39926198;1.1312182,-1.0683373,1.0538188;-0.8822723,-1.144075,-0.03328278;1.5414155,-0.61558324,1.0005033;-1.4080756,-0.13290948,-2.171465;-1.035118,-1.2059624,-0.43655643;-0.86437917,-0.9818616,0.28533915;0.2948638,-1.2424955,1.5348979;1.6162152,-1.3995003,2.0120182;-1.1203741,-1.1393757,-0.32204607;-1.3002623,-0.115014166,-1.6678197;-1.0381985,-0.9109147,0.076137125;-1.4851366,-0.55784297,-0.42004997;-0.09162894,-0.9803113,-0.048219595;-1.4004953,-0.13737707,-2.1679409;-0.6770115,1.077109,-0.5918932;0.35416642,-0.8709842,1.8145541;0.1434826,-1.4338545,1.2100731;0.38349685,-0.50977105,1.6827017;0.33660007,0.4193344,0.60218734;0.06374054,-0.4112595,1.6137875;1.3883725,-0.8686507,1.7059269;1.5649269,-0.5426629,1.021835;0.10139657,-1.3534062,0.8985149;-1.6113024,-0.95198274,-0.29932645;-1.614542,-0.6726323,-0.5864908;-0.50528127,-0.8995441,1.0189209;0.6882822,1.5747656,-0.3645174;0.5887493,-0.38853857,1.2330918;-0.2292041,2.8877125,-0.9716877;0.4156136,-1.0047696,1.8706417;-0.055058666,1.2407113,-0.11999735;0.52638227,-0.4257697,0.91040796;0.19230762,0.05510219,-0.2552434;1.7070757,-0.023845075,0.5640997;0.17127414,0.23139298,-0.7053525;-0.7761174,0.117036834,-0.5368774;0.4834321,-0.6582605,1.4312094;1.0018599,-0.44359702,0.029053256;-0.9222915,-0.13040923,-0.7467983;-1.8185729,0.30623212,-1.6606418;-0.55149776,0.7573914,-0.44024652;-0.21706231,0.023770604,-1.2293622;-1.9949406,0.047008142,-0.8023148;-1.1338698,0.9481389,-1.3366251;-1.497042,-0.5224128,-0.68482596;-0.51653564,-0.8667881,1.0016633;0.32327488,-1.0145924,1.1244045;0.7285133,-0.2633669,0.33813864;-0.8779176,1.0953972,-0.6696324;0.38998273,-0.8900679,1.8348882;-1.5004762,-0.21975249,-0.5453389;-0.42684624,0.33017766,-0.7073595;1.0899806,-1.2913302,1.9713055;-0.6539887,0.74889004,-1.2040585;-1.6492074,-0.6708353,-0.4100392;0.37643746,-0.726868,0.8269416;0.49625173,-0.82101434,1.1522261;1.5189663,-1.129708,0.97479564;-0.73913884,0.99869484,-0.57566494;-0.511784,0.8298002,0.08292683;-0.08686533,-0.560199,-0.2608183;-1.710782,-0.539781,-0.33598495;-1.396149,-0.60157377,-0.008954546;-1.6067166,-0.9512703,-0.29573074;1.1008573,0.946295,-0.15586151;-0.8137867,-0.5094738,-1.0574955;-0.4733781,-0.9702667,0.84811985;-0.47585922,-1.1494154,0.51548034;1.2981893,0.9682674,-0.5114101;-1.3911413,0.2071697,-1.5980877;-1.2220987,-0.9585545,-0.17488696;1.4275222,-0.7374545,1.5497113;1.5361525,0.3864018,0.28444806;-0.8976845,1.1107148,-0.6974718;1.3192812,-1.3989289,1.9221108;0.7671642,-1.3005682,1.8564818;1.5635551,-1.376271,1.6705962;1.190164,-1.4652313,1.9755373;0.1395078,1.9978981,-0.7003356;0.24550529,0.060221788,0.49027005;0.1906352,-0.8902232,0.19288981;-1.7881627,-0.4595561,-1.0296077;-1.2164339,-0.072778456,-0.9785415;-0.8060569,-0.34219986,0.7682301;0.041297205,-0.5827147,0.3012046;-0.5540748,0.7954655,0.08049844;-2.003421,0.26905715,-1.7511562;0.0040932675,0.0010423071,-0.62720805;0.59159315,2.1588457,-0.84426224;1.4207081,-1.2009227,1.6131936;0.8062495,1.1962261,-0.1473795;0.7420493,1.3803064,-0.03950044;0.7750768,1.0232062,0.081825964;-0.8958222,-0.27565685,-0.9773759;-1.0355462,-1.1742654,-0.51857054;-0.62552613,-0.98852617,0.7918773;-0.21640095,0.7800895,-0.17832749;1.4066857,-1.410312,1.9647357;-1.6108646,-0.9501703,-0.29857713;0.3859135,-0.95530224,1.0289105;0.74404716,1.7784061,-0.67893445;1.2272241,-0.9097381,1.7999501;1.2518207,-1.4397869,2.0163167;1.7060562,0.0277791,0.5533156;-0.35405433,-0.15415141,-1.5877266;-0.4146063,0.1569489,-1.3797165;-0.56108975,0.7180727,-0.43994835;-0.13108061,0.9831059,-0.13187596;-0.18598677,2.8485322,-0.99043536;1.1767592,0.92703545,-0.70238096;0.42272925,-0.059526734,-0.37034836;1.4391317,1.0638608,-0.50464803;-0.8359481,-0.70805436,0.75994605;0.28494456,-0.39829454,1.6110227;-1.1313975,-0.7416102,0.02502946;-0.5373952,-1.0278451,0.7494813;0.2833703,0.31836054,0.6017977;-1.3945531,0.1675352,-1.556947;-0.8048342,-0.40928987,0.8050217;-0.6517175,-0.11370608,-1.21304;0.32840893,-0.003085694,-0.38025063;-0.7073882,-1.0907322,0.33177856;1.3979554,-1.4173381,2.0434043;-1.6671598,0.05525516,-1.9892695;-1.6553241,0.17629036,-1.8875304;0.950526,-0.31915477,0.108460456;0.06311242,0.46967104,-0.55665743;-0.048309866,2.583006,-0.9154211;0.76613426,1.9869219,-0.7722033;-0.039064664,0.56872684,0.35760733;1.0548149,-0.2674562,0.9578981;1.6619335,-1.1138778,2.1177526;-1.8260571,0.15969934,-1.0499579;-0.0047415555,1.0729072,-0.6511438;1.3438765,-1.035677,1.9120028;0.21105528,2.4109604,-0.69373214;1.6686004,-0.74408865,1.0529126;0.39422855,-0.064475834,1.4058949;-1.359056,-0.958189,-0.10170016;0.5997489,-0.08554155,1.195942;0.36749604,0.57778764,-0.25886607;1.0201375,-1.1730539,1.8233018;-0.42230225,-0.82051545,1.0268105;0.13950905,1.997874,-0.70037055;0.4591623,-1.1524259,1.999197;-0.12955026,-1.069336,0.26341778;-0.105161816,1.1375775,0.08511381;0.032941584,1.4811043,-0.32354614;-0.5506304,1.0998409,-0.8741494;0.74950534,-0.8972781,0.07751314;0.09038579,-0.7633102,0.23434965;-0.37285122,0.28071788,-0.7252986;0.58152425,1.494962,-0.7625128;-0.99102813,1.1241734,-1.1153725;0.71626484,-0.94408125,0.09577827;-1.1421306,-0.81736696,-0.04164023;0.8890394,-1.4435655,1.399446;0.7985009,-0.23602505,0.08084252;-0.50454676,0.68264633,0.015214122;-1.3812562,0.047080904,-0.8928172;1.6677258,0.047540978,0.5954655;0.4889609,1.9496744,-0.66570276;0.841858,-1.3226508,1.7527108;0.12895289,2.0039747,-0.7058734;-0.41962737,1.0710187,-0.7639437;-0.47889316,-1.2383898,0.50702673;-0.88022745,-0.508429,-1.1127169;1.814253,-1.0694704,1.0775956;-0.17471385,2.8373048,-0.9934328;1.2607241,0.29388168,0.53148663;0.22950217,0.07452452,-0.3759008;-1.0258222,0.8989081,-1.3238462;-0.30789718,0.3263193,0.106827125;-0.901397,-0.1259075,-0.7217485;0.66223717,1.5488563,-0.70720494;0.8813513,-1.1268384,1.1973783;-1.4908315,-0.45915335,-0.48187158;0.5171877,0.017077772,1.1698815;1.683103,0.085417666,0.50155675;0.21116607,0.30178875,-0.6131927;-1.4638737,0.44592977,-1.3822358;0.31064782,-1.4742237,1.0183572;0.3273499,-0.9857922,1.0144109;-1.6141558,-0.6329257,-0.559706;-0.4417279,0.009064797,0.32929265;-0.8160078,-0.0024896932,-1.4112518;1.4848181,-0.7603057,0.79780775;1.1531839,-0.5213474,0.077215716;0.598223,2.15011,-0.8437871;1.7069458,-0.22253698,0.7137551;1.2980876,0.83733964,-0.49522403;1.1247165,-0.948233,1.8466417;0.72460324,1.2690368,-0.33961374;0.27306715,0.48450243,0.506324;-0.9358395,-1.3283285,-0.31489947;-0.5143351,0.763562,0.020489728;1.823149,-0.9612744,1.4695244;0.31377926,0.4780065,-0.2852901;-0.4062386,0.47194913,-0.7106054;0.13017827,2.5019188,-1.0066539;1.3900431,0.096493445,0.48672652;1.606074,0.07054591,0.48913315;-1.6266112,0.1254888,-0.8494987;-0.7843071,-0.51284504,0.8602862;0.63652074,1.3620794,-0.47895834;1.6127987,0.26430428,0.3003777;1.6588589,0.20239098,0.7251535;-1.3135114,0.51918197,-1.4045601;0.1646007,0.77578884,-0.38994867;0.7255052,1.2385085,0.084740974;0.50660104,-0.3382982,0.8519114;0.25752136,-1.448676,0.96544075;0.1454795,-1.2660216,1.4912211;-1.9256207,0.2372098,-0.9067976;-2.1761603,0.38909662,-1.6215205;0.12931749,1.188218,0.26189616;-0.038102027,2.4350607,-0.82852083;1.4968151,-0.36248478,0.31692132;-0.90623087,1.002701,-1.311658;-0.69208926,0.68803316,-1.2573879;1.5881792,0.32693923,0.32955396;0.83118004,-0.9936882,1.0690651;-0.4797614,0.1085683,-0.62150025;0.11202724,0.85454434,-0.45289588;-0.17702828,0.93490666,-0.8630254;-0.458106,-1.1634225,0.561615;0.13547064,-1.506197,1.1432196;1.0892333,0.7568028,-0.21496749;-0.77678305,-0.5337876,0.8797934;0.42249608,-0.67503077,0.81679994;-0.7235639,0.024717325,-1.3886471;-1.6371827,-0.47208992,-1.0553793;1.78115,-0.010552991,0.6336382;-0.75338066,-0.14774926,0.6114664;-0.046882123,-0.6205084,0.6891167;0.6771376,2.0522814,-0.81095743;1.4267995,0.08553337,0.47645202;0.65301555,-1.3380883,1.6022121;-0.03923537,0.13224956,-0.95536095;-2.062748,0.35873705,-1.6746683;0.29658356,1.6434458,-0.4419517;0.20875277,0.42643902,0.4384843;-0.15250511,1.1569755,0.029513067;0.81561965,1.154394,0.04817371;1.3740177,0.7008627,-0.32450286;0.22774486,-0.63245106,0.3707749;-1.7360759,-0.4626146,-0.9832237;-0.7341463,0.15850048,-0.5413014;-2.0537124,-0.06281277,-0.7665036;0.98706484,0.9575173,-0.5414772;0.03724942,2.3661516,-0.8397787;0.08090525,2.2797842,-0.75689405;1.5495348,-1.4019887,2.0387857;0.091868475,0.88663465,-0.47506687;-0.118219666,0.168916,-0.0029690098;0.4751239,1.9109472,-0.68567663;1.3797958,-0.93921816,0.7737465;0.009913572,2.5635173,-0.90098816;-1.8687118,-0.35239863,-1.1194344;0.26282057,1.9411258,-0.6481009;1.1585464,-1.2617996,1.1845969;0.9358018,1.2168218,-0.8171892;1.2876403,-1.0071377,0.7408636;-1.8756533,-0.34575146,-1.0870377;-0.050284855,-1.0288339,1.2531098;0.331944,-0.7612403,0.82512516;1.0564805,-1.3308429,1.9530506;-0.13658324,-1.2961912,1.3083904;-0.90245986,1.0038451,-1.3126085;-0.8871109,-0.2742985,-1.041596;1.334475,0.30921358,0.50291044;0.011094906,1.379567,-0.45463812;-0.013620843,2.5394945,-0.8087477;0.77149457,1.9857394,-0.7732131;0.5804806,1.7534379,-0.17896552;1.5124441,-0.94031143,1.8822027;0.089133576,-0.9867049,1.6137415;-0.105213545,-0.029059323,-0.2483073;0.10439287,1.7082989,-0.3626611;0.32246432,-0.51617026,1.4450767;-1.2820076,-0.018911984,-1.5025871;1.0289847,-1.277466,1.2182271;1.035025,0.9665025,-0.12862651;0.012396496,1.0888484,-0.62815064;1.4808965,-0.9916532,1.7993406;-1.1980655,-0.06755,-1.4903125;1.6801031,-1.0257176,1.280184;1.0697944,-1.0181177,1.7948772;-0.19361089,0.18915099,0.15008081;-0.17721574,1.2061275,-0.0032717038;-0.17618571,1.2743471,-0.0043044034;1.3673096,0.6849737,-0.32217994;1.6523654,-0.31815055,0.67977625;-2.0498533,-0.104730956,-0.74359006;-1.9099693,0.16173874,-1.3221776;-1.0528239,-0.12617856,-0.8797228;0.89983225,1.1853943,-0.7823603;0.31620517,0.24390768,-0.3980539;0.80134356,1.9392571,-0.76789945;0.042704407,2.4966958,-0.9738858;0.90157205,-0.854155,1.7565031;0.039878193,-1.3120439,1.4430753;-0.7765497,-0.013269251,-0.5551398;-0.9326122,0.8167357,-1.309433;0.33270073,-0.42505637,1.6722767;1.7415698,-0.12596574,0.7916106;-0.877525,-0.4846291,-1.1249528;1.217161,-0.6254177,0.4727316;-1.4967321,0.23845425,-1.4483932;1.5270398,0.2533641,0.5709342;1.3634899,-0.70718616,1.5638328;0.9791767,-1.3086385,1.26852;0.7263427,1.1123593,-0.6136917;-0.7482462,0.97041994,-1.2887203;0.3503272,-0.81819874,1.790433;0.14561073,-0.51197577,1.3805139;-0.45588142,0.17335455,0.22223231;-0.8325858,-0.00879607,-1.4166659;-0.62528765,1.116599,-0.89987177;-0.927671,-0.81824267,0.23033577;0.84553444,-0.3887347,0.447683;0.4796215,-0.3126539,1.1417468;1.1424621,-0.5771813,0.5394868;-0.8720101,1.0952209,-0.6718153;-1.0030977,-1.0052722,-0.12154275;-0.46152794,0.42337054,-0.67295367;0.09509089,-0.51094043,0.21061674;0.12724203,-0.8856284,0.19815178;-1.8876984,-0.32617593,-1.1134328;1.6349192,-0.6737516,1.3233463;-0.5374014,-1.004793,-0.17585737;-0.018328875,0.003926876,-0.5434846;1.4490601,0.42439047,0.30929372;0.13555382,0.8103617,-0.4214527;-0.53544754,-0.7997391,1.1977009;0.48217952,1.8595047,-0.4144379;1.1680597,-1.1369036,1.0245608;0.52744985,-0.020246666,1.2116623;-0.062387448,0.12864697,-0.97658324;1.3143059,0.8450237,-0.4729486;1.3445611,-1.154387,1.5663555;1.6934093,-1.1756017,1.3912487;-0.21096615,-0.06900071,-0.066063814;-0.80414045,-0.47572243,0.86313826;-0.11418415,1.2239163,-0.0944844;0.763029,-0.9156068,1.3848325;0.3483721,0.6040495,0.3722213;1.4981179,-0.92352766,1.8550828;0.6058398,2.1392183,-0.84132665;0.6147942,1.7219317,-0.16591312;0.8609484,-1.000386,1.2796779;-0.2804704,0.70358634,-0.8749517;-0.10586171,-0.6289092,0.63120127;-0.53927284,1.0914831,-0.8798422;1.4590094,-0.4454405,0.28527805;1.4309876,-0.53824943,0.2018556;-0.9930881,-0.9657473,-0.76858014;1.7177734,-1.383803,1.8188611;-1.8673568,-0.3612687,-1.070308;-0.8465935,-1.0682746,-0.28947785;-0.40114263,0.1659619,-1.1613485;0.56529045,1.6223063,-0.7712562;1.2927328,-0.6339136,0.39653245;-1.0463141,-1.0902365,-0.6910781;0.7666468,-0.27917254,1.1255467;0.099781044,1.1610941,-0.7157902;0.334762,-0.31231022,1.5946935;0.40580338,-0.47055954,1.2416333;-1.8821353,-0.44607717,-0.45687667;-1.6310756,-0.61187804,-0.5588869;-1.0493028,-0.67363816,-0.11831077;-0.42717785,-0.9369609,0.032509886;-0.2379208,-0.042407546,-1.306328;-0.16781263,2.8311882,-0.99589914;0.60975903,-0.22105858,0.8250771;-0.3052445,0.12012249,-1.45364;-0.913045,-0.3968664,-1.1672683;-0.93090796,-0.9470586,-0.14198433;-0.5514723,0.9227605,-1.2185384;-0.60759705,-1.062492,0.5824004;-0.18541314,-1.4138801,1.249087;0.2618887,0.3539895,0.5389306;-0.074400805,-0.59603566,-0.2884184;0.78711605,1.2720749,0.011683859;0.76749325,-0.21857503,-0.01102102;0.241159,-0.84610915,0.20729089;0.86468625,-1.1545608,1.168069;-0.5596495,1.0107149,-1.151689;-0.80360156,-0.42988208,0.81478643;1.1431859,-0.6490437,0.6530934;1.1511227,-1.2709141,1.1917235;-0.60655105,-0.63496536,0.67236257;0.09469315,-0.94395226,0.08752505;-1.0657756,-1.1479859,-0.16827598;-1.8559302,0.095215246,-1.3117415;0.09565569,1.1862682,0.22947194;1.0038356,-1.0989262,1.1405056;-0.59896386,0.7647908,-0.035446953;-0.699365,-0.74339265,0.99597234;-2.0175033,-0.3781982,-0.9424586;-1.746637,-0.14310183,-0.9875449;1.0296417,-0.8611661,1.7822688;1.1863726,-0.95217305,1.8746443;-0.14054601,0.1465939,-1.0388824;-0.11148754,0.09355766,-1.0853161;-0.6239649,-0.48623475,0.62279946;0.8295162,1.1426753,-0.4993254;-0.7079602,-0.5720006,-1.0160269;-1.7879237,0.2190012,-1.8910176;-0.47583008,0.8452617,-0.63893485;-0.5449564,0.31575185,-0.6292728;0.0119093405,0.0022562614,-0.6614444;1.3313508,-0.8998145,1.7864182;0.79989403,1.9068165,-0.7521878;1.6771411,0.18098441,0.6382812;0.12131581,0.14395256,-0.2160266;-0.45395815,0.50612974,-0.7089358;-0.13982394,1.1466223,-0.07798244;0.08261716,0.9175722,-0.5068283;-0.14889856,1.1581829,0.03452402;0.18269609,0.3203849,-0.36805663;0.5886985,1.2413908,-0.69147086;1.4761415,-0.7370026,0.36079;-2.0479147,-0.11086413,-0.7139816;-1.8311145,-0.40927836,-0.97950804;1.2192075,0.812458,-0.30620533;0.28445193,1.7517684,-0.81796;0.12660156,0.48081878,-0.4980344;-0.10208327,0.12798141,0.21546718;0.19580503,-0.84321564,0.21424857;-0.55752623,-0.8096586,0.78689927;1.8569976,-0.8173733,1.2467059;1.4961307,-0.6496854,1.3719274;0.33277696,0.40346488,0.6081528;-0.29527476,0.88509893,-0.83621806;-1.3901596,0.53064185,-1.3768655;-0.04633269,-0.974348,-0.041078694;-1.2484806,-1.0107514,-0.26759014;0.12405411,0.8278279,-0.4296275;1.6038822,0.2735017,0.2579967;1.5102711,-0.7684007,0.83744717;1.0600266,-0.55217403,-0.020889865;0.74373305,0.90757054,0.07101596;0.8127296,1.8577528,-0.75702965;1.3915439,-0.7833976,1.6876622;-0.5114424,0.048286438,0.3453541;0.66620606,-1.0541698,0.20141102;-0.027677774,-1.031547,0.022092689;1.2899814,0.95136285,-0.5021325;0.7773041,-0.9551117,1.0388036;0.36409962,-0.4700928,1.5210391;-1.3678892,-0.6051905,0.11224969;0.36641315,0.111284785,1.1643772;-1.1024865,-1.1340495,-0.26322266;-1.2178667,-0.08406622,-1.5225761;1.6100147,-0.6048798,1.1397226;1.3329903,-0.7145883,0.35279623;0.6688142,1.1386492,-0.68456036;-1.8585777,0.23946582,-1.8822759;0.37940735,-0.06096189,1.4279604;0.50141317,0.3018286,0.8303374;1.3442763,-0.58832437,0.34791663;-0.65534973,-1.1132288,0.23885715;-1.9282221,0.23422575,-0.91054416;-1.0496824,-0.28364655,-1.2867433;-0.062384658,0.17720772,0.22787923;-1.2948048,0.48433504,-1.4207989;0.96687984,-0.60384774,0.01780575;0.8616904,1.8133659,-0.7482236;0.040437818,2.4992957,-0.97245866;1.435242,-1.4198105,2.0165052;-0.65219194,-0.0073021282,0.4541778;0.31959295,-0.65369827,1.3550175;1.2908359,0.9904237,-0.5455686;0.6048709,1.7783837,-0.16913685;-0.07054816,-0.9543317,-0.19423333;-0.31439406,-1.0383875,-0.042648602;0.82382363,-0.7046041,-0.053695787;-0.053950187,0.16022553,-0.96605885;0.8321631,1.1738979,-0.0056613823;1.7136633,-1.175816,1.2750319;0.8628137,1.0887934,-0.5714044;-0.05231009,-0.8063043,-0.19260566;-0.17126846,2.8304157,-0.9906247;0.051399346,0.59001863,0.39046606;-0.19497707,1.2291987,0.019863965;1.0648767,-0.27920085,0.9706174;0.44505933,-0.065586254,-0.14098378;0.7833836,1.2785066,0.009687546;1.4119577,-0.81496847,1.7578809;0.9052787,-1.3466359,1.8799529;1.5939075,-1.3575703,1.6674501;0.70953625,1.486485,-0.57601523;-1.1330931,-1.143627,-0.30479032;0.09488006,2.5472586,-0.71012884;0.22011377,-0.8691675,1.7490704;0.33092782,-0.029178107,-0.20410205;0.048979208,0.06280265,0.27969244;-0.19308251,0.19927034,0.13020551;0.5925693,-1.043112,1.9238275;1.2800848,0.56928784,0.2267457;0.1079951,2.5708532,-0.8670949;0.03545057,2.6271584,-0.98343927;-0.6413741,0.9490098,-1.2591509;-0.61574,0.80930984,-0.009697125;-0.3731012,0.07882567,0.28140926;0.30880743,2.0663722,-0.7308506;0.19153462,0.17409454,-0.629491;-1.392966,-0.14245152,-2.1695526;-0.9807918,-0.08053088,-0.7334496;-1.7308265,-0.5445147,-0.75740683;0.56735194,0.7208418,0.015036173;-0.20379241,0.87679595,-0.7493066
