data_set
babi-q1
num_classes
6
data_points
1000
model
saved_models/babi-q1-e0124.ckpt
color_schema
#4E79A7,#F28E2B,#E15759,#76B7B2,#59A14F,#EDC948,#B07AA1,#FF9DA7,#9C755F,#BAB0AC
test_accuracy
0.847
test_loss
0.455633585691452
train_accuracy
0.921375
train_loss
0.21563470324128867
val_accuracy
0.8855
val_loss
0.35060086089372633
labels
12,9,15,12,15,12,11,12,17,17,15,11,17,10,10,15,11,15,17,15,12,17,17,12,10,10,10,15,15,15,12,17,15,15,9,17,9,11,15,10,9,11,9,12,11,15,12,9,17,10,10,17,11,11,15,10,15,12,11,12,12,17,9,11,11,15,15,9,17,17,11,12,11,10,9,15,15,15,12,17,11,9,10,11,17,11,11,12,15,15,9,9,12,9,9,15,15,15,10,10,10,9,17,11,11,12,10,9,17,10,9,9,15,12,15,11,17,15,9,17,10,9,10,12,10,17,11,11,11,9,11,12,9,11,15,9,17,15,9,9,17,12,12,17,10,15,15,15,15,15,11,11,9,17,10,9,11,10,17,12,10,10,10,11,9,11,11,11,15,10,17,17,11,9,9,17,15,10,17,17,12,12,12,12,10,9,17,11,15,17,12,15,11,12,12,11,17,15,9,10,12,17,17,10,12,9,15,12,9,12,9,10,12,10,9,10,9,12,12,9,9,12,15,12,10,17,12,11,9,9,17,11,12,17,12,10,10,10,10,17,12,15,11,11,15,15,11,11,11,11,10,17,9,9,10,10,17,17,15,11,11,17,12,17,17,9,11,10,9,10,15,17,17,15,9,17,15,12,17,9,9,11,17,17,11,17,9,17,11,9,15,15,10,15,15,11,11,12,12,9,9,9,9,17,12,11,9,17,17,15,11,11,17,10,11,17,10,17,17,11,11,15,15,11,11,9,10,11,11,10,15,17,15,10,10,17,12,17,12,12,12,11,17,15,11,17,12,12,15,15,10,11,11,10,10,9,17,12,11,12,11,9,11,11,11,11,11,12,12,12,12,12,11,11,17,10,15,9,9,10,9,10,10,17,17,15,17,17,17,15,15,12,9,10,17,17,10,17,9,11,10,11,10,15,17,15,12,10,11,15,10,11,9,12,17,10,10,15,12,9,12,12,9,12,10,15,15,17,10,10,17,15,15,15,17,11,15,9,10,11,10,12,9,11,10,11,10,12,11,15,15,15,15,11,9,15,10,12,11,12,9,11,10,17,11,11,10,10,10,17,12,17,17,9,15,11,9,15,11,9,10,10,12,12,11,10,9,12,10,9,15,10,10,11,11,15,15,10,12,12,15,11,9,12,9,15,10,17,17,10,10,17,10,10,17,9,9,10,12,11,17,17,12,12,11,12,17,11,11,12,11,11,11,17,9,11,10,12,12,10,11,17,12,12,15,11,15,15,12,10,10,9,17,10,15,12,15,10,10,10,11,10,11,15,10,9,9,15,10,10,10,10,15,15,17,9,10,12,10,10,12,12,11,15,10,10,11,12,10,10,17,12,17,11,9,9,17,17,11,10,10,10,15,15,17,11,15,12,11,10,15,17,9,11,9,17,15,12,15,17,11,17,17,15,9,10,9,9,10,10,9,10,10,15,11,11,11,15,12,9,11,11,10,17,11,11,12,17,15,15,9,11,15,15,11,9,15,15,11,15,15,15,11,10,10,9,17,17,17,17,10,10,17,9,15,9,17,12,12,12,15,15,15,17,9,11,9,17,9,12,11,9,9,17,11,11,11,10,15,10,12,12,9,9,17,12,12,9,17,12,11,11,15,15,12,11,12,17,12,17,11,12,11,17,17,11,17,9,11,9,10,10,12,17,10,12,9,9,9,15,11,11,15,17,9,10,9,12,17,15,17,17,12,10,12,11,11,17,15,9,17,10,9,11,12,15,9,15,12,10,9,10,17,17,15,15,9,9,9,17,10,17,17,9,12,17,17,12,12,11,11,11,11,17,11,17,17,17,17,17,12,9,17,10,17,11,10,10,12,12,11,11,17,12,12,17,17,15,11,17,11,11,9,12,9,17,9,10,9,15,11,9,11,15,10,9,9,9,17,12,11,11,17,15,15,10,10,11,11,17,10,12,9,10,10,10,10,10,15,17,9,11,17,15,12,11,10,10,15,12,10,11,12,12,11,11,11,15,12,17,10,12,17,17,12,10,10,12,17,10,11,17,11,12,17,17,11,12,11,17,9,9,11,17,11,11,15,15,17,17,10,10,17,12,11,15,12,11,11,10,9,12,12,15,10,9,17,15,17,9,17,17,10,17,15,12,12,11,10,10,10,17,17,15,12,17,9,9,15,10,12,15,15,15,17,17,15,11,15,10,12,9,9,10,11,11,9,9,12,15,9,15,9,12,12,10,17,17,10,12,15,9,10,17,11,11,11,17,9,9,11,15,11,11,11,15,12,17,9,10
pred_labels
12,9,15,12,15,12,11,12,17,17,15,11,15,10,11,15,11,15,15,12,12,17,17,9,10,10,10,15,15,15,12,17,15,15,9,17,9,11,15,11,9,11,11,15,11,15,12,9,17,10,10,17,11,11,11,10,15,12,12,17,12,17,9,11,12,15,15,17,17,15,11,12,11,10,9,15,11,15,15,17,11,9,10,15,17,11,11,12,15,15,9,9,12,9,9,15,15,15,10,10,10,9,17,11,11,12,10,9,17,10,9,17,15,12,15,11,12,15,15,17,10,9,9,12,10,17,11,12,11,9,11,10,9,11,15,9,17,15,9,9,17,12,12,17,10,15,15,15,15,11,11,11,9,12,10,9,11,10,17,12,10,10,10,11,9,11,11,15,15,10,17,17,11,9,9,17,15,10,17,17,12,12,12,12,10,9,17,11,15,17,12,15,11,12,11,11,10,11,9,10,12,17,12,10,12,9,15,12,9,9,9,10,12,10,11,10,9,12,12,12,9,17,15,17,10,17,17,11,9,9,17,11,12,17,17,10,10,9,10,15,12,15,11,15,15,15,11,11,9,11,10,10,9,9,10,10,17,17,15,11,11,17,12,17,17,9,11,10,9,10,15,17,17,15,15,17,15,12,17,9,9,11,17,12,11,17,9,9,11,9,15,15,10,15,15,11,11,12,12,9,9,11,12,17,17,11,9,17,9,15,11,11,17,10,10,17,10,17,15,11,11,15,15,11,10,9,10,11,15,10,15,17,17,10,15,17,12,9,12,10,12,11,17,15,11,17,17,12,12,15,10,11,11,10,10,9,17,12,11,12,11,11,11,11,11,11,11,12,12,12,12,12,11,10,17,10,15,9,11,10,9,10,12,17,17,15,17,17,17,15,15,12,9,10,17,17,10,17,9,11,10,11,10,15,17,15,15,17,17,15,10,11,9,12,17,10,10,15,12,9,12,11,9,10,10,15,9,17,10,10,17,15,15,10,17,11,11,9,10,11,10,12,12,11,10,11,10,12,11,15,15,11,15,11,9,15,10,12,11,12,9,11,10,17,11,11,10,10,10,17,12,17,17,12,15,11,9,15,11,9,10,15,12,12,11,10,9,12,10,9,15,10,10,10,10,15,17,10,12,12,15,15,11,12,9,15,10,17,10,10,10,17,10,17,15,9,9,10,12,11,17,17,12,12,11,12,17,11,12,12,11,11,11,12,9,11,10,12,12,10,11,17,12,12,15,11,15,15,12,10,10,9,17,10,15,12,15,10,10,9,11,10,11,15,10,9,9,15,10,15,10,11,15,15,17,9,10,12,10,10,12,10,11,15,10,10,11,12,10,10,17,12,17,11,9,9,17,12,12,10,10,10,15,15,17,11,15,12,12,10,15,15,15,11,9,17,15,12,10,17,11,17,10,15,9,10,9,11,10,10,9,10,10,15,15,11,11,15,12,9,11,10,10,17,11,11,12,17,15,11,9,11,15,15,11,9,15,15,11,15,15,12,11,10,10,9,17,17,17,11,10,10,17,9,15,9,17,12,10,10,15,15,15,17,11,11,9,9,9,12,11,9,9,17,11,11,11,9,15,10,12,12,9,9,17,12,11,9,9,11,11,11,15,15,12,11,12,17,17,17,11,12,10,17,17,11,12,9,11,9,10,12,12,17,12,12,9,9,11,15,11,11,11,9,9,10,9,12,17,15,17,10,12,10,10,11,11,17,9,9,17,10,9,11,12,15,11,15,12,10,9,10,17,17,12,15,9,9,9,17,10,17,17,9,9,17,17,12,12,11,11,11,9,17,11,17,17,9,17,9,12,9,17,10,17,11,10,10,12,17,11,15,11,12,12,17,17,15,11,12,11,11,9,12,15,17,9,10,9,15,11,9,11,15,10,9,9,9,17,12,11,11,15,15,15,10,10,11,11,9,10,12,9,10,10,10,10,10,15,17,9,11,17,15,12,11,10,15,11,12,10,11,12,12,12,11,11,15,15,17,10,12,17,15,12,10,10,12,12,9,11,17,11,12,17,17,11,12,11,17,9,17,11,11,15,11,15,15,11,17,10,10,17,10,11,15,12,11,11,10,9,12,12,15,10,9,17,15,17,9,17,17,10,17,15,12,12,12,10,10,10,17,17,15,12,17,9,9,15,10,12,15,15,15,17,17,15,11,15,10,12,9,9,10,11,11,9,9,12,12,9,15,9,12,9,10,17,9,10,12,15,9,9,17,11,11,11,17,9,9,11,15,11,17,11,15,12,17,9,9
pred_correctness
True,True,True,True,True,True,True,True,True,True,True,True,False,True,False,True,True,True,False,False,True,True,True,False,True,True,True,True,True,True,True,True,True,True,True,True,True,True,True,False,True,True,False,False,True,True,True,True,True,True,True,True,True,True,False,True,True,True,False,False,True,True,True,True,False,True,True,False,True,False,True,True,True,True,True,True,False,True,False,True,True,True,True,False,True,True,True,True,True,True,True,True,True,True,True,True,True,True,True,True,True,True,True,True,True,True,True,True,True,True,True,False,True,True,True,True,False,True,False,True,True,True,False,True,True,True,True,False,True,True,True,False,True,True,True,True,True,True,True,True,True,True,True,True,True,True,True,True,True,False,True,True,True,False,True,True,True,True,True,True,True,True,True,True,True,True,True,False,True,True,True,True,True,True,True,True,True,True,True,True,True,True,True,True,True,True,True,True,True,True,True,True,True,True,False,True,False,False,True,True,True,True,False,True,True,True,True,True,True,False,True,True,True,True,False,True,True,True,True,False,True,False,True,False,True,True,False,True,True,True,True,True,True,True,False,True,True,False,True,False,True,True,True,False,True,True,True,True,False,True,True,False,True,True,True,True,True,True,True,True,True,True,True,True,True,True,True,True,True,True,True,True,True,True,False,True,True,True,True,True,True,True,True,False,True,True,True,False,True,True,True,True,True,True,True,True,True,True,True,True,True,False,False,True,False,True,True,True,False,True,True,True,True,True,False,True,True,True,False,True,True,True,True,True,False,True,True,True,False,True,True,True,False,True,False,True,True,False,True,False,True,True,True,True,True,True,False,True,False,True,True,True,True,True,True,True,True,True,True,True,True,False,True,True,True,True,True,True,True,True,True,True,True,False,True,True,True,True,False,True,True,True,False,True,True,True,True,True,True,True,True,True,True,True,True,True,True,True,True,True,True,True,True,True,True,True,False,False,False,True,True,True,True,True,True,True,True,True,True,True,True,False,True,False,True,True,False,True,True,True,True,True,True,False,True,True,False,True,True,True,True,True,False,True,True,True,True,True,True,True,True,False,True,True,True,True,True,True,True,True,True,True,True,True,True,True,True,True,True,True,True,True,True,False,True,True,True,True,True,True,True,False,True,True,True,True,True,True,True,True,True,True,True,False,False,True,False,True,True,True,True,False,False,True,True,True,True,True,False,True,True,True,True,False,False,True,True,True,True,True,True,True,True,True,True,True,True,True,False,True,True,True,True,False,True,True,True,True,True,True,True,True,True,True,True,True,True,True,True,True,True,True,True,True,True,True,True,True,True,False,True,True,True,True,True,True,True,True,True,False,True,False,True,True,True,True,True,True,True,True,True,False,True,True,True,True,True,True,True,True,True,True,True,True,True,True,True,False,False,True,True,True,True,True,True,True,True,True,False,True,True,False,False,True,True,True,True,True,False,True,True,True,False,True,True,True,True,False,True,True,True,True,True,True,False,True,True,True,True,True,True,False,True,True,True,True,True,True,True,False,True,True,True,True,True,True,True,True,True,True,True,False,True,True,True,True,True,True,True,False,True,True,True,True,True,True,True,True,False,False,True,True,True,True,False,True,True,False,True,True,True,True,True,True,True,True,True,False,True,True,True,True,True,True,True,True,False,True,False,False,True,True,True,True,True,True,True,True,False,True,True,True,False,True,True,True,False,True,True,True,True,False,True,True,False,True,True,True,False,True,True,True,False,False,True,True,True,True,True,True,True,False,True,True,False,True,True,True,False,True,True,True,True,True,True,True,False,True,True,True,True,True,True,True,False,True,True,True,True,True,True,True,True,True,False,True,True,True,True,True,True,True,False,True,True,True,True,False,True,False,True,True,True,True,True,True,True,True,True,False,True,False,False,True,True,True,True,True,True,False,True,True,True,True,False,True,True,True,True,True,True,True,True,True,True,True,True,True,True,True,True,True,False,True,True,True,True,True,True,False,True,True,True,True,True,True,True,True,True,True,True,True,True,True,True,True,True,False,False,True,True,True,True,True,False,True,True,True,False,True,True,True,True,False,True,True,True,True,False,False,True,True,True,True,True,True,True,True,True,True,True,False,True,False,False,True,True,True,False,True,True,True,True,False,True,True,True,True,True,True,True,True,True,True,True,True,True,True,True,True,True,True,True,True,True,True,True,False,True,True,True,True,True,True,True,True,True,True,True,True,True,True,True,True,True,True,True,True,True,True,True,True,True,True,True,True,True,True,True,False,True,True,True,True,False,True,True,False,True,True,True,True,False,True,True,True,True,True,True,True,True,True,True,False,True,True,True,True,True,False
p2d-kl
0.5140336751937866
p2d-iter
599
p2d
0.8705525,1.9876187;-0.90028816,-0.98769754;1.3031807,0.25407472;0.7186906,1.6185261;1.8535302,0.16850021;0.97476345,1.8864913;-1.2879742,0.8279236;0.7800102,1.0361059;0.06351911,-0.14272542;-0.44630843,-0.70953166;1.6621863,0.28447428;-0.83215654,0.19200867;0.57662374,0.17927316;0.7557938,-0.93238676;-0.3024878,-1.0444434;1.3256541,0.24652961;-1.1617117,0.716765;1.6639184,0.32842937;-0.29505423,-0.51498574;-0.02138267,-0.07897894;0.96650976,1.8353688;0.027608674,1.4959226;0.17653207,0.1568553;-0.71649474,-1.2870135;-0.34483284,-0.99756354;1.1861417,-1.1850666;1.2393898,-1.2091477;1.4943144,0.3067035;0.66493034,0.6018665;-0.6938857,-0.825427;0.7499215,1.386663;0.04576429,1.6918211;1.9023186,0.20734143;1.5863019,0.35184872;-1.9144312,-0.93389195;-0.03969116,1.3771622;-1.585739,-0.81811875;-0.64968175,-0.16376106;0.63436127,0.32144085;0.36749375,-0.2972605;-2.137735,-0.68939763;-0.67597336,-0.27577335;-0.36509293,-0.96904755;0.5961903,0.21060698;-1.1439022,0.4815815;0.90142184,0.17326966;-0.15609157,-0.14200374;-2.2338064,-0.7909748;-0.08608748,1.0633603;0.58275855,-1.3694264;0.64255154,-1.3584697;-0.08922867,1.3390495;-0.72124064,0.050057005;-0.2680672,-0.97000027;-0.3575304,-0.3839482;1.1337607,-1.1548213;0.81393605,0.10257034;0.86221707,1.411761;0.6221883,1.4257407;0.36984897,1.1279732;0.87426984,1.9221619;-0.08031314,1.1382548;-2.2765858,-0.6644309;-0.47393274,-1.371908;-0.053548485,0.014596651;1.9507451,0.2709261;-0.583999,-0.6545282;-0.7372402,-1.4125837;0.058319647,1.4605858;0.5171095,0.35542998;-1.3078399,0.7703394;0.6989474,1.304016;-0.8598328,0.21777615;0.51849645,-1.3577081;-2.1760547,-0.7982412;1.8008312,0.2751383;-0.42925268,-0.41982856;1.9435053,0.2032845;0.64076495,0.5406132;0.049625605,1.394779;-1.2879888,0.87304765;-1.6792208,-0.8981683;1.0605716,-1.3586454;0.27581346,-0.32411587;-0.0105991475,1.5874789;-1.3574216,0.89598817;-1.3363295,1.0102317;0.84570646,1.9329524;1.925955,0.23157604;1.8127275,0.3109997;-2.2160163,-0.71838504;-1.7791871,-0.77592903;0.7041604,1.1877584;-1.6907353,-0.8158274;-0.6202275,-1.519926;1.355886,0.2905613;0.8524294,0.24865364;1.6166613,0.31058297;0.7170777,-0.9495778;-0.29110032,-1.1322336;1.129623,-1.3966683;-1.608273,-0.88395643;0.29308137,1.0738542;-0.6469831,-0.20001175;-0.5711844,-1.2083917;0.9041915,1.5171751;0.6845089,-1.0645005;-0.70315677,-1.3523904;0.37007335,1.5049706;0.84966224,-1.3227189;-2.289026,-0.73724115;-0.649598,-0.9160627;1.6268829,0.3417325;1.0186365,1.907387;0.63014907,0.48835388;-0.6719684,-0.10902091;0.108569585,-0.008187715;-0.69006246,-0.80280167;-0.67009014,-0.8226975;-0.12809013,0.5588336;0.6761508,-1.3242346;-2.0414038,-0.79056835;-0.5231592,-0.8819434;0.5918396,1.4125116;1.2262402,-1.1814631;0.05084835,1.6519343;-1.0723974,0.48459706;0.5161414,0.14752853;-1.194354,0.7102514;-1.4405196,-0.7605809;-1.3159392,0.8586937;0.72049713,-0.8415093;-1.0576982,-0.9472944;-0.58009386,-0.42497927;-0.6309086,-0.6989658;-2.2473285,-0.6789483;0.28962654,1.4448034;1.7245313,0.23067702;-0.9688821,-0.9635715;-0.73757064,-1.058653;0.0041941386,1.379055;0.7605198,1.6340864;-0.39993626,-0.704525;0.52384835,1.3704951;0.3835446,-1.4069898;1.8324022,0.24475922;-0.16076648,-0.5485508;1.5007712,0.35600916;1.5893945,0.3192509;-0.6339253,0.22823699;-0.9008433,0.22273698;-0.98695296,0.53553236;-1.3669027,-0.7692864;0.4364022,1.2659242;0.8868132,-1.2370148;-1.8151175,-0.7969213;-0.5927263,-0.37482667;0.16423278,-0.52324826;-0.062033243,0.82585675;0.8471844,1.3484582;1.2243252,-1.0954851;0.13853787,-0.44607913;0.6076236,-1.3317238;-0.77919877,0.16945174;-0.8644134,-0.87346196;-1.2553799,0.8157206;0.52986425,0.25301215;0.6638511,0.34600896;0.80934453,0.21411379;0.9684842,-1.2427793;0.009263602,1.2883421;0.0894826,0.03714831;0.49188924,0.0807434;-1.7525535,-0.8037732;-0.7032838,-1.3153852;-0.024041915,1.4425488;1.5205774,0.23927622;0.94686186,-1.3235451;-0.009291872,0.8229618;0.09635488,-0.14928812;0.90876997,1.5698161;0.05250548,0.09398348;0.85081565,1.2929261;0.91803336,1.6176901;0.8987578,-1.0927671;-2.1784904,-0.7190539;0.74584115,2.0408475;-0.71165454,-0.057502836;1.319593,0.37080035;0.32845646,1.5613027;0.9845567,1.9922557;1.9070302,0.17816469;-1.2635657,0.99546987;0.8368843,1.9487014;-0.37309018,-0.93759;-1.3487434,0.95263386;-0.2861416,-0.92453533;0.52996486,0.21741046;-1.4023973,-0.8429;0.50835735,-1.3931494;0.82913524,1.5971993;-0.050358165,1.0236365;0.23422042,0.095526166;0.50816625,-1.4359951;0.5648125,0.8975679;-2.129318,-0.73458457;1.094069,0.31244054;0.88910425,2.0676641;-0.82373965,-1.2698585;-0.7347419,-1.4334847;-1.6472044,-0.84143907;0.5453174,-1.344655;0.7899903,1.6954527;-0.5156588,-0.9004088;-0.47695926,-1.205239;0.9878431,-1.1049747;-1.4919287,-0.86453027;0.95647347,1.6946211;0.908766,2.0906415;-0.39630595,-0.8770545;-1.6076769,-0.78237927;0.41269475,0.89035106;1.6295604,0.18584186;0.5705501,0.4858581;1.0066358,-1.3386469;-0.046919756,0.9867712;0.18400739,-0.009599341;-1.1382203,0.61959386;-1.852187,-0.7796539;-0.78146046,-0.78842825;-0.043123253,1.0915023;-0.5406995,-1.377126;0.6916889,1.5417942;0.09771378,1.2799196;0.021866605,-0.28835186;0.9239896,-1.3667195;0.35506722,-0.47509107;-0.7178949,-1.7041538;0.6079774,-1.2815735;0.17786166,-0.23928055;0.8029841,1.2099265;1.807233,0.16883294;-1.2235602,0.9123732;-0.22704794,-0.96086437;1.353811,0.24393746;1.866884,0.2747037;-1.3948942,0.8262847;-0.4973386,-0.18746226;-0.7549997,-0.95816064;-0.7256749,0.23951307;0.5515937,-1.3740023;0.014200565,-0.4822319;-1.5454533,-0.6749958;-0.6695403,-1.6987369;1.0262713,-1.3994427;0.82347375,-1.3531858;-0.09000513,1.3405621;0.058452267,-0.35370648;0.8869949,0.20909621;-1.3396217,0.8298244;-1.5009888,0.99162054;-0.03827415,0.88697165;0.8639906,1.4250734;-0.0029392387,1.0318067;0.15239401,-0.078149684;-1.6644768,-0.827352;-0.965887,0.53816897;1.2804645,-1.2975727;-0.9307637,-0.89554775;0.41585168,-1.347922;1.8180382,0.25809816;0.29051116,1.0908477;0.09368001,-0.05708865;1.5668772,0.20816681;-0.14033656,0.055365164;0.052193377,0.88277566;-0.14396372,0.06795904;0.86801887,1.9657329;0.34103057,1.5302409;-1.7226068,-0.8231441;-2.1332445,-0.69020545;-1.0026915,0.47627795;-0.06725455,0.6870837;-0.076178856,-0.21701445;-1.2017131,0.86309993;-0.047819715,1.3140485;-0.9135295,-1.0606595;-0.71172893,-1.7289157;-1.0726455,0.54994303;-1.5363898,-0.8343505;1.9646713,0.25017646;-0.28651872,-0.3356913;0.7733402,-1.3360314;1.8524091,0.36780855;1.9116518,0.2812031;-0.90289336,0.32058957;-0.4020753,-0.37589997;-0.31527406,-0.65999126;0.80573297,1.6678987;-1.479374,-0.8880989;-2.183353,-0.75146466;-0.57670575,-1.4996967;-0.30262634,-0.53174096;0.019413022,1.521191;0.45962626,0.4905161;-0.88649917,0.15138309;-1.9484484,-0.9110672;0.34174186,0.6093389;-0.7090605,-1.7003609;1.0683293,0.23897123;-0.86089545,0.15025486;-0.16405788,-0.43115544;-0.41606042,-0.7776354;0.953419,-1.161903;-0.0776453,-0.5190603;-0.010028027,1.4925023;0.47064927,-1.4207681;-0.020979647,1.2502124;0.59201676,0.5303593;-0.69782186,0.19517165;-1.3131018,0.91212285;1.9634728,0.20626876;-0.3092126,-0.29534122;-1.2307987,1.0186657;0.24041083,-0.34998375;-1.9674515,-0.7393817;1.1486664,-1.1353283;-1.3335097,1.057095;-0.24169286,0.0022271883;1.2132429,-1.0516698;1.3849316,0.23935154;-0.04037842,1.128947;0.5977016,0.50109845;0.8195267,-0.86699885;0.27524439,0.013015976;0.2172405,1.3282803;0.8351544,1.2608241;-0.6702823,-1.5463687;0.9313991,1.8373648;-0.7558264,-1.7650224;0.96859133,2.0230412;-1.1539017,0.6142206;-0.08183263,0.65492696;1.9550376,0.15955208;-0.88528556,0.20595485;-0.057641346,1.2281804;0.4643491,1.4439815;0.88452995,1.6222193;-0.3254012,-0.77230245;2.0503364,0.21049307;1.2643617,-1.2367538;-0.22500683,-0.41088155;-1.2476751,0.9163416;0.87656856,-1.4130231;-0.2130946,-0.8159615;-1.6077733,-0.74106073;0.059307065,1.6923803;0.41940105,0.8445768;-1.2148577,0.7480771;0.9104114,1.6803255;-1.1915611,0.9016817;-0.72947943,-0.10934158;-0.6687826,-0.21304196;-0.2605111,0.024825452;-0.61669815,-0.5329372;-1.5098133,1.0730703;0.57764673,0.29554224;0.7592579,1.0497267;0.89041275,1.8949629;-0.040819556,-0.037962794;0.8904138,1.4673015;0.06777119,-0.31013045;-0.7257355,0.0071911896;-0.25330576,-1.0037822;-0.043244425,1.3282651;0.8511189,-1.2577795;1.892954,0.26751333;-1.5380877,-0.7087877;-0.69936013,-0.8778933;0.7512634,-0.97248375;-2.1882768,-0.6850418;-0.7500211,-1.5803833;-0.7480358,-1.6667833;0.1375796,0.08580513;0.32208377,0.4836112;0.9031759,0.22192268;0.06209283,1.3226285;-0.050696645,1.078108;-0.39932615,-0.76998544;1.2750155,0.41450408;1.7952824,0.24118786;0.8248526,1.3756777;-0.9842621,-0.9448042;0.44986027,-1.4037347;0.31131947,1.4169276;0.0030677458,1.3277943;1.1498874,-0.9264391;0.76962024,2.0311387;-1.6247597,-0.7249025;-0.6747589,-0.32770202;0.8441327,-1.359156;-1.5333836,1.0255009;1.1775374,-1.1001662;1.5464082,0.36339423;0.019624665,1.2369604;0.75991905,0.1046403;0.9058312,-0.8373767;0.17632817,0.018314743;-0.07738443,-0.21809188;1.2890427,0.37632826;1.2039669,-1.3662137;-1.0143548,0.4653241;-1.9008843,-0.859311;0.1259742,0.15029228;-0.015858557,1.2277144;0.45468196,-1.362288;0.2151917,-0.49895462;0.91810924,0.24940562;0.5054773,0.8648338;-1.5094864,-0.8105885;0.02353893,0.027534625;0.48426336,0.13500565;-2.0444918,-0.7525698;-0.34722188,-0.78720623;0.75576097,-1.2735643;1.2170407,0.31582388;-0.698488,-0.9822257;-0.14005207,0.5354664;1.1788703,-1.354482;0.19861454,-0.4700889;0.22817737,1.0566105;1.120857,0.31021777;1.3138107,0.30991223;-0.08796551,-0.5299556;0.12853959,1.6218349;-1.4480487,0.96753097;-0.41117436,-1.1228806;-0.79470325,-1.0578065;-0.3408894,-1.0282639;-0.18773434,-0.49231392;1.2002952,-1.205896;0.7915087,1.8548993;-0.03370625,0.03754029;-0.5657634,-0.34546453;0.92143476,-1.2723274;-0.60081035,-0.2107201;0.22191775,-0.40620032;0.8779817,1.3787034;-0.54945165,-0.43263632;2.0673447,0.20495106;1.8217598,0.20787033;-0.4726861,-0.22814175;2.0319843,0.26318043;-0.9443241,0.49551395;-1.514688,-0.77850986;1.6408601,0.2917037;0.6076857,-1.3772784;0.9073191,2.06769;-0.9661768,0.4622684;0.94077224,1.6893392;-1.639991,-0.76716495;-0.55038446,-1.3873827;0.11370663,-0.48481107;0.011751959,1.5725516;-1.0630074,0.39887208;-1.3317876,0.91822934;0.94186985,-1.2709464;-0.26640263,-0.992596;0.4482858,-1.3377669;0.08756467,1.5834913;0.9317268,2.0924876;0.21427429,1.4791527;-0.483817,-0.7608768;0.43849704,0.46001738;1.9858826,0.21903121;-0.938723,0.4038812;-2.2359035,-0.77545244;1.1719064,0.26058224;-1.0645304,0.44825515;-1.7843189,-0.81311864;1.2042059,-1.1975536;-0.1828847,-0.50580853;0.6341065,1.4674759;0.45643824,1.259082;-0.89506537,0.35812062;0.497728,-1.3486397;-2.008933,-0.84559506;0.7323538,1.1076765;0.94727576,-1.1562854;1.3620344,0.47953793;1.8620132,0.23930204;0.7930014,-1.3668253;-0.010348058,-0.51281136;-0.09417421,-0.6192287;0.2362834,-0.49158826;1.1475164,0.29456663;0.1364553,-0.17393583;1.0612562,-1.3394738;0.7313616,1.1161889;-0.36996418,-0.6765369;1.4317621,0.32754406;-0.46404612,-0.22109127;-0.7522122,-0.80437064;0.7771607,1.6654947;-1.8685623,-0.93067026;1.8523588,0.20544498;0.9657668,-1.1005265;-0.07092149,0.69617915;0.21171561,-0.059589338;0.81381285,-1.0323956;0.9987751,-1.3704275;-0.0019385521,0.87314016;0.78852403,-1.0170599;0.11626859,-0.2910574;0.4108873,0.20562826;-2.2944367,-0.686656;-0.6469679,-1.6780142;0.040272683,-0.64186287;0.79861253,1.1129013;-0.66691667,-0.2951792;0.032545708,1.3385054;0.72009677,1.9572259;0.7109555,1.5749636;-0.02884152,-0.20349093;-1.0364634,0.60677755;0.97701293,1.9550186;0.007925231,1.4122418;-1.2369919,1.0482879;0.09518719,0.01322799;0.88529617,1.5267432;-1.4862157,1.0245601;0.47599894,0.14793105;-1.2066789,0.66016144;0.086878374,-0.34375256;-1.3858578,-0.771154;-1.4853137,0.98906744;1.0862446,-1.3158872;1.0068833,1.6210164;-0.043331504,-0.14492719;1.2116423,-1.3313817;-1.3283799,0.95763105;0.26668772,1.3202299;0.7994175,1.1570101;0.9607293,1.6518116;1.6027026,0.20465186;-1.3149441,0.81360465;0.9540521,0.27859512;-0.59713537,-0.6925687;0.9065689,1.214353;0.73301286,-1.0156426;1.2761245,-1.2256788;-1.0071678,-0.93219084;0.27762914,0.6543911;0.8899688,-0.896757;1.45905,0.36278012;0.9679446,1.9396046;0.7795549,0.09955874;0.25802404,-0.36082742;0.7182284,-0.8659363;-0.9372806,-0.93849784;-1.1291616,0.48542035;0.90501034,-1.34347;-0.711816,0.13287622;1.4111115,0.37399006;0.7034031,-1.0403728;-2.2107866,-0.6624473;-0.8032315,-1.1544386;-0.30698907,-0.3340757;-0.15038604,-1.0435678;0.26098984,-0.09165528;1.2748771,-1.3060534;-0.15092497,-0.461639;-0.251538,-0.6511459;-0.5995134,-1.3097388;0.24830735,0.24422108;-2.0976357,-0.71609265;1.0512365,-1.3988612;0.71870375,1.7033154;0.053490605,-0.5976153;-0.7682462,-1.4475212;0.92522997,2.0607562;0.2255253,-0.40697414;-1.141149,0.42625973;-0.47042897,-0.24920525;0.5040836,-1.411462;1.1103921,-1.1432582;-0.5876983,-0.5451662;0.62191623,0.769535;0.89865196,-1.0870162;-0.80011016,-1.3719192;0.08996331,1.6427802;0.7965955,1.2658107;0.02690968,1.5690049;-1.2315688,0.97122836;-1.8659886,-0.9092907;-2.2029622,-0.7135942;0.35010284,1.2317675;-0.43027046,-0.659924;0.48837823,0.26897082;0.4641905,-1.3568937;1.0942147,-1.3894472;0.63210046,-1.3488061;0.7941551,0.056621637;1.8840241,0.36637768;-0.015809378,1.1034042;-1.3543833,0.85769725;0.9996336,0.2491292;0.61764103,0.7737994;0.6048061,1.5044316;0.04184821,-0.60210323;1.7195998,0.2781544;0.59406376,0.18223473;-0.5651003,-1.1212211;-0.3909327,-0.39636877;-2.1222398,-0.7986992;0.78351164,2.028224;1.1241709,0.30250993;0.76001936,1.0230495;-0.33274695,-0.96000487;0.03345382,-0.30337757;-1.0797808,0.53307736;0.2830159,1.1305358;-0.03257279,-0.5106105;0.76474684,0.047970403;-1.5709918,-0.80958045;0.31664175,-0.43455324;-1.6360456,-0.8258505;-0.67818,-1.4825739;0.39333713,-1.4049118;-0.33154908,-0.9306107;-2.2107868,-0.6624472;1.0165875,-1.3816552;-0.2931342,-1.1217891;1.1587114,0.3636222;1.3039906,0.42333344;-0.9382195,0.38861173;-0.6721167,0.035276614;1.0422378,0.28859043;0.096093856,-0.115523174;-1.0219302,-1.0018132;-0.60399485,-0.37716538;0.29424074,-0.4494739;0.78495103,-1.0856552;0.38741735,1.0569808;-0.4839502,-1.2355493;-0.75631785,-0.0014600587;0.88393146,1.3375975;0.09313755,1.6435711;1.0023654,0.3270532;-0.5593306,-1.4538214;-1.9456208,-0.79592854;-1.0974089,0.5846671;1.4783971,0.30256987;1.3835516,0.3527417;-1.0222405,0.56690335;-2.2266004,-0.71908903;1.2519454,0.28017184;-0.5387588,-1.0638393;-1.5579047,1.0719169;1.7542171,0.28293818;0.94204164,0.21308106;-0.30483925,-0.8547557;-0.6898892,-0.011274621;0.7580355,-0.9707515;-0.32265905,-1.1830003;-1.6223471,-0.7923585;0.1867702,0.114690855;-0.051231932,0.9402841;0.20399128,0.17808953;-0.3131339,-0.88537645;0.83179945,-1.3632365;0.19205697,-0.38594002;0.34588495,1.4484043;-0.66557205,-1.3543602;0.5292245,0.16178922;-1.977774,-0.8026142;-0.031969268,0.98966515;0.94526523,1.8842922;0.6715661,-0.75186676;-0.7556368,-1.7226721;1.5563214,0.29637644;-0.19537441,0.052326735;1.9354388,0.33742845;0.16883616,1.389082;-0.65731174,-0.46764857;-1.1334683,0.65508765;-1.6837232,-0.8085876;-0.7115468,-0.9466418;-1.5659372,-0.73476785;0.8982895,1.4221275;-1.4457067,0.91819876;-2.0148764,-0.79948676;-0.7930076,-0.9960817;0.33754638,1.328912;-0.6840524,0.05478699;-1.2453566,0.66087884;-0.5185871,-0.3455641;-0.703661,-1.635129;1.6144121,0.2545031;0.33602652,-0.3836142;0.82348096,1.6838235;-0.04743212,-0.19803841;-1.9836359,-0.775732;-0.7031915,-1.0411893;-0.13694257,0.5406529;0.8780055,1.9337599;-0.20730393,-0.11256795;-1.3790493,-0.77775365;-0.67252433,-1.5259038;-0.1908946,-0.080942474;-1.293612,0.7461724;-1.1088777,0.5925197;0.9810974,0.26163897;1.3861525,0.34859785;0.70065147,1.6402168;-1.4688134,0.9359233;0.75893104,1.1783496;0.036773,1.2693655;0.5254746,0.4754033;0.21171382,-0.041135803;-1.1035336,0.5662071;0.96695936,1.6997994;1.1595638,-0.9342858;0.11879881,1.6378464;0.0034689237,0.13337684;-0.7605267,0.05917232;0.46689963,0.7233079;-2.2623744,-0.7441226;-0.78948647,0.18415236;-1.5646045,-0.7146202;1.1013104,-1.1297063;-0.76962626,-1.3890852;0.43737656,0.32434654;0.03544168,1.536648;-0.33515918,-0.73373944;0.96225256,1.9314334;-1.7006221,-0.77740604;-1.9956591,-0.74620974;-0.5694805,-1.4241555;0.78856283,0.24809428;-1.4022729,0.8708241;-0.63525903,-0.5866171;0.5023246,0.19589715;-0.7026228,-1.51481;-2.114455,-0.8416176;1.0345118,-1.1890008;-1.9054115,-0.8198374;0.91893095,1.724247;0.35565463,1.3803742;1.3739116,0.24421439;-0.0047275727,0.91300094;-0.2785575,-0.8771979;0.91513836,1.3489623;1.2013831,-1.3123829;0.3106291,-0.4514442;-1.4571447,1.0573329;0.749255,0.76584643;0.27629417,1.3072101;-0.67327464,-1.6685252;-1.4773524,-0.7917039;0.27035934,1.3713845;0.7124641,-0.9885799;-0.80599624,-1.5439304;-0.4548403,-1.3521495;0.64826256,1.5534434;0.9144512,0.2235751;-0.59234875,-1.4654597;0.81181335,0.17062171;0.823991,1.1974179;0.6961328,-0.98131406;-0.8809705,-0.9210035;1.238806,-1.1918118;0.0073555326,1.4907398;0.28161797,0.64699036;-0.61597013,-1.3036324;1.5790379,0.2697739;-2.0269635,-0.7365753;-0.7494728,-0.8316294;-0.65470773,-1.4259496;0.14264415,1.5700262;1.0697689,-1.1265008;-0.03316457,0.8564061;0.41088742,0.79854155;-0.9439733,-1.0341425;-0.7905146,-0.98374933;0.26346222,1.0961249;-0.71220094,-0.9492025;0.67766815,0.67225194;-0.7265923,-1.726118;-0.41639677,-0.33603466;-1.5428506,1.0749252;-0.60430586,-0.67287284;-0.6972804,-1.8218184;0.08797492,-0.1808259;-1.382108,0.92374015;0.34485307,1.5823961;0.37995666,0.8602573;-0.6592107,-1.6101689;0.3354155,1.0920846;-0.7258478,-1.5619988;0.772343,1.7270137;-0.8430755,-1.0507935;0.25447,1.4270563;0.13739409,-0.42705545;0.33201697,1.4805489;-1.2081975,0.78610694;1.0579138,-1.4387746;0.24160685,-0.4309177;0.78314304,1.0330415;0.6682209,-0.7246284;-1.4596676,0.96752584;-0.31561482,-0.4147875;-0.18709269,-0.18357792;0.82949376,1.3110709;0.48628813,0.7610751;0.018939875,1.0111055;-0.012666336,1.0599365;1.2855227,0.25517765;-0.6986186,0.10414784;0.45550594,0.3431045;-1.4437971,0.99200577;-0.574721,-1.1430496;-1.8786508,-0.77727914;0.83897066,1.3749305;-0.22373874,-0.5189029;-0.0025232506,1.540446;-0.90444064,-1.0937892;1.1511658,-1.347939;-0.78292775,-1.5759141;1.8901945,0.37836847;-1.2431937,0.7311727;-1.7883085,-0.8536105;-0.52526677,-1.3538753;0.80919343,0.11620326;0.7645167,-1.2818727;-1.9098942,-0.77268267;-0.65850663,-1.5905473;-0.7883781,-1.2393786;0.5716051,1.4414927;-0.37872773,-0.7350326;-1.3440548,0.8817168;-0.6798567,0.15785556;-0.69410896,-0.88113344;1.9089891,0.23274079;-0.22080553,-0.7922527;1.0869348,-1.1112278;0.8795737,-1.1648176;-0.513403,-1.3101455;-0.09824016,-0.0074110576;-0.72822803,-1.0335543;1.2340037,-1.1105747;0.67660004,1.0449272;-0.6521978,-1.364045;0.42576545,-1.3750483;1.1649328,-1.0199287;0.6010376,-1.304906;0.87467426,-0.8588326;0.79126656,-1.3236294;1.3463078,0.26417845;-0.002323878,1.0781734;-1.6961945,-0.8547411;-0.6876945,0.008536599;-0.00032282146,1.2197882;0.99962014,0.3217658;0.83313924,2.0047207;-1.5107331,1.0726218;0.71530455,-1.3278712;-0.22150889,-0.7075872;-0.65187657,0.20389938;0.92330265,1.5247687;1.046689,-1.1061149;-1.3764983,0.97199637;0.96173346,1.99126;-0.058755383,-0.09916975;-0.028774438,-0.10803285;-1.2961926,0.80822694;-0.3301797,-0.9839555;0.7702297,0.13477305;-0.2031071,-0.31782487;0.06960557,-0.23439012;0.9362733,-1.3954931;0.7083908,1.6366718;0.4039315,0.7779284;-0.60568005,-1.3206444;0.45472395,0.24945371;1.0228996,-1.436967;0.82442826,-1.2913755;0.722396,1.1726754;-0.054896,-0.12873168;-0.7183551,-1.7477386;-0.9536232,0.42704156;-0.033845242,1.2915622;-1.0567952,0.41439477;0.466106,0.9647851;0.3819481,1.4078531;0.049128786,1.6260889;-0.5565773,-0.4897564;0.9753438,1.740427;-0.37398955,-0.23941386;0.2485982,0.03319729;-2.306669,-0.72816455;-0.46624765,-0.7564274;-1.0557511,0.467423;-0.4016934,-1.1168293;0.59509456,0.2618868;-1.4206815,0.8644958;1.9793588,0.27595538;-0.26495552,-0.5371016;-0.20086789,-0.19565207;-0.08055954,0.6716933;1.2019753,-1.0525615;1.0289823,-1.1085168;0.059797186,-0.27925962;-0.737245,-1.5279908;-1.4275988,0.97840387;1.7839253,0.23946041;0.9663764,1.5966495;-1.0832534,0.472918;-0.36163607,-0.31348574;0.6697233,-0.84351003;-0.906202,-0.9528494;0.7703818,1.6388594;0.8143779,1.8901213;1.9276991,0.1683939;1.00586,-1.2234659;-1.5239121,-0.8774466;-0.11904108,0.5801322;1.5381122,0.2641808;-0.107381545,0.65782946;-2.2568567,-0.7084115;0.26132962,1.3461189;0.36016464,1.2450073;0.676007,-0.7661899;-0.020644506,1.1609793;1.0387497,0.33664015;0.9534098,1.7492998;0.016586637,0.047078088;-0.15412995,-0.14888936;-0.23908636,-0.82860404;-0.01414835,-0.67203707;1.0738673,-1.43004;0.27324384,0.90016866;0.14173351,1.2548485;1.0149432,0.2646719;0.6888326,1.4507287;0.03571954,1.6152788;-1.9609432,-0.76942843;-1.5469975,-0.78286374;-0.5441796,-1.0658346;0.8723252,-0.9603108;0.9063305,1.9858183;2.0014112,0.17789537;-0.212581,-0.36446986;-0.25967294,-0.5674698;0.13460545,0.0694678;0.27119827,1.3684407;1.274578,0.31869233;-0.924609,0.6191312;0.7903658,0.09105175;0.5632575,-1.328243;0.97488034,1.8828995;-0.73299545,-1.4041988;-0.69274306,-1.783272;0.76137745,-1.0377305;-0.83370966,0.32842767;-0.71350133,0.06204337;-2.2035933,-0.75705296;-0.8039671,-1.2579368;0.76436317,1.1316129;-0.41895217,-0.72659206;-1.8990841,-0.82215416;1.5501703,0.31672996;-1.8938231,-0.87274337;0.86764216,1.2465674;-0.8200536,-0.9300859;1.1889052,-1.0550244;0.26671427,1.044228;-0.6778147,-1.7575812;-0.014572494,-0.584905;0.9678242,1.5995632;1.1672847,0.30060023;-1.5147947,-0.8379048;-0.6672082,-1.7488432;0.32724056,1.0702485;-0.5636762,-0.5119832;-0.80396575,0.2070989;-0.51283354,-1.206387;0.2977851,0.67674553;-2.1186492,-0.7814729;-2.2712138,-0.7613614;-1.3755659,0.97829527;2.0480578,0.23236099;-1.1185962,0.5082634;0.47062522,0.43848985;-0.8740497,0.38981014;1.9668927,0.24637568;0.7231177,1.4107356;0.2609184,0.6955197;-1.9493507,-0.8908051;-0.85365814,-0.88489306
p3d-kl
0.40753090381622314
p3d-iter
599
p3d
-1.4207499,1.2923241,-0.9770698;1.2431521,0.80035275,0.21514793;-1.0297037,-1.0934768,-0.33580187;-1.1523348,0.6971104,-0.6719201;-1.8474768,-1.3726773,0.06480223;-1.6057514,1.1548724,-0.83282465;0.1384942,-0.8441676,-2.1327503;-1.0610977,0.27173382,0.3451267;0.24016987,0.3391112,0.66181594;0.72794026,0.62834144,0.6266244;-1.5137372,-1.416281,-0.114923194;0.46709183,-0.77414507,-0.8012087;-0.19489713,-0.37448892,-0.110291764;-0.3210806,-0.7619768,1.3035808;1.1358354,-0.13864625,0.9231009;-1.0569694,-1.1208801,-0.31770337;0.18051179,-0.89892435,-1.7959136;-1.5366302,-1.4604074,-0.17803507;0.7190442,-0.10794665,0.4991317;0.27568215,0.3704254,0.39640242;-1.6005865,1.0928168,-0.7502666;-0.67766684,2.1186385,-0.09260885;-0.14203511,0.44516698,0.35766625;1.6311759,0.46952042,0.52147096;1.0905416,0.02930858,0.87017286;-0.87432104,-1.3906417,1.6064826;-0.9187012,-1.5246495,1.5730369;-1.4008622,-1.1430243,-0.36666855;-0.70257205,0.101760164,-0.2600858;1.1324198,0.106529355,0.21573928;-1.1355388,0.6202307,-0.23300698;-0.87809724,2.1956089,-0.35745332;-1.874801,-1.4668247,0.22863646;-1.4002273,-1.4439868,-0.21991989;1.2890146,1.1073955,-1.4241155;-0.6279175,2.0460792,0.16998234;1.181631,1.1142131,-0.68199754;0.7322804,-0.6277905,-0.25961515;-0.40495157,-0.26048583,-0.1906525;0.02226736,-0.4596257,0.2952793;1.717699,0.66529244,-1.6619451;0.9115266,-0.64312214,-0.22250052;1.0649979,0.025443828,0.77304006;-0.2432845,-0.36671963,-0.11495088;0.42999375,-1.0695906,-1.5124222;-0.4240953,-0.78621626,-0.40098086;0.34061643,-0.071363084,0.30841467;1.664677,0.34800255,-1.8135582;-0.27137434,1.7159756,0.42582586;0.13468182,-1.114205,1.7195245;0.049205527,-1.1913563,1.7205204;-0.6833029,1.9169935,0.29150525;0.51392794,-0.7147369,-0.44747326;1.0349364,-0.19212103,0.8696557;0.65988046,-0.26306498,0.23797321;-0.7800988,-1.2754575,1.597909;-0.21667366,-0.81999564,-0.3565863;-1.3435405,0.50897443,-0.167565;-0.96268755,0.697583,-0.40270385;-0.70595384,1.0104647,0.019094123;-1.4258006,1.2106376,-0.8985923;-0.33579308,1.8192999,0.32360998;1.8118495,0.37862855,-1.8846476;1.6085685,-0.21167362,0.5810059;0.20091586,0.1656435,0.22197382;-1.8991514,-1.6351718,0.29893485;1.1352693,-0.32689363,0.41905665;1.5535165,0.49652028,0.85273737;-0.584885,2.088689,-0.10950641;-0.370373,-0.086370684,0.045636494;0.2166686,-0.86034924,-2.1380854;-0.9881779,0.6189622,-0.05891933;0.50004274,-0.8235266,-0.8735584;0.24366269,-1.054577,1.7035245;1.5919056,0.47779483,-1.7374748;-1.6946795,-1.477576,0.087771796;0.78242826,-0.37677726,0.2857138;-1.9432722,-1.502004,0.24848773;-0.6279645,0.01105293,-0.23621443;-0.49607742,2.058844,-0.009545467;0.08454,-0.91088915,-2.1641343;1.3992482,1.2266384,-0.7985411;-0.55170226,-1.7971549,1.577115;0.08544431,-0.33550477,0.5658376;-0.69420046,2.2329805,-0.21113567;0.08677076,-0.8243321,-2.3145964;0.037829716,-0.6248597,-2.265194;-1.38673,1.2160698,-0.9302398;-1.893517,-1.5306039,0.24706188;-1.6629205,-1.5485082,0.17667434;1.7144492,0.4806181,-1.7868392;1.3791312,1.2193638,-1.0813607;-1.1063663,0.6791881,0.2085363;1.3207737,1.1016891,-0.8668432;1.7906313,0.24159321,0.77207905;-1.1249628,-1.0890342,-0.3423704;-0.416398,-0.5700622,-0.3623973;-1.4898815,-1.3591745,-0.24255393;-0.237647,-0.7797633,1.2505544;1.1907349,0.002505278,1.1116921;-0.67143166,-1.8633406,1.6709864;1.335157,1.2359966,-0.6690631;-0.59812057,1.1044792,0.15529287;0.7830368,-0.6348001,-0.22443615;1.4204547,0.0077325925,0.6298093;-1.454141,0.6072834,-0.3388639;-0.10283825,-0.89731133,1.3589816;1.5520976,0.42738134,0.66362935;-0.87494177,1.4033728,-0.4946125;-0.26532677,-1.448788,1.6911592;1.8174964,0.3456817,-1.7569754;1.1243869,0.2814699,0.38158107;-1.4846992,-1.431827,-0.24050513;-1.607083,1.0900606,-0.9592142;-0.5633897,-0.021934064,-0.21375325;0.6968967,-0.729365,-0.3523322;0.07088778,0.3654095,0.49099848;1.1075063,0.08082964,0.19254927;1.1112577,0.085894376,0.25738028;0.22213759,1.1327207,0.8386301;-0.0132138785,-1.2257009,1.6729321;1.5388505,0.77890944,-1.5051653;1.0649663,0.9488785,0.5046422;-0.9154994,0.7573154,-0.37846127;-0.9140312,-1.4435799,1.5848776;-0.84008545,2.151978,-0.31736785;0.32528222,-0.9684467,-1.4258034;-0.13682432,-0.29661703,0.03974999;0.21718042,-0.9253964,-1.8607183;1.004637,1.2356895,-0.465463;0.11214507,-0.71100247,-2.2070665;-0.28431842,-0.69101,1.0557806;1.1814194,1.0454813,-0.14568713;0.9276529,-0.42405027,0.10923782;1.0068583,-0.16888015,0.30585176;1.7521962,0.43003914,-1.8690598;-0.77920234,1.4606502,-0.32006902;-1.6114662,-1.3407841,0.0031743178;1.2007985,1.0138679,0.19078869;1.3667386,0.3702182,0.3157083;-0.638594,1.928364,0.06965469;-1.2331414,0.6479347,-0.6969139;0.7060121,0.52823454,0.6997912;-0.79443145,0.79761434,-0.3872932;0.47958016,-0.8781287,1.7072388;-1.7419002,-1.4586971,0.13612404;0.62409085,-0.38062602,0.6713925;-1.389479,-1.2473444,-0.4181996;-1.4546405,-1.3507354,-0.25732735;0.15087557,-0.60435987,-0.4573308;0.5298044,-0.8252269,-0.9689884;0.28663784,-0.681575,-1.3506534;0.9328671,1.121202,-0.35548756;-0.6670291,0.938856,-0.27268583;-0.3963577,-1.3517637,1.6340609;1.3827276,1.049889,-1.0880914;0.904379,-0.47881624,0.02371203;0.21859378,-0.41140816,0.9211663;-0.13533837,1.3405664,0.66860926;-1.3105599,0.6098537,-0.04272459;-0.84630495,-1.497058,1.3598148;0.2818139,-0.33183566,0.66943556;0.08285061,-1.1310549,1.6724879;0.41443348,-0.7287243,-0.7089686;1.0469835,0.70470047,0.24152163;0.11475394,-0.79149354,-2.0506806;-0.2008098,-0.16938797,-0.08623431;-0.44084638,-0.26962584,-0.25612396;-0.30701602,-0.61830944,-0.41572088;-0.41757578,-1.5485172,1.3741536;-0.46600887,1.9321905,0.16990413;0.059373017,0.39164484,0.38077322;0.0014371594,-0.3553168,0.09204196;1.3521457,1.1875302,-1.0189071;1.611211,0.42641976,0.56195605;-0.6714728,2.0882375,0.05774157;-1.2991198,-1.303931,-0.16223583;-0.41796947,-1.4945184,1.6308788;-0.1927934,1.2511615,0.66483784;0.18120356,0.3804747,0.7213883;-1.4846773,0.6511176,-0.41647655;-0.013836657,0.28622994,0.23722862;-1.2453625,0.4454312,-0.09444575;-1.5066441,0.729926,-0.47984982;-0.40723422,-1.2736868,1.3191042;1.6969271,0.54307353,-1.7386018;-1.1956574,1.5299692,-0.8331164;0.6433744,-0.5743458,-0.4538591;-1.1078087,-0.9804758,-0.5375656;-0.94323117,1.4961841,-0.51258105;-1.6330144,1.3438146,-0.9503291;-1.8943034,-1.420351,0.24278532;-0.09177715,-1.0767157,-2.2092605;-1.3671879,1.2447569,-0.94962627;1.0288378,0.06735049,0.737265;-0.0047479896,-0.816266,-2.3351264;1.0044017,-0.009003613,0.96373916;-0.18179205,-0.26736277,-0.067218676;1.0866997,1.0755265,-0.32453293;0.26796305,-1.0241417,1.7567014;-1.3293158,0.6868879,-0.5312508;-0.32344028,1.6274146,0.5380844;-0.14742422,0.23411088,0.40127867;0.27834818,-1.0202992,1.8249453;-0.8249498,0.49757692,0.15467435;1.6609904,0.6413889,-1.6417915;-0.7972837,-0.7131509,-0.42624184;-1.4756523,1.4848644,-1.0713677;1.3846124,0.6981851,0.65852034;1.5757014,0.49290863,0.8622402;1.2863716,1.109666,-0.7845251;0.19378261,-1.0927511,1.7032499;-1.2725925,0.8204555,-0.69618297;1.0835159,0.94181544,0.581631;1.373008,-0.10526099,0.7829766;-0.54079145,-1.1587942,1.5006245;1.2053294,1.1560891,-0.43176958;-1.5543257,0.89568704,-0.5532737;-1.498775,1.5083225,-1.0887384;0.98022044,0.3600659,0.6966926;1.2170144,1.2157009,-0.7389726;-0.6324307,0.69869125,0.2290801;-1.5116059,-1.1316289,-0.067516506;-0.5110466,0.053094063,-0.117415056;-0.48181662,-1.6743735,1.6035203;-0.30351228,1.5636461,0.5704548;-0.06805979,0.25721014,0.608098;0.2743076,-0.90514964,-1.6793525;1.4433148,1.0507892,-1.1831155;1.1029701,0.21007586,0.010491192;-0.36545056,1.7027361,0.4363926;1.6107273,-0.024237137,0.6886834;-1.0675492,0.6424996,-0.56621915;-0.4287507,1.855312,-0.021535164;0.3618144,0.47992948,0.89661175;-0.36442697,-1.5755112,1.693033;-0.042728923,-0.6550708,0.730596;1.9454807,0.49827266,1.0732245;0.08103616,-1.150657,1.5802267;0.19523454,0.049493082,0.71986896;-1.1922306,0.4317119,0.09037712;-1.7281319,-1.3233895,0.21599618;-0.017144391,-1.0282665,-2.0539649;0.99127936,-0.31241563,0.78579754;-1.095876,-1.1516165,-0.30267256;-1.7868617,-1.5632883,0.16533422;0.1340218,-1.0419354,-2.3564014;0.5974103,-0.38828784,-0.1631246;1.1908162,0.49692622,0.33838785;0.27200386,-0.78240144,-0.61075056;0.19292574,-1.088163,1.7141823;0.41847047,-0.067919336,0.95052105;1.1803674,1.5125221,-0.7131825;1.971426,0.39108402,1.0076847;-0.4972291,-1.785444,1.6637542;-0.21379061,-1.4677317,1.7090213;-0.67485833,1.9574873,0.30110633;0.32099,0.22754216,0.9344333;-0.43150532,-0.7256035,-0.4112766;0.14419545,-0.76566035,-2.2316372;-0.030629653,-0.86141485,-2.6825674;-0.2197468,1.3787975,0.62488306;-1.3505162,0.56382483,-0.19010027;-0.40617186,1.5712329,0.5072323;0.051069174,0.27205646,0.66622573;1.2904416,1.1173732,-0.8360596;0.23365512,-0.7268763,-1.321918;-0.9526238,-1.7517661,1.5075912;1.1046462,0.93093896,0.2959971;0.4135818,-0.94049126,1.6408018;-1.727129,-1.4569764,0.09572529;-0.61213905,1.1211027,0.14487787;0.115400225,0.44037637,0.57529676;-1.4433974,-1.1080712,-0.17292078;0.37463927,0.123909004,0.035218086;-0.3241556,1.1637654,0.5170476;0.3632459,0.13105543,0.0065518664;-1.4037107,1.3102816,-0.90367347;-0.9257258,1.4079353,-0.45920056;1.3357102,1.0972996,-0.95145905;1.7155719,0.6705634,-1.6539773;0.4334311,-0.7591224,-1.3375772;-0.0022041781,1.1682837,0.752058;0.5197831,0.44312173,0.54844093;0.06012113,-1.114933,-2.0360231;-0.5787694,2.0030835,0.25330836;1.354071,0.8429806,0.1960584;1.9608973,0.49564928,1.0862238;0.32327706,-0.85602045,-1.5237836;1.2301804,1.2607648,-0.54843146;-1.9261308,-1.6172199,0.3048633;0.57535183,-0.08899448,0.2717297;-0.14880483,-1.3786584,1.6772507;-1.7626408,-1.7409574,0.0073747113;-1.8793312,-1.5965284,0.16274865;0.36959812,-0.78764194,-0.97182745;0.6919069,-0.39105615,0.24553637;0.7569178,0.15200675,0.661363;-1.2962853,0.77322215,-0.65466547;1.1795235,1.0475994,-0.47445038;1.6520367,0.50967276,-1.7772254;1.7635785,0.07435878,0.79013884;0.69663745,0.006484082,0.53515786;-0.72290134,2.1081188,-0.106544726;-0.39949766,0.3072969,-0.012921087;0.5951273,-0.8044342,-0.8681503;1.360762,1.0750177,-1.5047098;-0.41656494,0.62469697,0.5328408;1.9471971,0.48666117,1.0587016;-0.70662373,-0.83826613,-0.41504925;0.5678864,-0.7884051,-0.8101019;0.4890477,-0.38014787,0.5548028;0.81094843,0.55208653,0.7659644;-0.47319323,-1.3432354,1.4349899;0.5354274,-0.19204485,0.84046197;-0.6963685,2.1100998,-0.042589445;0.3346987,-0.98221886,1.7796358;-0.5336608,1.8646723,0.28286794;-0.5712428,0.03277951,-0.15112871;0.29387093,-0.7048375,-0.53152514;0.039102398,-0.8759615,-2.2453134;-1.9691678,-1.5438417,0.25017768;0.62526655,-0.007847712,0.14734377;-0.14721416,-1.052322,-2.1515045;0.075315736,-0.25158933,0.71564764;1.5476096,0.86910236,-1.3573866;-0.7962276,-1.2872007,1.5532521;-0.04582593,-0.57093394,-2.2721298;0.14799187,-0.3477009,-0.02805897;-0.7948013,-1.4677179,1.28293;-1.1287057,-1.188444,-0.26985455;-0.41425243,1.7588323,0.45014498;-0.5512869,0.0313415,-0.16582467;-0.45444617,-0.8583133,1.116757;-0.13767344,0.021273004,0.47356075;-0.69041187,1.4801414,-0.054124434;-1.2339406,0.42058167,-0.030699002;1.78958,0.38806632,0.83333087;-1.5866051,1.1907576,-0.69737697;1.9690908,0.4221754,1.1845845;-1.608373,1.3911649,-0.9968382;0.29631737,-0.8980085,-1.7095069;0.042402055,1.1671339,0.77346396;-1.914912,-1.4523612,0.36105165;0.5323726,-0.8214415,-0.9168949;-0.49302915,1.9076047,0.35490385;-0.8541637,1.0123684,-0.43442878;-1.4622554,0.6765999,-0.5306685;0.80386996,0.27329606,0.80536175;-2.0826519,-1.6523492,0.40854523;-0.9629406,-1.5807998,1.6132818;0.5627933,-0.43418604,0.41518727;-0.016990496,-0.968317,-2.0875492;-0.25347158,-1.663946,1.724084;0.82140195,-0.13668828,0.93436617;1.1603323,1.2590177,-0.77995485;-0.8765455,2.1774178,-0.3686675;-0.6005987,0.59462297,0.2509822;0.18490075,-0.8690917,-1.9154538;-1.4909647,0.84084713,-0.5713995;-0.009781131,-1.1085459,-2.0144606;0.6797394,-0.41844702,-0.4276234;0.81465673,-0.64467424,-0.24933475;0.0871883,-0.41738042,-0.107574515;1.0583953,-0.42475924,0.17249924;-0.10404128,-0.77139133,-2.7600136;-0.28057042,-0.17193025,-0.21002007;-1.0653015,0.31467578,0.33842722;-1.448599,1.2197056,-0.82456654;0.2557974,0.43291184,0.29143232;-1.4138526,0.5974828,-0.24930823;0.30111694,0.34774595,0.9358087;0.5806136,-0.69180864,-0.49451482;1.0462228,-0.2421422,0.90620124;-0.58216095,2.0168002,0.23593105;-0.33346727,-1.3145027,1.6578785;-1.8572319,-1.5653611,0.14545526;1.181391,1.4556626,-0.6733062;1.1629236,0.16160972,0.3094762;-0.28131133,-0.8372735,1.2958516;1.7388002,0.55521774,-1.7715906;1.7349349,0.53086525,1.0342307;1.8565432,0.5217009,1.0974561;-0.026821466,0.48706412,0.48991358;-0.26677763,0.48147637,0.28678423;-0.4593043,-0.7208163,-0.41542172;-0.53239125,1.7747959,0.049708184;-0.3500268,1.701722,0.4560869;0.75916755,0.56629455,0.8315534;-1.1220465,-0.830547,-0.57657284;-1.7032905,-1.438624,0.08600767;-1.2678263,0.55605304,-0.15716228;1.1842861,1.0046803,0.12695886;0.36524862,-0.96457756,1.7310439;-0.8128373,1.3776684,-0.27646068;-0.5173585,1.9911791,0.12117569;-0.7111547,-1.3125442,1.0586864;-1.2330991,1.5017705,-0.85947263;1.1416732,1.2413538,-0.8202961;0.95984125,-0.60651857,-0.17902297;-0.23353875,-1.4931253,1.7074673;-0.093671024,-0.84583974,-2.7656524;-0.8110822,-1.3644487,1.4115767;-1.3526673,-1.3932146,-0.32392254;-0.5080958,1.7891346,0.2228449;-0.14752018,-0.75722367,-0.32978728;-0.5200993,-1.0606889,0.9364797;-0.07234284,0.3260553,0.57192945;0.50187945,0.42318308,0.54259425;-1.0836347,-0.9177327,-0.544959;-0.80761313,-1.8514796,1.6120771;0.42634532,-0.8129614,-1.3261461;1.3916452,1.0904369,-1.3608925;-0.086984344,0.5706627,0.57738495;-0.54727465,1.8072413,0.30669498;0.35507676,-0.9817284,1.6759889;0.20647772,-0.4913878,0.7473767;-0.49129426,-0.6743472,-0.40397948;-0.72133017,0.5440366,0.12422418;1.208417,1.2995244,-0.4964075;0.06864818,0.1810393,0.2755919;-0.0934448,-0.31034172,0.11323405;1.5860187,0.79095155,-1.5015643;0.8067551,0.34221482,0.80949503;-0.14061722,-1.2962797,1.5807506;-0.94279015,-0.91075313,-0.46546638;1.2662989,0.30332986,0.29629925;0.2304305,1.1447467,0.8498762;-0.7700366,-1.8288248,1.6074572;0.20165859,-0.409747,0.7558752;-0.52555203,1.210709,0.26521218;-0.8284442,-0.76354635,-0.43285096;-1.0713303,-1.0451102,-0.42068577;0.52170205,-0.32023352,0.80281585;-0.7356613,2.0721612,-0.4331395;0.00494242,-0.8854787,-2.5694752;1.2664868,-0.11950692,0.8486119;1.3620483,0.54120904,0.30743188;1.1262333,-0.02650864,0.88629603;0.59882224,-0.30379212,0.6354861;-0.8890575,-1.4381379,1.6073581;-1.2740102,1.0515267,-0.8616036;0.14776222,0.13036925,0.20553935;0.84543097,-0.4300085,0.007191748;-0.30007172,-1.5987027,1.3907464;0.7351777,-0.59770465,-0.10893221;0.1015526,-0.30988893,0.86160797;-1.3573105,0.6415962,-0.10530234;0.9122308,-0.547747,0.15367727;-2.101227,-1.6526673,0.4206864;-1.7709354,-1.3907157,0.069359936;0.62266576,-0.31706434,-0.06431334;-2.0395746,-1.7042708,0.3739529;0.27255484,-0.68680894,-1.2438409;1.2031257,1.3211558,-0.5595276;-1.4812033,-1.4154663,-0.14283504;0.09526512,-1.1553617,1.7301829;-1.4927682,1.4910747,-1.0685552;0.33021513,-0.73537916,-1.2423623;-1.5382982,0.8894039,-0.55260175;1.1945567,1.1665714,-0.8193398;1.6252693,0.0022674103,0.6730957;0.25602648,-0.23534696,0.939206;-0.7588803,2.162835,-0.16101451;0.29865956,-1.061519,-1.3132576;0.032890305,-0.9479241,-2.2904851;-0.32623765,-1.643993,1.3675892;1.0411073,-0.22051765,0.85521805;0.3604001,-0.9826975,1.6480068;-0.77214724,2.029772,-0.32102114;-1.509817,1.5258126,-1.0859557;-0.7755353,1.6952451,-0.2822942;0.82355165,0.7359651,0.5993492;-0.3568219,0.30407846,0.05108244;-1.9647362,-1.587225,0.32415414;0.32521734,-0.79634297,-1.1208596;1.711767,0.36034414,-1.7089632;-0.8527614,-0.9031517,-0.3950231;0.32473955,-0.99347895,-1.3659441;1.3687153,1.1998383,-1.0945157;-0.89893913,-1.4171486,1.6189252;0.58942324,-0.25646898,0.6195343;-1.0132234,0.8003953,-0.4393162;-0.66472363,0.8590773,-0.2852883;0.31434876,-0.76922184,-0.99195915;0.27723715,-1.0334792,1.6857555;1.4559574,0.872917,-1.5357935;-1.0713136,0.48555166,0.2800494;-0.47032604,-1.2781453,1.5030968;-1.2622077,-0.8663814,-0.6565802;-1.7889148,-1.4818887,0.17145866;-0.16238974,-1.4524851,1.7051132;0.46648434,-0.16245842,0.9243442;0.59217924,-0.52026606,0.8240242;0.17417368,-0.49190414,0.7571708;-0.848152,-0.821402,-0.42837748;0.1588004,0.28303635,0.7577713;-0.57013154,-1.742438,1.5916544;-1.0794878,0.5004925,0.27394754;0.7270121,0.41282535,0.62947816;-1.2675858,-1.08284,-0.42106742;0.60352796,-0.3290995,-0.07269027;1.1257547,0.15419763,0.08142535;-1.2694588,0.7216811,-0.7106615;1.3519467,1.2719562,-1.4204328;-1.8051119,-1.4067363,0.12892146;-0.51186335,-1.147882,1.4778029;-0.011484484,1.1878843,0.74823916;-0.08035284,0.14663796,0.7147195;-0.31123307,-1.0659018,1.2689341;-0.47207144,-1.709802,1.6515992;-0.2473853,1.304971,0.62475514;-0.30567113,-0.9744403,1.3290446;0.20945394,0.21830475,0.86099535;-0.22496523,-0.13220754,0.24714072;1.7836231,0.30134973,-1.8812503;1.9682741,0.3682544,0.9337299;0.4408778,-0.5143387,1.0078152;-1.1231965,0.33786023,0.20494229;0.92789274,-0.62432355,-0.18751214;-0.5943726,1.8287425,0.08883166;-1.0821319,1.4587563,-0.67732364;-1.1200688,0.66644645,-0.59692407;0.4338298,0.5064949,0.49082217;0.24074687,-0.708292,-1.5209357;-1.621073,1.2728702,-0.91115195;-0.57362366,2.076497,0.033222463;-0.18748769,-1.03577,-2.18117;0.06764571,0.3383048,0.40890288;-1.4284319,0.6354733,-0.35129523;-0.063625745,-0.863963,-2.6741478;-0.08787182,-0.321031,0.09737121;0.29755527,-0.8945502,-1.8652848;0.29300216,0.2125869,0.92461467;0.96134627,1.1431196,-0.3843155;-0.022702904,-0.88047117,-2.6529572;-0.6133098,-1.7378153,1.5101856;-1.5940635,0.9096151,-0.34783015;0.37067476,0.38662118,0.45867613;-0.8207611,-1.8016831,1.5640398;-0.028332023,-0.87332183,-2.310844;-0.7133789,1.3694557,-0.100197315;-1.162318,0.38599518,0.18056937;-1.5546094,0.8565768,-0.47484797;-1.5012705,-1.1391747,-0.1517265;0.1619768,-0.8927596,-2.1790059;-0.57141906,-0.62668955,-0.40531528;1.1107702,-0.24711134,0.41881442;-1.015711,0.3101902,-0.27359462;-0.21687227,-0.8853147,1.2959003;-0.9734417,-1.5719719,1.6348946;1.1669164,1.0346799,0.056794148;-0.34452444,0.75130254,0.45120296;-0.45709392,-1.0958861,1.0222688;-1.3142023,-1.1890153,-0.46019736;-1.6176928,1.2545171,-0.8874786;-0.17194791,-0.8038849,-0.35410225;0.04962462,-0.2839532,0.71209407;-0.2699871,-0.7017843,1.1002349;1.1659986,0.9314628,0.24479915;0.42542997,-1.0237015,-1.5100164;-0.3136669,-1.6155612,1.6013402;0.37766767,-0.6359751,-0.5206315;-1.2456278,-1.1267252,-0.51378363;-0.15763631,-0.882956,1.3365617;1.7371191,0.5519221,-1.8445373;1.4631851,0.60526425,0.3985231;0.5768659,-0.12553345,0.2268497;0.891819,-0.23736332,1.1752168;-0.04286323,-0.07801533,0.60119075;-0.9360299,-1.7652382,1.497581;0.5101489,-0.3905375,0.6228433;0.77308667,-0.10183739,0.67573965;1.5147362,0.117481485,0.9000518;-0.4298904,0.3895518,0.38241547;1.6672848,0.72442555,-1.6010364;-0.53524274,-1.8049151,1.680661;-1.169889,0.8324777,-0.7589959;0.4181098,-0.38233656,1.0407448;1.5567197,0.5414041,0.94271064;-1.5075487,1.4820634,-1.0606521;0.08576862,-0.30868307,0.8382396;0.5076731,-0.8537175,-1.4864361;0.64636457,-0.30625242,-0.047809534;0.27886233,-1.0228236,1.7807066;-0.7430514,-1.2367454,1.6010563;1.0997635,-0.54313487,0.25629973;-0.7718707,0.3122199,-0.0818669;-0.4072161,-1.2762076,1.3038586;1.4622947,0.6132793,0.8599305;-0.8158848,2.0657108,-0.36805654;-1.1397349,0.44396904,-0.06959911;-0.7517416,2.1661096,-0.17269318;-0.103501976,-0.86694044,-2.087931;1.370471,1.2486253,-1.3862965;1.6897272,0.50001776,-1.8047884;-0.55741394,1.1162937,-0.19209251;0.6602253,0.5847057,0.5947067;-0.21491148,-0.08816997,0.014653888;0.34458885,-0.99250835,1.6750153;-0.60788655,-1.8299484,1.6645405;0.07236656,-1.2077016,1.7070196;-0.15423435,-0.86767083,-0.33798218;-1.8109146,-1.7704682,0.04076488;-0.3583094,1.6934495,0.40005758;0.12555775,-0.8906907,-2.284717;-0.6275423,-0.71698457,-0.4142111;-0.772889,0.33142298,-0.08888087;-0.9108679,0.5122677,-0.47931084;0.41510263,-0.45135427,0.9622503;-1.6039387,-1.4283812,-0.038782913;-0.22182143,-0.4119359,-0.118753955;1.3349617,-0.121547885,0.50302756;0.7005735,-0.36872828,0.28199583;1.5690945,0.56120944,-1.606051;-1.2593106,1.4864384,-0.8757068;-0.82509077,-0.77683264,-0.43764964;-1.0575126,0.2704665,0.36449486;1.0465239,0.03773191,0.8628691;0.3492067,0.46217784,0.94441646;0.3695033,-0.85775703,-1.5152607;-0.6090093,1.182815,0.088745005;0.49822646,-0.091139734,0.91305006;-0.1124354,-0.8661226,-0.34122;1.1519759,1.1188911,-0.65575796;0.052606214,-0.56193274,0.63525367;1.2244122,1.0586776,-0.798588;1.6987327,0.369945,0.8441582;0.46347982,-0.8890448,1.7071143;1.0236765,0.10485868,0.8936252;1.7371191,0.55192196,-1.8445374;-0.48908085,-1.7626922,1.6607492;1.1701447,0.005093037,1.0919467;-0.9105543,-0.72993606,-0.5106139;-1.112131,-0.8832237,-0.6286508;0.3133845,-0.80995595,-1.108365;0.50613153,-0.5897407,-0.414449;-0.6994132,-0.686423,-0.41823396;0.17165588,0.36533114,0.6618962;1.2462127,0.9436664,-0.039398447;0.9210315,-0.49605417,0.007909253;0.068588205,-0.53134555,0.68321806;-0.23406881,-1.1139902,1.2998247;-0.73378444,0.9016133,0.1129365;1.3971035,-0.073942825,0.8184803;0.6231876,-0.77775127,-0.44674927;-1.3303288,0.52968735,-0.07927144;-0.8246165,2.0510242,-0.3731207;-0.6779043,-0.542782,-0.38268653;1.7162371,0.004194681,0.7984624;1.4900986,0.94535124,-1.3637388;0.30914828,-0.8559725,-1.5810153;-1.3362215,-1.1705568,-0.35684195;-1.1939548,-1.1504453,-0.5009207;0.30481002,-0.68603504,-1.4586298;1.7072606,0.45473024,-1.81872;-0.9726557,-0.98546463,-0.39402622;1.2507248,-0.22724453,0.49708366;-0.1510088,-0.8129285,-2.8186612;-1.66458,-1.4577172,-0.032234643;-0.5063689,-0.7289792,-0.40844798;0.9252598,0.16579616,0.9649535;0.57821304,-0.6331582,-0.40945616;-0.28553933,-0.8482329,1.2705941;1.2990205,0.26148367,1.0512385;1.2356793,1.1903868,-0.7576864;-0.14211175,0.39067233,0.38338143;-0.24869673,1.4976567,0.58940667;-0.20141856,0.3985762,0.29682073;0.9443672,0.081436925,0.8677682;-0.22233097,-1.4784136,1.71239;0.1322687,-0.21216212,0.88924867;-0.8288965,1.341467,-0.3786158;1.5814998,0.30685812,0.6623978;-0.1287551,-0.35173792,-0.01835724;1.5003619,0.89097416,-1.4175328;-0.30423498,1.5483538,0.5427807;-1.5840516,1.1745961,-0.80443585;-0.2383952,-0.5068873,0.9590644;1.9322884,0.52955216,1.1517814;-1.3926672,-1.2963128,-0.2432892;0.15093946,-0.18874556,-0.016336938;-1.8351591,-1.7811273,0.19920376;-0.6583677,1.6595849,-0.123699516;1.0000074,-0.20996365,0.02108151;0.23698679,-0.89268863,-1.6950544;1.3127457,1.1406001,-0.85681075;1.2345397,0.30224773,0.2716673;1.1564962,1.3573735,-0.6953436;-1.3751124,0.5247465,-0.19886161;0.08094117,-0.8677224,-2.5523822;1.5224777,0.84585404,-1.4903376;1.2632519,0.5293545,0.29271436;-0.6572486,1.2843663,-0.28933826;0.49381167,-0.6324355,-0.46006995;0.32674745,-0.8440043,-1.9336159;0.7917479,-0.39491045,0.07203079;1.8768967,0.4893414,0.93937784;-1.4536005,-1.3079838,-0.105177134;-0.044283807,-0.48114172,0.69117266;-1.3390799,0.76506346,-0.6777295;0.46464425,0.48619264,0.5046254;1.5254707,0.86720645,-1.4024988;1.3486192,0.30473882,0.34364098;0.22547737,1.1418562,0.8463053;-1.4184651,1.2420567,-0.8906743;0.23560393,-0.26883122,0.23007368;0.9634059,1.1294898,-0.36509663;1.7655417,0.408903,0.7855461;0.15420891,-0.2839168,0.17527585;0.24742888,-0.857135,-2.1033719;0.30017054,-0.86872953,-1.6085396;-0.6075196,-0.66987234,-0.40501752;-1.1973432,-1.1370848,-0.4871853;-1.1282233,0.6931139,-0.7229796;0.043585356,-0.8679706,-2.5950012;-1.1451501,0.5229991,0.17980395;-0.454255,1.875862,0.14051645;-0.45745158,0.1413547,-0.05311032;-0.07801514,0.15660942,0.6573626;0.35419387,-0.825742,-1.5800883;-1.5704308,0.9063801,-0.55240667;-0.7359505,-1.3016559,1.0755187;-0.78872836,2.0339673,-0.41663182;0.12279292,0.5253169,0.26152092;0.5466534,-0.7453701,-0.555342;-0.65008634,0.3912141,0.4485859;1.7634605,0.33580995,-1.7663417;0.4260643,-0.7573017,-0.7193893;1.1368324,1.3878489,-0.70741254;-0.7248645,-1.2205958,1.5930649;1.4702204,0.52549,0.8984987;-0.26120946,0.10791428,0.124406464;-0.69527495,2.1580348,-0.15935022;0.7154204,0.3696188,0.79775995;-1.6194128,1.2521293,-0.8681226;1.3023945,1.1287879,-0.91297513;1.555398,0.843414,-1.4050965;1.675748,0.021803448,0.7535138;-0.30460906,-0.5203138,-0.443433;0.14636694,-0.8832988,-2.411683;1.1039499,-0.31116194,0.20775811;-0.10418625,-0.3115351,-0.0620934;1.7539732,0.5028721,0.76837516;1.5072823,0.5119035,-1.5733378;-0.6220017,-1.4297464,1.3652387;1.413491,1.0068859,-1.3098274;-1.5425477,0.8602271,-0.61794424;-0.72993886,1.267206,-0.34214327;-1.1188674,-1.1649908,-0.2795486;-0.27835682,1.367028,0.6004718;0.925111,0.043384735,0.9457654;-1.389187,0.65970665,-0.017439492;-0.81881666,-1.7609419,1.5787867;0.047049068,-0.5625172,0.66683215;-0.05145575,-0.7142109,-2.6409633;-0.9421769,0.37109098,-0.5379579;-0.68715924,1.3695478,-0.1224796;1.9381243,0.42935944,0.9472531;1.1065135,1.2144133,-0.49551675;-0.7533053,1.4117329,-0.16397181;-0.21132739,-0.81062865,1.2853124;1.7674627,0.71517247,0.7625608;1.5773115,-0.2696627,0.56220275;-1.0012345,0.48832384,-0.5742124;-0.47575733,-0.7268726,-0.41997257;1.7346219,0.10711401,0.76926535;-0.27810732,-0.7041018,-0.3782845;-1.1936429,0.36818117,0.082844764;-0.21273474,-0.7687449,1.3356055;1.1394008,0.7404625,0.21122688;-0.92140216,-1.4809341,1.585006;-0.698868,2.114971,-0.057044752;-0.33887032,0.7064568,0.43467215;1.4907067,0.17064612,0.8566553;-1.3891284,-1.3258907,-0.15300445;1.5701123,0.752522,-1.4462068;1.1511106,0.2167206,0.10517792;1.6523834,0.297201,0.7353064;-0.6459264,2.0237293,-0.4077369;-0.6722326,-1.1764475,1.6239132;-0.19958754,1.326673,0.6393598;-0.5247793,0.5048591,0.2821788;1.3074083,0.85810286,0.1100752;1.2340493,0.5371107,0.34836236;-0.59686023,1.179133,0.1684378;1.2229351,0.33047625,0.3027079;-0.8434096,0.30371928,-0.34319818;1.9635136,0.47399586,1.0939991;0.6634867,-0.45002323,0.18229617;-0.13639775,-0.7972313,-2.8023982;1.0827507,-0.22965015,0.40733054;2.089787,0.5809096,1.1007067;0.16522872,0.52771926,0.7841954;0.00912176,-0.9985152,-2.3642874;-0.992408,1.4830642,-0.5786879;-0.5515502,0.7195979,0.19561599;1.8880547,0.43739673,0.81683576;-0.67369044,1.0592695,0.109770425;1.743088,0.47656134,0.966508;-1.2816471,0.7665707,-0.777129;1.3507432,0.6720063,0.27085224;-0.77139246,1.5260737,-0.24630536;0.25202692,-0.21645156,0.82745343;-0.8503228,1.3738767,-0.40492693;0.12631759,-0.9039042,-1.9253948;-0.53654224,-1.8855516,1.7019033;0.08231398,-0.381852,0.8252022;-1.0593423,0.26654136,0.34864995;-0.2665826,-0.4567277,0.920218;0.0041935486,-0.8830186,-2.5856893;0.66177964,-0.13239522,0.3354573;0.31511357,-0.2394218,0.3652899;-1.270013,0.5285095,-0.008096553;-0.7346697,0.44770628,0.4120512;-0.3675289,1.47346,0.45812285;-0.40156546,1.6309015,0.49266908;-1.0095853,-1.0616182,-0.3424824;0.4258099,-0.6473444,-0.493018;-0.29875633,0.08689851,0.111038014;-0.009044426,-0.9121327,-2.5711157;1.3554002,-0.08520453,0.48985142;1.4536432,1.0078623,-1.2257025;-1.315947,0.67051476,-0.0689549;0.65556747,-0.18558778,0.6034938;-0.74139714,2.1460009,-0.11151733;1.4098748,0.8250002,0.213729;-0.7276202,-1.8005948,1.6251531;1.8059675,0.6694837,0.8430846;-1.8366503,-1.7592695,0.0071046012;0.2287198,-0.89362186,-1.9710866;1.3544037,1.2666273,-1.1272178;1.5941511,-0.06938771,0.72238463;-0.21513489,-0.8085436,-0.36568248;-0.15572806,-1.283431,1.6215132;1.462274,0.96891755,-1.2707286;1.860487,0.43153322,0.7968842;1.4570649,0.6115157,0.57750344;-0.91867465,0.8291153,-0.43015796;0.75963247,0.46154734,0.7509367;0.09820497,-0.8328415,-2.2834933;0.31507245,-0.64520335,-0.48677883;1.1562533,0.21712749,0.259784;-1.8340365,-1.5255853,0.291799;0.8242546,-0.14718589,0.86268574;-0.70786643,-1.1763175,1.6195304;-0.42778304,-1.1460725,1.5651631;1.5251021,-0.09125741,0.6948889;0.28764433,0.1385617,0.18036842;1.3493183,0.35202244,0.3073622;-0.84501547,-1.5517302,1.3830274;-0.9126607,0.50173813,0.31987175;1.5644641,0.26944536,0.7163478;0.40032914,-0.9466926,1.6800568;-0.7707672,-1.3183436,1.2596165;0.09297982,-1.142894,1.6279761;-0.48843166,-1.0020167,1.0067471;-0.17701261,-1.3683685,1.7070508;-1.0906129,-1.136598,-0.3274634;-0.369715,1.6183844,0.42762104;1.3520082,1.098506,-0.86881006;0.55110013,-0.62306505,-0.41565642;-0.5581606,1.7593889,0.29137015;-0.67021686,-0.54673713,-0.383226;-1.3578458,1.3952541,-0.9165423;-0.10462959,-0.7724651,-2.7608685;-0.067190684,-1.281193,1.6823328;0.7927875,-0.18364848,0.75797576;0.20823693,-0.6322641,-0.4662453;-1.4586972,0.64949596,-0.3366058;-0.64056563,-1.185729,1.5462017;-0.0053360756,-0.7900455,-2.3929467;-1.6069992,1.3391716,-0.95888734;0.34108981,0.383173,0.3884759;0.322477,0.36974528,0.4139115;0.16347802,-0.8805469,-2.1423419;1.0580777,-0.057780534,0.79503995;-0.19032206,-0.7291493,-0.339803;0.44933704,-0.16715375,0.38355607;0.2394718,0.5459194,0.90164924;-0.36337745,-1.6514502,1.7117274;-1.1385773,0.70012456,-0.7033029;-0.53387636,0.50133604,0.28438142;1.5281003,0.12872438,0.8524009;-0.18802474,-0.06472068,0.10586895;-0.48257452,-1.8405147,1.7154016;-0.24974568,-1.3613808,1.6545925;-1.1183248,0.6161974,0.21669437;0.33543375,0.30966532,0.4581262;1.9733446,0.49666634,1.0988348;0.31791198,-0.78884596,-1.1737342;-0.52850604,1.9787167,0.24701735;0.29191488,-1.0276973,-1.3306801;-0.7854919,0.6801941,0.25481057;-0.7945946,1.1898931,-0.35743576;-0.81706804,2.1476371,-0.28437412;1.0052,-0.60353005,0.23146068;-1.5817096,0.9587299,-0.61242723;0.5328295,-0.26355693,0.08437925;-0.13021909,0.10526709,0.53316754;1.8274709,0.29110193,-1.7963463;0.81034803,0.6836007,0.6354146;0.3371922,-0.97213936,-1.3806193;1.2531941,-0.12736015,0.8621314;-0.28252205,-0.28257528,-0.17208502;0.16817667,-0.8353988,-2.437252;-1.9452882,-1.6677048,0.28532442;0.7311432,-0.18410832,0.50686264;0.29368168,-0.29280952,0.39196643;0.020326598,1.1753951,0.76023793;-0.80096346,-1.4358692,1.295545;-0.6077811,-1.1742935,1.5663813;0.29792836,0.46750343,0.9760891;1.6973006,0.4944862,0.9605031;0.03199685,-0.81640905,-2.5544803;-1.6878394,-1.428343,0.0783155;-1.5303189,0.8380177,-0.36521953;0.33889788,-0.98869,-1.4233198;0.5702734,-0.380092,0.23261121;-0.16542889,-0.7301661,0.92266804;1.1929238,0.80215603,0.18065779;-1.2654086,0.62184453,-0.7335795;-1.3171268,1.1247622,-0.89076847;-1.902245,-1.427145,0.29697624;-0.52401817,-1.5043721,1.3908594;1.2505597,1.2133336,-0.46360418;0.17734993,1.1357195,0.82262635;-1.3833892,-1.1912664,-0.23126747;0.04164308,1.1869196,0.7666843;1.7669854,0.3908749,-1.8228596;-0.7447938,1.3869808,-0.11134563;-0.58336943,1.1093683,-0.2133137;-0.23897132,-0.5189655,0.99240166;-0.4533487,1.7628448,0.38673162;-0.7180637,-0.5736081,-0.42129165;-1.5785818,0.94554466,-0.6281035;0.06819544,0.19608273,0.24239667;0.34732184,-0.060996026,0.3120414;0.85224557,-0.07965865,0.9068549;0.4877431,-0.04162566,1.0897175;-0.557449,-1.8751274,1.70804;-0.54103965,1.0054176,0.4254331;-0.55051994,1.5408243,0.0510015;-0.64191043,-0.708291,-0.42165226;-1.0483472,0.64266735,-0.40665287;-0.80561006,2.1574457,-0.24892487;1.5150127,0.8921242,-1.371733;1.1131492,1.1460501,-0.6031335;1.2472746,-0.21214138,0.4885065;-0.36530837,-1.1499928,1.0847517;-1.4810122,1.3383301,-0.9499716;-2.005324,-1.5218409,0.38314733;0.5011411,-0.25147915,0.426367;0.7560292,-0.1839946,0.56094444;0.015574695,0.5228333,0.55579185;-0.7418316,1.4178666,-0.1706292;-1.025086,-0.97046596,-0.4400994;0.0867108,-0.6128785,-1.3474531;-0.18140844,-0.81281155,-0.3441116;0.16334242,-1.101443,1.6656061;-1.6192424,1.1566038,-0.8174175;1.5532237,0.49656528,0.81947446;2.0363564,0.56312895,1.0677471;-0.23620366,-0.9853135,1.2754765;0.28751263,-0.73745173,-0.85869694;0.49462155,-0.68493694,-0.46569023;1.722045,0.46786374,-1.6885076;1.4152195,0.6635385,0.62715983;-1.1138937,0.44141862,0.22894806;0.7568648,0.5558525,0.678629;1.4213065,1.0308939,-1.310304;-1.365507,-1.3380517,-0.2526012;1.4164618,1.1458797,-1.384323;-1.2187455,0.354264,-0.092740044;1.0862085,0.5943479,0.46990857;-0.7771543,-1.4266579,1.304932;-0.5450206,1.1101954,0.20344669;2.0227482,0.5407823,1.0202785;0.45530573,-0.4639409,0.82456976;-1.5361814,0.82772213,-0.36865145;-0.86853737,-0.84661835,-0.4316209;1.2166753,1.2356296,-0.49106878;1.9713446,0.6239192,1.0155898;-0.62141246,1.0112654,0.11460263;1.037587,-0.57580584,0.25510684;0.42378384,-0.7724796,-0.7677776;1.4018302,-0.1272304,0.6970996;-0.3845764,0.73781574,0.44775757;1.5870082,0.593659,-1.6098394;1.7827085,0.3431717,-1.7455933;0.035545,-0.70629084,-2.3843184;-2.0746183,-1.657365,0.40404117;0.41372505,-0.9544802,-1.5296742;-0.38293597,0.21055044,0.045759995;0.2538826,-0.7617129,-0.98964477;-1.9292713,-1.6154269,0.3043146;-1.0945507,0.6210493,-0.3027459;-0.36008307,0.8757065,0.44512644;1.3395706,1.0043055,-1.4588269;1.0721691,0.6681741,0.24876392
