data_set
babi-q1
num_classes
6
data_points
1000
model
saved_models/babi-q1-e0098.ckpt
color_schema
#4E79A7,#F28E2B,#E15759,#76B7B2,#59A14F,#EDC948,#B07AA1,#FF9DA7,#9C755F,#BAB0AC
test_accuracy
0.813
test_loss
0.5120906519889832
train_accuracy
0.87275
train_loss
0.3437023178935051
val_accuracy
0.834
val_loss
0.4445942063331604
labels
12,9,15,12,15,12,11,12,17,17,15,11,17,10,10,15,11,15,17,15,12,17,17,12,10,10,10,15,15,15,12,17,15,15,9,17,9,11,15,10,9,11,9,12,11,15,12,9,17,10,10,17,11,11,15,10,15,12,11,12,12,17,9,11,11,15,15,9,17,17,11,12,11,10,9,15,15,15,12,17,11,9,10,11,17,11,11,12,15,15,9,9,12,9,9,15,15,15,10,10,10,9,17,11,11,12,10,9,17,10,9,9,15,12,15,11,17,15,9,17,10,9,10,12,10,17,11,11,11,9,11,12,9,11,15,9,17,15,9,9,17,12,12,17,10,15,15,15,15,15,11,11,9,17,10,9,11,10,17,12,10,10,10,11,9,11,11,11,15,10,17,17,11,9,9,17,15,10,17,17,12,12,12,12,10,9,17,11,15,17,12,15,11,12,12,11,17,15,9,10,12,17,17,10,12,9,15,12,9,12,9,10,12,10,9,10,9,12,12,9,9,12,15,12,10,17,12,11,9,9,17,11,12,17,12,10,10,10,10,17,12,15,11,11,15,15,11,11,11,11,10,17,9,9,10,10,17,17,15,11,11,17,12,17,17,9,11,10,9,10,15,17,17,15,9,17,15,12,17,9,9,11,17,17,11,17,9,17,11,9,15,15,10,15,15,11,11,12,12,9,9,9,9,17,12,11,9,17,17,15,11,11,17,10,11,17,10,17,17,11,11,15,15,11,11,9,10,11,11,10,15,17,15,10,10,17,12,17,12,12,12,11,17,15,11,17,12,12,15,15,10,11,11,10,10,9,17,12,11,12,11,9,11,11,11,11,11,12,12,12,12,12,11,11,17,10,15,9,9,10,9,10,10,17,17,15,17,17,17,15,15,12,9,10,17,17,10,17,9,11,10,11,10,15,17,15,12,10,11,15,10,11,9,12,17,10,10,15,12,9,12,12,9,12,10,15,15,17,10,10,17,15,15,15,17,11,15,9,10,11,10,12,9,11,10,11,10,12,11,15,15,15,15,11,9,15,10,12,11,12,9,11,10,17,11,11,10,10,10,17,12,17,17,9,15,11,9,15,11,9,10,10,12,12,11,10,9,12,10,9,15,10,10,11,11,15,15,10,12,12,15,11,9,12,9,15,10,17,17,10,10,17,10,10,17,9,9,10,12,11,17,17,12,12,11,12,17,11,11,12,11,11,11,17,9,11,10,12,12,10,11,17,12,12,15,11,15,15,12,10,10,9,17,10,15,12,15,10,10,10,11,10,11,15,10,9,9,15,10,10,10,10,15,15,17,9,10,12,10,10,12,12,11,15,10,10,11,12,10,10,17,12,17,11,9,9,17,17,11,10,10,10,15,15,17,11,15,12,11,10,15,17,9,11,9,17,15,12,15,17,11,17,17,15,9,10,9,9,10,10,9,10,10,15,11,11,11,15,12,9,11,11,10,17,11,11,12,17,15,15,9,11,15,15,11,9,15,15,11,15,15,15,11,10,10,9,17,17,17,17,10,10,17,9,15,9,17,12,12,12,15,15,15,17,9,11,9,17,9,12,11,9,9,17,11,11,11,10,15,10,12,12,9,9,17,12,12,9,17,12,11,11,15,15,12,11,12,17,12,17,11,12,11,17,17,11,17,9,11,9,10,10,12,17,10,12,9,9,9,15,11,11,15,17,9,10,9,12,17,15,17,17,12,10,12,11,11,17,15,9,17,10,9,11,12,15,9,15,12,10,9,10,17,17,15,15,9,9,9,17,10,17,17,9,12,17,17,12,12,11,11,11,11,17,11,17,17,17,17,17,12,9,17,10,17,11,10,10,12,12,11,11,17,12,12,17,17,15,11,17,11,11,9,12,9,17,9,10,9,15,11,9,11,15,10,9,9,9,17,12,11,11,17,15,15,10,10,11,11,17,10,12,9,10,10,10,10,10,15,17,9,11,17,15,12,11,10,10,15,12,10,11,12,12,11,11,11,15,12,17,10,12,17,17,12,10,10,12,17,10,11,17,11,12,17,17,11,12,11,17,9,9,11,17,11,11,15,15,17,17,10,10,17,12,11,15,12,11,11,10,9,12,12,15,10,9,17,15,17,9,17,17,10,17,15,12,12,11,10,10,10,17,17,15,12,17,9,9,15,10,12,15,15,15,17,17,15,11,15,10,12,9,9,10,11,11,9,9,12,15,9,15,9,12,12,10,17,17,10,12,15,9,10,17,11,11,11,17,9,9,11,15,11,11,11,15,12,17,9,10
pred_labels
12,9,15,12,15,12,11,12,17,9,15,11,15,10,10,15,11,15,15,12,12,17,12,9,11,10,10,15,17,15,12,17,15,15,9,17,9,11,15,17,9,11,11,11,11,15,12,9,17,10,10,17,11,15,15,10,15,12,12,17,12,17,9,11,12,15,15,9,17,9,11,12,11,10,9,15,11,15,12,17,11,9,10,15,17,11,11,12,15,15,9,9,12,9,11,15,15,15,10,10,10,9,17,11,11,12,10,9,17,10,9,15,15,12,17,11,15,9,15,17,10,9,9,12,10,17,11,15,11,9,11,10,9,11,11,9,17,15,9,9,17,12,17,15,10,15,15,15,15,11,11,11,9,17,10,9,11,10,17,12,10,9,10,11,9,11,12,15,15,10,17,17,12,9,9,17,15,10,17,17,12,12,12,12,10,9,17,11,15,17,12,15,11,12,11,11,15,17,9,10,12,17,17,10,12,9,15,12,9,11,9,10,12,10,11,10,9,12,12,12,9,17,15,17,10,17,17,11,9,9,17,9,12,17,17,10,10,12,10,17,12,15,11,15,15,15,11,15,9,11,10,10,9,11,10,10,17,17,15,11,11,17,12,17,15,9,11,10,9,10,15,17,17,15,15,17,15,12,17,9,9,11,17,9,11,17,9,10,11,9,15,15,10,15,15,11,11,12,12,9,9,9,17,17,17,11,9,17,9,15,11,11,17,10,12,17,10,17,15,11,11,15,15,11,10,9,10,11,15,10,15,17,17,10,17,17,12,9,12,10,12,11,17,15,11,17,17,12,12,15,10,12,11,10,15,9,17,12,11,12,11,9,11,11,11,11,11,12,12,17,12,12,11,11,17,10,15,9,11,10,9,9,12,17,17,15,17,17,17,15,15,12,9,10,17,17,10,17,9,11,10,11,10,15,17,15,12,17,17,15,10,11,9,12,17,10,10,15,12,9,12,9,9,10,10,15,15,17,10,10,17,15,15,10,17,11,12,9,10,12,10,12,9,11,10,11,17,12,11,15,15,15,15,11,9,15,10,12,11,12,9,11,10,17,11,11,10,11,10,17,12,17,17,17,15,11,9,15,11,9,10,15,17,12,11,10,9,12,10,9,15,10,10,10,10,15,17,10,12,15,15,15,11,12,9,15,10,17,17,10,10,17,10,17,10,9,9,10,12,11,17,17,12,12,11,12,17,11,12,12,11,10,11,12,9,11,10,12,12,10,11,17,12,12,15,11,15,15,12,10,10,9,17,10,15,12,15,10,10,9,11,10,11,15,10,9,9,15,10,15,10,11,15,12,17,9,10,12,10,10,12,10,11,11,10,10,11,12,10,9,17,12,17,11,9,9,17,12,9,10,10,10,15,15,17,11,15,12,17,10,15,15,17,11,9,17,15,12,10,17,11,17,10,15,9,15,9,9,10,10,9,10,10,15,15,11,11,15,12,9,11,10,10,17,11,11,12,17,15,11,9,11,15,15,11,9,15,15,11,15,15,12,11,10,12,9,17,17,17,10,10,10,17,9,15,9,17,12,17,12,15,15,15,17,9,11,9,9,9,12,11,9,9,17,11,11,10,9,15,10,12,12,9,15,17,12,11,9,12,11,11,11,15,15,12,11,12,17,17,17,11,12,17,17,17,11,12,9,11,9,10,12,12,17,12,12,9,9,11,11,11,11,9,9,9,10,9,12,17,15,17,11,12,10,9,11,12,17,9,9,17,10,9,11,12,15,9,15,12,10,9,10,17,17,17,15,9,15,12,17,10,17,12,9,9,17,15,12,9,11,11,15,9,17,11,17,17,9,17,9,12,9,17,10,17,11,10,10,12,17,11,17,12,12,12,17,17,15,11,17,11,11,9,12,10,17,9,10,9,15,11,9,10,15,10,9,9,9,17,12,11,11,11,15,15,10,10,11,12,9,10,12,9,10,10,10,17,10,15,17,9,11,17,15,12,11,10,11,11,12,10,11,12,12,12,11,11,15,15,17,10,12,15,15,12,10,10,12,17,10,11,17,11,12,17,17,11,12,15,10,9,17,11,11,15,11,15,15,12,17,10,10,17,9,11,15,12,11,11,10,9,12,12,15,10,9,17,15,17,9,17,17,10,17,15,12,11,12,12,10,10,17,17,15,12,17,9,9,17,15,12,15,11,11,17,17,15,11,15,10,12,9,9,10,11,11,9,9,12,17,9,15,9,12,9,10,17,10,9,12,15,9,9,17,11,11,11,17,9,9,11,15,11,17,11,15,12,17,9,9
pred_correctness
True,True,True,True,True,True,True,True,True,False,True,True,False,True,True,True,True,True,False,False,True,True,False,False,False,True,True,True,False,True,True,True,True,True,True,True,True,True,True,False,True,True,False,False,True,True,True,True,True,True,True,True,True,False,True,True,True,True,False,False,True,True,True,True,False,True,True,True,True,False,True,True,True,True,True,True,False,True,True,True,True,True,True,False,True,True,True,True,True,True,True,True,True,True,False,True,True,True,True,True,True,True,True,True,True,True,True,True,True,True,True,False,True,True,False,True,False,False,False,True,True,True,False,True,True,True,True,False,True,True,True,False,True,True,False,True,True,True,True,True,True,True,False,False,True,True,True,True,True,False,True,True,True,True,True,True,True,True,True,True,True,False,True,True,True,True,False,False,True,True,True,True,False,True,True,True,True,True,True,True,True,True,True,True,True,True,True,True,True,True,True,True,True,True,False,True,False,False,True,True,True,True,True,True,True,True,True,True,True,False,True,True,True,True,False,True,True,True,True,False,True,False,True,False,True,True,False,True,True,True,True,False,True,True,False,True,True,False,True,True,True,True,True,False,True,True,True,False,False,True,True,False,True,False,True,True,True,True,True,True,True,True,True,True,False,True,True,True,True,True,True,True,True,True,False,True,True,True,True,True,True,True,True,False,True,True,True,False,True,True,True,True,True,True,True,True,True,True,True,True,True,True,False,True,False,True,True,True,False,True,True,True,True,True,False,True,True,True,False,True,True,True,True,True,False,True,True,True,False,True,True,True,False,True,False,True,True,False,True,False,True,True,True,True,True,True,False,True,False,True,True,False,True,True,False,True,True,True,True,True,True,True,True,True,True,True,True,True,True,False,True,True,True,True,True,True,True,True,False,True,True,False,False,True,True,True,True,True,True,True,True,True,True,True,True,True,True,True,True,True,True,True,True,True,True,True,True,False,False,True,True,True,True,True,True,True,True,True,True,True,True,False,True,False,True,True,True,True,True,True,True,True,True,False,True,True,False,True,True,False,True,True,True,True,True,True,False,True,True,True,True,True,True,True,True,True,True,True,True,True,True,True,True,True,True,True,True,False,True,True,True,True,True,False,True,True,True,True,True,True,True,False,False,True,True,True,True,True,True,True,True,True,True,False,False,True,False,True,True,False,True,False,False,True,True,True,True,True,True,True,True,True,True,False,False,True,True,True,True,True,True,True,True,True,True,True,True,True,False,True,True,False,True,False,True,True,True,True,True,True,True,True,True,True,True,True,True,True,True,True,True,True,True,True,True,True,True,True,True,False,True,True,True,True,True,True,True,True,True,False,True,False,True,False,True,True,True,True,True,True,True,False,True,False,True,True,True,True,True,False,True,True,True,True,True,True,True,False,False,True,True,True,True,True,True,True,True,True,False,True,True,False,False,True,True,True,True,True,False,True,True,True,False,True,True,False,True,True,True,True,True,True,True,True,False,True,True,True,True,True,True,False,True,True,True,True,True,True,True,False,True,True,True,True,True,True,True,True,True,True,True,False,True,True,False,True,True,True,True,False,True,True,True,True,True,True,True,True,False,True,True,True,True,True,True,True,True,False,True,True,True,True,True,True,True,True,False,False,True,True,True,True,True,False,True,True,False,True,False,False,True,True,True,True,True,True,True,True,False,True,True,True,False,True,True,True,False,True,True,True,True,False,True,True,False,True,True,True,False,False,True,True,False,False,True,True,True,True,True,True,True,False,True,True,False,True,False,True,False,True,True,True,True,True,True,True,True,True,True,True,True,True,True,True,False,True,True,False,False,True,True,True,False,True,False,True,False,True,False,True,True,False,False,True,True,True,True,False,True,False,True,True,True,True,True,True,True,True,True,False,True,False,False,True,True,True,True,True,True,True,True,True,True,True,False,True,True,True,True,True,True,True,False,True,True,True,True,True,True,True,True,True,False,True,True,True,True,True,False,False,True,True,True,True,True,True,False,True,True,True,True,True,True,True,True,True,True,False,False,True,True,True,True,True,False,True,True,True,False,True,True,True,False,False,True,True,True,True,True,True,True,True,True,True,True,True,True,True,False,False,True,False,True,False,False,True,True,True,False,True,True,True,True,False,True,True,True,True,True,True,True,True,True,True,True,True,True,True,True,True,True,True,True,True,True,True,False,False,False,True,True,True,True,True,True,True,True,True,False,False,True,True,False,False,True,True,True,True,True,True,True,True,True,True,True,True,True,True,True,False,True,True,True,True,False,True,True,False,False,True,True,True,False,True,True,True,True,True,True,True,True,True,True,False,True,True,True,True,True,False
p2d-kl
0.5525369644165039
p2d-iter
599
p2d
-1.4029515,0.90043247;0.7522403,0.44145662;-1.2258792,-0.29506087;-1.3488659,0.91530985;-1.8943957,-0.21214692;-1.2918445,0.7240619;-0.5033398,-2.1850057;-0.90097934,0.5293181;0.10506093,0.3821283;0.73463106,0.30034822;-1.536832,-0.23391595;0.11976979,-0.3118867;-0.5418914,0.18851334;-0.022537176,-1.1606648;1.4199272,-0.45077318;-1.5774864,-0.2557957;-0.5295129,-2.1413817;-1.6605916,-0.2503911;0.35825247,0.04663847;1.0658447,0.07762674;-1.1502341,0.6229825;-0.5927605,1.524794;1.195414,0.062204823;2.018741,-0.51729673;1.4374831,-0.38552624;-0.5428004,-1.0680621;-0.73614293,-1.0730151;-1.4309213,-0.31779546;-0.58614826,0.21783902;1.4469516,-0.075245105;-1.0712054,0.81019974;-0.8665469,1.4322307;-1.9248797,-0.18796603;-1.807174,-0.32798916;0.67130417,0.7997008;-0.7786777,1.4889332;0.59898955,1.2762705;0.20300661,-0.26669207;0.48755935,0.1020053;-0.2577864,0.27822983;0.8409108,1.7900416;1.1777688,-0.63976157;0.77284354,-0.064596534;0.018349683,0.09245062;-0.12167733,-0.42974228;-0.073208675,-0.026742918;0.87532467,-0.005143629;0.7963488,1.7470884;-0.18494153,1.4148701;0.080344036,-1.3765668;-0.08618635,-1.2938119;-0.3922364,1.5760016;0.7477733,-0.105526656;0.95951575,-0.17706136;-0.5729306,0.18997043;-0.65133023,-1.0917666;-0.09911416,-0.033191364;-0.6587335,0.5379092;-1.0471218,0.87899923;-1.1089376,1.1317239;-1.3705887,0.9065312;-0.4531115,1.4672198;0.8409584,1.6529586;1.930612,-0.81713885;-0.38212806,0.21579693;-1.7846481,-0.24884638;1.6881081,-0.5259972;1.7451756,-0.37963724;-0.94375324,1.3501352;0.55262864,0.19574179;-0.5304898,-2.300918;-1.0827342,0.84915054;0.14124744,-0.46585628;0.155541,-1.3789752;0.7877428,1.3354467;-1.9708151,-0.25132796;0.21788704,-0.043636944;-2.0412767,-0.19612728;-0.6686127,0.25152555;-0.5099628,1.4586283;-0.7785017,-2.3090546;0.6828655,1.2080852;-0.6322217,-1.1594192;-0.17514704,0.10554151;-0.721826,1.4469247;-0.57925266,-2.2375212;-0.95905286,-2.373897;-1.3908857,0.9203641;-1.8406696,-0.21154802;-1.6476426,-0.29849365;0.83536494,1.6723627;0.78109694,1.2190111;-1.0429509,0.5538515;0.77024555,1.396487;1.4459454,-0.10798678;-1.712667,-0.29094565;-0.14315572,0.002879739;-1.6610111,-0.2627913;0.009558726,-1.1498361;1.5185362,-0.51198184;-0.6511886,-1.2064831;0.70317924,1.2995895;-0.72508967,1.059446;1.2474173,-0.62483716;0.8807213,-0.1301689;-1.1072048,0.56724864;0.08034999,-1.2731988;1.7172836,-0.26221105;-1.029539,1.1205359;-0.2646684,-1.249496;0.8626013,1.8318119;1.7868923,-0.53713477;-1.6066059,-0.24799831;-1.2053715,0.60324764;-0.12751356,0.37021494;0.25462747,-0.23576376;1.3478332,-0.028462041;1.4355356,0.037798166;0.8124907,0.04663579;-0.02513105,1.3160385;-0.14772223,-1.2809024;0.7675836,1.1413641;0.63880664,0.38637203;-0.63663924,0.32853967;-0.7311308,-1.0538487;-0.86875385,1.4244784;0.08596711,-0.5194233;0.36676726,0.08911485;0.15134473,-0.49999818;0.5885652,1.3563151;-0.6153518,-2.2343132;0.9823051,-0.32395014;0.65091556,0.5062062;0.65307736,-0.082423046;0.21104532,-0.09748701;0.8500606,1.7039132;-0.79983705,1.1173803;-1.6091423,-0.28691056;0.49181622,0.9189008;1.8579978,-0.35885707;-0.91426075,1.39388;-1.1358217,0.8524889;1.1663104,0.0026626964;-0.42746365,0.11322637;1.5787313,-0.7461976;-1.7363408,-0.25802973;1.0185881,-0.19873121;-1.8881199,-0.35242277;-1.4275969,-0.2732876;-0.4819824,-0.021128412;1.1520896,-0.64428824;-0.74480516,-2.125437;-0.39818284,0.18517864;-0.7820135,1.1481018;-0.14857328,-1.2338085;0.71505773,1.4130079;0.5041807,-0.07283172;1.0704504,-0.27402195;-0.2428225,1.4505771;-0.7202655,0.5910441;-0.68412477,-0.99335146;0.71793205,0.11311444;-0.10964549,-1.2074504;0.053208586,-0.34336513;0.47753903,0.9438662;-0.54773545,-2.2049997;-0.22345538,0.28548253;-0.1843168,0.061758406;-0.109516874,-0.07460943;-0.46821904,-1.2587264;-0.6371202,1.4586428;0.4044264,0.277201;-0.16593368,0.32440925;0.7449515,0.7961395;2.0164576,-0.54219335;-0.75947255,1.4878962;-1.7136383,-0.24082142;-0.2114319,-1.228064;-0.17973448,1.4610969;1.1450162,-0.09088566;-1.312117,0.71570575;0.1498465,0.3896791;-0.7052735,0.5355203;-1.2669947,0.6812473;-0.4281273,-1.0922667;0.81393754,1.6474586;-1.159193,1.189818;1.2284381,-0.63077265;-1.3105831,-0.26439443;-1.1056508,1.1864226;-1.1004804,0.63308305;-1.8973057,-0.18788542;-0.768541,-2.2262719;-1.5286862,0.9314886;1.5424628,-0.43874496;-0.7681165,-2.32161;0.9649828,-0.13127531;-0.056139495,0.34512597;0.5784618,1.198218;1.606444,-0.7411305;-1.0333037,0.7714481;-0.46258095,1.5373074;-0.16221961,0.3928326;0.14289296,-1.4622885;-1.0443629,0.86550885;0.825411,1.4174863;-1.210644,-0.2240545;-1.4147153,0.93791354;1.7677164,-0.26981458;1.3667232,-0.2953713;0.7365318,1.4824412;-0.15333216,-1.3020139;-1.0106156,0.9328012;1.79182,-0.3925148;1.9053639,-0.72340935;-0.6253296,-1.0629725;0.53196156,0.89935124;-1.2398878,0.6786925;-1.4476647,0.93014127;1.2490977,-0.17694357;0.72175324,1.402155;-0.30073625,0.42527017;-1.4968084,-0.35673803;0.4830572,0.23088795;-0.30914438,-1.223332;-0.22911914,1.4847955;0.6229043,0.30864227;-0.61969405,-2.192407;0.8143748,1.6154003;0.3181483,0.39335725;-0.37684563,1.4866208;2.0029604,-0.7717063;-1.0979251,0.8926372;-0.5074108,1.4402698;1.6678388,-0.59592515;-0.19237389,-1.302685;0.9003943,0.16960914;1.6789695,-0.3469078;-0.42663088,-1.2625;1.1600202,-0.3473863;-0.67093486,0.5368308;-1.8360894,-0.19066826;-0.45250437,-2.1317792;1.4672568,-0.4776088;-1.1525238,-0.29589704;-1.8241215,-0.25858912;-0.8543543,-2.3035414;0.3828623,-0.12154678;1.5570352,-0.09194248;0.16450235,-0.4008416;0.11738743,-1.3944608;1.2000456,-0.3696001;0.6804435,1.0223887;1.9084547,-0.6727884;-0.6935514,-1.1844531;-0.04300614,-1.3510778;-0.6323249,1.561562;1.9820293,-0.73989916;-0.22969231,-0.042607326;-0.8802557,-2.3623357;-0.65873665,-2.3070304;-0.3164724,1.4720013;-0.73481816,0.5586241;-0.48146927,1.5861531;0.45746073,0.14944196;0.7422603,1.5593667;0.20875007,-0.31230068;-0.58783823,-0.96472865;0.6128787,0.43198785;0.14288099,-1.3368753;-1.7818121,-0.29199785;-0.86800975,1.1273246;1.0933083,0.03890559;-1.4719397,-0.31369826;0.28599223,0.36733148;-0.87692535,1.1819788;1.4770827,-0.029336892;-1.3546855,0.96293545;-0.8808613,1.0215582;0.7907423,1.6862751;0.84938097,1.7819803;0.07308736,-0.6165615;-0.07592229,1.3773744;1.6258765,-0.24704802;-0.7094579,-2.2391043;-0.43460605,1.5634564;0.7041027,0.51270187;0.9144889,0.12034679;-0.42419687,-2.126631;0.69202304,1.4286556;-1.8137984,-0.26827505;1.3633418,-0.06680208;-0.024372233,-1.3214253;-1.3538947,-0.2861146;-1.6700745,-0.270191;-0.1013798,-0.4948047;0.69110376,-0.09099728;1.7881079,-0.58776236;-0.66382974,0.36667886;0.51550764,0.90153533;0.8153294,1.3386865;2.033121,-0.7825187;1.0882033,-0.08973552;-0.3220642,1.5198493;-0.4316875,0.19832036;0.30129147,-0.34102362;0.759436,1.6270915;0.013653249,0.49428734;1.7304455,-0.41790333;-1.1936845,-0.2864618;0.18562484,-0.51659286;0.92349315,-0.070770994;1.8415388,-0.6032316;-0.09267556,-1.2564386;1.579679,-0.46277136;-0.47741312,1.520695;0.204137,-1.4400282;-0.5286742,1.5664625;0.976347,-0.116804436;0.15313672,-0.22251637;-0.7448356,-2.3085463;-1.9613608,-0.22985192;0.78285164,0.21410468;-0.8825321,-2.2871628;0.5230935,0.08924193;0.79197025,1.1864283;-0.33168566,-0.96425116;-0.8502029,-2.4075282;-0.10516397,0.025257397;-0.31541649,-0.8936925;-1.3621228,-0.23555155;-0.58516145,1.5066065;0.26123103,0.36248803;-0.7234056,0.98355854;0.48737806,0.22509372;-1.1390338,1.2410904;-1.0857133,0.6567584;2.0798852,-0.78138727;-1.171269,0.6926971;1.9571345,-0.75361013;-1.3309596,0.75408757;0.14126623,-0.5372351;-0.24519734,1.4545718;-1.8251084,-0.17399487;-0.43771258,-2.1726193;-0.39921945,1.5098575;-0.18975535,0.3952768;-0.89821625,0.581891;1.7822319,-0.65294;-2.0454354,-0.21128148;-0.86142164,-1.0866678;0.90417856,-0.010946888;-0.74437,-2.2579308;-0.21513963,-1.3358735;1.7397895,-0.4721769;0.6707857,1.4299513;-0.91903055,1.409141;-0.29478085,0.50705844;-0.5336082,-2.1885667;-0.69749266,0.5817444;-0.42524394,-2.2298265;0.6751181,1.0119832;0.3162483,-0.30603933;-0.542538,0.19360939;1.8913943,-0.48344803;-0.968428,-2.3748393;0.262634,-0.023307225;-0.40641466,0.5781282;-1.4732089,0.9180691;1.6760559,-0.14811927;-1.2809598,0.6856825;1.2731785,-0.12546605;0.016866164,-0.37156138;1.47164,-0.4634305;-0.5366361,1.5286641;-0.3824074,-1.1432201;-1.8920032,-0.2543761;0.65952986,1.0573764;0.77157575,0.10942958;-0.44070923,-1.0791913;0.84321356,1.6055938;1.9619162,-0.6685252;1.9348775,-0.5938665;1.6784852,-0.15771821;1.2526667,0.057890918;-1.1749204,-0.2320074;-0.69581324,1.387276;-0.3253371,1.4962323;1.2275879,0.18314543;-0.40250903,0.099247575;-1.5968786,-0.23934396;-0.8404203,0.58099943;0.7402746,0.45880467;0.16578628,-1.3980719;-0.8610548,1.0849314;-0.63170964,1.475463;-0.764472,-1.0002817;-1.5002166,0.97874534;0.7334416,1.048431;0.32898766,-0.272568;-0.052550945,-1.3477286;-0.9569647,-2.357924;-0.6889449,-1.0760663;-1.3385695,-0.24511111;-0.70480895,1.5467929;-0.1514118,0.00022574585;-0.27880785,0.24671255;1.1653883,0.11604017;1.6274656,-0.12757942;-0.39280614,0.058720954;-0.70564574,-1.1591089;0.116623476,-0.5635379;0.677618,1.1422155;-0.39766228,0.5316721;-0.4886416,1.5787662;0.19498515,-1.3944374;1.1681416,-0.22948164;-0.2684595,0.00061348476;-0.21515958,0.31665847;0.6453892,1.0887094;1.1982327,-0.050156426;0.7318619,0.108100526;0.82283026,1.7094841;0.6003698,0.26057848;-0.44966257,-1.153273;-1.3089522,-0.22737898;0.7856257,0.20854203;-0.0561241,1.3619667;-0.63179415,-1.1786592;1.2380517,-0.22960837;-1.0981457,1.2320435;-0.36500973,-0.019404588;-1.5672616,-0.32677;1.1031512,-0.3134863;-0.79225093,1.3985821;-0.6058532,-2.2674384;1.6118331,-0.48250553;0.7733945,0.13073887;0.59576416,0.2099175;0.90962166,0.009759533;-0.736106,-1.0555549;-1.2274699,0.9394759;1.7198447,-0.2528399;0.53545064,-0.118635066;-0.46551576,-1.2134358;0.28140524,-0.14736746;0.11990824,0.34502238;-0.7855617,0.58260995;0.7892105,-0.008310995;-2.0455627,-0.21382786;-1.8595318,-0.23422933;1.4762479,-0.14953238;-1.8973259,-0.30009723;-0.038643356,-0.40755856;0.6545764,1.2081349;-1.5677123,-0.22607812;-0.014756946,-1.3729957;-1.1786919,0.9038686;0.07332569,-0.40323743;-1.181078,0.6441671;0.6536115,1.4408607;1.8669246,-0.39163446;1.028495,-0.27298567;-0.7233605,1.4821693;-0.60989034,-2.1334984;-0.5048954,-2.1660538;-0.47104618,-1.2623546;1.3905996,-0.3010536;0.12305336,-1.3339148;-0.6767644,1.5081568;-1.4042943,0.942351;-0.8835454,1.3627782;0.015573668,0.5330876;-0.10500358,0.48627847;-1.9124268,-0.25386727;-0.06317339,-0.43807328;0.70588887,0.7852464;-0.26847428,-0.033621922;-0.49517155,-2.076505;0.68136626,1.0482035;-0.7236806,-1.0887023;0.52836186,0.065862544;-1.11876,1.1238613;-0.015286519,0.5145413;0.181994,-0.30963975;0.19489048,-1.400465;0.7763284,1.5062593;-0.5846261,0.5559281;-0.17984855,-1.1785947;0.6255053,1.5031383;-1.9365246,-0.26228768;-0.11628427,-1.3354269;1.0497863,-0.2836942;0.0550774,-0.24953961;0.57521266,0.24133547;-1.2672598,-0.24661751;-0.17619815,0.52611667;-0.03883387,-1.286129;-0.7539009,0.6186489;1.3279806,-0.020632086;-1.8395553,-0.3363299;0.6346029,-0.044070993;0.75372314,0.090190664;-0.96661067,0.7703687;0.6344753,0.92645353;-1.7733787,-0.23535334;-0.6185511,-1.0774647;-0.09231653,1.378368;-0.0039324416,0.4394346;0.05529326,-1.2773226;-0.31441346,-1.2469875;-0.3963064,1.59878;-0.30324206,-1.0806804;0.061770573,0.37676972;0.087784,0.24664116;0.7622083,1.2166688;1.9764397,-0.63134307;1.265614,-0.24562752;-0.6875169,0.46106187;1.2118126,-0.6320894;-0.82802576,1.4046261;-1.0838389,1.1641878;-0.9381127,0.74556524;1.6754203,-0.3262091;0.11123282,-0.40619943;-1.2068828,0.65896225;-0.6207012,1.4782625;-0.83762974,-2.2500033;-0.2858108,0.27829102;-1.0691774,0.5810255;-0.8582089,-2.3475645;1.0372555,-0.2507249;-0.5233655,-2.2785702;0.9592405,0.023941234;0.57695055,0.8814935;-0.70156026,-2.29649;-0.41935185,-1.2105697;-1.2575028,0.6123591;1.5916052,-0.19374871;-0.46386302,-1.1877036;-0.6595074,-2.2256963;-1.0954919,1.245801;-0.39910468,0.575628;-1.1031066,0.53801984;-1.7757403,-0.1641004;-0.58861595,-2.2991812;-0.40876272,-0.053522225;0.9819875,-0.14815912;-0.6287492,0.3793499;-0.011225677,-1.2644137;-0.85351014,-1.0879475;0.5421251,0.8350279;-0.5974482,0.992367;-0.29480988,0.21496825;-1.791415,-0.37921882;-1.2415274,0.69646364;-0.05633515,-0.033727407;0.52198476,0.12240523;0.0075893225,0.43908316;0.6141997,0.6177141;0.13696264,-0.5868908;0.02033378,-1.3562403;0.27826267,-0.1658838;-1.2788088,-0.34216842;0.11388543,0.1967206;0.8258145,1.8722101;1.8881342,-0.4335189;0.6599062,0.031681392;1.0368983,-0.3153461;1.115286,0.15297109;-0.7452451,-1.0081185;0.7119044,-0.08609324;0.4659342,0.16916186;1.6068842,-0.29670987;0.3501776,0.20279378;0.83056575,1.8061389;-0.23553723,-1.2748958;-1.0167993,0.9423397;0.58149207,0.26866686;1.5351216,-0.3386229;-1.433582,0.9136012;0.55493647,0.09634535;-0.39512762,-2.1031878;0.6991341,-0.17668243;0.08197798,-1.411414;-0.7626178,-1.1018189;0.8273834,-0.20273368;-0.3243127,0.29749182;-0.20579757,-1.2050693;1.5204517,-0.3329094;-0.89179176,1.3986163;-1.160993,0.7998256;-0.44526905,1.5068655;-0.49363095,-2.1052997;0.7090309,1.2425697;0.7942847,1.244872;-0.80366075,1.1740515;1.6910423,-0.19136895;1.2262306,-0.11423995;0.11875453,-1.3617439;-0.6731182,-1.1605479;-0.027112933,-1.3294721;-0.007051027,0.008446369;-1.6216867,-0.35619766;-0.36494234,1.4626243;-0.55201817,-2.273055;-0.3876151,-0.0349866;0.34522736,0.2084868;-0.4134694,0.22661754;0.09573564,0.2554525;-1.9997399,-0.22033045;-0.075047135,0.04851863;1.3892484,-0.0071386257;0.39853182,0.03868515;0.6894053,1.3470308;-1.0625222,1.1655003;-1.4615204,-0.27702224;-0.3366218,0.58786505;1.3543203,-0.35176903;1.6828889,-0.61791635;-0.47459808,-2.1393197;-0.63906246,1.0140406;1.3004159,-0.18305655;0.19781172,-0.042542595;0.5038926,0.9600845;0.9386522,-0.22925203;0.69607466,1.4808303;1.732642,-0.29558542;0.046804447,-1.3362489;1.1450229,-0.2506962;0.82582647,1.8722329;-0.54336,-1.2106626;1.8315896,-0.6984438;-0.31565014,0.026542116;-0.47652614,-0.019184234;-0.7499723,-2.1382139;0.72227246,-0.08928454;-0.3585648,-0.020779926;1.0705388,0.08341286;0.7312955,0.7814094;0.5078157,-0.10294721;0.2886089,-0.07549048;-0.23340148,-1.2216419;-0.87319416,1.0176969;1.9161824,-0.7553675;-0.050682094,-0.45611662;-0.8038988,0.5495636;-0.75794894,1.4360982;-0.38248366,0.07714896;1.4845264,-0.18575743;0.8066732,1.5815074;-0.47607693,-2.2015805;-1.3854066,-0.3177213;-1.148868,-0.2865829;0.13094445,-0.4088829;0.81729877,1.3897222;-1.6032629,-0.30109185;1.7952062,-0.59404796;-1.071776,-2.3581836;-1.9142737,-0.3421814;-1.1997362,-0.24524817;1.6064816,-0.34143448;0.22532026,-0.27156773;-0.23369952,-1.0639417;1.6481725,-0.40905747;0.6502139,1.2667279;-0.070413366,0.45802975;-0.2172505,1.4700063;1.1990532,0.07085325;1.5721626,-0.5077018;-0.16756622,-1.2963425;1.2167162,-0.37347922;-0.88800293,1.1260897;1.5648919,-0.05638862;0.06486204,0.05518047;0.7995786,1.2943628;-0.070215374,1.3773621;-1.2081608,0.70354766;1.1718875,0.17846209;1.7692456,-0.44158202;-1.572956,-0.34245;0.66305375,-0.019410975;-1.5124097,-0.30293977;-0.6818274,1.452857;0.62400687,0.89873224;-0.5408117,-2.165281;0.72774523,0.8913707;1.4351586,-0.00071167835;0.65225106,1.5320902;-0.6679958,0.551706;-0.91463214,-2.364738;0.8101786,1.7508246;0.7522719,0.3470878;-0.817873,1.1791124;-0.04479039,-0.3544692;-0.5016051,-2.3029914;1.3428029,-0.26060984;2.0657501,-0.7486182;-1.7463049,-0.16182202;0.080705754,0.16812888;-1.1768943,0.83389986;1.0079061,0.010077864;0.834836,1.7288543;1.5266305,-0.109989725;-0.13469945,1.3808429;-1.5016752,0.9286318;0.33661023,-0.020186072;0.5843187,0.8303538;1.8216567,-0.53711945;0.89848894,-0.19165924;-0.849005,-2.3684576;-0.684511,-2.3010495;-0.20842436,-0.010983535;-1.1855595,-0.30554652;-1.1907728,0.9015554;-0.6727329,-2.3373654;-0.613535,0.5612106;-0.5332293,1.4784393;-0.12425957,0.3884608;0.64208555,0.31129262;0.17124279,-0.51853466;-1.0775791,0.5711869;-0.33700743,0.32025203;-1.0975916,1.2819862;1.9981301,-0.52198195;0.073290385,-0.3506243;0.097179644,0.34521013;0.63366216,1.320669;0.24175054,-0.33196634;0.66891545,0.9903871;-0.46213955,-1.0922639;1.6680678,-0.3739212;0.42464963,0.24129263;-0.46110415,1.5035129;0.9842422,-0.02544844;-1.086984,0.602388;0.80617356,1.3623415;0.81730676,1.6805308;0.33347508,-0.18943028;-0.059834965,-0.23868147;-0.9013509,-2.3673055;1.4175948,-0.19430408;-0.3693115,0.19485141;1.6760004,-0.25457236;0.7169635,1.0219276;-0.62718433,-1.010625;0.7044487,0.78750813;-1.0327082,0.59789586;-0.6144451,1.0273118;-1.2802676,-0.27493328;-0.4610111,1.6124358;1.792933,-0.6386776;-0.7569548,0.5199139;-0.44282988,-1.1629754;1.2556248,-0.25247929;-0.7935334,-2.3905272;-1.3498706,0.97067547;-0.6609334,1.0758871;2.0386734,-0.6810263;0.6797528,1.513616;-0.9048811,1.1213139;-0.6664068,-1.0036623;2.0240328,-0.7007351;1.2392973,-0.62782013;-0.7102178,0.367601;-1.1716268,-0.2260965;1.8893062,-0.5052531;0.046364874,0.013854627;-0.37033787,0.57914066;-0.58893025,-1.0422204;0.77651906,0.40278676;-0.6728132,-1.0502666;-0.6517248,1.5305156;1.1870596,0.15968466;1.7178411,-0.62156725;-1.7556254,-0.30116197;0.86975014,1.7280343;0.61939675,0.04338085;1.6089265,-0.2572299;-0.6642492,1.4020143;-0.49161777,-1.1234359;-0.09877523,1.3958387;0.17110081,0.37234607;0.731752,0.7597964;0.7504768,0.35744783;-1.068669,1.2254888;1.4791441,-0.050337635;-0.96826977,0.83303547;2.0401533,-0.7639285;0.7923964,-0.04142073;-1.0487058,-2.362491;1.5880697,-0.27821413;1.9508197,-0.63142884;1.1733077,0.13347192;-0.7581768,-2.2192693;-1.0983154,1.2106133;0.43144527,0.327281;2.037559,-0.60157824;-0.86710703,1.0482765;1.7043408,-0.40432233;-1.4700642,0.94557697;1.3980724,0.09027676;-1.1377629,1.2438519;1.8375385,-0.67319864;-1.1375597,1.2033985;-0.58350474,-2.187537;-0.38261834,-1.2671744;1.7128649,-0.42605442;-0.85538596,0.4952404;0.07838711,0.3046341;-0.63817513,-2.2874022;0.4443504,0.20789263;0.85100543,0.14054078;-0.4272895,0.5590331;-0.27229115,0.47144848;-0.38664192,1.4259932;-0.4020833,1.5578469;-1.3259094,-0.32694846;0.099971116,-0.31005922;-0.114305496,0.40936032;-0.7283358,-2.295157;1.4382377,-0.1184017;0.75411415,1.3668419;-0.7195342,0.5956828;1.2798531,-0.19915943;-0.7088596,1.4931661;0.73494303,0.51951116;-0.2731419,-1.2371018;1.3241247,-0.14685214;-1.9624051,-0.32696816;-0.48818105,-2.244685;0.7162712,1.0961564;1.8479483,-0.70442384;-0.11012904,-0.010323434;0.08642055,-1.3086144;0.79598266,1.4354879;1.3298783,-0.20049563;1.475217,-0.29654956;-0.072258756,0.4821585;1.0208511,-0.037815414;-0.5806821,-2.2365856;0.23695537,-0.0966775;1.4436582,-0.06049893;-2.016263,-0.1886437;1.8539337,-0.65756524;-0.7928466,-1.0888782;-0.22344227,-1.1328598;1.4474442,-0.2996046;-0.1393334,0.29557085;2.0372012,-0.56948143;-0.6564368,-1.0220016;-0.38855717,0.53976744;0.83990115,0.3844805;0.17639528,-1.3485228;-0.7042731,-1.0062379;0.035991978,-1.3102269;-0.0042476896,0.3887074;-0.35878038,-1.1903439;-1.3515,-0.268972;-0.13930488,1.3939896;0.72975266,1.4076031;0.34382737,-0.23642652;-0.19440654,1.4447211;-0.2232382,0.053410716;-1.5326227,0.93740225;-0.9681972,-2.374719;0.02697567,-1.362258;1.8551106,-0.7562332;0.17241243,-0.21807072;-0.6141946,0.54028577;-0.5301222,-1.0789241;-0.8140554,-2.3539164;-1.293426,0.73791635;1.7431813,-0.5875434;1.1755282,-0.020562876;-0.7605834,-2.3559277;0.7024313,-0.045084145;-0.33922035,0.03459399;1.0569601,-0.11736727;-0.6536396,0.99274206;-0.267708,-1.2840046;-1.0608584,0.8889581;0.2110646,0.28270236;1.8329762,-0.5743237;0.866321,0.055213384;-0.5118445,-1.2163213;-0.1851738,-1.2640814;-0.76156676,0.57863307;1.138011,-0.01966228;1.8854918,-0.60802346;-0.08554681,-0.46580833;-0.30112052,1.5017635;-0.7412112,-2.265077;-0.8167271,0.6118809;-0.5835444,0.9883336;-0.76373386,1.478909;0.88373333,-0.18321057;-1.2215095,0.7244432;0.33250964,0.04923631;0.59958524,0.3265412;0.8744271,1.8137023;0.6761003,0.29148462;0.09932151,-0.54065156;1.3501371,-0.40317145;-0.10330361,-0.085018285;-0.748517,-2.3709943;-1.9026586,-0.275326;0.70783406,0.09975148;-0.042593867,0.2893096;1.671438,-0.06726383;-0.6374434,-0.9773695;-0.5998144,-1.0781457;1.2293361,0.18535724;2.0202239,-0.6883147;-1.0498953,-2.361992;-1.5489882,-0.23689541;-1.2576087,0.72944903;0.10606547,-0.4698977;0.8272088,-0.054610338;-0.30522254,-0.8826568;0.6419291,0.5779648;-1.5339797,0.91644293;-0.9976674,0.8512927;-1.5585551,-0.27382222;-0.56193775,-0.9742812;0.6743793,1.1792831;-0.23186435,1.3848253;-1.3158903,-0.32368633;-0.0247058,1.3223503;0.75166357,1.0813342;-0.88690925,1.0843061;0.03317127,0.5592834;1.2183795,-0.34246436;-0.359718,1.5198058;-1.4158204,-0.32878485;-1.106731,0.581935;0.45443308,-0.018485239;1.1048956,-0.056203384;1.7948577,-0.6719599;1.1208065,0.2126892;-0.5298053,-1.2251346;-0.3784217,1.3767978;-0.32549942,1.4297726;-0.15435371,0.044439137;-1.131411,0.8942487;-0.7769098,1.4661915;0.7525291,0.9946117;0.6496121,1.4022601;0.7274852,0.1795806;-0.5716836,-0.91581494;-1.5060668,0.917344;-1.874339,-0.19064087;1.3802106,-0.37060055;1.0813732,-0.14567004;2.0162103,-0.5608363;-0.82407194,1.1242166;-1.215848,-0.23674244;-0.040030062,-0.2918666;-0.15284973,-0.015785579;0.08904704,-1.349913;-1.1243274,0.6111617;1.2856531,-0.1637467;1.9050019,-0.6333293;0.56753296,0.11271045;-0.014632793,-0.3523771;0.0540589,-0.33194178;0.72352153,0.8118619;0.6752898,0.405465;-0.3977258,0.57181567;0.43650767,0.30086473;0.7121114,1.1704445;-1.5941665,-0.37036425;0.7298917,1.2365605;-0.6724125,0.48560014;0.7729699,0.33704385;-0.31553465,-0.939734;-0.7359365,1.0553744;1.8916919,-0.60994005;1.8301933,-0.45154712;-0.78986627,0.56609595;-1.2436223,-0.23065285;0.53518724,0.8745672;2.0295956,-0.719746;-0.9262556,1.0471814;0.41913968,-0.14389426;-0.083873175,-0.45815337;1.4619385,-0.20607726;-0.7138698,1.0203725;0.75602305,1.4418818;0.8682814,1.8203243;-0.6386501,-2.247734;-1.9439487,-0.21987382;-0.46550637,-2.1600492;-0.5684345,0.28789344;-0.068327814,-0.3971109;-1.8260943,-0.25565982;-1.0436325,0.798797;-0.76131856,1.063815;0.765757,1.5767956;0.32549766,0.39906442
p3d-kl
0.43605390191078186
p3d-iter
599
p3d
-1.770256,0.32676584,0.6034957;0.70680714,-0.2865054,0.8413379;-0.80080837,-0.73875535,-0.8264833;-1.6830866,0.30660677,0.5913594;-1.6562392,-1.6959623,-0.42346478;-1.6444223,0.6180221,0.20717752;0.12419716,-1.7078141,-1.3526793;-1.0543227,0.40211168,-0.07155272;0.09951388,0.4134222,0.13271795;0.77246314,-0.04858076,0.58867544;-1.2274367,-1.1290846,-0.6485311;0.31814668,-0.69812447,-0.8554645;-0.66673195,-0.07974844,-0.22345123;0.19941612,0.84811664,-1.009077;1.484595,0.8514433,0.019173475;-1.2706226,-1.2119851,-0.6354035;0.07523145,-1.6959884,-1.2836081;-1.4051002,-1.3094622,-0.74076045;0.45834664,-0.05896092,-0.2773097;0.8325918,0.67707986,0.47005802;-1.4123707,0.70955014,-0.052834805;-0.58405215,0.7563235,1.5891793;0.96128696,0.88532895,0.67398065;2.0035744,1.6336255,0.5697171;1.5581416,0.7201629,0.1708462;-0.5192,1.0006281,-1.4841987;-0.7809754,1.1380144,-1.795531;-1.1073844,-1.0097269,-0.934827;-0.72286075,-0.009084446,-0.22119789;1.3671907,0.54298985,0.79276794;-1.2794907,0.3571507,0.26915094;-1.0390853,0.5993461,1.590114;-1.7265413,-1.6782441,-0.39476871;-1.4992694,-1.6977743,-0.6068195;0.39471462,-0.63572764,1.0076617;-0.8661533,0.6432883,1.6623485;-0.1191619,-0.8737461,1.2907004;0.4024744,-0.6479183,-0.6682229;0.579062,0.13087136,-0.14633703;-0.31742644,0.2528838,-0.44003412;-0.54583883,-1.7186667,2.1933463;1.6323388,0.15996344,-0.25284895;0.92367846,0.11060034,-0.096932754;0.10081188,-0.08432857,-0.41829693;0.10492501,-1.2566195,-0.9934013;-0.03544969,-0.23097104,-0.8495429;0.8457082,0.42656717,0.10221715;-0.51011497,-1.5809877,2.1222973;0.04699701,0.809594,1.0863798;0.48738188,1.1332709,-1.2459898;0.19664036,1.0974991,-1.3712175;-0.2654218,0.7347944,1.5328201;0.90018153,0.082748726,-0.27161118;1.1284153,0.46629474,-0.03128882;-0.70725024,-0.077753924,-0.25353533;-0.64800173,1.1156435,-1.6547991;-0.043595962,-0.27483428,-0.78375494;-0.746619,0.72884446,-0.16733259;-1.2542089,0.23767209,0.38659644;-1.3811407,0.4202671,0.9548147;-1.7163782,0.34987193,0.60424805;-0.38881314,0.9382858,1.3929222;-0.3817601,-1.5946898,2.0117362;2.2681797,1.2450336,0.082346626;-0.39492488,-0.043845963,-0.102135114;-1.5594172,-1.445031,-0.64658076;1.7725438,1.1330857,0.14416525;1.8516059,1.0096798,0.7430877;-1.1452957,0.6157829,1.4054871;0.5222099,-0.14693365,0.12189245;0.13684359,-1.8944727,-1.6078224;-1.2935239,0.3192666,0.3825341;0.46034577,-0.9846836,-1.0739996;0.6148428,1.0891751,-1.2622405;-0.025493875,-1.304085,1.6623353;-1.8038568,-1.7287918,-0.546591;0.37548605,-0.1858842,-0.5685597;-1.9262145,-1.7854542,-0.428605;-0.92711306,0.07132394,-0.05856408;-0.49239,0.9243871,1.3894519;-0.23310645,-2.1901693,-1.5305297;0.0059043015,-1.0936084,1.2839899;-0.577938,1.0761259,-1.9108136;-0.17736934,-0.03324012,-0.5770315;-0.81456625,0.7685992,1.6057863;0.02983162,-1.8719671,-1.4575161;-0.5028705,-2.4929857,-1.5498772;-1.751248,0.31798583,0.6218818;-1.58795,-1.603138,-0.43426841;-1.3836627,-1.2690662,-0.7959391;-0.42250875,-1.6003021,1.984661;0.10077339,-1.2719204,1.4463508;-1.227173,0.8119475,-0.11893639;-0.11619384,-1.2382925,1.7368006;1.3985473,0.5493389,0.71093935;-1.4137967,-1.4307512,-0.5756488;-0.10868106,-0.25997633,-0.6675909;-1.4013411,-1.2971798,-0.72633;0.2430741,0.79051626,-0.92216825;1.4999411,1.0219198,0.020347338;-0.5558808,1.1879859,-1.9676796;-0.064416945,-1.126198,1.435846;-0.77926886,0.2858415,0.82366043;1.6880723,0.27939758,-0.12949708;1.0799804,0.30819637,0.16631773;-1.3223779,0.78867674,-0.16207325;0.42991173,0.92671686,-1.186182;1.6824262,0.8651947,0.96117175;-1.2543846,0.34256238,0.9412561;-0.07336437,1.1529171,-1.5190563;-0.58295846,-1.7600696,2.2683582;1.9016422,1.1670892,0.33249176;-1.3249973,-1.1796894,-0.77873564;-1.4812104,0.8119204,0.026227778;-0.21289705,0.104075946,0.021916542;0.4912794,-0.5565899,-0.695433;1.2137495,0.6443911,0.60764647;1.2516559,0.40810353,0.92437345;1.035708,0.27421102,0.30179834;0.33826628,0.67241275,0.78290427;0.10876456,1.0861456,-1.4862102;0.16916849,-1.1147763,1.4306207;0.55329156,-0.12015543,0.6624378;-0.78028244,0.17373987,-0.06745976;-0.7962138,1.138402,-1.7082326;-1.0432986,0.5942114,1.5776534;0.3728131,-1.184196,-1.1164105;0.43783027,-0.009143517,-0.17620867;0.47207224,-1.0673442,-0.96658957;-0.22724012,-0.9253827,1.344895;-0.024074713,-1.850451,-1.5667454;0.760519,0.60978806,-0.35334694;0.49840763,-0.3128197,0.77305675;0.8359168,-0.15669101,-0.19575159;0.3592234,-0.307246,-0.6038472;-0.45693782,-1.6410047,2.033523;-0.89335406,0.38881645,0.9857214;-1.2902162,-1.3148878,-0.6403942;0.051350247,-0.5294283,0.9303362;1.8826734,0.75315875,0.26710126;-1.1272899,0.5623966,1.5221908;-1.3880147,0.34340093,0.39705718;1.0179003,0.8921308,0.48329568;-0.50932604,-0.17302161,-0.32261154;1.6733606,1.2562456,-0.32690245;-1.4605545,-1.444659,-0.62410706;1.1647658,0.62487304,-0.09112452;-1.6385009,-1.7173957,-0.8292849;-1.0877712,-1.0097979,-0.7979664;-0.5075269,-0.51933765,-0.346691;1.6042757,0.10706545,-0.31039858;-0.27967396,-1.7388235,-1.4205106;-0.43542016,-0.12914981,-0.091570966;-0.9270752,0.48802173,0.81486636;0.06702991,1.1105326,-1.3347231;-0.18716973,-1.2092304,1.6090109;0.6129801,-0.38795665,-0.10226114;1.0320376,0.68036455,-0.30398816;-0.04111671,0.8323114,1.1895888;-0.857931,0.85114014,-0.1766403;-0.7619345,0.949634,-1.637476;0.76980406,0.08138345,0.2743417;0.108432,0.97532654,-1.2446618;0.24312378,-0.81568605,-0.9281019;0.0085497135,-0.5644732,0.9637605;0.05260328,-1.7220943,-1.4709259;-0.2830679,0.21871457,-0.33413064;-0.18924518,-0.13816984,-0.5930991;-0.008810894,-0.38661188,-0.7195312;-0.32624188,0.86276245,-1.8785199;-0.68202466,0.79272145,1.5005941;0.4340005,0.33358884,0.38037574;-0.20248365,0.23673466,-0.17222525;0.47567743,-0.7241744,1.127737;2.026861,1.6224642,0.53211176;-0.8487508,0.6269284,1.6298087;-1.4109862,-1.4183186,-0.5742042;-0.0019410101,0.98559135,-1.5174532;0.04916322,0.8421275,1.1691939;1.1687921,0.8830095,0.28925428;-1.6651577,0.6250805,0.22529048;0.14307848,0.27562633,0.23351441;-0.8019062,0.7510506,-0.22952929;-1.5926763,0.67293453,0.14496444;-0.3562131,0.8454667,-1.4784685;-0.38807192,-1.5637174,1.9703543;-1.4637275,0.4852541,1.1345112;1.6776366,0.24690741,-0.16357465;-0.9716926,-0.78038776,-0.81559116;-1.3755033,0.4467896,1.116729;-1.3401518,0.6510174,-0.14260149;-1.6933876,-1.634891,-0.4007083;-0.269558,-1.9948343,-1.4944024;-1.9668825,0.1959047,0.66494626;1.5795815,0.9524613,0.22997098;-0.2139552,-2.2073317,-1.5202003;1.0524708,0.48159617,0.04685216;-0.08561394,0.12328908,-0.032571595;-0.05004345,-0.78362757,1.1738392;1.711636,1.2742431,-0.28132108;-1.2267157,0.3523696,0.14169897;-0.3879548,0.8566008,1.586481;-0.2543684,0.1784025,0.032910153;0.622527,1.2885792,-1.1770777;-1.2540914,0.18488504,0.31369972;-0.092971325,-1.390607,1.8134363;-0.81950253,-0.6172945,-0.71583813;-1.7855996,0.30168888,0.6409808;1.75068,1.000698,1.0236762;1.5115335,0.40320152,0.29495814;-0.24556677,-1.236004,1.7619431;0.112674244,1.047437,-1.5517839;-1.1951808,0.27576712,0.5159269;1.9994365,1.0292419,0.7729423;2.1473722,1.2544806,0.15793936;-0.6294131,1.0250347,-1.6190454;0.12537043,-0.55527127,0.979131;-1.5633417,0.6529249,0.09475421;-1.8421954,0.2690253,0.63550967;1.3900118,0.12363073,0.519727;-0.17376694,-1.2260306,1.6050473;-0.33497164,0.5805934,0.81774724;-1.1079901,-1.2341602,-0.8706225;0.49534824,0.13021374,0.12608397;-0.14565822,1.1088221,-1.5799708;-0.02604064,0.8487108,1.2242397;0.5586956,0.0056186826,0.5268782;-0.046012025,-1.815634,-1.436023;-0.3661221,-1.5714011,1.855625;0.2581002,-0.1845697,0.25755018;-0.26466796,0.85919166,1.3309791;2.281129,1.4151318,0.23206067;-1.3345779,0.20833558,0.3938316;-0.49273637,0.9137876,1.3298707;1.6618782,1.3924112,0.5182782;0.067638434,1.1597068,-1.5485543;1.1229572,-0.04704603,0.44045112;1.7268326,0.9490041,0.7130135;-0.24202937,0.8943782,-1.844115;1.2054175,0.89600277,0.06934185;-0.75980294,0.733681,-0.17957751;-1.6122135,-1.5306163,-0.41388205;0.1902575,-1.6227854,-1.2399966;1.5866401,0.8959648,0.015176922;-0.7328007,-0.62641305,-0.90516865;-1.616384,-1.4886857,-0.65131176;-0.36918452,-2.2653642,-1.458231;0.6007801,-0.2671921,-0.46121547;1.4901099,0.7992288,0.90238786;0.45964402,-0.78633076,-1.0076834;0.55269986,1.1385554,-1.2725776;1.2902136,0.8778861,-0.046787392;0.23169157,-1.0446507,1.0338107;2.0945199,1.3275441,0.27301133;-0.6361352,1.2002696,-1.9784291;0.29718223,1.1379043,-1.4216195;-0.6115854,0.6424812,1.6721592;2.1968403,1.5613179,0.2359792;-0.24976957,-0.36518937,-0.74963593;-0.38146684,-2.3877044,-1.5708064;-0.07319428,-2.0481412,-1.6046613;-0.17209995,0.81483525,1.2714744;-0.8732299,0.7782118,-0.17482804;-0.40518504,0.72299576,1.6314996;0.5733051,0.25298008,0.032329258;-0.34629577,-1.3356045,1.8286675;0.40785757,-0.76756686,-0.6356312;-0.60139084,0.7675405,-1.708627;0.47998562,-0.21286985,0.6424729;0.5714896,1.0255756,-1.2047443;-1.5043257,-1.5651524,-0.609083;-1.0045799,0.3470842,1.0075992;0.8893312,0.75992787,0.44164285;-1.1271952,-1.1050903,-0.8575546;0.23305058,-0.20239958,0.10553916;-1.0016013,0.39816335,1.1529043;1.3314447,0.6487984,0.8939628;-1.6777327,0.29953212,0.7070305;-1.0253131,0.18474564,0.8169837;-0.43288854,-1.531016,2.046066;-0.5405566,-1.7156305,2.1878269;0.34515876,-1.3679833,-0.9266361;0.2357072,0.7739458,0.95885617;1.5758227,0.9043013,0.722936;-0.18325193,-1.9936488,-1.6211431;-0.33245188,0.77167076,1.5616587;0.5909065,-0.3642309,0.87356055;1.1805769,0.0058356756,0.33479494;0.24515954,-1.5669705,-1.202802;-0.22888248,-1.2039474,1.5333184;-1.5938355,-1.5005678,-0.6731327;1.2722193,0.61870253,0.5277891;0.2999834,1.0975305,-1.3898444;-1.0262923,-0.82876945,-0.86338425;-1.4236453,-1.2878064,-0.71775717;0.04791944,-1.2173532,-1.1353774;0.8831905,-0.046528656,-0.18856017;1.8750911,1.3637861,0.33132932;-0.8213842,0.2692371,-0.08998634;0.096112505,-0.53771555,0.9532523;-0.010241629,-1.3424194,1.7044922;2.3276558,1.4648218,0.26791072;1.0883152,0.7777638,0.20729467;-0.16681202,0.85692495,1.3559549;-0.45228183,-0.029060658,-0.002723491;0.5492303,-0.82506907,-0.48795086;-0.4104288,-1.4044662,1.9218669;-0.041906334,0.059582856,0.37588525;1.8240445,1.0195688,0.5886174;-0.76098037,-0.6440915,-0.82054025;0.48330233,-1.0828645,-0.8328058;0.9158456,0.5601137,-0.16259038;1.9477508,1.3298967,0.41433132;0.17033507,1.0150919,-1.3425939;1.6273963,1.0362773,0.23371784;-0.40728498,0.8507159,1.5278156;0.7186787,1.1822838,-1.163196;-0.44959468,0.6540642,1.3991678;1.0306473,0.50930375,0.07925909;0.32406685,-0.5331762,-0.7271356;-0.19417267,-2.1605463,-1.4857235;-1.7745254,-1.7693298,-0.51105696;0.88202,-0.31222862,0.2925358;-0.43643865,-2.2231705,-1.5136586;0.6045955,0.28989717,-0.26265454;0.13901848,-1.2119946,1.4985521;-0.2807309,0.6954988,-1.1292704;-0.39394143,-2.2693994,-1.6999032;-0.040043283,-0.2360838,-0.5991349;-0.2782169,0.54411775,-0.97045076;-0.9788936,-0.9105129,-0.70482767;-0.58449084,0.7827611,1.5596919;0.21526206,-0.09709099,0.117877185;-0.7853785,0.14888492,0.68674517;0.5135911,0.16770002,0.17826991;-1.4335077,0.4598344,1.2420988;-1.3180217,0.59055626,-0.090708755;2.3481166,1.5964012,0.29166725;-1.496238,0.5616143,-0.0480528;2.1640036,1.5296475,0.1465924;-1.698854,0.5776018,0.2936589;0.4537454,-1.1539409,-0.96527314;-0.043624133,0.833892,1.1949662;-1.6085353,-1.5024383,-0.37939376;0.2155537,-1.6166763,-1.3641188;-0.27979884,0.9047892,1.4388945;-0.33232787,0.10313385,0.0449497;-1.0986437,0.63591814,-0.167759;1.8962804,1.3938109,0.20836683;-1.9275825,-1.7891712,-0.4334343;-0.94511503,1.3898019,-1.787768;0.76797336,0.49988118,-0.09304247;-0.20535812,-2.0713995,-1.3949043;0.058678076,1.164952,-1.6856849;1.851511,1.0338233,0.44264054;-0.25124058,-1.142603,1.5556697;-1.1277713,0.58063686,1.5443374;-0.2844876,0.5626986,0.015821088;0.07383337,-1.6961608,-1.4144331;-0.81331986,0.83493066,-0.18518846;0.22678034,-1.8403121,-1.2008737;0.2352286,-1.0072691,1.0147003;0.551469,-0.7484049,-0.43380964;-0.6679139,-0.06760594,-0.21214138;2.0381777,0.9571545,0.23358366;-0.51030636,-2.5031314,-1.5470326;0.3283991,-0.20709026,-0.38923147;-0.43727973,0.7597736,-0.04374836;-1.8844296,0.24608742,0.6475323;1.5057065,1.2615877,0.6601183;-1.6062557,0.674885,0.18141548;1.5051695,0.096765496,0.6761015;0.20924912,-0.91264695,-0.8122932;1.5743192,0.9003243,0.06207349;-0.49703294,0.7851677,1.5649886;-0.3072981,1.1136405,-1.4898584;-1.6843383,-1.6625379,-0.5728919;0.17602618,-1.050735,1.0211312;0.85513186,0.026440391,0.34226352;-0.37209314,0.8500312,-1.4554458;-0.31459433,-1.5661324,1.9696125;2.198955,1.2239549,0.5445253;2.0688713,1.3782891,0.53024304;1.5397078,1.2818372,0.62289065;1.0834678,0.7214886,0.69856167;-0.7560676,-0.5714139,-0.7275434;-0.7901139,0.67202765,1.3210504;-0.17529035,0.8521552,1.320005;0.9307948,0.7716804,1.0035737;-0.48100826,-0.1843853,-0.37533835;-1.2976261,-1.2178078,-0.6604543;-1.0053865,0.61956275,-0.12830503;0.69143593,-0.29453605,0.8650564;0.639444,1.1111227,-1.2188351;-1.0051689,0.3021414,0.8895893;-0.666732,0.77980566,1.5179664;-0.842658,1.0207317,-1.8618017;-1.9293072,0.25500888,0.76686305;0.22416206,-0.97240573,1.246389;0.55626786,-0.6588721,-0.388924;0.2888668,1.1369083,-1.4339664;-0.49960056,-2.4967518,-1.5446346;-0.72072077,1.1258798,-1.6839685;-1.005706,-0.83531654,-0.7606181;-0.72490364,0.5262685,1.6028141;-0.11391913,-0.2648441,-0.66201204;-0.34243515,0.2516523,-0.5587398;0.91865426,0.71972394,0.7383442;1.4035466,1.1485393,0.6309425;-0.47528923,-0.2558528,-0.44600672;-0.6679966,1.2051585,-1.9390479;0.4122273,-1.2293994,-0.97237945;0.08314971,-1.0009023,1.2394165;-0.436509,0.7019043,-0.03034847;-0.39591038,0.6707066,1.4893001;0.68094623,1.1013845,-1.2180997;1.2748051,0.0321436,0.29278067;-0.3105254,-0.31065038,-0.6641387;-0.2554892,0.28110585,-0.25585726;0.11404527,-0.9731438,1.07019;1.0166404,0.96443,0.43035048;0.7967312,0.08108881,0.282558;-0.4427818,-1.6193537,2.0860412;0.5341313,-0.06335885,0.40937212;-0.33988857,0.9335897,-1.6276072;-0.9820449,-0.7594869,-0.736771;0.8893907,-0.30263588,0.30135858;0.26937345,0.7583768,0.92606175;-0.5557201,1.1392082,-1.9121977;1.3695023,0.1377297,0.38635072;-1.3684584,0.4625936,1.2289084;-0.4988846,-0.352319,-0.66933936;-1.2314743,-1.2822078,-0.83929527;1.1555359,0.7931885,-0.2087559;-0.9358991,0.6411492,1.4506681;0.0009190207,-1.9549458,-1.4520867;1.6660808,1.0780278,0.20647253;0.8578296,-0.0120015135,0.40734878;0.5411991,-0.16360518,0.27690226;0.7711305,0.5088042,-0.058857888;-0.7937403,1.1334474,-1.7473685;-1.5147095,0.3207779,0.61800814;1.6738358,0.9081469,0.97979164;0.69031537,-0.398291,-0.25444627;-0.34784862,0.81652665,-1.789941;0.43108627,-0.4217516,-0.4099857;0.12688869,0.28587267,0.08531491;-0.95930445,0.763396,-0.17531611;0.9208326,0.11154428,0.11228223;-1.9270952,-1.7908119,-0.43413347;-1.6389666,-1.5825704,-0.5115593;1.4612612,0.60949576,0.6486306;-1.6918681,-1.6648722,-0.71190256;0.13043086,-1.0322893,-0.93851984;-0.013906121,-1.0903385,1.1722965;-1.2618505,-1.1663486,-0.6408753;0.33043242,1.1851829,-1.3454124;-1.4667473,0.23281802,0.45925608;0.30679598,-0.8685983,-1.0753692;-1.4580603,0.6992863,0.026335893;-0.2769648,-1.1268936,1.5156586;1.9251155,0.78537023,0.26505855;0.98601466,0.74001634,-0.25395796;-0.7943579,0.68664247,1.6184847;-0.05508698,-1.7645478,-1.2441043;0.11998582,-1.7587727,-1.266688;-0.31207225,0.89787984,-1.9033223;1.5297692,0.4732283,0.28496507;0.5418113,1.0242435,-1.2695929;-0.7081596,0.6260687,1.556731;-1.7703526,0.29856563,0.64374876;-1.0795515,0.52057225,1.4724075;-0.052223243,0.030785728,0.46442905;-0.25215006,0.12975389,0.33493444;-1.7192432,-1.6572479,-0.5820798;0.105213284,-1.1026262,-1.0306433;0.4612442,-0.66209364,1.0919102;-0.29938883,-0.36676642,-0.69018644;0.11973358,-1.4482287,-1.2567415;0.19768919,-0.99881804,1.0845807;-0.76671946,1.1849781,-1.7053711;0.61312646,0.38595238,-0.28606367;-1.3956587,0.42085087,0.93022835;-0.06630745,0.08681776,0.4049373;0.3444426,-0.7954011,-0.63177246;0.6832132,1.1106675,-1.2155093;-0.24032964,-1.316282,1.8712279;-0.62595767,0.7653869,-0.13354519;0.0016690978,0.96137196,-1.3046355;-0.39318705,-1.1425915,1.5027502;-1.7533368,-1.6837826,-0.5922423;0.18401897,1.1663414,-1.5111034;1.0641955,0.67754716,-0.29958415;0.23111026,-0.59322023,-1.1218132;0.50505984,-0.11870711,0.34020388;-0.8982653,-0.72398996,-0.76366854;-0.07096732,0.52149814,0.12177592;0.26657656,1.1123936,-1.2702633;-0.93209684,0.89196193,-0.17822272;1.1850016,0.67827845,0.5677242;-1.5178145,-1.7256291,-0.4396028;0.7885867,-0.2017299,-0.15400337;0.84441537,0.014721291,0.30221215;-1.1044084,0.23833959,0.10797579;0.2446613,-0.8102478,0.89409333;-1.5099009,-1.5144905,-0.5238576;-0.6090301,1.0307348,-1.6444418;0.21368437,0.77661586,0.9700401;-0.043676134,0.12341026,0.19819583;0.39709494,0.9514778,-1.2240597;-0.1383554,1.1160342,-1.6300887;-0.2632436,0.68861115,1.5541404;-0.21410586,0.87708217,-1.265889;0.017642168,0.4353416,0.08553586;0.13278477,0.21610522,-0.21877879;0.08370725,-1.2175853,1.4414479;2.1482787,1.3577956,0.35198417;1.3881333,0.21468785,0.3942248;-0.8051074,0.51500094,-0.15133914;1.6636348,0.22159262,-0.18536578;-0.9778568,0.58134156,1.5041884;-1.341323,0.42315465,1.0512835;-1.02848,0.2146735,0.04805656;1.6842622,1.070779,0.804907;0.38391867,-0.84883857,-1.0579715;-1.5063014,0.6756499,0.03247686;-0.6647895,0.8110535,1.5638698;-0.3896827,-2.0943189,-1.5273634;-0.3654206,0.22146645,-0.4246199;-1.2902384,0.7670348,-0.10553908;-0.36626193,-2.3309412,-1.5732144;0.9900452,0.69865966,-0.21691556;0.14081407,-1.8784837,-1.5621462;0.80179715,0.6460519,0.029699054;0.19044511,-0.6294875,0.8878153;-0.12569195,-2.1006517,-1.4918679;-0.26727968,0.96258587,-1.7151703;-1.5575861,0.8410145,0.09169971;1.4163097,1.066211,0.5425228;-0.33924547,0.87746596,-1.7168636;-0.08735702,-1.9447494,-1.4036733;-1.3631074,0.47869053,1.2555927;-0.4247222,0.75608563,-0.04139807;-1.3168879,0.86792374,-0.12294014;-1.5580021,-1.3638892,-0.3842147;0.04489012,-1.9806917,-1.5613301;-0.6028202,-0.4514694,-0.7080851;1.1017675,0.5111835,0.05894873;-0.7408056,0.3013065,-0.123701304;0.28356194,1.0091674,-1.2360551;-0.9316662,1.3759255,-1.7873605;0.2087488,-0.49031353,0.86997366;-0.56582075,0.2483986,0.600975;-0.37011215,0.3112085,-0.71574163;-1.5254834,-1.636192,-0.8854169;-1.5774994,0.61959577,0.08478434;0.017584847,-0.23387222,-0.8152159;0.50432765,0.3424128,-0.33138973;-0.026884109,0.14654675,0.21253854;0.35668224,-0.4014199,0.7983942;0.44943553,-1.27099,-0.9756455;0.38089922,1.1326628,-1.3032019;0.43485406,-0.49958396,-0.38806733;-0.944338,-0.75907564,-1.0033647;0.2093284,0.37429667,-0.42063496;-0.6579836,-1.8115468,2.200867;2.0048475,0.84398836,0.26678416;0.7682293,-0.1131898,0.013147886;1.0116042,0.7173245,-0.37659493;1.0104324,0.52164507,0.6314836;-0.83440673,1.0328658,-1.8102083;0.84487706,0.053593572,-0.2632843;0.5557068,0.282632,0.062160745;1.5446299,1.0533124,0.52552193;0.4065279,0.53766346,0.24465622;-0.5606717,-1.7216834,2.2101662;-0.01977284,1.1143997,-1.5750508;-1.2062703,0.25699306,0.54102623;0.5026828,-0.16223127,0.40398163;1.7695725,0.62587947,0.6508062;-1.8181756,0.2954013,0.63588446;0.6639001,0.44747245,-0.22812682;0.29493672,-1.5727738,-1.1495967;1.0024562,-0.15721446,-0.24585217;0.4977936,1.2099037,-1.2578925;-0.8021461,1.242508,-1.7934031;1.0837916,0.20720138,-0.28659976;-0.3917914,0.34637663,-0.6016473;-0.003183031,0.9430442,-1.4742135;1.7840499,0.5930116,0.60894895;-1.0882299,0.5708531,1.5333983;-1.4282149,0.44562334,0.30631256;-0.37152463,0.88994944,1.4853342;0.12016781,-1.5580084,-1.2474662;-0.012885672,-1.2714089,1.2024723;0.082356766,-1.266589,1.5376185;-0.96858543,0.53807485,0.84562063;1.5522494,1.1920812,0.759129;1.2143252,0.051754873,0.67436874;0.5423995,1.0716747,-1.2529726;-0.62273204,1.1847323,-1.9078523;0.30955407,1.0714166,-1.461862;0.092049204,-0.11923366,-0.6987191;-1.292366,-1.329886,-0.92758596;-0.2611166,0.8408566,1.2498213;0.09299075,-1.8925838,-1.5442111;-0.55090636,-0.40593603,-0.688713;0.36773226,0.4659935,0.22308776;-0.4733499,-0.010126872,-0.14186995;0.13684687,0.24142233,-0.21192364;-1.8583636,-1.7631116,-0.47279695;-0.003206475,-0.15851666,-0.57529765;1.2187722,0.6620617,0.75174075;0.47385406,-0.14057195,-0.14362228;-0.1402413,-1.2239136,1.3972847;-1.3056846,0.41212133,1.0529473;-1.1240872,-1.0698161,-0.80068433;-0.32525006,0.7713559,0.0114809135;1.4607954,0.6643715,0.13071078;1.6929451,1.4361081,0.44307354;0.16195059,-1.6536382,-1.2350498;-0.64289093,0.26115477,0.66747296;1.5162407,0.13278466,0.63177013;0.3811619,-0.1756122,-0.61458904;0.016086688,-0.6152914,1.008806;1.1552448,0.39684042,-0.20800023;-0.2925425,-1.2017262,1.6472269;1.7377672,0.90875995,0.9099069;0.42105997,1.0595951,-1.3383853;1.2939581,0.020348098,0.20386009;-0.6579836,-1.8115468,2.200867;-0.40362298,1.0885849,-1.8673017;2.007216,1.336172,0.107410334;-0.40651545,-0.2417377,-0.66792744;-0.5088129,-0.50487524,-0.36538026;-0.28529456,-1.7764006,-1.4398934;0.88151515,0.034028646,-0.23636885;-0.4910115,-0.3438013,-0.67491484;0.8293948,0.6881827,0.4970248;0.4748266,-0.6918281,1.1013211;0.63645446,-0.45174953,-0.18343069;0.38485593,0.10800323,-0.54160136;-0.038655434,1.0498097,-1.4652568;-1.0165273,0.1583183,0.83617276;2.1877441,1.3092285,0.12030654;0.10776905,-1.0972979,-1.0751158;-0.9888894,0.7311982,-0.21259783;-0.862633,0.6589953,1.5478688;-0.466222,-0.20550811,-0.43072277;1.4803756,0.6579273,0.5522968;-0.31747642,-1.4942199,1.8788064;0.16944481,-1.6331534,-1.4189513;-1.0384084,-0.95148635,-0.9260227;-0.70890504,-0.5815569,-0.8590748;0.422386,-0.82504505,-1.0838448;-0.06879208,-1.3594527,1.778585;-1.2791464,-1.316081,-0.6985507;1.9052113,1.4843836,0.34318691;-0.6864564,-2.603604,-1.483565;-1.6418511,-1.8093307,-0.71924585;-0.801441,-0.6178163,-0.7502571;1.561335,1.0732224,0.4675564;0.42814028,-0.66778684,-0.6329774;-0.11972408,0.812642,-1.1359963;1.7124008,1.0417138,0.54461324;-0.05857698,-0.9976815,1.3676976;-0.15892868,0.11561546,0.26985347;-0.0110528525,0.8441564,1.2033108;0.97796434,0.7967062,0.6707122;1.6384052,1.0765735,0.13179398;0.09551454,1.1096131,-1.5295941;1.3200494,0.8638748,-0.05317554;-1.0463263,0.35415474,0.98104775;1.524847,0.77275664,1.0120978;0.1938583,-0.11140502,-0.46743977;0.034230847,-1.2498443,1.6566592;0.2407065,0.772105,0.95673764;-1.5056051,0.61749727,0.13021941;0.91467345,0.65144,0.88886654;1.914096,1.1379843,0.68550605;-1.210554,-1.3281546,-0.796154;0.8119434,-0.14260776,-0.082263485;-1.2487351,-1.1027125,-0.93886083;-0.74854803,0.68185973,1.4738348;0.2535272,-0.7653132,0.7726683;0.06829928,-1.6489673,-1.4360569;0.35115132,-0.7916464,1.222264;1.2775624,0.5333769,0.86817884;-0.39923295,-1.2110652,1.5734199;-0.7617451,0.74625224,-0.17260872;-0.42457125,-2.4456866,-1.5523981;-0.4988239,-1.612916,2.148111;0.77855206,-0.15021577,0.66413015;-0.9885986,0.5381071,0.87424684;0.092399925,-0.9074363,-0.96558964;0.16961196,-1.8440217,-1.6410896;1.5241315,0.31382328,0.42510104;2.303873,1.5747434,0.32108015;-1.5088606,-1.3417311,-0.36377588;0.15918651,0.33954766,-0.49097422;-1.4556428,0.39280492,0.36537525;0.8596415,0.73026025,0.16896795;-0.46407494,-1.6414257,2.1140623;1.4265816,0.78828084,0.77345914;0.14303608,0.78664494,0.98737097;-1.9352022,0.21984659,0.6574935;0.4351717,-0.1859445,-0.3179207;0.25916454,-0.5599044,0.8064203;1.8849183,1.3877809,0.48487997;1.146524,0.32823277,-0.10529519;-0.33241755,-2.3793616,-1.5844766;-0.106072,-2.082454,-1.5605681;-0.21235073,-0.31063506,-0.69192374;-0.75854784,-0.63110435,-0.8831423;-1.4836701,0.24482901,0.46308148;-0.08564792,-2.1011348,-1.6530235;-0.66292214,0.7739175,-0.14898114;-0.51789916,0.8746929,1.4529151;-0.21878561,0.10851831,0.066206165;0.5955909,0.05243362,0.54824084;0.4696467,-1.0920467,-0.8936797;-1.2941287,0.78235245,-0.118004866;-0.40801346,0.38826773,-0.6265392;-1.3624411,0.5314484,1.3226992;1.9780865,1.6320143,0.4970108;0.2701367,-0.8074217,-0.9389747;0.11376177,0.41316527,0.031808984;-0.14040908,-0.957818,1.4260932;0.47158682,-0.80277306,-0.61541724;0.24990648,-0.9853086,0.9804495;-0.38194054,0.96265095,-1.443454;1.7197958,1.0713143,0.6924032;0.4799632,0.2958664,0.30776843;-0.3908699,0.8808643,1.4817399;0.8905678,0.65095156,0.08660245;-1.3087962,0.7294711,-0.15648068;-0.036671568,-1.3034335,1.7470608;-0.41752934,-1.5902582,2.0276744;0.53752595,-0.46447316,-0.5040047;0.056006286,-0.6739741,-0.83917147;-0.4070397,-2.4260921,-1.5590963;1.4044299,0.59162635,0.4136824;-0.3641105,-0.123229496,-0.03818205;1.6435771,0.806069,0.930823;0.26832262,-1.0650755,1.1308901;-0.6653232,0.9073254,-1.6789471;0.45387542,-0.66584635,1.083045;-1.2296537,0.69005734,-0.14682454;-0.6069598,0.26173759,0.64078045;-0.8911994,-0.81049514,-0.7720918;-0.3666134,0.65231115,1.6274981;1.9089158,1.3647846,0.19644861;-0.8891624,0.70693576,-0.28364602;-0.33430454,1.0558633,-1.6472716;1.3427141,0.21098357,0.38784924;-0.2629664,-2.2817097,-1.7160158;-1.6684847,0.25733784,0.7069042;-0.6828743,0.34237128,0.81683475;2.259994,1.4492383,0.41303396;-0.3526815,-1.213226,1.6301169;-1.0640051,0.33330145,0.9965465;-0.7391782,0.96473265,-1.5873574;2.2811606,1.4015316,0.44962916;1.6837993,0.26215157,-0.14507757;-0.9349713,0.2543311,-0.01000781;-0.7498885,-0.5638281,-0.71826524;2.044726,1.0064327,0.25054437;0.18156517,-0.081339754,-0.6299735;-0.38765737,0.75823027,-0.021805791;-0.6237341,1.0119802,-1.4665973;0.760463,-0.2149228,0.803847;-0.7133132,1.0362173,-1.6740284;-0.65949583,0.6610197,1.6195298;0.9171399,0.70313704,0.8739542;1.7557497,1.4254009,0.3564837;-1.4702246,-1.5283749,-0.68707466;-0.49317035,-1.6995207,2.023531;0.68054473,-0.12297167,-0.0012363711;1.5906669,0.8716686,0.6878827;-0.74433655,0.73573524,1.3319036;-0.41520694,1.011032,-1.5717927;0.19478129,0.78604656,0.99486667;0.21475035,0.35507858,0.22829029;0.49725685,-0.66374916,1.0947216;0.7706395,-0.17042038,0.6883918;-1.3260187,0.4497596,1.218759;1.336903,0.6883226,0.820697;-1.103495,0.20071788,0.21133359;2.284129,1.5649678,0.267549;0.92561483,0.14173225,0.0083928965;-0.6475534,-2.5840619,-1.4984488;1.5792181,0.8750081,0.5636868;2.145399,1.3069471,0.4850204;0.8942121,0.71861565,0.78379434;-0.25956738,-1.9794121,-1.4686333;-1.366241,0.4630312,1.1813264;0.43277812,0.41369385,0.54764926;2.123093,1.615176,0.47987738;-1.0110934,0.22194557,0.84059185;1.7954332,0.97226834,0.59220046;-1.883289,0.25123566,0.64174086;1.2299907,0.12944013,0.83323056;-1.4299728,0.46206087,1.2538168;1.9966176,1.2936238,0.16910535;-1.429638,0.46685272,1.1611991;0.01879794,-1.8417907,-1.3270303;-0.1820293,0.9964089,-1.8054738;1.8187243,0.99911094,0.55860823;-0.97281575,0.4166532,-0.11275342;0.08405361,0.23306632,-0.056889374;-0.040607028,-2.012613,-1.5161287;0.5152474,0.2574221,0.18128937;0.9446309,0.030515715,0.4846296;-0.46483943,0.75202036,-0.05761893;-0.23620532,0.52314794,-0.0073291636;-0.3119357,0.6846245,1.2139367;-0.27605623,0.78895503,1.5436683;-0.928604,-0.918308,-0.90751487;0.29304537,-0.7272082,-0.84788996;-0.21434252,0.13403088,0.09566719;-0.17223644,-2.1194515,-1.4512774;1.3881756,0.5760206,0.64958084;-0.10023703,-1.2731688,1.6357286;-0.85172635,0.83923894,-0.18090458;1.4658175,0.14674956,0.54490745;-0.7636838,0.7205354,1.6537071;0.6279954,-0.4061272,0.92332834;-0.082967095,1.0737339,-1.5772763;1.3744493,0.10363938,0.72882015;-1.7340748,-1.8518643,-0.7278561;0.18255176,-1.7762468,-1.4845526;0.1966265,-1.1931267,1.1549244;2.0319672,1.2497182,0.09121528;-0.04602591,-0.27363968,-0.6821922;0.4517915,1.01132,-1.1699581;-0.13988286,-1.3329226,1.7975986;1.5436946,0.18833537,0.639708;1.6687729,0.5430108,0.48468444;-0.16273531,0.2113965,0.31794184;0.9280138,0.7139729,0.11373473;0.027661683,-1.8720787,-1.4557011;0.37029094,-0.29707095,-0.54021364;1.3403999,0.6093326,0.7700297;-1.9024608,-1.7663188,-0.44355324;2.0058982,1.2350625,0.1991826;-0.85094666,1.2792928,-1.7611108;-0.07822093,0.9368031,-1.2521751;1.5934997,0.568859,0.3941782;-0.24083845,0.040197317,-0.121541426;2.0774088,1.6394632,0.5224306;-0.71010077,0.9657376,-1.6300893;-0.416191,0.7161749,-0.03372375;1.1373681,0.038651217,0.83371484;0.63110393,1.0345635,-1.3041906;-0.7752898,0.97586316,-1.7189424;0.41079345,0.99621594,-1.402388;-0.08304549,0.43961543,0.07038253;-0.24183321,1.1449783,-1.5908233;-0.97529364,-0.89619684,-0.7653843;0.12999642,0.79309016,1.0150163;-0.1678094,-1.1790652,1.6758595;0.5811195,-0.56069404,-0.40519077;0.03077951,0.8338144,1.1526792;-0.24081834,-0.20870759,-0.5464476;-1.9717369,0.19536844,0.67706615;-0.5101145,-2.502543,-1.5469669;0.39561826,1.118849,-1.34555;2.0876353,1.2949485,-0.004172338;0.34243736,-0.54375315,-0.69221896;-0.66960156,0.7499563,-0.16466214;-0.50021964,1.012327,-1.4862276;-0.295278,-2.2858794,-1.605434;-1.6552826,0.6012647,0.20281178;1.7932279,1.4120688,0.36609414;1.0379794,0.9260185,0.44252974;-0.20453699,-2.2571917,-1.5918949;0.85565084,-0.037655808,-0.16318241;-0.39947322,-0.30541003,-0.54542863;1.1066163,0.6714191,0.16469488;-0.6647316,0.23070946,0.6472192;-0.054740984,1.1516731,-1.6172987;-1.2800828,0.16070746,0.3618265;0.29290146,0.25428042,0.0060877088;1.9613585,1.1621925,0.19644083;0.7974302,0.35341084,0.22952564;-0.3554446,1.0678532,-1.8540857;0.045443423,1.1247028,-1.4612582;-0.9216427,0.7948143,-0.17028101;1.0596492,0.775392,0.42985576;2.035006,1.2152047,0.5082253;0.08169306,-1.1733485,-1.0754211;-0.14689782,0.85089505,1.3226012;-0.20879272,-2.0554059,-1.4790647;-0.95802015,0.6434144,-0.0838794;-0.54083997,0.2389233,0.56778234;-0.85507065,0.6352968,1.6323282;1.1288769,0.2909389,-0.099880874;-1.5274417,0.6006126,0.17148276;0.475888,0.0062946063,-0.38747832;0.5600088,0.07688432,0.5249757;-0.5617266,-1.7433763,2.2769547;0.6459673,0.15027288,0.5821701;0.3869744,-1.1995616,-1.0334806;1.379301,0.73242164,0.09075832;-0.005793775,-0.4068615,-0.7036093;-0.1878133,-2.26905,-1.6310803;-1.696999,-1.6744617,-0.6305162;0.7598518,0.1191805,0.22090538;-0.038848918,0.065172605,-0.13385321;1.3628417,1.2975092,0.66824985;-0.6962081,0.87137544,-1.570504;-0.61105937,1.0719914,-1.5456077;0.92711365,0.77325493,1.0164565;2.2758348,1.3740913,0.47503603;-0.6492436,-2.5848572,-1.4977417;-1.2393687,-1.1488763,-0.64500993;-1.6005718,0.6031305,0.14199635;0.39303538,-1.0148139,-1.0527456;0.93937165,0.22761159,0.008275135;-0.2505791,0.54110116,-0.9486463;0.42238984,-0.4085731,0.80552137;-1.9720919,0.18748477,0.6570628;-1.1824449,0.17805165,0.27733937;-1.2810401,-1.141058,-0.71661764;-0.5542344,0.7657001,-1.7016298;0.03271378,-0.99958044,1.3220177;-0.049987905,0.7531088,1.0042508;-0.9162659,-0.90408176,-0.90444285;0.33890322,0.6902895,0.81841314;0.21049295,-1.0302224,1.3245184;-1.0302982,0.27222478,0.93789816;-0.03805237,-0.020705825,0.5434768;1.2935019,0.80178463,-0.05878188;-0.22879216,0.84107846,1.3925852;-1.0604699,-1.031006,-0.9288916;-1.3288206,0.77399004,-0.11126347;0.5471129,-0.25424975,-0.103628084;1.0537524,0.80571115,0.28719965;1.9277661,1.374726,0.15100092;0.9281905,0.46243837,0.8569073;-0.36762202,1.1062622,-1.8656706;-0.31850168,0.64383155,1.029438;-0.20692593,0.7751521,1.1425737;-0.13995963,-0.22878192,-0.55367035;-1.3903617,0.23108982,0.4184021;-0.8724998,0.6511983,1.6350633;0.29246935,-0.9269279,1.2805624;-0.23861277,-1.0835891,1.489549;0.7948518,-0.10874327,0.3371462;-0.5976967,0.65002084,-1.6958396;-1.9428867,0.21541177,0.6565075;-1.6826187,-1.5692512,-0.43375826;1.4281884,0.71799856,0.2187653;1.1867456,0.71592826,0.14072724;2.0318189,1.6391764,0.4668088;-0.92811567,0.37826756,1.0046521;-0.81858534,-0.6328903,-0.7203857;0.09753329,-0.8230836,-0.76585895;-0.11778266,-0.25534958,-0.7144631;0.49025357,1.0726839,-1.26363;-1.3669038,0.71642107,-0.09902435;1.4435781,0.09812314,0.6332777;2.075296,1.2626542,0.44236773;0.655885,0.5226638,-0.32476157;0.14471701,-0.8797997,-0.9521373;0.24115312,-0.80140454,-0.91918796;0.45947814,-0.69960195,1.1282449;0.60627705,-0.16482314,0.7309983;-0.42913514,0.7543701,-0.039929233;0.45996827,0.34115732,0.44845578;0.077348866,-1.0776111,1.3296105;-1.2256472,-1.4218271,-0.8119158;0.020828746,-1.2806027,1.270607;-0.7770329,0.5888581,-0.1636576;0.81076336,-0.12468245,0.69123363;-0.2587127,0.64685106,-1.0596572;-0.79727024,0.27654475,0.8261922;2.0453508,1.2185293,0.54596525;1.9371823,0.8982617,0.4017073;-0.9755668,0.7831091,-0.16969451;-0.86853087,-0.65982467,-0.7382004;0.15019047,-0.5416015,0.9198719;2.3005462,1.4091847,0.40139192;-1.0958897,0.27989775,0.77263916;0.6583635,-0.20101485,-0.53384614;0.08051359,-1.1537994,-1.0638496;1.4757528,0.62982273,0.47207063;-0.7662166,0.23374626,0.7474566;-0.17933023,-1.3801687,1.5519029;-0.5707625,-1.7485034,2.2656212;-0.059273865,-1.8958026,-1.586715;-1.7641802,-1.7082781,-0.49443555;0.18040314,-1.7065128,-1.2082244;-0.6718428,0.09059938,-0.06900182;0.108329624,-1.0576702,-0.9169158;-1.6127313,-1.505257,-0.6299025;-1.2437766,0.32265672,0.20746425;-0.8328209,0.27881867,0.8734612;-0.33771926,-1.3659937,1.914692;0.26407245,-0.21780081,0.278817
