data_set
babi-q1
num_classes
6
data_points
1000
model
saved_models/babi-q1-e0064.ckpt
color_schema
#4E79A7,#F28E2B,#E15759,#76B7B2,#59A14F,#EDC948,#B07AA1,#FF9DA7,#9C755F,#BAB0AC
test_accuracy
0.542
test_loss
1.131145347595215
train_accuracy
0.595625
train_loss
0.9994428880214691
val_accuracy
0.55
val_loss
1.1084174919128418
labels
12,9,15,12,15,12,11,12,17,17,15,11,17,10,10,15,11,15,17,15,12,17,17,12,10,10,10,15,15,15,12,17,15,15,9,17,9,11,15,10,9,11,9,12,11,15,12,9,17,10,10,17,11,11,15,10,15,12,11,12,12,17,9,11,11,15,15,9,17,17,11,12,11,10,9,15,15,15,12,17,11,9,10,11,17,11,11,12,15,15,9,9,12,9,9,15,15,15,10,10,10,9,17,11,11,12,10,9,17,10,9,9,15,12,15,11,17,15,9,17,10,9,10,12,10,17,11,11,11,9,11,12,9,11,15,9,17,15,9,9,17,12,12,17,10,15,15,15,15,15,11,11,9,17,10,9,11,10,17,12,10,10,10,11,9,11,11,11,15,10,17,17,11,9,9,17,15,10,17,17,12,12,12,12,10,9,17,11,15,17,12,15,11,12,12,11,17,15,9,10,12,17,17,10,12,9,15,12,9,12,9,10,12,10,9,10,9,12,12,9,9,12,15,12,10,17,12,11,9,9,17,11,12,17,12,10,10,10,10,17,12,15,11,11,15,15,11,11,11,11,10,17,9,9,10,10,17,17,15,11,11,17,12,17,17,9,11,10,9,10,15,17,17,15,9,17,15,12,17,9,9,11,17,17,11,17,9,17,11,9,15,15,10,15,15,11,11,12,12,9,9,9,9,17,12,11,9,17,17,15,11,11,17,10,11,17,10,17,17,11,11,15,15,11,11,9,10,11,11,10,15,17,15,10,10,17,12,17,12,12,12,11,17,15,11,17,12,12,15,15,10,11,11,10,10,9,17,12,11,12,11,9,11,11,11,11,11,12,12,12,12,12,11,11,17,10,15,9,9,10,9,10,10,17,17,15,17,17,17,15,15,12,9,10,17,17,10,17,9,11,10,11,10,15,17,15,12,10,11,15,10,11,9,12,17,10,10,15,12,9,12,12,9,12,10,15,15,17,10,10,17,15,15,15,17,11,15,9,10,11,10,12,9,11,10,11,10,12,11,15,15,15,15,11,9,15,10,12,11,12,9,11,10,17,11,11,10,10,10,17,12,17,17,9,15,11,9,15,11,9,10,10,12,12,11,10,9,12,10,9,15,10,10,11,11,15,15,10,12,12,15,11,9,12,9,15,10,17,17,10,10,17,10,10,17,9,9,10,12,11,17,17,12,12,11,12,17,11,11,12,11,11,11,17,9,11,10,12,12,10,11,17,12,12,15,11,15,15,12,10,10,9,17,10,15,12,15,10,10,10,11,10,11,15,10,9,9,15,10,10,10,10,15,15,17,9,10,12,10,10,12,12,11,15,10,10,11,12,10,10,17,12,17,11,9,9,17,17,11,10,10,10,15,15,17,11,15,12,11,10,15,17,9,11,9,17,15,12,15,17,11,17,17,15,9,10,9,9,10,10,9,10,10,15,11,11,11,15,12,9,11,11,10,17,11,11,12,17,15,15,9,11,15,15,11,9,15,15,11,15,15,15,11,10,10,9,17,17,17,17,10,10,17,9,15,9,17,12,12,12,15,15,15,17,9,11,9,17,9,12,11,9,9,17,11,11,11,10,15,10,12,12,9,9,17,12,12,9,17,12,11,11,15,15,12,11,12,17,12,17,11,12,11,17,17,11,17,9,11,9,10,10,12,17,10,12,9,9,9,15,11,11,15,17,9,10,9,12,17,15,17,17,12,10,12,11,11,17,15,9,17,10,9,11,12,15,9,15,12,10,9,10,17,17,15,15,9,9,9,17,10,17,17,9,12,17,17,12,12,11,11,11,11,17,11,17,17,17,17,17,12,9,17,10,17,11,10,10,12,12,11,11,17,12,12,17,17,15,11,17,11,11,9,12,9,17,9,10,9,15,11,9,11,15,10,9,9,9,17,12,11,11,17,15,15,10,10,11,11,17,10,12,9,10,10,10,10,10,15,17,9,11,17,15,12,11,10,10,15,12,10,11,12,12,11,11,11,15,12,17,10,12,17,17,12,10,10,12,17,10,11,17,11,12,17,17,11,12,11,17,9,9,11,17,11,11,15,15,17,17,10,10,17,12,11,15,12,11,11,10,9,12,12,15,10,9,17,15,17,9,17,17,10,17,15,12,12,11,10,10,10,17,17,15,12,17,9,9,15,10,12,15,15,15,17,17,15,11,15,10,12,9,9,10,11,11,9,9,12,15,9,15,9,12,12,10,17,17,10,12,15,9,10,17,11,11,11,17,9,9,11,15,11,11,11,15,12,17,9,10
pred_labels
9,9,15,11,15,12,11,12,17,9,15,17,15,10,10,15,11,15,12,11,12,17,12,12,17,15,10,10,11,15,17,17,15,15,9,17,12,15,12,11,9,11,11,15,10,12,10,11,17,10,10,17,11,12,15,9,11,10,15,17,12,17,9,10,15,15,9,9,17,9,11,17,11,10,9,15,17,15,15,17,11,11,10,17,17,11,11,10,15,15,9,9,9,9,17,15,15,15,10,15,10,9,17,11,11,12,10,9,11,10,9,15,15,15,17,17,15,9,15,17,10,9,15,9,17,17,11,17,11,11,11,10,15,10,10,15,17,15,9,9,17,12,17,9,10,15,10,15,15,11,10,11,17,17,10,10,10,10,10,17,10,9,10,11,9,11,11,15,15,15,17,17,11,9,12,17,15,10,17,17,12,17,12,17,15,15,9,9,9,17,12,15,11,10,17,11,10,9,9,10,17,17,10,10,10,12,11,12,10,15,11,10,12,10,10,10,11,12,9,11,12,17,10,15,15,17,17,11,15,17,17,15,11,17,17,10,9,15,10,15,12,15,11,12,17,15,11,15,15,11,10,15,9,10,10,10,10,11,15,11,11,9,12,17,9,11,15,9,10,10,15,17,17,10,11,15,15,10,12,9,9,11,17,15,11,17,11,12,11,9,15,9,10,15,15,11,11,11,12,10,9,12,17,17,17,11,9,9,9,17,11,10,11,10,15,17,10,17,15,15,11,15,15,15,10,9,10,17,15,17,15,17,17,17,15,11,12,11,12,17,12,11,17,15,10,17,15,12,15,15,11,10,11,10,9,9,17,12,11,12,11,9,9,11,9,11,15,12,17,15,12,12,10,15,17,10,15,9,11,11,9,12,12,17,15,9,17,10,17,12,15,12,11,10,9,17,11,11,9,11,10,11,10,15,10,15,17,17,10,10,10,10,9,12,17,10,11,11,11,9,15,12,9,10,10,9,15,17,10,9,15,11,15,12,10,11,9,10,11,11,11,12,11,9,10,10,9,12,11,15,15,10,15,15,9,15,15,10,11,12,17,10,17,17,17,11,10,9,10,17,12,17,17,11,15,17,10,15,11,10,15,17,12,12,15,10,9,10,15,17,15,15,10,10,10,15,15,10,17,15,15,11,10,15,9,15,10,9,9,10,10,10,10,10,12,9,10,9,12,11,17,17,12,12,11,12,17,11,17,12,11,17,10,12,9,11,10,12,11,10,11,10,12,12,15,11,15,12,12,10,10,9,15,11,15,12,17,10,17,9,11,10,10,15,11,9,15,17,17,12,10,11,15,17,17,9,10,9,9,9,15,15,10,11,10,10,10,10,10,9,17,17,17,11,11,9,9,11,9,10,10,10,10,15,17,11,17,11,10,10,15,15,9,11,9,9,15,9,10,17,11,10,9,17,10,10,9,11,10,10,9,10,15,15,9,11,17,15,11,9,11,10,10,17,11,15,12,17,9,10,9,11,10,15,11,9,15,11,11,15,12,12,12,17,12,17,17,17,10,10,10,11,17,9,17,9,17,12,10,9,15,15,15,17,11,11,9,17,17,12,11,9,9,17,17,11,10,12,15,10,12,17,9,9,17,11,17,17,12,12,11,11,15,15,10,11,12,17,17,17,11,12,10,17,10,17,17,17,15,9,10,12,12,17,12,12,9,9,9,10,11,15,9,15,9,10,9,12,9,15,17,10,12,10,11,11,17,9,11,9,9,9,10,11,12,9,10,17,12,10,9,17,17,17,10,15,15,15,12,9,10,17,12,12,11,9,9,9,15,12,11,10,12,15,11,17,17,17,11,9,11,10,17,15,17,11,10,11,12,11,11,10,11,12,15,17,17,15,11,9,11,10,9,17,9,17,12,10,9,15,11,15,12,15,10,12,9,11,17,10,11,17,17,15,15,10,10,10,12,11,10,12,9,10,10,10,10,10,15,17,9,12,12,15,15,11,10,15,15,17,9,11,12,12,12,11,15,15,10,17,10,17,15,12,15,10,10,12,9,9,17,17,11,10,15,17,11,12,17,10,9,17,11,11,11,11,15,11,9,17,12,17,17,9,11,15,12,11,9,17,15,11,11,15,10,11,9,9,17,10,9,17,11,10,11,12,12,10,10,15,10,17,17,17,12,17,9,9,11,15,12,15,15,17,11,17,9,10,11,10,12,9,15,15,11,17,10,9,9,15,9,15,15,9,11,9,10,10,9,9,10,9,10,10,15,15,10,9,9,17,11,15,11,9,17,15,12,10,9,11
pred_correctness
False,True,True,False,True,True,True,True,True,False,True,False,False,True,True,True,True,True,False,False,True,True,False,True,False,False,True,False,False,True,False,True,True,True,True,True,False,False,False,False,True,True,False,False,False,False,False,False,True,True,True,True,True,False,True,False,False,False,False,False,True,True,True,False,False,True,False,True,True,False,True,False,True,True,True,True,False,True,False,True,True,False,True,False,True,True,True,False,True,True,True,True,False,True,False,True,True,True,True,False,True,True,True,True,True,True,True,True,False,True,True,False,True,False,False,False,False,False,False,True,True,True,False,False,False,True,True,False,True,False,True,False,False,False,False,False,True,True,True,True,True,True,False,False,True,True,False,True,True,False,False,True,False,True,True,False,False,True,False,False,True,False,True,True,True,True,True,False,True,False,True,True,True,True,False,True,True,True,True,True,True,False,True,False,False,False,False,False,False,True,True,True,True,False,False,True,False,False,True,True,False,True,False,True,False,False,False,True,False,False,False,True,True,True,False,True,False,True,False,False,False,False,False,False,False,True,False,True,False,False,True,False,False,True,False,True,False,False,True,False,True,True,True,False,False,True,True,False,False,True,True,False,True,False,True,True,False,False,True,True,True,False,True,True,False,False,False,False,False,True,True,True,True,False,False,False,True,False,False,True,True,True,True,False,True,True,False,False,True,True,True,False,True,True,True,True,True,False,True,False,True,False,False,True,False,True,True,False,False,False,True,False,False,True,False,True,True,True,False,False,True,True,True,False,False,True,True,False,False,False,True,True,False,False,False,False,True,False,True,False,True,True,True,True,False,True,False,True,True,True,False,False,True,True,False,True,True,True,True,True,True,True,False,True,False,True,False,True,False,False,True,True,False,False,True,True,True,True,False,False,True,False,False,True,False,False,True,False,True,False,True,True,False,True,False,True,False,False,True,True,True,True,True,True,False,True,False,False,False,False,True,False,True,True,True,True,False,False,False,True,False,True,True,False,True,False,True,True,True,False,False,False,True,False,False,True,False,False,False,True,False,True,False,False,True,False,False,True,True,True,True,False,True,False,True,True,False,False,True,True,False,False,False,True,False,True,True,False,True,True,True,True,True,False,True,False,False,True,True,False,False,False,True,True,False,True,True,False,False,False,True,False,True,False,False,True,True,True,False,False,True,True,False,False,True,True,True,False,False,True,True,False,True,True,False,True,False,False,True,True,True,True,True,True,True,True,True,True,False,True,True,False,False,False,True,True,True,True,False,True,True,False,True,True,True,True,True,False,True,True,True,True,False,False,True,True,False,True,False,False,True,True,False,True,False,True,False,False,False,False,True,False,True,False,True,True,True,False,False,False,False,False,False,False,True,True,False,False,True,False,True,False,True,True,False,True,False,False,False,True,True,True,False,True,True,True,False,False,False,True,True,False,True,True,True,False,True,False,False,True,True,False,False,False,False,True,True,False,True,True,True,True,False,True,False,True,False,True,False,True,True,False,True,True,True,False,True,True,False,False,True,True,False,True,True,True,True,False,True,True,False,False,False,False,False,False,True,True,False,False,True,False,True,True,False,True,True,True,False,False,True,True,True,True,False,True,True,True,False,True,True,True,True,True,False,True,False,False,True,True,True,False,True,True,True,False,False,False,False,True,True,True,True,True,False,True,True,True,False,True,True,True,False,True,False,False,True,False,False,True,True,False,True,True,False,True,True,True,True,False,True,False,False,False,True,True,True,True,False,True,True,False,True,True,False,True,False,False,False,True,False,False,False,True,True,False,False,False,True,True,True,False,True,True,False,True,False,False,False,False,True,True,False,False,False,False,False,False,False,False,True,False,False,False,True,True,True,True,False,False,False,False,True,False,True,True,True,False,True,False,True,False,False,True,False,True,True,True,True,False,True,False,True,False,True,True,False,True,True,True,True,False,False,True,True,False,True,False,True,False,True,False,True,True,True,True,True,False,False,False,True,True,True,True,True,True,True,True,True,True,True,False,False,True,False,True,True,False,True,False,False,True,True,True,False,True,False,True,False,True,True,False,False,False,False,True,True,True,False,False,False,True,True,False,False,True,True,True,False,False,True,False,True,False,True,True,True,False,False,True,False,False,True,False,True,True,True,True,False,False,False,False,False,True,True,False,False,False,True,False,False,True,False,False,False,True,True,False,True,False,True,True,True,False,True,True,True,True,False,False,True,True,True,False,False,True,False,False,False,True,True,True,False,False,True,False,False,True,False,True,True,True,False,False,False,False,False,False,False,False,False,True,True,False,False,False,False,False,True,False,True,True,True,False,False,True,True,False,True,False
p2d-kl
0.7970489859580994
p2d-iter
599
p2d
1.0441297,-1.8925762;-0.16386338,-1.6614596;-0.63546276,-0.6910214;0.8551341,0.22274053;0.328654,-1.0586169;0.6803036,1.045598;-0.27943707,-0.77927756;0.09442776,-1.1485378;0.3105533,0.40072647;0.23581178,-1.8797506;1.4899826,-0.29789305;0.46753412,0.24522083;1.4285369,-0.27315137;-0.46406925,1.1103413;-0.030773668,1.1052899;1.449863,-0.28795418;1.3532495,-0.54834616;1.435616,-0.31237975;0.70699465,0.89910007;-0.67760247,0.48805684;0.15609172,0.30154148;-0.256629,0.7306651;0.12747765,-1.5514609;-1.418481,0.6001616;-0.071597904,0.8811097;1.2265285,1.1876849;0.1459051,1.8186371;-1.1811435,0.57998395;-0.66359514,0.8639856;0.8225986,-1.3249569;0.77443486,0.67201567;1.5562818,-0.39050534;-1.1776696,-0.36835185;-0.70697844,-0.2492608;0.5686177,-1.5925441;0.9732025,1.2545277;-0.96594363,-0.8049403;-0.6010953,0.26423302;-1.3874167,0.65630686;0.8556275,0.36348507;1.0799797,-1.7535241;-0.4984014,0.9578349;0.030624576,0.6746545;1.2500297,0.78726363;0.06101337,1.390348;-0.77115434,0.43868595;-0.1351279,0.9537106;0.55076885,-1.469952;-1.2235208,-0.066455774;-0.46832463,1.545789;0.9921948,1.3770472;0.91780186,1.396506;-0.5870511,0.7884456;-0.7606228,0.42226052;1.4247663,-0.36750904;-0.772459,-1.0013992;-1.1880908,0.80858654;-1.3500435,0.71377075;1.2615674,0.657265;0.31480235,0.33905265;0.8657632,0.71967196;0.98035073,-1.4163008;1.0329496,-1.703832;1.1580288,1.4128438;0.6942113,-0.57246226;1.6069585,-0.7980571;-1.5119773,0.155719;-1.3076034,0.28537384;1.4653156,-0.45676845;-0.0073324926,-1.5017815;0.68276244,1.8754426;-0.7547269,0.8046896;0.65127516,-0.1843629;-0.9998602,1.0847977;0.55629474,-1.8783706;1.6923956,-1.1569768;0.4680646,-0.16945513;1.5743821,-0.5141943;-0.14980751,0.5077596;0.5750549,0.016643463;1.3322533,-0.5985155;0.7686789,-1.6941986;-1.6341146,0.857547;-0.20770353,0.80630773;1.1794848,0.6018077;0.915358,-0.7231055;0.9766367,-0.08063168;-1.0162517,1.1871432;-0.18705869,0.59671605;1.4502007,-0.4287786;0.34123045,-1.0931604;-0.7303635,-1.0760853;-1.0003046,-0.609202;1.1989486,-1.9802861;-0.4551775,-0.3909735;1.663507,-0.94580615;0.6459579,1.008454;0.5535185,1.418338;-1.8342814,0.7145647;1.1967232,0.77847856;0.037410256,1.1187245;1.410833,-1.4713109;-1.3418379,0.10080201;-0.6525868,0.411288;-0.030210305,1.2266359;0.30734035,0.45503148;0.90089655,1.5140469;-1.3990949,-0.046474643;0.98789907,-0.17376246;0.2626489,1.7137753;1.2683641,-1.6064107;-1.784949,0.6003722;-0.17567277,0.5167198;0.38698474,1.3518178;-1.3501046,-0.03977121;0.6429281,0.22401983;-0.3176623,-0.26597792;1.5014958,-1.3541584;-0.09869264,-0.1634621;1.11072,0.31384563;0.31275448,1.881756;1.4531983,-1.4224645;-1.1129441,-0.41785493;-0.1595263,-0.9106538;-0.90764433,-0.84231794;1.082152,0.7228093;0.9115908,-0.5151668;0.6702671,0.35176966;-1.6256415,0.7801329;0.50786155,-1.0119241;0.8050959,0.17512567;0.9170027,1.2915248;-1.4906018,-0.009076001;-1.9542907,0.5517524;-1.0473807,1.3232368;-0.3551343,-0.21975686;-1.407968,0.1285126;-1.9574071,0.81518424;1.3409934,-1.5747471;0.83251095,-1.691096;0.54822665,0.12888129;0.5385898,0.4350518;0.5829958,0.49224254;0.3398107,-0.94323474;-1.9711267,0.77480894;1.3397986,0.8340635;-1.5298924,1.1220989;1.2537669,1.0625564;-1.109579,-0.20016985;0.44524375,-0.3537444;1.4160409,-0.60959;0.6794187,-1.6193423;0.07426911,-1.3957603;0.045215033,-1.4231398;-0.7525074,1.4237559;-1.7368227,0.9532593;0.00029514372,0.8458293;-0.86769325,-0.82907546;-0.86197305,-0.7353145;-0.6687291,1.2864654;1.6783007,-0.58967674;-0.08755387,-0.67216253;-1.9731947,0.6747619;-1.3790307,1.0820729;1.3414979,-1.5266268;0.21377943,-0.13376564;0.6212574,0.03123315;0.13215089,1.5504842;-0.14394568,-0.18723305;-1.4564074,1.1047016;1.5576462,-0.44139117;0.6357475,0.31869662;0.580733,0.1081422;0.9750701,-1.8535746;-2.1002247,0.66592145;1.1148257,0.7229365;1.0259407,0.74862814;-0.73805,1.2753682;-0.672524,1.0831736;-1.409547,0.20857021;0.32574344,0.46954006;1.2040331,0.28565222;1.4589753,0.114118;-0.90575814,0.77384955;-1.977379,0.854251;-0.31369895,-0.19792718;1.2840594,-1.5653362;-1.5764362,0.67860746;-0.69827884,-0.39118767;-0.98090404,0.014507885;1.3986024,0.23481326;1.0524675,0.823375;0.29750133,-0.7193677;-1.6573529,0.6988677;0.7907078,1.3230883;1.0064638,0.0032024723;-0.09964944,1.2463144;-0.04679387,-1.6824495;-1.4241918,-0.093856424;-1.4798025,0.69689775;1.0637449,0.43018267;0.7265342,0.64239436;0.50268215,1.5968599;-0.5139375,1.612949;-0.50375426,1.4009413;1.0481399,-1.930251;0.3258706,-0.72098154;-0.56500286,-1.117813;-1.7738019,0.8414124;-1.1923983,0.73790044;0.778886,-1.8114164;-1.8971623,0.8269666;-0.09111057,-1.4223504;-0.7551899,-1.086089;-2.0306993,0.56743383;0.8168845,1.1950039;-0.25227663,-0.96739805;-1.0547596,0.5064527;-0.48049682,-0.8542738;0.5232403,-1.0902826;0.17220017,-1.6071903;0.937029,0.9421347;-0.68079436,-0.7055084;-1.2066216,1.1386205;0.54204744,1.4366113;1.434817,0.0987753;0.1852276,-1.9478252;-0.47890288,-0.60441756;0.3876569,-1.0424823;-1.427653,0.14375235;1.0355253,-1.527808;-0.2783855,-0.2966041;1.1692529,-0.13592494;1.3517257,0.29733557;-1.374232,0.13887553;-0.5039569,1.1844474;1.4307594,-1.448055;-1.4518949,0.0640293;0.53576684,1.6213366;-0.9548198,0.72753507;1.6902702,-0.6177107;-1.4497838,-0.21975201;0.37689412,-0.033597305;-1.0594919,0.60775894;-1.6374837,1.1929917;1.6787083,-1.0578245;0.9798558,-0.43517715;-1.4454715,-0.104048364;-0.51392686,0.1093756;-0.24394666,-0.5007424;0.5182343,1.6815712;0.23188704,1.7554148;0.7415873,-1.4957497;-1.556438,0.7208403;0.22104295,1.9510591;0.088921025,1.0464083;0.85596204,1.4113508;-0.90112185,-0.16396949;0.7741485,-0.7153899;0.8478916,-0.26861337;-0.0019068487,1.0563229;-0.88290447,-0.9866303;0.074021295,-1.1887258;0.6170806,0.38819513;-0.19207968,-0.7097052;0.49755028,-1.1860919;0.26545706,-0.7436741;-0.6664428,-0.4750108;-1.5193522,0.72293395;-1.3352418,0.98785895;1.0613899,-0.8113487;-0.4909658,0.028864458;-0.051365487,0.16406655;1.2799995,1.1123147;0.3492935,-0.7553868;0.5799607,0.9777051;1.5627623,-0.8579975;-1.3342708,0.7772622;1.4028465,0.31485862;-0.5258463,-0.8343754;1.0215025,-1.7272955;-0.772701,-0.36472902;-0.9359278,-0.6656093;-1.5174388,0.10698747;-0.23452985,-0.478851;0.9295112,1.3802459;-1.100789,0.15437208;-0.6276537,-0.9716898;1.0032095,-0.3829896;0.7897844,-1.727653;1.6313765,-0.8939597;-1.8108917,0.37466767;-0.5481045,1.1872435;-0.55023164,0.63159144;1.642939,-0.8648929;0.51366735,-0.90839624;-0.033216994,-0.29986194;-0.4670331,-0.6185891;-0.49946633,-1.1421297;-1.2869918,0.36170152;1.6535031,-1.3663052;-0.9348226,-0.31979847;-0.09822002,0.22564366;0.042381614,0.29017782;0.54828125,0.92505175;0.7931189,-1.93708;0.54737824,-1.862974;1.1204634,-1.7741969;0.4241716,-1.4488275;-1.7517354,0.2277378;1.5541086,-1.0072175;-1.4025407,1.0834588;0.006775499,0.5259095;-1.025714,1.1322165;1.620683,-0.6749095;0.73382777,0.22090131;1.0345781,1.3302246;-0.7069856,1.0092627;0.2401419,1.6822424;-0.1649569,-0.2828794;1.3762138,-0.6485795;0.74318117,-1.2621942;1.0291468,-0.7918318;1.2590158,-0.2656108;0.3540862,1.3074877;-0.13585767,-1.5938163;-1.5191498,0.8483617;-0.700615,0.8124529;-0.5544961,-0.3711209;-1.4329749,0.9263799;1.2421554,0.66654223;1.0828966,0.6240961;-1.7333843,0.2211944;1.3039155,0.40859845;1.6168017,-0.9202122;1.0338526,0.04390896;1.2408953,0.3869387;-0.8341331,-0.15852691;-1.3965603,0.32157794;-0.77032346,1.2710719;-0.51022846,-1.2163653;0.028641282,0.7738295;0.40823194,1.2533664;-1.8105514,0.65798557;-1.4101834,1.2804735;1.0861177,0.39823574;1.4060044,-0.32193756;0.6679279,1.2518557;0.30871704,-0.0759263;0.81165093,-1.372116;0.17237888,1.0166959;0.08619532,1.1681151;-0.1257205,1.2597071;-2.0012097,0.86782867;0.35282862,-1.4037915;0.19291435,-1.9069803;0.6418572,0.6675947;0.031574395,0.05866533;0.06654325,0.6829954;-0.4005633,-1.0073119;1.3065374,-0.4764739;1.5186442,-1.3483669;0.50575894,-1.2899942;-0.60785854,0.49373376;-0.25424737,-1.2752349;0.8381859,0.1445326;0.22511922,1.3563963;0.7544737,0.8592976;1.0309958,0.43117183;-0.9843363,0.29181284;1.4760435,0.124075934;0.096718445,-1.6228883;-1.3693444,0.94234574;-0.5530133,0.80667084;0.72274625,0.32379028;-0.8809908,1.4565005;0.15274513,1.4722162;-0.4470812,-0.4520031;0.6219758,0.11555202;1.3332283,1.2046124;0.42819467,-1.8401592;-0.9932158,-0.6061052;-0.0904701,-1.2436472;0.66623527,0.42909312;1.5836495,-0.8043363;-1.0931652,-0.19344726;-0.4776849,-0.49048752;0.8774005,1.2988394;-1.6165051,1.2872025;1.4169999,0.43430296;0.9629009,-0.587106;0.6584757,1.2794901;-0.8959289,-0.27983972;-0.5576251,1.2751601;1.4817536,-1.2950145;1.5436653,-0.42453212;1.1484233,1.388047;1.4704894,-0.6513312;-1.2547988,0.6330763;-0.39151517,-0.945035;0.15180123,0.99527884;0.7051128,-1.6626914;-0.5786008,1.2606367;-1.9756774,0.54804766;-0.8290211,-0.7626811;0.52932686,1.48905;0.7408095,0.41993803;-0.77143925,0.73656285;-1.9191874,0.69909537;-2.065171,0.62226474;-1.2850859,0.50240177;-1.2570311,0.91814697;1.1673884,-1.972257;0.012077353,-1.2811085;0.8133342,1.3559415;1.4060345,0.62539357;-0.22223592,-1.3758825;-0.849033,0.064359955;-0.69075,0.64596874;-0.42365348,-0.5277659;0.9794934,0.62727976;-1.4809338,0.22053863;0.09683441,-1.3403515;1.4471684,0.3942014;-2.0578816,0.7310645;-0.31488642,-0.17170513;0.8503107,-1.2474988;0.42764336,0.38774848;-1.0078473,1.2099559;-0.17622285,-1.5119834;1.0903529,0.80463225;0.38906157,-0.025795607;-0.5235815,0.7552257;-0.60787225,0.9184618;1.6664032,-0.51116306;0.84051996,-0.44490528;-0.9758992,-0.19825009;-1.9130024,0.46677274;0.2523955,0.9440656;0.13326514,1.1658636;0.027772896,1.0218983;0.90218043,0.5822894;0.47933543,-1.4331597;0.802209,-1.7832916;0.042254176,0.93003917;0.11704705,1.1433793;0.008584569,-1.852392;-0.46782243,0.17564654;-0.014800786,-0.35774314;1.5875933,-0.6897906;-0.32935193,-0.24953523;-1.4531983,0.90012884;1.376529,-0.48829797;0.36605096,-0.8008188;0.8298228,-1.5667812;1.1810335,0.7006683;0.20005217,1.7295706;-0.9895392,1.2699068;-0.6131826,1.044425;0.20129757,-1.4783366;1.0289681,-1.5850955;-1.0351235,1.4198755;-0.687549,1.1391186;-0.78767675,1.3306495;1.0358878,0.110522985;0.98283356,-0.4043327;0.28717402,1.4225762;0.69256437,-1.5753382;-2.1052523,0.6331954;-0.71140194,0.96680987;0.75200754,1.3804164;-0.05479268,-1.8548144;-0.9703709,-0.838948;-1.0427437,0.17079893;-1.067089,-0.12435079;0.6214363,0.20933671;-0.13611491,-1.7085704;-0.22302511,0.0014817145;-0.6082581,0.6116527;-1.5252266,0.6620399;1.2447163,1.1302179;-0.22421,0.7097891;1.4008243,0.09436715;-0.0064812033,-1.2064822;-1.7803959,0.42545867;0.66143847,1.8861625;1.1384581,-2.0015638;0.9512383,0.6533268;0.16062202,1.6568055;-0.087020375,-0.6003595;1.696848,-1.195536;0.5804204,1.4229052;-1.0129625,1.360375;-0.52060485,1.1456763;-1.6865864,0.79819494;0.18106638,1.7124104;0.5702974,1.0944237;-1.5068421,1.2733229;-1.6429664,1.2600976;0.59690756,1.0193295;1.5948315,-0.8838431;0.7746279,-1.5053675;-0.82631594,-0.4615027;-1.5370758,0.49669564;0.3167151,-1.7353214;-0.59326136,-0.3176229;-1.5278462,0.95465505;-0.87294656,-0.9427851;-0.06354842,-1.763717;-0.8156597,1.0841295;1.3864317,0.807271;0.8981544,1.3769453;1.1499678,1.2992592;-0.8652111,-0.75341177;-0.62760633,-0.9628004;1.5974747,-1.3546644;-1.5739222,0.738713;0.3910174,-1.419722;-0.5885307,-1.1570196;0.4236155,-0.34301257;0.1966015,-2.0055468;0.6768872,0.13899769;0.89945966,0.46500868;-1.4522864,0.49866265;0.49952355,0.08956971;-0.3053829,0.4462185;1.4641773,-0.0033196108;0.9871224,-0.23979813;1.0778332,0.13509224;1.3827007,0.42789516;0.9869061,0.025808768;-0.007042358,1.3992219;0.060391508,1.0616452;-1.3382317,0.82315177;0.45506534,-1.37443;0.8412948,-0.44586784;-0.8456376,-0.43539503;-0.24288979,0.27170068;-0.023476006,0.2928037;-1.7269164,0.71488106;0.90929466,0.07207612;-1.5953757,1.2534188;0.9013554,0.5603718;-0.58710957,1.0319917;-0.06767852,-0.64001185;0.61658543,-0.28144595;1.0126051,-0.6570072;-0.94488484,0.6004765;-0.90523684,0.6848626;1.3715096,0.60562843;1.4142168,0.7170358;-0.08378632,-1.5022967;-0.98325187,0.7688108;0.4019294,0.98331696;0.20586511,1.4115219;0.18817796,-1.57123;-0.051990226,0.0075706956;0.22571416,1.8886987;-0.007127161,-1.8284444;0.09729191,-1.9036846;1.3278869,-0.4945052;-1.9479965,0.52503365;-1.2304611,0.952953;0.6992862,-1.4651984;-1.1257796,1.0352241;0.8332798,-1.8797864;-1.0787354,-0.090171516;-0.9841162,0.1284982;-0.15545534,0.9004313;-1.6612304,1.2400411;1.3109335,1.1831987;0.3114012,-0.13534543;1.0095464,-0.6596573;-0.062256645,0.22509037;-0.03319256,0.27839705;1.0731218,-1.9101833;-2.002752,0.5802837;1.1415889,-1.888119;0.34023055,-1.6931217;-0.7478318,-0.9274097;0.6516498,0.96989423;0.5473389,1.3440757;1.1880627,1.3774513;0.79988956,-1.531187;-2.014973,0.6058568;0.5586513,1.7061759;-0.5425928,1.0679767;-0.0891029,-1.5885462;-0.4498603,1.518887;-0.25610015,-1.3336524;0.15224059,-1.9038625;1.2509015,0.24719009;0.5625875,0.28020236;0.6397856,-0.061511002;0.7468719,-1.5660093;1.6316035,-1.3550415;0.10366948,-1.3779283;-0.65042347,0.6086501;0.87851626,-1.9119873;-0.5249418,1.2365681;-1.2255963,0.21585043;-1.873094,0.86094576;-0.06364358,1.2476591;-0.6545319,-0.3982233;1.1320937,0.67785096;0.19034651,1.0636643;-0.019377114,1.4464679;-0.027352968,0.18733129;-1.4766961,1.1801186;0.39367256,0.8635652;1.6911452,-0.979298;1.092741,0.8070488;-0.89384294,0.027407693;0.71039283,0.10102779;0.84886515,-1.829253;1.0579706,-1.526919;0.39443314,-0.98460555;-0.55572736,-0.95294154;-1.4504226,0.72362924;-1.6682974,1.1766818;0.47114408,-1.1570948;-1.8695675,0.71747565;1.1577845,-1.875201;-0.54179204,-0.21379106;-1.4949546,0.815601;0.27329472,1.4519814;-1.1966263,0.2895261;-0.87260425,-0.21072502;-1.7034789,0.7057228;0.014298358,1.1150647;0.833274,-1.8798059;-1.285277,1.1246526;-0.8853708,1.0289208;-0.6360882,-0.38693583;0.45340592,-1.2280862;1.3758525,-0.67048025;-0.755031,0.91551024;-0.9471774,0.68777347;-0.054815136,-0.17591482;-0.9805469,-0.10723421;1.5577803,-1.0736489;1.1347197,1.3336989;0.28594068,1.9077792;-0.666666,1.016543;-1.9861867,0.41310716;1.0385455,-0.58378613;-0.30273506,0.49915177;1.058937,-1.6587318;-0.4809486,-0.27018028;-1.581034,0.88065606;1.2218058,-1.9812071;0.51251465,-1.0627847;1.3082523,1.0076139;-0.19033055,0.48066863;-0.6757908,0.3240941;1.6255358,-1.4067521;-0.5605261,-0.19796127;-0.047950443,-0.18901743;1.2110184,-0.19240639;1.5806972,-1.040889;0.16184653,0.29659423;-0.52697414,-0.9340163;-1.6368303,0.4115519;-0.6557864,1.2051318;-1.2465479,0.39060026;0.2042253,-2.0487733;0.73357946,-0.071185715;0.7215056,0.59246016;-1.6662891,1.0812467;-0.62029225,1.0915495;-0.75574857,1.428851;0.30455232,1.1485339;0.56905746,0.8984927;-0.9988334,-0.028409649;-0.061394293,0.3654909;1.0055094,-1.8965045;-0.45885873,-1.1295351;0.18509883,-1.6698267;-1.7530996,0.94489944;0.09205756,-1.7591199;0.29038152,-0.9772942;-1.2302332,1.1135693;0.7448027,-0.7069476;-1.0345333,0.22320856;0.7939567,-1.6454749;0.80293304,0.10197597;0.07870373,-1.3368615;0.38010174,-0.4170162;1.159763,-1.6817632;-1.3720403,0.23602585;0.17527162,1.0621909;0.43633372,-1.6151237;1.1649423,-1.6292038;0.07066567,-1.4645667;0.687579,0.3656737;0.48772976,-1.1410093;-0.74544805,-0.99168795;-1.4354678,0.45094118;-0.24322793,0.48874444;1.1506906,1.3925302;0.72495914,0.97231954;0.8097204,0.6532965;-0.49904844,-0.35658586;0.78767383,-1.4475867;-0.13957517,-0.6426966;1.1468512,-0.014164855;0.5719873,0.14472234;0.99036276,-1.4543543;-1.8833561,0.36490172;1.189603,-0.102712445;0.7619444,-1.7661654;-0.9099403,0.08909253;-1.1562821,1.1567391;-0.35857877,0.7465753;0.44402206,0.99232715;0.12118983,1.042277;0.091391765,0.20999144;1.2677068,-0.11387638;-0.21776207,0.819664;-0.9230589,-0.81179196;1.3216381,1.1905156;-0.9756464,0.9915018;-0.007095986,0.5817582;-0.46022666,-0.32099816;-1.0591664,1.0907732;0.7033069,0.22123733;1.3258265,0.30648157;-1.1143389,-0.40328088;-1.1071959,-0.0879923;0.31099522,-0.8278757;-0.7544864,-1.0378541;-0.0006420696,-1.2460973;-1.3953832,0.35000846;-0.17443356,0.7189961;0.80607635,0.30998275;1.4765441,0.35391036;0.17822924,-1.7921438;0.42159683,-1.268823;1.3670276,-1.4737841;-2.0280366,0.67250925;0.7413352,-1.7330848;-0.6204748,-0.037112463;0.9142217,-1.5603219;-1.1852804,-0.3573518;1.5722979,-1.3505241;1.6537976,-0.40188354;-0.28727588,-1.282339;-1.6237149,0.19639249;0.25652352,-2.0652993;-0.48666084,0.15417455;1.3308816,0.52844334;-1.7326862,0.7518873;0.94076705,0.5818212;-1.0604557,1.2341862;-0.030595072,-0.4957244;1.338251,-0.34471157;1.2478753,-0.17017305;-0.4734057,-0.22069454;-0.26090845,-0.5848396;1.1952738,-1.8373713;1.2501099,-1.6136264;0.38218224,-1.7414895;-1.2489167,0.03779853;-0.20776026,-0.7617338;1.1713145,-0.12789185;-1.0558414,-0.24998467;-1.2529575,0.33609337;0.40426537,1.0581118;0.6916627,0.9994021;-0.1010505,-1.6702646;1.2268208,-1.9276755;-1.412297,0.9937223;1.1423773,0.75450695;-1.9010826,0.5967225;-1.4247279,1.1196866;1.6150277,-1.0193346;0.3159322,-0.9605471;-0.29593113,-0.22725983;-0.54141694,-1.0829557;0.22195329,-1.922753;0.3578371,1.5907623;1.2909781,0.28434357;1.016273,0.46307907;0.13462268,-1.2395486;-0.45093784,-0.67740786;1.1336092,-1.6327473;0.38459882,-1.1419262;-1.7194401,0.90594584;-1.2803285,0.7227182;0.045363948,0.03974639;0.65373886,0.0154826995;-1.1880801,0.5166114;0.12702988,-1.6740165;0.42915902,0.44076127;-0.8817278,0.03746271;1.6428708,-0.49895743;1.0165571,-1.6203501;-2.093377,0.7272441;-0.69744444,0.6311141;-0.18715537,-0.8272871;0.19133182,-0.096600376;-0.24173693,-1.4309074;-1.7497132,1.0553892;0.18169622,1.3648095;-0.08301543,-0.09678968;1.43219,-0.7549309;-0.980711,1.224573;-0.28011915,-1.1868521;-0.21893433,-1.2988263;0.343887,-0.28979793;0.8713047,-0.45456812;-1.9990201,0.7865204;1.1121055,0.06977721;0.46997556,1.1825236;-0.97735167,0.5867143;1.6555659,-0.43363512;0.12637588,-1.8676115;1.1951294,0.87442756;-1.0506569,0.9646836;-0.041254647,-1.7325252;-0.28153256,-0.8786717;0.056685917,0.9323183;0.3471968,-1.6099002;-1.5395901,0.3429367;-1.2141387,0.3482572;0.89867103,0.28518176;-1.8510001,0.38663125;-1.9863473,0.7301379;-1.5190891,-0.10091879;1.1016756,-0.515741;0.15750723,1.0675256;-0.30907375,-1.101217;-1.1381375,0.37030977;-1.4753067,-0.046077173;-1.8616296,0.7847696;1.0229136,-1.8501132;-0.84197515,-0.9410488;-0.9040752,-0.22764353;0.72399616,0.0020842226;0.37647086,1.5367756;0.9173446,-0.7302618;-0.15531377,-0.71301395;-0.0830691,-0.23482507;1.6467466,-0.75423026;-1.7592772,0.34470093;1.3136265,0.57808745;-0.510654,1.6046702;0.029346932,1.3441967;-0.43204656,-0.96027446;-1.5382177,0.24548358;1.3218359,0.9210786;-0.60124356,-0.96063495;-0.485002,-0.68525934;-1.2615618,0.7564347;1.3766528,0.48833632;1.391348,0.63318986;0.8747502,1.4929531;-0.88228303,1.454699;0.4383233,1.3595282;-0.84761155,0.8214256;1.5819906,-1.4079677;-1.6679946,0.42330858;0.8074243,0.42342275;-0.14816187,0.38128877;-0.34390336,0.7810691;0.84068733,0.14121063;-1.1149218,1.20132;0.15754963,1.4329635;0.34656173,-0.8409948;0.6482779,0.7484807;0.40099922,-1.8274996;-0.13408895,0.06553139;-1.6258463,0.1935749;-0.95344657,0.5281275;0.238548,-0.17281663;0.6845397,1.875578;-0.62498355,-0.38360438;-0.5486276,0.09972355;-1.3905201,1.1746808;-1.0243992,0.31717032;0.17184651,1.8036714;0.9622134,0.9791117;-1.4954655,-0.061228033;-1.0747747,0.5392207;0.7525123,-0.7078628;0.050465107,1.1061547;1.018553,1.3218532;0.791489,1.2689284;-1.3157575,0.34295574;-1.8381693,0.5782103;0.64116573,0.20330198;0.70272905,0.34535038;-0.05100288,1.0787953;0.2695446,-1.5366958;-1.7849776,0.20003492;1.0678014,0.6647715;-0.20715348,-0.38392472;0.24646804,-0.24208991;-0.11059971,0.19867237;-0.106074095,-1.7127721;1.1255004,-1.7006731;1.2085067,0.2443821;-0.022099376,-0.13398972;0.095254935,0.581209;-1.0874143,0.013176249;-0.28433886,-0.86775595;0.7603381,-1.3071512;-0.9288707,0.08471318;-0.54149216,-0.8318072;-1.7290797,0.42696208;1.70436,-0.7471163;0.957616,1.2956797;-0.9467313,-0.75987303;-0.2941244,-0.75801635;0.71391636,-0.34323087;0.7981216,-0.6528879;0.16863745,0.28495193;-0.06508076,1.2052987;-1.8252457,0.45727333;0.97726274,1.2098496;0.37309647,-1.026415;0.29645595,-0.25539052;1.2343042,-0.067231946;0.61657315,0.97087806;0.29205674,1.603774;-0.2507601,-0.84882265;-0.39940467,-0.58346695;-1.4091005,-0.16765746;-0.075131506,0.0132453265;-0.10430663,-1.521947;1.088402,-1.7330128;-1.2673632,0.074751936;-1.087373,1.0202049;-0.09700664,0.94552;0.39050645,-0.025799742;0.03261627,-1.2345414;-0.924757,-0.405065;-1.7210352,0.8517425;0.4510076,0.91158795;-0.6760074,-0.7021829;0.1743601,1.7881329;1.1259694,0.837323;-0.04630956,-1.6034409;-1.8535893,0.47374243;-0.15896413,-0.88894373;1.1174777,0.65582615;-1.2781842,0.19889733;-1.383607,-0.20419039;0.70999444,-0.3707288;0.46573108,1.3800648;1.427046,0.1990907;1.5260414,-0.53117156;1.2985365,-0.56103307;-0.79900044,0.67792034;-0.62782705,0.46621788;0.1627745,-1.9153541;0.891593,-1.5019363;-1.6678813,0.8490335;-1.1590009,1.111326;-0.9571762,1.0891259;-0.4981726,-1.2578007;0.53260225,-1.8883377;-1.9485781,0.6945187;-0.88367754,1.0683993;-0.686957,0.8926827;1.0261964,0.089941606;-0.7314778,-1.0266938;-1.096533,-0.38703054;-1.9641707,0.4085087;-1.7068771,0.3630645;1.6488063,-1.3999609;1.3201205,-0.9625326;0.2715419,-0.9829439;-0.5906963,-0.9277435;1.4607575,-0.75440425;0.35832796,-1.8037962;-2.032358,0.8175031;-1.2980857,0.9510407;-1.2247833,0.66036433;0.057838954,-1.6432484;0.1946056,1.8006455;1.4683828,-1.4147165;-0.82925516,-0.42909458;-0.06338326,0.9849583;0.022102747,-0.3176069;1.0576363,-0.5810131;-1.7754797,0.71008843;-0.7066432,-1.2086728;1.4927799,-1.3780888;1.273344,-1.5598192;0.809453,0.16128747;1.6128427,-0.83408684;0.9216637,-0.5527146;0.25893816,-1.9166472;0.41835028,-0.26377815;1.642562,-0.9683009;-0.9195013,0.5492189;-1.5559238,1.2951757;-0.17174073,-1.4919933;0.41289657,-0.47614318
p3d-kl
0.6734728217124939
p3d-iter
599
p3d
-1.125719,1.7536503,-0.3703974;-0.26639205,1.7637888,0.5740336;0.3901482,0.77563304,1.1206893;-0.6670111,-0.010614808,-1.104814;-0.6075562,0.033214524,0.4379959;-0.40429688,-1.3950759,-0.9282851;0.035775892,0.5974699,0.6767628;-0.14916955,1.4972357,-0.1643385;-0.11213598,1.6983163,-0.44845825;-0.64121675,1.7306803,-0.1436773;-1.4938568,-0.79593635,-1.5041863;-0.35544145,-0.7627517,-0.43449906;-1.4203155,-0.6348779,-1.4337701;0.6278585,-0.39798933,-0.17421784;0.5441558,-0.4796656,-0.3549604;-1.4275659,-0.6827972,-1.4400891;-1.3945264,-0.347941,-1.1663086;-1.4070189,-0.7504059,-1.3927361;-0.41615558,-1.1052611,-0.9588736;0.6918103,0.0152100595,0.4174508;0.10840926,-1.4689379,-1.0582601;0.2957572,-1.3556987,0.33376828;-0.32799655,1.7872761,-0.1392665;1.4344751,0.48932862,1.2380651;0.30940768,-0.3958974,-0.18818446;-0.84835076,-0.82077557,-1.7646961;0.29120347,-1.6733756,-0.34405327;1.0011612,-0.3340891,1.2308422;0.76137584,-0.12850642,0.20492941;-1.1398587,-0.11874636,-0.201655;-0.4862075,-0.7039356,-1.1003437;-1.6075348,-0.68914044,-1.5728959;0.8756909,0.42834046,1.4801028;0.5493337,0.57022184,1.3045025;-0.88213515,0.75125647,0.09089755;-0.6567042,-1.8118815,-1.4838079;0.8236283,1.9286942,1.0561248;0.53611106,-0.0709735,0.4891197;1.4228014,0.5363678,1.1235139;-0.63980824,-0.2708047,-1.1081153;-1.1182973,1.7409948,-0.5450436;0.8682653,-0.28545484,-0.3659947;0.22271608,-0.100531325,-0.40517423;-1.0365015,-1.0954111,-1.4592091;0.26956084,-0.80840415,-0.369467;0.6097464,-0.8347418,0.51796114;0.31287822,-0.93451095,-0.101795994;-0.8353161,0.6386895,0.06656026;0.9727697,0.9695464,1.2910906;0.7273797,-1.3023802,-0.12523557;-0.68676597,-1.7814888,-1.5815603;-0.5136554,-1.8447825,-1.4451349;0.6653968,-0.13250269,0.1054599;0.5858968,-0.8141892,0.52221227;-1.4228183,-0.62762433,-1.3772442;0.3861626,1.6146669,1.213723;1.1088617,-0.37760144,1.1028814;1.3473974,0.39836806,1.0334567;-1.091491,-1.3524814,-1.4618949;-0.13383201,1.7432873,-0.39135656;-0.5615613,-0.63767177,-1.3153244;-0.7482026,1.7480435,-0.35575804;-1.0137112,1.7681788,-0.47915694;-0.697604,-0.4720238,-1.7495618;-0.7679041,0.45641288,-0.39566857;-1.7029729,0.004047339,-1.5484555;1.371458,0.33805317,1.6337026;1.243541,0.8567348,1.2320017;-1.5056106,-0.8535619,-1.3196423;-0.26863456,1.4759004,0.19114208;-0.5388976,-0.3457117,-1.8356978;0.8921111,0.32260868,0.22866863;-0.6768354,-0.5706758,-0.5113595;1.1701616,-0.08957732,0.5660814;-0.9205344,1.3883512,0.1417667;-1.9249475,0.5104807,-1.524688;-0.4324428,-0.52122885,-0.3411463;-1.6418555,-0.5072124,-1.5836095;0.1268851,-0.9350544,0.110584006;-0.36225784,-0.5630529,-0.6326456;-1.3677652,-0.29695603,-1.1157583;-1.1714625,0.55561405,-0.09286661;1.6609784,-0.5307974,1.4177221;0.29099295,-1.2343938,0.1543432;-1.0052928,-1.6942903,-1.2067815;-1.05587,0.02031439,-0.5816439;-0.9184454,-0.3453752,-0.88325816;1.1736641,-0.2508008,0.5307314;0.17024478,-1.1388317,0.20613457;-1.469922,-0.8056495,-1.3185079;-0.6203277,0.092699446,0.4055668;0.33086026,1.4577882,1.2394861;0.97470915,1.6063309,1.0034611;-1.3418162,1.1148262,-0.43982455;0.3106175,0.13728595,0.6621693;-1.8178054,0.2244744,-1.581849;-0.4637784,-1.5594907,-0.8489644;-0.24946626,-2.018532,-0.8810364;1.8378756,-0.3494669,1.7935462;-0.9501903,-1.4991853,-1.3618726;0.48537585,-0.50889486,-0.5929931;-1.552841,0.9586834,-0.9836399;1.2137774,1.1949943,1.5394624;0.6375152,0.043625332,0.45941725;0.3443406,-0.6677645,-0.32507518;-0.096841484,1.6548911,-0.4951257;-0.42546824,-1.9707512,-1.3492877;1.1717533,0.31717357,1.3931358;-0.95424473,-0.3495343,-0.84296715;0.13133827,-1.8891292,-0.5020132;-1.3666469,1.3363338,-0.8237341;1.7081288,-0.32986614,1.8116281;0.14882293,-1.0137156,0.1673261;-0.0043129097,-1.4067606,-0.74406654;1.1209717,0.7716278,1.4427869;-0.47750124,-0.2154859,-0.7265167;-0.31881088,-0.16563216,0.6758216;-1.6620209,0.8151553,-1.1501579;0.005657045,0.01704685,0.21046577;-0.9405212,-1.0488884,-1.1572598;0.21072204,-2.024528,-0.68749845;-1.6043103,0.9162147,-1.0572337;0.8139106,0.7795707,1.315897;-0.012185729,1.0125971,0.40101492;0.725321,1.7541344,1.1606102;-0.82439977,-1.6640025,-1.0710201;-0.99430203,-0.4393015,-0.5378638;-0.522285,-0.55372715,-0.76066583;1.6689684,-0.50899535,1.3679733;-0.54782254,0.28323424,-0.043999493;-0.5933602,0.23643409,-1.0749948;-0.5263741,-1.7297169,-1.4881043;1.261147,0.13268308,1.5767177;2.0459998,-0.37514374,1.9080831;1.1477535,-0.61779195,0.51420635;-0.29073063,-0.14692207,0.7370817;1.2518893,0.8515935,1.569072;1.9479986,-0.56241536,2.1265223;-1.4672457,1.0473894,-0.855704;-1.196746,0.6673159,-0.24586737;-0.36927587,-0.3647424,-0.5576606;-0.30521053,0.40120703,-0.6099406;-0.34604764,0.08284782,-0.8962474;-0.6010531,-0.21926212,0.42482397;1.97633,-0.56727767,2.108816;-1.1507502,-0.9895974,-1.7026786;1.6252667,-0.5475452,1.1003416;-0.9201277,-0.90958405,-1.7236836;0.79094666,0.1555011,1.2814268;-0.4793029,-0.3951778,-0.20301118;-1.5345534,-0.48296142,-1.110681;-1.0098146,0.5395235,0.048678365;-0.20144016,2.0051742,-0.16291243;-0.15911801,2.1329272,-0.2219698;1.1288552,0.012892246,0.026404023;1.7793386,-0.1030758,1.5281023;0.35458407,-0.12107625,-0.42782947;0.6577067,1.6051478,1.1842602;0.67749494,1.4496249,1.2190125;0.9540712,0.20246808,-0.005557506;-1.8624096,-0.45055407,-1.47519;-0.19341466,0.35089144,0.423352;1.9999455,-0.39764112,2.0714946;1.4865097,0.04127342,0.88490367;-1.4689554,1.0719823,-0.8850184;-0.1828914,0.14776227,-0.3218476;-0.50645757,-0.40994555,-0.60237336;0.15978056,-1.3188031,-0.3067832;-0.021346187,-0.38320228,0.28846917;1.5671142,-0.21754481,1.008203;-1.6144251,-0.6382036,-1.5646281;-0.4813091,0.08528419,-0.7538627;-0.39607006,-0.3656733,-0.60369354;-1.01009,1.5902838,-0.27141455;2.1911745,-0.45752642,2.2672293;-0.86861295,-1.6516037,-1.1489941;-0.7194447,-1.6737995,-0.9373914;1.0496745,-0.022209851,0.06622988;0.86977917,0.015481144,0.103946395;1.2839118,0.86718637,1.5473511;-0.10053657,1.6400226,-0.50837296;-1.1331201,-2.0405543,-1.2732834;-1.4090202,-1.4624277,-1.590098;1.1671524,0.8781947,0.30881208;1.9694499,-0.636721,2.1387866;-0.34587595,-0.13588944,0.6672893;-1.3809727,1.2912021,-0.84063035;1.5021497,-0.4868913,1.4740093;0.5879359,0.30281648,1.172505;0.90857196,0.77817506,0.9437978;-1.2767581,-1.5861764,-1.528857;-0.7696298,-1.8089055,-0.9803833;-0.4147933,-0.1925305,0.3196534;1.6498756,-0.40236756,1.525813;-0.31419596,-1.2716967,-1.330942;-0.91635954,-0.41678286,-0.9816807;0.5356886,-0.57049173,-0.20975947;-0.27106214,2.0960019,0.30706003;1.1642754,0.32664183,1.5038167;1.5653422,0.0892204,1.2972056;-0.7879388,-1.1138196,-1.2100873;-0.39634463,-0.53489304,-1.0397393;-0.22417384,-2.1626594,-1.0680789;0.77826667,-1.232984,0.00863868;0.7587238,-0.8951303,-0.13429262;-1.1436249,1.74439,-0.36048484;-0.47234496,-0.17647943,0.24804142;0.44840014,1.566983,0.56529635;1.83362,-0.089847215,1.6398135;1.09017,-0.33457604,1.1296682;-1.2143881,0.6378998,-0.10576516;1.8738104,-0.6472401,1.9384868;-0.1540074,1.7524804,0.37084866;0.34779307,1.5694103,1.2438215;2.1204298,-0.41713277,2.067404;-0.34638888,-1.4525937,-1.2706808;-0.043890722,0.87867653,0.6687051;1.1635405,0.7426378,0.7707228;0.27560806,1.0262219,0.6691899;-0.56314546,0.37901095,-0.043198932;-0.40783793,1.4599699,-0.10411825;-0.6260224,-1.158719,-1.2412906;0.321821,0.8930877,1.2091161;1.250698,-0.6314975,0.9665777;-0.24029589,-2.0665948,-0.8750943;-1.3837411,-1.5018117,-1.5597894;-0.57459426,1.9336967,-0.1430784;0.36558938,0.5784264,0.6055761;-0.7037012,-0.07206994,0.3455262;1.2692496,0.78520226,1.6025954;-0.93000823,1.7146024,-0.544303;-0.32283652,-0.21159695,0.5602126;-1.0829227,-0.5926739,-1.1970507;-1.1941404,-1.8474957,-1.565347;1.2987248,1.1754292,1.5989383;0.7887658,-0.45217574,-0.28950563;-1.573973,0.9423466,-1.014367;1.2654688,0.42922577,1.4980217;-0.26629487,-2.117331,-1.1296641;1.2076285,0.76076865,0.44371977;-1.8705839,-0.4086135,-1.4529302;1.1348116,0.28954718,1.6216758;-0.25700817,-0.784219,-0.024631782;1.1863159,0.5722487,0.75055295;1.8547758,-0.20717938,1.1918763;-1.878004,0.3642683,-1.5601305;-1.0690488,-0.45058528,-0.7167586;1.1710514,0.20549521,1.5070416;0.42961922,-0.45445177,0.6139889;-0.05932068,-0.0067654126,0.6011156;-0.26585594,-2.1450546,-1.1637738;0.17411694,-1.8938149,-0.44228923;-1.0670142,0.28387675,-0.04619175;1.4897277,-0.40884036,1.4202965;0.31344873,-1.7595698,-0.51288307;0.38146552,-0.5169921,-0.66622764;-0.39406168,-1.7857857,-1.3865675;0.75389636,0.9111617,0.7803785;-0.92706305,-0.5128181,-0.23725532;-0.9360735,-0.8176017,-0.42410347;0.52149564,-0.43375003,-0.48461276;0.6129138,1.8496878,1.107726;-0.13440374,1.6791434,-0.17190035;-0.43704918,-0.0029273327,-0.8607927;-0.0022898011,0.5775985,0.43559733;-0.64205784,0.30423927,0.029695047;-0.38061532,-0.22827579,0.4148457;0.45905268,0.49836072,1.1773176;1.4211584,-0.38444,1.3783944;1.3837085,-0.014153445,0.99584216;-1.2840534,-0.3691676,-0.45842463;0.3892979,-0.48477635,0.6625744;0.14948536,-0.059764147,0.0035369666;-0.9426814,-0.76528436,-1.7237512;-0.50584656,-0.19920826,0.25783557;-0.4383241,-1.6636397,-0.66593176;-1.6336261,0.10021295,-1.5403198;1.3314348,0.32959452,0.9134997;-1.248811,-1.6358516,-1.6179067;0.39016303,1.1360838,0.69144;-1.0144763,1.7364821,-0.4555445;0.52618575,0.94086975,0.8276059;0.7908342,1.7394215,0.97291297;1.3556068,0.20840304,1.6042873;0.007599847,-0.00023716543,0.5864927;-0.52696747,-1.8370154,-1.4498144;1.01302,0.1669012,1.1636003;0.4178582,1.6553202,0.8167044;-1.0939972,-0.44455147,-0.8038339;-1.1822699,0.62268203,-0.11566347;-1.752308,0.14302388,-1.574394;1.7725742,0.25536186,1.8693895;0.81625867,-0.39683184,-0.20472729;0.56803983,-0.31497276,0.14778647;-1.7680341,0.111848846,-1.5626031;-0.4980511,0.23076883,-0.07635387;-0.090097375,0.06481257,0.14619806;0.35102993,0.60651904,0.62381417;0.29920357,1.6635334,0.49225876;1.2551025,1.0063865,1.142169;-1.8987916,0.82538694,-1.3494008;0.83483124,1.2646778,0.8234245;0.2649676,-0.067851044,0.058950577;0.09993184,0.30582747,-0.23776695;-0.40071726,-1.5524913,-0.5795925;-1.2938608,0.6984479,-0.27429354;-0.9071027,1.3675156,0.15168487;-1.1531079,1.5273837,-0.58536905;-0.6761493,0.8097014,0.1359056;1.5831693,-0.04967424,1.884539;-1.6683985,0.2678353,-1.3699064;1.5095451,-0.020918582,0.9262154;0.18765429,-0.034116372,-0.2946004;1.1689017,-0.16822216,0.56815165;-1.7467492,-0.2395276,-1.4650332;-0.65491706,-0.3639207,-0.82920825;-0.78902143,-1.7716482,-1.6225468;0.86006594,-0.25036383,0.20525157;0.14189108,-1.7937621,-0.479103;-0.048907943,-0.33581275,0.3814319;-1.4499308,-0.20816372,-1.1649846;-1.0259454,-0.15891059,-0.017022025;-1.2403535,-0.36629578,-0.44349924;-1.2416563,-0.7389755,-1.1674169;0.052823454,-1.0084646,-0.59987414;-0.35239142,1.7149386,0.44932872;1.4088593,-0.43877435,1.3010427;0.7948818,-0.0117383525,0.30892435;0.3159296,0.08445159,1.045628;1.4900556,-0.03004195,1.0961415;-1.0803692,-1.2639848,-1.403348;-0.8329348,-1.482933,-1.0767754;1.551755,0.017377036,1.8466434;-1.0800289,-2.1842277,-1.5084293;-1.7496372,0.1280051,-1.5350496;-0.92311615,-0.50743484,-1.0441132;-1.199549,-1.6175573,-1.328737;0.6022999,0.84402865,0.6745216;1.3647813,0.966213,1.4793215;1.0852519,0.14502905,0.13811441;0.30400163,1.8039109,0.5004487;0.2838861,-0.12981544,-0.4458258;-0.085364535,-1.2892028,-0.73398197;1.733553,-0.35685182,1.8735956;1.5362004,-0.46262503,0.8903662;-0.86746794,-1.1090077,-1.0981926;-1.4118894,-0.5232719,-1.4288566;-0.29142973,-1.4895533,-1.0063545;-0.23556456,-0.30869657,-0.069799155;-1.132859,-0.024473697,-0.21268491;0.25551003,-0.5377716,-0.78956175;0.34726802,-0.740877,-0.60404885;0.5359089,-0.45484662,-0.15598679;2.002252,-0.77613616,2.1064615;-0.60775864,0.7490175,0.34989557;-0.56420445,1.8893285,-0.1591884;-0.55931574,-1.1597157,-0.69773054;0.05205807,0.6006727,-0.0784443;0.19207315,-0.043702543,-0.4937976;0.17133221,1.2040441,0.42079943;-1.3298974,-0.46204218,-1.0510495;-1.6647623,0.79790026,-1.1760734;-0.7009366,0.49512923,0.066380516;0.57535857,0.045271702,0.33920223;-0.14187087,1.2502102,0.75915736;-0.64600617,0.16455367,-1.1034774;-0.021003362,-1.4819207,-0.37143597;-0.4653155,-1.0373455,-1.0651827;-0.7530292,-0.96777606,-1.2102414;0.97962075,0.5090808,0.7807481;-1.4253502,-1.4385546,-1.6207649;-0.3349737,1.585831,0.01608947;1.4559782,0.31308886,1.0111135;0.6496737,-0.36024982,0.044134736;-0.6156977,-0.59256846,-0.7639778;1.3021224,0.08514395,0.2003291;0.059080586,-1.336254,-0.19234072;0.2804367,0.26216817,0.6820534;-0.48721355,-0.119712554,-0.5889107;-1.0164974,-0.38730356,-1.6179508;-0.7810292,1.46186,0.23078057;0.9685973,1.5807481,1.0044957;-0.04507316,1.8978628,0.3489465;-0.48553592,-0.43920907,-0.8409388;-1.6888684,-0.049084656,-1.6100166;0.8120579,0.14548814,1.2579348;0.3586326,0.33525598,0.63244754;-0.45112652,-1.6253449,-1.4448541;1.8387215,-0.18702185,1.115964;-1.1978737,-1.4720182,-1.6563063;-1.088314,-0.5165528,-0.54806936;-0.25419846,-1.4681308,-0.9913884;0.7477289,1.1177444,0.7959524;0.8230128,-0.54596215,-0.10821289;-1.6439563,0.7502569,-1.1296904;-1.5979315,-0.64965445,-1.5608263;-0.70603234,-0.46934325,-1.7334018;-1.5627376,-0.30501944,-1.2850204;1.1919153,-0.13411374,1.2253385;0.17798445,1.1054689,0.49063438;0.29124764,-0.5413741,-0.79036534;-1.0683541,0.592416,0.047476403;0.85497636,-0.43829322,-0.12690349;2.022422,-0.20089106,2.0209417;0.61787957,1.4085861,1.2339407;-0.23280498,-2.0893395,-0.9328534;-0.60911006,-0.6607572,-0.89979774;0.87245804,0.2961246,0.3809313;1.9336683,-0.40227807,1.9654326;2.1633623,-0.50791144,2.1689703;1.2305645,1.3127425,1.1517842;1.2558336,-0.15935431,0.988328;-1.315123,1.289309,-0.45294133;-0.0835719,1.8328102,0.03845678;-0.34345087,-1.3939998,-1.3793684;-1.0894727,-1.5686315,-1.7750682;-0.21268608,1.3278337,0.7199616;0.711544,0.14510839,0.9326655;0.72475904,0.32947674,0.35637993;0.2328346,0.42152786,0.69398034;-0.78819215,-0.5796355,-1.4350622;1.3742628,0.47683874,1.532038;-0.22107461,1.9108008,-0.1157663;-1.2496619,-1.5231538,-1.7569546;2.1112664,-0.4234624,2.2090452;-0.33532414,-0.08956577,0.6664804;-1.2040942,-0.25752407,-0.3078683;-0.3190214,-1.0128279,-0.4267492;1.2426174,-0.19663437,0.5668154;-0.34750795,1.4739426,0.5509158;-0.8508119,-1.8056645,-1.0768187;-0.25741687,-0.7918558,-0.027340105;0.6447799,-0.60367066,0.07474715;0.72984695,0.15813054,0.005085663;-1.8283061,-0.5981505,-1.491177;-0.8394981,-0.6723541,-0.4927345;0.8274684,0.93461883,0.9668932;1.9884875,-0.29575834,1.7671362;0.05593929,-0.53234404,-0.84014094;0.22610995,-0.67003137,-0.63508266;0.4551485,-0.4193281,-0.5559797;-0.6756991,-0.36562842,-1.3295003;-0.68662316,0.7819382,-0.11094332;-1.1752672,0.77487564,-0.08983049;0.36720517,-0.3136999,-0.5057486;0.25983098,-0.6343786,-0.61764395;-0.40877625,2.0944524,0.23341098;0.40629175,-0.7703709,0.5546288;-0.13930425,0.038760062,0.13823687;-1.690272,-0.15840359,-1.4099646;-0.32382056,-0.16927104,0.69250184;1.4715276,-0.11022432,1.1543983;-1.4177619,-0.6196728,-1.133168;-0.5478488,-0.20440233,0.26014844;-1.1151826,0.5040823,-0.23186937;-0.9694079,-1.6384995,-1.262088;0.20242588,-1.8230267,-0.34527436;1.1910595,-0.29535908,0.47292098;0.77529645,0.016213333,-0.042132676;-0.38755673,1.2264607,-0.039322454;-0.9554404,1.7179985,-0.5107936;1.1542592,-0.7400215,0.45256355;0.9067065,-0.001422825,0.08252128;1.1255101,0.2115762,0.12058194;-0.9135809,-0.55477,-1.0496753;-1.0680586,-0.4320785,-0.7423597;-0.049607843,-1.7850761,-0.52660084;-1.038644,0.50837255,0.073758885;2.1972525,-0.460535,2.2719154;0.8525411,-0.21069007,0.23252553;-0.21080479,-1.0906978,-1.2597561;-0.28286508,2.355575,0.3177675;0.82441413,1.9590559,1.0671517;0.9670028,0.32819343,1.0018773;0.77323294,0.09866361,1.1873039;-0.46146417,-0.23204361,-0.7041326;-0.23048016,1.8985142,0.5226683;-0.29209587,0.3382192,0.50510746;0.6126374,0.009777446,0.24555188;1.5150485,-0.16069181,1.3870136;-0.8918058,-0.8527952,-1.7476536;0.26285568,-1.2878405,0.25058115;-1.3307261,-1.4245713,-1.5075097;-0.06637358,1.7353367,0.06628356;1.7214634,0.1812412,1.8514491;-0.5053658,-0.3264981,-1.8503274;-1.3006859,1.4673314,-0.4273755;-0.76232713,-0.46795046,-1.4675745;0.19573776,-1.5841016,-0.2785482;-0.15551788,0.34442186,0.37323868;-1.93615,0.54597163,-1.5176649;-0.2616875,-2.1460373,-0.8422032;1.17032,-0.5667424,0.45736885;0.8274222,-0.4256253,-0.27777225;1.7029743,-0.42043883,1.5548307;0.21299893,-1.7310466,-0.32957813;-0.40136945,-1.8378062,-0.69257945;1.6931138,-0.27853438,0.9666369;1.8466407,-0.18723373,1.1875961;-0.43561503,-1.6866409,-0.72553813;-1.6977907,0.09597004,-1.5761982;-1.0822271,0.18733802,-0.1999917;0.6159196,1.274632,0.88592297;1.4901083,0.089032136,1.4599918;-0.5441017,1.6168748,0.23232584;0.39511225,0.08978638,1.0782362;1.5003709,-0.53649515,1.2126366;0.61924124,1.7828493,1.1382467;-0.2695777,2.1779401,0.33952776;0.8327617,-0.73345107,0.11826102;-1.0097663,-1.3904529,-1.8005527;-0.48086262,-1.8170848,-1.4458842;-0.74333966,-0.50445634,-1.7029532;0.67608166,1.4651914,1.2071959;0.40433487,1.6556804,0.8304571;-1.8140609,0.8222793,-1.2884574;1.5311172,-0.4344254,1.4382958;-0.6425691,0.7477418,0.24140142;0.51357436,1.6063168,0.5879426;-0.4469501,-0.30703372,-0.18077771;-0.6023815,1.9434229,-0.21114819;-0.53959537,0.11144363,-0.73528886;-0.6748212,-0.58983725,-1.2178348;1.5072452,0.7889879,1.3040056;-0.20529665,-0.28057,-0.47419667;0.35443488,-1.1009318,0.49157903;-1.4470624,-1.2946663,-1.5519607;-0.98814607,-0.34652612,-0.7934438;-0.9304155,-0.64892715,-1.1544068;-1.1714494,-1.7319783,-1.6722347;-0.88779706,-0.36295083,-0.9686906;0.20404884,-0.70225966,-0.20612912;0.43557322,-0.50971353,-0.6119178;1.3382472,0.31705981,0.8217349;-0.69748574,0.66101104,0.04123888;-0.8399278,-0.6685075,-0.49407023;0.63206697,1.3063287,0.8902585;-0.027170405,1.9567518,0.356685;0.18697974,0.056152605,-0.08624998;1.8122137,-0.6089215,1.5884248;-0.76958656,-0.2460909,-0.909084;1.7955283,-0.23850343,1.1016492;-0.677156,-0.36787605,-1.3165095;0.78907776,0.27118865,-0.08159804;-0.26003686,0.29674053,0.46891797;-0.74640685,-0.7227278,-0.45642522;-1.1940695,-0.52645946,-0.5258931;1.1303656,0.78642195,0.520118;1.1153444,0.7185517,0.38476166;-1.0471421,-1.7285091,-1.7242774;-1.0888388,-1.4488387,-1.8240887;-0.28311253,1.6240085,0.33701178;1.2821923,0.761728,0.4554098;-0.15232399,-0.8088918,-0.74088436;0.021776868,-1.4523841,-0.33614665;-0.40540785,1.3716669,-0.13544217;0.053457517,-0.37941906,0.10273793;0.2690482,-1.7316524,-0.50629693;-0.37326446,2.1688647,0.23174831;-0.5144368,1.8185372,0.121663444;-1.3643793,-0.43993175,-1.0909164;2.0484643,-0.3784891,1.8824474;1.2373687,-0.1812927,0.8687907;-1.0777644,0.27669755,0.1252035;1.1121818,-0.49518397,0.82624304;-1.257941,0.9201829,-0.16463365;0.79162765,0.0279054,1.2041887;0.8961969,0.47829968,0.88833946;0.31950483,-0.9063322,-0.02733271;1.865562,-0.16577645,1.219722;-0.98347133,-0.47706395,-1.6672096;-0.28117415,-0.19822493,-0.14095059;-1.1891471,-0.5215826,-0.5195698;0.13763307,-0.1792539,-0.006871423;0.1915697,0.053074583,-0.05466943;-1.171547,1.74897,-0.41204098;2.0877283,-0.3855521,2.0350218;-1.2672604,1.4387147,-0.51088643;-0.5756484,1.481743,0.24428722;0.37877727,1.5689703,1.1758907;-0.4855527,-1.5352196,-0.85128593;-0.25119078,-2.012021,-0.8073953;-0.7211822,-0.52906346,-1.8047295;-1.1427137,0.27431452,-0.19372351;2.1064336,-0.45582518,2.0276394;-0.29202074,-2.0828593,-1.2326561;0.72708625,-0.26415068,-0.20113105;-0.2601482,1.8113456,0.37394848;0.7094489,-1.3363432,-0.1543942;-0.15324566,1.3503631,0.7633258;-0.5058867,2.0426188,-0.117690414;-1.1550595,-2.0764315,-1.3443255;-0.35633567,-0.15925716,-0.64321524;-0.59798014,-0.50282806,-0.57915586;-1.0879545,0.3027135,-0.05249209;-1.8776873,0.83149046,-1.3288655;-0.2172413,1.8649389,-0.13691306;0.6177052,0.46478662,0.31595388;-1.2235397,1.1877435,-0.18529615;0.77352995,-0.4689615,-0.23433208;1.176988,1.4034913,1.1386387;1.8415551,-0.64989936,1.9114183;0.44377273,-0.6925063,-0.29363728;0.4680018,0.3288011,1.1605271;-0.87168914,-1.6835508,-1.2030768;0.24230348,-0.5552598,-0.8118719;0.1567981,-0.62663186,-0.13000171;0.13510038,-0.043509025,-0.058876466;1.6107212,-0.31275052,0.9925625;-0.07771238,-0.5864646,-0.87280077;-1.8794181,0.25860348,-1.5831449;-0.8388489,-1.7979296,-1.0814592;0.7100014,0.35452285,0.82611686;-0.6144079,-0.035828065,-0.78202343;-1.2301544,0.95798004,-0.18450028;-0.9480672,1.7088226,-0.5869804;-0.7258123,-0.17374156,0.36212337;0.37268943,1.4354693,0.6518733;1.47118,0.15243743,1.2466396;1.8747324,-0.1794981,1.2531984;-0.6304047,0.2618635,0.058876485;1.8585496,-0.38386852,1.8860464;-1.299628,1.4818095,-0.5310929;0.42097074,0.047082625,0.8651496;1.439639,-0.2028332,1.2999873;-0.016674666,-1.714919,-0.5100179;1.0544196,1.3867941,1.0241092;0.7114622,0.9850064,0.7323053;1.7748766,-0.50844103,1.5647063;0.51721877,-0.49498153,-0.5271593;-1.2579415,0.92017794,-0.16463776;1.3641714,-0.5610358,1.0463426;0.9431907,-0.39902067,0.51824504;0.44581553,0.30609274,1.1430341;-0.6909397,0.29672635,0.14050515;-1.4504623,-0.18410014,-1.1666946;0.9235404,0.013839506,0.3390635;1.1766443,0.7657963,0.46247286;0.010586578,0.15034601,0.09781465;0.84495884,0.76628286,0.963276;-1.6771816,0.3416137,-1.3523548;-0.7164386,-0.48448277,-1.7041187;0.24312304,-1.9779629,-0.6383385;0.83129704,-0.10919779,0.120530054;2.0666556,-0.027810246,1.9843163;-1.1921973,-0.5237015,-0.6317627;0.3613158,-1.0352868,0.47512656;-1.0352638,1.7291043,-0.5426213;0.2929739,0.043448605,0.8157768;1.5993955,-0.4606304,1.3127961;-1.3496603,0.9706624,-0.41724995;-0.56601936,0.32071644,-0.031719167;-1.0039697,-0.91450816,-1.7427827;0.15742949,-0.9695671,0.19548981;0.66842407,-0.007135195,0.57441074;-1.8723781,0.8372066,-1.3242631;0.43237513,-0.0013037121,0.9182133;-0.010303566,0.073660776,0.11417744;-1.1511905,-0.6684993,-1.1806043;-1.691325,0.35236245,-1.4163088;0.10163666,-1.464434,-1.0477464;0.35443097,1.3023076,0.6379921;1.6583931,0.71308184,1.5629951;0.8978076,0.16206856,0.01626693;1.2074888,0.89312476,1.0328027;-0.62902015,1.9459782,-0.2355941;-0.6703227,0.27130982,-0.70160484;-0.41964754,-0.54908746,-0.9908945;1.8124765,-0.2313366,1.3068031;0.7901374,-0.114022195,-0.028866619;1.1351458,-0.0023947412,0.033434633;-0.16177347,-1.693325,-0.51078826;-0.43485937,-1.5451392,-0.60764736;0.84823227,0.5516752,0.9860628;0.16436903,-0.36835644,-0.08825418;-1.0665513,1.7280743,-0.30333632;0.23979695,1.5651248,0.41198942;-0.43445626,1.5551468,-0.18932605;1.7961855,-0.11695203,1.532857;-0.43804514,1.6489524,0.10672704;-0.51201427,-0.06929735,0.51849836;1.2542702,-0.59891415,1.0727504;-0.8762034,-0.6211211,-0.1839112;0.9823676,0.36542237,0.96681947;-1.1583408,0.503081,-0.1634379;-0.610168,0.2530102,-1.0489874;-0.20983766,1.9747545,-0.0789176;-0.4450273,-0.74188274,-0.14811012;-1.1912048,1.5099072,-0.68379354;1.3249052,1.1724663,1.5318131;0.2505642,-0.54803413,-0.79064506;-0.70175105,1.054284,0.09438251;-1.1885886,1.5426593,-0.7201405;-0.21128832,2.058418,-0.21159078;-0.55768055,-0.62509495,-0.76863766;-0.6230164,0.26584414,0.031043887;0.35157916,1.5800033,1.2223592;1.4711914,0.8104446,1.331896;0.33211073,-0.9774763,0.23896915;-0.7026519,-0.46961617,-1.7374647;-0.37043062,-1.0723801,-1.0142112;-0.58347344,-0.85032743,-1.1553237;0.3038874,0.17706339,0.8091771;-1.1033118,0.1851719,-0.14069778;-0.01077547,0.6414869,0.25844264;-1.0293485,-0.44937456,-1.290063;-0.4049073,-0.37637657,-0.5817895;-0.7914699,1.7348511,-0.39457437;1.9139653,0.21260773,1.9363686;-1.1128718,-0.5987019,-1.2433873;-1.1902244,0.59266657,-0.058238022;0.76886106,0.46044558,0.7399315;1.20924,-0.61310387,0.8362406;0.49016285,-1.0140518,0.07393453;-0.11646728,-0.9209561,-0.9498784;0.3116105,-0.5288572,-0.69840235;0.04827649,0.5069425,-0.25638875;-1.2115089,-0.98126304,-1.2575792;0.28947908,-1.3518124,0.17330307;0.7535474,1.7811593,1.1154011;-1.0018559,-0.44189066,-1.6641511;1.1275923,0.12921627,0.52158684;0.15398903,-0.3401129,-0.33236632;0.30932313,0.027046485,0.7082114;1.090217,-0.34819895,0.6400694;-0.576132,-0.26130006,-0.82926387;-1.1705706,-1.9489608,-1.5115907;0.8419294,0.80701756,1.3043921;0.8383348,0.046725582,1.2629608;-0.49423054,-0.17652966,0.36464947;0.3575111,1.5634828,1.2285453;-0.068932876,1.792661,0.06463046;1.3856997,1.0190537,1.4803221;0.18771918,-1.4267492,0.17145476;-0.5348009,0.054784603,-1.0825971;-1.2966084,-1.443859,-1.7864434;-0.4909585,1.7832676,-0.14003722;-0.67204535,0.39020392,0.2057376;-1.4880866,0.88773364,-0.9000485;2.1145008,-0.5975166,2.0654144;-1.1636847,0.5495157,-0.010163044;0.51815325,-0.14087796,1.0295364;-0.9980417,1.0725002,-0.36045995;0.89220464,0.40836453,1.4895992;-1.7786205,0.82753867,-1.258385;-1.80488,-0.7653731,-1.5087545;-0.08800542,1.3010366,0.8157154;1.5282588,0.60799336,1.7178006;-0.56080896,1.6334802,-0.33549532;0.4222447,-0.66152054,0.5800946;-1.0083042,-1.9505173,-1.6287702;1.797267,-0.58116376,1.5862992;-0.7617235,-0.40275115,-1.3915845;1.1671906,-0.48357117,0.60350776;-0.18804505,0.13113779,0.25687715;-1.3387513,-0.24619387,-1.2475648;-1.192264,-0.8827229,-1.2112004;0.2672678,2.09848e-05,0.8691532;0.013646255,0.17938526,0.6345828;-1.3357203,1.3069024,-0.58897555;-1.3510524,1.355639,-0.79680777;-0.67592055,1.4279997,0.2529753;1.0721613,1.1304055,1.2747967;-0.013954142,0.6078989,0.4806064;-1.0869172,-0.6247908,-1.2121397;0.68393636,0.21153031,1.1786797;1.1910119,0.9745861,1.0860813;-0.14756118,-0.96173584,-0.71276456;-0.42048573,-1.3149977,-0.961135;-0.16074899,1.9370703,0.41392875;-1.3603175,0.982689,-0.47013077;1.5027617,0.027184043,1.0097562;-0.880113,-1.5879637,-1.2336351;1.8799032,-0.1549184,2.057244;1.5573081,-0.054476853,0.9365016;-1.7421678,0.32613268,-1.4983315;-0.56061107,-0.10876123,0.4571946;-0.33736104,-0.1224493,0.64551145;0.3634595,1.6566943,0.5869567;-0.6194365,1.7541924,-0.1861506;0.13627097,-1.4791611,-0.71733266;-1.1522205,-1.9584723,-1.4509104;-0.75168097,-0.90794057,-1.2189201;-0.23759535,1.462132,-0.1739853;0.31640634,0.65415174,0.5719954;-1.1995323,1.6835417,-0.67519295;-0.73449844,0.024739739,0.3448732;1.7496332,-0.10224692,1.5705339;1.2306682,-0.16659392,1.1979917;0.03539993,0.6271205,-0.09840631;-0.5676455,-0.3392848,-0.61098427;1.004021,-0.39303815,1.2456679;-0.3831261,1.8459065,-0.065278985;-0.3304065,-1.1628281,-0.45113987;0.7248862,0.33662575,0.831206;-1.8096758,-0.64014345,-1.5365409;-0.9542349,1.7399068,-0.48848942;2.1734035,-0.4597555,2.27115;0.72222453,0.39978278,0.38005885;0.03641435,0.83060247,0.4391096;-0.12282108,0.123033166,-0.31012386;-0.22443177,1.3620842,0.7653841;1.7771895,0.09702226,1.4632683;0.007934405,-1.3011352,-0.27652827;0.050678153,0.05881773,0.17463647;-1.5405304,-0.084668346,-1.2252198;1.2691984,-0.13541462,0.52692604;-0.11342034,1.0813091,0.8229667;-0.16612518,1.394052,0.70590305;-0.3749314,-0.13375813,-0.09513056;-0.90574676,-0.6057639,-0.5312477;2.0086577,-0.684571,2.0876527;-0.92060107,-0.43164328,-1.3243543;-0.17155512,-1.3526256,-0.9183255;1.1082429,0.6182689,0.59155047;-1.8109035,-0.71927977,-1.5138668;-0.4549577,2.1014895,-0.035252415;-0.9001917,-1.5916475,-1.4443209;1.0295664,-0.18431917,0.67639685;-0.2796029,2.1180878,0.2951862;0.0023927863,0.7086976,0.7139108;0.40101334,-0.21681373,-0.5667522;-0.619726,1.3757824,0.14717968;1.4660414,0.25183493,1.5588852;1.1218395,1.2125671,1.0486099;-0.71193737,-0.41395876,-1.0183156;1.8608259,0.21293649,1.8796704;1.9996114,-0.5409669,2.0915463;1.2574962,-0.039185803,1.6390262;-1.2687778,-0.67349374,-0.6389427;0.2638708,-0.54736483,-0.7727256;-0.121894866,0.7295773,0.9005963;0.9331038,1.2488115,0.80986434;1.2429588,0.11866476,1.5558587;1.845655,-0.53224754,1.8739423;-1.0715913,1.7578727,-0.36009398;0.569035,1.7084566,1.178829;0.767397,1.0582385,0.77611506;-0.6300935,0.1809246,-0.730045;0.070603505,-1.5130008,-0.7441662;-1.0598929,0.03835069,-0.59338295;0.01631873,0.6640418,0.33175606;0.047279913,0.2462316,0.20007835;-1.7889112,-0.13375375,-1.5455904;1.6233224,-0.090592295,1.8366101;-0.8948975,-1.9278852,-1.6039125;0.7716226,-1.2299294,0.002732522;0.17946231,-0.626396,-0.3631133;0.18223295,1.1405231,0.47959304;1.425832,0.21708903,1.6100299;-1.0388412,-1.0315067,-1.742264;0.37044784,1.601559,0.7762897;0.35280222,0.73673147,0.61568636;1.2393643,-0.26743975,1.2126701;-1.132584,-1.7988071,-1.7229515;-1.0674559,-1.623352,-1.7595087;-0.4177202,-1.9391605,-1.3761766;1.3038436,0.09041441,0.20478758;-0.093663745,-1.595028,-0.77717733;1.0843718,0.41558003,0.26871014;-1.7947125,0.85551137,-1.2533514;1.7185671,0.54743606,1.6804951;-0.53202796,-0.19941251,-1.06394;0.08813493,-0.6833739,0.16160792;0.47233397,-1.0121148,0.023396976;-0.64928365,0.16021608,-1.1049556;1.1947718,-0.5949532,0.7260152;0.033354145,-1.2950712,-0.19753282;-0.54527706,-0.15317692,0.3015553;-0.5413013,-1.2487539,-0.74447;-0.7207704,1.493568,0.2617653;0.21871701,0.17561607,0.20814705;1.5281328,0.56890416,1.726878;1.0764647,0.64011985,0.53915375;-0.22755788,0.16715926,-0.25434935;-0.53840506,-0.34363702,-1.8358539;0.4259996,0.26863194,1.1324914;0.4717352,-0.19451028,0.6070119;1.5052315,-0.12864693,0.8617322;1.0029655,0.22428778,0.8566919;0.23751846,-1.740361,-0.35109484;-0.67280823,-1.2963963,-1.2801831;1.2524818,0.09855764,1.5624003;1.1845415,0.7024306,0.8048625;-0.89086163,-0.6005702,-0.19545983;0.46470684,-0.51751393,-0.61165404;-0.7587452,-1.8130429,-1.5908524;-0.3256297,-1.2746663,-1.3178769;1.2931592,0.8979538,1.2072023;1.8425364,-0.04805466,1.8061076;-0.47678125,-0.25575432,-0.7179172;-0.5780011,-0.5295424,-0.8175999;0.4535773,-0.4475909,-0.31792036;-0.49056366,1.1425012,0.045652542;1.6337086,-0.18085411,1.9693478;-0.81752306,-1.5500616,-1.0230161;0.025813203,-0.17021492,0.5256815;-0.2656167,0.30203095,-0.32870266;0.27931958,-0.0492045,0.10100944;-0.23472002,1.968498,0.4423245;-1.189577,1.6597939,-0.6323865;-1.1430202,-2.1159773,-1.2589455;-0.04706162,-0.25499883,0.13832511;0.093502395,-0.0057055843,-0.47261146;0.8697159,0.021365143,1.1702266;0.006049207,0.6939953,0.7148012;-1.0587215,-0.10230679,-0.051174454;0.7990211,0.40689978,0.81783587;0.4075144,1.1637472,0.70483154;1.6699523,0.2954297,1.8103539;-1.9139128,-0.1789982,-1.4862448;-0.61886966,-1.8127437,-1.4900727;0.798759,1.8350172,1.0468262;0.059072994,0.6150607,0.65180695;-0.7490803,0.21831651,-0.5472148;-0.93157804,-0.60178405,-0.3092348;0.0978288,-1.4598292,-1.0517889;0.42464957,-0.67704594,-0.26896438;1.8082576,0.15470138,1.8549029;-0.6664442,-1.7729607,-1.4577049;-0.6932464,-0.09926204,0.3809585;-0.32346255,0.013310463,-0.17738795;-1.1746235,-0.6826251,-1.282285;-0.4791816,-1.6619734,-0.75936705;0.045302853,-1.8777022,-0.56018597;-0.023916325,0.6728631,0.6582184;0.20989281,0.4499159,0.62444;1.1027472,0.30463016,1.5005351;0.09788557,-0.07636554,0.12602596;-0.29344988,1.6203085,0.373872;-1.1280125,1.7414299,-0.55764383;1.1140358,1.1435386,1.2877945;1.0390327,-0.4261347,0.73098034;0.30248794,-0.63009125,-0.15717283;-0.26191002,-0.79084337,-0.04133012;-0.101263955,1.7704172,-0.013827784;0.7752226,1.4055893,0.70792603;1.763321,-0.27463537,1.564908;-0.1274674,-0.8056299,-0.9955425;0.31691933,0.8737146,1.2025548;0.23821098,-1.7535143,-0.34425953;-0.82802665,-1.7174222,-1.2118846;-0.19811621,2.0912976,0.2940781;1.821384,0.09743042,1.9282128;0.011004151,1.0014364,0.38663998;-0.8820976,-1.5985261,-1.1507322;1.1731188,1.027791,1.2333201;1.0605806,0.13624474,1.4173346;-0.7553537,0.22574733,-0.52167183;-0.14430436,-1.7613635,-0.7601376;-1.3311042,-1.5262046,-1.5862694;-1.5570626,-0.45358756,-1.5002999;-1.341928,-0.52194685,-1.0487138;0.8721872,0.30240917,0.4802802;0.60123855,0.03778226,0.36666423;-0.5199756,2.0118866,-0.12253239;-1.0229818,0.88180196,-0.36170498;1.7030649,-0.5560905,1.4953141;1.192074,-0.5774535,0.85331357;1.0677484,-0.03796438,0.44533804;0.28214654,1.8545448,0.46735758;-0.9014342,1.4196191,0.15197815;1.9457449,-0.31309184,2.106849;0.962803,-0.45840958,0.49293414;0.7976723,-0.1676246,0.25106278;-0.9113034,-0.5495328,-1.0351852;0.3485615,1.4905902,1.2337127;0.8337991,0.80807954,1.2799231;2.0125065,0.0022115456,2.0157528;1.6195241,0.3146995,1.773202;-1.894486,0.8314403,-1.3435698;-1.4080658,0.36236405,-0.9293304;-0.4699384,-0.05119246,0.5590416;0.38114044,1.5836748,0.74566656;-1.5776219,-0.122280456,-1.2252109;-0.6131099,1.5487902,0.29710218;2.0421574,-0.6193445,2.208788;1.3190815,-0.08698209,1.0151184;1.1235868,-0.20034939,1.2296509;-0.34201273,1.5095427,0.14891197;0.21810904,-1.7954962,-0.3780989;-1.6214606,0.88914615,-1.082141;0.62082046,1.2596599,0.8649388;0.3607245,-0.46838114,-0.25811848;-0.1812778,-0.24044898,0.091668494;-1.2231613,-0.5181067,-0.691452;1.9121163,-0.43275422,1.6601472;0.23449534,1.2525338,1.2502095;-1.6590357,0.8326589,-1.135669;-1.3716699,1.3153093,-0.8347778;-0.5985685,0.24613325,-1.0803117;-1.7143198,0.057646442,-1.5353172;-1.019522,-0.3705995,-0.54118735;-0.6283332,1.5187384,-0.23369548;-0.40980777,-0.40281126,-0.22268489;-1.7824965,0.22777542,-1.5773423;1.093416,0.80474085,0.5364941;1.755679,-0.2642084,1.015426;-0.3526996,1.4470605,0.5309982;-0.48177397,-0.3064834,-0.078479856
