data_set
babi-q1
num_classes
6
data_points
1000
model
saved_models/babi-q1-e0107.ckpt
color_schema
#4E79A7,#F28E2B,#E15759,#76B7B2,#59A14F,#EDC948,#B07AA1,#FF9DA7,#9C755F,#BAB0AC
test_accuracy
0.826
test_loss
0.4968887286186218
train_accuracy
0.8955
train_loss
0.28776542806625366
val_accuracy
0.8575
val_loss
0.3989153860807419
labels
12,9,15,12,15,12,11,12,17,17,15,11,17,10,10,15,11,15,17,15,12,17,17,12,10,10,10,15,15,15,12,17,15,15,9,17,9,11,15,10,9,11,9,12,11,15,12,9,17,10,10,17,11,11,15,10,15,12,11,12,12,17,9,11,11,15,15,9,17,17,11,12,11,10,9,15,15,15,12,17,11,9,10,11,17,11,11,12,15,15,9,9,12,9,9,15,15,15,10,10,10,9,17,11,11,12,10,9,17,10,9,9,15,12,15,11,17,15,9,17,10,9,10,12,10,17,11,11,11,9,11,12,9,11,15,9,17,15,9,9,17,12,12,17,10,15,15,15,15,15,11,11,9,17,10,9,11,10,17,12,10,10,10,11,9,11,11,11,15,10,17,17,11,9,9,17,15,10,17,17,12,12,12,12,10,9,17,11,15,17,12,15,11,12,12,11,17,15,9,10,12,17,17,10,12,9,15,12,9,12,9,10,12,10,9,10,9,12,12,9,9,12,15,12,10,17,12,11,9,9,17,11,12,17,12,10,10,10,10,17,12,15,11,11,15,15,11,11,11,11,10,17,9,9,10,10,17,17,15,11,11,17,12,17,17,9,11,10,9,10,15,17,17,15,9,17,15,12,17,9,9,11,17,17,11,17,9,17,11,9,15,15,10,15,15,11,11,12,12,9,9,9,9,17,12,11,9,17,17,15,11,11,17,10,11,17,10,17,17,11,11,15,15,11,11,9,10,11,11,10,15,17,15,10,10,17,12,17,12,12,12,11,17,15,11,17,12,12,15,15,10,11,11,10,10,9,17,12,11,12,11,9,11,11,11,11,11,12,12,12,12,12,11,11,17,10,15,9,9,10,9,10,10,17,17,15,17,17,17,15,15,12,9,10,17,17,10,17,9,11,10,11,10,15,17,15,12,10,11,15,10,11,9,12,17,10,10,15,12,9,12,12,9,12,10,15,15,17,10,10,17,15,15,15,17,11,15,9,10,11,10,12,9,11,10,11,10,12,11,15,15,15,15,11,9,15,10,12,11,12,9,11,10,17,11,11,10,10,10,17,12,17,17,9,15,11,9,15,11,9,10,10,12,12,11,10,9,12,10,9,15,10,10,11,11,15,15,10,12,12,15,11,9,12,9,15,10,17,17,10,10,17,10,10,17,9,9,10,12,11,17,17,12,12,11,12,17,11,11,12,11,11,11,17,9,11,10,12,12,10,11,17,12,12,15,11,15,15,12,10,10,9,17,10,15,12,15,10,10,10,11,10,11,15,10,9,9,15,10,10,10,10,15,15,17,9,10,12,10,10,12,12,11,15,10,10,11,12,10,10,17,12,17,11,9,9,17,17,11,10,10,10,15,15,17,11,15,12,11,10,15,17,9,11,9,17,15,12,15,17,11,17,17,15,9,10,9,9,10,10,9,10,10,15,11,11,11,15,12,9,11,11,10,17,11,11,12,17,15,15,9,11,15,15,11,9,15,15,11,15,15,15,11,10,10,9,17,17,17,17,10,10,17,9,15,9,17,12,12,12,15,15,15,17,9,11,9,17,9,12,11,9,9,17,11,11,11,10,15,10,12,12,9,9,17,12,12,9,17,12,11,11,15,15,12,11,12,17,12,17,11,12,11,17,17,11,17,9,11,9,10,10,12,17,10,12,9,9,9,15,11,11,15,17,9,10,9,12,17,15,17,17,12,10,12,11,11,17,15,9,17,10,9,11,12,15,9,15,12,10,9,10,17,17,15,15,9,9,9,17,10,17,17,9,12,17,17,12,12,11,11,11,11,17,11,17,17,17,17,17,12,9,17,10,17,11,10,10,12,12,11,11,17,12,12,17,17,15,11,17,11,11,9,12,9,17,9,10,9,15,11,9,11,15,10,9,9,9,17,12,11,11,17,15,15,10,10,11,11,17,10,12,9,10,10,10,10,10,15,17,9,11,17,15,12,11,10,10,15,12,10,11,12,12,11,11,11,15,12,17,10,12,17,17,12,10,10,12,17,10,11,17,11,12,17,17,11,12,11,17,9,9,11,17,11,11,15,15,17,17,10,10,17,12,11,15,12,11,11,10,9,12,12,15,10,9,17,15,17,9,17,17,10,17,15,12,12,11,10,10,10,17,17,15,12,17,9,9,15,10,12,15,15,15,17,17,15,11,15,10,12,9,9,10,11,11,9,9,12,15,9,15,9,12,12,10,17,17,10,12,15,9,10,17,11,11,11,17,9,9,11,15,11,11,11,15,12,17,9,10
pred_labels
12,9,15,12,15,12,11,12,17,9,15,11,11,10,10,15,11,15,11,12,12,17,12,9,10,10,10,15,15,15,12,17,15,15,9,17,9,11,15,11,9,11,11,11,11,15,12,9,17,10,10,17,11,15,11,10,15,12,12,12,12,17,9,11,12,15,15,9,17,11,11,12,11,10,9,15,11,15,12,17,11,9,10,15,17,11,11,12,15,15,9,9,12,9,9,15,15,15,10,10,10,9,17,11,11,12,10,9,17,10,9,15,15,12,17,11,15,9,15,17,10,9,9,12,10,17,11,12,11,9,11,10,9,11,11,9,17,15,9,9,17,12,12,15,10,15,15,15,15,11,11,11,9,12,10,9,11,10,17,12,10,11,10,11,9,11,11,15,15,10,17,12,12,9,9,17,15,10,17,12,12,12,12,12,10,9,17,11,15,17,12,15,11,12,11,11,15,10,9,10,12,17,12,10,12,9,15,12,9,10,9,10,12,10,11,10,9,12,12,9,9,17,15,17,10,17,10,11,9,9,17,9,12,17,17,10,10,9,10,15,12,15,11,15,15,15,11,11,9,11,10,10,9,11,10,10,17,10,15,11,11,17,12,17,15,9,11,10,9,10,15,17,17,15,15,17,15,12,12,9,9,11,17,12,11,17,9,9,11,9,15,15,10,15,15,11,11,12,12,9,9,9,12,17,17,11,9,9,9,15,11,11,17,10,10,17,10,17,15,11,11,15,15,11,10,9,10,11,15,10,15,17,17,10,15,17,12,9,12,10,12,11,17,15,11,17,17,12,12,15,10,11,11,10,10,9,17,12,11,12,11,9,11,11,11,11,11,12,12,12,12,12,11,11,17,10,15,9,11,10,9,9,12,17,17,15,17,17,17,15,15,12,9,10,17,17,10,17,9,11,10,11,10,15,17,15,10,17,17,15,10,11,9,12,17,10,10,15,12,9,12,11,9,10,10,15,9,17,10,10,17,15,15,10,17,11,15,9,10,11,10,12,9,11,10,11,10,12,11,15,15,11,15,11,9,15,10,12,11,12,9,11,10,17,11,11,10,10,10,17,12,17,9,9,15,11,9,15,11,9,10,11,12,12,11,10,9,12,10,9,15,10,10,10,10,15,17,10,12,12,15,11,9,12,9,15,10,17,10,10,10,17,10,17,10,9,9,10,12,11,17,17,12,12,11,12,17,11,12,12,11,11,11,12,9,11,10,12,12,10,11,17,12,12,15,11,15,15,12,10,10,9,17,10,15,12,15,10,10,9,11,10,11,15,10,9,9,15,10,15,10,11,15,15,17,9,10,12,10,10,12,10,11,11,10,10,11,12,10,9,17,12,17,11,9,9,17,12,12,10,10,10,15,15,17,11,15,12,12,10,15,15,15,11,9,17,15,12,11,17,11,17,10,15,9,15,9,9,10,10,9,10,10,15,11,11,11,15,12,9,11,10,10,17,11,11,12,17,15,11,9,11,15,15,11,9,15,15,11,15,15,12,11,10,12,9,17,17,17,11,10,10,17,9,15,9,17,12,10,10,15,15,15,17,11,11,9,15,9,12,11,9,9,17,11,11,9,9,15,10,12,12,9,15,17,12,11,9,12,11,11,11,15,15,12,11,12,17,17,10,11,12,10,17,17,11,12,9,11,9,10,12,12,17,12,12,9,9,11,11,11,11,11,9,9,10,9,12,17,15,17,11,12,10,10,11,11,17,9,9,17,10,9,11,12,15,11,15,12,10,9,10,17,17,12,15,9,15,9,17,10,17,12,9,9,17,15,12,9,11,11,11,9,17,11,17,17,9,17,9,12,9,17,10,17,11,10,10,12,10,11,15,12,12,12,17,17,15,11,12,11,11,9,12,10,17,9,10,9,15,11,9,9,15,10,9,9,9,17,12,11,11,11,15,15,10,10,11,11,9,10,12,9,10,10,10,10,10,15,17,9,11,17,15,12,11,10,15,11,12,10,11,12,12,12,11,11,15,11,17,10,12,15,15,12,10,10,12,12,10,11,17,11,12,17,17,11,12,15,10,9,12,11,11,15,11,15,15,11,17,10,10,17,9,11,15,12,11,11,10,9,12,12,15,10,9,17,15,17,9,17,17,10,17,15,12,12,12,10,10,10,17,17,15,12,17,9,9,15,10,12,15,11,15,12,17,15,11,15,10,12,9,9,10,11,11,9,9,12,12,9,15,9,12,9,10,17,9,10,12,15,9,9,17,11,11,11,17,9,9,11,15,11,17,11,15,12,17,9,9
pred_correctness
True,True,True,True,True,True,True,True,True,False,True,True,False,True,True,True,True,True,False,False,True,True,False,False,True,True,True,True,True,True,True,True,True,True,True,True,True,True,True,False,True,True,False,False,True,True,True,True,True,True,True,True,True,False,False,True,True,True,False,True,True,True,True,True,False,True,True,True,True,False,True,True,True,True,True,True,False,True,True,True,True,True,True,False,True,True,True,True,True,True,True,True,True,True,True,True,True,True,True,True,True,True,True,True,True,True,True,True,True,True,True,False,True,True,False,True,False,False,False,True,True,True,False,True,True,True,True,False,True,True,True,False,True,True,False,True,True,True,True,True,True,True,True,False,True,True,True,True,True,False,True,True,True,False,True,True,True,True,True,True,True,False,True,True,True,True,True,False,True,True,True,False,False,True,True,True,True,True,True,False,True,True,True,True,True,True,True,True,True,True,True,True,True,True,False,True,False,False,True,True,True,True,False,True,True,True,True,True,True,False,True,True,True,True,False,True,True,True,True,True,True,False,True,False,True,True,False,True,True,True,True,False,True,True,False,True,True,False,True,False,True,True,True,False,True,True,True,True,False,True,True,False,True,False,True,True,True,False,True,True,True,True,True,True,False,True,True,True,True,True,True,True,True,True,False,True,True,True,False,True,True,True,True,False,True,True,True,False,True,True,True,True,True,True,True,True,True,True,True,True,True,True,False,True,False,True,True,False,False,True,True,True,True,True,False,True,True,True,False,True,True,True,True,True,False,True,True,True,False,True,True,True,False,True,False,True,True,False,True,False,True,True,True,True,True,True,False,True,False,True,True,True,True,True,True,True,True,True,True,True,True,True,True,True,True,True,True,True,True,True,True,True,True,True,True,True,True,True,False,True,True,False,False,True,True,True,True,True,True,True,True,True,True,True,True,True,True,True,True,True,True,True,True,True,True,True,False,False,False,True,True,True,True,True,True,True,True,True,True,True,True,False,True,False,True,True,False,True,True,True,True,True,True,False,True,True,True,True,True,True,True,True,True,True,True,True,True,True,True,True,True,False,True,True,True,True,True,True,True,True,True,True,True,True,True,True,True,True,True,True,True,True,False,True,True,True,True,True,True,True,True,False,True,True,True,True,True,True,True,True,True,True,True,False,False,True,False,True,True,True,True,True,True,True,True,True,True,True,False,True,True,True,True,False,False,True,True,True,True,True,True,True,True,True,True,True,True,True,False,True,True,True,True,False,True,True,True,True,True,True,True,True,True,True,True,True,True,True,True,True,True,True,True,True,True,True,True,True,True,False,True,True,True,True,True,True,True,True,True,False,True,False,True,True,True,True,True,True,True,True,True,False,True,False,True,True,True,True,True,False,True,True,True,True,True,True,True,False,False,True,True,True,True,True,True,True,True,True,False,True,True,False,False,True,True,True,True,True,False,True,True,True,False,True,True,False,True,True,True,True,True,True,True,True,True,True,True,True,True,True,True,False,True,True,True,True,True,True,True,False,True,True,True,True,True,True,True,True,True,True,True,False,True,True,False,True,True,True,True,False,True,True,True,True,True,True,True,True,False,False,True,True,True,True,False,True,True,False,True,True,True,True,True,True,True,True,False,False,True,True,True,True,True,False,True,True,False,True,False,False,True,True,True,True,True,True,True,True,False,False,True,True,False,True,True,True,False,True,True,True,True,False,True,True,False,True,True,True,False,False,True,True,False,False,True,True,True,True,True,True,True,False,True,True,False,True,True,True,False,True,True,True,True,True,True,True,False,True,True,True,True,True,True,True,False,True,True,False,True,True,True,True,False,True,False,True,False,True,False,True,True,True,False,True,True,True,True,False,True,False,True,True,True,True,True,True,True,True,True,False,True,False,False,True,True,True,True,True,True,False,True,True,True,True,False,True,True,True,True,True,True,True,False,True,True,True,True,True,True,True,True,True,False,True,True,True,True,True,True,False,True,True,True,True,True,True,True,True,True,True,True,True,True,True,True,True,True,False,False,True,True,True,True,True,False,True,True,True,False,True,True,True,False,False,True,True,True,True,False,True,True,True,True,True,True,True,True,True,False,False,True,False,True,False,False,True,True,True,False,True,True,True,True,False,True,True,True,True,True,True,True,True,True,True,True,True,True,True,True,True,True,True,True,True,True,True,True,False,True,True,True,True,True,True,True,True,True,True,True,True,True,True,False,True,False,True,True,True,True,True,True,True,True,True,True,True,True,True,True,False,True,True,True,True,False,True,True,False,True,True,True,True,False,True,True,True,True,True,True,True,True,True,True,False,True,True,True,True,True,False
p2d-kl
0.5386118292808533
p2d-iter
599
p2d
1.67044,0.9714835;-0.4979483,-0.3783024;1.0154521,-0.26627266;1.5648941,0.9086118;1.5212463,-0.69965225;1.6501665,0.81082505;0.12277348,-2.0512018;1.261282,0.4951873;-0.24342722,0.7008141;-0.9279948,0.40746036;1.2603691,-0.53537476;-0.12762193,-1.6051023;0.5843389,0.11598195;-1.4574345,-0.7025191;-0.8964022,0.78892416;1.074792,-0.3148849;0.08353432,-2.110875;1.2754879,-0.51260865;-0.166268,0.2609512;-0.18155907,0.72036654;1.6091505,0.7329945;0.8909039,1.4442495;-0.49986303,1.0000836;-1.4791436,0.7974009;-1.0002472,0.80777764;-1.4037248,-1.1298457;-1.5057297,-1.20266;1.2791153,-0.43049833;0.6626912,0.20119041;-1.3643323,0.8733848;1.3048681,0.48492357;1.105531,1.3901626;1.5408227,-0.7187726;1.2532252,-0.58903426;-0.2591971,-0.7186079;1.051384,1.4359435;-0.09520749,-0.7281098;-0.422746,0.036356747;-0.38636395,0.35876414;0.35058904,0.24066661;0.41776448,-1.0750415;-0.55894834,0.03427443;-0.8335731,0.68268204;0.3310353,0.20530969;-0.06583355,-1.87911;0.1312746,0.068059914;-0.17941439,0.2950537;0.39871627,-1.0280286;0.4804938,1.4213321;-1.6728922,-0.42092264;-1.6682386,-0.47054338;0.6146103,1.5064216;-0.4002622,0.11911261;-0.64998984,0.5310638;0.20243138,0.25182647;-1.4435593,-1.1633496;0.11411786,0.0868427;1.2492882,0.57164204;1.3626459,0.35926846;1.4076828,0.5189568;1.6822013,0.97313;0.7519459,1.4036007;0.3839423,-1.0697464;-1.1725639,0.4050884;0.30186602,0.29458266;1.4479074,-0.7373755;-0.8066767,0.5408081;-1.6048527,0.9349959;1.119499,1.2928905;0.14740284,0.34312257;0.230547,-2.1278062;1.4685346,0.5019109;-0.1690758,-1.7727823;-1.6209024,-0.40054667;0.23840341,-0.9607088;1.4569267,-0.76488066;-0.2331728,0.19543199;1.5096971,-0.7191445;1.3029269,0.30908597;0.90314853,1.3553841;0.2392089,-2.2671828;-0.010375825,-0.75795627;-1.6153075,-1.1174304;0.057494074,0.31982186;0.93312323,1.4916421;0.15295176,-2.1221056;0.3639007,-2.244144;1.6527375,0.9629157;1.4117402,-0.6537821;1.345541,-0.68576217;0.3380434,-1.078983;-0.06554226,-0.898789;1.3964365,0.6712657;-0.07555294,-0.71203417;-1.4962643,0.942279;0.97562027,-0.22049312;0.22867484,0.12694688;1.3018275,-0.5411931;-0.100455545,0.5060093;-0.885849,0.84498316;-1.6432955,-1.1448509;-0.16036706,-0.6827817;0.91579753,1.0548475;-0.5238992,0.08673965;-1.1300672,0.7360044;1.2055739,0.62675786;-1.5643609,-0.5655783;-1.3098711,0.63837737;1.257404,1.1236173;-1.6130089,-0.7660571;0.5030507,-1.1079158;-1.3270569,0.94531184;1.2353305,-0.47754267;1.5931144,0.7987817;0.5694759,0.18348584;-0.40307543,-0.010533546;-0.5463505,0.40603524;-0.81284624,0.28773615;-0.58649105,0.41152698;-0.53951627,1.1166781;-1.6455141,-0.51028126;0.1414437,-0.95527416;-0.94939935,0.49742156;1.4325653,0.45485795;-1.444944,-1.1471223;1.0813773,1.3999;-0.0041932245,-1.9367019;0.30108443,0.4012092;-0.018831033,-1.8975517;-0.23482126,-0.6273642;0.1766623,-2.1191716;-0.034521803,0.4685622;-0.37415627,-0.4609439;-0.63631725,0.30957606;-0.45198092,0.2904064;0.3738796,-1.0900437;0.9474959,1.0736594;1.3383459,-0.56091994;-0.34291688,-0.4207812;-1.4057208,0.86922294;1.0105488,1.4245042;1.4831281,0.46630374;-0.6145998,0.98110104;0.7569693,-0.007469518;-1.6771771,-0.25987473;1.407823,-0.650309;-0.57399917,0.57125264;1.2928658,-0.44583943;1.2856152,-0.5161841;0.4457632,0.020869955;-0.14887558,-1.749978;0.11812577,-1.8877982;-0.31284744,0.31381848;1.0683795,1.0843872;-1.5869836,-0.762066;-0.0010197911,-0.808402;-0.6058149,0.19952627;-0.64688396,0.6465428;0.40109012,1.4559758;1.1795537,0.62182856;-1.4795358,-1.0952921;-0.23171113,0.46647775;-1.5703708,-0.6540226;-0.17504294,-1.5459162;-0.38843504,-0.3633291;0.11573333,-2.053112;0.17125373,0.29716796;0.44430682,0.060501568;0.25355297,0.057329886;-1.7216796,-0.97209376;0.8457719,1.3938991;0.19353707,0.46870205;0.21252578,0.4251487;-0.46755826,-0.48594245;-1.4659375,0.8247246;0.97130406,1.461452;1.1105503,-0.34222546;-1.6241952,-0.8627888;0.43964756,1.4980338;-0.28331807,0.67437553;1.6202861,0.708714;0.1328753,0.5394306;1.215876,0.5938662;1.6734041,0.7795117;-1.4613632,-0.872294;0.18956496,-0.9888882;1.5032889,1.1248381;-0.5480816,0.047696162;1.0576106,-0.36221156;1.3365848,1.1835783;1.6701254,0.7527719;1.5494757,-0.75708693;0.269926,-2.3802793;1.6408014,0.9927779;-0.8569758,0.80511445;0.23665231,-2.2822192;-0.62176514,0.53339005;0.4063614,0.30788943;-0.13924702,-0.7499117;-1.1126169,0.98101115;1.3438311,0.48943275;0.56415015,1.4842788;0.27826738,0.43021008;-1.7235504,-0.39938182;0.7134811,0.30403796;0.18240188,-0.97638303;0.7356064,-0.069089316;1.6111859,0.9810047;-1.3593224,0.6678496;-1.315691,0.83984196;-0.007987065,-0.78364325;-1.6250505,-0.4755014;1.5832772,0.9713721;-1.6440408,0.9121593;-1.4772528,0.97726387;-1.406406,-1.0813072;-0.20744184,-0.613008;1.592517,0.75178885;1.7208318,1.0137817;-1.2052739,0.77436113;-0.039322194,-0.7935014;0.9624772,0.9103338;1.1743729,-0.4751766;0.35578567,0.343073;-1.649241,-0.9257515;0.48431534,1.4788202;-0.3544711,0.7331078;0.20884867,-2.1695948;0.29380497,-1.0628315;-0.73860794,0.23639414;0.59766775,1.4372318;-1.5986953,1.0391862;1.3908243,0.35046005;0.9594174,1.3214457;-0.6909246,1.0262507;-1.6485331,-0.89670944;-0.17432144,0.4981887;-1.6726527,1.0394742;-1.7279196,-0.8218496;-0.5336137,0.5992707;1.1760621,0.5927051;1.5400343,-0.75287044;0.10206537,-2.196147;-0.9472212,0.76253176;1.0189255,-0.25664824;1.3945664,-0.7043135;0.3053203,-2.3417892;-0.34761554,0.19849388;-0.76751244,0.22882749;-0.10619171,-1.8430773;-1.6770155,-0.39423826;-0.54006284,0.6285725;-0.22967423,-0.83924913;-1.697659,1.0516769;-1.6068542,-1.1861068;-1.6553363,-0.68492174;0.86910903,1.5111194;-1.2436619,0.97462624;0.5859702,-0.03113005;0.30166107,-2.2206247;0.3282563,-2.3164363;0.42790285,1.4589267;1.2655162,0.6066408;0.69156855,1.477512;-0.22339167,0.6147631;0.02550385,-0.81021017;-0.11262143,-1.6079512;-1.507588,-1.0415696;-0.3432928,-0.332626;-1.6157941,-0.35476756;1.4495761,-0.7086029;0.9575373,1.0452702;-0.20675506,0.71632075;1.1930667,-0.44006202;0.2544021,0.25879753;0.8965962,1.108798;-0.7458856,0.3665657;1.6383232,1.0132407;1.079853,0.97045296;0.27998593,-0.9714357;0.41192794,-1.0794339;-0.0996005,-1.9472961;0.33206284,1.4632127;-0.8122904,0.92841077;0.16009986,-2.2700799;0.71310073,1.4896863;-0.48502132,-0.3839652;-1.264554,0.78157574;0.014231219,-2.0157688;-0.17710571,-0.72330153;1.4717324,-0.78618014;-0.42417514,0.383941;-1.6241671,-0.57946426;1.2427543,-0.44930235;1.4115068,-0.7269452;-0.10839536,-1.6375853;-0.63160014,0.3640624;-0.8631232,0.9255883;1.2310079,0.43204126;-0.30876893,-0.4547909;0.26027814,-1.0015659;-1.6941977,1.1175815;-0.2436004,0.68296814;0.8393122,1.4510645;0.52918166,0.23622727;-0.19763394,-1.6823931;0.2684492,-0.8834676;0.06223068,0.501043;-1.6704819,1.0128043;0.8222146,-0.14092761;-0.16934407,-1.7069364;-0.43479824,0.5476805;-1.2255774,0.9586902;-1.5758195,-0.67936563;-0.9227333,0.86489433;0.91537243,1.4615271;-1.6981415,-0.3426189;0.7418705,1.4521266;0.27105528,0.16443369;0.26719138,-0.051966447;0.21738102,-2.2597377;1.5562195,-0.8066058;-1.167797,0.61496377;0.28484246,-2.3982892;-0.65055966,0.6791581;0.06930517,-0.9282792;-1.3811247,-1.0073022;0.36074254,-2.1888695;0.16985518,0.17688529;-1.4456483,-0.97843885;1.0703638,-0.3031999;0.80452067,1.4635599;0.30618796,0.33946827;-1.3674085,-0.842963;0.008806385,0.37835172;1.3231968,1.2091703;1.5353959,0.66050583;-1.6523958,1.0708381;1.6002624,0.6909919;-1.7408273,1.0148876;1.7103497,0.8805471;0.026812438,-1.9251609;0.3835692,1.466545;1.5151312,-0.6633441;-0.13286583,-1.7614517;0.7689435,1.4635563;1.2804174,0.29167908;1.5562187,0.6478754;-0.6680555,0.8614069;1.5915296,-0.8500862;-1.5019974,-1.2588592;-0.18959469,0.3255736;0.11278102,-2.2159667;-1.6986406,-0.8252152;-1.2801105,0.9755684;-0.123091005,-0.74491596;1.1235634,1.3738062;0.8434089,0.60941964;0.181744,-2.167761;1.4620271,0.66707563;0.049181547,-2.1928873;-0.25204012,-0.8017129;-0.49788356,0.046736673;0.4450074,0.20963301;-1.5690763,1.0269531;0.41627553,-2.3581953;0.44344598,0.092143916;1.1092916,0.5623647;1.6257166,0.99505705;-0.56889707,0.97275126;1.4857106,0.68567;-0.64555115,0.7830456;-0.14170785,-1.5437976;-0.92054206,0.78601885;0.75981337,1.4844506;-1.575239,-0.7495976;1.4788824,-0.76392543;-0.2681006,-0.75349957;-0.818454,0.38817883;-1.452768,-0.81756914;0.33475912,-1.0471282;-1.7114909,1.0109565;-1.6091981,0.9704515;-0.5999689,1.0039241;-0.30967602,0.83746743;0.62424314,-0.027768351;0.85620695,1.3382846;0.48483685,1.4541608;-0.66852856,1.0621617;0.8503027,-0.038533054;1.3332722,-0.5971826;1.3152119,0.57546943;-0.46683407,-0.35986423;-1.6658032,-0.37148932;1.0800945,1.0289749;0.89177465,1.3913107;-1.5627538,-1.0771079;1.5152285,1.1059575;-0.012614763,-0.84748334;-1.172945,0.4038938;-1.6562653,-0.7118682;0.43032074,-2.397631;-1.3964481,-0.982017;1.0849566,-0.37558416;0.8084489,1.3692741;0.17770977,0.13734874;0.6743699,0.25224388;-0.31062955,0.78900766;-0.566656,0.9976775;0.8303286,-0.0014880941;-1.6181926,-1.1680462;-0.11144102,-1.7847471;-0.049845345,-0.8341178;0.7989403,0.57173103;0.5868792,1.4686067;-1.6474267,-0.33045244;-0.37694037,0.53783333;0.23071185,0.09930319;0.46721873,0.38514164;-0.36030576,-0.52557886;-0.56304395,0.8519884;0.1832095,0.31621835;0.3437097,-1.0313793;-0.7440889,0.78969705;-1.5879965,-0.7159866;0.9205731,-0.19051312;-1.1460284,0.59488326;-0.52771485,1.1516372;-1.6095985,-1.1657517;-0.8081153,0.6997885;1.1976218,1.2379347;0.777759,-0.09181277;0.9220428,-0.19528711;-0.47450858,0.6205678;1.0436171,1.3313468;0.21431482,-2.2056046;-0.9609611,0.8279098;-0.86351687,0.3730758;-0.81379265,0.6852177;-0.5474206,0.7061671;-1.4757661,-1.2052004;1.4552273,0.50834376;-0.015903201,0.6271877;-0.63723016,0.16016226;-1.7402525,-0.87455744;-0.52436876,0.19066857;-0.2326308,0.4975444;1.2942764,0.61658484;-0.51645404,0.21203007;1.6042875,-0.8598867;1.4277655,-0.63944834;-1.1283832,0.70281094;1.5130993,-0.84362376;-0.14183787,-1.581453;-0.2485032,-0.7250154;1.2367641,-0.5091661;-1.6485119,-0.5830078;1.5423275,0.9039139;-0.030946404,-1.7715279;1.5320337,0.71898586;-0.08638722,-0.7658979;-1.4422531,0.888962;-0.5016513,0.65808403;0.9868305,1.4531533;0.0049082288,-1.9995053;0.18027733,-2.2246544;-1.7276231,-0.9576254;-0.9822619,0.7564663;-1.6649687,-0.31409553;0.90013725,1.4124867;1.7436941,1.0164866;1.1854992,1.276163;-0.35936764,-0.28949448;0.60020477,0.5886047;1.5136795,-0.7960323;-0.053012248,-1.7038715;-0.051649615,-0.8272784;0.7675359,-0.082196645;0.022946356,-1.9397293;-0.19281588,-0.7306714;-1.4592105,-1.2085768;-0.5800004,0.5764935;1.4210025,0.4686633;0.6553164,0.55743915;-0.1124997,-1.5568762;-1.6335335,-0.376494;0.28946796,-0.9389922;0.98398393,0.58532846;-1.53983,-0.7233907;0.8626405,0.05005278;1.4734384,-0.7702424;-1.6651722,-0.6957644;-0.82752603,0.7636215;-0.24935904,0.3806407;0.07716454,0.39405444;0.8134789,-0.11294853;0.36690646,0.51578915;-1.6514246,-0.98230267;0.9958227,0.59052044;-0.47921273,0.8038152;1.1997486,-0.5262115;-0.45440704,0.27102208;-0.6601112,0.17862804;1.3646275,0.42086297;-0.2659721,-0.8500519;1.4089293,-0.6416387;-1.4636874,-0.80071515;0.33401823,1.459786;0.0029174585,0.49394745;-1.5504974,-0.6519194;-1.6574333,-0.96560377;0.6081253,1.5134351;-1.47842,-0.8024446;-0.010423266,0.4394216;0.44450676,0.28165773;0.21050014,-1.004723;-1.6748611,1.084965;-0.8814326,0.67580426;1.2640337,0.5142102;-0.5365507,0.046542894;0.95338684,1.4108483;1.518534,1.1023563;1.3774858,0.3904648;-0.7398151,0.8543474;-0.011294924,-1.8161627;1.6813737,0.8159701;0.8385145,1.4260663;0.20299464,-2.3610477;0.41038015,0.36723056;1.2701304,0.6402424;0.35040078,-2.3615012;-0.2834584,0.52782017;0.13192362,-1.9900265;-0.638732,0.815753;-0.3014231,-0.53026474;0.25015983,-2.238583;-1.6194448,-1.1034243;1.3673568,0.6875298;-0.59961474,0.9064589;-1.5922405,-1.0934628;0.13338605,-2.153301;1.2394407,1.226521;1.0852265,0.5810571;1.4291315,0.7002781;1.3389424,-0.49756607;0.20378011,-2.0807407;0.6588999,-0.04080349;-0.59459794,0.4832245;1.3852359,0.43987203;-1.6031139,-0.54273;-1.4985085,-1.2590553;-0.35720232,-0.42729115;0.8173527,0.94037;0.47209063,-0.13204403;1.2922623,-0.45028222;1.6576871,0.7720964;0.07483687,0.09764547;-0.1557736,0.40268856;-0.013688431,0.46995842;-0.36199206,-0.38316435;-0.06437386,-1.9253832;-1.659017,-0.73745495;-0.5373475,0.16901138;0.9435318,-0.29427117;-1.4584706,-0.72582644;0.42391407,-1.1170487;-1.2967145,0.60773826;-0.56816643,0.374103;-0.71546584,0.66245383;-0.3025601,0.6566396;-1.548087,-1.2000978;-0.450947,0.4904398;-0.6353395,0.5344732;-1.3922554,0.98892397;-0.21841428,0.7014332;0.4333967,-1.0748672;-1.6582518,-0.91099423;1.5142825,0.9312411;-0.1503052,0.5200082;-1.2299397,0.8018698;1.7445158,1.0025389;-0.08198285,0.38271376;-0.02258762,-2.1074243;-0.610088,0.29273814;-1.710397,-0.36633274;-1.3887314,-1.11044;-0.52038026,0.18439214;0.6444722,0.29777408;-1.5408984,-0.6907752;-0.94590586,0.60686684;1.1357412,1.3409067;1.3462876,0.5105674;0.8795171,1.4613869;0.07014994,-2.0723119;-0.2536357,-0.85392237;0.0780284,-0.9558535;1.0833615,1.1160846;-0.5659497,0.9155524;-0.20169498,0.47034264;-1.6466098,-0.40000838;-1.6517831,-1.0288197;-1.6406409,-0.44788343;0.14009744,0.09774377;1.4143732,-0.806225;0.59380317,1.4070451;0.24370968,-2.2099588;0.21193245,0.07964977;0.24682595,0.43232924;0.61743987,0.2663904;-0.16821325,0.5158252;1.4179983,-0.69575036;0.24648222,0.1921455;-0.7623223,0.40295324;-0.678152,0.38020173;0.14373983,-0.88482773;1.5257915,1.1049815;0.81725454,-0.107697286;0.79470754,0.569444;-0.7925334,0.74923986;-1.190683,0.9764554;0.023227977,-2.045753;1.1101087,1.0915277;-0.6364905,0.72448325;-0.47105306,0.3282352;-0.34492266,-0.44852528;-0.24700117,0.3446546;-0.04538505,-0.76565516;-1.3290751,0.70525575;-1.6693771,-0.35062116;-1.0255587,0.8652914;0.42391407,-1.1170487;-1.6483665,-1.1242725;-1.3232117,1.0090642;0.8381436,-0.0741626;0.84675664,0.01326473;0.077732615,-1.865865;-0.5137592,0.23841922;0.57289857,0.009650528;-0.53725916,0.9578905;-0.4667538,-0.46807504;-0.5754572,0.1879567;-0.12562312,0.36847037;-1.6025488,-0.61102283;1.0709414,0.9788491;-1.3037249,0.8840033;-0.08012016,-1.6838473;1.1341639,0.5932222;0.8100092,1.4259596;0.61433697,0.072111934;-1.426979,0.94703263;0.22783066,-0.9829317;0.0644405,-1.9687768;1.246007,-0.4421885;0.95656693,-0.2604282;-0.045437418,-1.7880343;0.34340042,-1.0331873;1.0385456,-0.29361457;-1.3337127,0.9540816;1.420272,-0.9453195;1.4396774,-0.82208097;0.54455805,0.008086138;-0.6311083,0.8742193;-0.3942372,0.00733768;-1.4025314,-0.83796364;-0.9554722,0.93567926;-0.16234283,-0.66367847;0.17121498,0.5128448;0.46781006,1.4637496;-0.16684745,0.7675726;-0.9482388,0.85444385;-1.647556,-0.6506632;-0.7303652,0.72312474;1.1286731,1.100153;-1.3165667,0.70022607;0.21964365,0.20330368;0.07877383,-0.9071205;0.39967695,1.447999;1.6239079,0.7287875;-0.35906538,0.6966724;-1.7541647,1.0429688;1.2501204,-0.5344504;-0.31493363,0.25828013;1.3883773,-0.76723194;0.8832616,1.3570136;-0.4589365,0.10097931;0.05224238,-1.9880341;-0.13241352,-0.6666369;-1.1719327,0.6532525;0.091236986,-0.8174578;1.2058796,0.59710735;0.3239641,-2.292031;0.32734764,-0.99370176;-1.2358059,0.6188697;1.1408724,1.1357999;-0.041804943,-1.68292;0.18978867,-2.0271008;-0.9314062,0.6283486;-1.7491038,1.0735141;1.3481925,-0.54686034;-0.115959466,0.38596755;1.5194281,0.5524873;-0.14125466,0.69273114;0.24065661,-1.0008364;-1.1417699,0.6407696;-0.52500343,1.1429805;1.7579846,1.0118152;-0.1069794,0.27082103;-0.4024444,-0.42700183;-1.31072,0.76687473;-0.54379636,0.46284512;0.309231,-2.2586982;0.104756184,-2.0174284;0.19628648,0.110054545;0.94594806,-0.24887048;1.5439861,0.8879808;0.29571095,-2.232751;1.1103518,0.6059185;0.8054686,1.4119942;0.2951739,0.34155464;-0.649065,0.7576534;-0.06706678,-1.9526057;1.5501676,0.72983074;0.6900217,0.30706367;1.3656435,1.1898181;-0.52840954,1.0058266;-0.1614713,-1.5936835;-0.0065573063,0.5385242;0.22954823,-0.9413035;-0.124544844,-1.6524857;-0.22299692,-0.81740487;-1.382508,-1.0792906;-1.2476124,0.80118734;0.01870543,0.552996;0.94140726,1.4362812;-0.5898417,0.82541424;1.6692333,0.785816;0.042253163,-0.876555;0.32455152,-1.0570822;-0.64562035,0.2908203;0.34142485,0.044018246;0.35321453,-2.3298795;-0.6556789,0.34254864;0.2653184,0.2615532;-1.4164631,0.79134023;0.07060336,-0.9887238;-1.4439094,-0.87646854;-0.092452146,-0.7840652;1.4486697,0.65214175;0.86655504,1.0124577;1.047429,-0.27945146;0.64856005,1.5050663;-0.957412,0.8435349;1.1175964,0.6334591;-1.5476332,-1.1452903;-0.4141474,0.46385294;0.40048563,-2.3326123;1.3778623,0.32764947;0.9575784,1.1024925;-1.6805898,1.088527;0.14493878,-0.85050976;1.2708374,1.2153915;-1.4172851,-1.047845;-1.7203976,1.0913979;-1.1593039,0.3865418;1.3961444,0.43084946;0.61979336,-0.027017048;-1.4326977,0.90080786;0.044959906,0.12523504;1.0737053,0.5505711;-1.4262447,-0.7792144;-0.38761935,-0.3967706;-1.4845238,-1.1521113;0.8360847,1.4851604;-0.25542212,0.7959293;-0.8563462,0.92804533;1.3616625,-0.6237299;0.23475502,-1.0511384;-0.72768927,0.24151035;-1.2569513,0.6636838;1.00334,1.3181374;-1.4731748,-0.84157395;0.3627974,1.4670262;0.25368318,0.45246166;-0.48509914,-0.44870597;-1.2809389,0.63637275;1.2074703,1.2365838;-1.1406853,0.6367451;0.8201289,0.20549771;-1.7314819,1.0441395;-0.8364415,0.6026405;0.44513863,-2.3931682;-1.1208507,0.7910105;-1.7549012,1.1112175;-0.5768533,1.0475175;0.29955995,-2.3681977;1.3001962,1.1843972;-0.14929044,0.78247607;-1.6229796,1.0769408;1.0166795,1.0154998;-1.6092906,1.0019214;1.6217973,0.95193505;-1.2863607,0.54603213;1.266326,1.1957666;-0.99122095,0.8607598;1.3642701,1.1718644;0.098204754,-2.1287215;-1.7139202,-0.84506905;-0.72975093,0.77356684;1.1417973,0.4539013;0.4379074,0.31480423;0.24079823,-2.2206883;-1.0992309,0.6593323;-0.33229992,0.54084545;1.0386739,0.5876046;0.49267447,0.43587238;0.5729914,1.4122182;0.5216203,1.4941983;0.99321175,-0.23094201;-0.4361447,0.06658966;0.39619634,0.36193806;0.28245303,-2.3001657;-1.3931859,0.9000098;0.13247034,-0.92342025;1.2824777,0.6314135;-0.24665529,0.49790668;0.9645384,1.4554808;-0.50199366,-0.39302766;-1.6433483,-1.0292987;-1.3650583,0.74962586;1.4466501,-0.86746675;0.16023055,-2.0669112;0.028384123,-0.9755661;-1.5685148,0.9875023;0.108458996,0.095813595;-1.6170768,-0.5052649;0.046878066,-0.8937167;-1.3918562,0.79424775;-1.3494939,0.78666884;0.96131366,1.0263629;-0.6262813,0.88608396;0.17236732,-2.1554406;-0.2766976,0.24710763;-1.1629239,0.67629963;1.4929018,-0.7387146;-0.89895886,0.75273657;-1.416768,-1.1738193;-1.4795871,-0.76422757;-1.4684982,0.9124874;-0.05074213,0.64625686;-1.4118903,0.70802027;-1.508093,-1.1294028;0.8554667,0.58426046;-0.9643598,0.42312825;-1.6347798,-0.31504178;-1.427345,-1.0055383;-1.6187977,-0.4251307;0.4265662,0.4734437;-1.6453445,-0.8796582;1.0354859,-0.30192757;0.52649355,1.4156879;-0.11551999,-0.69303584;-0.45983142,0.06410337;0.58728904,1.4496425;0.58351535,0.02459142;1.7875881,1.0240238;0.41729757,-2.360306;-1.6425686,-0.5288838;-0.5097135,0.45035803;0.28630283,-0.033907123;1.1378757,0.5717268;-1.4068975,-1.1002585;0.34593242,-2.2790678;1.6841124,0.8379709;-0.5909477,0.9415939;-0.5537868,0.87559366;0.27970606,-2.2113223;-0.35493582,0.343396;0.46379477,0.03525087;-0.59770703,0.5290465;0.81304276,0.93445563;-1.6550994,-0.8431423;1.4046938,0.35669795;0.34274632,0.43375206;-1.3396653,0.9134859;0.19842538,0.40171587;-1.6702518,-1.045262;-1.6211375,-0.69106734;1.007075,0.58625114;-0.17402947,0.66392326;-1.6880484,1.0182122;-0.063503,-1.6942614;0.5302584,1.4620785;0.067708924,-1.9983613;1.3799971,0.6044771;0.88385737,1.0171771;1.0276409,1.4273238;-0.39829755,0.13337517;1.6167189,0.78624713;-0.21254502,0.22129306;-0.020054577,0.41451642;0.50889367,-1.1087321;-0.7705077,0.948719;-0.040434174,-1.8489714;-0.93623096,0.8091711;0.3196295,0.07739499;0.278574,-2.1502569;1.4965053,-0.81359184;-1.3214164,0.942873;0.13017876,0.35339963;-0.5261406,1.1427108;-1.4702855,-1.0773804;-1.4309497,-1.1301332;-0.67633307,1.069266;-1.6741562,0.98464376;0.4468178,-2.401313;1.3098135,-0.57606345;1.5648141,0.7633339;-0.014782447,-1.8905268;-0.74038017,0.46680033;0.08050251,0.39280498;-0.39611173,-0.43911278;1.697511,1.0243534;1.4468826,0.42471337;1.4667597,-0.6768627;-1.5943227,-1.0729668;-0.1876913,-0.6454792;0.33143124,1.4117856;1.0346167,-0.3276957;0.3596036,1.4216564;0.26507574,-1.0233927;1.2744428,1.2200505;0.5868478,0.5958239;-0.6555906,0.7041507;0.65872914,1.463087;0.8393606,-0.094255716;1.4761139,0.6995449;-0.014880471,0.61917984;-0.526337,0.7269516;-1.34723,1.0156202;-0.6911973,0.72170025;-1.6742213,-1.0322884;0.3775332,0.54482806;0.5869763,1.3750112;0.27555853,0.09016546;1.4202703,0.39372417;1.0323865,1.4427879;0.1253824,-0.9428804;-0.16214707,-0.71087843;-0.75072026,0.3873475;0.4736827,-0.1303575;1.7347021,0.9819271;1.562419,-0.7768527;-0.5210717,0.518254;-0.68216306,0.5520876;-0.61771613,1.0130786;1.2225409,1.2105683;0.88099307,-0.1547585;0.34205738,-0.02393172;0.034107063,0.10369374;-1.6913575,-0.32857382;1.5782257,0.7119702;-1.2020692,0.7791962;-1.7091993,1.0642624;0.4221512,0.47165906;-0.0154929925,-1.6798923;-0.17002104,-1.5783954;0.027523259,-0.90814996;-0.9742859,0.43828407;1.088162,0.5698826;-0.32475287,0.79745173;0.054359302,-0.84888595;1.197727,-0.4908657;-0.22219978,-0.8329733;1.161514,0.5353523;-0.957346,0.41954607;-1.3957883,-0.9019153;0.91671556,1.0608819;-1.6636571,0.9680715;-0.9303806,0.6696423;1.3489261,0.65587574;0.8943884,-0.16902746;-0.20022938,-0.67788506;-1.7210249,1.1072329;0.9425781,1.0110015;-0.36370933,0.13877699;-0.14009938,-1.6191741;-1.0354961,0.73817074;0.92258054,0.9945058;0.17666075,-0.9378104;0.4593898,-1.0845495;0.21713227,-2.1600246;1.5466981,-0.8259711;0.040539827,-2.12512;0.497444,0.3050855;-0.059290383,-1.6389335;1.4410561,-0.7508771;1.3421415,0.4302225;0.96888167,1.0317602;0.27819425,-0.90453184;-0.8423038,0.34656215
p3d-kl
0.41969355940818787
p3d-iter
599
p3d
-0.9730842,1.4982318,-1.6067331;1.2658733,0.36421883,0.45193473;-1.2616287,0.059659693,-0.26710564;-0.963208,1.1532912,-1.4472044;-2.2290418,-0.028766667,0.034587994;-0.8419585,1.1349883,-1.8096645;-1.1990737,-1.4036579,0.7482769;-0.6408559,0.316966,-1.2101092;0.40573323,0.32090813,0.58673996;1.1366605,0.40216056,0.8277852;-1.7343327,0.1055885,-0.056619674;-0.46055672,-0.987995,0.5047789;-0.50097,-0.16450495,-0.2630456;0.17219521,-1.2531487,-0.7802355;0.8358364,-0.28828546,1.3766791;-1.3780124,0.081893414,-0.2402741;-1.2901638,-1.5092816,0.63525033;-1.7401282,0.18468492,-0.030663528;0.10699157,-0.111235306,0.44772732;0.42420644,0.37289146,0.469177;-0.7847747,0.8828584,-1.7998425;-0.12987918,1.9770875,-0.5812319;0.75032324,0.6961009,0.89675134;1.4450577,0.6535748,1.6802799;1.056921,-0.29711702,1.3529321;-0.14142905,-1.4854138,-1.4165128;-0.31458047,-1.6783066,-1.5297647;-1.6569233,0.39445198,0.00086949294;-0.45200175,-0.2233389,-0.46878633;1.166689,0.49489787,1.7209835;-0.625854,0.49144483,-1.1562703;-0.41339177,2.057696,-0.83559096;-2.281937,0.010623283,0.038468417;-1.8052897,0.007280408,-0.11685027;1.399877,0.26413178,-0.25391313;-0.34776884,2.0917768,-0.7252479;1.2825414,0.558386,-0.49616283;-0.21120201,-0.79705864,0.82726175;0.2285681,-0.22806607,0.74532807;-0.11733375,-0.39649504,-0.11668223;1.5264449,0.91006047,-1.643115;-0.2163452,-0.67993444,1.1379331;1.0252718,-0.32149392,1.1258606;-0.178954,-0.38237268,-0.038516954;-0.87025094,-1.4856149,0.45700034;-0.2986662,-0.027646787,0.39319956;0.20775592,-0.08766853,0.46711576;1.5828785,0.9890545,-1.5481389;0.29648796,1.5175604,-0.062172625;0.58513504,-1.7311783,-0.4283129;0.52749133,-1.7169315,-0.5112523;0.10023922,1.804703,-0.14200647;-0.11903859,-0.5494216,0.859048;0.5553735,-0.16673487,1.2009778;-0.070391454,-0.16390532,0.103343815;-0.19978009,-1.5513662,-1.4753528;-0.26319543,-0.06713558,0.4051297;-0.5317238,0.32957554,-1.3575857;-0.7787815,0.5847039,-0.945863;-0.694739,0.9440266,-1.1056559;-0.97860575,1.5156466,-1.6272408;0.100083426,1.8399783,-0.5020163;1.5395223,0.8788805,-1.5834349;0.07413135,-0.4124867,1.5766454;-0.15974948,0.038381387,-0.1312131;-2.172174,0.18911687,0.14036106;0.65416163,0.016556954,1.4694113;1.6227195,0.28542212,1.8905908;-0.37458822,1.8663208,-0.99714714;0.06843605,-0.3838797,-0.025844688;-1.3423173,-1.4523733,0.9417624;-0.8399826,0.831389,-1.2354733;-0.6275696,-1.4186078,0.47666952;0.5454831,-1.7435327,-0.35090956;1.6027132,0.7898049,-1.2062653;-2.214627,0.21400845,0.17598408;-0.04798004,-0.19939098,0.5949569;-2.259805,0.118893966,0.038987886;-0.8573452,0.4289555,-0.8159098;-0.057542782,1.8621494,-0.7561403;-1.5735902,-1.509072,0.89436334;1.4128721,0.7427964,-0.6176036;-0.25812307,-1.9869158,-1.3193697;0.12344868,-0.4238153,0.13613173;-0.10577905,2.1171029,-0.69372046;-1.320167,-1.4519566,0.79047614;-1.6218529,-1.2156432,1.0025012;-0.9723505,1.4557606,-1.5757898;-2.0487666,0.12883471,0.00046920226;-1.9759016,0.2749535,0.12080722;1.5542568,0.8033037,-1.510528;1.5168986,0.36743137,-0.6907882;-0.53065366,0.71633226,-1.55837;1.3536721,0.671829,-0.47474456;1.4261348,0.45960626,1.9161173;-1.1783576,0.033959933,-0.25769937;-0.3007591,-0.16296884,0.18898728;-1.8075086,0.20951943,-0.03759999;0.55080426,-0.5433371,0.19443485;0.86684155,-0.37071562,1.3823638;-0.18152848,-2.0137117,-1.3994862;1.3510023,0.5879662,-0.32111472;-0.24265502,1.0914837,-0.70388156;-0.14816229,-0.6139261,1.0652152;1.0524539,0.37392032,1.6203179;-0.4389889,0.21323664,-1.4148065;0.32089207,-1.5199171,-0.565092;1.3510563,0.54635704,1.3053782;-0.6805465,1.453429,-1.038517;0.22323509,-1.7070317,-0.92873573;1.5090344,0.99436194,-1.8242397;1.2151332,0.20387721,1.8028438;-1.6353875,0.17374499,-0.056536585;-0.7336405,1.0857227,-1.78624;-0.40155855,-0.07298381,-0.33107844;-0.30152038,-0.852239,0.7206307;0.38344762,0.14841367,0.8879175;0.31289157,-0.8263864,1.2071806;0.36767554,0.066677146,1.011727;0.58246315,0.9849024,0.953294;0.4547242,-1.7083067,-0.54547316;1.514502,0.65452594,-1.0621138;1.1280698,0.08200991,0.73261034;-0.82179147,0.78400975,-1.1232271;-0.23305209,-1.4904087,-1.4516779;-0.39323077,2.0370467,-0.8008323;-0.9845964,-1.4349506,0.5236654;0.031950332,-0.04479296,-0.15925492;-0.9011815,-1.4548821,0.5810877;1.2292879,0.41589558,-0.20851585;-1.3315796,-1.3300489,0.7990578;0.4258181,-0.45588902,0.0893911;1.2141466,0.34855235,0.14067519;0.19297244,-0.25278795,1.2229428;0.12403529,-0.23806229,0.8795129;1.5607693,0.86518097,-1.5850271;-0.29859963,1.1578159,-0.7013035;-1.8725086,0.18193884,-0.13963003;1.1348847,0.37519884,0.14925854;1.2615993,0.5471839,1.7576623;-0.31034088,2.0625153,-0.69181937;-0.8861848,0.79866475,-1.2377396;0.75215125,0.6030398,1.0539057;-0.69252586,-0.06957938,-0.31508422;0.7756382,-1.7460165,-0.1725797;-2.0484,0.124883644,-0.0062739435;0.57473177,-0.36670816,1.0649309;-1.6789442,0.37325752,0.028240092;-1.7598643,0.23352866,-0.06601972;-0.57098866,-0.6759121,0.13095498;-0.624582,-1.3962997,0.5907428;-1.0688992,-1.0691317,0.6181709;0.5263671,0.042714503,0.22490485;-0.5283243,1.1895474,-0.7895085;0.21774209,-1.6252549,-0.9163962;1.3903629,0.65197986,-0.70659864;0.060051564,-0.51029086,1.2227155;0.76913303,-0.5016474,0.9683706;0.32307175,1.4964043,0.12086723;-0.39878282,0.23070543,-1.3784379;-0.3214994,-1.5046105,-1.3281721;0.42031384,-0.21300642,0.40780032;0.24372035,-1.5543494,-0.7136265;-0.3600037,-0.9084654,0.63024217;1.085942,0.28569105,0.26759666;-1.207172,-1.361151,0.7215988;0.03589544,-0.14318222,0.12943207;-0.48921385,-0.51607424,0.030703928;-0.38277388,-0.27182138,0.22686271;-0.17042361,-1.9789114,-1.0294416;-0.014073953,1.8632138,-0.6260933;0.19296964,0.09779954,0.0062150597;0.11674537,0.017283518,0.021386405;1.3799908,0.3204441,0.223799;1.4073033,0.605396,1.7106656;-0.25486323,2.0324938,-0.61384785;-1.4574797,0.08606226,-0.22796716;0.046365265,-1.837899,-0.9854273;0.25263727,1.6128958,0.08948333;0.4293827,0.21046644,0.6687057;-0.79932994,0.8283633,-1.8036045;0.30838978,0.15265922,0.047393672;-0.47598565,0.20693462,-1.3896028;-0.86082196,1.0705892,-1.8331876;-0.079232976,-1.3704847,-0.9128245;1.5387549,0.6823838,-1.1799557;-0.84187835,1.7512875,-1.3539456;-0.21053094,-0.6686128,1.1113728;-1.3846433,0.17064007,-0.15090814;-0.71279025,1.738525,-1.1596237;-0.8747704,1.0113727,-1.829638;-2.3343267,0.029706847,0.09252976;-1.7685714,-1.6251287,0.93470716;-0.9898303,1.4762892,-1.542426;0.96111524,-0.21568401,1.2722508;-1.5991669,-1.4380916,0.84980655;0.53949314,-0.114592314,1.1280944;-0.11052779,-0.33540946,-0.26302457;1.2926204,0.44320202,-0.46411154;1.1424906,-0.28901193,1.7129455;-0.6777671,0.56923264,-1.1910017;0.2124407,1.7555783,-0.17477952;0.09428568,0.039904926,-0.13934852;0.6898156,-1.719994,-0.46687815;-0.32901955,-0.30252215,-0.72037184;1.5005312,0.691315,-1.1620404;-0.7706966,-0.098105766,-0.17150708;-0.9776767,1.4194539,-1.5064126;1.4537637,0.41292787,1.3291241;1.405035,0.162955,1.6419256;1.3507311,0.6738288,-0.6754555;0.46707863,-1.7279519,-0.48011583;-0.95808977,1.353031,-1.4598176;1.6711247,0.16820788,1.9067903;1.416236,0.29496717,1.9361967;-0.15256521,-1.4080617,-1.3394395;1.2450464,0.49839687,-0.18476933;-0.7624243,0.93101907,-1.7702286;-1.0263952,1.6507521,-1.6887412;1.298933,0.058989443,1.2603484;1.3706836,0.5823597,-0.6465483;-0.3735872,0.7107149,-0.78333867;-1.6692849,0.26552203,-0.2233293;-0.08174773,-0.012194926,-0.2458484;0.018386597,-1.9317287,-1.0822793;0.26342735,1.6347421,-0.0078119575;0.7450582,0.062328324,0.4867375;-1.4123651,-1.3741132,0.86486375;1.5487665,0.7283035,-1.4356165;0.2672947,-0.77742577,1.1198695;0.18680161,1.6642115,-0.2263671;1.5592941,0.46018535,2.0912592;-0.799281,0.5936261,-0.94624215;-0.13272355,1.8481019,-0.86971045;0.7395598,0.79209363,1.1931713;0.073090464,-1.9427719,-1.0751761;0.56508523,-0.40906683,0.33932567;1.7112824,0.44689155,2.1194773;0.022821374,-1.975766,-0.8346106;0.5919551,-0.40355864,0.9764569;-0.41191012,0.23968172,-1.333715;-2.3220153,0.053295385,0.079266004;-1.4103814,-1.6517677,0.69311196;0.8025157,-0.15764078,1.4778478;-1.2554213,0.05848162,-0.2770235;-2.063313,0.18321468,0.112717554;-1.7200469,-1.5408679,1.077589;-0.014277505,-0.3100406,0.7579691;0.33534038,-0.81762356,1.0748965;-0.7919681,-1.4305876,0.3646901;0.6219116,-1.7567455,-0.39076853;0.6650819,-0.41399723,0.91090626;1.5573249,0.21305321,-0.41432753;1.7395643,0.45039076,2.1669989;-0.26530066,-1.9799196,-1.4616362;0.2701753,-1.8196938,-0.7824208;-0.19452983,1.9363542,-0.45047304;1.2935055,-0.05294607,1.7304296;-0.6142463,-0.2418828,0.011641935;-1.5306286,-1.3827804,1.0263257;-1.7019163,-1.4260999,1.0432533;0.30358326,1.535792,0.078630455;-0.5159425,0.38689467,-1.4210855;0.04324759,1.8563707,-0.2868288;0.34930068,0.08160856,0.53197616;1.4007937,0.7130994,-0.7493749;-0.48725674,-1.0466709,0.5326346;-0.3554877,-1.57466,-1.1982538;0.9916537,0.24128471,0.25046843;0.5849614,-1.7547034,-0.2665827;-2.1358888,0.052318525,0.10300131;-0.30189085,1.0944393,-0.7433624;0.3995628,0.38163447,0.5228515;-1.6151404,0.276967,-0.17427959;-0.16349521,0.047051005,0.029181285;-0.19528072,1.2530586,-0.6549003;0.34425694,0.18537672,1.244105;-0.96922785,1.5135868,-1.5411165;-0.47540867,0.9697798,-1.0035496;1.5271165,0.88646775,-1.27618;1.5252403,0.90501195,-1.6379153;-0.83330727,-1.5687325,0.70701426;0.36427775,1.4236305,0.23937681;0.9452431,0.42541432,1.2783287;-1.4583169,-1.7288553,0.9364757;0.037090596,1.87987,-0.3089494;1.2622396,0.36735493,0.4205121;1.3589865,0.15933166,1.3954005;-1.0796063,-1.5634545,0.6167057;1.378042,0.47865027,-0.35864857;-2.2355316,0.17233193,0.20504078;0.28816897,-0.09447762,0.7999162;0.36043906,-1.6884111,-0.6267262;-1.6186452,0.2729135,-0.028603945;-2.1102114,0.20140037,0.12903422;-0.5478008,-1.042041,0.53834796;0.27353054,-0.2142219,1.1894054;0.88005984,0.26320285,1.3439407;-0.6262493,0.27154878,-0.9844705;1.146624,0.44932023,0.052821927;1.5657189,0.7615714,-1.2872863;1.6607947,0.43096066,2.281555;0.38993478,0.2839198,0.596;-0.085820146,1.9015187,-0.5022897;-0.3023937,0.18621999,-0.3357501;-0.4854969,-1.3299315,0.61909944;1.644091,1.0101007,-1.1386238;0.50988907,-0.1829424,-0.100015305;1.7213382,0.39153945,2.0755973;-0.9148549,-0.025215894,-0.20828278;-0.55013645,-1.3292826,0.5863363;0.52887154,-0.31001946,0.73699486;1.2828904,-0.048133858,1.6677688;0.20987967,-1.5948936,-0.735957;0.96235126,-0.17060426,1.3722458;-0.15330641,2.0514941,-0.5926757;0.7061206,-1.7400888,-0.331026;-0.017474337,1.7861035,-0.38140696;-0.27491418,-0.16240387,0.06455777;-0.36355612,-0.70125866,0.39914748;-1.5586313,-1.4971988,0.8477213;-2.3800156,0.037470583,0.18600489;1.0598608,0.6760698,1.5426977;-1.8004318,-1.6164238,0.9357716;0.80604047,-0.30284482,0.967886;1.4716638,0.5240912,-0.9577648;-0.16462606,-1.2601327,-1.214016;-1.5398986,-1.1311545,0.93850034;-0.15694186,-0.15199527,0.23653676;-0.24797384,-1.3450736,-1.1057181;-1.3628976,0.0732999,-0.2503125;-0.011742508,1.9539586,-0.48733476;-0.07841865,0.07867978,-0.14197397;-0.03940091,-1.0774482,-0.97285813;0.24154736,-0.4277754,0.12162002;-0.68578476,1.7715685,-1.1328266;-0.7524322,0.657395,-1.6592515;1.6838111,0.56300795,2.144547;-0.81709886,0.8026944,-1.7347674;1.8082618,0.4260587,2.1307197;-0.9370548,1.3488616,-1.8002983;-0.96934223,-1.4338666,0.6516176;0.32892087,1.4842165,0.15036967;-2.2281106,0.112845354,-0.06627959;-0.654035,-1.383251,0.5725455;0.032145698,1.9285284,-0.42590675;-0.8446004,0.37783208,-0.75036883;-0.79295206,0.6566214,-1.6360135;0.8117352,0.113018066,1.0787796;-2.4729512,0.089344546,0.24902904;-0.31342378,-1.7187566,-1.6472605;0.27310175,-0.15900587,0.4776445;-1.4523904,-1.6541799,0.700958;0.089393705,-2.0241365,-0.8988947;1.2184895,0.016907224,1.7837102;1.3512105,0.52006215,-0.46930453;-0.43559387,2.0342643,-0.86771685;-0.16089885,0.25960597,-0.7708822;-1.4180161,-1.3484608,0.7917397;-0.639583,0.61192065,-1.5996039;-1.3373939,-1.8041306,0.74529386;1.5292894,0.22955965,-0.3476088;-0.12273396,-0.76699257,1.0545417;-0.24880588,0.091414735,-0.18182255;1.5156454,0.4236098,2.0689695;-1.8548356,-1.2318828,1.0136378;-0.4495571,-0.54891396,-0.009993738;-0.34607857,0.14260726,-1.2284081;-0.963354,1.4222789,-1.5507243;0.7031981,0.54982,1.0225055;-0.64873993,0.63999224,-1.6607273;0.9619373,-0.03308159,0.7660123;-0.37544885,-0.96313995,0.6444675;0.8178163,-0.27012885,1.4606072;-0.009424213,1.8943553,-0.37904826;0.22467066,-1.5859674,-0.8931048;-2.2202663,0.09115479,0.16608486;1.4577919,0.26425058,-0.24155714;1.0366336,0.5678734,1.0124837;0.018263167,-1.3204103,-0.9258605;1.5435395,0.83702654,-1.4731061;1.6870579,0.28505078,2.1930046;1.6251193,0.38931483,1.9478003;0.7188862,0.6465265,1.0627545;0.57047206,0.50380236,0.6593629;-0.6591518,-0.16561788,-0.04457404;-0.049912237,1.7033044,-0.68099135;0.27354118,1.5982983,-0.02783561;0.69274646,0.8821679,1.173472;-0.84081864,-0.0032131125,-0.40705487;-1.895087,0.14676405,-0.029488599;-0.56486905,0.5157487,-1.3345486;1.2213258,0.368283,0.43893492;0.6319914,-1.7355193,-0.34727216;-0.44853505,1.1664014,-0.93708885;-0.08431281,1.8940724,-0.6881752;-0.33108142,-1.8800211,-1.2270882;-0.8438709,1.7198553,-1.3586069;1.4052078,0.5162127,-0.7273596;0.07162766,-0.41616946,1.5652139;0.24384007,-1.8352917,-0.811746;-1.9127152,-1.1840118,0.9816445;-0.13055708,-1.2947874,-1.1680394;-1.43727,0.15484062,-0.15678942;-0.10314263,1.6953363,-0.49939457;-0.23730603,-0.1506172,0.26064074;-0.306858,-0.45526165,-0.6141824;0.64972246,0.38424015,0.54022247;0.67602545,0.6160795,0.99892306;-0.7788759,-0.045498718,-0.4310029;-0.2346565,-1.9891937,-1.4388309;-0.7060289,-1.4006603,0.5972502;1.4862684,0.65045106,-0.6595342;-0.10291224,0.14896734,-0.75162286;0.13737619,1.6801313,-0.15070556;0.6581874,-1.7606057,-0.2634577;0.65574163,-0.47872558,0.598842;-0.34475854,-0.14189863,0.20492883;-0.09799533,-0.15673488,-0.4528876;1.3078693,0.34211096,0.012398922;0.7904328,0.25492316,0.88315696;0.009684088,-0.28899288,0.028779212;1.5423294,0.8629995,-1.4668852;1.0059997,-0.12454904,1.017592;0.13381797,-1.6923764,-0.77802014;-1.0750173,0.020663997,-0.24931724;1.0344809,0.72978646,1.4914134;0.5584758,1.0629034,0.9325;-0.2405275,-1.9753089,-1.439857;1.0400441,-0.2978937,1.0653818;-0.53384674,1.7361485,-0.96406215;-0.82698345,-0.076002516,-0.20096205;-1.0750384,0.034599904,-0.2515782;0.640049,-0.42915446,0.786682;-0.2694286,1.931122,-0.92291063;-1.4525007,-1.4982392,0.8967873;0.8898084,-0.017715761,1.4799272;1.1046064,0.56628275,1.0299386;1.0576153,-0.34396267,1.0617149;0.6871895,-0.1367321,0.8523844;-0.2669293,-1.6271574,-1.554148;-0.82544154,0.9360169,-1.1893268;0.5341615,0.16856222,0.14919911;0.09211724,-0.7330882,1.0598373;-0.039362594,-2.0329564,-0.876634;-0.0058368575,-0.43779993,1.087048;0.42264444,-0.25709778,0.41677907;-0.49524128,0.45769233,-1.4168822;0.022276543,-0.38703382,1.0685111;-2.4983764,0.090124786,0.2582538;-2.0482774,0.08714324,-0.009634452;1.0203059,0.5001468,1.6233848;-2.334523,0.09879262,0.28770152;-0.4399436,-0.99313486,0.5503451;1.4079027,0.28917584,-0.2660631;-1.6792471,0.0996866,-0.08779083;0.4017998,-1.7049508,-0.6707913;-0.9401468,1.0775162,-1.3846288;-0.79538274,-1.1578739,0.45722848;-0.69469386,0.8131425,-1.699235;1.3455285,0.5420598,-0.5509778;1.3566345,0.46531272,1.7944651;0.71350384,-0.4470047,0.8165163;-0.2583136,2.0809026,-0.65374327;-1.0997494,-1.4743584,0.51383823;-1.4772002,-1.5601715,0.8279786;-0.13280353,-2.0248892,-1.0061728;1.0354879,-0.377467,1.3982844;0.68948644,-1.7507468,-0.2548039;-0.15551469,1.862266,-0.6098788;-1.0303185,1.6870642,-1.7154688;-0.5097517,1.8339341,-0.93054086;0.9542281,0.28621107,0.35643938;0.5640774,0.044172402,-0.2894912;-2.3105953,0.10337972,0.1960176;-0.6810944,-1.0647568,0.44714752;1.4418296,0.5648717,-0.6549279;-0.81013894,-0.05782458,-0.20603204;-1.0146644,-1.3826241,0.5492686;1.3912297,0.44944602,-0.3292254;-0.25052646,-1.5987762,-1.5656526;0.5885923,-0.3244867,1.0423543;-0.78819937,0.7953486,-1.1291926;-0.17623504,0.24150528,-0.543114;-0.41503528,-1.028707,0.61371726;0.58535475,-1.7641164,-0.32536837;1.5733685,0.97299445,-1.235436;-0.19853634,0.14346576,-1.0484071;0.107532404,-1.5582411,-0.78125966;-0.7545461,0.019761682,-0.5729897;-2.2286263,0.17613739,0.17973565;0.25675246,-1.8432347,-0.787497;0.82928854,-0.39787742,1.1883914;0.2860434,-0.6092646,0.5342367;0.21540788,-0.53594816,-0.05292123;-0.88714,-0.045535512,-0.22733584;0.1380852,-0.014890104,-0.39625818;-0.057876397,-1.9651955,-1.1546674;-0.1976019,0.14351596,-1.0771914;0.4864841,0.24250026,0.96123034;-1.7171808,0.27926692,-0.1895968;0.09439645,-0.27209014,0.8986986;0.14199567,-0.7262728,1.1133972;-0.771842,0.5546896,-1.0894724;1.5625336,0.13616581,-0.3872441;-2.0382361,0.10272972,-0.0046418435;0.045200557,-1.3375173,-0.9128024;0.36384153,1.4198828,0.23322828;0.46055102,-0.30539623,0.05314931;0.21375406,-1.5337591,-0.6875177;-0.0136161,-1.9988756,-1.1489315;0.09991242,1.8062857,-0.12402509;0.060033854,-1.3575754,-0.9387041;0.35064203,-0.35574666,0.09612366;-0.17323036,-0.42666677,-0.3226206;1.5301104,0.71898985,-1.2223438;1.6711764,0.50144345,2.2130225;1.1004176,-0.35887453,1.1485378;-0.61335886,0.33893192,-1.2415336;-0.21068166,-0.67634374,1.0844806;-0.22733238,1.9306854,-0.63265723;-0.84575564,1.7105563,-1.3604976;-0.7932467,0.5748435,-1.0293347;1.0450666,0.047455534,1.0372291;-0.8645169,-1.2282352,0.48692858;-0.88004005,1.1658974,-1.8195302;-0.021961635,1.933346,-0.5713241;-1.6893064,-1.7398514,0.8433337;-0.07140821,-0.16333835,-0.2931888;-0.4938046,0.405229,-1.466184;-1.7858043,-1.4004024,0.98811996;0.46776444,-0.2278531,0.54515594;-1.075636,-1.4595872,0.81623566;0.85826695,0.021182625,0.92888635;1.2073057,0.31970257,-0.039453335;-1.528558,-1.4877564,0.94055057;-0.22162838,-1.9712802,-1.3095845;-0.48797256,0.63888156,-1.5769877;0.7700703,0.3542377,1.0155035;-0.21620436,-1.8802348,-1.2915808;-1.3767486,-1.4580462,0.71570677;-0.58594364,1.741703,-1.019701;-0.31410143,0.13089654,-1.2239888;-0.56516707,0.6689813,-1.6315703;-1.7928932,0.37253976,-0.1542532;-1.2589037,-1.4804376,0.91477454;-0.7028889,-0.16061114,-0.08796079;0.44307753,-0.12457914,1.0875779;-0.79838026,0.6026784,-1.1390139;0.3883385,-1.6173841,-0.56953704;-0.30633318,-1.7153025,-1.6491083;1.1600506,0.37039337,0.15690668;-0.16675575,0.6475815,-0.6135142;-0.26248363,-0.66501486,-0.60228485;-1.6802152,0.36473274,0.026384855;-0.8694347,1.0479639,-1.8076212;-0.20216265,-0.085779354,0.46319562;0.30549243,-0.49403113,0.37952396;0.42553592,-0.44915697,0.04978549;1.1074318,0.31563193,0.22325061;-0.8851847,-1.6048661,0.6066462;0.18331243,-1.845747,-0.8085729;-0.046706323,-0.4211307,1.1624655;-1.1854799,0.20558935,-0.14218296;0.12639067,-1.2763889,-0.7926389;1.5564017,0.915104,-1.69426;1.3311104,0.6081791,1.275113;0.2862524,0.0072710207,0.9988803;0.823878,-0.5784979,1.0267752;0.43849942,0.1311091,0.6750238;-0.35721833,-1.7859746,-1.4722557;0.43584642,-0.39340758,0.81332684;0.5440026,-0.06426489,1.1452539;1.3124814,0.18912387,1.9078941;0.3569726,0.37590134,0.5589677;1.5328747,0.934537,-1.6656326;0.041706763,-1.961777,-1.0769198;-0.92393184,1.0952555,-1.3035884;0.60588527,-0.4721306,0.31476998;1.3645158,0.043265495,1.3415099;-1.0237516,1.6770917,-1.7172546;0.2654781,-0.39895457,0.27709708;-1.182399,-1.8181702,0.61298007;0.14737418,-0.19366929,1.2177453;0.70204383,-1.7290293,-0.38796988;-0.117359236,-1.445751,-1.3831531;-0.027564215,-0.4084071,1.1065118;-0.25651777,-0.33464924,-0.58862144;0.15424122,-1.5339296,-0.73050153;1.249713,-0.27029967,1.1016612;-0.44720638,1.9549773,-0.8986631;-0.6547813,0.59067947,-1.2176117;-0.10059464,2.0288906,-0.56077564;-1.238328,-1.4337895,0.59655136;1.5719085,0.1602294,-0.4077833;1.5484157,0.5420492,-0.9591524;-0.51980114,1.3113282,-0.7904262;0.84527344,0.48134902,0.9707358;0.4878867,-0.098104216,0.28689507;0.5763159,-1.7462012,-0.3719232;-0.07520907,-2.008374,-1.2423865;0.50854087,-1.7938341,-0.44297844;-0.27432793,-0.071516044,0.3648747;-2.1457596,0.002111743,0.25891298;0.20953722,1.5879109,-0.25472394;-1.4789901,-1.4896885,0.94813055;-0.36722374,-0.09959659,0.24106923;0.11339032,0.008662875,-0.07847106;-0.33107176,-0.16016546,-0.50502706;0.5945336,-0.4423358,0.34472278;-2.087322,0.17421804,0.08119592;-0.18820092,-0.20136826,0.07740755;0.40090618,0.18393776,1.2735175;0.30116093,-0.20314918,1.2649212;1.5407846,0.7931482,-0.9602352;-0.8538249,1.7231163,-1.37739;-0.88562906,-0.04150859,-0.23968087;-0.11070969,0.15779163,-0.7415057;0.9484037,-0.22875428,1.128555;1.2839515,-0.14549363,1.6461463;-1.1432574,-1.5766723,0.59591407;-0.50904155,1.3013991,-0.8816083;0.8766802,-0.2551275,0.8093452;0.108231485,-0.07056278,0.8852352;1.1590029,0.35635915,0.11204685;0.21162999,-0.49544224,0.53181165;1.3476589,0.640785,-0.60921365;1.3727492,0.4492092,1.4203563;0.6626169,-1.7445084,-0.31717628;1.1037402,-0.1916675,1.3867288;1.5564018,0.9151039,-1.69426;-0.19994642,-2.039608,-1.362505;1.2542056,0.032845773,1.8728379;-0.8707411,-0.033109553,-0.3189087;-0.7849785,-0.03782297,-0.48807946;-0.9919792,-1.1106251,0.5755677;0.06801059,-0.36951166,1.0397794;-0.55991334,-0.123828866,-0.004018233;0.627043,0.4834527,1.0070603;1.3532721,0.3199414,0.24826469;0.022413671,-0.4844363,1.1778771;0.24703257,-0.50815177,0.370625;0.36929664,-1.5675285,-0.72922933;-0.43715793,1.0113894,-0.98124975;1.1576595,0.28986022,1.7059865;-0.6380734,-1.0696077,0.46528408;-0.34652197,0.23173897,-1.2765702;-0.017433356,1.869976,-0.5245927;-0.5718501,-0.15633848,-0.22809178;1.3103468,0.4092422,1.8934839;1.5756109,0.7552176,-1.2247984;-1.0474874,-1.425486,0.680984;-1.6385269,0.3322528,-0.052675877;-1.171526,0.116347685,-0.20619152;-0.7938266,-1.2293208,0.47596848;1.5399877,0.8601702,-1.4675561;-1.3162162,0.07713965,-0.24571529;1.1485902,0.24085313,1.8427966;-2.0145254,-1.0037074,0.9124564;-2.1995463,-0.069679156,0.23073761;-0.5185799,-0.08496462,0.05404067;0.7668969,0.19292162,1.0404516;-0.2872805,-0.873413,0.7391801;-0.027092507,-1.1795636,-0.9622801;1.13201,0.019238109,1.316783;1.2971494,0.5480166,-0.3068218;0.2577726,0.17415057,-0.03528755;0.27022633,1.5916562,0.0071653947;0.46559894,0.49294642,0.40630478;0.9598592,-0.19273156,1.4243733;0.3043314,-1.7815336,-0.72760415;0.8325733,-0.3650395,1.0796585;-0.5245945,1.3471111,-0.91099703;1.3125988,0.5350677,1.4673848;-0.1510407,-0.24182539,0.106176764;1.4542834,0.58233887,-0.9477031;0.32667342,1.4972835,0.12586701;-0.8273757,0.8904884,-1.7480209;0.6889842,-0.03447972,0.52997077;1.7944468,0.36938024,2.2095106;-1.7405075,0.16165888,-0.102161124;0.08462846,-0.3028171,0.68382674;-2.098775,0.20490131,0.25012797;-0.08391067,1.7833159,-0.7026516;-0.0081038,-0.80341953,0.9166643;-1.0949013,-1.3998854,0.61088467;1.3233681,0.62239105,-0.33521175;1.0879716,0.61211395,1.5360976;1.5684915,0.74382704,-0.7811476;-0.45089456,0.23785019,-1.3748997;-1.6534717,-1.4262936,1.0911144;1.5625557,0.93310446,-1.3841984;1.1927809,0.5472462,1.213928;-0.55655456,1.4260432,-0.869981;-0.6700088,-1.0131837,0.4202166;-1.1657053,-1.4089072,0.91523695;1.2092172,-0.33948782,1.1217291;1.763008,0.5427184,2.2237723;-1.871225,0.22304574,-0.15836608;0.25691858,-0.5632221,0.314113;-0.8720347,0.85723245,-1.3594154;0.43507951,0.28593624,0.39123884;1.4970034,0.7651747,-1.262544;1.0402783,0.6163121,1.468717;0.5573295,1.0501549,0.92829686;-1.0347986,1.701857,-1.7332134;0.1152175,-0.09263129,0.28040025;1.1849059,0.2331218,0.15327224;1.3264083,0.32460243,1.524386;0.36196196,-0.24799086,1.0366727;-1.5913844,-1.3989835,1.0451847;-1.1326094,-1.4343855,0.74524355;-0.29932156,-0.09137047,0.2398996;-1.1480889,0.11424245,-0.21374555;-0.9719798,1.081269,-1.4295515;-1.5385075,-1.4402891,1.0429598;-0.3133511,0.21405998,-1.2656037;0.023285434,1.880174,-0.56803876;-0.07065464,0.122146904,-0.12288972;0.9724961,-0.0064895237,0.77035123;-0.8897858,-1.5416979,0.6898391;-0.71098655,0.8458764,-1.7318392;-0.29369807,-0.34677824,-0.6927419;-0.7328951,1.7796397,-1.1913365;0.67914605,0.6647502,0.95327663;-0.42945367,-0.96903104,0.5666683;0.3957569,-0.13405578,0.118997335;1.4601519,0.84941864,-1.2058232;-0.5323174,-1.1106737,0.5143333;1.5327331,0.24465415,-0.40750185;-0.103127815,-1.4026241,-1.3323251;1.3047162,0.09810749,1.396259;0.35712123,-0.007126092,0.112162724;-0.1839761,2.0354095,-0.65848017;0.7710624,0.10106265,0.9210969;-0.8692263,1.0783415,-1.8197386;1.3897526,0.58081865,-0.8871252;1.5529313,0.8164912,-1.4698231;0.17264116,-0.27563012,1.2582846;-0.39654887,-0.5461676,0.17365995;-1.745926,-1.385078,1.0534254;0.2483596,-0.2391205,1.2537215;-0.1355004,-0.14141767,-0.022151098;1.468022,0.4135261,1.621537;1.6333936,0.5689933,-0.9222849;-0.07167037,-1.3327773,-0.97221124;1.4052976,0.5600544,-0.53547996;-0.6396362,0.5649118,-1.571448;-0.27602103,0.9421124,-0.5814888;-1.3127927,0.06432076,-0.25891286;0.06473777,1.8394635,-0.18639114;0.9302305,-0.053603634,1.4551355;-0.2892301,0.31479716,-1.2908127;-0.2095801,-1.7792956,-1.415205;0.40027106,-0.42074355,0.75916517;-1.8084089,-1.2616345,1.0255518;-0.86861897,0.5611148,-0.9385045;-0.30354792,1.2487869,-0.69437927;1.6916949,0.52247787,2.2163188;1.5355613,0.8708822,-0.9099576;-0.6267248,1.7294573,-1.0540545;-0.1898621,-1.3732802,-1.2658383;1.6995937,0.3749748,2.2610083;0.06476922,-0.41499847,1.5345218;-0.83832705,0.5573691,-1.1251302;-0.6540512,-0.16694085,-0.038285524;1.3325489,0.459379,1.8164252;-0.12630425,-0.11796752,0.47986996;-0.31835493,0.085890174,-1.1862652;0.06428104,-1.2113013,-0.8908961;1.1378767,0.3021433,0.21997137;-0.30947754,-1.564918,-1.4370848;-0.11389434,1.9150122,-0.45293194;0.5792367,0.4854662,0.5020701;0.877953,0.2749102,1.3260589;-1.9506136,0.12874247,0.0007181061;1.5643688,0.63509196,-1.3270417;0.2798081,-0.74496275,1.0914239;1.2533298,0.5092716,1.3444564;-0.19554272,1.8787549,-0.91781765;0.02103995,-1.3597214,-1.027906;0.3413719,1.4662261,0.18794753;0.13972154,0.050672818,-0.104293;1.3500681,0.32933453,0.3065525;1.2987859,0.5416667,1.2822505;-0.54471606,1.7355433,-0.97610605;1.0390238,0.62649846,1.4638621;-0.59758633,0.074012935,-0.7424623;1.7831717,0.44485563,2.1783607;0.430749,-0.18413381,1.4001452;-1.9270011,-1.1538168,0.9752613;1.0588206,0.23810919,1.5845743;1.7542607,0.44049984,2.325947;0.65890735,0.78081554,1.0228628;-1.7671152,-1.552196,0.9786056;-0.67474544,1.7029443,-1.1015832;0.46613604,0.5457811,0.35816598;1.6396859,0.6184718,2.0995603;-0.35715824,1.0756309,-0.8670525;1.5954432,0.38119796,2.0269353;-0.9895461,1.3730956,-1.5218794;1.3540139,0.5797056,1.1247799;-0.6338769,1.708756,-1.0528749;1.0017713,-0.17801139,1.4875078;-0.7416959,1.7369925,-1.1984651;-1.3094941,-1.539761,0.6826814;0.046054807,-2.0211878,-0.8856392;0.9619534,-0.1664193,0.9981335;-0.5270923,0.12390357,-1.0106505;-0.14953588,-0.31789383,-0.35221377;-1.4958302,-1.4824027,0.93594456;0.97933775,0.4832615,1.3919209;0.5635985,-0.2658361,0.581356;-0.24687307,0.14990832,-1.1390506;-0.043350007,-0.15172781,-0.5592257;0.14732051,1.5324277,-0.19696528;0.20398174,1.697073,-0.043792006;-1.1852069,0.054415856,-0.29164895;-0.15723547,-0.704655,0.8946216;-0.09067906,-0.05849362,-0.3045201;-1.6586007,-1.4593773,0.95516425;1.2658015,0.42255008,1.7859008;1.4861311,0.6881258,-1.0240653;-0.4944942,0.4380869,-1.442772;0.4529409,-0.27985176,0.45837697;-0.2368383,2.0653126,-0.62567145;1.288658,0.36941302,0.42551735;-0.09136461,-1.9883541,-1.2391088;1.479672,0.33274758,1.4661955;-2.2164466,-0.027919177,0.35724023;-1.2198045,-1.4483529,0.83598447;1.6132469,0.46391708,-0.89141464;1.540482,0.3216836,2.0049415;-0.24698426,-0.07530455,0.40887246;0.43827024,-1.6737909,-0.5185697;1.4390788,0.562759,-0.88238573;1.4443272,0.3506816,1.6054984;1.4562505,0.26372758,1.5220903;-0.33438757,1.0525657,-0.7372178;0.77747643,0.2513776,1.0255723;-1.3760016,-1.4534147,0.81518227;0.0687009,-0.3221887,0.6223183;1.076555,0.52218765,1.4907923;-2.2518387,0.21060756,0.09646479;0.75943345,-0.24332672,1.3706806;-0.18224369,-1.4964628,-1.5058708;0.12030849,-1.3404648,-0.8874188;1.4350986,0.32640556,1.7974198;0.45457056,0.21536799,0.21009047;1.3314532,0.67390436,1.5486037;-0.31229976,-1.6491389,-1.3745034;-0.13999337,0.15696484,-0.8452649;1.2047067,0.3676035,0.7758127;0.65738356,-1.7682811,-0.2269959;-0.23574638,-1.3234056,-1.1743222;0.5145004,-1.7389846,-0.3861438;0.09207547,-0.41406143,-0.4519329;0.10041476,-1.9306742,-1.0645049;-1.3225615,0.08544921,-0.23969649;0.24114017,1.52562,-0.14079033;1.3115798,0.6195218,-0.40507925;-0.13382368,-0.74196047,0.9365934;0.14513673,1.6388873,-0.18017577;-0.5641668,-0.15359417,-0.058509517;-1.0597054,1.7772508,-1.769513;-1.85849,-1.229879,1.0119989;0.42954206,-1.7150182,-0.56728494;0.34232384,-0.28171802,0.98008096;-0.38470486,-0.68175715,0.33745152;-0.36452413,0.23328273,-1.2497873;-0.15007298,-1.4318652,-1.3703439;-1.6675225,-1.3223575,0.9585999;-0.9006445,1.2163448,-1.8003477;0.7379559,0.44904992,1.0392984;0.7528667,0.3314513,0.9030629;-1.5021049,-1.4862827,1.0340366;0.21345788,-0.30749133,0.7034814;-0.53674495,-0.45678824,0.041257165;0.5256616,-0.11401177,1.0703812;-0.15542845,0.6456134,-0.6222727;0.1259857,-1.9329978,-1.0001522;-0.7794464,0.61253136,-0.9570394;0.06499566,-0.038602076,-0.28200164;1.1763023,0.3328326,1.7708938;0.113564536,-0.042685267,0.027242359;-0.08653432,-2.050401,-1.2454956;0.272558,-1.7034243,-0.81380033;-0.21146332,0.1443182,-1.090166;0.3768319,0.22014076,0.4361859;1.7129227,0.35462764,2.1192906;-0.66133565,-1.0637825,0.45696938;0.23510131,1.663053,-0.10440555;-1.1004161,-1.4130071,0.6552686;-0.5218338,0.8465138,-1.2040501;-0.28076223,0.9776489,-0.6156059;-0.31884006,2.064455,-0.71673685;-0.11245913,-0.49184752,0.8751403;-0.79880476,1.0476058,-1.765214;0.0043374104,-0.16175085,0.5633594;0.3224681,-0.4240816,0.13819022;1.5060048,1.0011946,-1.8381662;1.1194965,0.17388617,1.1705828;-0.82618135,-1.3783326,0.5370362;0.84903485,-0.12782235,1.4581176;-0.40785858,-0.33186728,0.12876233;-1.3881986,-1.4145684,1.0396883;-2.2916455,0.07653933,0.2375619;1.160075,0.23177174,1.8073488;0.10360645,-0.4251211,-0.030455967;0.5592017,1.0479102,0.92910576;-0.307458,-1.4707526,-1.2993778;-0.18083319,-1.5002453,-1.4222534;0.6915435,0.9169956,1.1940132;1.6812384,0.2733191,2.0812666;-1.9422462,-1.1342003,0.9645348;-1.8525107,0.14023368,-0.056967143;-0.711534,0.9469924,-1.7522981;-0.92298436,-1.4024928,0.52285165;0.95677054,0.14960794,0.7803973;0.2093962,-0.56462616,-0.075702995;1.2075166,0.30712366,0.17644633;-1.0190325,1.6286067,-1.6443402;-0.87735355,0.70715135,-1.1336652;-2.155084,0.14953521,-0.0005397169;-0.26005554,-1.9239326,-1.2273353;1.2842103,0.5210701,-0.25107387;0.38129985,1.3044466,0.21230511;-1.3406224,0.12926523,-0.20768058;0.35967496,1.3762965,0.16750696;1.5058136,0.7500404,-1.3262022;-0.6284904,1.7313647,-1.05729;0.5687323,0.028048644,-0.26978397;0.84032446,-0.3026376,0.90896064;0.095023945,1.7907305,-0.264602;-0.8884704,-0.030668672,-0.28342596;-0.6287208,0.6842612,-1.658767;0.4318746,0.15405421,0.1556222;0.6491244,-0.025981592,0.84846336;1.2906458,0.05356437,1.89862;0.9426637,-0.3676765,0.8396804;-0.06584557,-2.053378,-1.2393881;0.16063716,0.020002238,-0.4460412;0.17298336,1.4643073,-0.26570213;-0.43343708,-0.12852344,0.13425721;-0.8397743,0.67317164,-1.0511214;-0.32281232,2.0811625,-0.7163382;1.4980557,0.63661337,-1.0376022;1.303556,0.46112356,-0.3753584;0.37360534,0.18866014,1.2459196;-0.27073142,-0.6588532,-0.5999649;-1.0110196,1.6303043,-1.7193048;-2.371144,0.08237663,0.120653726;0.47940442,-0.27296746,0.9424599;0.61044514,-0.14030506,1.2654947;0.7230216,0.6319446,1.1187594;-0.5767013,1.6959549,-0.99355346;-1.0016795,0.00095099426,-0.25646505;-0.43317187,-0.8078654,0.31245384;-0.14178662,-0.09960967,0.52291507;0.709449,-1.7389135,-0.30764642;-0.7579193,0.81094027,-1.7617517;1.3196877,0.015743416,1.2446227;1.7321314,0.44150248,2.2119157;0.09573958,-0.46928847,-0.43294826;-0.6294214,-0.92252034,0.30433726;-0.4205096,-0.9380827,0.5485958;1.4608294,0.5024662,-0.8733738;1.2174191,0.32801592,0.7404685;-0.31796494,0.14548561,-1.2044343;0.6669538,0.38755643,0.5716923;1.4676155,0.68867403,-0.82647234;-1.6192626,0.13867283,-0.12733632;1.5452942,0.23277271,-0.42200005;-0.45425758,0.17726696,-1.2158242;1.191828,0.36080512,0.80221075;-0.09982949,-1.2092254,-1.0421768;-0.24389927,1.1101215,-0.70054513;1.7171347,0.3224883,1.9998143;1.1533352,-0.38634875,1.1969423;-0.53451276,0.5490587,-1.5196544;-1.0249577,0.014098745,-0.2531802;1.2918715,0.44851625,-0.30369228;1.6950657,0.36001173,2.2773993;-0.30148882,0.99587744,-0.7292652;-0.11069224,-0.4496897,0.80233085;-0.4949789,-1.0105445,0.53735626;0.8709557,0.09204409,1.5831591;-0.26605475,0.94268554,-0.7203133;1.5634775,0.74189436,-1.0832144;1.5168675,0.95321304,-1.7159601;-1.4226553,-1.3065732,0.8483483;-2.3843048,0.092019506,0.22211812;-1.2419645,-1.6902086,0.67080915;-0.20882984,0.043526046,-0.34719872;-0.57319885,-0.9955402,0.3944645;-2.1719377,0.15847707,0.16299999;-0.7320127,0.5224573,-1.0973665;-0.2968681,1.0757737,-0.776241;1.618527,1.0018675,-1.1794727;1.0904878,0.5399153,0.9320717
