data_set
babi-q1
num_classes
6
data_points
1000
model
saved_models/babi-q1-e0115.ckpt
color_schema
#4E79A7,#F28E2B,#E15759,#76B7B2,#59A14F,#EDC948,#B07AA1,#FF9DA7,#9C755F,#BAB0AC
test_accuracy
0.838
test_loss
0.4706423864364624
train_accuracy
0.908
train_loss
0.251241764485836
val_accuracy
0.8725
val_loss
0.3854623680114746
labels
12,9,15,12,15,12,11,12,17,17,15,11,17,10,10,15,11,15,17,15,12,17,17,12,10,10,10,15,15,15,12,17,15,15,9,17,9,11,15,10,9,11,9,12,11,15,12,9,17,10,10,17,11,11,15,10,15,12,11,12,12,17,9,11,11,15,15,9,17,17,11,12,11,10,9,15,15,15,12,17,11,9,10,11,17,11,11,12,15,15,9,9,12,9,9,15,15,15,10,10,10,9,17,11,11,12,10,9,17,10,9,9,15,12,15,11,17,15,9,17,10,9,10,12,10,17,11,11,11,9,11,12,9,11,15,9,17,15,9,9,17,12,12,17,10,15,15,15,15,15,11,11,9,17,10,9,11,10,17,12,10,10,10,11,9,11,11,11,15,10,17,17,11,9,9,17,15,10,17,17,12,12,12,12,10,9,17,11,15,17,12,15,11,12,12,11,17,15,9,10,12,17,17,10,12,9,15,12,9,12,9,10,12,10,9,10,9,12,12,9,9,12,15,12,10,17,12,11,9,9,17,11,12,17,12,10,10,10,10,17,12,15,11,11,15,15,11,11,11,11,10,17,9,9,10,10,17,17,15,11,11,17,12,17,17,9,11,10,9,10,15,17,17,15,9,17,15,12,17,9,9,11,17,17,11,17,9,17,11,9,15,15,10,15,15,11,11,12,12,9,9,9,9,17,12,11,9,17,17,15,11,11,17,10,11,17,10,17,17,11,11,15,15,11,11,9,10,11,11,10,15,17,15,10,10,17,12,17,12,12,12,11,17,15,11,17,12,12,15,15,10,11,11,10,10,9,17,12,11,12,11,9,11,11,11,11,11,12,12,12,12,12,11,11,17,10,15,9,9,10,9,10,10,17,17,15,17,17,17,15,15,12,9,10,17,17,10,17,9,11,10,11,10,15,17,15,12,10,11,15,10,11,9,12,17,10,10,15,12,9,12,12,9,12,10,15,15,17,10,10,17,15,15,15,17,11,15,9,10,11,10,12,9,11,10,11,10,12,11,15,15,15,15,11,9,15,10,12,11,12,9,11,10,17,11,11,10,10,10,17,12,17,17,9,15,11,9,15,11,9,10,10,12,12,11,10,9,12,10,9,15,10,10,11,11,15,15,10,12,12,15,11,9,12,9,15,10,17,17,10,10,17,10,10,17,9,9,10,12,11,17,17,12,12,11,12,17,11,11,12,11,11,11,17,9,11,10,12,12,10,11,17,12,12,15,11,15,15,12,10,10,9,17,10,15,12,15,10,10,10,11,10,11,15,10,9,9,15,10,10,10,10,15,15,17,9,10,12,10,10,12,12,11,15,10,10,11,12,10,10,17,12,17,11,9,9,17,17,11,10,10,10,15,15,17,11,15,12,11,10,15,17,9,11,9,17,15,12,15,17,11,17,17,15,9,10,9,9,10,10,9,10,10,15,11,11,11,15,12,9,11,11,10,17,11,11,12,17,15,15,9,11,15,15,11,9,15,15,11,15,15,15,11,10,10,9,17,17,17,17,10,10,17,9,15,9,17,12,12,12,15,15,15,17,9,11,9,17,9,12,11,9,9,17,11,11,11,10,15,10,12,12,9,9,17,12,12,9,17,12,11,11,15,15,12,11,12,17,12,17,11,12,11,17,17,11,17,9,11,9,10,10,12,17,10,12,9,9,9,15,11,11,15,17,9,10,9,12,17,15,17,17,12,10,12,11,11,17,15,9,17,10,9,11,12,15,9,15,12,10,9,10,17,17,15,15,9,9,9,17,10,17,17,9,12,17,17,12,12,11,11,11,11,17,11,17,17,17,17,17,12,9,17,10,17,11,10,10,12,12,11,11,17,12,12,17,17,15,11,17,11,11,9,12,9,17,9,10,9,15,11,9,11,15,10,9,9,9,17,12,11,11,17,15,15,10,10,11,11,17,10,12,9,10,10,10,10,10,15,17,9,11,17,15,12,11,10,10,15,12,10,11,12,12,11,11,11,15,12,17,10,12,17,17,12,10,10,12,17,10,11,17,11,12,17,17,11,12,11,17,9,9,11,17,11,11,15,15,17,17,10,10,17,12,11,15,12,11,11,10,9,12,12,15,10,9,17,15,17,9,17,17,10,17,15,12,12,11,10,10,10,17,17,15,12,17,9,9,15,10,12,15,15,15,17,17,15,11,15,10,12,9,9,10,11,11,9,9,12,15,9,15,9,12,12,10,17,17,10,12,15,9,10,17,11,11,11,17,9,9,11,15,11,11,11,15,12,17,9,10
pred_labels
12,9,15,12,15,12,11,12,17,9,15,11,15,10,11,15,11,15,15,12,12,17,17,9,11,10,10,15,15,15,12,17,15,15,9,17,9,11,15,11,9,11,11,15,11,15,12,9,17,10,10,17,11,15,11,10,15,12,12,12,12,17,9,11,12,15,15,9,17,15,11,12,11,10,9,15,11,15,15,17,11,9,10,15,17,11,11,12,15,15,9,9,12,9,9,15,15,15,10,10,10,9,17,11,11,12,10,9,17,10,9,17,15,12,15,11,15,9,15,17,10,9,9,12,10,17,11,12,11,9,11,10,9,11,11,9,17,15,9,9,17,12,12,15,10,15,15,15,15,11,11,11,9,12,10,9,11,10,17,12,10,11,10,11,9,11,11,15,15,10,17,17,11,9,9,17,15,10,17,17,12,12,12,12,10,9,17,11,15,17,12,15,11,12,11,11,15,12,9,10,12,17,17,10,12,9,15,12,9,11,9,10,12,10,11,10,9,12,12,9,9,17,15,15,10,17,17,11,9,15,17,11,12,17,17,10,10,9,10,17,12,15,11,15,15,15,11,11,9,11,10,10,9,9,10,10,17,10,15,11,11,17,12,17,15,9,11,10,9,10,15,17,17,15,15,17,15,12,17,9,9,11,17,12,11,17,9,9,11,9,15,15,10,15,15,11,11,12,12,9,9,9,12,17,17,11,9,9,9,15,11,11,17,10,10,17,10,17,15,11,11,15,15,11,10,9,10,11,15,10,15,17,17,10,15,17,12,9,12,10,12,11,17,15,11,17,17,12,12,15,10,11,11,10,10,9,17,12,11,12,11,9,11,15,11,11,11,12,12,12,12,12,11,15,17,10,15,9,11,10,9,9,12,17,17,15,17,17,17,15,15,12,9,10,17,17,10,17,9,11,10,11,10,15,17,15,15,17,17,15,10,11,9,12,17,10,10,15,12,9,12,11,9,10,10,15,15,17,10,10,17,15,15,10,17,11,15,9,10,11,10,12,11,11,10,11,10,12,11,15,15,15,15,11,9,15,10,12,11,12,9,11,10,17,11,11,10,11,10,17,12,17,9,9,15,11,9,15,11,9,10,15,12,12,11,10,9,12,10,9,15,10,10,10,10,15,17,10,12,15,15,11,9,12,9,15,10,17,17,10,10,17,10,17,15,9,9,10,12,11,17,17,12,12,11,12,17,11,12,12,11,11,11,12,9,11,10,12,12,10,11,17,12,12,15,11,15,15,12,10,10,9,17,10,15,12,15,15,10,9,11,10,11,15,10,9,9,15,10,15,10,11,15,15,17,9,10,12,10,10,12,12,11,15,10,10,11,12,10,9,17,12,17,11,9,9,17,12,12,10,10,10,15,15,17,11,15,12,12,10,15,15,15,11,9,17,15,12,11,17,11,17,10,15,9,15,9,9,10,10,9,10,15,15,11,11,11,15,17,9,11,10,10,17,11,11,12,17,15,11,9,11,15,15,11,9,15,15,11,15,15,12,11,10,12,9,17,17,17,11,10,10,17,9,15,9,17,12,17,10,15,15,15,17,9,11,9,15,9,12,11,9,9,17,11,11,9,9,15,10,12,12,9,15,17,12,11,9,12,11,11,11,15,15,12,11,12,17,17,17,11,12,10,17,17,11,12,9,11,9,10,12,12,17,12,12,9,9,11,11,11,11,15,9,9,10,9,12,17,15,17,11,12,10,10,11,11,17,9,9,17,10,9,11,12,15,9,15,12,10,9,10,17,17,12,15,9,15,9,17,10,17,17,9,9,17,15,12,12,11,11,11,9,17,11,17,17,9,17,9,12,9,17,10,17,11,10,10,12,10,11,15,11,12,12,17,17,15,11,17,11,11,9,12,15,17,9,10,9,15,11,9,9,15,10,9,9,9,17,12,11,11,11,15,15,10,10,11,11,9,10,12,9,10,10,10,10,10,15,17,9,11,17,15,12,11,10,15,11,12,10,11,12,12,12,11,11,15,15,17,10,12,15,15,12,10,10,12,12,9,11,17,11,12,17,17,11,12,15,17,9,17,11,11,15,11,15,15,11,17,10,10,17,9,11,15,12,11,11,10,9,12,12,15,10,9,17,15,17,9,17,17,10,17,15,12,12,11,10,10,10,17,17,15,12,17,9,9,15,10,12,15,11,15,17,17,15,11,15,10,12,9,9,10,11,11,9,9,12,12,9,15,9,12,9,10,17,9,10,12,15,9,9,17,11,11,11,17,9,9,11,15,11,17,11,15,12,17,9,11
pred_correctness
True,True,True,True,True,True,True,True,True,False,True,True,False,True,False,True,True,True,False,False,True,True,True,False,False,True,True,True,True,True,True,True,True,True,True,True,True,True,True,False,True,True,False,False,True,True,True,True,True,True,True,True,True,False,False,True,True,True,False,True,True,True,True,True,False,True,True,True,True,False,True,True,True,True,True,True,False,True,False,True,True,True,True,False,True,True,True,True,True,True,True,True,True,True,True,True,True,True,True,True,True,True,True,True,True,True,True,True,True,True,True,False,True,True,True,True,False,False,False,True,True,True,False,True,True,True,True,False,True,True,True,False,True,True,False,True,True,True,True,True,True,True,True,False,True,True,True,True,True,False,True,True,True,False,True,True,True,True,True,True,True,False,True,True,True,True,True,False,True,True,True,True,True,True,True,True,True,True,True,True,True,True,True,True,True,True,True,True,True,True,True,True,True,True,False,True,False,False,True,True,True,True,True,True,True,True,True,True,True,False,True,True,True,True,False,True,True,True,True,True,True,False,True,False,True,True,False,True,True,False,True,True,True,True,False,True,True,False,True,True,True,True,True,False,True,True,True,True,False,True,True,False,True,True,True,True,True,False,True,True,True,True,True,True,False,True,True,True,True,True,True,True,True,True,False,True,True,True,True,True,True,True,True,False,True,True,True,False,True,True,True,True,True,True,True,True,True,True,True,True,True,True,False,True,False,True,True,False,False,True,True,True,True,True,False,True,True,True,False,True,True,True,True,True,False,True,True,True,False,True,True,True,False,True,False,True,True,False,True,False,True,True,True,True,True,True,False,True,False,True,True,True,True,True,True,True,True,True,True,True,True,True,True,False,True,True,True,True,True,True,True,True,True,False,True,True,True,True,False,True,True,False,False,True,True,True,True,True,True,True,True,True,True,True,True,True,True,True,True,True,True,True,True,True,True,True,False,False,False,True,True,True,True,True,True,True,True,True,True,True,True,False,True,False,True,True,True,True,True,True,True,True,True,False,True,True,True,True,True,True,True,True,False,True,True,True,True,True,True,True,True,True,True,True,True,True,True,True,True,True,True,True,True,True,True,True,True,False,True,True,True,True,False,True,True,True,True,True,True,True,True,False,True,True,True,True,True,True,True,True,True,True,True,False,False,True,False,True,True,False,True,True,True,True,True,True,True,True,True,True,True,True,True,False,False,True,True,True,True,True,True,True,True,True,True,True,True,True,False,True,True,True,True,False,True,True,True,True,True,True,True,True,True,True,True,True,True,True,True,True,True,True,True,True,True,True,True,False,True,False,True,True,True,True,True,True,True,True,True,False,True,False,True,True,True,True,True,True,True,True,True,True,True,True,True,True,True,True,True,False,True,True,True,True,True,True,True,False,False,True,True,True,True,True,True,True,True,True,False,True,True,False,False,True,True,True,True,True,False,True,True,True,False,True,True,False,True,True,True,True,True,True,False,True,True,True,True,True,False,True,True,False,True,True,True,True,True,True,True,False,True,True,True,True,True,True,True,True,True,True,True,False,True,True,False,True,True,True,True,False,True,True,True,True,True,True,True,True,False,False,True,True,True,True,True,True,True,False,True,True,True,True,True,True,True,True,False,False,True,True,True,True,True,False,True,True,False,True,False,False,True,True,True,True,True,True,True,True,False,True,True,True,False,True,True,True,False,True,True,True,True,False,True,True,False,True,True,True,False,False,True,True,True,False,True,True,True,True,True,True,True,False,True,True,False,True,True,True,False,True,True,True,True,True,True,True,True,True,True,True,True,True,True,True,False,True,True,False,True,True,True,True,True,True,False,True,False,True,True,True,True,True,False,True,True,True,True,False,True,False,True,True,True,True,True,True,True,True,True,False,True,False,False,True,True,True,True,True,True,True,True,True,True,True,False,True,True,True,True,True,True,True,False,True,True,True,True,True,True,True,True,True,False,True,True,True,True,True,True,False,True,True,True,True,True,True,True,True,True,True,True,True,True,True,True,True,True,False,False,True,True,True,True,True,False,True,True,True,False,True,True,True,False,False,True,True,True,True,False,False,True,True,True,True,True,True,True,True,False,True,True,False,True,False,False,True,True,True,False,True,True,True,True,False,True,True,True,True,True,True,True,True,True,True,True,True,True,True,True,True,True,True,True,True,True,True,True,True,True,True,True,True,True,True,True,True,True,True,True,True,True,True,False,True,True,True,True,True,True,True,True,True,True,True,True,True,True,True,True,False,True,True,True,True,False,True,True,False,True,True,True,True,False,True,True,True,True,True,True,True,True,True,True,False,True,True,True,True,True,False
p2d-kl
0.5253069400787354
p2d-iter
599
p2d
1.430653,-1.2479126;-1.0502753,0.51873034;0.24180317,-0.8117298;1.3987397,-1.0433898;0.30850032,-1.490938;1.3051835,-1.1042699;-1.650544,-0.31801438;0.97410965,-0.38749987;-0.044802632,0.59483826;-0.27432454,0.864749;0.21461241,-1.2214745;-1.196311,-0.20793237;0.15719023,-0.02903896;1.0614349,1.3647382;-0.58594805,0.7945286;0.20448114,-0.9626819;-1.5851275,-0.37414414;0.17927067,-1.2008047;-0.46439093,0.41483155;0.055270556,0.3597198;1.2825044,-1.0442582;1.5620261,0.048229203;0.12245144,0.53946376;-1.002516,1.2176301;-0.6478747,0.9011818;1.335433,1.45803;1.4064959,1.5116624;0.13371481,-1.1561159;0.7796006,-0.5473634;-0.9327669,1.0965202;1.010381,-0.62978715;1.7458328,-0.06805811;0.30152845,-1.5412143;0.1705676,-1.0981274;-1.022608,-1.6408316;1.5370554,0.1356677;-0.94533575,-1.5844876;-0.85783935,0.08214829;0.1057705,-0.033592578;-0.04916555,0.1475041;-0.85509,-2.1745872;-1.2249521,0.7367614;-0.6633896,0.9074501;0.14153771,-0.12364312;-1.3744553,-0.19734547;-0.04973116,-0.29909703;-0.44267106,0.452729;-0.9438206,-2.212956;1.2041008,0.3321511;0.4918495,1.5117888;0.57533544,1.4999142;1.4429375,0.21368413;-0.87404954,-0.01410824;-0.5248163,0.5106192;-0.4533775,0.1595708;1.3629845,1.4778197;-0.088437624,-0.26360324;1.0771346,-0.5765185;0.89079964,-0.5634662;1.3517165,-0.783255;1.3924261,-1.1402693;1.2767559,0.26305437;-0.8605641,-2.2226996;-1.1996081,1.3502374;0.09088083,0.10867539;0.25053987,-1.5187457;-0.77622336,0.9084612;-1.0597334,1.4495437;1.5289392,-0.0614232;0.25265726,0.031936087;-1.6760894,-0.2573518;1.1846428,-0.75734717;-1.2108185,-0.13263279;0.4996881,1.4772851;-0.9913965,-1.956162;0.24366273,-1.4803249;-0.5515327,0.16370738;0.32192707,-1.5290545;0.77650696,-0.6032924;1.405038,0.07321154;-1.8483905,-0.39139336;-1.0159159,-1.7964495;1.1896317,1.5688757;0.22508198,-0.075547256;1.5053244,0.094844304;-1.7336661,-0.32865027;-1.9529631,-0.33238354;1.4197176,-1.2004447;0.25272325,-1.3952268;0.19780008,-1.4362488;-0.9053518,-2.225244;-1.0312096,-1.6924728;1.1995844,-0.8691394;-0.93574256,-1.6243552;-1.1121047,1.2637118;0.18033826,-0.87354505;0.07152429,-0.3553138;0.17574497,-1.2235202;0.81365913,1.2875923;-0.6165772,1.0384923;1.304861,1.6072656;-0.98388255,-1.5301821;1.0857577,0.089707196;-1.2046291,0.7560892;-0.81380564,0.89102626;1.1118913,-0.52864;0.50697666,1.4388826;-1.0765868,1.1557268;1.3898038,-0.2504988;0.9886921,1.516251;-0.81964064,-2.2650445;-0.8819146,1.1891783;0.17869125,-1.1730744;1.2915602,-1.1481383;0.7690803,-0.5886633;-0.90784377,0.0106695425;-0.43136954,0.34225288;-0.93560296,0.6240758;-0.6968653,0.49842736;-0.039842702,0.79465973;0.55912584,1.4906622;-0.9426264,-1.8538257;-0.30418354,0.91938436;0.85261774,-0.5479624;1.4214132,1.4790226;1.7336086,-0.093838714;-1.5680753,-0.36587092;0.09942167,0.065226436;-1.4549047,-0.25609794;-0.8960968,-1.73203;-1.6750116,-0.33401996;0.7762612,1.1803328;-0.9349118,-1.4412988;-0.8109889,0.2681569;-0.5998446,0.12326899;-0.8963769,-2.239456;1.3609264,-0.11706464;0.25915352,-1.2170075;-0.8986284,-1.4864188;-0.9609702,1.0762241;1.6805043,-0.082827166;1.2344762,-0.77512795;-0.1447615,0.7290433;0.71542126,-0.5153211;0.2960394,1.5333836;0.2545986,-1.3518225;-0.46119183,0.55992657;0.12149476,-1.2031721;0.18212788,-1.1480325;0.109245405,-0.22640945;-1.1018,-0.106252484;-1.3421625,-0.38709822;0.04025574,0.075573824;1.2899109,-0.19909231;0.73942363,1.4320275;-0.9721883,-1.8578246;-1.1562591,0.7524992;-0.3668644,0.61165017;1.1233468,0.34037617;1.0908332,-0.39617616;1.2272953,1.3862474;-0.06159557,0.29173422;0.7951625,1.427417;-0.9325608,-0.050265167;-1.0379423,0.45410836;-1.512947,-0.30612478;0.039772388,-0.011079247;0.14141339,-0.13953717;0.0711523,-0.29478756;1.0987765,1.5089173;1.4238153,0.0920135;0.064816736,0.5178958;-0.0034223974,0.11984471;-1.0026124,-1.4862409;-1.0404822,1.2717304;1.5448376,0.09452423;0.21777625,-1.0258689;0.8980648,1.4426955;1.0960271,0.27320132;-0.13549498,0.7793373;1.1469033,-0.9405353;0.080982395,0.4503384;1.0300084,-0.49381244;1.1628333,-0.9354417;0.93565106,1.3753334;-0.94662714,-2.1111584;1.7777479,-0.29537496;-1.2328299,0.6888644;0.11598186,-0.8482887;1.744612,-0.26921308;1.2198664,-1.0288285;0.30222648,-1.4661947;-1.628201,-0.45266867;1.2541955,-0.77681065;-0.54639596,0.8746084;-1.8229636,-0.3959135;-0.4972847,0.5306714;0.25645107,-0.028781172;-0.94394845,-1.5477768;0.39004043,1.5203559;1.0284942,-0.66921794;1.2411307,0.28123572;0.13946551,0.29947037;0.4232106,1.557594;0.84933627,-0.39884835;-0.90909606,-2.0901387;0.16290799,-0.65829456;1.4318419,-1.1507807;-1.1140901,1.1127979;-0.7958036,1.0134575;-0.96339154,-1.8102756;0.4627089,1.4784293;1.332832,-0.84279966;-0.6744517,1.2663754;-0.8156024,1.0827086;1.2626995,1.4341598;-0.94552404,-1.5024264;1.2806357,-1.0888042;1.4260615,-1.1303965;-0.7206153,0.98419344;-0.96772385,-1.7221427;1.2305555,-0.2986955;0.23415485,-1.1122116;0.28934985,-0.05318497;0.92939955,1.4924163;1.2004172,0.29238075;0.2582071,0.40393573;-1.3967292,-0.24662831;-0.9729775,-2.1095986;-0.8482744,0.5743132;1.2068863,0.27136472;-1.1146343,1.2283789;0.8906009,-0.62635905;1.4122472,0.037483104;-0.13465051,0.82489485;1.0104531,1.551526;-0.2259534,0.34334528;-1.134997,1.4892076;0.6416187,1.5050138;-0.33730537,0.6750613;1.0866653,-0.526374;0.2876745,-1.4019748;-1.5701399,-0.39736912;-0.63725215,0.8137775;0.22932452,-0.89767826;0.21502113,-1.4256976;-1.9989307,-0.43308988;-0.5727131,0.14625138;-0.9209932,0.73038465;-1.3073988,-0.1301416;0.4249732,1.5160242;-0.35725847,0.68353087;-1.107651,-1.515662;-1.1514921,1.4727074;1.2484219,1.5748919;0.7787516,1.510539;1.4692158,0.19267485;-0.5775905,1.1207014;0.04374786,-0.41553378;-1.8924897,-0.34275866;-1.9338456,-0.37840697;1.1354272,0.31199396;1.0999578,-0.58129215;1.4852463,0.18813619;0.116220675,0.06631347;-0.96604353,-1.7900497;-1.2199541,-0.269917;1.2079006,1.5261431;-0.1811947,0.13898998;0.37062302,1.4304761;0.23399752,-1.3963128;1.0666484,0.1327979;0.046264917,0.51696974;0.23948455,-1.0831136;0.024163103,0.07004477;1.2098191,0.15992713;-0.9083069,0.82940036;1.426411,-1.1651663;1.56829,-0.29895777;-0.95533407,-1.9523059;-0.8555354,-2.1720796;-1.126183,-0.11901231;0.16303875,0.7241771;-0.21593021,0.6826986;-1.9098309,-0.43533352;1.4573967,0.17049253;-1.061668,0.56770295;-1.0837839,1.412215;-1.5103027,-0.36011764;-1.0113941,-1.5678842;0.23734269,-1.5041381;-0.4730263,0.2920457;0.62517405,1.4820591;0.14410467,-1.2069883;0.2826625,-1.5269696;-1.1563447,-0.2583145;-0.5492234,0.3630151;-0.5791081,0.92641884;1.3261791,-0.8026501;-0.9000258,-1.4921802;-0.92492604,-2.126298;-1.1866815,1.3836797;-0.42558196,0.41772726;1.5993026,0.017042173;1.2442334,-0.16340101;-0.9730517,0.054720774;-1.07556,-1.892564;0.2938816,0.3955554;-1.1020963,1.4613903;0.12780245,-0.38272062;-1.233895,-0.16948475;-0.32646936,0.4032728;-0.5589851,1.1216453;0.8524373,1.4165049;-0.5096046,0.8615873;1.5964401,0.04737268;0.34033576,1.5322121;1.3843752,0.15228692;0.2795866,-0.08632085;-0.6546017,0.073650636;-1.8121446,-0.38897964;0.29032478,-1.591912;-0.9573734,0.7877292;-1.7421398,-0.5064392;-0.23559436,0.4773035;-0.8970355,-1.9364042;1.3923407,1.4527391;-1.6974955,-0.41587177;-0.056025006,-0.14999528;0.98170453,1.3252838;0.21026404,-0.9757342;1.3996805,0.16503559;0.32752356,-0.049447678;0.8385416,1.1994295;-0.12578924,0.45805588;1.7116456,-0.21326157;1.0907408,-0.8192025;-1.0822155,1.3628285;1.3021537,-0.9960743;-1.1188128,1.5314294;1.3611977,-1.1902149;-1.3678151,-0.23820864;0.17083153,0.7228112;0.32207313,-1.4194679;-1.1733586,-0.15526356;1.419899,0.19365063;0.44208947,-0.07902236;1.1075236,-0.7666902;-0.55986875,0.9296627;0.30078956,-1.6325107;1.4524864,1.5253105;-0.41673142,0.46312192;-1.6173877,-0.4186537;0.8327662,1.5489811;-0.6462748,1.0648922;-0.9757784,-1.6088147;1.72912,-0.061878126;0.978267,-0.5246289;-1.6753321,-0.30970126;1.1607897,-0.8558749;-1.6300343,-0.48617086;-1.1098028,-1.4920161;-0.9138893,0.12126022;-0.5178078,0.17465554;-1.146259,1.3014728;-2.0309563,-0.36762026;0.092078075,-0.11239059;1.0035609,-0.3562106;1.3604424,-1.0045273;-0.8711041,0.7664936;1.1241629,-0.9132473;-0.22579572,0.8629013;-0.88059795,0.028205046;-0.60544497,0.8261759;1.4892435,0.14092594;0.749702,1.4337659;0.23552264,-1.5392954;-1.0670056,-1.5119672;-0.8310097,0.7105434;1.1478434,1.4002281;-0.89389503,-2.1698046;-1.1509604,1.4503833;-1.0487056,1.4283556;0.044674136,0.5969902;0.099914856,0.54737514;0.022678291,-0.367195;1.4439222,-0.07047082;1.2677017,0.24708988;-0.12000825,0.8378101;0.7441359,-0.5812182;0.22129868,-1.3454789;1.1381081,-0.7984874;-1.0642762,0.46170133;0.42267746,1.4723042;1.4660506,-0.26982465;1.435194,0.07600036;1.118303,1.2321583;1.7865964,-0.32360947;-0.91175133,-1.812615;-1.1883082,0.7442295;0.78158367,1.5123568;-2.0250003,-0.41314936;1.2693555,1.4123082;0.09678308,-0.77321786;1.2291524,0.19200467;-0.047303755,-0.22554074;0.7578341,-0.3303664;0.19132237,0.43523496;0.028575065,0.561333;0.0907542,-0.8009435;1.3634785,1.5976299;-1.1203983,-0.11752532;-1.0016046,-1.8403525;0.2164413,0.48380762;1.1796528,0.2201488;0.35292408,1.4853451;-0.23925091,0.37282962;0.086284205,-0.38568687;0.7171215,-0.26539603;-0.9570256,-1.4256564;0.004479534,0.44601068;0.15292834,-0.0819781;-0.90325105,-2.0922527;-0.5473571,1.094537;0.86358565,1.4965587;0.1424049,-0.77704793;-0.9417123,0.7866473;0.087501384,0.76885587;1.3265837,1.582488;-0.4066661,0.83126676;1.6238312,-0.19674248;0.15822972,-0.6701538;0.15704069,-0.80551606;-0.32144335,0.535255;1.6146234,-0.06403093;-1.8015718,-0.34359363;-0.73243886,1.0803696;-0.9340085,0.67198884;-0.47291526,0.83506143;-0.4575216,0.72312504;1.3681065,1.4951203;1.3323452,-0.82455754;0.13079286,0.160935;-0.7973355,0.06826955;0.88921416,1.56582;-0.8228701,0.13125096;-0.2976768,0.5315827;1.1187863,-0.5760147;-0.81704664,0.23159747;0.3020658,-1.6478661;0.2539836,-1.3631248;-0.8079324,0.7748609;0.2584095,-1.6175034;-1.1568472,-0.22907303;-1.0429103,-1.608947;0.21296509,-1.1926256;0.66289157,1.47837;1.3902429,-1.0262415;-1.129352,-0.23053806;1.3036642,-1.0816579;-0.9512177,-1.7274599;-0.89602304,0.9955371;-0.3551056,0.6146408;1.6301258,0.045636848;-1.379184,-0.31976518;-1.8503453,-0.39750314;1.098194,1.5242695;-0.7585378,1.0528557;0.39942992,1.4533135;1.5721277,-0.016353497;1.4362373,-1.214848;1.6173623,-0.12307907;0.19177364,0.5441608;1.1600041,-0.16329205;0.2242467,-1.4882942;-1.237713,-0.2744729;-0.9690207,-1.9041398;0.15058187,-0.48272172;-1.3755832,-0.28654575;-1.0338243,-1.5114902;1.4043105,1.4752867;-0.47667333,0.5669745;1.3522537,-0.73946404;1.1696215,-0.16770151;-1.2054156,-0.29547212;0.385839,1.4680598;-1.03753,-1.9643221;1.0528767,-0.37354204;0.8390188,1.4036688;0.67559403,-0.7347116;0.25651595,-1.4830472;0.8141244,1.5234768;-0.38052073,0.6485513;-0.2752621,0.34408528;-0.15003468,0.31212986;0.17299592,-0.73240626;0.18227114,0.31748876;1.049341,1.5038059;1.0724794,-0.36144143;-0.19525132,0.6439951;0.18001059,-1.0352705;-0.6643817,0.14380096;-0.9043176,0.58401906;0.9479198,-0.667297;-1.1301222,-1.570086;0.2648566,-1.4188335;0.8654961,1.3730178;0.14470224,0.739062;0.2722995,0.38343862;0.8136837,1.358402;1.0156834,1.5346885;1.1049473,0.2948966;1.1539811,1.4175514;0.16366889,0.35505638;0.25706056,0.06945454;-0.8746431,-2.2522044;-1.1997013,1.4594009;-0.638159,0.6754591;0.9836071,-0.42311433;-1.228278,0.7037533;1.5185689,0.005575869;1.6081582,-0.26664883;0.9649588,-0.65540695;-0.3349899,0.86533195;-1.2838577,-0.2939245;1.2862352,-1.1094941;1.3851758,0.1635662;-1.7034768,-0.5060509;0.14340198,0.043005895;1.0741175,-0.46071702;-1.9834223,-0.3813341;-0.021524042,0.21523204;-1.6443067,-0.25752977;-0.4038434,0.7719947;-1.0555724,0.4154476;-1.8463293,-0.35172006;1.358839,1.5988052;1.0972025,-0.8871533;-0.16845861,0.7320969;1.2030728,1.5320715;-1.6790698,-0.3832904;1.650579,-0.22404644;1.0397961,-0.42601871;1.1956956,-0.9523311;0.24131678,-1.1553735;-1.6800085,-0.281315;0.09223907,-0.49889395;-0.5652596,0.5338652;1.1176894,-0.73045456;0.5751175,1.4361826;1.4704632,1.533689;-0.915876,-1.4456931;1.0450914,0.08460768;0.98351794,1.1913218;0.1225908,-1.1831827;1.2550058,-1.0847411;-0.10429192,-0.23971854;-0.19392042,0.47326747;0.7868409,1.1689373;-1.0252182,0.5006865;-1.4155087,-0.19036062;0.893099,1.5211612;-0.80482477,0.02858399;0.10735984,-0.8728906;0.8305241,1.3803896;-0.9038675,-2.277679;-1.099113,0.9077691;-0.51597834,0.28879434;0.2757997,1.470184;-0.1374912,0.4803098;1.2871394,1.5077235;-0.34591487,0.4060881;-0.53595567,0.5208937;-0.84940237,1.1843373;0.07902415,0.35056007;-0.86379635,-2.1893833;1.0511502,1.554458;1.3477553,-0.85521245;-0.19018862,0.3711323;-0.9914261,1.4052714;1.4308618,-1.2318517;-0.03000654,0.17774323;-1.4891949,-0.4146609;-0.7783503,0.62093395;0.42054194,1.5298115;1.2432625,1.4368292;-0.83029985,0.19401646;0.79021436,-0.32035124;0.8918403,1.3583691;-0.6835877,1.2363067;1.6839281,-0.11485156;0.996781,-0.5433323;1.5959753,0.058543902;-1.6224815,-0.38709277;-1.1202452,-1.5587496;-0.9327114,-2.158156;1.3135526,-0.17310925;-0.19546591,0.7309259;0.1023333,0.16614889;0.34561497,1.496699;1.2672797,1.580502;0.4937151,1.5087503;-0.06318064,-0.26742664;0.17097016,-1.5097244;1.2779952,0.22323424;-1.7898701,-0.3150083;0.07912773,-0.39909872;0.71644855,-0.2727785;0.8011028,-0.50820863;-0.2050009,0.38432267;0.2115961,-1.3816464;0.19653764,-0.079900205;-0.90524256,1.1053064;-0.73742783,0.719455;-0.94870657,-2.0489697;1.7680433,-0.29960936;0.09603969,-0.46813294;0.9697037,-0.33976373;-0.49838787,0.8466963;-0.13540055,0.88320065;-1.5848024,-0.3867569;1.6024907,-0.2607755;-0.39420566,0.8184679;-0.622671,0.40645093;-0.893082,-1.5823809;-0.40807348,0.54535705;-0.951054,-1.6966634;-1.0517557,1.182029;0.3895579,1.495948;-0.6082227,1.1062323;-0.9038675,-2.277679;1.2895658,1.6028264;-0.7998498,1.2188684;0.15053165,-0.70936227;0.05230171,-0.79929644;-1.3353226,-0.36663678;-0.67987096,0.115007564;0.13057016,-0.5229272;0.0105709415,0.55130565;-1.0865021,0.5490653;-0.85515875,0.16596761;-0.25014833,0.31329957;0.72180736,1.3856634;1.438155,-0.3135746;-0.8401248,1.0781835;-1.1848824,-0.24225862;1.0720687,-0.4772112;1.6314821,-0.058099914;0.11399983,-0.41562814;-0.8949954,1.1174787;-1.0029562,-2.0257194;-1.439324,-0.2634844;0.14884552,-1.0343299;0.15623781,-0.8495665;-1.1724583,-0.19891779;-0.8899406,-2.2131488;0.21492293,-0.8448541;-0.85044867,1.1579599;-2.0820827,-0.40875402;0.18578859,-1.2994238;0.06447875,-0.42883533;-0.560396,0.94294244;-0.8802857,0.0032194848;0.88234955,1.3047425;-0.60728985,1.1155704;-0.9665918,-1.5431724;0.17332707,0.44741222;1.1502559,0.32635164;0.4166654,0.061645143;-0.53104764,0.81089616;0.74800605,1.503111;-0.37000686,0.67395186;1.4881552,-0.23127438;-0.9985028,1.076895;0.17097232,-0.099828854;-0.92233306,-1.9341129;1.1474751,0.32834795;1.2623717,-1.0515943;0.22505449,0.35143647;-1.1377639,1.5325246;0.18755749,-1.0487967;-0.52213573,0.2964033;0.2152404,-1.5783949;1.4223242,-0.09403108;-0.86664087,0.5438696;-1.5076996,-0.309734;-0.94914037,-1.6457963;-0.93401986,0.81433624;-1.0540807,-1.5406618;1.0582464,-0.50489753;-1.9142706,-0.35036963;-0.9012887,-2.0795789;-1.0205836,0.94069034;1.5122936,-0.20576239;-1.2504213,-0.29544103;-1.5738612,-0.22284855;-0.7223264,0.67033863;-1.0996041,1.4783012;0.23391236,-1.132119;0.6521813,1.1763066;1.2117007,-0.79185826;0.022332909,0.44558886;-0.91245806,-2.006341;-0.93808156,0.8556007;0.1420401,0.69730127;1.425136,-1.23568;-0.03063946,0.005672789;-1.050485,0.4163702;-0.9933368,1.2113516;-0.46409038,0.41684198;-1.714947,-0.2518802;-1.278302,-0.20562829;0.07744389,-0.35302278;0.14065261,-0.90957135;1.1950722,-0.69943017;-1.8696423,-0.32087803;1.0686909,-0.45575333;1.4130177,0.089510806;0.42901334,-0.076292776;0.26040706,0.39615503;-1.4554092,-0.28901154;1.2158114,-0.9809303;0.81694233,-0.29488397;1.7399516,-0.20176598;0.076383166,0.5635786;-0.955344,-0.051195607;0.98995304,0.0388318;-0.86649066,-2.0874417;-1.1981078,-0.23640902;-1.0852044,-1.5401777;1.3565345,1.4809248;-0.6462674,1.1714664;0.17294711,0.11500635;1.5623467,0.04883714;-0.40494204,0.76873904;1.2361189,-1.0317503;-0.93394357,-1.6518695;-0.93702346,-2.128657;-0.86768734,0.5381128;0.11934629,-0.24313906;-1.8600374,-0.3077219;-0.805352,0.8507144;0.10275483,-0.0028535023;-1.0029498,1.1743275;-1.0222809,-2.0794914;0.9633794,1.369711;-0.979431,-1.8544452;1.1394105,-0.83337563;1.3202695,-0.16568954;0.21561722,-0.9474638;1.1401858,0.25929683;-0.5850853,0.9634984;1.1156955,-0.65477836;1.3140715,1.5349339;-0.2903237,0.392902;-1.9832348,-0.3518249;0.87638044,-0.6585107;1.4736109,-0.16782296;-1.1393552,1.4343759;-1.0136908,-1.9240083;1.5933102,-0.22633055;1.1536754,1.3736467;-1.1739916,1.4157764;-1.2188196,0.7492001;0.86936915,-0.6108772;0.027784972,-0.37569845;-1.1364495,1.3378875;-0.077143006,-0.23136708;1.0035143,-0.3623504;1.0336486,1.3571464;-1.0361816,0.50059444;1.3933505,1.5263331;1.5742896,0.08094563;0.18757647,0.41051447;-0.8531747,1.2067206;0.21478492,-1.2702118;-0.9863038,-2.1183703;-0.802415,0.53135324;-0.9965382,1.0299873;1.5526345,-0.06893134;1.1713626,1.4386678;1.0919701,0.33943033;0.10917338,0.3733377;-1.0872896,0.55005187;-0.98814213,0.98334605;1.581714,-0.2050575;-0.91861784,0.8011123;0.82839215,-0.5633447;-1.0995969,1.4974166;-0.6996633,0.82301426;-2.0707085,-0.39623874;-0.77054024,0.88174736;-1.206634,1.5232275;0.095826335,0.58284587;-1.9465996,-0.40488213;1.7201607,-0.2546593;0.44809994,0.07223384;-1.0574481,1.3162987;1.4550842,-0.27825168;-1.0434132,1.3886111;1.2599837,-0.8077283;-1.1217023,0.9104547;1.7051054,-0.25631654;-0.5967591,1.0524675;1.7247603,-0.25981325;-1.7786739,-0.38700318;0.9123856,1.5561153;-0.4294165,0.8205553;0.260511,0.16346024;-0.009297986,0.2748139;-1.8333722,-0.34607038;-0.7932085,0.90892076;-0.4534104,0.6885747;1.0783672,-0.523046;0.81221175,-0.34505904;1.1140916,0.2080166;1.1733162,0.2817802;0.2602406,-0.81601614;-0.82981116,0.06424705;0.3559162,-0.0025214804;-1.8834858,-0.37119678;-0.9268519,1.0850612;-0.9048343,-1.879683;1.1295213,-0.8397593;-0.45254418,0.68113786;1.6337558,0.0077030393;-1.1337426,0.92916125;1.3121642,1.5712398;-1.0992341,0.9829002;0.15986738,-1.5423013;-1.651785,-0.2776579;-1.0856813,-1.7329923;-1.1355793,1.3839276;-0.09001803,-0.25688836;0.542273,1.4697047;-0.92393106,-1.8710096;-1.0424143,1.1704615;-1.0894406,1.1795629;1.3835223,-0.22185396;-0.15225193,0.71850014;-1.7118771,-0.3216441;-0.6334849,0.08379865;-0.9361259,1.1062001;0.2769007,-1.4596375;-0.6483706,1.0275613;1.3572623,1.4401839;1.0882351,1.398903;-0.83795047,1.0120008;0.068395674,0.123093605;-0.96032935,0.9313935;1.149792,1.3902189;1.0130966,-0.3284643;-1.0426081,0.97808874;0.37032244,1.458972;1.1702579,1.3394866;0.47435707,1.4598538;0.784348,1.1903507;0.8147566,1.4893361;0.20701322,-0.93037295;1.2507806,0.22836299;-0.9699611,-1.7713681;-0.85823166,0.051487032;1.3171192,0.1824794;0.15518051,-0.6312745;1.4428873,-1.2249117;-2.0311131,-0.3683501;0.7378414,1.4974248;-0.57633287,0.49988016;-0.599105,0.053721618;1.0791415,-0.5938311;1.3956991,1.4970715;-1.721585,-0.3486886;1.3091269,-1.1001558;-0.1657622,0.6896342;0.02419878,0.4487283;-1.806344,-0.3019153;-0.70824444,0.65722644;0.07711103,-0.2874941;-0.45177567,0.42488426;1.0194265,0.07827454;0.96221215,1.542856;1.1941495,-0.71306837;0.3210876,-0.09047271;-0.89051884,1.1569031;0.13082471,0.08526467;1.208265,1.6007779;0.77390355,1.4462495;1.0711896,-0.39158174;0.044696603,0.38495114;-1.1571895,1.5102834;-1.2468129,-0.27637008;1.416735,0.17614725;-1.366943,-0.29759672;1.2752451,-0.6040459;1.3815107,-0.17669995;1.7123348,-0.06241365;-0.8393852,0.10864923;1.3282875,-1.1408405;-0.5139396,0.13430434;0.20077914,0.34399033;-0.8152856,-2.2685711;-0.24574508,0.8683495;-1.3054874,-0.21667524;-0.59126407,0.80546623;0.12658091,-0.26466063;-1.735736,-0.24846023;0.2372864,-1.5416867;-0.78870577,1.1107918;0.023365645,0.20863268;0.14749439,0.70781296;1.1926519,1.360707;1.309611,1.4441506;-0.11398472,0.851734;-1.1044976,1.4283864;-2.0455978,-0.40258083;0.23047367,-1.3210392;1.3081799,-1.0339032;-1.3948157,-0.30071014;-0.7512586,0.71006846;0.26360407,0.06951097;-0.9953844,0.594409;1.4209434,-1.073878;1.2658609,-0.77175486;0.28655624,-1.4295224;1.0301685,1.4515256;-0.9739395,-1.4470941;-0.0045567383,0.8051488;0.20730612,-0.88694733;0.11468549,0.7108851;-0.92289406,-1.9775853;1.5701202,-0.23694807;1.0963051,0.014371429;-0.20526505,0.48903376;1.2348129,0.21515897;0.15269296,-0.62347436;1.2089312,-0.99213296;0.13295469,0.14618324;-0.5568626,0.73261136;-0.78396046,1.2021037;-0.33091885,0.7920445;1.1149535,1.5852377;0.85656273,0.075471945;1.1631243,0.111938044;0.08640514,-0.41962168;0.9015469,-0.61244917;1.6904975,-0.03307284;-0.91723496,-1.8919975;-0.97040284,-1.5933601;-0.8278455,0.92418915;0.9928567,1.19915;1.3881382,-1.1556705;0.31275007,-1.5713103;-0.4825718,0.47138265;-0.50724363,0.5256072;-0.10385063,0.73145306;1.646329,-0.22284988;0.16955124,-0.7994599;-1.2074654,-0.35774046;-0.6204729,0.4061621;0.4542165,1.4959579;1.2329062,-1.039565;-0.64473397,1.1895092;-1.1886322,1.5037593;0.88991755,1.3341346;-1.2156124,-0.32534054;-0.8487629,0.010274007;-0.9048827,-1.9977041;-0.99587417,0.51902246;1.038597,-0.4749884;-0.19711506,0.82476133;-0.9838456,-1.8945547;0.17956617,-0.9932312;-1.0802201,-1.7250117;1.0301698,-0.5552188;-0.9889775,0.47803125;0.98691213,1.3227487;1.449703,-0.2001536;-1.0708504,1.4763286;-0.6539708,0.6692362;1.1668625,-0.880697;0.15862326,-0.68766725;-1.0005534,-1.597469;-1.1827291,1.4466119;1.0520183,0.06409284;-0.81858885,0.15206465;-1.099891,-0.18605754;-0.74965847,0.8065624;1.0517564,0.06780488;-0.9644309,-2.0423474;-0.837062,-2.270355;-1.724421,-0.35254684;0.27833182,-1.6027627;-1.6262952,-0.4658692;0.3890628,-0.021236232;-1.2465394,-0.32793596;0.22847562,-1.4621276;1.0540906,-0.70671153;1.4488915,-0.24955605;-1.0681242,-1.9200865;-0.87304616,0.65722287
p3d-kl
0.4137134253978729
p3d-iter
599
p3d
-2.001891,0.32949185,0.2088139;1.1771051,-0.4912408,0.27368778;-0.9057651,-0.3735401,0.7494795;-1.7153625,0.48532286,0.058997843;-1.7363627,-0.95109147,1.314926;-1.8359624,0.4739329,-0.23684661;-0.21630006,-2.4065418,0.025292188;-0.96517813,0.20269103,-1.0328444;0.35640284,0.6636083,0.4994758;0.77869415,0.8717122,0.8377444;-1.3352579,-0.8579804,1.1546452;0.13809623,-1.5338367,0.17245513;-0.18187244,0.120519854,0.15100692;-0.21463847,0.73120135,-1.6119691;0.6908372,0.17850897,1.061652;-1.0628929,-0.61684525,0.8568407;-0.28490043,-2.1828182,0.065658495;-1.3065591,-0.923681,1.0826681;0.4134356,0.1604338,0.5538623;0.07568177,0.48648193,0.27358204;-1.765206,0.52580416,-0.3195649;-0.8838336,1.7268194,0.38082975;0.2017943,0.89731723,0.32410705;1.4341878,-0.2435959,1.390316;0.981162,0.23396964,0.9745892;-0.4737029,0.65303874,-2.1763892;-0.5344747,0.5697769,-2.3610384;-1.2841722,-0.9424389,0.8967077;-0.83639425,0.42085236,-0.12284764;1.2038081,-0.19316708,1.6060642;-1.1155021,0.43228033,-0.4785116;-1.1783093,1.8009201,0.37938547;-1.7994941,-0.9248429,1.4551054;-1.1768816,-0.80782807,1.0623877;1.3533931,-0.5618779,-0.9562377;-0.7814478,1.814811,0.27415833;1.4102455,-0.53250813,-0.7423684;0.40249306,-0.9264755,0.5151505;-0.12569407,0.008609186,0.025047971;0.16198225,0.25505275,-0.43090343;1.9161514,0.018488487,-1.8844491;0.6681907,-0.8565614,1.0972865;1.0034121,0.20526108,0.9836424;-0.24730812,-0.052597415,0.017608322;-0.10456756,-1.7350291,0.20068894;-0.21097818,-0.37529036,0.5114741;0.43247247,0.30319512,0.63582426;1.8055007,0.04911125,-2.028505;-0.27452436,1.533077,0.3405691;0.52293545,0.84442216,-1.4341342;0.41600958,0.8033366,-1.5370713;-0.6254749,1.7676344,0.18077411;0.28224838,-1.048096,0.39941257;0.5436486,0.058252484,0.71053785;0.11751876,-0.12589665,0.32534793;-0.4946745,0.6237354,-2.2555356;-0.13130975,-0.37455142,0.51939714;-1.21598,0.37113476,-0.79916173;-0.9505281,0.56625986,-0.24838898;-1.4257419,0.7525769,-0.042594492;-1.8679869,0.4159014,0.050598092;-0.41595364,1.556121,0.3290667;1.9177601,0.107582316,-1.9864802;1.5165117,0.032102298,1.9747727;0.03392249,0.17542084,0.032570295;-1.7211924,-1.0238197,1.5217559;0.8666547,-0.12152766,1.38345;1.6594188,0.25802553,1.6571383;-0.94302356,1.4465549,0.49880126;-0.1766031,0.24026741,-0.3263849;-0.1420602,-2.50854,-0.012680383;-1.3092293,0.47324872,-0.23048952;0.11497863,-1.5346278,0.37511122;0.5112642,0.76968336,-1.4229499;1.6127584,-0.18387608,-1.4584954;-1.6676471,-0.97396857,1.5354772;0.20078945,-0.33339438,0.47486708;-1.7894953,-0.8710943,1.4715852;-0.8953172,0.43261528,-0.0008984242;-0.69125086,1.5614326,0.55266094;-0.44757065,-2.6779702,-0.09518976;1.5028746,-0.38484213,-1.2273332;-0.23622999,0.36546862,-2.1800551;-0.25901017,0.15387152,-0.072339326;-0.7792998,1.794846,0.4730052;-0.28486025,-2.544264,0.01954084;-0.5001042,-2.923945,-0.0020244797;-1.953324,0.36479753,0.15677777;-1.5750682,-0.89469904,1.3246545;-1.5843295,-0.9193317,1.52489;1.8752356,0.14779201,-1.9752902;1.5964386,-0.6698426,-0.9163096;-1.4365902,0.69463664,-0.43825245;1.4980674,-0.49273953,-0.7242128;1.4325166,-0.02041721,1.681326;-0.98172534,-0.5561549,0.6783807;-0.38135594,-0.30677038,0.32587418;-1.3455544,-0.9314217,1.0600652;0.05140292,0.6580014,-1.1774685;0.9705167,0.46874148,1.4544836;-0.33249298,0.42747122,-2.43034;1.4511505,-0.61522335,-0.5712059;-0.44061348,1.1275725,-0.05868382;0.69020396,-0.80613923,1.1250151;0.9362775,-0.16868088,1.2913805;-1.1609536,0.53519917,-0.8517799;0.47835484,0.766459,-1.3084422;1.404648,-0.044941243,1.3538318;-0.928949,1.0862074,-0.086288504;-0.03684084,0.6339733,-1.9619633;1.9807913,0.116799794,-2.1339004;1.0990953,-0.004792857,1.7911359;-1.2638009,-0.90201813,1.0620365;-1.8891159,0.5344576,-0.22119284;-0.87158656,0.40056208,-0.02559909;0.31126484,-1.0909984,0.45322517;0.34753254,0.46461633,0.5678599;1.0090015,-0.52557796,0.6748716;0.6766465,-0.30818725,0.57678765;0.4794275,1.1260713,0.7358729;0.43179002,0.79325193,-1.490546;1.6293728,-0.281616,-1.2315236;0.90916383,0.8285524,0.60863304;-0.8950134,0.5141969,-0.2161377;-0.55553466,0.6292077,-2.328456;-1.1886435,1.7472631,0.3613612;-0.2627982,-2.161109,0.05437995;-0.02255962,0.2791276,0.08710555;-0.061206877,-2.0624013,0.14843844;1.40406,-0.41517544,-1.1297814;-0.22964731,-2.4608014,0.1303603;0.058017474,0.62704295,-0.82441026;1.2990023,-0.5944772,-0.3599311;0.5882986,-0.5875706,0.7702168;0.21519764,-0.46522266,0.42041072;1.8847976,0.15585862,-2.0132384;-0.7909701,1.163426,0.10700742;-1.3723907,-0.73359966,1.1365591;1.3064398,-0.50903976,-0.5015222;1.2170347,-0.25729033,1.5081426;-1.1214397,1.6879591,0.33751944;-1.3576437,0.4116306,-0.10624145;0.4802796,0.7955386,0.73204064;-0.72512794,0.45713305,-0.010810516;0.80061054,0.91448265,-1.2357854;-1.5198619,-0.8764236,1.2926865;0.61114913,0.11768322,0.53273994;-1.3169047,-1.0285674,0.9585789;-1.2682205,-0.85056776,1.0001601;-0.29075447,-0.33534577,-0.016036185;0.25848937,-1.4727948,0.4052007;0.02974193,-1.9662889,-0.21937604;0.0767925,-0.026450982,-0.03131786;-0.79135805,0.93999314,-0.037472412;0.16993308,0.8586849,-1.5880734;1.5962502,-0.3275487,-1.2898691;0.71048504,-0.7151246,1.0786583;0.75806934,0.3428733,0.22940771;-0.1725674,1.5161356,0.21501698;-0.9636495,0.55163264,-1.029516;-0.4004669,0.53979963,-1.8389435;0.3084914,0.32334566,-0.08092741;0.15463677,0.6763126,-1.5347803;0.25727186,-1.199253,0.33067843;1.1946181,-0.4120626,0.10434866;-0.118413955,-2.1310086,0.005994217;-0.075856455,-0.08289689,-0.14286885;-0.26478514,-0.0962804,-0.005884055;-0.30640486,-0.3481841,0.20126165;-0.14967969,0.3575952,-1.9335796;-0.6921753,1.610314,0.5080143;0.20643194,0.7379658,0.3883819;0.022457201,0.28089148,0.19587514;1.4314343,-0.7266858,-0.4985168;1.5100255,-0.1195187,1.514077;-0.8173418,1.770721,0.34792253;-1.1336137,-0.68366444,0.95882046;0.01906697,0.62844265,-1.664835;-0.2205651,1.4509354,0.050748747;0.55903804,0.8869139,0.66557354;-1.5495875,0.43725726,-0.5683324;0.082593545,0.70238066,0.49501976;-1.044441,0.5183926,-0.814929;-1.551585,0.46867058,-0.53360075;-0.07158712,0.5262164,-1.4849116;1.7814378,0.028676353,-1.7035939;-1.4331411,1.3996071,0.28702402;0.61409146,-0.88213134,0.9664852;-1.0187937,-0.51999,0.481529;-1.367645,1.4177676,0.2666826;-1.6954108,0.42602047,-0.39398262;-1.7023419,-0.9050474,1.3357487;-0.38714775,-2.2188513,-0.06951438;-1.3700536,0.43013433,-0.068090454;0.8982039,0.32600793,0.96946454;-0.44101337,-2.6942496,0.035046645;0.53761595,0.17319293,0.6956917;-0.27173752,0.1941949,-0.22440977;1.3472288,-0.6232143,-0.6919246;0.63317204,0.87118274,-1.2478034;-1.1697229,0.4171142,-0.4090095;-0.36047783,1.6588074,0.24414985;0.019904003,0.5131753,0.045300625;0.61496687,0.9825381,-1.3704487;-0.79046124,0.47782418,-0.64524037;1.8073916,-0.0728797,-1.6973927;-0.7381859,-0.40404356,0.46776527;-1.8742092,0.40546528,0.14505264;1.4419289,0.008105286,1.1278775;1.1841108,0.1399721,1.1496366;1.5651075,-0.34699428,-1.1788819;0.5665714,0.7682304,-1.444035;-1.4972259,0.58556116,1.9738382e-05;1.3964761,0.35084113,1.2373855;1.1087495,0.08593498,1.5243524;-0.40231606,0.6318463,-1.9993612;1.3927127,-0.5676066,-0.5101945;-1.8158429,0.47431415,-0.28232706;-1.848714,0.41921926,0.13125484;1.1623029,0.19566196,1.0150617;1.5490834,-0.47141126,-0.9783656;-0.91811484,0.74819094,-0.28033936;-1.2827693,-0.6742962,0.9529261;-0.3072027,0.27447036,-0.098159805;0.028825114,0.6646254,-1.8572137;-0.30113107,1.6166277,0.20910518;0.21161577,0.7886926,-0.25014356;-0.020012785,-1.9474132,0.17789677;1.7600765,0.074359946,-1.6609633;0.88663256,-0.4875227,0.6095569;-0.3308524,1.537985,0.2432039;1.3472333,-0.019361647,1.6793684;-1.0060711,0.38837242,-0.23329319;-0.73012924,1.4926865,0.5620926;0.6030417,0.9945222,0.63533556;-0.05233875,0.59590805,-2.0465117;0.5153145,0.18443172,-0.20419388;1.6994753,0.21951596,1.8921767;0.34680825,0.66412735,-1.5684546;0.6878637,0.5530162,0.38579395;-1.1493592,0.438144,-0.86330694;-1.6235858,-0.8592833,1.2852225;-0.29608962,-2.1557016,0.049898542;0.7231819,0.079670526,1.1240631;-0.9762379,-0.5354417,0.81895465;-1.5818753,-1.0061916,1.4019374;-0.59969896,-2.9556012,-0.27397397;0.20316847,-0.39567032,0.4517924;1.0863729,-0.48343176,0.898201;-0.071308844,-1.5726129,0.32493407;0.62285674,0.8759896,-1.3857461;0.759312,0.5212728,0.34844488;1.3811845,-0.94925195,-0.75889975;1.6509815,0.17398159,1.9414985;-0.29403773,0.4163116,-2.283337;0.19720225,0.678783,-1.7562525;-0.66930115,1.803296,0.22431016;1.1083088,0.52308875,1.2629415;-0.4338599,-0.43272573,0.4185461;-0.42369115,-2.8468485,-0.090590626;-0.49254584,-2.8886333,-0.16428222;-0.21215294,1.5156732,0.18833649;-1.2413491,0.4391637,-0.78033185;-0.68411547,1.7081805,0.16097924;-0.031642254,0.26950604,0.033990253;1.5462811,-0.39045566,-1.1511495;0.09623185,-1.6428906,-0.0024538583;-0.31526896,0.3041147,-2.0717895;1.1455657,-0.538819,-0.10880392;0.69186807,0.6612159,-1.2954582;-1.5747797,-0.94746417,1.2865967;-0.37326664,1.1477087,-0.03337308;0.19516523,0.69085395,0.3718205;-1.2486993,-0.6573455,0.8947268;0.089824446,-0.03156763,0.1434158;-0.4806758,1.4195749,0.0850667;1.0097587,-0.48521364,1.1566608;-1.8928022,0.39609542,0.13994455;-1.2135096,1.1395054,-0.009357848;1.6890738,-0.279927,-1.4855676;1.9155008,0.017651172,-1.8788254;0.26010385,-1.5572776,0.39718154;0.22640893,1.3009042,0.45447513;0.49412623,0.5782548,0.74808216;-0.50254565,-2.762771,-0.2991486;-0.6661853,1.7946016,0.28087807;1.2361618,-0.44624758,0.42979375;1.6014087,0.2106211,1.7110676;-0.2113174,-2.0598803,0.104034245;1.450421,-0.67951244,-0.71845037;-1.7039666,-1.0289004,1.4616235;0.31295863,-0.048569825,0.36192724;0.35226846,0.73294735,-1.5314609;-1.318557,-0.9934583,1.0090503;-1.7549466,-0.9306191,1.5297158;0.15969734,-1.4866673,0.052869815;0.4400047,-0.17890489,0.53275806;0.8626217,0.21830711,1.1903157;-1.4418529,0.61779284,-0.0047731474;1.3236343,-0.4990848,-0.50083303;1.7850356,0.016411308,-1.7608647;1.5726463,0.06589735,1.947081;0.38076124,0.27928922,0.5546882;-0.9456158,1.7162789,0.3215757;-0.7662839,0.7557837,0.050506793;0.44480753,-1.2131133,0.500257;1.5339038,-0.46178612,-1.5678644;0.20725381,0.82725453,-0.31381342;1.6660362,0.24273872,1.7966406;-0.43975523,-0.45306894,0.2698687;0.13731246,-1.682243,0.33377862;0.50523555,0.110807315,0.106028795;1.1085677,0.55601496,1.2384729;0.07775588,0.59399766,-1.5200846;0.8550994,0.3958706,0.9257797;-0.91113514,1.7635893,0.32951394;0.7256457,0.91941833,-1.2570767;-0.6051738,1.6733273,0.3717856;-0.29733568,0.2762084,-0.014839615;0.21189536,-0.64324516,0.39240292;-0.4298182,-2.6380217,-0.024441198;-1.8686473,-1.0091043,1.512122;0.9876699,-0.52392244,1.0130025;-0.54402345,-2.3539586,-0.07424938;0.5123994,0.3899583,0.048709434;1.7441076,-0.229162,-1.3324653;-0.54365367,0.5954144,-2.225659;-0.29820922,-2.4289694,0.34824294;-0.017010493,-0.2347502,0.35171378;-0.18035081,0.5482465,-1.4472909;-1.0753233,-0.62519526,0.8756507;-0.603377,1.713127,0.36893508;-0.33280224,0.3670426,-0.07849141;-0.028271182,0.6488951,-0.9642513;0.35573953,0.47081333,0.07388689;-1.2828368,1.487191,0.26465133;-1.3888748,0.42713267,-0.6539653;1.5999391,0.020029085,1.6749784;-1.7041574,0.62064457,-0.26571774;1.7036476,0.31128946,1.9638255;-1.9432433,0.3729332,-0.025010005;0.017245278,-1.9339533,0.20103014;0.21007705,1.3190432,0.44771603;-1.6291168,-0.7613735,1.4252428;0.19152,-1.6093682,0.31325954;-0.6168529,1.7509086,0.266757;-0.48360726,0.50012577,-0.07765145;-1.3305488,0.3951915,-0.482199;0.87997496,0.31220332,1.1428887;-1.9240218,-1.0261179,1.5601654;-0.57089275,0.5800644,-2.483821;0.49040696,0.10335347,0.40903977;-0.3689359,-2.238582,0.03874411;0.15020415,0.61397153,-1.8959875;1.0085511,0.39542788,1.4736552;1.4866308,-0.6170251,-0.7572828;-1.1607672,1.7837616,0.37546644;-1.0073205,0.605351,-0.55009335;-0.20735154,-2.4656878,0.053258568;-1.4608219,0.49115607,-0.46235532;-0.43064937,-2.1939378,-0.108197026;1.3716813,-0.9837995,-0.70507014;0.50208396,-0.99870664,0.6221734;0.18558094,-0.25443575,0.40971744;1.4549559,0.016901834,1.8154228;-0.6089874,-3.0377274,-0.1087499;-0.21133694,-0.15579462,-0.16255352;-0.9226705,0.3034657,-1.0932744;-1.674149,0.5055107,-0.049132597;1.050582,-0.31174618,0.99910337;-1.5015228,0.45818308,-0.6265051;0.7543634,0.9048593,0.6804425;0.3366917,-1.0351098,0.44148114;0.7174993,0.1778053,1.1516236;-0.7224237,1.7920018,0.3304872;0.16431549,0.83854014,-1.5824982;-1.7566885,-1.0700209,1.4459498;1.371986,-0.8608445,-0.6884233;0.9732114,-0.24745277,0.84766966;-0.2994328,0.6293835,-1.7813468;1.8708483,0.03979354,-1.8622853;1.7267357,0.14759529,1.8066349;1.6135496,0.2834613,1.6611441;0.30197266,0.85604703,0.48804504;0.24004939,0.8585066,0.32065088;-0.34714586,-0.38845482,0.4447662;-0.85327446,1.3066362,0.31682506;-0.42459118,1.614836,0.26667723;0.60795414,1.0319601,0.63307333;-0.86188906,0.34983176,-0.012708163;-1.4936858,-0.9203213,1.2876227;-1.3666523,0.493285,-0.478837;1.2255749,-0.40654778,0.10092149;0.6146449,0.7711704,-1.3331002;-1.0478736,1.142522,-0.09719548;-0.71687186,1.5918866,0.5094985;-0.5000829,0.54937226,-1.0703709;-1.4740436,1.3695726,0.28927407;1.6540878,-0.4474523,-1.111831;0.68527967,-0.8066587,1.0878855;0.19423701,0.67756987,-1.7631506;-0.6204564,-3.017661,-0.20785707;-0.43070006,0.5632835,-1.963763;-0.94405085,-0.43434373,0.34324878;-0.4529194,1.4934188,0.14095855;-0.1252678,-0.31710932,0.4100597;-0.5067019,0.51430553,-0.80973744;0.14596242,0.814848,0.023872979;0.28437692,0.75190324,0.44959095;-0.9867085,-0.4123816,0.34902018;-0.4107343,0.41928512,-2.4962695;0.25052223,-1.5195725,0.39163288;1.5604439,-0.41593963,-1.3026427;0.05962436,0.9104404,0.17390837;-0.37637097,1.4850242,0.093320556;0.71179056,0.79521465,-1.2920971;0.5842444,0.1991177,-0.19467752;-0.42250255,-0.3426907,0.3386409;-0.5482102,0.42280877,-0.5175792;1.3106319,-0.6295839,-0.3196871;0.109432384,0.6233552,0.63326526;-0.23010054,0.025705846,-0.13788953;1.8133608,-0.07990773,-1.7029362;1.1035306,0.51270497,1.1126034;0.11705593,0.480794,-1.6975567;-0.90561545,-0.47545,0.47058856;1.0047898,-0.5250437,1.0224491;0.34638318,1.2862508,0.58630335;-0.37612167,0.4284244,-2.4125128;0.8887577,0.51956975,0.6470639;-1.1620829,1.4033481,0.17216398;-0.75234264,-0.41449198,0.46832296;-0.92830837,-0.49045113,0.53610295;0.64320445,0.30954945,0.15125263;-1.0531373,1.5623944,0.4778237;-0.35348737,-2.6701005,-0.053710226;0.9710469,0.14579818,1.5111119;1.091897,-0.39218092,0.7151923;0.9056832,0.37975574,0.7571143;0.7411342,0.36727867,0.6840667;-0.5009577,0.6070477,-2.286583;-1.4632756,0.6149208,-0.005771572;0.060317457,0.072483994,-0.23260196;0.40261927,-0.88089913,0.36718962;0.0978608,0.370483,-1.8095045;0.4165853,-0.80912876,0.61368155;0.6171627,0.36694786,0.14240816;-1.2066742,0.5253181,-0.75003725;0.53086865,-0.6606325,0.73434657;-1.9446912,-1.0339619,1.5685878;-1.5346199,-0.8957721,1.2867839;0.82421803,-0.37870952,1.0229195;-1.880912,-1.0693482,1.5566659;0.16725083,-1.511002,0.09319027;1.4036518,-0.68067175,-0.91725796;-1.2956126,-0.8396972,1.1309195;0.31948265,0.7795598,-1.585237;-1.6887165,0.4976109,0.03555601;0.21911934,-1.5876051,0.043003518;-1.8060309,0.438201,-0.23944189;1.5201689,-0.46027803,-1.0104519;1.1428849,-0.09631651,1.2698939;0.72444487,0.37976748,0.25286564;-0.9467702,1.8136761,0.3366674;-0.12041595,-1.8275946,0.026157554;-0.4527391,-2.6741943,-0.102046266;-0.12825164,0.32462838,-1.9557909;1.046657,0.1649572,1.4445668;0.65595967,0.71986175,-1.3256121;-0.94661117,1.6069387,0.45726067;-1.9736935,0.34704253,0.18830927;-1.0639629,1.54328,0.21071284;0.28367236,0.9604382,0.03800445;-0.674072,0.780784,-0.08080131;-1.6871638,-1.0180286,1.4380697;0.081701666,-1.6685538,-0.0057536103;1.6502032,-0.38656417,-1.4147663;-0.5776193,-0.36787325,0.29849175;-0.056229692,-1.8927419,0.056203935;1.4017507,-0.79611444,-0.630128;-0.53272367,0.64047927,-2.3145208;0.60571504,0.15392287,0.6084182;-1.3620268,0.78954494,0.027474124;-0.6950843,0.7991177,-0.07473127;0.074137926,-1.6011922,-0.06177448;0.67602086,0.74862653,-1.3378446;1.6446772,-0.36043942,-1.6520526;-0.9352065,0.44790673,-1.0642626;0.070272684,0.656268,-1.5104705;-1.0641346,-0.19198729,0.1823223;-1.678438,-0.97002274,1.4953061;0.15393472,0.67167294,-1.8277458;0.7532479,0.4184551,0.32848272;0.5549569,0.09094816,-0.15202135;0.4113596,0.27509394,-0.2767904;-0.825716,-0.44960472,0.5269804;0.0580677,0.6450993,-0.11333401;-0.12763046,0.57597286,-1.9688495;-0.9234317,0.5031262,-1.0962943;0.42298362,0.5564017,0.6631283;-1.1498545,-0.73303133,0.85144645;0.30522993,-0.5373105,0.4796708;0.9663853,-0.48886472,0.5637379;-1.1054338,0.37269497,-0.24122636;1.3149055,-0.8826655,-0.91083467;-1.6250205,-0.9083413,1.3070171;0.016867116,0.64839065,-1.4386356;0.2515509,1.3017666,0.47516337;0.19796462,0.7727279,-0.29969367;0.0864303,0.6539577,-1.3736305;-0.061862905,0.5870682,-2.0167966;-0.20190947,1.5136641,0.08489684;-0.29607075,0.6525157,-1.8446063;0.18637285,0.6191914,-0.04575203;-0.13378753,0.27049285,-0.41327888;1.8949093,0.15305918,-2.069025;1.6576343,0.07521101,1.9665844;0.91074866,0.11385415,0.5381004;-1.0192213,0.22141667,-0.9752667;0.6325411,-0.862219,1.0094255;-0.87596834,1.5555217,0.2354696;-1.2042025,1.2544463,0.10958611;-1.1074197,0.42418766,-0.2755706;0.8192389,0.7514715,0.8428132;0.106769,-1.7653065,-0.04617113;-1.8298059,0.43323016,-0.24162045;-0.5970532,1.6842119,0.37162805;-0.521834,-2.2689753,-0.031467326;-0.08948931,0.26124617,0.0032522066;-1.0343535,0.47815216,-0.87778974;-0.5666985,-2.9432425,-0.10398931;0.20403728,0.2688517,-0.1655951;-0.12814322,-2.4478328,-0.015258074;0.77221036,0.5528739,0.7139193;1.2097285,-0.5220296,-0.031149467;-0.39864615,-2.743379,-0.07857327;-0.41071555,0.39029244,-2.4765313;-1.4680032,0.6936364,-0.59969187;0.5183185,0.75133145,0.7613929;-0.30015567,0.3080346,-2.085826;-0.34236684,-2.3966112,0.073466934;-1.2155108,1.390727,0.17847598;-1.009643,0.41555077,-1.0012968;-1.5949128,0.5579072,-0.4953119;-1.3331567,-0.7412305,0.9579203;-0.18619876,-2.4746754,-0.040380456;-0.57193625,-0.39091125,0.4425095;0.573076,0.0017847026,0.818736;-1.2566129,0.3694255,-0.18140832;0.3794152,0.7776632,-1.3579127;-0.5865204,0.57634926,-2.535188;1.3021942,-0.5508726,-0.35164225;-0.41430297,1.0319979,-0.08228183;-0.43894848,0.5361637,-0.86780584;-1.2979145,-1.0102993,0.9457053;-1.7804551,0.39630008,-0.28500143;-0.086495146,-0.37234843,0.5118275;0.44973207,0.433339,0.050658744;0.048910536,0.6487117,-0.8099376;1.1716,-0.39340013,0.21593976;-0.14310208,-1.8384348,0.29332563;0.07481738,0.4964636,-1.8107762;0.30383056,-0.8966728,0.54455346;-1.0352875,-0.58473045,0.47564983;0.07698867,0.6418317,-1.436066;1.9087359,0.25442135,-2.0178194;1.2862102,-0.3026702,0.7774268;0.31829253,-0.1494027,0.43849182;0.71861255,0.8666519,-1.033373;0.3841138,0.5059277,0.11342317;-0.43116206,0.40779275,-2.1674292;0.51109624,0.07146446,0.17553134;0.54339385,0.047223784,0.74269277;1.1270399,0.05855633,1.7787389;0.05701338,0.54264003,0.25075644;1.9079835,0.027133793,-1.925417;-0.1076361,0.57242006,-2.0821373;-1.5145246,0.5804334,0.041360907;0.58470863,0.28742903,-0.29898164;1.5304382,0.31013656,1.4846895;-1.988363,0.33812535,0.1971962;0.1676516,0.2851279,-0.3480394;-0.28789812,-1.9294803,0.16960335;0.7490538,-0.394662,0.9305542;0.6166627,0.91042733,-1.3498799;-0.3811718,0.6723037,-1.9993984;0.49410224,-0.74349564,0.71527004;-0.60801953,0.49867755,-0.7189395;-0.012958381,0.59158725,-1.4273511;1.3380488,0.25630167,1.1524951;-1.157423,1.6250759,0.33668086;-1.05187,0.50017595,-0.62484854;-0.9061675,1.7825671,0.36789298;-0.3204259,-2.2431464,0.16169623;1.3620994,-0.9182996,-0.8713511;1.812506,0.083738774,-1.7994944;-0.8062573,0.9918513,0.040736128;0.4925553,0.7485921,0.8665788;0.08576747,0.11332432,-0.20182018;0.72203416,0.823386,-1.2832218;-0.30332628,0.441585,-2.3292437;0.5360219,0.79736376,-1.491499;-0.1581339,-0.36337742,0.4961389;-1.6926125,-1.1819599,1.3515562;-0.4451771,1.6100851,0.2748327;-0.30419698,-2.6792676,-0.07153933;-0.4318042,-0.36947402,0.37557626;-0.5605171,0.40686664,-0.53221595;-0.75784993,0.5135017,-0.17213069;0.59381646,0.2820932,-0.25241077;-1.5252076,-0.9166908,1.3743942;-0.22981828,0.13701795,0.07333911;1.1586802,-0.17366925,1.6405462;0.8706265,-0.11292149,0.83465475;1.706312,-0.1289786,-1.7072026;-1.4269776,1.3926519,0.2797559;-0.5351594,-0.38076425,0.40926108;-0.9047283,0.21017538,-1.109576;0.87455744,0.3776704,0.8631351;0.6535354,1.097712,0.6638698;-0.28872827,-2.1937647,0.024087757;-1.1909593,1.2507366,0.1210863;0.87183714,0.54864836,0.6191093;0.41318154,-0.19988394,0.830397;1.3225559,-0.48662415,-0.8384124;0.62715715,0.11686142,0.3276112;1.4801334,-0.4579309,-0.96134293;1.4052887,-0.054560147,1.3982763;0.66067046,0.8213521,-1.3169113;1.1033204,0.44300437,1.2271193;1.9087169,0.2545507,-2.017729;-0.3187846,0.42265227,-2.4051092;1.1236063,0.25763837,1.7884429;-0.80383235,-0.43856803,0.45712346;-1.0165627,-0.38309255,0.26073062;0.019750044,-1.9286005,-0.16876447;0.2893165,-0.6231379,0.45006138;-0.60474175,-0.3667446,0.39820194;0.27322072,0.68638366,0.4482814;1.2291441,-0.5354983,0.3740413;0.49091408,-0.8228786,0.6760809;0.44480532,0.12994531,-0.09688962;0.16868615,0.89973986,-1.4401534;-1.066938,1.0374583,-0.19083345;1.1454976,0.041311443,1.5154502;0.15242197,-1.5747198,0.072212085;-1.0733697,0.43955523,-0.89516807;-1.0500425,1.6167607,0.33921334;-0.46999627,-0.3191832,0.30986845;1.1856121,-0.1312695,1.6833721;1.6423057,-0.034647427,-1.5557971;-0.025969986,-2.0558195,0.1452286;-1.171259,-0.74341947,0.78904593;-0.9557515,-0.59018195,0.58024937;0.18789853,-1.6262007,0.15138286;1.8861552,0.09917815,-1.9757293;-0.9447204,-0.4706918,0.72601163;1.096784,-0.019666027,1.756412;-0.6823832,-3.0974417,-0.18477073;-1.4593387,-0.9762898,1.1303662;-0.44794068,-0.33296344,0.44190764;0.8576048,0.30222946,1.2144287;0.3138394,-1.0468552,0.39183453;-0.046207257,0.64747804,-1.2988544;1.1116468,0.45524573,1.2375612;1.4456327,-0.5934763,-0.6099583;0.15678342,0.83782285,0.06336618;-0.21122536,1.5444468,0.21443862;-0.23699483,0.6950817,-0.04106264;0.7838004,0.31670916,0.91452074;0.23024113,0.69120026,-1.700307;0.74712723,0.4773595,0.36419696;-1.039894,1.1647393,0.0414111;1.2852126,-0.22757794,1.350089;-0.24932301,0.02742481,-0.031760182;1.7232409,-0.27185926,-1.3773832;-0.20676152,1.5415299,0.21617486;-1.7396321,0.4410695,-0.2975195;0.17467588,0.626858,-0.25956246;1.7645329,0.27783185,1.8936223;-1.1489449,-0.7384026,0.92555344;0.3393644,-0.15855622,0.43494397;-1.7682295,-1.1294072,1.6078851;-0.8495241,1.2605448,0.23004556;0.8863427,-0.5054156,0.515922;-0.12257126,-2.113823,0.0025820918;1.5291419,-0.5094513,-0.77000284;1.054717,-0.4802821,1.0798703;1.3914376,-0.81399,-0.7273277;-1.0986228,0.44206133,-0.8742137;-0.43571046,-2.8969383,-0.1700636;1.7898573,-0.12883335,-1.745845;1.2267269,-0.27959287,0.9962693;-1.0471802,1.1692873,0.17215988;0.036028173,-1.6608144,-0.014431334;-0.02582882,-2.3449,0.075395845;0.88783973,-0.13082683,0.6469711;1.7161855,0.21926267,1.765688;-1.2709349,-0.70341855,1.0294778;0.15746945,0.37454307,-0.68945915;-1.3739724,0.43198648,-0.19422781;0.103597976,0.636893,0.5889217;1.7691318,-0.17651126,-1.51687;1.0922829,-0.42462954,1.1518096;0.2374662,1.2607756,0.4739085;-1.9904268,0.33686742,0.1953042;-0.0024585186,-0.21281767,-0.1631114;1.1904823,-0.5163872,-0.0057798647;1.4090123,-0.18753606,1.4365445;0.41478398,0.1376703,0.5315014;-0.1586261,-2.5930617,-0.065591015;0.0837489,-1.7676109,0.24893409;-0.3681638,-0.33771387,0.33431813;-1.0524235,-0.6240986,0.61734295;-1.2648542,0.6514432,-0.27011994;-0.37284705,-2.8173234,-0.15049027;-1.0522586,0.42228022,-0.93293124;-0.6898315,1.5780181,0.49042684;-0.47376415,0.48705775,-0.07095588;0.20228754,0.7877529,-0.25332308;-0.082137085,-2.0564542,0.20866393;-1.6402487,0.505487,-0.43780947;-0.589548,0.5516145,-0.85421455;-1.2955211,1.5274155,0.32299376;0.25971645,0.85380435,0.40345266;0.2562921,-1.2322176,0.346906;-0.4151242,0.89284974,-0.22214095;1.801878,-0.16177116,-1.7928358;0.1345218,-1.5753688,0.09303885;1.3849423,-0.88317645,-0.7708495;-0.4900887,0.6188014,-2.249734;1.2496915,0.35083067,1.1925206;-0.028216457,0.21771514,-0.19199291;-0.88319194,1.7311536,0.37247366;0.748612,0.5632842,0.7583419;-1.7119706,0.44274333,-0.37932548;1.5561672,-0.50246334,-0.7600456;1.799429,0.041258458,-1.7262365;0.8773392,-0.5387063,0.5189288;-0.31613728,-0.3441106,-0.013205205;-0.35149845,-2.8134537,-0.15761958;0.88692504,-0.22085696,1.198484;-0.08245316,0.037724193,0.04505921;1.3966411,-0.13743065,1.3014158;1.6677641,0.101613365,-1.591586;-0.111001745,0.5561997,-1.5315957;1.5936817,-0.384482,-1.3042732;-1.4173846,0.47217447,-0.5060514;-0.8076283,1.0106846,0.050306734;-1.0458053,-0.5922475,0.8550332;-0.27991608,1.5251603,0.06190509;0.90020937,0.30205688,1.2440356;-1.259846,0.5296525,-0.6087986;-0.39230853,0.5096678,-2.2920537;0.5083624,0.14833759,0.010632429;-0.54768944,-2.9601078,-0.05231303;-1.0295074,0.3365707,-0.14830963;-0.9650304,1.2459797,0.13226332;1.6493285,0.0948731,1.849993;1.5770507,-0.25331765,-1.4995041;-1.155221,1.3287951,0.09453938;-0.33139476,0.63275504,-1.7392417;1.7187427,0.040510472,1.7174666;0.68004024,-0.8374652,1.1202531;-0.9762686,0.3455229,-0.2654707;-0.36038986,-0.39450115,0.4416373;1.5261878,0.018188393,1.8252635;-0.10454389,-0.3476548,0.4739635;-0.9307408,0.30489048,-1.0969753;-0.17395626,0.7450489,-1.5467085;1.1814666,-0.4256602,0.24068475;-0.5314091,0.51114166,-2.333619;-0.8682775,1.7767931,0.3481637;0.11221458,0.79857874,-0.013711722;1.1429981,0.10498359,1.7959751;-1.4062282,-0.89571744,1.1833066;1.759239,0.10896881,-1.6440427;0.8143201,-0.46846312,0.56104535;1.2642419,-0.17847879,1.2305294;-0.97992074,1.4480294,0.49886036;-0.29077727,0.68496567,-1.9186065;-0.13281378,1.4915,0.18314324;0.049119283,0.6350168,0.18895769;1.2267689,-0.54295635,0.37708876;1.2309066,-0.21978976,1.1351957;-1.1210668,1.3521379,0.09819255;1.0606016,-0.45920712,1.0593029;-0.8815759,0.37198046,-0.24150549;1.6748687,0.29130995,1.8601445;0.85673803,-0.02620548,1.0145868;-0.663172,-3.083736,-0.162807;0.9190059,-0.0729284,1.2225126;1.765954,0.14574316,2.0449195;0.23527598,0.9032105,0.34306696;-0.5280304,-2.877478,-0.2063224;-1.3284554,1.416001,0.24794118;-0.26808894,0.8332682,-0.03667143;1.5704933,-0.07440363,1.5794183;-1.0472676,1.1161174,-0.11722332;1.5425955,0.22593823,1.6416804;-1.416234,0.39560524,-0.06350852;1.3149512,-0.2979204,0.7439778;-1.316738,1.4101981,0.23450209;1.0231555,0.4185657,1.2425793;-1.337058,1.4077629,0.2503899;-0.40067163,-2.560305,-0.021882968;0.06733136,0.4436192,-1.8989023;0.86657304,0.48783836,0.70365846;-0.026417999,0.04250089,-0.53488106;0.24145108,0.45944673,-0.22917162;-0.3828478,-2.7227798,-0.081750944;0.91443837,-0.11217541,1.3621397;0.6864232,0.3760023,0.62807786;-1.1220652,0.49690846,-0.8177713;-0.6669755,0.45037928,-0.6659509;-0.32379237,1.3375974,0.054584607;-0.28529716,1.583798,0.16284828;-0.9085118,-0.34837964,0.7804377;0.3573443,-0.8922677,0.498608;-0.3040245,0.48889926,-0.15672486;-0.44472492,-2.8044293,-0.07267482;1.2088583,-0.14996898,1.5586635;1.7010123,-0.3583257,-1.2601098;-1.4071223,0.5279726,-0.5649909;0.6908857,0.34588036,0.6123825;-0.9891138,1.7519851,0.3376757;1.3432169,-0.28027877,0.7588909;-0.36406866,0.46178785,-2.383848;1.3489891,-0.15903138,0.9318972;-1.7460724,-1.2122465,1.3132379;-0.15677224,-2.4531472,0.013221986;1.5307432,-0.7386536,-1.1783159;1.5463263,0.17400269,1.795282;-0.12485482,-0.37471977,0.513713;0.44493797,0.77298826,-1.4426148;1.6847175,-0.37716922,-1.2553674;1.4128362,-0.09498249,1.3374088;1.4108343,0.038764674,1.3890852;-0.9443847,0.9644829,-0.072961055;0.49768853,0.73832995,0.7047146;-0.26182863,-2.5133936,0.023181038;0.20797285,-0.60272354,0.3815693;1.2079476,-0.17111826,1.5867907;-1.652817,-0.8682973,1.5379101;0.9538006,0.3362221,1.4387028;-0.49342352,0.6840608,-2.1839087;-0.22801518,0.7329302,-1.7517042;1.1684281,0.0454355,1.2141738;0.068080164,0.09196381,0.05375208;1.1905118,-0.4070337,1.300687;-0.30649522,0.5966375,-1.7655275;-0.8855206,0.3290424,-1.0799295;1.2857541,-0.15632875,1.007677;0.68167436,0.7291165,-1.3080144;-0.34284955,0.5351581,-1.6368623;0.5433415,0.7246947,-1.4280345;0.04042631,0.6288644,-0.8626583;0.120938644,0.7593458,-1.8055009;-1.027252,-0.58702916,0.82372713;-0.42442548,1.5756824,0.23682113;1.5447451,-0.35245305,-1.0760378;0.37340438,-0.9705009,0.44539934;-0.54389775,1.5927558,0.16934118;-0.71083856,-0.38747272,0.4385862;-1.9856708,0.34051043,0.1978304;-0.6095496,-3.0375888,-0.11028099;0.2354762,0.6781683,-1.6657472;0.5565951,-0.07328676,0.76088464;0.14123878,-0.5715133,0.3031129;-1.1969476,0.42680967,-0.72876644;-0.5257816,0.59554833,-2.3220878;-0.2900822,-2.5331533,0.08639722;-1.8246564,0.42931205,-0.22583398;0.47270495,0.6670673,0.8049997;0.11285994,0.6398987,0.5740722;-0.30454087,-2.6959293,-0.1295155;0.80889416,-0.14926988,0.7154953;-0.30797514,-0.3064121,0.18504201;0.41675532,0.19364724,0.5613527;-0.39300767,1.0021567,-0.12289742;0.018063262,0.623366,-1.986547;-1.2684271,0.58438325,-0.22320335;-0.30990642,0.38594523,-0.02642316;1.165334,-0.058406577,1.7445146;-0.026859611,0.17594087,-0.086737595;-0.22481829,0.4045714,-2.2859998;0.1433496,0.80163664,-1.62829;-0.9544555,0.501905,-1.0388415;0.12775162,0.53260225,0.323341;1.7395792,0.21855566,1.9321457;0.08020957,-1.6922172,-0.015574618;-0.61650175,1.742242,0.3230785;-0.05093358,-1.8921762,0.024925588;-1.2223592,0.91594416,-0.27000928;-0.8966995,1.0046898,0.081477754;-1.1459562,1.7622324,0.36932686;0.37904555,-0.8784449,0.611425;-1.8830101,0.43201435,-0.14708027;0.08273136,-0.3152914,0.4443466;0.14385802,0.64277005,-0.17330518;1.9866709,0.11565732,-2.1475883;0.75654143,0.91059256,0.78658193;0.051270436,-1.7971158,0.23634313;0.7220088,0.16525444,1.0577338;-0.34502497,-0.33537143,0.028901061;-0.16466925,-2.6380768,-0.07988978;-1.7567956,-1.0719126,1.4660603;1.0077884,0.02038079,1.6103829;0.20181465,0.18475242,-0.16752931;0.23259327,1.2817693,0.46712595;-0.3654721,0.5400136,-1.7200944;-0.4437025,0.6592985,-2.1064394;0.62666917,1.0576088,0.57936287;1.6560823,0.19471565,1.7049211;-0.6386501,-3.0482507,-0.17609404;-1.4670461,-0.89835596,1.2669405;-1.7705295,0.60239893,-0.27267224;-0.075370096,-1.9164321,0.038311176;0.9288924,-0.12550445,0.74839395;-0.13534552,0.28813165,-0.44337747;1.1474698,-0.4397286,0.5277644;-1.7537731,0.4595232,0.115873426;-1.367961,0.4617402,-0.048494667;-1.6425635,-0.8435189,1.372823;-0.13156933,0.49297166,-1.772404;1.3758332,-0.6287979,-0.34645948;0.45967296,1.2089922,0.7241994;-1.0026894,-0.5095612,0.75231713;0.26647952,1.2427361,0.48753345;1.7412666,-0.1961435,-1.4542639;-1.1421336,1.2981231,0.04642846;-0.54295295,1.0054712,-0.050063238;0.4841782,0.47489154,0.026988324;-0.43575293,1.5450691,0.1727181;-0.7025589,-0.38981286,0.4469178;-1.6482679,0.47802666,-0.44343325;0.04050416,0.0751836,-0.20563725;0.8185057,0.09185516,0.86610436;1.1027075,0.27413023,1.7347535;0.87629855,0.6577544,0.4502103;-0.14557914,0.49736226,-2.193941;-0.41750786,0.66358685,-0.7177151;-0.49814746,1.2541811,0.04173446;-0.458272,-0.3658975,0.37801135;-1.0046213,0.41621554,-0.2728156;-1.0915467,1.7756687,0.3691575;1.6944478,-0.3023625,-1.2613226;1.3904092,-0.5755774,-0.8265432;0.9424584,-0.1720846,1.4520832;-0.42573094,0.53916943,-0.929573;-1.8866704,0.40527883,0.043245826;-1.8437694,-0.9347129,1.5073677;0.5111814,0.050396513,0.52174735;0.5373473,0.103632726,0.69397503;0.46953174,0.8540494,0.6765544;-1.2072145,1.391505,0.17468122;-0.9124018,-0.48942378,0.56574506;-0.0069645364,-1.5360665,-0.15850545;0.40802854,-0.19117971,0.8311529;0.56544954,0.81301576,-1.3789343;-1.7183278,0.44350833,-0.3811887;1.27062,0.33751443,1.155746;1.7348933,0.15295425,1.995016;-0.02362058,0.6066197,-1.3691559;0.034336057,-1.5826613,-0.093019105;0.2929676,-0.9805611,0.4488;1.7743402,-0.1993386,-1.5007967;1.1720165,-0.2900919,0.30615422;-1.0799888,0.34478122,-0.9043489;0.65890837,0.8972602,0.7383921;1.613046,-0.3182737,-1.3846221;-1.0962052,-0.6839319,0.85477585;1.5255829,-0.7311394,-1.1512339;-1.1339965,0.24517879,-0.81573206;1.174535,-0.2572379,0.21238996;-0.17982149,0.5900406,-1.438642;-0.97166854,1.1725357,0.046818167;1.7033509,0.2629695,1.7089086;0.8942068,0.058808263,0.5475728;-1.4815845,0.59878516,-0.4905729;-0.7733745,-0.42510235,0.47372067;1.4388489,-0.59879935,-0.7949526;1.7364914,0.08240023,1.8281807;-0.44023988,1.0359938,-0.10824754;0.4283538,-0.78020287,0.6624504;0.20747568,-1.3763353,0.22065471;0.7906796,-0.21769318,1.1001858;-0.44025293,1.0378027,-0.10051908;1.6967468,-0.096086316,-1.6369352;1.9668603,0.13201934,-2.121209;-0.28545526,-2.5539014,0.12940535;-1.8750563,-1.0305315,1.5361526;-0.39988962,-2.2129607,-0.098669715;-0.3772251,0.52199423,-0.15182726;-0.010194517,-1.620673,-0.04061947;-1.6480948,-1.018928,1.4228363;-1.2058443,0.41282094,-0.26345986;-1.016098,1.1279874,-0.06558095;1.5737872,-0.43474215,-1.6122472;1.0156409,-0.3117491,0.6571576
