data_set
babi-q1
num_classes
6
data_points
1000
model
saved_models/babi-q1-e0062.ckpt
color_schema
#4E79A7,#F28E2B,#E15759,#76B7B2,#59A14F,#EDC948,#B07AA1,#FF9DA7,#9C755F,#BAB0AC
test_accuracy
0.515
test_loss
1.1519083738327027
train_accuracy
0.59675
train_loss
1.0034594578742981
val_accuracy
0.531
val_loss
1.1260111818313598
labels
12,9,15,12,15,12,11,12,17,17,15,11,17,10,10,15,11,15,17,15,12,17,17,12,10,10,10,15,15,15,12,17,15,15,9,17,9,11,15,10,9,11,9,12,11,15,12,9,17,10,10,17,11,11,15,10,15,12,11,12,12,17,9,11,11,15,15,9,17,17,11,12,11,10,9,15,15,15,12,17,11,9,10,11,17,11,11,12,15,15,9,9,12,9,9,15,15,15,10,10,10,9,17,11,11,12,10,9,17,10,9,9,15,12,15,11,17,15,9,17,10,9,10,12,10,17,11,11,11,9,11,12,9,11,15,9,17,15,9,9,17,12,12,17,10,15,15,15,15,15,11,11,9,17,10,9,11,10,17,12,10,10,10,11,9,11,11,11,15,10,17,17,11,9,9,17,15,10,17,17,12,12,12,12,10,9,17,11,15,17,12,15,11,12,12,11,17,15,9,10,12,17,17,10,12,9,15,12,9,12,9,10,12,10,9,10,9,12,12,9,9,12,15,12,10,17,12,11,9,9,17,11,12,17,12,10,10,10,10,17,12,15,11,11,15,15,11,11,11,11,10,17,9,9,10,10,17,17,15,11,11,17,12,17,17,9,11,10,9,10,15,17,17,15,9,17,15,12,17,9,9,11,17,17,11,17,9,17,11,9,15,15,10,15,15,11,11,12,12,9,9,9,9,17,12,11,9,17,17,15,11,11,17,10,11,17,10,17,17,11,11,15,15,11,11,9,10,11,11,10,15,17,15,10,10,17,12,17,12,12,12,11,17,15,11,17,12,12,15,15,10,11,11,10,10,9,17,12,11,12,11,9,11,11,11,11,11,12,12,12,12,12,11,11,17,10,15,9,9,10,9,10,10,17,17,15,17,17,17,15,15,12,9,10,17,17,10,17,9,11,10,11,10,15,17,15,12,10,11,15,10,11,9,12,17,10,10,15,12,9,12,12,9,12,10,15,15,17,10,10,17,15,15,15,17,11,15,9,10,11,10,12,9,11,10,11,10,12,11,15,15,15,15,11,9,15,10,12,11,12,9,11,10,17,11,11,10,10,10,17,12,17,17,9,15,11,9,15,11,9,10,10,12,12,11,10,9,12,10,9,15,10,10,11,11,15,15,10,12,12,15,11,9,12,9,15,10,17,17,10,10,17,10,10,17,9,9,10,12,11,17,17,12,12,11,12,17,11,11,12,11,11,11,17,9,11,10,12,12,10,11,17,12,12,15,11,15,15,12,10,10,9,17,10,15,12,15,10,10,10,11,10,11,15,10,9,9,15,10,10,10,10,15,15,17,9,10,12,10,10,12,12,11,15,10,10,11,12,10,10,17,12,17,11,9,9,17,17,11,10,10,10,15,15,17,11,15,12,11,10,15,17,9,11,9,17,15,12,15,17,11,17,17,15,9,10,9,9,10,10,9,10,10,15,11,11,11,15,12,9,11,11,10,17,11,11,12,17,15,15,9,11,15,15,11,9,15,15,11,15,15,15,11,10,10,9,17,17,17,17,10,10,17,9,15,9,17,12,12,12,15,15,15,17,9,11,9,17,9,12,11,9,9,17,11,11,11,10,15,10,12,12,9,9,17,12,12,9,17,12,11,11,15,15,12,11,12,17,12,17,11,12,11,17,17,11,17,9,11,9,10,10,12,17,10,12,9,9,9,15,11,11,15,17,9,10,9,12,17,15,17,17,12,10,12,11,11,17,15,9,17,10,9,11,12,15,9,15,12,10,9,10,17,17,15,15,9,9,9,17,10,17,17,9,12,17,17,12,12,11,11,11,11,17,11,17,17,17,17,17,12,9,17,10,17,11,10,10,12,12,11,11,17,12,12,17,17,15,11,17,11,11,9,12,9,17,9,10,9,15,11,9,11,15,10,9,9,9,17,12,11,11,17,15,15,10,10,11,11,17,10,12,9,10,10,10,10,10,15,17,9,11,17,15,12,11,10,10,15,12,10,11,12,12,11,11,11,15,12,17,10,12,17,17,12,10,10,12,17,10,11,17,11,12,17,17,11,12,11,17,9,9,11,17,11,11,15,15,17,17,10,10,17,12,11,15,12,11,11,10,9,12,12,15,10,9,17,15,17,9,17,17,10,17,15,12,12,11,10,10,10,17,17,15,12,17,9,9,15,10,12,15,15,15,17,17,15,11,15,10,12,9,9,10,11,11,9,9,12,15,9,15,9,12,12,10,17,17,10,12,15,9,10,17,11,11,11,17,9,9,11,15,11,11,11,15,12,17,9,10
pred_labels
9,10,9,11,15,12,11,12,17,9,15,17,15,10,10,15,11,15,12,11,12,17,12,12,11,15,10,10,11,15,12,17,15,15,9,17,12,15,11,11,9,11,11,15,10,12,12,11,9,10,10,17,11,12,15,9,11,10,15,17,12,9,9,10,9,15,9,9,17,9,10,12,11,10,9,15,17,15,15,11,11,11,10,17,17,11,11,10,15,15,9,9,9,9,17,15,15,15,10,15,10,9,17,11,10,12,10,9,11,10,9,15,15,12,9,17,15,9,15,17,10,9,9,9,17,17,11,17,11,11,11,10,15,10,10,9,17,15,9,9,11,12,17,9,10,15,10,15,15,11,10,11,17,17,10,10,10,9,10,17,10,9,10,11,9,11,11,15,15,15,17,12,11,9,12,17,15,12,17,17,12,17,12,17,15,9,9,11,9,17,12,15,11,11,12,11,10,9,9,10,17,17,10,10,10,12,11,12,9,11,11,10,12,10,10,12,11,12,9,11,12,12,10,15,10,17,9,11,9,17,9,15,11,12,12,10,9,12,10,15,12,9,11,12,15,15,11,9,15,11,10,10,9,10,10,10,10,11,15,11,11,9,12,17,11,11,15,9,10,10,15,17,11,10,11,15,15,10,12,9,9,11,12,15,11,10,11,12,11,11,15,12,10,15,15,11,11,11,12,10,9,12,17,17,17,11,9,9,9,17,11,10,11,10,15,11,10,17,15,11,11,15,15,11,10,9,10,11,15,17,15,17,17,17,15,11,12,11,12,17,12,11,17,15,10,17,15,12,11,15,11,10,11,10,9,9,17,12,11,12,11,9,11,11,9,11,15,12,17,15,12,12,10,15,17,10,15,9,11,11,9,12,12,17,15,9,17,10,17,12,15,12,11,10,9,17,11,11,9,11,10,11,10,15,10,10,17,17,10,10,10,10,9,9,17,10,11,11,11,9,15,12,9,10,9,9,15,17,10,9,15,11,15,12,10,11,9,10,11,11,11,12,11,11,10,10,9,12,11,15,15,10,15,15,9,15,15,10,11,12,9,10,17,17,11,11,10,9,10,17,12,9,17,11,9,17,9,15,11,10,10,17,12,12,15,10,9,12,15,17,15,15,10,10,10,10,15,10,10,15,15,11,10,15,9,15,10,9,9,10,10,10,10,9,12,9,10,9,12,11,9,11,12,12,11,12,17,11,17,12,11,17,11,12,11,11,10,12,11,10,11,10,12,12,9,11,15,12,12,10,10,9,15,11,10,12,17,10,9,9,11,10,10,15,11,9,15,15,17,12,10,11,15,17,11,9,10,9,9,9,15,15,10,11,10,10,10,10,10,10,9,17,17,11,11,9,9,11,12,10,10,10,10,15,17,11,17,11,10,10,15,15,11,11,9,9,15,9,9,12,11,10,9,9,10,10,10,11,12,10,9,10,15,15,9,11,10,12,11,9,11,10,10,11,11,15,12,17,9,10,9,11,10,15,11,9,15,11,11,11,12,12,12,12,12,17,17,17,10,10,10,11,17,9,17,9,17,12,10,9,15,15,15,17,11,11,9,17,17,12,11,9,9,17,17,11,10,12,10,10,12,17,9,9,9,11,11,17,12,12,11,11,10,15,10,11,12,17,17,17,11,12,10,17,11,17,17,15,15,11,9,12,12,17,12,12,9,9,9,10,11,15,9,15,9,10,9,12,9,15,10,10,12,10,11,11,15,9,11,9,9,9,9,11,11,9,12,17,12,9,11,10,17,15,10,15,15,15,12,9,10,12,12,12,11,9,9,9,11,12,11,9,12,15,11,17,17,12,11,11,11,10,10,15,17,11,10,11,12,11,11,10,11,12,15,10,17,10,11,9,11,10,9,12,9,17,12,10,9,15,11,11,12,15,10,9,9,11,17,10,11,9,17,15,15,10,10,10,12,11,10,9,9,10,10,10,10,10,10,17,9,12,12,15,15,11,10,15,15,17,9,11,12,12,12,11,15,15,10,17,10,17,9,12,15,10,10,12,9,9,17,17,11,12,15,17,11,12,17,10,9,17,11,11,11,11,15,11,9,11,12,10,12,9,11,15,12,11,9,17,15,11,11,15,10,11,9,9,17,10,9,10,11,10,11,12,12,10,10,9,10,17,9,11,12,17,9,9,11,15,12,15,15,17,11,9,9,10,11,10,12,9,15,15,11,11,10,9,9,15,9,15,15,9,11,9,10,10,9,9,10,9,10,11,11,15,10,9,9,9,11,15,11,9,11,15,12,10,9,11
pred_correctness
False,False,False,False,True,True,True,True,True,False,True,False,False,True,True,True,True,True,False,False,True,True,False,True,False,False,True,False,False,True,True,True,True,True,True,True,False,False,False,False,True,True,False,False,False,False,True,False,False,True,True,True,True,False,True,False,False,False,False,False,True,False,True,False,False,True,False,True,True,False,False,True,True,True,True,True,False,True,False,False,True,False,True,False,True,True,True,False,True,True,True,True,False,True,False,True,True,True,True,False,True,True,True,True,False,True,True,True,False,True,True,False,True,True,False,False,False,False,False,True,True,True,False,False,False,True,True,False,True,False,True,False,False,False,False,True,True,True,True,True,False,True,False,False,True,True,False,True,True,False,False,True,False,True,True,False,False,False,False,False,True,False,True,True,True,True,True,False,True,False,True,False,True,True,False,True,True,False,True,True,True,False,True,False,False,True,False,True,False,True,True,True,True,False,True,True,False,False,True,True,False,True,False,True,False,False,False,True,True,False,False,True,True,True,False,False,False,True,False,False,False,True,False,False,True,True,False,True,True,False,False,False,False,False,True,True,False,False,True,False,True,False,True,False,True,True,True,False,False,True,True,False,True,False,True,True,False,False,True,True,True,False,True,True,False,False,False,False,False,True,True,True,False,False,False,False,True,False,False,True,True,True,False,False,True,False,False,False,True,False,True,False,True,True,True,True,True,False,True,False,True,False,False,True,False,True,True,False,False,False,True,False,False,True,False,False,True,True,False,True,True,True,True,True,False,True,True,True,False,False,True,True,False,False,False,False,True,False,True,False,True,True,True,True,False,True,False,True,False,True,False,False,True,True,False,True,True,True,True,True,True,True,True,True,False,True,False,True,False,False,True,True,False,False,True,True,True,True,False,False,True,False,False,True,False,False,True,False,True,False,True,True,False,True,False,True,False,False,True,True,True,True,True,True,False,False,False,False,False,False,True,False,True,False,True,True,False,False,False,True,False,True,True,False,False,False,True,True,True,False,False,False,True,False,False,True,False,False,False,True,False,True,False,True,True,False,False,True,True,True,True,False,True,False,True,True,False,False,True,True,True,False,False,True,True,True,True,False,True,True,True,False,True,False,False,False,True,True,True,False,True,False,True,True,False,True,True,True,False,False,True,False,True,False,False,False,True,True,False,False,True,True,False,False,True,True,True,False,False,True,True,False,True,False,False,True,False,False,True,True,False,False,True,True,True,True,True,True,False,True,True,False,True,False,False,True,True,True,False,True,True,False,True,True,False,True,True,False,True,True,True,True,False,False,False,True,False,True,False,False,True,True,False,True,False,True,False,True,False,False,True,False,True,False,False,True,True,False,False,False,False,False,False,False,True,True,False,False,True,True,False,False,True,True,False,True,False,False,False,True,True,True,False,True,True,True,False,False,False,True,True,False,False,True,True,False,True,False,False,False,True,False,False,False,False,True,False,False,False,True,True,True,False,True,False,True,False,False,False,True,True,False,True,False,True,False,True,True,False,False,True,True,False,True,True,True,True,False,True,False,False,False,False,False,False,False,True,True,False,False,True,False,True,True,False,True,True,True,False,False,True,True,True,True,False,True,True,True,False,True,True,True,True,True,False,True,False,False,False,True,True,False,True,True,False,False,False,False,False,True,True,True,False,True,False,True,True,True,False,True,True,True,False,True,False,False,True,False,False,False,False,False,True,True,False,True,True,True,True,False,True,False,False,False,True,True,True,True,False,True,False,False,True,True,False,True,False,False,False,True,False,False,True,True,False,False,False,False,True,False,False,True,True,False,False,True,False,False,False,False,True,False,False,False,False,False,False,False,False,False,True,False,False,False,True,True,True,False,False,False,False,False,False,False,True,True,True,False,True,False,True,False,False,True,False,False,True,False,True,False,True,False,True,True,True,True,False,True,True,True,True,False,False,True,True,True,True,False,True,False,True,False,True,True,True,True,True,False,False,False,True,False,True,True,True,True,True,True,False,True,True,False,False,True,False,True,True,False,True,False,False,True,True,True,False,True,False,True,False,True,True,False,False,False,False,True,True,True,False,False,False,True,True,True,False,True,True,True,False,False,True,False,True,False,True,True,True,False,False,False,False,True,False,False,True,True,True,True,False,False,False,False,False,True,True,False,False,False,True,False,False,False,False,False,False,True,True,False,True,False,True,True,False,False,True,True,True,True,False,False,True,True,True,False,False,False,False,False,False,True,True,True,False,False,True,True,False,True,False,True,True,True,False,False,False,False,False,False,False,False,False,True,True,False,True,False,False,False,True,True,True,True,True,False,True,True,True,False,True,False
p2d-kl
0.8516011238098145
p2d-iter
599
p2d
2.1296785,0.98522437;-1.6038493,-0.17370729;-0.63976365,-0.88518786;-0.2932863,1.082218;1.2788366,0.5965491;-0.3406443,0.5757593;1.3294263,0.3641756;-1.3168842,0.11586822;-0.97272754,0.30754727;-1.9680512,0.113062195;1.0331573,1.4222443;0.08262326,-0.53803533;1.0931016,1.3701541;0.2992991,-0.03444792;0.36374843,-0.1970759;1.0514134,1.3727525;1.3711839,1.3641443;0.57624805,1.0783256;-0.46180874,0.6366214;0.054702263,-0.49754366;-0.7581694,0.021381153;0.085168965,-0.6861569;-1.6296556,0.19723858;-0.6383335,-1.4938062;-0.25068837,0.23235264;0.3904466,0.85204005;0.1331616,0.19560477;-0.7813919,-1.0518541;0.18565395,-0.7556731;1.3768226,0.7542117;-0.8810809,0.42151538;1.0434383,1.460314;-0.5223748,-0.65111464;-0.37039873,-0.9037882;1.8506346,0.74279517;-0.10672599,0.8321468;-1.2806349,-0.44259566;-0.33618033,-0.6994348;-0.3158705,-1.0977134;-0.26463452,1.0943577;2.0874987,1.1010116;0.3624377,-0.28685358;-0.24502754,0.27573976;0.43981406,0.964812;0.436393,0.3455571;-0.091645285,-0.6411806;-0.0773881,0.5260173;1.6423694,0.4729544;-1.1149,-1.2799217;-0.08313812,-0.2125961;0.028936971,0.8899314;-0.09013446,0.7439111;0.0062417095,-0.105093375;-0.13352552,-0.6419469;1.0170245,1.3257996;-1.4902427,-0.5227727;-0.8039362,-0.9301376;-0.60878384,-1.6577882;0.9534289,1.4178871;-0.9671399,0.27469343;-1.0731655,0.43479183;-1.9400529,0.07851553;2.0287971,1.0851897;0.4902824,0.38007328;1.1359116,0.47337514;1.406473,1.5130856;-0.89401025,-1.2135987;-0.60732555,-0.9616587;0.5680505,1.1388507;-1.5165174,0.064059876;0.60244876,0.7660023;-0.41611746,-1.2414951;0.60215825,0.49408925;-0.113410965,-1.0925351;2.0073106,0.62926006;1.6057462,1.624949;-0.6242417,0.28760716;1.1439039,1.4909164;-0.73477304,0.112257116;-0.7154501,0.5540604;1.1796212,1.0544593;1.7295936,0.8718832;-0.45067242,-1.6474586;-0.672033,0.16248874;0.29784805,1.1311113;1.101744,0.8768736;-0.4216352,1.1371073;-0.11855841,-1.1231344;-0.748295,0.16029029;0.92040944,1.3808905;1.3089192,0.608923;-1.5745748,-0.20965919;-0.5436671,-1.1103882;1.8467371,0.86432916;-0.5927868,-0.39156097;1.5487006,1.6084565;-0.28815147,0.5972702;0.34237918,0.81454074;-0.5876004,-1.7288252;0.3894482,1.0964278;0.43036956,-0.21938476;1.8343469,1.2655184;-1.233129,-1.1425234;-0.034138955,-0.5313342;0.28595677,-0.021023301;-0.9848544,0.32640854;0.017303376,0.8297335;-0.71611154,-0.8635497;-0.38079354,1.1647253;0.2482409,0.746632;2.112848,1.1338061;-0.6927749,-1.9332435;-0.7509343,0.13533933;-0.30334675,0.56576204;-1.0645772,-1.2608174;-0.61635023,0.37286305;-0.5771184,-0.2157223;1.7724464,1.5510913;-0.47072533,-0.39830118;0.044594735,1.1341509;0.02975192,0.74483496;1.8589898,1.3513961;-0.97109896,-1.1515892;-1.3241442,-0.027334431;-1.1593096,-1.2219257;-0.7018506,0.73078185;1.0853482,0.9578332;-0.70661545,0.5077541;-0.34626722,-1.3987358;1.5955516,0.52303725;-0.39536184,1.0034014;-0.12946889,0.718861;-0.8213998,-1.199787;-0.87470764,-2.047524;0.13440394,-1.0650427;-0.593931,-0.2433281;-1.0175426,-1.7569164;-0.63100237,-2.0757077;1.8876557,1.217842;1.712123,1.1944792;-0.4883736,0.28812718;-1.1344727,0.33483255;-1.2577398,0.2998778;-0.61678547,-0.11283881;-0.65554434,-1.9758137;0.84976715,1.3936477;-0.18153809,-1.4689077;0.41015685,0.8966472;-0.8289017,-1.134045;0.98341656,0.5516281;1.2463951,1.3510518;1.7856058,0.7807925;-1.7362862,0.11920734;-1.9643748,0.009047383;0.3490507,-0.8370128;-0.61270154,-1.5822334;0.25567737,-0.26421613;-1.4200032,-0.4728489;-1.1315742,-1.2542359;-0.62388927,0.108423814;1.2747434,1.6068172;-0.8129853,-0.15632434;-0.7494717,-2.0618563;-0.30149546,-1.718291;1.840809,1.310524;-0.3777687,0.44334623;-0.6007796,0.5355899;0.4106589,0.3751775;-0.2156918,-0.40041006;-0.2738587,-1.3438214;0.9983815,1.438035;-0.17170599,1.1268616;-0.6497283,0.5313063;1.9706589,0.9292169;-0.7188845,-2.1714969;-0.66473913,0.7670791;-0.52484214,0.7225146;-0.6165424,0.04377367;0.13556443,-0.8959164;-0.020421872,-0.7365542;-0.997557,0.32826623;0.09344881,1.2332317;1.1237482,1.5555389;-0.11144173,-0.84794724;-0.61328673,-2.085031;-0.6164809,-0.16895108;1.9810731,1.2835809;-0.41404346,-1.4972957;-0.8044383,-0.8798821;-0.888531,-1.3449901;0.61127365,1.2681079;0.2991829,1.083775;1.1653056,0.5778926;-0.61702573,-1.637295;-0.25361207,0.71609783;-0.5281028,1.0771769;0.22457959,-0.09543436;-1.6777918,-0.037816964;-0.8959514,-1.180728;-1.135954,-1.3208306;0.028438965,1.1925185;-0.8970295,0.4186602;0.08118436,0.72642314;-0.03865214,-0.24715671;0.0716868,-0.24405612;2.1228058,0.9745776;1.2572783,0.47705168;-1.0179336,-0.583366;-0.71435326,-1.4896698;-0.78620815,-0.916192;1.7616663,0.7408849;-0.7050619,-2.0945776;-1.5046006,0.017734133;-1.6387165,-0.21229324;-0.81710595,-2.1186647;0.05203976,0.5434642;-1.1576145,-0.19199064;-0.61384755,-1.2950339;-1.0394734,-0.33221915;1.6398517,0.510027;-1.5148526,0.22277743;0.18777628,1.1848153;-0.9105249,-0.70106125;-0.23688868,-1.4201188;0.28767237,0.74983907;0.48331225,1.3036908;-1.8438885,0.15463804;-0.9133548,-0.2774432;1.4261422,0.75143164;-0.9906524,-1.8253236;-1.8413931,0.18992838;1.1570016,0.5169861;1.0289745,1.2716987;0.44333133,1.3486402;-1.2296836,-1.0627335;0.18777567,-1.0735769;1.8128644,1.3497212;-0.7794488,-1.2193458;0.091600664,0.7276369;-0.108606204,-0.77715766;1.2324625,1.582345;-1.0719641,-1.5834188;0.6363158,0.53236437;-0.5760407,-1.3176968;-0.4261345,-1.811531;1.5272951,1.5914066;1.0618119,0.9996077;-0.85503554,-1.2581043;-0.4176267,-0.42289644;-0.44046932,-0.1455608;0.03355802,0.79270816;0.23741493,0.7261309;1.7156863,0.8038611;-0.39336866,-1.5160491;0.024923343,-0.24637076;0.44354084,0.059825152;-0.085043125,0.64727443;-0.64641184,-0.81193393;0.91418076,0.692896;0.54711443,0.6760027;0.43139017,0.08153203;-1.0777802,-1.2841129;-1.2834798,0.11790998;-0.7024341,0.45135197;1.3019935,0.41849035;1.5256389,0.45852166;-0.51434034,-0.15511595;-0.815223,-0.84120685;-0.5360387,-1.5968535;-0.50991654,-1.524479;1.3827788,0.9058617;-1.1225512,-1.1624659;-0.5023384,0.26669788;0.78827494,1.0697714;1.3022096,0.5142171;-0.60014707,0.73049426;1.4191735,1.4262542;-0.05884586,-1.0598291;0.59717196,1.3481278;-1.0700728,-0.49893105;2.0653007,1.0681021;-1.275825,-0.21555375;-0.91403973,-1.3622409;-1.0064334,-1.6626987;-0.4475229,-0.12344586;-0.08320349,0.7891944;-0.66679996,-0.81388885;-0.51943094,-1.0013186;1.0555729,1.0908034;1.7049596,0.86488616;1.4417812,1.5192485;-0.89319265,-1.7621901;0.45633656,-0.2775662;0.16031148,-0.5947835;1.3834767,1.4932541;1.1021074,0.38026026;1.0612836,0.43779504;-0.9300369,-0.17901233;-1.1777539,-0.43445724;-0.68093824,-1.4563389;1.8051026,1.6334913;-1.1703931,-0.5993942;0.12343054,-0.5402318;-0.7880533,0.37735718;-0.69791436,0.7643862;1.6740644,1.1681051;2.0105066,0.602179;2.1393652,1.0623664;1.8774931,0.8258719;-1.0672058,-1.7552359;1.5954375,1.5279629;-0.33359325,-1.6951772;-0.284779,0.27636716;0.065065734,-0.981875;1.3642112,1.5369415;-0.6530557,0.516442;0.5258189,1.4069668;0.17117621,-0.80984825;0.19220641,0.68008506;-0.1633441,-0.0116163;1.4026338,1.3473145;1.3370097,0.6858337;1.3351203,0.7888302;1.0181782,1.2219493;0.44305998,-0.06489652;2.0116208,0.50899726;-0.38289827,-1.5701485;0.044383332,-0.79556286;-0.6608522,-0.469295;-0.6584381,-1.7834415;0.45077115,1.0495585;-0.58402807,0.80148983;-1.0524515,-1.7675394;0.330476,1.297134;1.4384964,1.5315489;-0.53122455,1.0719143;0.6309184,1.2971632;-1.0239508,-0.31607988;-0.87400055,-1.669508;-0.25981903,-1.2817467;-1.2005048,-0.41894287;0.41744825,0.22067119;-0.85361004,0.31705475;-0.67119634,-1.871519;-0.16231579,-1.4412543;-0.042624604,1.1669185;1.3514378,1.4351629;0.21505927,0.5694889;-0.14536788,0.0031501937;1.387979,0.78204435;0.55689645,0.25595674;0.40244222,0.020250542;0.21789198,-0.07268739;-0.5650868,-1.9530246;1.396919,0.5428046;-1.8434798,0.086993404;-0.86381376,0.25311002;-1.0028024,0.37153634;0.3219256,0.10750046;-1.0189306,-0.54684186;1.0731835,1.1109725;1.765886,1.5282799;1.7485951,0.661044;-0.11313929,-0.10359742;-1.3892518,-0.19878131;-0.33676094,1.0429184;0.303613,0.33110726;-1.0420394,0.41013798;0.17557912,1.2036196;-0.28193754,-0.7091529;1.0790038,1.5459349;-1.5201156,0.20468386;-0.5220342,-1.4667265;0.12790681,-0.059036985;-0.6968467,0.60637;-0.06960657,-0.9066226;-0.032593034,-0.02009683;-0.6864812,-0.35464495;-0.6010484,0.46349436;0.92776996,1.1060051;2.0343528,0.5420569;-1.2603873,-0.6301969;-1.3778903,-0.3455178;-0.7114268,0.40888298;1.3327233,1.4951011;-0.8901745,-1.097299;-0.954333,-1.2851326;-0.15940592,0.7536279;-0.24986121,-1.3003244;0.5822701,1.3711178;0.7525232,0.53343034;0.22554968,0.4405475;-0.6096641,-0.8423818;-0.037433907,-1.0385743;1.9087805,1.3231688;1.0243559,1.4405451;0.5631041,0.8346723;1.1839412,1.3088917;-0.5256342,-1.606671;-1.1311638,-0.2555687;0.46781784,0.107271366;1.871882,0.76324385;-0.0855694,-1.0172954;-0.8971876,-2.0792422;-0.9166752,-0.74754745;0.33607537,0.88626695;-0.71416163,0.57780373;0.017920837,-0.7725165;-0.7410142,-2.045591;-0.7577291,-2.1443;-0.60773325,-1.0882634;0.07055624,-1.1372007;1.9355589,0.6870941;-1.6071377,0.120857395;-0.22770269,0.69964004;0.67334,1.4365588;1.6522132,0.41432527;-0.46204343,-0.5593486;-0.42873788,-0.77148974;-0.80065763,-0.31819323;0.5204841,0.6849664;-0.9016136,-1.6519148;-1.662421,0.17287794;0.660639,1.3719553;-0.7331187,-1.9919121;1.3391075,0.6395876;1.3720988,0.9114338;-0.72519994,0.2441907;-0.041279092,-1.0758414;-1.5001094,-0.18840048;0.4599233,1.2086416;0.6050737,0.49729827;0.20884997,-0.18586428;-0.16535576,-0.6625354;1.2545285,1.6179054;0.6412174,0.5808747;-1.0310421,-0.43911308;-0.892747,-1.9804125;0.4560852,0.24374907;0.41500583,0.28849226;0.44256008,0.12727535;-0.18956037,1.0066371;1.9671658,0.85216284;1.7894132,0.8108178;0.29432377,-0.22865723;0.37363937,0.04732332;-1.7496004,-0.0054604486;-0.21764658,-0.7579469;1.0307276,0.4192788;1.3172015,1.4030566;-0.5914532,-0.20615567;-0.48871285,-1.7335776;1.1165056,1.1644841;1.2786331,0.5170132;1.6442327,0.8972549;0.34402862,1.1048332;0.059868667,0.25050914;0.0022453216,-1.0494062;0.36886445,-0.045872264;-1.3280721,0.048700362;1.7249575,1.0143121;0.12009472,-1.1353424;0.15463515,-0.8469356;-0.09893265,-0.87210894;-0.3248169,1.1320077;1.068464,1.063688;0.22961897,0.26900023;1.8498712,0.7850213;-0.7010483,-2.1955593;0.1299368,-0.78834385;-0.044264205,0.55757797;-1.0831398,-0.7605271;-1.2440764,-1.1275183;-0.58560926,-0.74133444;-0.88436717,-0.87170994;-0.523998,0.30992633;-1.6113329,-0.12695539;-0.42298415,-0.44180912;-0.041400984,-0.117247805;-0.59137577,-1.5296732;0.45328575,0.90001655;-0.1027732,-0.80503964;0.8384703,1.3033555;-1.4535372,0.17313845;-0.97278625,-1.6413437;0.62893474,0.2759097;2.2402966,0.977967;0.1606174,0.5379525;0.077720456,0.2922011;-0.74924886,-0.28295362;1.6153182,1.6367112;0.40845737,0.8681944;0.08481564,-1.0617023;0.45113876,-0.26249117;-0.5664823,-1.6809514;0.088148214,0.26334393;0.28826076,1.048031;-0.13279293,-1.3155211;-0.39853963,-1.7897032;0.36762065,1.0360696;1.5680707,1.5876243;1.267368,1.0327084;-1.3389937,-0.53624284;-0.79711205,-1.6352515;-0.032664977,0.4199217;-0.62138695,-0.4779852;-0.374677,-1.6034337;-1.0575447,-0.7764723;-1.7529385,-0.039873928;0.004289667,-1.0769795;0.567307,1.4578786;-0.08991195,0.6818408;0.53456515,0.78788656;-0.6430687,-0.93134373;-1.2678887,-0.3475076;1.7634416,1.5909132;-0.45435664,-1.529781;1.7446553,0.5975129;-1.0461291,-0.5861003;0.9756292,0.60579985;-1.8262789,0.16394114;-0.5397686,0.49362645;-0.14969635,1.0889732;-0.7657683,-1.4694875;-0.43731135,0.29213932;-0.75860435,0.018211734;0.42485818,1.2512035;0.91170204,0.60372317;-0.19396086,1.1420559;0.5894229,1.2417873;-0.45043465,1.105547;0.4830595,-0.08017663;0.50293607,0.18153988;-0.403306,-1.370227;1.6757017,0.6430518;0.6483806,0.5928463;-0.44861576,-0.9675517;-1.3900756,-0.3736091;-0.39492533,0.295882;-0.83507025,-2.0131743;-0.4952063,1.0748037;-0.18455325,-1.3376247;-0.14826302,1.0268179;0.53643185,-0.31407583;-0.74604696,-0.33062154;0.6312025,0.5577798;1.233876,0.9576441;-0.4644061,-1.2884136;0.0038673787,-0.855713;0.6231208,1.4177098;0.62586933,1.458202;-1.497758,-0.0054542175;-0.32149512,-1.3021442;0.41477448,0.33057374;0.25401455,-0.17759277;-1.4451592,0.14118807;0.031086007,-0.5671583;0.031927783,-0.2225267;-1.7757273,-0.023226436;-1.7212434,0.026582068;1.0798211,1.1163964;-0.8540092,-2.0482855;0.08270463,-1.1204442;-0.09415245,0.10370286;0.0031898504,-1.1687859;1.7193605,0.76775664;-0.90167755,-0.8440108;-0.8146825,-1.2865181;0.15663356,-0.8029171;-0.51539147,-1.8300538;0.86108047,1.1033351;0.30742097,0.4378646;0.8272969,0.6391961;-0.6814081,0.26936287;-0.44963983,0.2723515;2.1620398,1.0179808;-0.8290779,-2.1014254;2.227662,1.0332862;1.9391289,0.5036866;-1.4451928,-0.53046256;0.46146107,1.0483559;0.43554825,0.92089236;0.518328,0.75984406;1.5539026,0.9044737;-0.8333349,-2.0765407;0.12611428,0.8180126;0.4943759,-0.25191215;-1.6210489,-0.055931564;-0.0062280167,-0.29523623;-1.4852593,-0.1576882;-1.8833517,0.06634772;0.22701979,1.2627786;-0.673726,0.3694088;-0.5439748,1.0963621;1.6571796,0.7454507;1.8049906,1.6009307;-1.7574015,0.07935673;-0.2017961,-0.5361191;2.0228932,0.8706884;0.37630552,-0.23141988;-0.59103984,-1.0757803;-0.6372171,-2.00438;0.2396427,-0.117515616;-0.63098884,-0.5018988;0.17792854,1.0899554;0.5435427,0.21928594;0.53243893,-0.09431295;0.0891938,-0.41792294;-0.18509288,-1.3745123;-0.03949408,0.39558035;1.5013506,1.6198193;-0.7216911,0.7186931;-0.57363373,-0.7153009;-0.5731129,0.4972424;1.6811627,0.6697654;1.9839821,1.0410417;1.2033807,0.53764814;-1.0007896,-0.3917493;-0.6857474,-1.7203443;-0.4526161,-1.8018887;1.6266456,0.5807529;-0.7125336,-2.0078666;1.9701204,1.1790655;-0.67147654,-0.67951953;-0.5348058,-1.6430016;0.13324966,0.20419014;-0.53502506,-1.0658125;-1.1356614,-0.53034747;-0.88048935,-1.9555522;0.44845754,0.18078615;1.7193605,0.76775664;0.08145831,-1.2342744;-0.16742241,-1.0571368;-0.5569667,-0.2533853;1.6684082,0.7087703;1.3746979,1.3110685;-0.19755664,-1.1438856;-0.4080923,-1.3027059;-0.018909542,-0.50522184;-0.65469694,-0.72995144;1.6484811,1.5436976;0.54350424,0.82765543;-0.09266387,-0.21513033;0.19612707,-0.92110676;-0.901952,-1.9300886;1.1439904,0.94900596;-0.06402019,-0.6771616;1.7731616,1.0222743;-0.66764414,-0.6732138;-0.38350812,-1.6414021;1.7185825,1.2526356;1.58219,0.49838609;0.77551705,1.0569947;-0.79979295,0.18067533;-0.23661233,-0.9908919;1.7794312,1.6267998;-0.61212635,-0.630573;-0.24491332,-0.10506474;1.0268594,1.2696943;1.4682077,1.3964554;-0.7394435,0.025934145;-1.06786,-0.5507459;-1.0061506,-1.8990412;0.077920526,-0.8951706;-0.52785903,-1.019004;-1.8846672,0.11887316;-0.18396978,1.1632901;-0.027052682,1.1876824;-0.4056191,-1.72595;0.37257105,-0.13350882;0.3505184,-0.8376605;0.5643973,0.5964708;-0.85356295,0.229008;-0.9039718,-1.217026;0.18442658,-0.52271694;2.1168218,0.9517312;-1.2403172,-1.0938187;-1.5880406,0.19086154;-0.6070696,-1.7606894;-1.6225419,0.004649541;1.3453275,0.59519345;0.00658991,-1.2100346;0.7298869,0.42968324;-1.027816,-1.7081074;1.7865529,0.8440943;-0.4097165,1.0251023;-1.6542991,0.13852836;-0.6356784,-0.32976112;2.1580768,1.1110189;-0.53177154,-1.2470217;0.5682011,0.27085504;1.7697123,0.45300186;1.926335,0.9772275;-1.807565,0.10605779;-0.62496907,0.6272722;1.5434291,0.47060364;-1.5470054,-0.49649635;-0.87273806,-1.5999762;-0.12824146,-0.30982703;0.5577426,0.8290467;-1.0609791,0.38798866;0.08612596,1.2007271;-0.66925013,-0.63240635;1.6639414,1.2210736;-2.0090342,0.09454407;0.83916306,1.1855586;-0.5645006,0.35915396;-1.831168,0.26300812;-0.9616967,-1.9042867;0.8741341,1.2085301;1.7334493,0.7099589;-0.5082448,-0.7495739;0.0030089302,-1.1941314;-0.25540662,-0.43030465;0.09499294,0.51794475;0.4888714,0.21052623;-0.9409956,0.012360778;0.11243758,1.1225275;-0.5156606,0.12388335;-1.1842777,-1.1656715;0.8693499,1.0949725;-0.7380811,-1.5424132;-1.2062061,-0.30845517;-0.6777327,-0.6852201;-0.017117338,-0.98349816;-0.6480769,0.42831698;0.49326083,1.3112338;-0.9828709,-1.2428123;-0.7972643,-1.1719397;-0.5501931,-0.12013256;-1.6210033,-0.20039935;-1.4536918,0.11573883;-0.507718,-1.2936851;-0.5739199,0.15190981;-0.40074658,0.97079337;0.9309428,1.5535272;-1.705707,0.23621733;1.6261116,0.67397386;1.7170283,1.2964398;-0.7688563,-2.1168296;1.7324864,0.6948787;-0.54673594,-0.4710279;1.9004409,0.95530766;-0.49936515,-0.62954456;1.7912853,1.5652987;1.0594244,1.5963671;1.659416,0.4316044;-0.87016547,-1.7328129;1.8354634,1.002887;-0.37931994,-0.42869073;-0.08069004,0.8862785;-0.86273813,-2.0215206;-0.23175068,1.0082493;-0.083368964,-1.1579208;1.2164422,0.4340966;1.2102197,1.305027;0.9866815,1.2960745;-0.64645123,-0.30757943;-0.5742624,-0.09525697;1.8279481,1.333491;2.08626,1.1546594;1.9674803,0.5284395;-0.6848416,-1.7134248;1.3038452,0.4213054;0.86942196,1.2077836;-0.9066095,-0.90792423;-0.5916632,-0.9271107;-0.6807297,0.17472263;-0.38182023,0.59734577;-1.5955454,-0.06878766;1.7169526,1.2635803;-0.7383053,-1.8498696;0.21643618,1.0921336;-1.0287304,-1.8330961;-0.35295242,-1.6852562;1.3923345,1.4030238;1.2645109,0.57272375;-0.60008395,-0.15027899;-1.0933841,-0.42581683;-1.7716783,0.14475513;0.07948318,0.5714754;0.42988944,1.3237551;0.15329352,1.1408057;-1.5749857,0.16020013;-0.9527626,-0.27242142;2.088094,1.1178755;1.2082412,0.6127426;-0.67094004,-1.6021521;-0.39150256,-1.5104358;-0.91504055,0.013425876;-0.56218463,1.0451303;-0.7014711,-1.063692;-1.6101854,0.11104123;-0.7083555,0.6811676;-0.4432403,-0.5432605;1.062451,1.5672196;1.7562017,1.0189043;-0.67284197,-2.1832404;-0.43721583,-0.76908344;-1.0129112,-0.2856398;-0.37356263,0.4476909;-1.5002786,-0.16026969;-0.65358204,-1.7594067;-0.08431027,0.02405244;-0.6919808,0.23109144;1.4072412,1.3504765;-0.08975795,-1.1103445;-1.2843288,-0.21526602;-1.231551,-0.5747638;1.1920651,0.4332748;0.6585405,0.6112516;-0.68162704,-2.0850582;0.82003725,1.1658535;0.22678518,0.4517217;-0.16885662,-0.7017494;1.0558246,1.593006;-1.8827939,0.035603795;0.42662975,1.1184822;-0.24103068,-1.2064688;-1.7418413,-0.042174798;-1.1159514,-0.17453726;0.28135452,-0.24706043;2.0049984,0.6885727;-0.79236025,-1.8012471;-0.56258273,-0.9623394;-0.6673706,0.47882578;-0.9404844,-1.8753408;-0.71206445,-2.1311758;-1.1236484,-1.7801214;0.5120797,1.029223;0.51564616,0.1913392;-0.47327548,-0.17811342;-0.4201483,-1.0609307;-1.0529754,-1.6450093;-0.6915781,-2.037307;2.0865269,0.96888286;-1.4485732,-0.5078187;-1.1373259,-0.5456315;-0.18114796,1.1565121;-0.09985666,0.51096714;1.1034585,0.87837815;-0.8797977,-0.30146948;-0.8524463,-0.25365412;1.4324182,1.5880301;-1.0726265,-1.6313587;-0.090152144,0.8619424;0.0981832,0.3245079;0.37361905,-0.079675496;-1.0369086,-0.23345594;-0.8297729,-1.3213925;0.85730755,1.41709;-1.2443516,-0.34065935;-1.2685759,-0.046025164;-0.7093446,-1.0563942;-0.024563272,0.98452926;0.64261824,1.4284163;-0.035885107,0.8505305;-0.08633066,-0.9138129;0.19793066,0.679487;-0.31101882,-1.257287;1.8223388,1.5845088;-0.8874739,-1.6015432;-0.73733395,0.45368543;-0.62267494,0.686558;0.1047532,-0.03834275;-0.33836642,1.0428078;0.21339662,-1.0452454;0.0049937745,-0.041157726;1.2946851,0.54774547;-0.5532005,0.67818075;2.0339367,0.5292937;-0.35795572,-0.5389678;-0.89393973,-1.7012922;-0.4369839,-1.2332821;-0.24188867,1.0305216;0.6120069,0.7668682;-0.5283913,-0.262232;-0.29731166,-0.71764463;0.1961864,-0.9503967;-0.29924068,-1.211124;0.15865207,0.2596666;0.17160574,1.1730901;-0.9208507,-1.1713616;-0.8337317,-1.5586619;0.89113015,0.69499403;0.41710547,-0.20562717;0.5562185,1.4207889;-0.26976088,0.74001914;-0.73672193,-1.454519;-0.69177055,-1.6637391;-0.5594697,0.3345911;-0.6434952,0.32349637;0.3113873,0.08074763;1.8864748,0.45388457;-1.113795,-1.7371944;-0.61314046,0.76762205;-0.20849714,-0.04727903;-1.0246245,-0.018604716;0.10192044,-0.56120646;-1.6541461,-0.08158088;2.0408323,1.0568575;1.684353,1.0413858;-0.24804704,-0.074653454;0.2848643,0.44006154;-0.94706863,-0.9383225;-1.1090341,-0.17335486;1.384029,0.7225232;-0.5348313,-0.7601863;-1.0966754,-0.27163777;-0.8260765,-1.8613036;1.3037802,1.6086972;-0.09788702,0.84516734;-1.1446918,-0.7076681;1.3559234,0.3895358;1.006536,0.5761051;0.7316465,0.47718954;-0.79270285,0.023528682;0.26210198,-0.048547275;-0.8909365,-1.8500335;-0.12850441,0.80230945;1.3408842,0.65168893;0.98632675,0.6725134;0.9306981,1.2691975;-0.46138737,0.6844482;0.16516908,0.29435652;-1.0836643,-0.16194877;-0.7663005,-0.60923475;-0.87483704,-1.2515604;0.035277024,-0.56724536;-1.5416317,-0.101936795;2.1018677,1.0942346;-1.2041999,-1.2283126;0.25814682,-0.72821504;0.20922014,-0.79144317;-0.28693542,-0.052478556;-1.4320397,0.12798254;-1.0230634,-0.6139049;-0.5979226,-1.506121;0.053047124,0.50813365;-0.9054374,-0.6872987;0.14032222,0.26764846;-0.68244696,0.79656637;-0.8960079,-0.33438072;-0.817667,-1.8780226;-1.0404013,-0.25182158;-0.6422952,0.76219934;-0.6649284,-1.1248934;-0.86897635,-1.1253109;-0.5596381,-0.05348042;0.31642154,0.78268087;0.9142593,1.5142039;1.2627944,1.4393842;1.2277708,0.9901884;-0.004312593,-0.76846987;0.039052952,-0.51385385;-1.7801279,0.23719576;1.4682467,0.78330463;-0.48748192,-1.6629958;-0.06747297,-1.2034436;0.11185344,-0.93414754;-1.2144587,-0.40454537;2.24909,0.93706346;-0.61602396,-2.037337;-0.35768494,-0.8856956;0.20730896,-0.89645344;-0.33031392,1.1411015;-1.5202978,-0.49314833;-0.7748701,-0.71864766;-0.8810927,-1.7992105;-0.82696724,-1.8878834;1.834033,1.6216177;1.5781415,1.233011;1.3280361,0.58456045;-1.083146,-0.39718127;1.6155933,1.3269241;2.0306735,0.56936896;-0.64796203,-2.1429894;-0.48537037,-1.5186526;-0.79596895,-1.0482706;1.8336338,0.45540953;0.13390946,0.2738651;1.8304305,1.3757536;-1.2907073,-0.55784446;0.3562123,-0.09887224;-0.1839485,-0.036994863;1.1399404,0.9407552;-0.48955894,-1.6053481;-1.5706338,-0.36135766;1.8388801,1.3904608;1.9716156,1.2902057;-0.38365424,1.0046793;1.4346956,1.4961083;1.0850253,0.92675984;1.9384226,0.9421446;-0.53110594,-0.36569977;1.5108478,1.5725982;-0.12743776,-0.6634161;-0.34082907,-1.7959437;-1.452895,-0.12738416;1.065612,0.5746716
p3d-kl
0.6899088621139526
p3d-iter
599
p3d
-1.2266172,-0.60620284,0.038048577;-0.20919958,-1.3607858,-0.54828525;0.6105901,-1.1184673,-1.1166867;-0.8141584,1.3664231,0.67830145;-0.5418538,0.59996974,-0.7710406;-0.26531717,0.7797409,1.3758687;-0.29051515,-0.077694446,-0.37448075;-0.20597179,-0.8156327,0.52806723;-0.17644612,-0.13463429,1.161012;-0.35079938,-1.6171143,0.6277778;-1.5055801,1.5899768,0.8749986;0.49342942,0.050987024,-0.012966136;-1.4881134,1.392098,0.64941317;0.33524835,0.9296725,0.5412274;0.5700715,1.0351113,0.38009822;-1.4780693,1.3750789,0.70798075;-1.5363117,1.0248761,0.38113257;-0.9972563,1.3104261,1.5275707;-0.41858503,0.89830035,1.2128816;0.548327,0.21558784,-0.08353486;0.25623336,-0.5054832,0.68249315;0.8976043,0.5183798,-0.48988268;-0.49883494,-0.918202,0.42564884;1.3463968,-1.5061681,-1.2281638;0.111823075,0.74055296,0.75938654;-0.6901916,0.92551774,1.8192495;0.29811332,0.9087973,1.5108873;0.94590133,-1.1533836,-1.1289558;0.7804547,-0.098613866,-0.13866495;-0.84901005,0.6840615,-0.61634344;-0.30114138,-0.0060601644,1.3732637;-1.5313188,1.6715162,0.92691255;0.56833804,0.0041723032,-1.1502577;0.90417165,-0.5588426,-0.9466395;-0.9781642,-0.12434961,-0.26703578;-0.51574993,0.13304472,2.207174;0.32183704,-1.5654879,-0.17806861;0.6485635,-0.13844223,-0.67954344;1.1833701,-1.2970173,-0.5621365;-0.8372431,1.4424707,0.73511;-1.334279,-0.5746585,0.3456181;0.6706729,1.2405698,0.51762044;0.092412636,0.9790256,0.728616;-0.8240465,1.1558318,1.7138293;0.006771678,1.392634,1.3026255;0.67368263,0.5628938,-0.61082995;-0.103280894,0.4570466,1.686383;-0.58182395,-0.28939536,-0.33505064;1.0951356,-0.29091284,-1.8079052;0.38493598,0.17002223,1.1800885;-0.6225815,0.37758273,2.2405462;-0.3731421,0.21419743,2.066215;0.31519774,0.61577845,0.12118785;0.65616435,0.5199625,-0.6220081;-1.3647426,1.3098316,0.642445;0.20106459,-1.5287224,-0.90561223;0.81868917,-0.89612085,-1.0360781;1.636768,-1.6691282,-1.2981049;-1.495282,1.3669122,0.92872375;-0.1228781,-0.17311412,1.0667524;-0.31170171,0.39160994,1.2668273;-0.28526795,-1.5602343,0.606114;-1.2863001,-0.6740699,0.3913868;-0.009222873,1.5472496,1.3767949;-0.45618314,0.37717745,-0.27534202;-1.7626622,1.0834998,0.64668506;1.0887572,-0.6670866,-1.539431;0.6262632,-1.5269979,-0.9869277;-1.0696356,1.6390005,1.6307633;-0.3730952,-0.9078377,0.07110259;-0.7388682,0.4105614,1.5318557;1.2242818,-0.13062406,-1.0683987;-0.29447222,1.298285,-0.097992085;1.1439122,-0.661046,-0.62022865;-0.8325581,-0.7190188,-0.32860023;-1.9836473,0.7659983,0.73118556;-0.07802367,0.23189306,0.41487542;-1.6333176,1.4229594,0.89866304;0.18246181,-0.03299039,0.86880976;-0.2913794,1.1148454,0.7075742;-1.1512138,0.8177138,0.1807875;-1.1747625,0.21517639,-0.15068406;1.6243432,-1.5180303,-1.0580474;0.12376701,-0.009227157,1.1076179;-0.85278666,1.8527508,1.6341745;-0.9398964,0.6542135,0.077865705;-0.7903809,1.5418863,0.44009224;1.1677821,-0.889438,-0.5208133;0.093303904,-0.05777999,1.0186676;-1.410376,1.1265458,0.8486694;-0.5717667,0.56127936,-0.7649767;-0.15825865,-1.3795288,-0.62533635;0.9298167,-1.8165709,-1.0942062;-1.1675135,-0.07577566,-0.17207725;0.3330688,-0.16159277,-0.37126827;-1.9382483,0.86251813,0.73793;-0.24172828,0.9981917,1.350952;-0.6204533,0.9823445,1.8349403;1.7449839,-1.5168447,-1.348608;-0.9067106,1.5762868,1.7047665;0.59565425,1.067394,0.46857822;-1.5124836,0.09095571,0.11064819;1.0630856,0.15702732,-1.4605075;0.5345964,0.001388076,-0.2145572;0.31897226,0.9138765,0.5597191;-0.17550579,-0.114612445,1.2100387;-0.54048467,0.40275943,2.2135832;0.64430064,-0.99298483,-1.0337204;-0.7293355,1.7046536,0.54608;-0.5026013,0.9589006,1.8970108;-1.3772244,-0.48840052,0.3890688;1.9779361,-1.1263475,-1.7169327;0.14151974,-0.026603227,0.93952894;-0.26585105,0.7998125,1.4338557;1.1441534,-0.27752647,-1.7282101;-0.16397521,0.50587964,0.6002199;0.011419711,0.23357613,-0.8300768;-1.8746902,0.37805015,0.5110029;0.34501374,0.14767893,-0.47439104;-0.8164599,1.7089531,1.1745872;-0.39972576,0.5760051,2.1450057;-1.6312239,0.14893188,0.27616858;0.9621267,-0.7315303,-1.6859107;-0.15401806,-0.68966746,-0.043929763;1.0896001,-0.07048359,-1.6908511;-0.42653555,1.5742081,1.3904021;-1.0090196,0.9777453,0.047300804;-0.33990127,0.8514304,0.7483391;1.3318383,-1.0187905,-0.8737286;-0.6391632,-0.07007741,-0.30064908;-0.683081,1.0169035,0.6104502;-0.33897778,0.12374152,2.0143626;1.0964448,-0.9407968,-1.6264043;2.0993538,-1.4146111,-1.867066;1.0059673,-0.95198727,-0.32799482;0.066072196,0.16339293,-0.835122;1.7098674,-0.89514226,-1.7629364;2.1888945,-1.0876688,-1.6885434;-1.4447899,-0.04331166,0.064145535;-1.3273845,0.28928882,-0.044448674;0.017845063,0.48617268,0.43215;-0.26716906,0.10745979,0.86182636;-0.31794772,-0.001129896,0.746091;-0.15439335,0.34441507,-0.61742383;2.029316,-1.1682041,-1.5903391;-1.4006389,1.0508556,0.96743715;1.5009792,-1.0337716,-0.8047907;-0.74155015,0.99368495,1.8171248;0.9903968,-0.9980158,-1.4321781;-0.5172568,0.534654,0.107701175;-1.4689195,0.81741184,0.7202048;-1.0230396,0.1376266,-0.27880427;-0.3621236,-1.1463188,0.60029024;-0.12920764,-1.4150443,0.5218587;1.1058729,0.3331476,-0.2926023;1.5175833,-1.9024774,-1.2675409;0.5576619,1.3052162,0.73246956;0.2908742,-1.533535,-0.9966877;1.0798703,-0.22580838,-1.7897496;0.24302202,0.01323489,1.0706449;-1.8054572,1.0273712,1.0991006;-0.09013166,-0.16353942,-0.563097;2.1720903,-1.3809175,-1.6759274;1.6876763,-1.1373686,-0.9903077;-1.5688288,0.12947349,0.2535486;-0.28723964,0.6628464,0.22159834;-0.37967673,0.9856943,0.5387702;-0.00052393455,1.3817639,1.4494115;0.4130111,0.5737826,-0.2496625;1.3176545,-0.65548354,-0.8475915;-1.4865869,1.7023574,0.92103076;-0.74026656,1.6081734,0.85741544;-0.3470798,0.9628742,0.59783167;-1.0119998,-0.67904216,0.109235525;2.366377,-1.3101835,-1.7391089;-0.501276,1.6178484,1.4000403;-0.49421564,1.3367299,1.2216446;0.32007062,-0.22012852,0.8357758;0.9544567,-0.2635798,-0.26968673;0.7482393,0.008537159,-0.4372616;-0.18533766,-0.10854481,1.201857;-0.90224975,2.078482,1.1369615;-1.6959028,1.329006,1.1418577;1.0262338,0.30875865,-0.68086964;2.1960323,-1.0613183,-1.6781257;-0.15591453,0.3787188,-0.8317778;-1.5115131,-0.14994124,0.40254486;1.3568623,-1.7342099,-0.8754338;0.71357614,-0.9106397,-1.1667275;1.2797173,-0.46287093,-1.6410217;-1.0998604,1.4583861,1.104512;-0.8577838,1.5951202,1.5542686;-0.5644643,0.45411468,-0.4188757;1.6116158,-1.7182591,-1.2865433;-0.35624036,0.021955566,1.7279731;-0.60239816,1.425787,0.5026098;0.38990045,0.9830062,0.3375904;-0.26237878,-1.4202476,-0.005775322;1.026219,-0.75722545,-1.5427796;1.2125169,-1.7508559,-1.1404644;-0.81164694,1.9716605,1.163771;-0.29642132,-0.09503722,1.3272437;-0.39573678,0.7139022,2.0998867;0.43540284,0.14423655,1.045945;0.48444155,0.26856798,0.921621;-1.2126824,-0.6197018,0.02461741;-0.40992823,0.35339844,-0.47698274;0.46768674,-1.1786436,-0.31554157;1.3425194,-1.8023028,-1.299892;0.8025713,-0.9203996,-1.0529592;-0.9656115,0.049334735,-0.35142937;2.221249,-1.2328653,-1.6956313;-0.36532477,-1.0208503,-0.08477222;-0.15538803,-1.4695741,-0.61200434;2.2370842,-1.3356681,-1.88788;-0.15880004,0.6202726,1.8620452;-0.045614768,-0.70080703,-0.58616483;1.2523758,-0.7018613,-1.2991422;0.16114399,-0.78536636,-0.4762378;-0.6369333,-0.15804398,-0.2910879;-0.529154,-0.76879305,0.1853682;-0.957474,1.8015903,1.2311239;0.41794163,-1.0495871,-1.223913;1.4379839,-0.9115448,-0.85944945;-0.51559716,0.9795241,1.8648986;-1.2593024,1.8546293,1.1130012;-0.4448288,-1.3876401,0.48306602;0.1536986,-0.4236976,-0.26494458;-0.8589686,0.62057686,-0.5943318;1.8344401,-1.0201619,-1.842781;-0.5087265,-1.383807,0.44054556;-0.31143832,0.4783031,-0.7541612;-1.3162562,1.5382493,0.54169786;-1.1661459,1.6301924,1.1676338;0.66824436,-0.9032416,-0.35060316;0.981777,-1.0530217,-0.27650803;-1.6296624,0.17052554,0.25570488;1.1153758,-0.80572295,-1.4655936;-0.4036412,0.68502736,2.068911;0.8606569,0.30912274,-0.6093909;-1.7807442,1.1328596,1.0859503;1.3488922,-0.96704286,-1.8114899;-0.38031018,1.3573534,-0.12204687;1.2798911,-0.79186225,-1.2209363;1.7264824,-0.7583135,-1.2570608;-1.9155401,0.88647234,0.7195038;-1.0523043,1.0917224,0.14160076;1.1708286,-0.83640844,-1.6752912;0.36824867,0.2963613,-0.65389717;-0.04295602,0.086731955,-0.5880457;-0.48168072,0.49820924,2.1815283;-0.46922055,0.96458954,1.8984525;-1.051685,0.20117316,-0.3091531;1.3732346,-1.6361185,-0.88858265;0.46538788,0.20660008,0.9662825;0.36488068,1.2617524,0.8225321;-0.22296274,0.24273486,1.9513382;0.6322624,-0.91606057,-0.7869353;-0.6995277,1.0190283,-0.2257243;-0.68625456,1.3167312,0.030003205;0.3264983,1.290691,0.84312063;1.1173576,-0.31313008,-1.7842968;-0.18343379,-0.84967077,0.5743817;-0.33557436,0.53084964,0.65772045;-0.406932,0.0831825,-0.26708496;-0.54248005,-0.14531699,-0.41167742;-0.09946452,0.1607512,-0.72579104;0.6288801,-0.9259542,-1.2361486;1.572865,-1.8466944,-1.1163714;1.4224373,-1.52366,-1.0117298;-1.0913224,0.8245048,-0.42847338;1.1209555,0.017905766,-1.3579618;0.042061668,0.4402705,0.38465413;-1.1532105,0.7525132,0.98544693;-0.47735354,0.40582603,-0.55952436;-0.47283655,1.4473946,1.3249811;-1.6402006,1.084407,0.4317156;1.0591677,-0.7417508,-0.50321424;-1.2703482,1.5130367,1.1749804;0.31500247,-1.03888,-0.5062678;-1.2691929,-0.65391463,0.36243182;-0.013598115,-0.9384245,-0.7740587;1.2739398,-0.35273093,-1.6683792;1.5103099,-0.98061675,-1.7465662;-0.051857118,0.058072448,-0.52147955;-0.4485253,0.22203897,2.144643;0.6531338,-0.8910587,-0.81549054;0.69386894,-1.6044148,-0.8446677;-1.1602712,1.0355039,0.36179084;-1.1739179,0.20189698,-0.17679447;-1.7777187,1.0686285,0.64805406;1.6595035,-1.3896511,-1.882917;0.6881682,0.9908119,0.47778073;0.65011936,0.10710128,-0.07154018;-1.729984,1.1039189,0.64992845;-0.41654658,0.8319089,-0.27041757;-0.37099376,0.37258685,-0.13953398;-0.048580296,-0.27080262,-0.4753247;0.2743628,-1.3846524,-0.12981528;1.3267142,-1.7441227,-1.350287;-2.0057912,0.35233814,0.60938704;0.4874497,-1.3710134,-0.6669604;0.52928925,0.054977722,0.011949539;-0.23908746,0.24667351,0.80616707;-0.48660627,1.6384753,1.4183478;-1.2872394,0.296255,-0.06756166;-0.7922066,-0.7817479,-0.34938088;-1.257436,-0.5130262,0.34830052;-1.0286114,-0.23011905,-0.18698677;1.7041862,-0.8510314,-1.8182467;-1.8174775,0.75267345,0.5394373;1.6122367,-1.0727613,-1.010665;0.044542126,0.84051335,0.70957696;1.0268291,-0.5376708,-0.34101024;-1.7574646,1.0548608,0.7586766;-0.35003433,0.9235038,0.6204361;-1.2707276,1.2278436,1.4229496;0.8665025,0.033996157,-0.21628594;-0.390596,0.99539495,1.7880703;0.07638665,0.7656111,-0.21230766;-1.5257537,0.94324017,0.35551217;-0.71856993,0.6720718,-0.68265736;-0.89905864,0.7958904,-0.5399445;-1.266546,1.2889618,0.49688256;0.29751506,0.51056904,0.6039844;-0.61644965,-1.0225738,-0.3421176;1.5124114,-1.6808425,-0.88664186;0.8099225,-0.31691983,-0.3456244;0.22985196,0.03992046,-0.9991435;1.754549,-1.1905794,-1.4294759;-0.91852725,1.3252128,1.5974133;-0.61053115,1.7065487,1.3193402;1.7214326,-0.884427,-1.8153275;-1.1658608,2.043153,1.1764774;-1.7815233,1.0351073,0.66389155;-0.5990475,1.4189465,0.5117322;-1.2997956,1.7288693,1.0064365;0.14103468,-0.6873726,-0.48974064;1.5390854,-1.2271963,-1.7160498;1.3214053,-0.18730733,-0.836664;0.24709845,-1.4250535,-0.09727584;0.13172118,1.442253,0.9496763;-0.06135632,0.08059157,1.2955676;1.8632549,-1.0631242,-1.6430562;1.4365834,-1.0155975,-0.7418061;-0.72270125,1.8687449,1.1464262;-1.6215833,1.2237363,0.49787855;-0.22253108,0.98262167,1.7287809;0.06866468,0.80927086,-0.19342054;-0.89836735,0.70654535,-0.5487088;0.12348338,1.6624571,1.2142801;0.40924808,1.1345133,0.7540536;0.3341141,0.943819,0.3281218;1.9985424,-1.0612,-1.434676;-0.48761082,0.28085834,-0.83864987;-0.32207626,-1.3935996,0.5055866;-0.06762901,-0.10886398,0.9076436;-0.21569338,0.18888938,1.1962504;0.18960303,1.1690009,0.7790532;0.42289725,-1.1716018,-0.32250887;-1.1893597,1.0238994,0.38155943;-1.8348278,0.38378432,0.47586668;-0.82068413,-0.08710231,-0.3830417;0.25407836,0.45364332,0.037107002;-0.11074455,-1.0376203,-0.62592334;-0.7529884,1.1691678,0.62147796;0.078485854,1.2751698,1.5123891;-0.25940564,0.4255314,1.2513568;-0.94969016,1.8159856,1.185549;0.6714525,-0.06931141,-0.6529523;-1.6627795,1.3518244,1.1612718;-0.49259183,-0.78553927,0.25200382;1.352315,-1.3563659,-1.0303551;0.34191608,0.8862538,0.20422325;-0.4171346,1.2297052,0.75266206;1.1439273,0.26586547,-0.43290335;0.21363859,0.92223376,-0.11644416;0.23029782,-0.22261639,-0.36221495;-0.33020958,0.71053594,0.53217304;-1.1524823,0.8823109,0.6878376;-0.6891832,-0.9658456,-0.35595787;0.5301677,-1.5431118,-0.7673759;0.108281404,-1.137583,0.20921974;-0.2434659,0.50108266,0.729626;-1.7244065,1.2069656,0.6708888;0.9060243,-0.9065163,-1.4307702;1.1295586,-0.46553165,-1.5813726;-0.39590824,0.08600825,2.0108855;1.3615023,-0.20641048,-0.84370583;-1.2823485,1.4103291,1.2687314;-0.44567946,1.145828,-0.25647232;-0.08546481,0.98329365,1.4715803;0.6559883,-1.1093271,-0.77111274;1.1030087,-0.85979486,-0.4015305;-1.5769128,0.06282741,0.3783242;-1.4960665,1.6950088,0.9030576;-0.77396834,0.67457277,1.3987118;-1.4286886,1.3048702,0.4038813;1.5726118,-1.7723249,-1.1098952;0.03638723,-0.7783805,-0.3323132;0.3092059,1.3394401,0.93915105;-0.99405795,0.14026682,-0.16155934;1.156033,-0.9099457,-0.32439145;2.1099927,-1.2375394,-1.9048784;0.47591966,-1.297844,-1.1901933;-0.69997835,1.0468858,1.8888634;-0.33612117,1.152872,0.77382785;0.77403176,-0.247588,-0.40419075;2.159327,-1.396415,-1.6264151;2.302054,-1.2947108,-1.8118995;0.91408014,-1.698549,-1.1321712;0.9995687,-1.3120657,-0.63123244;-0.900326,-0.48103967,-0.30751932;-0.3737197,-0.98911184,0.41346803;-0.33002746,0.0124802515,1.7656786;-1.3796382,1.1581166,1.3238086;-0.4681003,-0.58150697,-0.42466882;0.43465173,-0.38975698,-0.565787;0.66869706,-0.5791822,-0.48852542;0.1163177,-0.24448842,-0.49443325;-0.7000034,1.298482,0.028147621;1.5288862,-1.2466644,-1.7210621;-0.47576702,-0.9303053,0.5389922;-1.2399777,1.2523161,1.2291192;2.0651927,-1.4195212,-1.5229251;-0.64467657,0.6177918,-0.770041;-1.0943983,0.83887136,-0.40752724;-0.011093436,0.06574427,0.7694595;1.0985979,-0.6717855,-0.47442394;-0.17929393,-1.1930496,-0.59631586;-1.4268613,1.8404474,1.0015359;-0.29978368,1.3080269,-0.10415469;0.5087111,0.96182066,0.11054077;0.6748684,0.45835003,-0.6274821;-1.8042101,1.0243006,1.1075548;-0.46934655,1.4378955,-0.084993735;0.24571392,-1.05274,-0.37337908;2.0095592,-1.6611272,-1.80874;0.10224022,1.552187,1.0262029;0.09127433,1.2659875,1.1890879;0.26882032,1.3559827,0.9286808;-0.8175543,0.9985969,0.8092483;-1.0767329,-0.3503404,-0.17552261;-1.0583138,-0.014805304,-0.27801165;0.5456668,1.2113591,0.6002523;0.3269343,1.1503941,0.76904887;-0.32914355,-1.5281057,0.08438627;0.6593135,0.16762334,-0.962073;-0.3401381,0.35455692,-0.08042236;-1.599662,0.9932597,0.5959355;-0.0095531745,0.2723622,-0.8662105;1.7049073,-1.1758587,-1.2190584;-1.3040819,0.9317111,0.5836768;-0.4540533,0.45518422,-0.5989301;-1.2052536,0.32489026,-0.15152097;-0.88087976,1.6642399,1.6714511;0.19514334,0.7638985,1.6295614;1.0624113,-0.7391765,-0.46284986;0.42412332,0.7706333,0.6068763;-0.1451004,-0.7794121,0.21851598;-0.7688669,-1.0163279,0.4529078;1.0284828,-1.2399973,-0.5705704;0.94241655,-0.037023697,-0.24956536;1.0804874,0.31453454,-0.55991256;-0.8334836,1.6582345,0.61829275;-1.1236335,1.0237796,0.28599802;0.16826676,1.0973529,1.5814017;-1.0492972,0.15859455,-0.19584839;2.3982303,-1.319689,-1.7231104;0.84047335,0.058774594,-0.27058384;-0.15107405,0.38745728,1.8336153;0.43554953,-1.5492505,-1.1819338;1.0464929,0.19807683,-1.4421002;0.56693286,-0.59018666,-0.7411231;0.7138262,-0.75620705,-1.254273;-0.036053434,0.4738234,0.48231152;-0.3428188,-1.204539,-0.3847148;0.38115463,0.307537,-0.7131123;0.31919736,0.46599442,0.0946527;1.4185274,-1.6349468,-1.1775026;-0.75861996,0.95160174,1.8176117;0.92299443,0.343374,-0.5997111;-1.3036431,1.6442776,0.8203289;-0.39932752,-0.69037896,0.24616583;1.4761165,-1.0518869,-1.7266908;0.12705684,1.7846516,1.2951415;-1.2957228,-0.41784436,-0.102789655;-0.17279868,0.86238885,1.7695017;0.11963837,0.87043345,1.6094928;0.15836978,-0.33493757,0.056562353;-1.9963018,0.7492104,0.7341522;-0.7084086,0.95404315,1.8069052;1.0102657,-0.94676936,-0.40009347;0.6683689,1.0208724,0.45917535;1.6853417,-1.6494538,-1.2507894;0.1842502,0.8400963,1.6400198;-0.7918182,1.5386285,1.6368332;1.3613687,-0.3910778,-0.65887195;1.7400773,-0.7987591,-1.2012972;-0.84576935,1.3891522,1.6336505;-1.9190291,0.85577035,0.7050578;-1.1791425,0.66235757,0.0021223957;0.27769056,-1.3528463,-0.7757213;1.497008,-1.1826917,-1.4981495;-0.51438594,-1.1115061,-0.29909283;0.2397473,0.09712665,-0.99228364;1.5619206,-1.5058093,-0.9288458;0.49543005,-1.5308864,-1.15668;-0.25056118,-1.5241127,0.081309825;1.0489502,-0.7841684,-0.60308605;-1.2908384,0.9721834,1.3260149;-0.28236055,0.21445146,2.0067863;-0.72368085,0.5422742,1.4865488;0.573837,-1.4228553,-1.0768071;0.07048695,-1.224537,-0.14775582;-1.9421095,0.3822071,0.5644284;1.4051985,-1.7072798,-0.95591486;-0.74961317,-0.27415457,-0.48248327;0.4684038,-1.221719,-0.330278;-0.58637315,0.6973464,0.12653449;-0.45749,-1.356995,0.48274246;-0.45323065,0.6836622,0.49349508;-0.7993998,1.424064,0.9121779;1.3008431,-1.827192,-1.3712875;0.033067353,0.5692564,0.4583558;0.25659493,-0.50785786,0.6778075;-1.3101329,1.9447746,1.0915589;-0.5735356,0.83116335,0.13624305;-0.7420266,1.67283,0.8458447;-1.0516876,1.2977189,1.0736184;-0.694565,1.505377,0.49731076;0.32177812,0.39240617,0.56671464;0.21439734,1.4594563,1.1131989;1.3153917,-0.90253305,-0.98420256;-0.80663496,-0.122852996,-0.23156154;-0.48774832,1.4437602,-0.07299256;0.8746042,-1.420372,-0.6482964;0.12630336,-1.2182555,0.21578044;0.021147754,0.6456902,0.5228676;2.1005988,-1.6057347,-1.7553132;-0.6169159,1.4177138,0.5145258;1.3996495,-0.4420499,-0.76922745;-0.86157995,1.116307,0.8536179;0.73017645,0.70889145,0.43319547;0.18891609,-0.12658611,-0.5691215;-0.42630658,1.4128113,-0.095497034;-1.0762178,0.9575869,-0.20586847;1.2925727,-0.35602567,-1.1683553;0.9836115,0.088971734,-0.6152992;-1.3399732,1.2103875,1.3420658;-1.3325176,1.0152909,1.3065001;-0.38976938,-1.0412887,-0.19982904;1.3507227,-0.23635852,-0.942167;0.0075757024,1.2849175,1.2103623;0.50871277,1.01734,0.22474624;-0.3333074,-0.69991094,0.30190328;0.4579038,-0.04397273,-0.111015454;0.42819822,0.25493914,0.95479345;-0.2893304,-1.5559273,0.07120914;-0.36946386,-1.4452804,0.20361805;-1.1969273,1.0230943,0.38493556;2.1225312,-1.4990833,-1.8571779;1.0159473,-1.2475327,-0.5465854;-0.23368827,-0.24608265,-0.91963106;1.1065706,-1.1853584,-0.7266689;-1.0092502,0.015501952,-0.43317425;0.6734544,-0.6668011,-1.2612187;1.1923373,-0.61051375,-1.5114111;0.8702605,0.07326145,-0.24182355;1.767657,-0.78751063,-1.4145914;-1.1608413,0.8124113,0.8200263;-0.10159425,0.9928552,1.332984;-0.58241487,1.1089209,-0.26678354;-0.036674757,0.21541545,0.6932131;0.04931956,0.5075853,0.43630436;-1.3093873,-0.5483063,0.08143985;2.2099636,-1.3611349,-1.8997647;-1.3316298,-0.31784084,0.0015417453;-0.5539328,-1.0514188,-0.3471943;0.22088383,-1.4777205,-0.8695209;-0.92462265,1.3120167,1.5788491;-0.7686633,1.0370349,1.773204;-0.7120123,0.56182134,1.6122758;-1.1595503,0.51553607,-0.12851733;2.167943,-1.4280041,-1.8759193;-0.5636566,0.6256269,2.1444006;0.66117376,0.9182622,0.4350065;-0.27515116,-1.3346472,-0.13192736;0.5408326,0.10627154,0.92433125;-0.2357288,-1.1152854,-0.55592537;-0.26730195,-1.4540911,0.5363629;-1.0448143,2.0580068,1.1408696;-0.17791848,0.42393813,0.66119564;-0.60168046,1.4817576,0.4710428;-0.94549525,0.1740887,-0.43808243;-1.9623456,0.3561248,0.57440066;-0.23891705,-1.1306531,0.5902096;0.53615695,-0.5754582,-0.20719936;-1.1202428,-0.43449995,-0.15669204;0.55529207,1.0834075,0.6277562;0.88649166,-1.7127304,-1.1184322;2.0849586,-1.2086258,-1.509561;0.4177813,1.0076282,0.31559563;0.21332733,0.071931995,-0.9983254;-0.7895143,1.8022877,1.5107653;0.17825274,1.553604,1.173867;0.33465624,0.27538076,0.43430242;0.32460943,0.33237582,0.13683452;1.4172355,-0.7013985,-0.77738196;-0.45920458,-1.3981107,-0.30875975;-1.9402155,0.90415305,0.79376435;-0.39792442,1.5471137,1.4096125;0.54248446,-0.4687304,-0.78918177;-0.4160098,0.7567312,0.48422185;-0.8377237,-0.07820413,-0.30600816;-1.1799864,-0.72713,0.46493486;-0.3495984,0.5020878,-0.7900145;0.20046568,-1.0053124,-0.26316723;1.6672267,-1.3163604,-1.403388;1.7318854,-0.77758867,-1.2851683;-0.7127888,-0.022127379,-0.36741325;2.0896106,-1.3606184,-1.5453223;-1.3895963,-0.24506508,0.049644407;0.53085405,-0.3472956,-1.1258703;1.5886804,-1.4325598,-1.2128141;0.28179651,0.90174437,1.5252115;0.8531305,-1.7152689,-1.022127;0.38408166,-1.0040262,-0.59240884;1.9636549,-1.6465312,-1.798358;0.2076565,1.3810084,1.1015629;-1.0092502,0.0155019555,-0.43317422;1.1521229,-1.4064034,-0.8144779;1.0259469,-0.67947996,-0.7485523;0.088407174,0.1235945,-0.8659329;-0.8785058,0.073598996,-0.41145682;-1.4535298,0.93820107,0.32333907;1.2086983,-0.94326943,-0.42205825;1.3216479,-0.37395066,-1.0760723;0.51911145,0.20227024,-0.1544087;0.5114454,-0.6169192,-0.8101204;-1.8491032,0.6451292,0.54774535;-0.7674594,0.66451263,1.3923182;0.37912446,0.14615966,1.1801251;0.9389025,-0.4010007,-0.20171355;1.9033806,-1.6928016,-1.8290769;-1.0018482,1.0132121,-0.07708785;0.74365413,0.48504335,-0.61419934;-0.8486736,-0.9379182,0.44524473;0.51875675,-0.3504818,-1.1062622;1.5562898,-1.2594604,-1.0133053;-1.4489614,0.33031198,0.08453535;-0.6045292,-0.10414954,-0.3199153;-1.1541779,0.72630095,1.018519;0.07775124,0.20841081,1.1260952;0.8726808,-0.8236418,-0.8647378;-2.0004215,0.3541812,0.60542005;0.47565028,-0.17167321,-1.064032;0.17637546,0.24037959,-0.0018688588;-1.3172271,1.5076154,0.52464616;-1.6189709,0.92100525,0.3741392;0.26142055,-0.45971808,0.6880399;0.40575582,-1.147865,-0.4288241;1.8097166,-1.6833915,-2.0252805;1.0085592,-0.17522496,-0.32573736;0.74054027,-1.6084874,-0.90715796;-0.36851844,-1.457609,0.5605326;-0.707419,1.722558,0.8431908;-0.7422282,1.9552003,1.1519612;1.6454234,-0.9991435,-1.1230302;0.48207897,0.68677175,0.53611636;1.1127737,0.3282767,-0.29431197;-0.46632427,1.5551881,-0.037277963;-0.015178149,-0.06116957,1.0381433;1.087042,-0.6426742,-1.5396135;0.4918787,0.11641182,0.16449459;-1.1868509,-0.6442464,-0.004776879;1.0238695,0.2152191,-1.4191357;-0.4827215,-0.8446427,0.4069029;1.7960098,-1.4410342,-1.3693534;-0.30996907,-1.2331175,0.06724488;-0.5616596,0.56692064,-0.79217845;1.0411886,-0.99952626,-0.9189835;-0.22869389,0.91399026,-0.33464828;1.6149276,-0.9236059,-1.7606956;-1.110646,-0.0043016733,-0.19540101;-0.6907546,1.0986841,0.57959235;-0.40962908,-0.99084586,0.4848079;0.20517987,-0.047159433,-0.3418782;-1.3376433,-0.48204985,0.42433685;1.1995909,-0.059622593,-1.2289029;0.11054959,1.689754,1.2443459;-0.56641537,-0.6029171,-0.21531893;-1.0542792,-0.6455979,0.28435016;-0.3233355,-1.274075,0.624735;-0.43042213,1.1782854,0.94107515;-0.5709468,-0.14093906,-0.40775904;0.12780331,-1.5046806,-0.85907805;1.4874642,-1.5363904,-1.7333988;0.45945442,-0.05420305,0.85708565;-0.7693228,0.659019,1.4134201;-0.23306039,0.31062308,1.2330582;-0.8864819,1.9458703,1.1486868;0.45982146,-0.36221832,-0.9336541;-1.3897773,0.4058756,-0.0028030842;-0.312163,-1.687087,0.6780403;-1.122164,1.3079562,0.70983666;-0.1278591,0.5492215,0.55036074;-0.7231588,-1.079901,0.4783162;1.8407637,-1.6319864,-1.9946395;-1.1591564,1.3843421,0.6564552;-0.8931103,0.016227536,-0.40170133;0.61072457,-0.5673612,-0.6267747;1.0864486,-0.9862904,-0.80357176;0.46006173,0.59517723,-0.45341107;-0.13866857,0.7089771,1.8457668;0.17805369,1.4819084,1.1023787;0.101388924,-0.575812,0.4827524;-0.82506156,1.6917526,1.306004;0.22340165,-0.1461644,1.2638122;1.0736428,0.055885777,-1.5085461;-1.1576315,0.7866342,0.80773175;1.396752,-1.2674165,-1.3101102;0.09772224,-0.9094729,-0.0010910983;0.54807127,-0.32291475,-1.1556175;0.937597,-0.59795034,-0.42784443;-0.2600964,0.61963797,0.63875896;-1.2528621,1.8292944,1.1165437;1.1356435,-0.7188626,-1.8175207;1.0520928,-0.9986977,-1.5177611;-0.2295798,0.29851657,-0.7072458;-0.16223563,-1.4310982,-0.59304833;-0.3149904,-0.7394133,0.27934283;1.2960527,-0.41266817,-1.2046838;0.1513204,-0.119332425,1.227857;-0.6487287,0.8770759,0.66504455;-1.5512662,1.1587945,1.2883724;-0.6276448,-1.0169911,0.39106238;-0.81015676,0.07009907,-0.3751948;-1.5185024,0.37353912,0.17028956;2.2567868,-1.3409135,-1.8453418;-0.8623914,0.015161129,-0.41986978;0.31281683,0.19308054,-0.94325674;-1.0399739,-0.6136942,0.22583134;0.5462845,0.097559065,-1.0468556;-1.901837,0.36096582,0.52305156;-1.6769847,1.1692713,1.2693999;-0.49445093,-0.51290333,-0.36789697;1.6215765,-1.359231,-1.9079419;-0.92440593,-0.8578966,0.35223514;0.40559605,0.3443288,-0.6386104;-0.59388274,0.0979539,2.2807264;2.0935602,-1.5613868,-1.8076563;-0.7950054,1.0104724,0.73448354;1.1880996,-1.0981743,-0.6181157;-0.46901995,0.1952121,-0.2605461;-1.4336793,1.267469,0.36914787;-1.3321275,1.4328929,0.62014353;0.16231434,0.002998759,-0.56029636;-0.19484882,0.20939636,-0.5471039;-1.6049992,0.17513803,0.2860329;-1.4098577,-0.39985785,0.36471793;-0.6417407,-1.0028477,-0.37918434;1.6569084,-1.308852,-1.3676987;-0.4317796,0.05151664,-0.26261315;-1.1570127,1.3818904,0.6673306;0.7867182,-0.8327065,-1.330664;0.5729136,-1.490315,-0.8482149;0.11760135,0.059731588,1.0601479;-0.29943156,0.81080276,1.3592471;-0.24287984,-1.3025542,-0.16088296;-1.463502,0.3381877,0.11851801;1.8610393,-1.422277,-1.5805633;-0.80614763,1.6903077,1.5027831;1.8778923,-0.993272,-1.834633;1.5871407,-1.0743958,-1.0373328;-1.6114056,1.0293562,0.45442164;-0.48628592,0.56815726,-0.78248495;-0.141298,0.33505985,-0.76248413;0.25143856,-1.2281301,-0.18877293;-0.41892803,-1.3023595,0.39664483;-0.20491078,0.7096494,1.8835729;-1.1778526,1.74568,1.1817011;-0.88681763,1.637413,1.2739613;-0.45844513,-0.69202834,0.53584456;0.1252021,-0.49919546,-0.27394405;-1.352804,-0.5521903,0.38838306;-0.6108639,0.50935173,-0.5460661;1.5134248,-1.6833686,-1.3643007;1.3643007,-1.6523024,-0.8859128;0.11394072,-0.5634964,0.4901344;-0.53656924,1.295878,0.5287277;0.96173614,-1.4206592,-1.0572408;-0.37543598,-1.0305926,0.37655368;-0.3396042,1.3872249,1.3787401;0.40405554,-0.38275808,-0.4843748;-1.6705128,1.3097451,1.2154188;-0.81204057,-0.97892505,0.44406155;2.3889453,-1.3115125,-1.7141004;0.64711565,-0.5963754,-0.47878328;0.1207579,-0.65841186,-0.27858284;-0.29128176,0.69377023,0.22917596;-0.24979027,-1.1289145,-0.5894372;1.7666965,-1.2911913,-1.3660342;0.07885559,0.92435753,-0.17969385;0.01674762,0.008878534,0.5951475;-1.5289756,0.9386651,0.36074573;1.1863849,-0.65491927,-0.60674584;-0.016158551,-0.94984055,-0.7850853;0.38420734,-1.3693599,-0.6557464;-0.46549463,0.2214169,-0.23718967;-0.5227706,1.4522612,-0.051809955;2.2040074,-1.166575,-1.6996119;-1.106082,1.2041346,0.77648604;-0.11436954,0.9477627,1.4445797;0.71207094,0.23691802,-0.64114195;-1.6733763,1.1828673,1.2655282;-0.22824232,-1.4882249,0.43212783;-0.9505798,1.6105996,1.7850837;1.1904198,-0.5766604,-0.8966052;-0.23922877,-1.5041639,0.08510777;-0.055501565,-0.60890526,-0.61706644;0.54176927,1.2824548,0.6879097;-0.8930877,-0.57002723,-0.16058876;1.7487551,-1.1990733,-1.7037791;0.6385403,-1.5253714,-0.8910936;-0.3273281,0.7354839,0.6427922;1.8202256,-1.5571027,-1.9423994;2.2890565,-1.2448753,-1.7824297;1.755354,-0.7722128,-1.8720849;-0.924639,1.243231,1.5856172;0.20693901,1.4796386,1.109196;-0.09416396,-0.020584997,-0.80350053;0.79765636,-1.6466327,-0.8506081;1.4756413,-0.93276876,-1.794685;2.127197,-1.2618029,-1.6220372;-1.1878046,-0.64046574,0.048732083;0.23104477,-1.5243143,-0.93579394;0.40342414,-1.0802946,-0.5966062;-0.7116493,1.6990625,0.84624195;-0.062586024,0.43267798,1.6409584;-0.94722176,0.6519573,0.084341414;0.16996498,-0.4093538,-0.21082075;0.14438508,-0.2281144,-0.13474858;-1.8642194,0.9697711,0.83184195;1.4422553,-0.89882356,-1.7998798;-0.5564967,0.13010071,2.2453442;0.1297263,0.80911565,1.8142741;0.3457919,0.6229325,0.55467194;-8.4963904e-05,-0.6645789,-0.048357237;1.2895292,-0.7391778,-1.6622968;-1.4446367,1.0290987,0.9718264;0.069942355,-1.1770997,-0.14973104;-0.11709152,-0.58630025,-0.08463955;0.97736305,-1.3710052,-0.9945043;-0.95268106,1.0711967,1.0155321;-1.3557204,1.1765292,1.3378351;-0.5534596,0.23922345,2.2394168;1.1681076,0.21881403,-0.49090576;-0.3862673,0.96365243,1.8054492;1.2664424,-0.10142548,-0.9084077;-1.9391414,0.3385589,0.55052197;1.4936838,-1.5507826,-1.7564338;-0.35032356,0.4893723,0.69507724;-0.37579602,1.3003156,1.3201708;0.3071172,-0.28119382,0.6810368;-0.7521873,1.1689376,0.619588;0.9594797,-0.9334912,-0.20305891;0.27281028,0.89983296,-0.059121165;-0.5179906,0.47169724,-0.6096178;-0.46088243,1.1559746,1.1962959;-0.66831374,-0.98702437,-0.3536586;0.4368009,-0.36502114,-0.34907725;1.5736073,-1.2617573,-1.8709134;1.2046403,-0.20605208,-1.0743339;-0.7679903,1.0609354,0.73559535;-0.742569,0.3975159,1.5271935;0.121793926,0.10497912,-0.9149284;0.6638719,-0.09329875,-0.67522943;0.9492703,-0.48911178,-0.16303582;1.1773376,-0.5269694,-1.0470135;0.19017124,0.93885964,1.646056;-0.93606335,1.8192935,1.2636262;1.0227544,-0.8034175,-1.6390119;1.4076535,-1.1676685,-1.4820865;-0.69991887,1.0642862,-0.18263048;0.57273847,1.0866294,0.4575031;-1.303826,1.1970588,1.4132991;-0.40053844,-0.0036060037,1.7447456;1.2956536,-1.781183,-1.3620738;1.6229981,-1.6611716,-1.4747432;-0.09130405,0.49194542,0.5329546;-0.10504083,0.33296868,0.58977497;0.2258514,1.1179521,0.7411627;-0.6115705,-0.79401463,-0.11526259;1.6838788,-0.7517383,-1.8077449;-0.5164469,1.6343784,1.3228514;0.094876535,0.5803459,-0.18970276;0.013426905,-0.5998639,0.2817868;0.5616172,0.025975257,-0.05622415;-0.25718936,-1.398832,-0.18274294;-1.2389054,-0.6579683,0.4101963;-0.8403663,-0.9375306,0.5363245;0.13733971,0.4157619,-0.029914416;-0.09526967,0.99431103,1.3638543;0.80099803,-0.7884705,-1.3847523;-0.057069167,-0.59767854,-0.6173688;-0.800504,0.6588602,-0.6405913;0.6443017,-0.5144316,-0.7335855;0.05897311,-0.78607064,-0.29279178;1.8456242,-1.4093585,-1.7871659;-1.8208663,1.0137155,1.0769507;-0.5347472,0.13791609,2.2266471;0.3992966,-1.6116714,-0.3134634;-0.3539598,-0.08794766,-0.32269442;-0.55130434,0.5716983,0.06244372;-0.3127724,1.0759473,-0.28683046;0.24224183,-0.4949037,0.66025484;0.32974938,0.9048859,0.46319735;1.8026388,-1.5440962,-1.8277853;-0.46671194,0.14155644,2.1288583;-0.66311324,0.63154626,-0.75093776;-0.6941893,0.79005235,0.0157491;-1.2809917,1.5880525,0.636589;-0.35821638,1.1939259,1.2622945;0.17148797,0.9329952,1.7296213;-0.07423226,-0.5518874,-0.6080177;0.39444748,-0.55347395,-0.8555836;1.182153,-0.86155415,-1.7203065;0.4993776,-0.07955949,-0.10809779;-0.16787726,-1.2449123,-0.257813;-1.3298041,-0.5827468,0.34024897;1.0647436,-0.014154409,-1.7459168;0.7844457,-0.40257382,-0.07301822;0.8533334,-0.03286582,-0.14501002;0.11069595,0.47527304,0.021408305;-0.30525583,-0.7425017,0.34726822;0.53878045,-1.13465,-0.33665434;1.3734977,-1.6508669,-1.1870617;-0.12929855,0.6139166,1.911867;0.40242055,-0.9883138,-1.2271404;0.18195647,0.9173864,1.6549622;-0.5201379,1.5947361,1.5298276;0.17489968,-0.62103,-0.04372652;1.8641585,-1.3514606,-1.8112297;0.04806632,-0.6881803,-0.09808179;-0.50820106,1.621262,1.3667592;0.954492,-1.676489,-1.2479846;0.95854276,-0.91770375,-1.4555911;-0.15656851,0.40165263,-0.37457907;-0.5639465,1.0261395,1.8151168;-1.5356216,1.4374868,1.2367544;-1.6039124,1.2583559,0.6361716;-1.1156207,0.83625907,-0.07004421;0.7669943,-0.22915126,-0.4390119;0.5594348,0.12576048,-0.11024491;-0.69464105,-1.0690058,0.4455861;-0.8962858,0.5811312,-0.672391;1.6634629,-1.6290665,-1.0923729;1.1806415,-0.9979266,-0.8002151;0.97871596,-0.36614138,-0.28383502;0.22314624,-1.4512646,-0.049700215;-1.2628502,-0.46930405,-0.2165339;2.083973,-1.0765147,-1.729309;0.88077235,-0.46268883,-0.8987072;0.88366485,-0.37709963,-0.23326716;-0.79981256,1.6729895,0.610703;0.14932331,-1.5088228,-0.87252367;0.50869834,-0.6732514,-1.1159197;1.7199951,-1.5391982,-1.8131677;1.8733699,-1.325195,-1.8477256;-1.9986763,0.34505796,0.60044444;-1.4213699,0.5996065,-0.052075714;-0.5407884,0.56102574,-0.8038833;0.17732318,-1.1710057,-0.23148067;-1.5333846,0.53963697,0.3090066;-0.7384997,-0.89797515,-0.34830257;2.3149729,-1.267588,-1.6540902;1.3974373,-1.6944774,-0.97917527;0.92489976,-1.1277972,-1.1699799;-0.5907624,-0.7146606,-0.09195677;0.17875338,0.9073594,1.6657108;-1.6754619,0.19463834,0.3098229;0.36016533,-1.3227519,-0.7544467;0.39405313,0.6450386,0.5027729;0.10120837,0.6474239,-0.19853;-0.98510665,1.0252186,-0.08472874;1.5924827,-1.8048471,-1.0622431;-0.071944535,-1.5718071,0.18996374;-1.6924278,0.20910461,0.34595516;-1.5205318,-0.12575465,0.40229958;-0.6903501,1.016464,0.61088216;-1.749633,1.0708946,0.6196457;-0.9716799,0.9253463,0.0074466364;-1.0291659,-0.63683707,0.16155322;0.32279214,-0.079653576,-0.19229418;-1.8892205,0.9247595,0.7014963;0.6848876,0.49107814,-0.64041996;1.7684729,-0.79745984,-1.11739;-0.3533077,-0.93841285,-0.47445387;-0.56239116,0.49152702,-0.062348682
