data_set
babi-q1
num_classes
6
data_points
1000
model
saved_models/babi-q1-e0118.ckpt
color_schema
#4E79A7,#F28E2B,#E15759,#76B7B2,#59A14F,#EDC948,#B07AA1,#FF9DA7,#9C755F,#BAB0AC
test_accuracy
0.848
test_loss
0.4501835789680481
train_accuracy
0.911125
train_loss
0.24298047645390033
val_accuracy
0.872
val_loss
0.37531315577030183
labels
12,9,15,12,15,12,11,12,17,17,15,11,17,10,10,15,11,15,17,15,12,17,17,12,10,10,10,15,15,15,12,17,15,15,9,17,9,11,15,10,9,11,9,12,11,15,12,9,17,10,10,17,11,11,15,10,15,12,11,12,12,17,9,11,11,15,15,9,17,17,11,12,11,10,9,15,15,15,12,17,11,9,10,11,17,11,11,12,15,15,9,9,12,9,9,15,15,15,10,10,10,9,17,11,11,12,10,9,17,10,9,9,15,12,15,11,17,15,9,17,10,9,10,12,10,17,11,11,11,9,11,12,9,11,15,9,17,15,9,9,17,12,12,17,10,15,15,15,15,15,11,11,9,17,10,9,11,10,17,12,10,10,10,11,9,11,11,11,15,10,17,17,11,9,9,17,15,10,17,17,12,12,12,12,10,9,17,11,15,17,12,15,11,12,12,11,17,15,9,10,12,17,17,10,12,9,15,12,9,12,9,10,12,10,9,10,9,12,12,9,9,12,15,12,10,17,12,11,9,9,17,11,12,17,12,10,10,10,10,17,12,15,11,11,15,15,11,11,11,11,10,17,9,9,10,10,17,17,15,11,11,17,12,17,17,9,11,10,9,10,15,17,17,15,9,17,15,12,17,9,9,11,17,17,11,17,9,17,11,9,15,15,10,15,15,11,11,12,12,9,9,9,9,17,12,11,9,17,17,15,11,11,17,10,11,17,10,17,17,11,11,15,15,11,11,9,10,11,11,10,15,17,15,10,10,17,12,17,12,12,12,11,17,15,11,17,12,12,15,15,10,11,11,10,10,9,17,12,11,12,11,9,11,11,11,11,11,12,12,12,12,12,11,11,17,10,15,9,9,10,9,10,10,17,17,15,17,17,17,15,15,12,9,10,17,17,10,17,9,11,10,11,10,15,17,15,12,10,11,15,10,11,9,12,17,10,10,15,12,9,12,12,9,12,10,15,15,17,10,10,17,15,15,15,17,11,15,9,10,11,10,12,9,11,10,11,10,12,11,15,15,15,15,11,9,15,10,12,11,12,9,11,10,17,11,11,10,10,10,17,12,17,17,9,15,11,9,15,11,9,10,10,12,12,11,10,9,12,10,9,15,10,10,11,11,15,15,10,12,12,15,11,9,12,9,15,10,17,17,10,10,17,10,10,17,9,9,10,12,11,17,17,12,12,11,12,17,11,11,12,11,11,11,17,9,11,10,12,12,10,11,17,12,12,15,11,15,15,12,10,10,9,17,10,15,12,15,10,10,10,11,10,11,15,10,9,9,15,10,10,10,10,15,15,17,9,10,12,10,10,12,12,11,15,10,10,11,12,10,10,17,12,17,11,9,9,17,17,11,10,10,10,15,15,17,11,15,12,11,10,15,17,9,11,9,17,15,12,15,17,11,17,17,15,9,10,9,9,10,10,9,10,10,15,11,11,11,15,12,9,11,11,10,17,11,11,12,17,15,15,9,11,15,15,11,9,15,15,11,15,15,15,11,10,10,9,17,17,17,17,10,10,17,9,15,9,17,12,12,12,15,15,15,17,9,11,9,17,9,12,11,9,9,17,11,11,11,10,15,10,12,12,9,9,17,12,12,9,17,12,11,11,15,15,12,11,12,17,12,17,11,12,11,17,17,11,17,9,11,9,10,10,12,17,10,12,9,9,9,15,11,11,15,17,9,10,9,12,17,15,17,17,12,10,12,11,11,17,15,9,17,10,9,11,12,15,9,15,12,10,9,10,17,17,15,15,9,9,9,17,10,17,17,9,12,17,17,12,12,11,11,11,11,17,11,17,17,17,17,17,12,9,17,10,17,11,10,10,12,12,11,11,17,12,12,17,17,15,11,17,11,11,9,12,9,17,9,10,9,15,11,9,11,15,10,9,9,9,17,12,11,11,17,15,15,10,10,11,11,17,10,12,9,10,10,10,10,10,15,17,9,11,17,15,12,11,10,10,15,12,10,11,12,12,11,11,11,15,12,17,10,12,17,17,12,10,10,12,17,10,11,17,11,12,17,17,11,12,11,17,9,9,11,17,11,11,15,15,17,17,10,10,17,12,11,15,12,11,11,10,9,12,12,15,10,9,17,15,17,9,17,17,10,17,15,12,12,11,10,10,10,17,17,15,12,17,9,9,15,10,12,15,15,15,17,17,15,11,15,10,12,9,9,10,11,11,9,9,12,15,9,15,9,12,12,10,17,17,10,12,15,9,10,17,11,11,11,17,9,9,11,15,11,11,11,15,12,17,9,10
pred_labels
12,9,15,12,15,12,11,12,12,12,15,11,11,10,11,15,11,15,11,12,12,17,17,12,11,10,10,15,17,15,12,17,15,15,9,17,9,11,12,11,9,11,11,15,11,15,12,9,17,10,10,17,11,11,11,10,15,12,12,12,12,17,9,11,12,15,15,17,17,15,11,12,11,10,9,15,11,15,15,17,11,9,10,15,17,11,11,12,15,15,9,9,12,9,11,15,15,15,10,10,10,9,17,11,11,12,10,9,17,10,9,17,15,12,15,11,15,15,15,17,10,9,9,12,10,17,11,12,11,9,11,10,9,11,15,9,17,15,9,9,17,12,12,15,10,15,15,15,15,11,11,11,9,12,10,9,11,10,17,12,10,12,10,11,9,11,11,11,15,10,17,17,12,9,9,17,15,10,17,17,12,12,12,12,10,9,17,11,15,17,12,15,11,12,11,11,17,11,9,10,12,17,12,10,12,9,15,12,9,10,9,10,12,10,11,10,9,12,12,12,9,17,15,15,10,17,17,11,9,9,17,11,12,17,17,10,10,9,10,15,12,15,11,15,15,15,11,11,12,11,10,10,9,17,10,10,17,10,15,11,11,17,12,17,12,9,11,10,9,10,15,17,17,15,15,17,15,12,17,9,9,11,17,12,11,17,9,9,11,9,15,15,10,15,15,11,11,12,12,9,9,9,12,17,17,11,9,17,9,15,11,11,17,10,10,17,10,17,15,11,11,15,15,11,17,9,10,11,15,10,15,17,15,10,15,17,12,12,12,10,12,11,17,15,11,17,17,12,12,15,10,11,11,10,10,9,17,12,11,12,11,9,11,11,11,11,11,12,12,12,12,12,11,15,17,10,15,9,11,10,9,10,12,17,17,15,17,17,17,15,15,12,9,10,17,17,10,17,9,11,10,11,10,15,17,15,15,17,17,15,10,11,9,12,17,10,10,15,12,9,12,12,9,12,10,15,15,17,10,10,17,15,15,10,17,11,15,9,10,11,10,12,12,11,10,11,10,12,11,15,15,15,15,11,9,15,10,12,11,12,9,11,10,17,11,11,10,11,10,17,12,17,17,12,15,11,9,15,11,9,10,15,12,12,11,10,9,12,10,9,15,10,10,10,10,15,17,10,12,12,15,11,9,12,9,15,10,17,17,10,10,17,10,17,15,9,9,10,12,11,17,17,12,12,11,12,17,11,12,12,11,11,11,12,9,11,10,12,12,10,11,17,12,12,15,11,15,15,12,10,10,9,17,10,15,12,15,15,10,9,11,10,11,15,10,9,9,15,10,15,10,11,15,15,17,9,10,12,10,10,12,12,11,15,10,10,11,12,10,10,17,12,17,11,9,9,17,12,12,10,10,10,15,15,17,11,15,12,12,10,15,15,15,11,9,17,15,12,11,17,11,17,10,15,9,15,9,9,10,10,9,10,10,15,15,11,11,15,12,9,11,10,10,17,11,11,12,17,15,11,9,11,15,15,11,9,15,15,11,15,15,12,11,10,12,9,17,17,17,11,10,10,17,9,15,9,17,12,10,10,15,15,15,17,11,11,9,15,9,12,11,9,9,17,11,11,11,9,15,15,12,12,9,17,17,12,11,9,12,11,11,11,15,15,12,11,12,17,17,17,11,12,10,17,17,11,17,9,11,9,10,12,12,17,12,12,9,9,15,15,11,11,11,9,9,10,9,12,17,15,17,12,12,10,10,11,11,17,9,9,17,10,9,11,12,15,9,15,12,10,9,10,17,17,12,15,9,15,9,17,10,17,17,9,12,17,17,12,12,11,11,11,9,17,11,17,17,9,17,9,12,9,17,10,17,11,10,10,12,17,11,15,12,12,12,17,17,15,11,17,11,11,9,12,12,17,9,10,9,15,11,9,10,15,10,9,9,9,17,12,11,11,11,15,15,10,10,11,12,9,10,12,9,10,10,10,10,10,15,17,9,11,17,15,12,11,10,15,11,12,10,11,12,12,12,11,11,15,15,17,10,12,17,15,12,10,10,12,12,9,11,17,11,12,17,17,11,12,15,17,9,17,11,11,11,11,15,15,12,17,10,10,17,9,11,15,12,11,11,10,9,12,12,15,10,9,17,15,17,9,17,17,10,17,15,12,12,12,10,10,10,17,17,15,12,17,9,9,15,10,12,15,15,15,17,17,15,11,15,10,12,9,9,10,11,11,9,9,12,12,9,15,9,12,9,10,17,17,10,12,15,9,9,17,11,11,11,17,9,9,11,15,11,17,11,15,12,17,9,11
pred_correctness
True,True,True,True,True,True,True,True,False,False,True,True,False,True,False,True,True,True,False,False,True,True,True,True,False,True,True,True,False,True,True,True,True,True,True,True,True,True,False,False,True,True,False,False,True,True,True,True,True,True,True,True,True,True,False,True,True,True,False,True,True,True,True,True,False,True,True,False,True,False,True,True,True,True,True,True,False,True,False,True,True,True,True,False,True,True,True,True,True,True,True,True,True,True,False,True,True,True,True,True,True,True,True,True,True,True,True,True,True,True,True,False,True,True,True,True,False,True,False,True,True,True,False,True,True,True,True,False,True,True,True,False,True,True,True,True,True,True,True,True,True,True,True,False,True,True,True,True,True,False,True,True,True,False,True,True,True,True,True,True,True,False,True,True,True,True,True,True,True,True,True,True,False,True,True,True,True,True,True,True,True,True,True,True,True,True,True,True,True,True,True,True,True,True,False,True,True,False,True,True,True,True,False,True,True,True,True,True,True,False,True,True,True,True,False,True,True,True,True,False,True,False,True,False,True,True,False,True,True,True,True,True,True,True,False,True,True,False,True,False,True,True,True,False,True,True,True,True,False,True,True,False,True,False,True,True,True,False,True,True,True,True,True,True,False,True,True,True,True,True,True,True,True,True,False,True,True,True,True,True,True,True,True,False,True,True,True,False,True,True,True,True,True,True,True,True,True,True,True,True,True,True,False,True,False,True,True,True,False,True,True,True,True,True,False,True,True,True,False,True,True,True,True,True,False,True,True,True,False,True,True,True,True,True,False,True,True,False,True,False,True,True,True,True,True,True,False,True,False,True,True,True,True,True,True,True,True,True,True,True,True,True,True,True,True,True,True,True,True,True,True,True,True,False,True,True,True,True,False,True,True,True,False,True,True,True,True,True,True,True,True,True,True,True,True,True,True,True,True,True,True,True,True,True,True,True,False,False,False,True,True,True,True,True,True,True,True,True,True,True,True,True,True,True,True,True,True,True,True,True,True,True,True,False,True,True,True,True,True,True,True,True,False,True,True,True,True,True,True,True,True,True,True,True,True,True,True,True,True,True,True,True,True,True,True,True,True,False,True,True,True,True,True,False,True,True,True,True,True,True,True,False,True,True,True,True,True,True,True,True,True,True,True,False,False,True,False,True,True,True,True,True,True,True,True,True,True,True,True,True,True,True,True,False,False,True,True,True,True,True,True,True,True,True,True,True,True,True,False,True,True,True,True,False,True,True,True,True,True,True,True,True,True,True,True,True,True,True,True,True,True,True,True,True,True,True,True,False,True,False,True,True,True,True,True,True,True,True,True,False,True,False,True,True,True,True,True,True,True,True,True,True,True,True,True,True,True,True,True,True,True,True,True,True,True,True,True,False,False,True,True,True,True,True,True,True,True,True,False,True,True,False,False,True,True,True,True,True,False,True,True,True,False,True,True,False,True,True,True,True,True,True,True,True,False,True,True,True,True,True,True,False,True,True,True,True,True,True,True,False,True,True,True,True,True,True,True,True,True,True,True,False,True,True,False,True,True,True,True,False,True,True,True,True,True,True,True,True,False,False,True,True,True,True,False,True,True,False,True,True,True,True,True,True,True,True,True,False,True,False,True,True,True,False,True,True,False,True,False,False,True,True,True,True,True,True,True,True,False,True,True,True,False,True,True,True,True,True,True,True,True,False,True,True,False,True,True,True,False,True,True,True,False,False,True,True,True,True,True,True,True,False,True,True,False,True,True,True,False,True,True,True,True,True,True,True,True,True,True,True,True,True,True,True,False,True,True,False,True,True,True,True,True,True,True,True,True,True,True,True,True,True,False,True,True,True,True,False,True,False,True,True,True,True,True,True,True,True,True,False,True,False,False,True,True,True,True,True,True,True,True,True,True,True,False,True,True,True,True,True,True,True,False,True,True,True,True,True,True,True,True,True,False,True,True,True,True,True,False,False,True,True,True,True,True,True,True,True,True,True,True,True,True,True,True,True,True,False,False,True,True,True,True,True,False,True,True,True,False,True,True,True,True,False,True,True,True,True,False,False,True,True,True,True,True,True,True,True,False,True,True,False,True,False,True,True,True,True,False,True,True,True,True,False,True,True,True,True,True,True,True,True,True,True,True,True,True,True,True,True,True,True,True,True,True,True,True,False,True,True,True,True,True,True,True,True,True,True,True,True,True,True,True,True,True,True,True,True,True,True,True,True,True,True,True,True,True,True,True,False,True,True,True,True,False,True,True,True,True,True,True,True,False,True,True,True,True,True,True,True,True,True,True,False,True,True,True,True,True,False
p2d-kl
0.5226120352745056
p2d-iter
599
p2d
0.41793287,2.0367045;-0.57502824,-1.4129634;1.1602106,0.5166562;0.37917542,1.6156199;1.8076895,0.7440913;0.5541348,1.9263805;-1.527044,-0.52575564;0.5943955,1.1804508;0.019621689,-0.29753092;-0.43229112,-1.4794393;1.4663198,0.67317915;-1.0416566,-0.4846873;0.2794443,0.060672153;1.4025145,-0.6327871;-0.09795611,-0.9157212;1.1512052,0.5203348;-1.4414984,-0.61571985;1.4202883,0.62605876;-0.19493636,-0.7042541;0.034384266,-0.13199043;0.57494557,1.8619676;-0.28922328,1.2221935;-0.07167892,-0.109434865;-0.3766783,-1.5297753;-0.07262743,-1.2874546;1.7548747,-0.64114136;1.8597581,-0.7109329;1.4674389,0.5789543;0.37811226,0.52164435;-0.2801526,-1.4484744;0.49589813,1.3712895;-0.3153605,1.4178915;1.8087524,0.7804695;1.4308041,0.70343095;-1.3339688,0.6126076;-0.33937725,1.1340026;-1.4060999,0.56825036;-0.82221025,-0.48934478;0.38424736,0.13743208;0.41917425,0.07729229;-1.8735306,1.0406533;-0.6267113,-0.68400645;0.0017529019,-0.9908071;0.4473046,0.13890296;-1.3688092,-0.6729577;0.6991925,0.29366222;-0.14857328,-0.74337876;-1.8018456,1.1393322;-0.23777549,0.7179993;1.0265784,-1.0048957;1.1694707,-0.9478408;-0.33337295,1.0623385;-0.80372506,-0.45595786;-0.112670906,-1.109906;-0.31849292,-0.6161718;1.8099486,-0.66041857;0.64277047,0.22493257;0.57293814,1.6204568;0.37889916,1.3212129;0.10769449,1.3660418;0.44154164,1.9693959;-0.2509574,0.81652045;-1.8814344,1.1309733;-0.3979847,-1.7541463;0.21626401,0.13973653;1.7751482,0.8070685;-0.20725432,-1.2401336;-0.16424975,-1.9122809;-0.23851767,1.0842005;0.33581957,0.07282004;-1.7599324,-0.5340483;0.40919754,1.5085367;-1.3144271,-0.5682244;1.1066862,-0.9863262;-1.6887325,0.967894;1.6964784,0.7628314;-0.34424514,-0.53159785;1.7477055,0.718067;0.36567178,0.512908;-0.3420334,0.9317137;-1.7235645,-0.61142784;-1.3114235,0.49047995;1.73376,-0.82890105;0.08240329,-0.6252835;-0.36176154,1.2316208;-1.643428,-0.5487556;-1.8533593,-0.51277554;0.41293114,1.9770775;1.690399,0.7274892;1.6957834,0.6674558;-1.8516711,1.1010151;-1.5187835,0.73607534;0.54345435,1.687022;-1.4827427,0.6246693;-0.2941915,-1.7285887;1.2090429,0.5631079;0.59743536,0.25160468;1.4535509,0.61830795;1.1896513,-0.7100523;-0.06270156,-1.1999403;1.7700394,-0.8458289;-1.3442383,0.49950555;0.07957388,0.74270684;-0.55716085,-0.6733243;-0.24179567,-1.3780903;0.62035084,1.5029851;1.0746819,-0.92013323;-0.281978,-1.7670636;0.03201593,1.2416478;1.4367075,-0.85713947;-1.8762524,1.1763608;-0.23274794,-1.6356965;1.3813152,0.60169834;0.5365075,2.00953;0.40403152,0.5078615;-0.80509365,-0.5238707;-0.16277489,-0.6333482;-0.3583629,-1.2882868;-0.31047922,-1.2602805;-0.4340429,-1.0599861;1.101882,-0.9663472;-1.6749644,0.88248926;-0.5102397,-1.467076;0.30702773,1.4705606;1.7795184,-0.62030345;-0.2967563,1.4195892;-1.3976008,-0.5965195;0.19948451,0.0031746402;-1.4902173,-0.54196554;-1.3584368,0.6722742;-1.5961186,-0.5412323;1.1705577,-0.6407862;-1.2630956,0.35694614;-0.47157595,-0.6626182;-0.34235972,-0.4951113;-1.8723714,1.1274939;-0.01940519,1.2105571;1.6300066,0.6855512;-1.2557901,0.27796215;-0.30582827,-1.654482;-0.29994154,1.2037674;0.4270265,1.6187451;-0.08160075,-0.65090233;0.31873277,0.56875175;0.88371503,-1.1093384;1.6787217,0.74527997;0.084447026,-0.6537802;1.4377608,0.5664627;1.4289001,0.6221204;0.50122917,0.28792545;-1.2520978,-0.45307165;-1.3937912,-0.43422452;-0.24355425,-0.5010152;0.074270114,1.1972765;1.2258978,-0.8718692;-1.5930762,0.8103914;-0.53901875,-0.79542;0.11947319,-0.8751959;-0.19627416,0.62982106;0.6680686,1.3032706;1.6922506,-0.5891552;-0.13716169,-0.5592449;1.2049764,-0.9174383;-1.0770347,-0.48993215;-1.2139332,0.26584595;-1.5308176,-0.5693659;0.35992944,0.16172299;0.48407084,0.21858089;0.5542385,0.2517902;1.531168,-0.7975338;-0.31472775,0.94454294;-0.09396043,-0.20699106;0.19182642,-0.023509512;-1.4919789,0.70053846;-0.34730908,-1.608871;-0.32725444,1.12711;1.3099679,0.6182485;1.4617088,-0.769138;-0.13850711,0.61797196;-0.049201407,-0.6912001;0.6153681,1.5202079;0.04809145,-0.065679125;0.58196265,1.2799352;0.58722746,1.785607;1.4414666,-0.6709786;-1.8048801,1.0122305;-0.08697332,1.6412523;-0.65201527,-0.64808553;1.1391293,0.62083644;-0.13211602,1.4986497;0.5690448,1.8930478;1.7284789,0.7404826;-1.7014344,-0.69646055;0.4000592,1.6968654;-0.012055239,-0.94947356;-1.7469221,-0.6101036;-0.12317702,-1.0326179;0.33130506,0.11623;-1.3223039,0.40975702;0.8914878,-1.04334;0.48230296,1.4041775;-0.21208106,0.7425935;0.16751556,0.035076052;0.9440853,-0.9948203;0.2924849,0.7170882;-1.8062195,1.0025343;0.9570487,0.49033332;0.40500727,2.0421631;-0.51186985,-1.5442325;-0.13164832,-1.5772079;-1.4422073,0.5714877;1.0508231,-1.0267357;0.35834244,1.782284;-0.11951723,-1.6865199;-0.11309073,-1.3135178;1.5430694,-0.67123455;-1.3637996,0.45009232;0.5352246,1.8727864;0.40821785,2.0712812;0.0058540436,-1.2696965;-1.4016869,0.5342714;0.11334888,0.7041942;1.3171301,0.5443192;0.36837712,0.4197331;1.4286742,-0.8266974;-0.19289863,0.72596;-0.06096247,-0.3426678;-1.4688764,-0.54991645;-1.6716521,0.8199078;-0.43960518,-1.2722336;-0.19726007,0.682997;-0.3451569,-1.729461;0.3816013,1.346248;-0.34803414,0.8965808;0.19135925,-1.1300222;1.5521041,-0.87166667;0.405596,-0.08426426;-0.18333425,-1.9424855;1.1650103,-0.98365265;0.042935215,-0.7446598;0.6270088,1.316918;1.7637006,0.7442861;-1.6079282,-0.66960424;-0.1306369,-0.9279263;1.0863042,0.50780714;1.6761401,0.78575706;-1.8946353,-0.6412351;-0.40026042,-0.42631322;-0.038207818,-0.045300774;-1.0661789,-0.4161278;1.0013306,-1.0137298;0.103881806,-0.8201894;-1.2519737,0.554287;-0.2014105,-1.9971882;1.6142895,-0.83511275;1.3312199,-0.8934878;-0.31955248,1.0490003;0.11008945,-1.1502104;0.8190885,0.3842263;-1.7576835,-0.50969905;-1.942383,-0.5976899;-0.18141006,0.64271617;0.5844335,1.5547045;-0.23226239,0.9423138;0.09869042,-0.24185269;-1.4390224,0.59781086;-1.4364475,-0.45133328;1.8431154,-0.7719842;-0.57832545,-1.1717591;0.945744,-1.112335;1.6321515,0.7413608;0.06966683,0.7059017;0.13129455,-0.083164655;1.2467535,0.55161005;-0.29212615,-0.56593144;-0.07279265,0.7541972;-0.35939854,-1.2550465;0.4178817,1.9719502;0.050889965,1.3431288;-1.6191306,0.8213967;-1.8718013,1.0379411;-1.3128314,-0.45390713;-0.18031423,0.49438772;-0.11994139,-0.61888;-1.7401403,-0.6834335;-0.34554005,1.0359579;-0.57427853,-1.5193515;-0.19527107,-1.8987606;-1.4328467,-0.62264067;-1.3256118,0.49799594;1.753085,0.8049007;-0.20897664,-0.67249364;1.2397478,-0.9127856;1.452352,0.58947295;1.7813993,0.77125454;-1.1026983,-0.53135014;-0.28872982,-0.7177429;-0.13758066,-1.1796646;0.35849902,1.7032584;-1.4161736,0.4823889;-1.7973833,1.0280856;-0.2592659,-1.9632658;0.006007956,-0.4471816;-0.28408298,1.2289734;0.26799315,0.52438414;-0.698978,-0.63020444;-1.6254084,0.9371603;0.08745439,0.27004138;-0.1695467,-1.9548763;0.9435733,0.42489445;-0.95569533,-0.51715463;0.12583587,-0.5220624;-0.19576795,-1.5109266;1.4195595,-0.7287865;-0.017521271,-1.1610719;-0.32063657,1.1649027;0.89481395,-1.0602378;-0.29474425,0.9247641;0.36635733,0.33225998;-0.756931,-0.36385998;-1.6954725,-0.60659105;1.8268192,0.81929684;-0.32409325,-1.3012111;-1.7505456,-0.7255201;0.16944596,-0.3816814;-1.7607361,0.91864115;1.7759326,-0.6586201;-1.8252205,-0.44760725;0.4466816,0.15940587;1.6502277,-0.5669834;1.2152231,0.52818257;-0.32182783,0.9745574;0.37056687,0.4583588;1.205942,-0.6672981;0.12186121,-0.262583;-0.15132682,1.4125462;0.58781385,1.5504851;-0.262827,-1.629423;0.60683644,1.7593285;-0.13763104,-1.8401707;0.4918958,2.0394175;-1.5052516,-0.5169738;-0.19078396,0.46863842;1.7539141,0.69529974;-1.3266894,-0.5038423;-0.2601044,0.9129835;-0.15054695,1.2042927;0.53465146,1.5367832;-0.07674656,-0.7756157;1.8886153,0.83591205;1.8578182,-0.6799082;0.026736395,-0.5696551;-1.6518565,-0.6613895;1.3981963,-0.91009325;-0.07031567,-1.1930974;-1.4002793,0.5332732;-0.301218,1.4196146;0.16917336,0.7112291;-1.6930705,-0.5638425;0.56106716,1.6025699;-1.6138974,-0.71008813;-1.2238362,0.5208144;-0.69372576,-0.5914954;-0.36672592,-0.43491405;-0.3550063,-1.7294043;-1.981817,-0.5499985;0.48626772,0.4982014;0.6621576,1.1640209;0.42612684,1.8380398;-0.0923183,-0.16054967;0.611405,1.5347573;0.16217317,-1.1462402;-0.9511165,-0.47870117;-0.10222011,-0.96209645;-0.32834134,1.005609;1.2962137,-0.8437495;1.7811935,0.8231362;-1.2557634,0.57662314;-0.25052258,-0.79668695;1.5395206,-0.641558;-1.8641993,1.0667768;-0.21319714,-1.9374893;-0.18078652,-1.7996252;-0.03356667,-0.22156769;-0.065619014,-0.08145141;0.74911714,0.33271196;-0.22724389,1.1514626;-0.26001728,0.871246;0.13969462,-1.1459424;0.88507533,0.53530526;1.6276393,0.7275538;0.5451398,1.5869546;-1.2347448,0.24905156;0.96906644,-1.0383736;0.008394602,1.343216;-0.294511,0.9967778;1.4519514,-0.6145434;-0.08496343,1.637823;-1.5232128,0.7034502;-0.59310275,-0.68388104;1.3369124,-0.89200574;-1.9868156,-0.6072455;1.6545383,-0.6138011;1.3803799,0.65252984;-0.26119372,0.99981445;0.5735614,0.17301181;0.3484,0.59967464;0.15996297,0.10402517;-0.02892176,-0.27275598;1.0301485,0.652906;1.8145376,-0.8169023;-1.2913973,-0.460486;-1.6329565,0.90200657;0.095466964,0.12290016;-0.26817092,0.9597803;0.9456551,-1.0794319;0.26179206,-0.6595837;0.6814181,0.32071108;0.31336004,0.7010016;-1.2666614,0.44433767;0.07023035,-0.14435177;0.3854982,0.10386242;-1.8065692,0.9867585;0.03291733,-1.2460513;1.2704,-0.9521046;1.0499121,0.5594939;-0.33893576,-1.377842;-0.44819254,-1.025236;1.8151078,-0.80636805;0.25622648,-0.6651483;-0.069965675,1.277579;0.9309787,0.47370604;1.1972362,0.5868268;0.17173481,-0.63994837;-0.2397494,1.3057702;-1.7576894,-0.568787;-0.13522823,-1.2350575;-0.45533752,-1.3404481;-0.04226711,-1.2662265;-0.048212003,-0.9502695;1.7697634,-0.65642464;0.34715903,1.7319493;0.053195424,-0.0063882144;-0.48904854,-0.6277796;1.3592803,-0.95037687;-0.50250363,-0.6418836;0.21527441,-0.4099695;0.6501881,1.4031787;-0.4720248,-0.6487001;1.9003716,0.84198326;1.584218,0.71163917;-0.352338,-0.6884569;1.8652544,0.8549197;-1.160473,-0.5226798;-1.314274,0.5402776;1.4464946,0.6664262;1.2505709,-0.8940426;0.41552165,1.9568326;-1.153884,-0.48518157;0.5107027,1.8652985;-1.4294527,0.5936501;-0.19901691,-1.3437464;0.12771615,-0.8344905;-0.33963633,1.2039899;-1.3513663,-0.6088673;-1.7976466,-0.6270757;1.511813,-0.80878276;-0.09667311,-1.3512676;1.0053015,-1.0783613;-0.27644062,1.3466314;0.4294908,2.0896106;-0.13823411,1.3202225;-0.5666436,-1.1795018;0.19856416,0.25792494;1.6704104,0.7837961;-1.1647568,-0.5325595;-1.6912208,0.9930947;0.96155345,0.44057807;-1.3873328,-0.5911821;-1.2530341,0.5016496;1.8075006,-0.63937503;0.03245203,-0.7255121;0.29370716,1.4562985;0.24007708,0.5384852;-1.2274879,-0.5912716;0.9833797,-1.0705023;-1.7204069,1.0107678;0.68852806,1.2354693;1.3875076,-0.74143034;0.98106414,0.73977983;1.7127297,0.76221305;1.2989227,-0.91461694;0.10163097,-0.842673;0.21138635,-0.5577134;0.23445758,-0.5930759;1.0165917,0.5018971;0.16402489,-0.20779617;1.6493042,-0.81347734;0.68466514,1.2482202;-0.139002,-0.69180226;1.330579,0.57736045;-0.4109516,-0.678678;-0.45635372,-1.2822258;0.41486904,1.4677202;-1.3151586,0.7000908;1.6670803,0.7308597;1.4735049,-0.6980161;-0.18990403,0.4683434;0.2339622,-0.12810002;1.3049744,-0.79284215;1.633095,-0.84331614;-0.13750453,0.65651387;1.489508,-0.6954824;0.036649548,-0.3388087;0.35224178,-0.007218935;-1.803098,1.1179514;-0.22140774,-2.0144775;0.25707042,-0.71660167;0.5985567,1.2046798;-0.6223548,-0.66429645;-0.26549414,1.1547647;-0.10261719,1.4784794;0.38452825,1.4701276;-0.073388115,-0.5753269;-1.2922912,-0.5329637;0.5216494,1.9516976;-0.31367648,1.001407;-1.652918,-0.75508744;0.16021763,-0.02841348;0.61625415,1.3855861;-1.9230945,-0.56970406;0.15163559,-0.39755824;-1.5892087,-0.503743;0.22611855,-0.35563833;-1.2854584,0.3768309;-1.8090907,-0.5748205;1.7893304,-0.81458825;0.56480443,1.7008258;0.03237867,-0.19591318;1.7716968,-0.8048661;-1.7083731,-0.61971086;-0.10061952,1.3402697;0.6283026,1.2736104;0.5411906,1.817109;1.5091658,0.62016493;-1.7688875,-0.5722771;0.84205854,0.42603567;-0.19632886,-0.9036236;0.43066737,1.4342265;1.083386,-0.8999104;1.892979,-0.68489474;-1.251079,0.2886711;0.14425284,0.35232458;1.2367328,-0.5816873;1.4388806,0.5679289;0.5121099,1.918909;0.6112113,0.16264026;0.18938087,-0.47270325;0.26529035,-0.18546462;-0.56826806,-1.4486169;-1.3625511,-0.6520532;1.389806,-0.87098414;-0.82684314,-0.4216001;1.1925362,0.6381611;1.4193355,-0.7027725;-1.8953098,1.0868504;-0.44298232,-1.6125747;-0.28241494,-0.6285521;0.8616677,-1.0440097;0.1748347,-0.2770152;1.8644323,-0.75280213;0.09901425,-0.56384414;0.006176892,-0.73046046;-0.126086,-1.7946877;0.14375651,-0.09021235;-1.8419663,1.0128812;1.6314502,-0.8397373;0.3437423,1.7572179;0.30684936,-0.62063605;-0.14580563,-1.6708416;0.4403048,2.0567236;0.19210458,-0.34807047;-1.5505296,-0.71686757;-0.39787415,-0.80129033;0.9839865,-0.99637336;1.7707607,-0.67624855;-0.522673,-0.66260004;0.3297875,0.68845886;1.4258776,-0.69776934;0.082551785,-1.0216587;-0.25638813,1.4121431;0.55555344,1.2650977;-0.32250997,1.2624403;-1.5196522,-0.6337297;-1.2980703,0.68068296;-1.8314981,1.0645989;0.007505127,1.2548252;-0.08081604,-0.5526736;0.1056279,-0.00038952535;0.9849398,-1.0680674;1.6894804,-0.83791757;1.0984161,-1.0165151;0.62630713,0.206153;1.700615,0.8467084;-0.2749965,0.8433717;-1.8341907,-0.59438455;0.7344144,0.36389056;0.35292608,0.6677075;0.3537989,1.3965356;0.09793326,-0.967717;1.5608656,0.69153106;0.45849955,0.14264907;-0.27172416,-1.4756627;-0.21640998,-0.7896121;-1.7100266,0.9876086;-0.08500211,1.641132;0.8892645,0.4481327;0.6570791,1.1356864;0.006822063,-0.94432074;0.15682024,-1.1456466;-1.4557335,-0.6367152;-0.05881548,1.3916752;0.15978219,-0.7718836;-0.36108845,-0.37347662;-1.3775306,0.6056326;0.1619052,-0.5644051;-1.4224821,0.6122676;-0.2580227,-1.6923921;0.96357346,-1.0433218;0.003812548,-1.2304338;-1.8953083,1.0868496;1.6935302,-0.8473025;-0.051049177,-1.415612;0.90898377,0.50969076;1.0246646,0.6678954;-1.2132213,-0.5631398;-0.75009274,-0.43505964;0.8286029,0.4324266;0.038554624,-0.23160225;-1.2282767,0.39354813;-0.5409513,-0.78348875;0.17727336,-0.4825574;1.1750286,-0.8721044;0.07860447,1.316786;-0.11980149,-1.2995278;-0.9897299,-0.49260393;0.6156393,1.3630433;-0.22462972,1.3463064;0.7798015,0.43807864;-0.21268697,-1.3730562;-1.6240629,0.8374608;-1.4299836,-0.5180788;1.1726868,0.5773394;1.0861373,0.5654268;-1.2714168,-0.5065431;-1.8354825,1.087096;1.0645305,0.48753458;-0.19810005,-1.4166851;-2.0117302,-0.59532833;1.6048497,0.76188606;0.7309916,0.37047255;-0.09172534,-0.78690374;-0.798024,-0.4922372;1.3811334,-0.666859;0.032973684,-1.2182809;-1.380658,0.51403636;-0.09567963,-0.09898655;-0.20628345,0.6822841;0.2115077,0.3123325;-0.038337637,-0.95367014;1.3183299,-0.90311813;0.09613101,-0.81408024;0.016413348,1.2354622;-0.2966509,-1.6821797;0.42374057,0.12725063;-1.7008553,0.8992879;-0.18783702,0.6924839;0.50997466,1.900869;0.28915414,-0.10626888;-0.13471328,-1.9851506;1.3780499,0.6248165;-0.32713372,-0.6886676;1.7397931,0.8615717;-0.1825103,1.2506907;-0.44875014,-0.7553217;-1.445411,-0.56388694;-1.4742769,0.6446268;-0.35805723,-1.374957;-1.251759,0.42480233;0.6112551,1.3229258;-1.9264184,-0.60957456;-1.752518,0.97166187;-0.37358627,-1.5573661;-0.077989995,1.4056456;-1.0475504,-0.4750363;-1.5548065,-0.46180603;-0.21966484,-0.5208649;-0.19924212,-1.8751843;1.5055536,0.6610314;0.3345582,-0.31553704;0.4416421,1.5865982;0.06488496,-0.116521776;-1.7326086,0.92410254;-0.28204742,-1.5569094;-0.44358614,-1.0308967;0.43462247,2.0366173;-0.58036023,-0.3569387;-1.2122517,0.30655107;-0.26105753,-1.6205436;0.07726571,-0.45695257;-1.7035109,-0.4976581;-1.4021057,-0.53159475;0.7001213,0.34574476;1.1607549,0.59999025;0.37752965,1.6405416;-1.9015161,-0.59053683;0.6448244,1.3675102;-0.2717553,1.0852325;0.27439138,0.3382881;-0.071692176,-0.40449336;-1.4951694,-0.4896988;0.5544065,1.8272641;0.26135376,0.7146822;-0.2347351,1.3709791;-0.06747524,-0.11319073;-0.9339985,-0.48686653;0.22856668,-0.16342068;-1.7508543,1.0586014;-1.1111596,-0.51010454;-1.2719463,0.5839281;1.797361,-0.6380607;-0.17299044,-1.6564913;0.20928991,0.11462554;-0.30884635,1.2069832;0.043598298,-1.1612648;0.54364216,1.9056013;-1.5727966,0.74159133;-1.769803,0.92946863;-0.26340082,-1.4570906;0.5221766,0.27677867;-1.8374481,-0.5571559;-0.21237856,-1.3066113;-0.28347132,-0.4695854;-0.31898972,-1.5913123;-1.7391727,0.82770115;1.6125124,-0.6113279;-1.6044025,0.8433402;0.56482726,1.5831679;0.02915929,1.1823399;1.1987389,0.53187734;-0.13522112,0.7070356;-0.06397017,-1.1268506;0.7037536,1.2889075;1.7362641,-0.77264404;0.1872434,-0.50427675;-1.9574236,-0.53275955;0.46180874,0.5404572;-0.09429458,1.3029531;-0.1933118,-1.9790224;-1.3939239,0.63572997;-0.04938824,1.3748838;1.6260008,-0.65140563;-0.25811127,-1.9341407;-0.5666286,-0.74339366;0.36869302,1.423926;0.7666377,0.34732983;-0.28613,-1.8670182;0.5911941,0.20894733;0.66367674,1.1405143;1.2384806,-0.7090195;-0.5986371,-1.3935312;1.8181608,-0.6897023;-0.306694,1.2696862;0.013249706,0.070932634;-0.20427361,-1.5739608;1.4038476,0.65855104;-1.7438492,0.87753904;-0.38102975,-1.2797701;-0.28242296,-1.6962954;-0.1978997,1.2358091;1.5347883,-0.6834183;-0.18373094,0.518932;-0.00588541,-0.15612218;-1.2199175,0.37955981;-0.4433045,-1.4735601;-0.039443728,1.2938843;-0.36927035,-1.3810264;0.3823019,1.4031564;-0.14423013,-1.849364;-0.27784196,-0.7008273;-2.0181978,-0.56697077;-0.18642144,-0.80930156;-0.16942637,-2.0561433;-0.055943754,-0.24889101;-1.8997254,-0.62978643;-0.11022675,1.4538145;0.18746866,0.33162785;-0.23680627,-1.8531405;0.038114917,1.3293202;-0.1919888,-1.7678756;0.40836477,1.6981623;-0.4740479,-1.6517835;-0.15329081,1.4748317;0.08310457,-0.85944813;-0.12679768,1.4919562;-1.6561733,-0.6193322;1.4857477,-0.86596054;0.14556028,-0.7884505;0.5899271,1.1339649;0.26954466,-0.1198574;-1.8123238,-0.58864564;-0.24918883,-0.62281734;-0.15404575,-0.5468943;0.6640542,1.3508365;0.30396795,0.7197207;-0.121600434,0.67717147;-0.15718418,0.7173712;1.1226715,0.49394414;-0.7769088,-0.46582636;0.19837482,0.13854937;-1.8396492,-0.5832548;-0.22316597,-1.3380836;-1.546151,0.73566335;0.60645396,1.4729155;-0.038321946,-0.9014058;-0.31688738,1.2783877;-0.47329813,-1.6715407;1.7754365,-0.7938083;-0.28308576,-1.7999746;1.6918457,0.8847515;-1.725794,-0.5416202;-1.5973846,0.8841264;-0.10795005,-1.541574;0.63894147,0.23510383;1.0799373,-0.9867249;-1.6507908,0.83311146;-0.2416448,-1.8193727;-0.2761255,-1.7538294;-0.06058077,1.5018393;-0.075539805,-0.6823205;-1.657214,-0.5548872;-0.7376742,-0.37699267;-0.2858683,-1.4938784;1.7099556,0.71414924;-0.09462667,-1.181108;1.7149098,-0.65337646;1.2442415,-0.78440905;-0.11331273,-1.5120826;0.024483647,-0.048469033;-0.39855027,-1.3834587;1.7791127,-0.7133696;0.66356033,1.2260444;-0.38772902,-1.5882572;0.921228,-1.0921897;1.5784087,-0.58250904;1.0421753,-1.0488429;1.1839024,-0.6196271;1.2966093,-0.88403076;1.1315333,0.53319913;-0.27917033,0.86126506;-1.5075705,0.6402504;-0.8385119,-0.47982404;-0.25204626,0.958174;0.8762474,0.47354972;0.42675146,2.1016307;-1.9817433,-0.5504329;1.2872669,-0.90035415;0.04281414,-0.62238806;-0.7189318,-0.37033775;0.60687,1.4058893;1.8464575,-0.6629856;-1.8198463,-0.52672905;0.5080409,1.975157;-0.1207353,-0.6587326;0.052795324,-0.12692466;-1.7825763,-0.5480974;-0.062607795,-1.0214424;0.52976733,0.2357633;0.08820736,-0.43608657;0.045434996,0.16183332;1.4923757,-0.8800076;0.37937468,1.5828036;0.34346914,0.33166233;-0.22858714,-1.3890511;0.22071372,0.053838745;1.6365358,-0.87838596;1.158861,-0.93125117;0.6947203,1.2712904;0.15407367,-0.043159097;-0.15601125,-2.0085418;-1.182246,-0.5377762;-0.27953294,0.9067094;-1.4251543,-0.58407754;0.10383596,1.3765885;-0.13891725,1.2185655;-0.2986967,1.3801284;-0.7526292,-0.5206257;0.53106445,1.9544446;-0.36119252,-0.44108188;0.013020507,-0.36328092;-1.8772633,1.1863704;-0.43859074,-1.4545122;-1.376606,-0.55510604;-0.11271576,-1.1031908;0.4927279,0.48218527;-1.7216692,-0.47929305;1.7902255,0.830085;-0.16126405,-1.0487057;-0.18041909,-0.52035266;-0.1949758,0.45714825;1.6552356,-0.5767884;1.6501001,-0.6758155;0.16882841,-1.1413876;-0.17308553,-1.9932412;-1.9820485,-0.5954057;1.6102878,0.7133612;0.5822867,1.8458563;-1.4478897,-0.5993889;-0.25287375,-0.7011301;0.3842526,-0.08010188;-0.5839348,-1.4073663;0.40878502,1.8857888;0.37590635,1.764812;1.763326,0.7214145;1.4843416,-0.77615607;-1.3273368,0.45548773;-0.44571984,-1.0477558;1.2585713,0.56752604;-0.1994155,0.4269099;-1.8009492,1.0598983;-0.027154326,1.3683643;0.08161722,0.2734104;0.16062762,-0.75168794;-0.22391108,0.8966481;0.8476617,0.45634374;0.5544446,1.7795137;0.039819263,-0.06324657;-0.1551982,-0.7613245;-0.057211567,-1.3721954;0.17054491,-1.023243;1.6586596,-0.86181533;0.0212948,0.6414716;0.011181964,0.69077766;0.79487985,0.39014038;0.36687815,1.4896315;-0.31357425,1.3752356;-1.671824,0.8478335;-1.3674918,0.56099045;-0.2737056,-1.2762041;1.2402191,-0.56706405;0.44879815,1.984939;1.8512676,0.78439116;0.06352246,-0.5844894;-0.1545681,-1.0103521;-0.009796754,-0.22781125;-0.12327318,1.420908;1.0315497,0.52457386;-1.2352167,-0.65186083;-0.35863575,-0.36605763;1.0159192,-1.0164261;0.5439671,1.8780787;-0.4605358,-1.5296156;-0.16917369,-2.0365155;1.3714383,-0.70537466;-1.0750185,-0.4625849;-0.77327836,-0.49171454;-1.7788099,1.0539311;-0.5385851,-1.4711673;0.60134023,1.3563458;-0.04797573,-0.32352906;-1.4794971,0.6722009;1.3515366,0.62982583;-1.5090411,0.77658886;0.5668342,1.338429;-0.51562285,-1.5152116;1.6414975,-0.5847749;-0.018715395,1.1910069;-0.15025261,-1.9554262;0.19580075,-0.5625089;0.5526329,1.7471821;1.0209343,0.51944757;-1.4353124,0.6411669;-0.23959777,-1.9589566;0.123125,0.71974;-0.75550026,-0.50992304;-1.0472646,-0.5144157;-0.2050829,-0.8844451;0.14551252,0.72494054;-1.6841815,0.91584533;-1.8319238,1.1343464;-1.645452,-0.530351;1.8585812,0.8315044;-1.4434369,-0.6664388;0.20530015,0.20205683;-1.2322556,-0.6157741;1.7506703,0.7974824;0.43001136,1.4312563;0.09234515,0.7626828;-1.6463834,0.9725151;-0.2912973,-0.81820756
p3d-kl
0.40400245785713196
p3d-iter
599
p3d
-1.6901687,1.5351444,0.22446792;1.2631781,0.6195928,0.07037545;-1.083134,-0.7127139,-0.5428664;-1.2755388,0.76390684,0.20906436;-1.9611187,-1.3041885,-0.85892934;-1.7165847,1.0772462,0.37607563;-0.14615929,-0.35505787,-1.899472;-0.9629297,0.21820155,0.98944515;0.51160043,-0.02255005,0.5279862;1.353671,0.33862638,0.38408878;-1.5058587,-0.94622445,-0.79333586;0.049905453,-0.32018945,-1.0272398;0.04164695,-0.038829055,0.010800528;-0.3428619,-1.3468112,1.1869534;0.93299234,-0.74731076,0.29344374;-1.0735269,-0.702398,-0.53691304;-0.18274769,-0.58272713,-1.6935074;-1.4260925,-0.84964,-0.8496045;0.74868023,-0.27131978,0.13328508;0.28055215,0.18890311,0.41831246;-1.678138,0.93522286,0.42244372;-0.5853112,1.9450052,0.76100004;0.2997869,0.39817792,0.6713107;1.5155253,0.31378162,0.32575652;1.3577591,-0.23687753,0.52634263;-0.7364823,-1.7369581,1.4852352;-0.8747696,-1.9955883,1.4623003;-1.4713234,-0.7082244,-0.8959308;-0.56430614,0.21867259,0.28134796;1.6272621,-0.08661434,0.13609944;-1.0536902,0.3453238,0.53245294;-0.8570715,2.1552892,0.68345195;-2.0205522,-1.2191292,-0.85927624;-1.4678605,-1.0326929,-0.8628516;1.0384938,1.5635139,-0.7102798;-0.5245965,1.8857445,0.945795;1.1389532,1.3678766,-0.7724374;0.249693,-0.3289404,-0.7245444;-0.1440868,-0.20039704,0.20382969;0.009454335,-0.29088065,0.16310634;1.2845054,1.270379,-2.138262;0.676798,-0.34374622,-0.7066586;1.0285579,-0.5234651,0.5893803;-0.08577389,-0.26363885,0.053127572;-0.0675871,-0.784406,-1.6382625;-0.39698556,-0.4594216,-0.20762508;0.8130192,-0.17282706,0.2525527;1.1215668,1.2302345,-2.248225;-0.091856204,1.1833098,1.0960587;0.400635,-1.6808469,1.1010908;0.16533129,-1.7305844,1.1442051;-0.47131532,1.7302158,1.0548033;0.22899498,-0.31403846,-0.6700657;1.2003294,-0.51264864,0.37251553;0.6425415,-0.24346992,-0.109465785;-0.7980747,-1.8283436,1.4948158;-0.2495643,-0.5175124,-0.20169662;-1.426662,0.5626492,0.52316594;-0.841823,0.39302048,0.3052634;-0.88783073,1.0477223,0.5705935;-1.6368551,1.3567849,0.24832122;-0.16890554,1.4026613,1.0946944;1.2445214,1.2281901,-2.2917702;1.9100207,0.115265615,0.15954518;-0.0970517,0.16963577,0.4094807;-2.0054357,-1.118162,-0.92058927;1.3713299,-0.4715883,0.19354346;2.0216348,0.29443246,0.7192544;-0.3998201,1.7929052,0.7445851;-0.1260937,-0.20616987,0.38384482;-0.31103265,-0.35688144,-2.361296;-1.1452746,0.6291569,0.32843187;0.008725168,-0.59043545,-1.443014;0.26788354,-1.703192,1.0732898;1.0611054,1.261034,-1.8044105;-1.8698207,-0.97488475,-0.86833596;0.51462317,-0.5509706,-0.04766299;-1.8925371,-1.2050251,-0.7754221;-0.56598747,0.2952907,0.22764583;-0.2378375,1.6954376,0.9472725;-0.3832047,-0.4842941,-2.2072473;1.0250496,1.2611852,-0.5460791;-0.65804154,-2.1813595,1.2389245;0.5548144,-0.7779292,0.18075828;-0.5707747,2.103171,0.7944148;-0.2564286,-0.35492682,-2.0974913;-0.48916405,-0.23584795,-2.3934767;-1.6159333,1.4058634,0.2669722;-1.8351083,-1.0925359,-0.82689023;-1.8748183,-0.84280586,-0.8388225;1.2046393,1.2994914,-2.2304463;1.0808825,1.3795737,-1.2019198;-1.4907993,0.61445516,0.38965172;1.1585071,1.3648436,-0.98801607;1.8361331,0.2326945,0.36601442;-1.1599587,-0.6963571,-0.6140566;-0.2542496,-0.38164473,-0.14214465;-1.4705166,-0.7924878,-0.84780127;-0.050910532,-1.1887562,1.0233625;1.3386122,-0.5900654,0.6142335;-0.6778491,-2.2164135,1.354392;1.0630175,1.3203586,-0.57622695;-0.43695843,0.7303659,0.79714245;0.687098,-0.39607406,-0.55636877;1.5285757,-0.23785307,0.1837567;-1.3256338,0.35177484,0.6642113;0.25283685,-1.5063242,1.0318763;1.8116112,0.44584036,0.41393805;-0.68754387,1.1950053,0.46170738;-0.25091672,-1.8841215,1.2274479;1.2396902,1.142184,-2.3598983;1.7695987,0.03398065,0.4757008;-1.3472668,-0.79491514,-0.8269391;-1.7364037,1.3225346,0.41346294;-0.5799081,0.19201517,0.21156943;0.3015692,-0.36061493,-0.7340762;0.6211054,-0.06851528,0.2966686;1.3531142,-0.08312455,-0.060760748;1.348164,-0.22043557,-0.008114224;0.8561236,0.5481638,0.9411172;0.26500258,-1.6778469,1.1085539;1.1293813,1.3497565,-1.6223742;1.2980782,0.544481,0.42138058;-1.0356451,0.8317233,0.3246467;-0.77262557,-1.7222483,1.4907088;-0.8592789,2.129328,0.6701556;-0.123427674,-0.565671,-1.6349574;0.07282651,-0.0290946,0.32800233;-0.09236111,-0.4641202,-1.8702389;1.0086108,1.6293931,-0.82064676;-0.22362544,-0.32245204,-2.006075;-0.08957155,-0.9822327,0.9164697;1.0718815,0.98859245,-0.32634804;0.69701236,-0.3956932,-0.37853485;0.45205185,-0.53457755,-0.05961163;1.2210658,1.2609578,-2.2955291;-0.6271851,1.2419899,0.58221704;-1.725782,-1.0506412,-0.75892985;1.1120129,0.898402,-0.15558031;1.7485241,0.09921198,0.25721398;-0.61182195,1.8919177,0.82867175;-1.2639514,0.8084962,0.2961824;0.7643717,0.0982844,0.46161324;-0.59641045,0.44924906,0.35603854;0.67841226,-1.663394,1.039122;-1.8355267,-1.0303061,-0.8480439;0.60150576,-0.83154285,0.21697962;-1.4381816,-0.72831607,-0.9422567;-1.4431062,-0.82569045,-0.8400891;-0.13696545,-0.1891454,-0.3756121;0.10938542,-0.39985874,-1.4335989;-0.18168092,-0.14526,-1.5635916;0.6706513,0.14621176,-0.13298348;-0.6394091,0.9958907,0.43718067;0.03826011,-1.6483243,1.1963334;1.1131315,1.3171717,-1.4053838;0.8913764,-0.3313768,-0.5771181;0.8230904,-0.7767512,0.61460423;-0.035770215,0.94512546,1.0955107;-1.1042982,0.009712172,0.7967696;-0.74162173,-1.6160197,1.2510649;0.725743,0.13276708,0.21347563;0.08052618,-1.6649021,1.0996737;0.019010931,-0.29773957,-1.0662284;1.0897281,0.7794942,-0.11357489;-0.21218438,-0.39492396,-1.8604537;-0.12195862,-0.08015259,0.16209534;-0.12026984,-0.21413079,-0.17499937;-0.17810899,-0.309656,-0.28177938;-0.41684127,-1.9059821,1.0184988;-0.28025645,1.6541523,0.9781987;0.48847044,0.3567918,0.4815305;0.114226975,-0.05284406,0.3018615;1.0915052,1.3537483,-1.1057954;1.6318531,0.33423468,0.3314108;-0.5106269,1.8841857,0.92449117;-1.2978239,-0.88084376,-0.66903335;-0.34417406,-1.7339187,1.113049;-0.091630735,0.8036385,1.0906521;0.703636,-0.06729086,0.51811635;-1.3449697,0.38127738,0.6464995;0.22470109,0.3415913,0.3165288;-1.0114188,0.16778575,0.71898746;-1.5925,0.78187835,0.47623247;-0.3875068,-1.5006815,1.0129093;1.2009108,1.3440317,-2.0106752;-1.2030712,1.7783989,0.40259695;0.6079352,-0.32895848,-0.72531754;-1.0855238,-0.5233002,-0.7311268;-0.9889705,1.7420115,0.47562015;-1.7036545,0.9438975,0.32154363;-1.8674467,-1.2006308,-0.80917376;-0.4265243,-0.70504385,-2.1263347;-1.3443599,0.9479347,0.20627902;0.984573,-0.5118771,0.5137489;-0.42626372,-0.38808778,-2.222482;1.0803218,-0.41192102,0.3090015;-0.12564823,-0.110706806,0.29497674;1.1210657,1.091093,-0.50535;0.6149035,-1.5396688,1.0429039;-1.0832883,0.40074965,0.47902268;-0.13345037,1.1659716,1.1122879;0.055851378,0.061567895,0.49914765;0.50716275,-1.5611584,1.1620251;-0.60886776,0.20711578,0.6838319;1.2125758,1.3234471,-1.9929936;-0.8442896,-0.44518164,-0.38399044;-1.6910064,1.54606,0.20342709;1.4189055,0.6044409,0.35848856;1.5662117,0.04632393,0.60544175;1.1389849,1.3338131,-0.84451604;0.37693638,-1.7262793,1.0693574;-1.3774364,1.2035152,0.2643178;1.6400188,0.37834796,0.73268694;1.4176656,-0.33905998,0.46349713;-0.458879,-1.5300516,1.2724738;1.1391251,1.1957113,-0.5592105;-1.688063,0.9999854,0.39738896;-1.7209854,1.5943575,0.19793147;1.2685792,0.069422826,0.54391783;1.1062971,1.2511064,-0.7505677;-0.44732714,0.60106796,0.7954259;-1.3655593,-0.7450976,-0.5695275;-0.4363202,0.10107265,0.2546489;-0.26197803,-1.8167517,1.1779189;-0.13665044,1.0979615,1.1107894;0.5794018,0.124957696,0.71861595;-0.100117035,-0.47785252,-1.8059834;1.1303202,1.4627615,-1.5171602;1.2525494,0.11148787,-0.11052175;-0.09667254,1.0411679,1.0957866;1.859,0.08862571,0.26692003;-0.8895463,0.41312337,0.283695;-0.21813355,1.6217444,0.87183344;0.92242646,0.20735234,0.74595577;-0.36625206,-2.0293012,1.2360045;-0.0749345,-0.603536,0.5647982;2.0665078,0.34826595,0.7148363;0.17345357,-1.7507457,1.0555071;0.74029016,-0.7472804,0.32909638;-1.1104592,0.17247662,0.8111755;-1.9432888,-1.18891,-0.7780731;-0.3337246,-0.67908394,-1.9644995;0.97542745,-0.6843782,0.22477669;-0.9986846,-0.5999084,-0.4693313;-1.8379666,-1.037182,-0.9248821;-0.4888866,-0.5333522,-2.5800688;0.27208048,-0.4226492,-0.22739615;0.23178534,0.5229506,0.45900872;-0.06638595,-0.38040894,-0.93785495;0.43605646,-1.6679393,1.1080741;0.7709511,-0.7389394,0.57399344;0.89585215,1.2152499,-0.66241425;2.1387732,0.27451673,0.6671179;-0.48237476,-2.0793624,1.2111938;-0.08031126,-1.8556406,1.1767519;-0.44894323,1.7296963,1.0511672;1.0482596,0.031881183,0.76879525;-0.62052304,-0.42416933,-0.29583937;-0.313092,-0.2712103,-2.3345456;-0.55257857,-0.41535577,-2.6296053;-0.064726606,0.93884605,1.096082;-1.3602165,0.45440516,0.5790789;-0.36974058,1.4854767,1.0732552;0.2924175,-0.075779475,0.6020515;1.1254908,1.3794694,-0.8659762;-0.23379666,-0.20360985,-1.6237075;-0.84280926,-2.120957,1.3336259;1.0151277,0.546292,0.2323649;0.5890852,-1.752052,0.9902029;-1.7458844,-1.0603629,-0.8505493;-0.39281267,0.66518134,0.8228629;0.20087038,0.11683646,0.52532136;-1.2171341,-0.73451006,-0.5775685;0.555446,-0.12982874,-0.08097718;-0.31541654,0.9715439,0.94938093;1.3524214,-0.10300629,-0.105283566;-1.6181964,1.3853326,0.2082644;-0.8255185,1.1753716,0.6365107;1.1328342,1.3135508,-1.4595087;1.2846309,1.2691193,-2.131653;0.0926257,-0.3593262,-1.5842662;0.10882878,0.71116185,1.0661767;0.7285374,0.09614999,0.32231554;-0.41926828,-0.7050962,-2.2286847;-0.4227959,1.7787586,1.0359333;1.3928568,0.6789712,0.12691621;1.9996135,0.31462458,0.66728157;-0.14426059,-0.614005,-1.7129732;1.0402066,1.2734635,-0.5717878;-1.977883,-1.1247193,-0.9261967;0.7410167,-0.2981149,0.09568834;0.035461072,-1.721434,1.1256379;-1.4665467,-0.78403324,-0.9324055;-2.0038035,-1.0659664,-0.85671234;0.03464332,-0.30510893,-1.158236;0.7811023,-0.41946125,-0.05560786;1.2619123,-0.3883299,0.37540781;-1.2947406,1.0247759,0.29657388;1.1959349,1.3039438,-0.66065365;1.1740566,1.3477526,-2.0347836;2.1005833,0.41789246,0.5520824;0.5186726,-0.088575855,0.33541173;-0.6163083,1.9013095,0.77773136;-0.53390706,0.6450613,0.34017763;0.5459233,-0.28375006,-0.78796464;1.0364214,1.2034708,-1.6369188;-0.13619114,0.19028452,0.83631164;2.0865326,0.29987657,0.71954685;-0.7690854,-0.5620551,-0.3939139;0.18656215,-0.3345971,-0.9730696;0.41838598,-0.633798,0.28097656;1.3193139,0.23272078,0.59759635;-0.3007184,-1.5559394,1.0827199;1.1884428,-0.2915596,0.56656474;-0.5440636,1.9071901,0.8750995;0.62528074,-1.5799506,1.0630051;-0.28512752,1.556972,0.9995973;-0.3427839,-0.045921687,0.24279691;0.04963781,-0.31443766,-0.48578748;-0.36884397,-0.4622762,-2.1535578;-2.0786505,-1.2356699,-0.91227454;1.3864408,-0.15065259,-0.013706545;-0.51441926,-0.7082718,-2.1852765;0.29145348,-0.45494062,0.49697042;1.1982902,1.4153287,-1.7891262;-0.78365195,-1.7648187,1.432427;-0.50993866,-0.13239603,-2.2138615;-0.097710505,-0.24060485,0.015696727;-0.7059132,-1.5611752,1.1784209;-1.1652677,-0.78146094,-0.5872756;-0.32965788,1.7131032,1.0262241;-0.48337924,0.15613341,0.25555268;-0.1151125,-1.0892892,1.0161952;0.27211025,-0.17137899,0.6292697;-0.87746966,1.7278523,0.56123525;-1.3566313,0.45464903,0.5938689;1.7042022,0.16677476,0.42339963;-1.5547485,0.75587475,0.5280747;1.9271576,0.11276044,0.7042317;-1.7848918,1.387994,0.25905395;-0.09460312,-0.38601327,-1.8979663;0.1512572,0.70564,1.0680405;-1.934647,-1.058381,-0.72879523;0.053720012,-0.46944186,-1.5338987;-0.30138132,1.5324734,1.1033971;-0.5668153,1.7891569,0.37362677;-1.2933807,0.52266383,0.5323375;0.8495487,-0.21597603,0.41219133;-2.1885312,-1.2293283,-0.8996173;-0.86461294,-1.9381824,1.5053952;0.5963887,-0.52833635,0.17482617;-0.37213475,-0.6302527,-2.0469055;-0.16035105,-1.9909563,1.1480869;1.3077136,-0.52299684,0.56517404;1.0939658,1.2167696,-0.7583063;-0.85776603,2.1374898,0.671147;-0.5088238,0.48574695,0.78113496;-0.32044664,-0.36517367,-2.1719382;-1.3993666,0.53901047,0.51305753;-0.3606915,-0.78295916,-1.979377;0.8763152,1.1308906,-0.60127455;0.4978994,-0.31935555,-0.69608295;0.29678532,-0.36177802,-0.14214228;1.857257,0.075207666,0.23274533;-0.6171549,-0.29034796,-2.664404;-0.6514119,0.12605412,0.045402862;-0.9106199,-0.014025686,0.9621933;-1.5009428,1.0845667,0.21484154;0.39057353,0.4695343,0.5040978;-1.3592046,0.38274404,0.6215357;0.99348754,0.15841036,0.77096117;0.14457785,-0.30344057,-0.9062602;1.0227216,-0.76382345,0.325356;-0.3794759,1.729965,1.0390203;-0.08768851,-1.6824322,1.2134804;-2.0055535,-1.1748816,-0.9482532;0.8865456,1.2561711,-0.69983864;0.9142512,0.060427476,0.11398328;-0.48245803,-1.4780595,1.2359962;1.2547626,1.315477,-2.1745903;2.0524924,0.4603798,0.70643187;1.852561,0.2594603,0.6786238;0.43525043,0.2271579,0.5949701;0.25032026,0.3706392,0.6870081;-0.48607573,-0.42841223,-0.25406837;-0.49885893,1.7029747,0.694234;-0.2388266,1.4565028,1.0690391;1.0026184,0.13884966,0.7964421;-0.8474225,-0.22638972,-0.27465025;-1.7412218,-0.9989986,-0.8484903;-1.3676648,0.54526186,0.50476295;1.107923,0.85828525,-0.108688734;0.4964511,-1.6615348,1.0570451;-0.8197598,1.2741286,0.6342042;-0.33481407,1.7147304,0.92621577;-0.42563856,-1.5227549,0.9005317;-1.1994437,1.767828,0.40279472;1.1128225,1.3657682,-1.1516563;0.6920032,-0.3498159,-0.637212;-0.08787931,-1.8606118,1.1767094;-0.60917425,-0.39130294,-2.700971;-0.66769475,-1.567892,1.2659639;-1.3681008,-0.8937953,-0.8540556;-0.36992198,1.587717,0.93220115;-0.10662723,-0.47791827,-0.16986132;-0.59085494,0.23302089,0.43470556;-0.03524401,0.104772516,0.5970727;0.50730884,0.14246637,0.4457648;-0.9434381,-0.3261529,-0.7639512;-0.7575056,-2.2095933,1.349939;0.087191865,-0.35839498,-1.5236673;1.0682416,1.2630877,-1.5917116;-0.7743733,-0.09243264,1.0646636;-0.34951153,1.5641291,1.0186716;0.56355065,-1.6985749,1.0300847;0.5548409,-0.67971987,0.7600534;-0.40182868,-0.38450462,-0.21083738;-0.58075976,0.18542708,0.6475984;1.0025958,1.1137935,-0.4523108;0.33816925,0.2536145,0.30125457;-0.10420718,-0.23381072,0.23669195;1.220341,1.3318638,-1.9706384;1.2350199,0.102175914,0.5912537;0.01619163,-1.8255203,1.0545192;-0.9560125,-0.4930188,-0.5870786;1.4866654,0.014565766,0.0073844376;0.80974895,0.56936884,0.9543787;-0.7672685,-2.1984098,1.3382536;0.5685291,-0.64422476,0.75609463;-0.68725306,1.4397343,0.6634644;-0.8081203,-0.43786594,-0.3729899;-1.1497878,-0.6382091,-0.6645786;0.553761,-0.7057292,0.5258451;-0.6813359,1.9919072,0.5448753;-0.35373658,-0.39220166,-2.3159742;1.3590747,-0.4891472,0.3984562;1.281817,0.2583785,0.009317242;1.2993823,-0.22612868,0.5778831;0.9984534,-0.51990867,0.42898375;-0.75983036,-1.7783878,1.4779437;-1.3139821,1.1228437,0.2701687;0.13871734,0.378031,0.23439467;0.654836,-0.31762278,-0.4093726;-0.09606431,-1.8989332,0.9923579;0.6490033,-0.3990739,-0.42203152;0.4343239,-0.509461,0.6034428;-1.2203721,0.15794635,0.7163558;0.6684421,-0.4013512,-0.3579579;-2.2048697,-1.2282373,-0.900015;-1.6760757,-1.0198866,-0.81201255;0.8012296,-0.34829238,-0.15544231;-2.1727815,-1.22095,-0.91071004;-0.0408322,-0.2783428,-1.2419157;0.9965697,1.387357,-0.60824573;-1.4709748,-0.93741584,-0.77407724;0.024389166,-1.7427113,1.1915528;-1.6029949,1.3696308,0.22720629;0.020751089,-0.28559813,-1.2458462;-1.6471123,1.0147246,0.35879982;1.1041236,1.3291738,-0.8743129;1.4931476,-0.18337886,0.27807194;0.75972545,-0.765982,0.58989286;-0.58866477,1.9837527,0.8610437;-0.14517543,-0.6133476,-1.5225859;-0.44038308,-0.5094688,-2.3531158;-0.3812988,-1.9124327,0.9854971;1.462549,-0.36285698,0.52776307;0.4797574,-1.7547199,1.0149591;-0.76572275,2.0295746,0.65009576;-1.7410351,1.6137962,0.1953318;-0.7285042,1.6470656,0.6912144;1.0298196,0.5068743,0.3089603;-0.22862566,0.34861374,0.47663644;-1.8264261,-1.0953608,-0.9209336;-0.042331852,-0.30868348,-1.2437938;1.0893313,1.1960264,-1.8127818;-0.80295676,-0.5612759,-0.3913278;-0.112053886,-0.56062543,-1.61861;0.93873066,1.1394539,-0.58201796;-0.7906975,-1.794351,1.5077919;0.73550886,-0.71863407,0.2404076;-1.0042645,0.8443132,0.32697383;-0.52993524,0.692126,0.3981597;-0.1959288,-0.259255,-1.393439;0.5022077,-1.7229056,1.036297;1.1230506,1.1691839,-1.8643222;-1.0222603,-0.07485202,0.873912;-0.29522824,-1.5929083,0.9477928;-0.8972543,-0.14655639,-0.8796215;-1.8841933,-1.0441757,-0.8531588;-0.03534873,-1.8332909,1.1684823;0.7959042,-0.74584454,0.5714552;0.41353953,-0.91099846,0.41943583;0.44802555,-0.72950923,0.56288904;-0.91936785,-0.50322956,-0.45669356;0.24463409,-0.04341065,0.78658444;-0.527423,-2.073709,1.2312964;-1.0367323,-0.062851496,0.8626344;0.8098033,0.027023707,0.27648088;-1.3397042,-0.7062672,-0.68421555;0.77347636,-0.3939797,-0.277815;1.2560791,0.164976,-0.1103987;-1.0990442,0.5501381,0.2997557;0.8956112,1.5046495,-0.9181359;-1.8025222,-1.1099231,-0.83156085;-0.39113268,-1.5452274,1.1418655;0.15187643,0.7019339,1.0681658;0.023374056,-0.020679658,0.78860354;-0.1021071,-1.5906385,1.0420345;-0.4898857,-2.1096804,1.235281;-0.14133069,0.8673514,1.0985423;-0.38466567,-1.5519073,1.1974016;0.51996195,-0.14434403,0.7116707;-0.09824068,-0.36105487,0.46544096;1.1429561,1.1906947,-2.2082267;2.1628525,0.2861712,0.62194556;0.8198719,-0.5598837,0.88015807;-0.993985,0.21504028,0.9528009;0.65511566,-0.34740776,-0.68237936;-0.53378165,1.7479103,0.7938848;-0.96374226,1.6600574,0.46484488;-1.0814369,0.61940485,0.30604005;0.82132214,0.2806268,0.44346535;-0.07948241,-0.30708516,-1.5047516;-1.7346376,1.1605148,0.32770708;-0.35344246,1.753921,0.97045535;-0.4783414,-0.6922955,-1.9056082;0.13630217,0.027618226,0.38147786;-1.1701539,0.20949613,0.69808275;-0.56599915,-0.4118037,-2.5594587;0.26430354,-0.4232404,0.3429301;-0.13753897,-0.3699307,-2.0657766;0.41272354,-0.38835663,0.6770369;1.093232,0.9933159,-0.38973206;-0.40804633,-0.38956475,-2.406045;-0.73793477,-2.1913192,1.2944077;-1.5347801,0.58538926,0.425084;0.41664827,0.1686411,0.3855153;-0.73575747,-2.1615036,1.2601606;-0.4040636,-0.45450485,-2.1562707;-0.77409476,1.5659655,0.6014348;-1.0468688,0.10942499,0.8221662;-1.6380519,0.8409304,0.39576122;-1.5264169,-0.766305,-0.69289243;-0.34671542,-0.42367348,-2.3494933;-0.67699033,-0.366073,-0.2814849;0.9649168,-0.48774096,0.08231315;-1.0675114,0.4523698,0.31532633;0.22013402,-1.460405,1.0346739;-0.909103,-1.9908487,1.532604;1.1062427,0.89062023,-0.17330727;-0.26676834,0.43535808,0.726883;-0.21046709,-1.1543633,0.797307;-1.4436656,-0.754994,-0.95463717;-1.7176538,1.0754156,0.2937298;-0.09085039,-0.5805565,-0.19229448;0.33709136,-0.63789177,0.4340026;0.060491513,-0.17412493,0.86366224;1.2740434,0.65668505,0.1714864;-0.023369616,-0.7356402,-1.6168919;-0.18266028,-1.8797755,1.0843651;0.19650142,-0.18666238,-0.6553021;-1.1670288,-0.5553018,-0.7851015;-0.31568202,-1.4896841,1.1247938;1.2502843,1.3625722,-2.2457108;1.573348,0.4941046,0.13045894;0.67689043,-0.26719722,-0.029334383;0.6538625,-1.4830189,1.0190591;0.21498682,-0.3077588,0.58034045;-0.87944674,-2.0911093,1.383628;0.50083107,-0.6651515,0.20476297;0.7526387,-0.6638473,0.23684861;1.8741317,0.001727948,0.6144832;0.19754764,0.07927649,0.51447874;1.2528108,1.2858404,-2.0408847;-0.4912331,-2.099921,1.2387472;-1.3340663,1.1808655,0.26372615;0.4694104,-0.71995246,0.81173915;1.6230385,0.3297447,0.67252415;-1.715435,1.5417526,0.21316114;0.27126524,-0.41519293,0.5149269;-0.28983662,-0.8408476,-1.887625;0.9454877,-0.40238115,-0.22639948;0.44938385,-1.6141031,1.1260118;-0.75294864,-1.8160112,1.4682322;0.66884875,-0.45416954,-0.45994866;-0.58409196,0.14095399,0.6087835;-0.35985503,-1.5436885,0.9833219;1.012023,-0.51182777,0.8645527;-0.85383064,2.0418036,0.61142784;-0.9568459,0.17307894,0.67403394;-0.6510023,2.0274005,0.78567666;-0.30244133,-0.52549684,-1.763415;0.8853589,1.4279515,-0.8843549;1.1963055,1.3472934,-2.1435435;-0.7065735,1.2878207,0.4276128;0.72970337,0.29792833,0.40679651;0.08823092,0.20587899,0.2757797;0.5004917,-1.7247705,1.045688;-0.5697405,-2.1582952,1.2783755;0.2954315,-1.7658542,1.0944406;-0.21538033,-0.52272344,-0.18062389;-1.9007442,-1.1484125,-1.0586091;-0.20533802,1.4150715,1.0412225;-0.4216146,-0.41348845,-2.449671;-0.5056024,-0.38708696,-0.22910082;-0.5655466,0.09273511,0.5436426;-0.9551581,0.54515153,0.23540051;0.92941135,-0.52187026,0.79058176;-1.6419438,-0.96003747,-0.80258554;-0.12406309,-0.29701403,0.05892263;1.6627452,-0.08639334,0.15565789;0.89342314,-0.2360055,0.12629323;1.0862068,1.2527032,-1.8474424;-1.2054693,1.7725657,0.40144968;-0.74608415,-0.41341475,-0.32996348;-0.8668393,-0.013858498,1.000888;0.97177714,-0.48483077,0.55154467;0.9901788,0.15824118,0.7905884;-0.17977919,-0.63814574,-1.7374791;-0.85548556,1.472228,0.5397087;0.6858474,-0.5386763,0.68085265;0.23266852,-0.6325832,-0.15855132;1.1347263,1.5041783,-0.7649845;0.44368073,-0.81557155,0.32822698;1.1306537,1.4143605,-0.8650597;1.7465512,0.2615934,0.4404683;0.5072522,-1.6647663,1.0570415;1.2473966,-0.123522505,0.62577754;1.250283,1.3625735,-2.2457092;-0.5719148,-2.17909,1.2678841;1.5207618,-0.51696324,0.6303507;-0.829228,-0.32446715,-0.34401464;-0.9359011,-0.29167762,-0.7998282;-0.12523217,-0.29312015,-1.3455944;0.21531296,-0.3171806,-0.5323397;-0.6732099,-0.38866657,-0.27207842;0.356574,0.07025963,0.5811032;1.0129187,0.9609026,-0.37643978;0.86903733,-0.33328953,-0.57548195;0.34696737,-0.63875645,0.40139994;0.10143325,-1.5508634,1.1924304;-0.7864846,1.0836036,0.7107267;1.3997973,-0.2880477,0.4370993;0.1189934,-0.3149723,-0.9575863;-1.1603595,0.21511701,0.7607748;-0.7615321,1.9121275,0.5970432;-0.642256,-0.2729285,-0.19161576;1.5436418,-0.2763383,0.21568413;1.105369,1.3661768,-1.4730366;-0.051462304,-0.40110126,-1.7476238;-1.1317782,-0.6094675,-0.6390048;-1.0096751,-0.48218495,-0.5733977;-0.027011465,-0.27165452,-1.467174;1.2031325,1.2738163,-2.1810963;-0.95349276,-0.6178045,-0.46683973;1.5734514,-0.41026905,0.21895817;-0.6447796,-0.38326007,-2.7071898;-1.7072346,-1.080598,-0.9025987;-0.50157225,-0.40583527,-0.20939647;0.87923473,-0.1796412,0.4007659;0.28695735,-0.32071677,-0.6824452;-0.3029954,-1.3735555,1.1155256;1.2113094,-0.032711085,0.64267105;1.1064181,1.256117,-0.68782353;0.31623906,0.41852233,0.71088594;-0.088468306,1.0510509,1.1062765;-0.24724205,0.27738535,0.5405915;0.99849427,-0.52907664,0.45652837;-0.061851606,-1.8435165,1.1673864;0.7703537,-0.7269414,0.554526;-0.6763318,1.1901006,0.5285882;1.77953,0.24886301,0.34519565;-0.10398289,-0.26671144,0.11838553;1.1627033,1.3380866,-1.6710058;-0.11050756,1.0387236,1.1000758;-1.6857277,1.0498946,0.3096182;-0.0018983443,-0.23590083,0.6920673;2.1188245,0.39504835,0.80332124;-1.3759191,-0.8437536,-0.77052844;0.8023384,-0.28780723,-0.09339058;-1.9749519,-0.9626837,-1.0209475;-0.61516786,1.7836663,0.5273164;0.8767968,-0.27980557,-0.36107463;-0.16482422,-0.4403271,-1.7201091;1.1357759,1.3622533,-1.002388;1.4664675,0.058052976,0.008117402;1.005624,1.0338552,-0.44194564;-1.1139343,0.20589487,0.8022752;-0.5054931,-0.40932122,-2.6287727;1.1800997,1.279173,-1.8482989;1.5434555,0.3077943,0.2905715;-0.8253031,1.4920728,0.44358796;0.025455873,-0.31321296,-1.007599;-0.07925917,-0.25588867,-2.0277958;0.6608556,0.076493554,-0.09413272;1.9643525,0.34406364,0.65467405;-1.5470366,-0.88636434,-0.7309934;0.109409966,-0.65859795,0.3909838;-1.2402427,0.7709904,0.3552375;0.3012708,0.26414105,0.30318192;1.1819192,1.3576487,-1.761903;1.6602346,0.08273976,0.27414653;0.81948197,0.5630972,0.9497302;-1.6968313,1.5127687,0.21161179;0.16453001,-0.35575524,0.13574588;1.0784868,0.78808993,-0.1963982;1.6794415,0.18748875,0.4431204;0.3438763,-0.41056585,0.16852112;-0.2291868,-0.28827047,-2.2724648;-0.032329682,-0.46760392,-1.7029972;-0.45136714,-0.36710536,-0.20506634;-1.1155822,-0.5775713,-0.6934266;-1.3282367,0.77603793,0.19493939;-0.49986255,-0.41607574,-2.5789094;-1.1772428,0.15277718,0.76110804;-0.40293002,1.8095647,0.81724584;-0.32290655,0.17682207,0.36855018;0.65446156,0.014652619,0.7404664;-0.05378591,-0.34808967,-1.8825047;-1.6436597,0.8675602,0.40715104;-0.5837366,0.2921829,0.6942257;-0.7844924,1.9810157,0.5519883;0.2878513,0.43198168,0.61175275;0.15672645,-0.3173854,-0.88881606;0.06980079,-0.08882928,0.8087608;1.1309096,1.1655464,-2.01277;0.014563761,-0.30910778,-1.1530281;0.9173885,1.2241813,-0.74052554;-0.7817872,-1.7794108,1.4981303;1.6187977,0.29123673,0.61048186;-0.08339891,0.106244,0.4402618;-0.5723243,1.9538708,0.7932991;1.1064395,-0.039426636,0.598208;-1.7112129,1.0124172,0.32495835;1.1488544,1.3612499,-1.2618406;1.1955997,1.4155512,-1.8159626;1.6645107,-0.10535716,0.16030002;-0.15448812,-0.22623394,-0.33670193;-0.38960877,-0.34913194,-2.476224;1.4380882,-0.29737043,0.21309873;0.4182794,-0.21001601,-0.0612284;1.5908636,0.33631772,0.4408452;1.0587376,1.5766252,-1.6735978;-0.6199369,-1.5478289,1.2090443;1.1076664,1.2776985,-1.4700164;-1.3786826,0.52470917,0.53553194;-0.60706323,1.0660228,0.48394683;-1.1459838,-0.7432136,-0.57606524;-0.19069552,0.94858456,1.0845492;1.1831423,-0.41226712,0.47213832;-1.0942634,-0.08000727,0.8294785;-0.6674805,-2.049807,1.3339497;0.3648457,-0.6967996,0.4124717;-0.5980431,-0.25117972,-2.6128266;-0.7200475,0.22149658,0.15625854;-0.70779866,1.5176823,0.5864551;2.119559,0.309594,0.6811455;1.0650932,1.4686911,-0.85556793;-0.8556737,1.4680595,0.607582;-0.58909976,-1.5478617,1.3531077;2.0478575,0.5477707,0.6100649;0.8031109,-0.36734945,-0.61741704;-1.0067701,0.5640171,0.25526235;-0.51442724,-0.42634046,-0.26301032;1.9884531,0.27657866,0.43517655;-0.18365711,-0.45319933,-0.17871147;-0.8706143,-0.031102473,0.9921782;-0.12414102,-1.248879,1.0883324;1.2150252,0.68311065,0.002398141;-0.83608776,-1.862299,1.4287618;-0.6663005,1.9892772,0.7914009;0.12626286,0.22665451,0.7640841;1.6714829,-0.034497228,0.49920034;-1.4167042,-0.90750194,-0.7515573;1.1616344,1.5001123,-1.716078;1.3289962,-0.037750963,-0.08445496;1.7576402,0.27987278,0.37720212;-0.5927647,1.8850162,0.46306893;-0.43758324,-1.5499246,1.2768462;0.08079449,0.7615755,1.0800258;0.29632655,0.2092193,0.5861663;1.0217805,0.9199247,-0.34835637;1.3623711,0.3545376,0.29498807;-0.7260728,1.3519255,0.66979384;1.4541423,0.094023876,0.026649203;-0.98662245,0.5040325,0.26445028;1.9390188,0.14274938,0.7017253;0.70430267,-0.5048388,-0.07591889;-0.653641,-0.32686326,-2.716013;0.8888961,-0.3443031,0.14234158;2.2275777,0.40004006,0.7525382;0.47583845,0.232564,0.68354684;-0.52461547,-0.5115305,-2.5536098;-0.9322373,1.6614797,0.47893563;-0.25677666,0.3582198,0.62423795;1.9495035,0.356229,0.53531647;-0.802204,1.1726189,0.67210686;1.8314247,0.21522653,0.61780196;-1.3262813,0.9633086,0.2204598;1.6017199,0.6205044,0.14084873;-0.9577161,1.7785487,0.49997407;0.81830996,-0.6176427,0.5954387;-0.98105663,1.7260762,0.47273564;-0.3419694,-0.516775,-2.072343;-0.29788396,-2.0081508,1.079424;0.72457397,-0.571828,0.64625436;-0.9077813,0.21065167,1.0532763;0.026975036,-0.18153745,0.70355034;-0.4177729,-0.40797266,-2.4098976;0.6408088,-0.29078576,0.030712409;0.68663794,0.1175892,0.1448101;-1.1627023,0.08305183,0.7456418;-0.60753554,0.18448979,0.6837279;-0.1673584,0.89492714,1.0293757;-0.17395689,1.013703,1.0888326;-1.0354058,-0.6902741,-0.48819068;0.26541266,-0.3063563,-0.63181186;-0.10161696,0.14415124,0.48546132;-0.4446611,-0.37614134,-2.4261189;1.4807462,-0.261151,0.20839603;1.1154212,1.370095,-1.234892;-1.3029064,0.28697225,0.6129125;0.96042854,-0.36679387,0.42888767;-0.6717778,2.0166795,0.7847159;1.6309503,0.64045507,0.1348933;-0.70949596,-2.1548421,1.3540539;1.8470151,0.5371744,0.46529263;-1.8985989,-1.254126,-1.112057;-0.28760168,-0.389962,-2.2865586;1.027496,1.4055659,-1.514927;1.5406704,-0.07828639,0.611276;-0.25495118,-0.49558058,-0.21179424;0.29788467,-1.6916322,1.0846452;1.1592773,1.3580077,-1.5076187;1.8938966,0.3689025,0.5147868;1.8108959,0.42195514,0.4123563;-1.0042176,1.5318711,0.38987103;0.74242824,-0.01680553,0.46274832;-0.27186552,-0.3631275,-2.1138923;0.053375218,-0.29746073,-0.43641776;1.6428537,-0.015545843,0.17952827;-1.8848772,-1.0010936,-0.80162257;1.2975738,-0.52969134,0.49381444;-0.6716632,-1.6555606,1.4859924;-0.061318055,-1.4436417,1.1239003;1.519421,-0.120588414,0.55918294;0.22568332,0.32987085,0.218841;1.432988,0.17879684,0.027523376;-0.78952044,-1.8483725,1.3212005;-0.9988375,-0.027231697,0.8718859;1.5717436,0.4033057,0.32365698;0.6101416,-1.6811409,1.0178608;-0.598238,-1.4769782,1.1256398;0.39635366,-1.7410111,1.0406437;-0.12401435,-0.9977603,0.89034796;-0.042924758,-1.8190928,1.2145852;-1.058944,-0.6542444,-0.5389624;-0.23247729,1.4231713,1.0170621;1.171511,1.372871,-1.0391518;0.24001925,-0.29925877,-0.7414172;-0.35270163,1.4985609,0.9865667;-0.759809,-0.34838167,-0.30088556;-1.7495441,1.6430337,0.18923274;-0.6171114,-0.29156557,-2.6644723;-0.03045888,-1.7998118,1.1603802;0.56080073,-0.728845,0.07877495;0.058971547,-0.30547902,-0.40126035;-1.2056361,0.27218875,0.73408943;-0.8539396,-1.8913916,1.5070851;-0.45912403,-0.2993498,-2.328065;-1.7480439,1.2221662,0.29950482;0.71362025,0.034475397,0.36285186;0.31535694,0.25553745,0.32450333;-0.32849142,-0.39143693,-2.4056525;1.095807,-0.6137775,0.41839808;-0.14405423,-0.28128114,-0.25289437;0.3086954,-0.3836579,0.21291228;0.015136659,0.1233016,0.84720725;-0.3034188,-1.9836676,1.225576;-1.2321446,0.7178637,0.22307402;-0.33943275,-0.035784096,0.31645796;1.5261499,-0.34842482,0.18485638;-0.00911544,0.0244192,0.32957658;-0.48027235,-2.17091,1.2383411;0.16594307,-1.6864381,1.1610173;-1.0711437,-0.07516382,0.8413558;0.15512742,0.04288197,0.38937935;2.1611257,0.35273692,0.76042473;-0.058344528,-0.3065275,-1.2765374;-0.2762981,1.5454122,1.0764197;-0.17906213,-0.50470614,-1.6639966;-0.9026122,1.0592678,0.621037;-0.5894724,1.7448751,0.38267276;-0.8140479,2.099495,0.685638;0.34270585,-0.40148252,-0.6381042;-1.7195358,1.1724917,0.36223027;0.3235208,-0.46749595,-0.10918829;0.57365257,-0.12611645,0.75850767;1.2374334,1.123819,-2.3796432;1.274892,0.31855452,0.49884844;-0.046357192,-0.52648574,-1.6232072;1.1964684,-0.54411393,0.36599237;-0.63254684,0.09713126,0.022503924;-0.2221598,-0.26321015,-2.3246963;-2.022247,-1.173641,-0.9511513;1.1315756,-0.48825872,0.19990249;0.654668,0.12561433,0.031675927;0.16248451,0.7052571,1.062117;-0.7018645,-1.549805,1.2024761;-0.58370465,-1.6189475,1.3982426;0.9767118,0.16851456,0.8099708;2.1395185,0.36138493,0.732036;-0.609297,-0.382733,-2.683364;-1.7172474,-0.9898105,-0.8275176;-1.6543536,0.9281799,0.4524127;-0.16518347,-0.5582725,-1.7114348;0.71537954,-0.49508858,0.01253861;-0.06423846,-0.52843726,0.5612753;1.2700664,0.6294716,0.04242123;-1.5316066,1.2055252,0.17331748;-1.3747975,1.1274147,0.23718832;-1.9349569,-1.1311489,-0.75783;-0.37338662,-1.7863858,1.0034105;1.0737325,1.2493867,-0.4897358;0.83618027,0.5503638,0.93683314;-1.2337232,-0.73962045,-0.61898863;0.20292285,0.6776521,1.041669;1.1726015,1.2618501,-2.0787866;-0.85282224,1.4067804,0.6305505;-0.1409062,0.20298225,0.8528827;0.6520037,-0.3133443,0.7280839;-0.31648424,1.3904275,1.0664939;-0.716742,-0.337998,-0.2744081;-1.5984175,0.75998306,0.42484277;0.23761165,0.33881924,0.26928777;0.85139227,-0.14414372,0.24410096;1.4450285,-0.5208088,0.59321404;0.9188394,-0.16061375,0.8637775;-0.5129751,-2.1613948,1.2528341;-0.31348902,0.63794506,0.9697706;-0.30495185,0.66577345,0.8299091;-0.5993991,-0.4009998,-0.26826763;-1.0903847,0.672393,0.28930962;-0.8078194,2.1205103,0.702131;1.149605,1.3998089,-1.554488;1.0890117,1.3433803,-0.7168026;1.3931397,-0.30891618,0.05602094;-0.22497532,-1.1501673,0.7652918;-1.6573064,1.3667034,0.2340699;-2.0968769,-1.2504932,-0.83086795;0.5362417,-0.66328984,0.15181905;1.0710074,-0.52015036,0.20293097;0.41670424,0.16023876,0.5973625;-0.8886245,1.6687582,0.5382456;-0.9283408,-0.50902563,-0.50307626;-0.28512353,-0.23226486,-1.3906082;0.20719413,-0.6353075,-0.15856966;0.41642022,-1.6687627,1.0793635;-1.6931316,0.9703344,0.36229846;1.4246916,0.44989514,0.44205752;2.2014039,0.379165,0.7491188;-0.2943177,-1.4806064,0.9470834;-0.023063065,-0.30527928,-1.014777;0.30007157,-0.3331423,-0.65276504;1.1695179,1.2188288,-2.037368;1.322406,0.5985262,0.25113875;-1.1476002,0.2489983,0.7722132;0.55364454,0.13927186,0.61888593;1.1197394,1.3819083,-1.0527328;-1.3362358,-0.8591406,-0.75740373;1.0224091,1.4045836,-1.2427891;-1.1033005,0.34615037,0.8061944;1.3679328,0.57066184,0.3128458;-0.682437,-1.5325704,1.2091236;-0.61440307,1.1784362,0.6492471;2.0915513,0.2972578,0.7566744;0.42401695,-0.8404252,0.40797377;-1.5690075,0.7036978,0.417012;-0.9198751,-0.49731106,-0.4878764;1.1072453,1.4340829,-0.9236547;2.0898483,0.51187414,0.65109533;-0.4694461,0.644204,0.7221023;0.31890765,-0.39721286,-0.6312451;0.07102778,-0.31044748,-1.0605605;0.9209922,-0.5480922,0.007318077;-0.4907788,0.58808184,0.75128335;1.1062999,1.3361745,-1.6880223;1.2086673,1.1284516,-2.2191234;-0.26983768,-0.2930537,-2.08874;-2.148962,-1.226636,-0.9012255;-0.15268618,-0.7372898,-1.7555776;-0.16443026,0.24151643,0.46212927;-0.20081745,-0.29161066,-1.3602948;-1.9667451,-1.1379049,-0.9163241;-1.0720689,0.49694425,0.3716604;-0.48159704,0.7703203,0.7705231;1.07047,1.1381849,-1.716426;0.966532,0.23945372,0.04163853
