data_set
babi-q1
num_classes
6
data_points
1000
model
saved_models/babi-q1-e0088.ckpt
color_schema
#4E79A7,#F28E2B,#E15759,#76B7B2,#59A14F,#EDC948,#B07AA1,#FF9DA7,#9C755F,#BAB0AC
test_accuracy
0.767
test_loss
0.6164439468383789
train_accuracy
0.828875
train_loss
0.46827699476480483
val_accuracy
0.792
val_loss
0.5607083694934845
labels
12,9,15,12,15,12,11,12,17,17,15,11,17,10,10,15,11,15,17,15,12,17,17,12,10,10,10,15,15,15,12,17,15,15,9,17,9,11,15,10,9,11,9,12,11,15,12,9,17,10,10,17,11,11,15,10,15,12,11,12,12,17,9,11,11,15,15,9,17,17,11,12,11,10,9,15,15,15,12,17,11,9,10,11,17,11,11,12,15,15,9,9,12,9,9,15,15,15,10,10,10,9,17,11,11,12,10,9,17,10,9,9,15,12,15,11,17,15,9,17,10,9,10,12,10,17,11,11,11,9,11,12,9,11,15,9,17,15,9,9,17,12,12,17,10,15,15,15,15,15,11,11,9,17,10,9,11,10,17,12,10,10,10,11,9,11,11,11,15,10,17,17,11,9,9,17,15,10,17,17,12,12,12,12,10,9,17,11,15,17,12,15,11,12,12,11,17,15,9,10,12,17,17,10,12,9,15,12,9,12,9,10,12,10,9,10,9,12,12,9,9,12,15,12,10,17,12,11,9,9,17,11,12,17,12,10,10,10,10,17,12,15,11,11,15,15,11,11,11,11,10,17,9,9,10,10,17,17,15,11,11,17,12,17,17,9,11,10,9,10,15,17,17,15,9,17,15,12,17,9,9,11,17,17,11,17,9,17,11,9,15,15,10,15,15,11,11,12,12,9,9,9,9,17,12,11,9,17,17,15,11,11,17,10,11,17,10,17,17,11,11,15,15,11,11,9,10,11,11,10,15,17,15,10,10,17,12,17,12,12,12,11,17,15,11,17,12,12,15,15,10,11,11,10,10,9,17,12,11,12,11,9,11,11,11,11,11,12,12,12,12,12,11,11,17,10,15,9,9,10,9,10,10,17,17,15,17,17,17,15,15,12,9,10,17,17,10,17,9,11,10,11,10,15,17,15,12,10,11,15,10,11,9,12,17,10,10,15,12,9,12,12,9,12,10,15,15,17,10,10,17,15,15,15,17,11,15,9,10,11,10,12,9,11,10,11,10,12,11,15,15,15,15,11,9,15,10,12,11,12,9,11,10,17,11,11,10,10,10,17,12,17,17,9,15,11,9,15,11,9,10,10,12,12,11,10,9,12,10,9,15,10,10,11,11,15,15,10,12,12,15,11,9,12,9,15,10,17,17,10,10,17,10,10,17,9,9,10,12,11,17,17,12,12,11,12,17,11,11,12,11,11,11,17,9,11,10,12,12,10,11,17,12,12,15,11,15,15,12,10,10,9,17,10,15,12,15,10,10,10,11,10,11,15,10,9,9,15,10,10,10,10,15,15,17,9,10,12,10,10,12,12,11,15,10,10,11,12,10,10,17,12,17,11,9,9,17,17,11,10,10,10,15,15,17,11,15,12,11,10,15,17,9,11,9,17,15,12,15,17,11,17,17,15,9,10,9,9,10,10,9,10,10,15,11,11,11,15,12,9,11,11,10,17,11,11,12,17,15,15,9,11,15,15,11,9,15,15,11,15,15,15,11,10,10,9,17,17,17,17,10,10,17,9,15,9,17,12,12,12,15,15,15,17,9,11,9,17,9,12,11,9,9,17,11,11,11,10,15,10,12,12,9,9,17,12,12,9,17,12,11,11,15,15,12,11,12,17,12,17,11,12,11,17,17,11,17,9,11,9,10,10,12,17,10,12,9,9,9,15,11,11,15,17,9,10,9,12,17,15,17,17,12,10,12,11,11,17,15,9,17,10,9,11,12,15,9,15,12,10,9,10,17,17,15,15,9,9,9,17,10,17,17,9,12,17,17,12,12,11,11,11,11,17,11,17,17,17,17,17,12,9,17,10,17,11,10,10,12,12,11,11,17,12,12,17,17,15,11,17,11,11,9,12,9,17,9,10,9,15,11,9,11,15,10,9,9,9,17,12,11,11,17,15,15,10,10,11,11,17,10,12,9,10,10,10,10,10,15,17,9,11,17,15,12,11,10,10,15,12,10,11,12,12,11,11,11,15,12,17,10,12,17,17,12,10,10,12,17,10,11,17,11,12,17,17,11,12,11,17,9,9,11,17,11,11,15,15,17,17,10,10,17,12,11,15,12,11,11,10,9,12,12,15,10,9,17,15,17,9,17,17,10,17,15,12,12,11,10,10,10,17,17,15,12,17,9,9,15,10,12,15,15,15,17,17,15,11,15,10,12,9,9,10,11,11,9,9,12,15,9,15,9,12,12,10,17,17,10,12,15,9,10,17,11,11,11,17,9,9,11,15,11,11,11,15,12,17,9,10
pred_labels
12,9,15,12,15,12,11,12,17,9,15,11,12,10,11,15,11,15,12,12,12,17,12,9,11,10,10,15,17,15,12,17,15,15,9,17,9,11,10,17,9,11,11,11,11,15,12,9,17,10,10,17,11,15,11,10,15,12,12,12,12,17,9,11,12,15,12,9,17,9,11,12,11,10,9,15,11,15,15,17,11,9,10,15,17,11,11,12,15,15,9,9,12,9,11,15,15,15,10,10,10,9,17,11,11,12,10,9,17,10,9,15,15,12,17,11,9,9,15,17,10,9,9,12,10,17,11,12,11,10,11,10,9,15,11,9,17,15,9,11,17,12,17,15,10,15,15,15,15,11,11,11,9,17,10,9,11,10,17,12,10,12,10,11,9,11,12,10,15,10,17,17,17,9,12,17,15,10,17,17,12,12,12,12,10,9,17,11,15,17,12,15,11,11,12,11,15,10,9,10,12,17,17,10,10,9,15,12,9,11,9,10,12,10,11,10,9,12,12,11,9,17,15,15,10,17,17,11,9,17,17,9,12,17,12,10,9,12,10,17,12,15,11,15,15,15,11,15,15,11,10,10,9,11,10,10,17,9,15,11,11,17,12,17,15,9,11,11,9,10,15,17,17,15,15,17,15,12,17,9,9,11,17,12,11,17,9,10,11,9,15,9,10,15,15,11,11,9,12,9,9,9,12,17,17,11,9,9,9,15,11,10,12,10,12,17,10,17,15,11,11,15,15,11,10,9,10,11,15,10,15,17,17,10,15,17,12,9,12,10,12,11,17,15,11,17,15,12,12,15,10,12,11,10,15,9,17,12,11,12,11,9,11,15,11,11,11,12,12,12,12,9,11,11,17,10,15,9,11,10,9,9,12,17,15,15,17,17,17,15,15,12,9,10,17,17,10,17,9,11,10,11,10,15,17,15,17,17,17,15,10,11,9,12,17,10,11,15,12,9,12,9,9,10,10,15,15,17,10,10,17,15,15,12,17,11,12,11,10,12,10,12,12,11,10,11,17,12,11,15,15,9,15,11,9,15,10,10,11,12,9,11,12,17,11,11,10,11,10,17,12,17,17,17,15,11,9,15,11,9,10,17,12,12,11,10,9,12,10,9,15,10,10,10,10,15,17,10,12,15,15,15,11,12,9,15,10,17,10,10,10,17,10,17,10,9,11,15,12,11,17,17,12,12,11,12,17,11,12,12,11,10,11,12,11,11,10,12,12,10,11,17,12,12,15,11,15,15,12,10,10,9,17,10,15,12,15,10,10,9,11,10,11,15,10,9,9,15,10,15,10,15,15,12,17,9,10,12,10,10,12,10,11,15,10,10,11,12,10,9,17,12,17,11,9,9,17,12,9,10,10,10,15,15,17,11,15,12,12,10,15,15,17,11,9,17,15,12,10,12,11,17,9,15,9,10,9,9,10,10,9,10,15,15,11,11,11,15,12,9,11,10,10,17,9,11,12,17,17,11,9,11,15,15,11,9,15,12,11,15,15,12,11,10,12,9,17,17,17,10,10,15,17,9,15,9,17,12,10,12,15,10,15,17,9,11,9,9,9,12,11,9,9,17,11,11,10,12,15,10,12,12,9,15,17,12,11,9,12,11,11,11,15,15,12,11,12,17,17,9,11,12,10,17,17,11,12,9,11,9,10,12,12,17,12,12,9,9,11,11,11,12,9,12,9,10,9,12,17,15,17,11,12,10,15,11,17,17,9,9,17,10,9,11,12,15,12,10,12,10,9,10,17,17,12,15,9,15,12,17,10,17,12,9,9,17,15,12,15,11,11,9,9,17,11,17,17,17,17,12,12,11,17,10,17,11,10,9,12,10,11,17,12,12,12,17,17,15,11,17,11,11,9,12,10,17,9,10,9,15,11,9,10,15,10,9,10,9,17,12,11,9,11,15,15,10,10,11,12,9,10,12,9,10,10,10,10,10,15,17,9,11,17,15,15,11,10,11,11,12,10,11,12,12,12,11,11,15,10,17,10,10,15,15,15,10,10,12,12,10,11,17,11,12,17,17,11,12,15,10,9,12,11,12,15,11,15,15,12,17,10,10,17,9,11,15,12,11,11,10,9,12,12,15,10,9,17,15,17,9,17,9,10,17,15,12,11,12,12,10,10,17,17,15,12,17,9,9,17,15,12,15,11,17,15,17,15,11,15,10,12,10,17,10,11,11,9,9,12,17,9,15,9,12,12,10,17,10,9,12,15,9,9,17,11,11,11,17,9,9,11,15,11,12,11,15,12,17,9,9
pred_correctness
True,True,True,True,True,True,True,True,True,False,True,True,False,True,False,True,True,True,False,False,True,True,False,False,False,True,True,True,False,True,True,True,True,True,True,True,True,True,False,False,True,True,False,False,True,True,True,True,True,True,True,True,True,False,False,True,True,True,False,True,True,True,True,True,False,True,False,True,True,False,True,True,True,True,True,True,False,True,False,True,True,True,True,False,True,True,True,True,True,True,True,True,True,True,False,True,True,True,True,True,True,True,True,True,True,True,True,True,True,True,True,False,True,True,False,True,False,False,False,True,True,True,False,True,True,True,True,False,True,False,True,False,True,False,False,True,True,True,True,False,True,True,False,False,True,True,True,True,True,False,True,True,True,True,True,True,True,True,True,True,True,False,True,True,True,True,False,False,True,True,True,True,False,True,False,True,True,True,True,True,True,True,True,True,True,True,True,True,True,True,True,True,True,False,True,True,False,False,True,True,True,True,True,True,False,True,True,True,True,False,True,True,True,True,False,True,True,True,True,False,True,False,True,False,True,True,False,True,True,False,True,False,True,True,True,True,False,False,True,True,True,True,True,False,True,True,True,False,False,True,True,False,True,False,True,True,True,False,True,True,True,True,True,True,False,True,True,False,True,True,True,True,True,True,False,True,True,True,True,True,True,True,True,False,True,True,True,False,True,True,True,False,True,True,True,True,True,False,True,True,True,True,False,True,False,True,True,False,False,True,True,False,False,True,False,True,True,True,False,True,True,True,True,True,False,True,True,True,False,True,True,True,False,True,False,True,True,False,True,False,True,True,True,True,True,True,False,True,False,True,True,False,True,True,False,True,True,True,True,True,True,True,True,False,True,True,True,True,True,True,True,False,True,True,True,True,True,True,False,True,True,False,False,True,False,True,True,True,True,True,True,True,True,True,True,True,True,True,True,True,True,True,True,True,True,True,False,False,False,True,True,True,True,True,True,True,False,True,True,True,True,False,True,False,True,True,True,True,True,True,True,True,True,False,True,True,False,False,True,False,True,True,False,True,True,True,False,True,True,True,True,False,True,True,True,True,True,False,True,True,True,True,False,True,True,True,True,False,True,True,True,True,True,False,True,True,True,True,True,True,True,False,True,True,True,True,True,True,True,True,True,True,True,False,False,True,False,True,True,False,True,False,False,True,True,True,True,True,False,True,True,True,True,False,False,True,False,False,True,True,True,True,True,True,True,True,True,True,False,True,True,False,True,False,False,True,True,True,True,True,True,True,True,True,True,True,True,True,True,True,True,True,True,True,True,True,True,True,True,False,True,True,True,True,True,True,True,True,True,False,True,False,True,False,True,True,True,True,True,True,True,False,True,True,True,True,True,True,True,False,True,True,True,True,True,True,True,False,False,True,True,True,True,True,True,True,True,True,False,True,True,False,False,True,True,True,True,True,False,False,True,True,False,True,True,True,True,True,True,True,True,True,False,True,True,True,True,True,True,True,True,False,True,True,False,True,True,True,False,False,True,True,True,True,True,True,True,False,True,True,True,False,True,True,False,True,True,True,True,False,True,False,True,True,True,True,True,True,False,True,True,False,True,True,True,True,True,False,True,True,True,True,True,True,True,True,False,False,True,True,True,True,True,False,True,True,False,True,False,False,True,True,True,True,True,True,True,True,False,False,True,True,False,True,True,True,False,True,True,True,True,False,True,True,False,True,True,True,False,False,True,False,False,False,True,True,True,True,True,True,True,False,True,True,False,True,False,True,False,True,True,True,True,True,True,True,False,False,True,True,True,True,True,True,False,True,True,False,False,True,True,True,False,True,False,True,False,True,False,True,True,False,False,True,True,True,True,True,True,False,True,False,True,True,True,True,True,False,True,False,True,False,False,True,True,True,True,True,True,True,True,True,True,True,False,True,True,True,True,True,True,True,False,True,True,True,False,True,True,True,True,False,False,True,True,True,True,True,False,False,True,True,True,True,True,True,True,True,True,True,True,True,True,True,False,True,True,False,False,True,True,True,True,True,False,True,True,True,False,True,True,False,False,False,False,True,True,True,False,True,True,True,True,True,True,True,True,True,False,False,True,False,True,False,False,True,True,True,False,True,True,True,True,False,True,True,True,True,True,True,True,True,True,True,True,True,True,True,True,True,True,False,True,True,True,True,False,False,False,True,True,True,True,True,True,True,True,True,False,False,True,True,False,False,False,True,True,True,True,True,True,False,False,True,True,True,True,True,True,False,True,True,True,True,True,True,True,False,False,True,True,True,False,True,True,True,True,True,True,True,True,True,True,False,True,True,True,True,True,False
p2d-kl
0.6132215261459351
p2d-iter
599
p2d
1.1899217,0.5370988;-0.654143,-0.6260354;1.570224,-1.0436368;1.1577401,0.5088379;1.825489,-1.4257677;1.4673545,0.46535844;0.7281277,-1.4496058;1.1079168,0.06237541;-0.616281,0.31667852;-1.3358593,0.033835452;1.5103116,-0.8425781;-0.29754487,-0.15372628;0.7614779,0.12509622;-0.44693255,0.8011835;-1.438084,0.7572617;1.8399335,-1.5391564;0.7318473,-1.5518107;1.821754,-1.4512292;-0.19893806,-0.02796252;-1.2402295,0.37140304;1.4262298,0.32225513;0.98558414,1.316005;-0.5893643,0.23895225;-1.9590029,0.6651663;-1.218136,0.67336863;-0.43194544,0.8198868;-0.084375784,0.95610327;1.4290669,-0.92050153;0.5372021,0.14666708;-1.3299288,0.2589905;0.6996586,0.25715488;1.1086425,1.0386732;1.7288597,-1.2719989;1.8703165,-1.429705;-0.5863453,-0.62980515;1.0445749,1.1914903;-0.14593141,-1.2088373;-0.5855363,-0.30144033;-0.8817111,0.6463046;0.6443191,0.25731704;-0.19782315,-2.2626057;-0.9028342,-0.35522616;-0.22920543,-0.23894683;-0.24991514,-0.06259605;0.6513818,-0.91265005;-0.60306543,-0.025701102;-0.10357859,0.25257525;-0.26013908,-2.2022145;0.76490337,1.7476908;-0.38433295,1.0657742;0.23716035,1.5613564;0.939492,1.5826113;-0.8555001,0.65258384;-1.3364363,0.7290033;0.9523559,0.26751092;0.12061672,1.1643474;-1.2474837,0.53332156;1.1453054,-0.0047980347;1.3581182,0.578546;0.95454854,0.5613078;0.8326719,0.20049919;0.8609804,1.5349237;-0.24733993,-1.999929;-1.738021,0.5771905;-0.09662495,0.041277718;1.6910206,-1.2234077;-0.902416,0.22927633;-1.8172294,0.4936621;1.1562433,0.8002057;-0.9359009,0.40432376;0.80596477,-1.6868216;0.17154816,0.35918185;0.56284094,-0.9582528;-0.44782543,1.104812;-0.24508725,-1.934379;1.7949533,-1.408452;0.6237654,-0.6746038;1.8665327,-1.6025715;0.55042285,0.15518016;0.8349748,1.5803906;0.8856805,-1.9917201;-0.29684886,-0.75001127;0.1750323,1.5013698;-0.23838636,0.13755855;1.0213683,1.2833927;0.83661294,-1.8848543;0.96972764,-2.1672945;0.8606831,0.24270968;1.6371396,-1.1421442;1.4523437,-0.93507487;-0.22309104,-1.893315;-0.21892004,-2.0140254;1.2654829,0.035014607;-0.284491,-1.9950302;-0.66253793,-0.22111844;1.4765505,-0.8067996;-0.52655995,-0.07561025;1.7436749,-1.207621;-1.2104568,0.8117003;-1.4556779,0.6806728;0.30257016,1.6713778;-0.20901531,-1.1668067;0.37715143,0.20608738;-0.93257064,-0.3306338;-0.8922385,-0.0200962;1.4170686,0.2836519;-0.3910554,1.0252805;-1.7905917,0.425178;0.8061929,0.42045406;0.10878167,1.4907748;-0.17267156,-2.2602732;-2.107923,0.6824109;1.8098912,-1.495993;1.3796296,0.16814947;-0.9364015,0.11352348;-0.30909127,-0.3085298;-1.1718453,0.0004272063;-0.49937916,-0.72932696;-1.4017411,0.34077403;0.7344309,1.6442592;-0.11809296,1.2204758;-0.26042634,-1.4995961;-1.2778314,-0.1545236;0.74158216,0.19644164;0.23674934,0.5208121;1.0939988,1.0749149;0.7066698,-1.4651104;-0.5171661,0.108031675;0.6482069,-1.1999433;-0.385967,0.46193248;0.90198946,-2.0086918;-1.482122,0.72637826;-1.6030521,0.1679601;-0.8708904,-0.07013252;-0.09721682,-0.276198;-0.2111138,-2.1083555;0.09510297,0.17869721;1.5844023,-1.0298039;-0.419221,-0.6513597;-0.8417482,-0.16788296;1.296138,0.69799274;1.0021069,0.37613118;-1.5199045,0.50159585;0.7315348,-0.55242074;-0.5862866,1.1341795;1.7413924,-1.2929653;-1.3935534,0.7524073;1.8529654,-1.3423887;1.5040144,-0.97508746;0.6582344,-0.7388711;-0.08971828,-0.6024544;0.7433764,-1.1917628;-0.31038663,-0.57539034;0.9496021,0.6280616;0.027955668,1.4126544;-0.18574592,-1.4058536;-0.49089423,0.57165486;-0.41648647,0.43461737;0.82476467,1.711174;1.1064929,-0.009588786;0.36187747,1.5839466;-0.82625526,0.30977854;0.08386587,1.2417706;-0.30368066,-0.27582365;-0.16554293,-0.932071;0.77857125,-1.4697393;0.90773475,0.29658082;-0.10114901,0.3824771;-0.5965001,-0.13378459;-0.040137976,1.1268983;1.0301514,1.2854633;0.16420609,0.19733597;0.5765102,0.20893441;-0.25754958,-1.4517986;-2.048078,0.7655138;1.1292084,0.9617259;1.7098956,-1.264634;-0.15366957,1.137237;0.7440313,1.8849369;-1.148546,0.30987713;1.3056626,0.14460541;-0.5792772,0.2386326;1.1502445,0.073908776;1.4040818,0.42193264;0.1088279,0.9535875;-0.20847143,-2.0707936;1.040135,0.6755069;-0.8926263,-0.35003632;0.73634416,-0.6331162;0.7852365,0.48081157;1.2606764,0.14549635;1.6541282,-1.1253184;0.7856087,-1.9535223;0.8049877,0.14274663;-0.8290811,0.49155533;0.7899224,-1.7902328;-1.0013909,0.5746573;-0.41604078,0.41886258;-0.4630167,-0.74675405;-0.55590934,1.1176959;0.68580544,0.2298198;0.95603436,1.4636489;-0.87297124,0.15798019;-0.14974923,1.270575;0.66937226,0.341283;-0.24662894,-2.1529036;-0.14939506,-0.1511918;0.81860864,0.17183645;-1.9599856,0.38376397;-0.8867374,0.6949728;-0.18924432,-1.1985004;0.048175953,1.2661504;1.020203,0.47119328;-1.776204,0.26575524;-2.054242,0.63486195;-0.108829476,0.954358;-0.70318377,-0.6062948;1.4546472,0.38867125;0.7880445,0.16528833;-0.950591,0.4098899;-0.20363954,-1.24122;-0.26600736,0.19103178;1.3990638,-0.7922137;-0.96252745,0.04744269;0.02346402,1.378105;0.8748493,1.664713;-1.3841969,0.026210748;0.73584664,-1.490709;-0.18128537,-1.9540954;-0.48729762,-0.73531556;0.88550514,1.5548978;-1.8912072,0.4638799;1.1156248,0.46318945;0.7800504,1.6798136;-0.6706397,0.3030243;0.06046033,1.3619419;-0.44993797,-0.6136099;-0.99468905,0.38595656;0.22754118,1.6294864;-1.3819708,0.6696556;1.2607073,0.12453142;1.5493023,-0.91352355;0.69200087,-1.3696442;-1.3544391,0.75343466;1.4257647,-0.7495243;1.7652603,-1.3856341;0.82974946,-2.0264585;-0.69798183,-0.228753;-1.3557471,0.38657233;0.5808234,-0.92332643;-0.25734565,1.1719955;-1.8229384,0.7682077;-0.2863992,-1.1085706;-1.7684659,0.4887017;0.26620996,1.6364133;0.0119474,1.3170182;0.92350173,1.3149706;-2.0900202,0.7077379;-0.5701285,-0.13140152;0.84757155,-1.9747704;0.8619074,-1.9152261;0.8785607,1.5337871;1.2648848,0.10581682;1.0669242,1.0592641;-0.19992933,-0.12238517;-0.18834141,-1.2638179;-0.5847348,-0.38395867;-0.8368413,0.6910737;-1.59059,0.110524334;-0.42418635,1.1029159;1.7446252,-1.2200114;0.11029173,0.14044085;-1.081087,0.23584013;1.4494869,-0.97328496;-0.42416677,0.08249802;0.7419035,0.5669984;-1.3620458,0.30498728;0.770639,0.23558292;0.756605,0.3702061;-0.21884526,-2.1771584;-0.20041156,-2.2739265;-0.11241666,-0.62804765;0.78567284,1.7556771;-1.6120139,0.42602047;0.7311279,-1.5835872;0.90552336,1.6418806;-1.5169586,0.07104864;-1.1943161,0.6493339;0.64505875,-1.1576147;-0.1939616,-1.1147059;1.6672171,-1.1764721;-1.943601,0.5432118;-0.01793906,1.2587254;0.704814,-0.6331484;1.7159628,-1.1981972;0.6056615,-0.8186735;-0.8955486,-0.015287975;-1.8360816,0.47073868;-0.76854783,0.34604436;-0.71714044,-0.61049956;-0.2410009,-1.9341666;-2.089287,0.6879827;-1.1556703,0.3524356;0.74838716,1.8490744;0.09560764,0.046256498;-0.1781283,-0.66768944;-0.20762545,-1.5761213;0.25848845,0.40063903;-1.4441433,0.17079692;1.5324291,-1.0024961;0.705971,-1.3203114;-1.074275,0.70670867;-1.88313,0.6520775;-0.33004197,1.0936697;-0.80736005,0.4858737;0.9439,1.4907293;-0.32695282,1.1266235;0.92906386,1.2109897;-1.2895979,0.6719948;-0.1440338,-0.32620436;0.8838216,-2.052219;1.8823539,-1.5521984;-1.3273469,0.2491998;0.68459135,-1.680884;-0.7229161,0.6359049;-0.25589427,-1.8542843;-0.6338541,0.70914453;0.82836485,-2.1045349;-0.079335965,-0.16132858;-0.5913294,0.62629205;1.5472983,-0.9246308;1.0197613,1.2008541;-1.0125201,0.12210602;0.38808224,0.3768064;-0.36384028,0.055402577;1.2075886,0.641323;1.3326931,0.22939532;-2.1066732,0.73704517;1.4447203,0.39243022;-1.7751957,0.64406586;1.4769955,0.5106902;0.6735146,-1.2576299;0.81118697,1.6709073;1.6909957,-1.1100659;0.6401735,-1.0976644;0.85834605,1.6825336;-0.016648399,-0.09392379;1.2996938,0.23002324;-2.0361428,0.7144406;1.887773,-1.6286666;0.28469932,1.3969959;-0.71214503,0.5095677;0.7541669,-1.8375479;-0.067844234,1.2742327;-1.4079565,0.40697423;-0.19517002,-1.6989223;1.1243001,0.99236304;-0.8216737,0.17963634;0.72603184,-1.389104;1.1401868,0.04783972;0.6943253,-1.5450497;-0.28237456,-0.88495916;-0.25128484,-0.6857005;0.66955316,-0.49290854;-1.8884883,0.4878439;0.9496396,-2.1050174;-0.93606114,0.60463214;1.0773344,-0.04686288;1.1227914,0.45266894;-1.5029758,0.4876521;1.4330295,0.47652337;-1.7201604,0.40337905;-0.16366208,-0.5036588;-1.8549874,0.6469415;1.0005063,1.382564;0.2161377,1.5060565;1.858467,-1.503058;-0.27784094,-1.0009811;0.20297043,0.12643835;0.10521824,0.8009058;-0.23763157,-2.260562;-1.9876751,0.4367562;-1.5010805,0.22459;-1.9464835,0.727408;-0.9671201,0.14548703;0.6127143,-0.59004915;0.96758044,1.0242425;0.81656706,1.7440261;-1.3850701,0.5325844;-0.42888612,-0.00075939426;1.6112536,-1.0515602;1.1692375,0.026614893;-1.4682233,0.014995448;-0.23961918,1.1151124;0.12190639,0.33382964;1.0005527,1.3718518;0.6697933,0.43679035;1.3587196,0.6075631;-1.1254332,-0.11227827;-0.23029959,-0.6523624;0.043007255,1.3190395;0.98922235,-2.1273642;-0.107340634,0.8796388;0.72614706,-0.63834345;1.0483736,0.85331976;-0.11645983,-0.14931574;0.1378267,0.38140404;-1.1748037,0.3269713;-1.9342912,0.7369458;-0.46698666,0.050241016;0.27749866,1.6237192;0.72356474,-1.3108937;-0.22358504,-1.3820926;0.35735157,0.6748381;0.9080689,1.2159083;-0.25781763,1.1015016;-0.8096277,0.6303919;-0.4666088,-0.11151769;-0.22160451,0.26716322;-0.31001046,-0.78061223;-1.4965303,0.22294086;-1.5563275,0.31880116;-0.26708937,-1.979154;-0.46012837,0.4845596;0.09165711,1.1670349;0.625646,-0.6082834;-1.4372799,0.33762434;0.75644726,1.7983534;0.19369845,1.5488635;-0.6690732,0.7109021;1.1517425,0.7109362;-0.6564397,-0.007719687;0.6510026,-0.64087796;-1.4887967,0.6934285;1.039176,1.0615758;0.75002867,-1.645415;-0.8590285,0.43106562;-1.0584213,-0.038311027;-0.4416463,0.647347;-0.09194182,0.2736163;-0.33437005,0.73779875;1.1584873,0.49727964;-1.3723075,0.054572348;-0.21361609,-0.5299076;0.15623166,1.349824;-0.2523409,-0.23383063;0.10598451,0.2823119;0.45869046,0.6322139;-0.5566397,0.08304331;1.8888012,-1.6337134;1.7978142,-1.4563048;-1.3718792,0.26791444;1.8003378,-1.3283602;-0.118727535,-0.40696508;-0.20295873,-1.0781107;1.5827494,-0.9874957;-0.08964342,1.2882166;0.12561235,0.80104023;0.73557585,-1.194898;1.4161085,0.3852782;-0.15745258,-1.4048492;-1.9069896,0.5288839;-0.7035218,0.5331072;0.9684986,1.3248599;0.71931815,-1.746073;0.69479567,-1.4158282;0.17479017,1.4476777;-0.90677494,0.71318775;-0.47315425,1.0987387;1.0084289,1.1589609;0.89425546,0.24722268;1.0671152,0.8935144;0.33913365,0.1517276;-0.94219244,0.22397746;1.8502105,-1.4966117;0.6111275,-0.81757057;-0.22160386,-1.3326936;0.73182124,-0.59558016;0.76210827,-1.5029926;-0.6379588,-0.47741935;-0.12556101,0.8901356;-1.338113,0.6612832;1.2142136,0.5824771;-1.2886857,-0.051706016;-0.51487225,-0.38058102;-0.38347512,1.1414133;-0.3051443,-1.9531939;0.45454818,0.6323153;-1.1392415,0.83336467;-0.107816555,-1.3823357;1.7727648,-1.4063601;-0.04956819,1.3028948;-1.224686,0.7601164;0.06184841,0.8555387;-1.2073483,0.6183319;0.58384216,-0.5794756;-0.55173516,0.37016246;0.061568987,1.4224861;1.3047079,0.03772385;-1.1653585,0.42136344;1.5384191,-1.052901;-0.6217125,-0.18516234;-0.5411303,-0.44319713;0.17022401,0.40253317;-0.21897747,-1.151221;1.7236367,-1.3089428;-0.46637827,0.9342791;0.6723454,1.9651023;0.024859812,0.24681395;-0.57144266,1.1207005;0.17888917,1.5619047;0.91228193,1.6983868;-0.13717923,0.88544196;-0.590312,0.33218035;-0.81534547,0.5809999;-0.26213562,-1.5804112;-1.9181117,0.48479053;-1.1915841,0.5517923;0.41747674,0.5870842;-0.076746315,-0.5315412;1.1223699,0.8939727;1.1537321,0.6458274;1.0053102,0.33575574;-1.7336724,0.41615546;0.5400518,-0.92784333;1.3352877,0.17290187;0.98732024,1.409198;0.6719035,-1.547098;0.21540274,0.15938988;1.3598601,0.21592334;0.9265065,-2.146368;-1.2133349,0.8054265;0.82392836,-1.6791352;-0.782142,0.47371086;0.2104268,-0.059330165;0.77940345,-1.7562592;0.14040774,1.3842673;1.4214599,0.20255235;0.18187532,0.28917408;-0.17554943,1.1070443;0.7900468,-1.8170991;0.77980876,0.5834955;0.42657304,0.60885125;1.4000974,0.41415918;1.7357817,-1.1293352;0.8214397,-1.8001246;-0.3080805,-0.0869269;-1.4352047,0.5460916;-0.26834765,0.3221075;-0.23149465,1.1559179;0.35772312,1.6245657;-1.3188993,-0.18243177;-0.6251422,0.21693282;0.1289607,0.70233357;1.8009821,-1.1793091;1.4020993,0.3440976;-0.29910496,-0.074329026;-0.46636268,0.7636498;-0.41258478,0.45007354;-0.39763933,-0.69299716;0.66679895,-1.3456824;-0.28794155,1.1480675;-0.2504299,-0.30731544;1.4450505,-1.0401603;-1.6009406,0.64720476;-0.19509152,-2.4029114;-1.6836573,0.22035502;-0.93234605,0.019412208;-1.8747388,0.7871652;-1.6186838,0.57903355;0.25193343,1.390511;-1.098494,0.61825955;-1.0143526,0.19764704;-0.7983369,0.31421688;0.23213176,0.21523207;-0.20072746,-2.3294256;0.053639892,1.3683268;0.940446,0.4604347;-0.5904175,0.65580326;-1.756707,0.30603606;1.061149,0.4348026;-0.74114627,0.643243;0.5943504,-1.0238084;-0.8157643,-0.13314989;-0.39810395,1.0786135;0.1379756,1.221912;-0.8094718,0.70310974;0.17208776,0.43394268;0.027058672,1.2159594;-1.5829142,0.048325963;1.1169462,0.94923395;0.73341113,0.25554192;0.85245574,1.6410565;0.6728436,-1.424909;-0.20772032,-1.8370482;-0.24022707,-2.1255767;0.9379329,0.6566781;-0.74994254,0.339695;-1.4834707,0.09890242;-0.3738133,1.0945055;0.309297,1.6567693;-0.044551425,1.2315367;-1.0039117,0.6558365;1.786329,-1.2127964;0.90652436,1.4499799;0.78298265,-1.635509;-0.34898376,-0.09638215;-0.19674343,0.2631506;-0.20954527,0.16148607;-0.46871695,0.6356458;1.8290559,-1.5534432;-0.67529774,0.0022135552;-0.9525591,0.109163724;-0.10276504,0.055306204;-0.2316229,-1.3967854;0.9296407,0.5742572;0.6104047,-0.57542825;0.32194388,0.6118871;-1.1020627,0.6790358;-1.7790039,0.7932698;0.8429394,-1.9464217;-0.75456977,0.18065003;-1.5862279,0.16437858;-0.6504791,-0.20014112;-0.111113675,-1.3657773;-1.2777234,0.7507578;-0.37063214,-0.7406278;-1.4966855,0.09486667;-0.009007969,1.2022574;-0.3534466,0.7461974;-0.19509144,-2.4029412;0.15350293,1.4753798;-1.6088274,0.5569239;-0.374851,-0.015941408;-0.08050397,-0.33770335;0.7482842,-1.1843544;-1.1919795,0.6434138;-0.23130682,0.08499059;0.21034472,0.17992197;-0.26873735,-0.91907483;-0.06896433,-0.43248633;-0.48230633,0.6769797;-0.17632389,1.250033;1.0996517,0.57110226;-1.8938304,0.5092489;-0.10814721,-0.45342568;1.3003513,0.16286975;1.0138727,1.2286254;-0.5172618,0.1382192;-1.1207267,0.46773368;-0.21246777,-1.9103776;0.8025159,-1.5976827;1.425566,-0.9615293;1.4836321,-0.9533155;0.5436497,-0.9352665;-0.26304674,-1.9217296;1.7538099,-1.2510214;-0.8963732,0.213762;0.8678972,-2.1069248;1.8824587,-1.4462069;-0.10506959,-0.13116466;-0.76678824,0.3918463;-0.51901865,-0.3614555;-1.0330697,0.76495343;-1.0248718,0.4118519;-0.19865459,-1.2772952;0.49130714,0.21490951;0.8993156,1.5839783;-1.5038488,0.4593732;-1.4290503,0.72112244;0.030831967,1.30692;-1.3104213,0.7669583;0.78666145,0.49037704;-1.4222594,0.17135085;-0.21031825,0.016148658;-0.25257057,-2.0565612;0.6732103,1.967193;1.3756909,0.32279593;-1.7975771,0.69011974;-0.72791076,0.24524787;1.7453477,-1.1618526;-1.2484356,0.5987672;1.463096,-0.9970945;1.0206187,1.001849;-0.26834962,-0.51983815;0.8329737,-1.6067159;-0.25767952,-1.3098487;-1.8440505,0.38554075;-0.17171144,-1.7981759;1.0772035,-0.051451087;0.977057,-2.0941057;-0.2710412,-2.1229177;-0.67813116,-0.535776;0.93464506,0.65464354;-0.16524445,-0.07740363;0.840448,-1.7006251;-0.58621484,0.6543242;-2.0772774,0.77391094;1.6809603,-1.0737411;-0.09356927,0.45195997;0.9984354,0.31675336;-0.6704986,0.3366287;-0.18821971,-2.0765936;-0.89166737,0.059773415;0.7244163,1.6467639;1.3420303,0.5524761;-0.263222,-0.18632816;-0.37140808,-0.6578776;-1.9248759,0.6441617;-0.1935045,-0.13219854;0.9143937,-1.946535;0.9064362,-2.0801525;-0.56025726,-0.09041639;1.4859694,-0.92716277;1.0592802,0.45561132;0.8718935,-1.9177493;1.0549908,-0.05414481;0.97335184,1.397973;-0.29905617,0.16104673;-1.4212649,0.08039116;0.65571636,-1.1558541;1.3007345,0.091526635;0.1890759,0.52054566;1.1785759,0.79110724;-2.0190678,0.72359467;-0.076320715,-0.45784128;-0.22802205,0.31808895;-0.35966516,-1.0721604;-0.8348028,-0.30078802;-0.30079624,-0.9443704;-0.11860137,0.90453553;-1.3163575,-0.044655945;-1.1816826,0.3582833;0.8584817,1.6265903;-0.78115964,0.443686;1.3967135,0.2908641;-0.28837126,-1.9083618;-0.22667196,-2.264746;-0.22256985,-0.49579915;-0.37158406,-0.15415955;0.934626,-1.999797;-1.2256961,0.08496738;-0.30748096,-0.5656731;-1.9357185,0.61025715;-0.2981565,-1.1652135;0.26601323,1.3900465;-0.2351144,-1.4669073;1.2727438,0.10142292;0.3483129,0.15976274;1.4558494,-0.7933622;0.92283785,1.2708653;-1.8799069,0.67313635;1.3016255,0.19590667;0.18859634,1.4903744;-1.1740314,0.53670627;0.80095863,-1.5219057;1.3289291,0.5832249;0.10229215,0.077801175;-1.8574635,0.4090013;-0.18943854,-1.7153181;0.8611058,0.52205235;0.24337631,0.48816252;-1.995334,0.4595792;-0.90406287,-0.34388715;0.8004686,0.22035341;0.61372995,-0.59152794;-1.9010262,0.5712797;-1.132204,0.7270963;0.407407,0.61890966;0.1840083,0.5943327;-0.6828501,-0.53939354;-0.5140041,0.7067652;0.993431,1.2170281;-1.3693473,0.48380747;-2.010745,0.7714976;1.7709879,-1.2696737;-0.19157648,-1.9794804;-0.6678062,-0.18416643;-1.5916777,0.36380425;0.99023503,1.0388131;-0.116936505,1.0140046;0.75629526,1.841497;0.5294693,0.23034254;-0.27377248,-1.438195;-0.68006235,-0.5101656;1.125254,0.7089126;-1.3826325,0.30901998;0.20490417,0.0787579;-2.025672,0.66819364;-1.0896198,0.40032807;0.9983176,-2.1777406;-2.04119,0.65524435;-1.3647116,-0.0148650315;-1.214051,0.29210177;0.7938081,-1.9713954;1.1208854,0.7248668;-0.6281691,0.23072799;-2.0532377,0.7848354;0.82620716,0.47189936;-0.8693349,0.35484555;1.2440991,0.54326826;-1.4764313,0.090215825;0.8787068,0.55831915;-1.6800146,0.6058002;0.8607155,0.42680398;0.7788612,-1.6835096;0.0050165076,1.2644788;-1.7907758,0.4144642;0.8412228,0.07748312;-0.1231682,0.17200387;0.76070964,-1.6891323;-0.8671623,0.16916761;-0.46622723,0.44042572;0.3680092,0.68890536;-0.6184117,0.39821595;0.9353823,1.1659358;0.9074318,1.6398482;1.4164402,-0.95665133;-0.30907056,-0.22759856;0.06342703,0.21616651;0.8184448,-1.875789;-0.35959697,-0.34515548;-0.25287375,-1.3237525;1.1823968,0.03345098;-1.6750351,0.34517965;1.0463529,1.2314531;-1.4378389,-0.013259265;-0.107313044,1.2273486;-1.5738028,0.10055125;1.8174055,-1.2234888;0.7779741,-1.618235;-0.572829,-0.6008632;-1.7859172,0.625193;-0.45616427,0.044236828;-0.50835776,1.088572;-0.2153173,-2.2050025;-0.44400644,0.50130755;-1.6874393,0.26340288;0.121858016,0.24795537;-1.0548328,0.49417815;0.8351509,-1.9003106;-0.4694333,-0.45118988;-1.0005211,0.04724386;1.8516433,-1.6057267;-1.969555,0.596018;0.36612192,1.5514162;-0.41631794,0.8575861;-1.6141187,0.25067297;0.80002594,0.122008085;-1.420312,0.2315815;0.34905604,1.5882462;0.42016608,0.63995755;-1.4303515,0.102452025;-0.42391384,1.1642661;0.08734389,0.8525077;-0.17427954,1.1328262;0.06688696,0.40520898;0.1139928,1.4964912;1.5046272,-0.8799181;0.7118947,1.8307198;-0.1904017,-1.5036448;-0.6499171,-0.41589296;0.72988176,1.870305;-0.31256232,0.13068517;0.95885473,0.28389043;0.95080954,-2.1088126;-0.2826948,1.1403086;-1.6634066,0.6108266;-0.03674214,-0.34865734;1.0345907,-0.051888335;-0.09485478,0.89094514;0.9433008,-2.1525474;1.4279193,0.35443223;-1.5332705,0.51828456;-1.0124424,0.30460447;0.8719177,-2.007836;-0.56859255,-0.4128536;-0.26869628,-0.07739881;-1.286247,0.73656315;0.06986614,0.26120585;0.1456422,1.5292493;0.97676605,0.44770026;-0.26538318,0.1445849;-1.9411457,0.57467085;-1.2230157,0.43153247;0.25466046,1.6366172;-0.050543353,1.3261557;1.1492774,-0.030717172;-1.7198111,0.65004736;-2.018105,0.60601854;0.616383,-0.8189245;0.9218297,1.5369602;0.77388424,-1.5566177;0.8138787,0.2979224;-0.6729034,0.19766235;1.0814294,1.1010137;-1.1200819,0.44738913;1.4695113,0.5125593;-0.5744684,-0.052110918;-0.5473641,0.58006793;-0.15971771,-2.1447554;-0.7438539,0.20003663;0.66952467,-1.2240202;-0.78578377,0.5055528;-0.06310529,-0.2939388;0.8748944,-1.8561616;1.8381858,-1.4145455;-0.15502295,0.051480923;-0.09838387,0.17199172;-1.6873357,0.83949536;0.3408186,1.5104744;0.16531415,1.1605508;-0.7842637,0.15176274;-1.9768184,0.5002874;1.0489086,-2.1984093;1.5665559,-0.96585715;1.4980749,0.5293313;0.58882356,-0.9369166;-1.3317598,0.4147168;-0.4087378,0.52356607;-1.1114659,-0.12345377;0.98714066,0.27933872;1.0417295,0.36101344;1.5233648,-0.919569;0.13604128,0.82724977;-0.6537493,-0.55342185;0.33866158,0.105139114;1.3998542,-0.78280354;-1.1337715,0.1847421;-0.188364,-1.9082568;0.47122422,0.32130185;-1.3766369,-0.11679799;-1.2625105,0.732888;0.91249204,1.5057324;0.73762006,0.43488365;1.4476637,0.4503697;-0.452536,-0.35810947;-1.5951355,0.4710924;-1.0563606,0.39342043;-1.164564,0.8047656;0.20715354,1.592386;0.85538363,1.2032835;0.73807156,1.757829;-0.99777406,0.18859047;0.9878318,0.35711315;1.0423459,1.1805286;-0.2714252,-1.3810203;-0.18578812,-1.149838;0.1868429,-0.037190992;0.87083125,0.35948825;1.3792123,0.55086744;1.6836783,-1.1805475;-1.6583823,0.56762815;-1.0689921,0.28739014;-1.306056,0.3785563;0.4527958,0.27780405;-0.010627166,-0.1411467;-0.7655345,-0.14759465;-0.43271172,-0.055195093;-0.2785984,1.1189467;1.3809594,0.28266576;-1.3191361,-0.15015097;-1.8295412,0.5281609;-1.7816683,0.7350948;-0.33919695,-0.1889193;-0.06647683,-0.43282083;-0.2817256,-1.2249056;-1.259616,-0.16093116;0.40587085,0.625427;-0.8353547,0.18704899;-0.24579474,-1.403709;1.5096936,-1.0636296;-0.2817153,-1.1477396;1.1120937,-0.050405648;-0.36235353,-0.589503;0.15914024,1.1095537;0.049405284,0.28138483;-1.6499485,0.37921596;-1.6843385,0.2671626;1.1602082,-0.041342523;0.6384902,-0.6073822;-0.37151232,-0.7037437;-1.7746572,0.33215478;0.886236,0.4405516;-0.5936367,-0.25916436;-0.09110158,-0.4669886;-1.6904504,0.52508146;0.3622934,0.35714805;-0.23053676,-2.0824244;-0.16732207,-2.1986427;0.90718603,-2.034307;1.7920364,-1.3761957;0.720313,-1.619434;0.19515194,0.10015217;-0.23164907,-0.4914649;1.7557923,-1.3377806;0.24295755,0.24072029;0.48324946,0.33373877;-0.2882815,-2.0533602;0.212211,-0.04505417
p3d-kl
0.5034944415092468
p3d-iter
599
p3d
-1.2999972,-1.0839134,0.028809212;0.75789607,-0.28373575,-0.262323;-1.4760358,0.68146604,-0.99852806;-1.291216,-0.9401863,0.052036528;-1.5831388,1.0469891,-1.8123442;-1.5928563,-1.6153488,0.25671706;-0.6271513,2.0926602,-0.91301835;-0.9120367,-1.3504893,0.72911805;0.48162478,-0.41540658,0.41832232;1.395993,-0.36850333,0.5019254;-1.2718173,0.62672937,-0.8162199;0.3079927,0.7947922,-0.011968308;-0.7919435,-0.000662333,-0.36932594;0.27213597,0.06552448,0.91097796;1.505156,-0.051833972,1.4655186;-1.5896544,1.2179245,-1.9491076;-0.6006244,2.2828748,-0.9852956;-1.6075724,1.0945398,-1.8181614;0.16103163,0.42313156,0.031979;1.272134,-0.3206288,1.0518552;-1.4595053,-1.5788728,0.44679257;-0.5869127,-1.8068705,-0.46094093;0.43572173,-0.68595374,0.39157194;2.1011755,-0.7077385,1.6686902;1.2803595,0.39476013,1.236392;0.22967114,0.12924139,0.9530678;-0.1978453,0.31668925,0.5984947;-1.4021626,0.6218041,-0.61172634;-0.4657052,0.030223455,-0.16873644;1.481523,0.25979897,0.81135684;-0.67559546,-0.261935,-0.20304833;-0.9538708,-1.7224436,-0.417167;-1.5596708,0.9091491,-1.4872786;-1.5996647,0.97201014,-1.9178646;0.7409728,-0.063267015,-0.4306377;-0.7418786,-1.7636598,-0.4370068;0.08969622,-0.38097984,-0.96355665;0.77450186,0.51895213,-0.08827859;0.7827814,0.2600694,1.074339;-0.62028605,-0.092881426,-0.11592836;-0.18979861,-0.13280703,-2.4609263;1.1139274,0.6239322,0.04752157;0.31451985,0.6573963,-0.21041583;0.26341602,0.5347929,0.0766243;-0.61329764,1.1867404,-0.6422876;0.6900902,0.7105549,0.4332902;-0.014905429,0.2094634,0.08528931;-0.075466044,-0.17847833,-2.4219265;-0.027037133,-1.6036137,-0.27706742;0.06869962,0.21768248,1.2694243;-1.0403839,-0.047988325,0.738159;-0.34079164,-1.8961358,-0.34116098;0.7386652,0.27678916,1.0287251;1.3389546,0.0111363875,1.3096787;-1.108669,-0.25001547,-0.1704875;-0.60659516,0.03183768,0.6038604;1.347455,0.31501913,0.9638151;-0.896048,-1.4263936,0.66545534;-1.4942644,-1.4375622,0.01735557;-1.0154771,-0.817336,-0.18541314;-0.86707383,-0.2702467,-0.32573226;-0.2870412,-1.7620639,-0.51112044;-0.03859061,-0.23233034,-2.085168;1.860324,-0.031089624,1.5879164;0.1433762,0.0004141036,-0.2611917;-1.5448892,0.9007351,-1.3645269;0.86025804,-0.20622347,0.59812367;2.0019453,-0.59535587,1.368278;-1.1770594,-1.4649014,-0.27584925;0.82923824,-0.19668654,0.9275182;-0.7123263,2.4286978,-1.188446;-0.22422571,-0.037820473,0.013809645;-0.4137746,1.1695453,-0.6322343;0.14650927,0.2737346,1.3637134;0.042142436,-0.17357981,-2.0247438;-1.5997295,1.0851911,-1.7215686;-0.6288837,0.7657222,-0.52917176;-1.5830543,1.3292061,-2.056728;-0.48749575,0.0036753856,-0.2695933;-0.22386494,-1.6604863,-0.43437555;-0.75171447,2.8183873,-1.6307113;0.4399787,0.19559617,-0.6685284;-0.933297,0.06554216,0.786785;0.20092514,0.036574878,0.19445561;-0.66000533,-1.7710114,-0.5383069;-0.70277417,2.7246814,-1.4380679;-0.8328967,2.840903,-1.9524239;-0.9351086,-0.29524985,-0.24840578;-1.51908,0.7227057,-1.2267841;-1.4074662,0.7051524,-0.6709968;0.005651857,-0.099720776,-1.9599109;0.0021030733,-0.08530214,-2.154522;-1.0835694,-1.5903015,0.61645144;-0.051112134,-0.30511892,-2.0405335;0.7771773,0.36573327,0.1289264;-1.2559173,0.4816674,-0.7171919;0.60142154,0.70853734,0.31792802;-1.5981172,0.80029833,-1.4369684;1.1293597,0.16843443,1.4528284;1.474521,-0.22338371,1.4596242;-1.1917764,-0.15117493,0.6610289;0.15106584,-0.11082861,-0.98163027;-0.30983168,-0.69454587,-0.26824307;1.1384801,0.63776624,0.09151905;0.93660533,0.26153275,0.58947414;-1.4228812,-1.6451734,0.4681113;0.09267158,0.22895709,1.2068803;1.9615358,-0.4293419,1.2887956;-0.85908794,-0.3044688,0.05973017;-0.8572052,0.059949793,0.9191489;-0.22548907,-0.1527687,-2.4375226;2.2558713,-0.75462,2.0051138;-1.6039207,1.1789733,-1.8431944;-1.2744919,-1.6885464,0.4633487;0.98026156,-0.18484582,0.48967004;0.44442028,0.67713463,-0.24903508;1.263001,-0.10160311,0.421672;0.4570597,-0.34844813,-0.29198352;1.5486912,0.0008531504,0.94118524;-0.08651473,-1.3649327,-0.3253352;-0.38383755,0.2496935,1.0935248;0.14669922,-0.18801294,-1.5132444;1.3695061,-0.5622062,0.24196856;-0.73883456,-0.21194379,-0.32651117;-0.4142963,-0.3346767,0.23239167;-0.90828663,-1.7262819,-0.42451307;-0.59415317,2.091552,-0.9062467;0.5419728,-0.0058323396,0.28850457;-0.56325585,1.5723598,-0.74498624;0.2729574,0.7709393,0.6469649;-0.7634134,2.899427,-1.6437972;1.4722196,-0.22110228,1.5521594;1.7997538,-0.37664667,0.8421365;0.94599605,0.26939008,0.41221505;0.060677443,0.81666464,-0.31446257;-0.06631804,-0.07753737,-2.2626884;-0.10401529,-0.6037767,-0.16448534;-1.4617338,0.69686323,-1.0224893;0.48590153,-0.19989671,-0.47081766;0.96021116,0.18816538,0.17938344;-1.3784299,-1.5335898,-0.16344318;-1.1033124,-0.5563813,-0.13272718;1.5474259,-0.6414069,1.2302995;-0.8646368,0.58064145,-0.5378225;0.34481144,0.21257623,1.540461;-1.5787818,0.9548836,-1.4898995;1.3955812,-0.048332024,1.4561298;-1.6875274,0.91543233,-1.7836908;-1.4122351,0.57439506,-0.802431;-0.6746968,0.94836867,-0.56809914;0.28512138,0.98529047,-0.65538293;-0.7115523,1.7322307,-0.6345496;0.17879437,-0.11453278,-0.3803037;-0.9948967,-0.9233981,-0.2556384;-0.698906,0.09197858,0.99281913;0.035085417,-0.19431874,-1.3204314;0.42746946,0.46998683,0.7097121;0.2943836,0.79498404,0.6719516;-0.121630274,-1.7380235,-0.30110875;-0.824084,-1.3824544,0.60166633;-1.1818681,-0.3503636,0.46299776;0.7203915,-0.1250006,0.5813599;-0.63428104,0.13031007,0.7491154;0.44966945,0.74383444,-0.19059025;0.18744743,-0.21122932,-0.6303472;-0.69173306,2.2376184,-0.8856169;-1.0069486,-0.3458927,-0.18903704;-0.087159865,0.39189008,0.30498838;0.67384136,0.57021636,0.2290943;-0.423219,0.18876572,0.8418683;-0.6656314,-1.7204496,-0.5597584;-0.1254834,-0.03945504,-0.19430195;-0.5473078,-0.16865063,-0.29590806;0.13342461,-0.2255516,-1.4445702;2.1647465,-0.87434655,1.8999368;-1.0332723,-1.6463685,-0.37189338;-1.5402919,0.80297166,-1.4730618;-0.27412608,0.28363866,1.0414326;0.10164836,-1.6569006,-0.17257541;1.1545851,-0.40418577,1.0193694;-1.2230017,-1.5010332,0.66675556;0.41715467,-0.6929017,0.3985146;-0.9369114,-1.3502982,0.57728875;-1.4758452,-1.6312418,0.30112338;-0.4967937,0.07024912,0.48960158;-0.07652207,-0.120148174,-2.2072601;-1.0891929,-1.091312,-0.23021808;1.0979202,0.60498446,0.037984602;-0.8608052,0.70785296,-0.58143175;-0.7598448,-0.6251174,-0.19294398;-1.1606675,-1.4678155,0.6800519;-1.521542,0.7875164,-1.2205359;-0.5877344,2.764139,-1.4949596;-0.8597213,-0.12075874,-0.37371927;0.6720518,-0.13913773,0.9251078;-0.6505025,2.6866143,-1.2243786;0.973523,0.29420272,0.83112204;0.2955948,0.7370752,0.6428764;0.39105865,-0.32100916,-0.34117898;0.31275108,0.22034112,1.49724;-0.65784174,-0.18128748,-0.22384623;-0.4374312,-1.8606354,-0.46919855;0.8822098,-0.37133825,0.51164496;-0.36918017,0.15856221,1.1952424;-0.65409726,-0.107130595,0.12076989;-0.07775295,-0.20178328,-2.3240707;0.12577455,0.7813966,-0.05560288;-0.86702245,-0.19003294,-0.3513736;2.093235,-0.78342456,1.4118538;0.77140766,0.4202696,1.002202;0.13777581,-0.22740829,-0.99132174;-0.62742275,0.2744445,0.8453769;-1.124423,-0.7294512,-0.024079619;1.9889425,-0.5601892,1.0570065;2.1862833,-0.5724361,1.9290141;-0.21649277,0.23948844,0.71632236;0.80654156,-0.37365922,-0.1705431;-1.5279735,-1.6070596,0.3586559;-0.837366,-0.11577141,-0.34984708;0.8403553,-0.20327394,0.93732613;0.12894218,-0.2704707,-1.0767497;0.2168726,-0.04818704,0.29915196;-1.1860201,0.5930921,-0.57890654;1.0275239,0.11472218,0.57076454;-0.6756682,0.13207902,0.9753045;-0.1861616,-1.8637975,-0.41212147;1.4551414,-0.51060563,0.5276817;-0.64218456,2.1383383,-0.9457324;-0.047157314,0.011195879,-2.0222545;0.4198529,-0.36035517,-0.24677928;-0.29355833,-1.7698047,-0.43827376;2.0875392,-0.21869247,1.5037984;-1.2611868,-0.80151033,-0.01310633;-0.110742696,-1.6085569,-0.2087208;0.51774746,-0.5973993,0.5037878;-0.7066811,0.20532967,0.9488243;0.57258946,-0.19087201,-0.4746617;0.90423805,-0.28455344,0.94695866;-1.0888586,0.0058483686,0.7335131;1.3351548,-0.22174476,1.4006102;-1.145151,-1.4799185,0.6626238;-1.3552996,0.62115115,-0.9203408;-0.60109156,1.9332696,-0.81129736;1.3742218,0.04131652,1.3709496;-1.1377609,0.6045686,-0.63894916;-1.5902393,1.0687563,-1.6540352;-0.65106213,2.7668028,-1.6417277;0.8037868,0.23035079,0.12864181;1.448327,-0.20712838,0.95608306;-0.45492008,1.1271248,-0.62850237;-0.16104542,0.26398978,1.2095592;1.8208308,-0.49676645,1.7909983;0.28447485,0.09489571,-1.1075714;1.9030347,-0.26340872,1.3661054;-1.1333661,-0.083447196,0.69853294;-0.6224384,0.23875897,0.95028996;-0.5346778,-1.6825137,-0.31682283;2.2402596,-0.77077943,1.9792016;0.67813873,0.658778,0.23564161;-0.70083827,2.8140314,-1.5517747;-0.72715145,2.7380066,-1.4901125;-0.29837298,-1.7116442,-0.40340102;-1.139788,-1.4913529,0.6525653;-0.8890923,-1.6731572,-0.4119744;0.1873241,0.66951466,-0.053573307;0.089332394,-0.18014579,-1.1164716;0.7696684,0.36190003,-0.19108787;0.7042919,0.33509353,1.0487216;1.8005098,-0.38330135,0.7498164;0.121090196,0.30328152,1.3181819;-1.5947456,0.8135875,-1.4516565;-0.11494997,-0.5375377,-0.21121012;1.0641745,-0.47765887,0.7809216;-1.436251,0.7231809,-0.67896414;0.46697375,0.16399898,0.08702247;-0.61561257,-0.8140145,-0.25513038;1.5247507,0.1415407,0.8523962;-0.79461986,-0.12728819,-0.2351966;-0.7274555,-0.5124166,-0.098712064;-0.11949909,-0.16874757,-2.3528662;-0.19059092,-0.12810752,-2.4704263;0.32917777,0.9103963,-0.6781728;-0.044047426,-1.6690209,-0.24361746;1.7329757,-0.46405938,1.2029883;-0.61946297,2.197244,-1.0810871;-0.24039352,-1.8910128,-0.34258962;1.6733484,-0.39463532,0.64547706;1.2667133,0.46977127,1.1780986;-0.5557297,1.5603331,-0.73949665;0.095987335,-0.061975427,-0.9632723;-1.5227869,0.8164115,-1.2721629;2.129636,-0.33990392,1.6361272;-0.53722805,0.2763987,0.95645726;-0.8058024,0.7117053,-0.58092856;-1.5980275,0.93543136,-1.3859676;-0.56060225,1.0864191,-0.48068428;0.9366874,0.21683852,0.5159105;1.9940898,-0.37488145,1.4064233;0.6431837,-0.3732812,0.65276605;0.80617136,-0.43255222,-0.134701;0.06248171,-0.15394273,-2.0402763;2.2463064,-0.73971295,1.9725091;1.1455219,-0.32943133,1.083717;0.077906564,-1.651074,-0.19457896;-0.070963815,-0.47277147,-0.34065235;0.43559977,0.66984534,-0.67637694;0.06657165,0.05451334,-1.5216734;-0.27642164,-0.52126324,0.042028613;1.5311306,-0.32755345,0.80128545;-1.4501641,0.66075295,-0.8887567;-0.6253729,1.8297265,-0.85621476;0.9625904,0.077339455,1.238618;1.9679501,-0.5568627,1.6567949;-0.028422765,0.24660435,1.230288;0.64493483,-0.11167567,0.8711136;-0.4041405,-1.8452743,-0.4696275;-0.044043526,0.25259376,1.2521648;-0.61177254,-1.4921554,-0.33707073;1.2399911,-0.04959824,1.2299603;0.19230087,0.8492775,-0.29197764;-0.7482084,2.8268695,-1.6984566;-1.5925767,1.2429368,-2.0347261;1.4863148,0.28334525,0.8079043;-0.49325207,2.4617546,-1.0732026;0.46374762,0.19803864,0.938876;0.0632623,-0.1748295,-1.9017828;0.57038873,0.739182,1.0526724;-0.6114862,2.920146,-1.7149659;0.033268344,0.7391799,-0.14086945;0.4911389,0.7427021,0.94885916;-1.3588368,0.64951926,-0.9151508;-0.7268233,-1.7359518,-0.49447492;1.0746338,-0.14058392,0.6052851;-0.51316017,-0.63772434,0.048147593;0.37406018,0.32295883,0.21609582;-1.2966263,-1.2884908,-0.08644782;-1.3066189,-1.5162454,0.608274;2.2649221,-0.8147502,1.9480251;-1.5163157,-1.573977,0.34857672;1.8338174,-0.41565874,1.6002343;-1.6332514,-1.6253145,0.2163949;-0.5922028,1.7004706,-0.7894966;-0.15117827,-1.7056038,-0.2654326;-1.5840964,0.8813451,-1.222708;-0.5514217,1.4395893,-0.69922453;-0.15682553,-1.8235048,-0.41988632;-0.070305675,0.52683365,-0.19094548;-1.2556143,-1.4267107,0.53726393;2.135968,-0.7226334,1.9479754;-1.578309,1.3678268,-2.0994878;-0.9297279,-0.18561442,0.4408243;0.47282854,-0.12759845,0.85007894;-0.5761589,2.6332834,-1.3218935;-0.49089748,0.24381119,1.0779415;1.5276023,0.028940933,1.0575186;-0.04531311,-0.18782622,-1.65891;-1.0132872,-1.6816206,-0.39091697;0.81722355,-0.5652786,0.49824816;-0.6271903,1.9772496,-0.8556979;-0.9126907,-1.369082,0.6007258;-0.5432494,2.1918252,-1.0014411;0.36182046,0.16856629,-0.8264937;0.4608406,0.40457165,-0.62542194;-0.7269582,0.29567102,-0.4329378;2.0708678,-0.24699393,1.5114359;-0.8199705,2.8893318,-1.8736755;0.87623125,0.2479099,0.9807791;-0.75783545,-1.3614653,0.649673;-1.2551638,-0.8393289,-0.035201687;1.5340506,-0.6145568,1.2227733;-1.5599782,-1.6486957,0.25949234;1.8614628,-0.64490247,1.2028697;0.23710676,0.5800771,-0.57579434;1.9511176,-0.2936015,1.7174746;-0.53612125,-1.8175547,-0.5394587;-0.9542895,-0.06491004,0.7879434;-1.6050148,1.1582311,-1.9398608;0.3019331,0.119789675,-0.93390864;-0.19125319,-0.03214431,-0.32957974;-0.42314318,0.10611702,0.36654535;-0.14050491,-0.104690485,-2.4765244;2.1613154,-0.6451043,1.4104598;1.5702983,-0.6472674,0.851038;2.018562,-0.73734367,1.7694194;0.9917422,-0.080944076,0.61157674;-0.6258804,0.60175765,-0.52796674;-0.78312504,-1.3058591,-0.5096639;-0.07914918,-1.7368584,-0.31188738;1.3484734,-0.6663818,1.1614429;0.45673552,0.4847208,0.3231418;-1.4683671,0.737251,-1.089765;-0.9414054,-1.4274514,0.63143367;1.586852,-0.48636734,0.5136066;-0.15877014,0.3048611,1.1526607;-0.19442357,-0.34179708,0.03952243;-0.54865056,-1.8019592,-0.5470939;-0.7021305,-0.06615545,0.19710477;-1.4957819,-1.4458076,-0.023148311;1.1670486,-0.08600372,0.1308553;0.4200224,0.47512165,-0.61639214;-0.6562152,0.23958802,0.92449594;-0.8418635,2.8156626,-1.9450505;-0.18078217,0.22269036,0.6966681;-0.8381947,0.720031,-0.58217454;-0.95686424,-1.3575317,-0.20736438;0.079635605,0.7463139,-0.047977384;-0.23338109,-0.02059701,0.04651716;1.1657356,-0.4103321,1.068053;1.9902211,-0.75758034,1.7474133;0.51880723,0.2879636,0.22992484;-1.1377499,-0.1046113,0.68860483;-0.6602274,1.8124065,-0.86589396;0.12518091,-0.113724366,-1.330102;-0.27343318,-1.0522991,0.5339114;-0.591351,-1.4468795,-0.2988886;-0.13494538,0.32450563,1.1802846;0.658966,0.24963714,1.0121962;0.53861827,0.68257517,0.18292569;0.15050739,0.3260188,0.28122368;0.42754757,0.12335352,-0.69545025;1.5569018,-0.6651463,0.8389959;1.6664752,-0.30382183,0.9899639;-0.030691955,-0.27413815,-2.0427327;0.35442966,0.78311175,0.76294434;-0.58959645,0.11951492,0.6499904;-0.63915926,0.625567,-0.5310681;1.6217726,0.111309424,0.9539272;0.02770649,-1.6300583,-0.23381771;-0.98690784,0.034318477,0.790866;0.61015105,0.5926862,1.0301133;-1.1903241,-1.3174796,-0.17522563;0.75508994,0.5792352,0.4891285;-0.67486215,0.70935166,-0.5538833;1.497413,-0.24003121,1.5086586;-0.8542762,-1.5790691,-0.44544467;-0.62933064,2.3715954,-1.1046973;0.7351008,-0.13550544,0.81484747;1.0849782,-0.020519637,0.23040068;0.30283675,0.44981772,0.83000994;-0.049882006,0.17202953,0.12256778;0.09247801,0.38515165,0.8077688;-1.286544,-0.93184096,0.052820988;1.4498924,-0.44388872,0.57096106;0.29998043,0.42359617,-0.55413777;-0.8101688,0.28693864,0.69414026;0.35009462,0.6415659,-0.19255234;-0.13660268,-0.3630741,-0.024387598;-0.4786323,-1.194887,0.5840898;0.62455344,-0.011170385,0.3883875;-1.5776448,1.3739746,-2.1042597;-1.5786049,1.0970147,-1.7926863;1.5209842,0.070718594,0.82046777;-1.6320149,0.9672264,-1.6480719;0.18228625,0.79282427,-0.4824165;0.089570336,0.049403362,-0.9403906;-1.4291265,0.7159386,-0.9995194;-0.4649164,0.19724032,1.1055366;-0.4613489,0.12472701,0.32142994;-0.69664156,1.7343264,-0.6434206;-1.4789737,-1.6088363,0.35210878;-0.019937573,-0.19948061,-1.2895592;2.083165,-0.30238363,1.5851828;0.44484353,-0.07300916,0.86381453;-0.56841886,-1.7900802,-0.4345571;-0.537054,2.5648363,-1.1578474;-0.5746042,1.9917442,-0.87659645;-0.93213904,0.18363172,0.7599581;0.8178396,0.4855124,0.9680304;0.19276763,0.25544298,1.3856127;-0.747553,-1.6778392,-0.45528108;-0.9845428,-0.3785945,-0.23590505;-0.9710071,-1.4584903,-0.26863134;-0.2008881,-0.713239,-0.27565023;0.9584859,-0.43777734,0.60984206;-1.6030499,1.1486101,-1.9288396;-0.5698213,1.0817257,-0.49456993;0.13005066,-0.16809802,-1.2534146;-0.8650845,0.6608405,-0.5735931;-0.6379685,2.3158991,-0.87535006;0.83655614,0.06786772,-0.20624022;-0.16587101,0.20757101,0.70992666;1.253653,-0.1982284,1.377705;-1.3106004,-1.200606,-0.033184197;1.3036027,-0.7281427,0.41753995;0.6881922,0.4559505,-0.29106957;0.04591164,0.32621264,1.3090662;-0.019783432,-0.372684,-1.9762896;-0.46907428,-1.1876882,0.5827283;1.0290766,0.22637373,1.4252055;-0.105670966,-0.19481494,-1.2013772;-1.5993168,1.0799776,-1.6802424;-0.5228185,0.20687571,1.061471;1.175883,0.2092063,1.3596298;-0.41047114,0.28952864,0.45751718;1.2819767,0.4271469,1.129728;-0.5862027,0.5765532,-0.5253306;0.33328372,-0.20929141,0.48144814;-0.7397872,0.100518696,0.9532492;-1.1090522,-1.6600999,0.5687828;1.1797813,-0.11086782,0.9561579;-1.5078697,0.607619,-0.91395384;0.7385035,0.47770783,0.15849695;0.66394925,0.16790356,-0.14647748;-0.2594886,0.0041473433,0.071061954;0.103128135,-0.027994713,-1.0560308;-1.5427835,0.88814014,-1.5266609;0.255467,0.34260356,1.1129714;0.25292477,-1.5169991,-0.037993453;0.0029377826,-0.3647585,-0.016397137;0.33281276,0.21572147,1.5149949;-0.98728806,0.04844312,0.8101476;-0.23301601,-1.8621801,-0.24374497;-0.15214671,0.20690748,0.6905808;0.44202313,-0.3475915,0.40917206;0.671378,0.114436515,0.9831488;0.12006261,-0.16733596,-1.6499013;2.1004164,-0.35353735,1.5070493;1.2651246,0.35503325,0.9665608;-0.41423106,-1.153297,0.5698002;0.19227241,1.0058192,-0.5759802;-1.0626892,-1.5394306,-0.32084927;-1.2206767,-1.1894486,-0.12577139;-1.1314921,-0.47506875,-0.108998865;1.8924941,-0.6994214,1.2506527;-0.38922837,1.1415123,-0.61484873;-1.2607455,-1.5503534,0.57960975;-0.5191675,-1.8075328,-0.5548609;-0.51209134,2.276312,-0.93863934;-0.23815475,-0.03337971,-0.26476622;-1.29661,-1.5672861,0.48805127;-0.786072,2.8678603,-1.8845934;1.1258897,0.109261274,1.4230858;-0.7423126,2.4001672,-1.2007903;0.60629034,-0.14776918,0.84074485;-0.13585033,-0.03714288,-0.615663;-0.64537066,2.5462773,-1.2566806;-0.81797004,0.21446207,0.7584078;-1.3358629,-1.8010603,0.4422747;-0.20978361,-0.03423495,-0.08679114;-0.2502516,0.3393248,1.0354109;-0.6413118,2.6901534,-1.2781944;-0.7223717,-0.90012246,-0.31477556;-0.42358053,-1.1613699,0.57491046;-1.4719095,-1.6844642,0.31624895;-1.6481338,0.93272746,-1.34028;-0.6864128,2.6156526,-1.3173316;0.24857493,0.8371974,0.07280551;1.3995243,-0.39040446,1.2100353;0.33712876,-0.68777025,0.3796846;-0.18339407,0.26436558,1.1638919;-1.2050184,-0.31242406,0.51830155;1.4504706,-0.48102373,0.20386042;0.5178097,-0.613084,0.29359606;-0.38132375,0.112951,0.18936062;-1.6868657,0.7048285,-1.511052;-1.4575505,-1.5806632,0.42496258;0.245404,0.80427873,0.08218646;0.32096148,0.21570577,0.931238;0.2911992,0.8397435,0.69174975;0.48656663,-0.15184784,-0.5299641;-0.560006,1.8635547,-0.8527515;-0.113284074,0.27728352,1.217819;0.43023643,0.8835475,-0.27111065;-1.45889,0.524181,-0.6518618;1.6677878,-0.089010544,1.3253198;-0.25656098,-0.061928615,-2.6653585;1.8873212,-0.061529458,1.0544436;0.9836733,0.107740134,0.503375;1.9394652,-0.53653544,1.9116518;1.6859819,-0.3516309,1.4275498;-0.8937243,-0.086657695,0.50697976;1.0534699,0.24504428,1.0726504;1.0236762,0.12533158,0.7413369;0.67507654,-0.20020996,0.56245077;-0.30393407,0.01448482,-0.24527822;-0.21667632,-0.10556709,-2.553658;-0.6951686,0.14309499,0.9286769;-1.0036138,-0.56046784,0.12129004;0.48945788,0.74940014,0.9670315;1.9597725,-0.46249723,1.0766269;-1.1876807,-0.69844085,-0.0046314388;0.5035716,0.18816622,0.97370386;-0.45266968,1.3104177,-0.6881269;0.9127125,0.3625608,0.28151354;0.071071774,0.21641348,1.2981935;-0.679043,0.017303688,0.62287545;0.6471982,0.31173104,1.0697392;-0.28627774,-0.11509488,0.096831135;-0.55654836,0.21827845,0.8305391;1.8134928,-0.3782779,0.6478503;-1.0276799,-1.6243211,-0.36623195;-0.71424943,-0.32741785,-0.26370782;-0.18038316,-1.7954029,-0.4162951;-0.58217716,2.0492485,-0.7831244;0.033274308,0.0059464187,-1.8653256;-0.03774435,-0.09924783,-2.3124151;-0.9748344,-0.926152,-0.3069942;0.62967956,-0.46514398,0.6556219;1.6116408,-0.47902602,0.64418167;0.053094424,0.2628095,1.2644731;-1.1878911,-0.16885094,0.6432968;-0.48764881,0.30408162,0.9876076;0.96979135,0.40576473,1.066296;-1.6448414,0.7293103,-1.5128745;-0.39744294,-1.7045095,-0.47413668;-0.6865645,2.3518414,-1.1211808;0.35313162,0.83457404,0.1402274;0.09513837,0.30216137,0.17652038;0.18198718,-0.0224031,0.12793691;0.37127504,0.39612624,0.80156755;-1.5924765,1.2516773,-1.9464418;0.78904974,0.55288273,0.53587735;0.9887066,-0.122298695,0.540162;0.15353651,-0.018498152,-0.24357323;0.1371284,-0.104288325,-1.3491235;-0.9795609,-0.88630635,-0.1539885;-0.6208087,0.59973174,-0.5289103;-0.19766735,-0.96845436,0.4878755;1.0208576,0.060237475,1.2109936;1.8300593,-0.7436236,1.6699342;-0.70487744,2.7581944,-1.5142736;0.7566883,-0.6677714,0.3453346;1.7801676,-0.41927913,0.82240784;0.7110444,0.34235933,0.13119735;-0.090650916,-0.19956036,-1.181852;1.252126,0.13014291,1.3278322;0.50618196,-0.052027002,-0.5863981;1.641837,-0.4258723,0.6528109;-0.51043487,0.34006825,0.887493;0.12623638,0.4332461,0.88029736;-0.25656098,-0.061928615,-2.6653585;-0.9077902,0.12496163,0.8175443;1.656729,-0.29470012,1.3868923;0.39365366,0.54553324,0.21704899;0.081264034,0.8018113,-0.39732406;-0.7196634,1.7388265,-0.6162293;1.2637141,0.4583516,1.1628424;0.20117389,0.15482678,0.16215654;-0.23380746,0.02882514,-0.28386393;0.34662554,0.091824666,-0.8962609;0.12363943,0.7600547,-0.5658407;0.37710896,0.33812174,0.8877926;-0.3196606,0.14106598,1.2098475;-1.2033389,-0.82744205,0.15254463;2.0749874,-0.2947374,1.5335232;0.17142779,0.9201753,-0.490757;-1.2119608,-1.497931,0.5981726;-0.7016204,-1.7262366,-0.47264776;0.5175909,-0.06946645,0.29224876;1.1352361,0.107218705,0.8589056;0.020020548,-0.05671472,-1.9810778;-0.73056245,2.2966614,-1.094701;-1.4256927,0.7173892,-0.61719996;-1.4047667,0.6682361,-0.75075;-0.3926146,1.149889,-0.6220077;0.05309146,-0.22618125,-2.0317686;-1.5571038,0.7930548,-1.5172232;0.85402423,-0.21815889,0.5601189;-0.683677,2.8841007,-1.7655163;-1.6241488,0.98955834,-1.9494566;0.057029624,0.7678901,-0.048378076;0.61604804,-0.3186289,0.720183;0.7045207,0.49691063,-0.2818945;0.8634837,0.033565976,1.2983735;0.94637716,-0.24545978,1.0080911;0.113284536,-0.31551084,-1.120497;-0.47460032,-0.3315865,-0.3361717;-0.2843055,-1.8345627,-0.41678366;1.5481677,-0.61682606,1.2098917;1.4356865,-0.096551,1.480471;-0.632808,0.21224177,0.92021114;1.2751266,0.039180268,1.403446;-0.7663669,-0.6638697,-0.17396942;1.5497073,-0.26240695,0.73074466;0.19999723,0.3527914,0.05006755;-0.075457744,-0.25340638,-2.1712592;0.2523883,-1.5275921,-0.039984535;-1.4014713,-1.5721517,0.43354988;1.8747838,-0.68118656,1.5339355;0.7496039,-0.58921564,0.15852669;-1.6056665,0.7196666,-1.3803666;1.3544416,0.3347286,1.1231667;-1.454106,0.72681457,-0.7042581;-0.8685405,-1.4236356,-0.4598556;0.3209611,0.245446,-0.44936;-0.71280134,2.5542872,-1.0388783;0.17667064,-0.2957566,-1.2483425;2.0175562,-0.13681887,1.3334591;-0.099128135,-0.09815813,-1.8025509;-0.75256807,-1.3620734,0.6424466;-0.82566774,2.8146873,-1.8960367;-0.06261574,-0.2695302,-2.2871354;0.8383082,-0.16769454,-0.17347075;-0.9662176,-0.9340501,-0.2919392;0.13980572,0.4727714,-0.13176468;-0.7640014,2.438143,-1.2261157;0.4847595,0.7313983,0.9668582;2.1977441,-0.8977708,1.9358327;-1.5905433,0.86513937,-1.159684;-0.14193894,0.36734837,0.4200591;-1.1177026,-0.44020343,-0.13523903;0.49221447,-0.57531506,0.5498916;-0.118901625,-0.16235884,-2.1772852;0.89127636,-0.008145703,0.41304606;-0.07579056,-1.3294853,-0.32290608;-1.4722339,-1.3950756,0.039456554;0.350591,0.57878053,-0.09650114;0.3842399,-0.14415471,-0.46434858;2.0616212,-0.57454777,1.6778077;0.18786874,0.58419377,-0.11884886;-0.8126876,2.7780514,-1.5867816;-0.7632172,2.8513484,-1.7593597;0.648821,0.6989651,0.30327502;-1.3816851,0.6072635,-0.7537799;-1.1838205,-0.58527565,0.14278364;-0.738457,2.7422535,-1.4983631;-0.7143619,-1.3378415,0.6342135;-0.5132408,-1.7920572,-0.5448849;0.27522084,-0.01564358,0.21846192;1.5208602,-0.4412463,0.65450525;-0.5618981,1.5561732,-0.74315137;-1.1492231,-1.5617269,0.6091664;-0.37131724,-0.19981685,0.1695983;-1.1930035,-1.4719135,-0.2678826;2.134459,-0.7647329,1.895445;0.1390291,0.8274565,-0.5690323;0.13686441,0.29306087,0.39959663;0.2377573,-0.41435534,-0.9006471;0.99699783,0.36676744,0.004317045;0.35920808,0.14060883,-0.88945043;-0.18138292,0.20998567,0.7121791;1.3672959,-0.6497844,0.44767502;1.1517496,-0.35592785,1.1143359;-0.19674657,-1.7927442,-0.40804487;0.60896105,-0.2288358,0.8244356;-1.4066756,-1.6018285,0.4623348;0.0026855739,-0.32280478,-1.9489866;-0.15665676,-0.12058971,-2.4764428;0.3520135,0.5020226,-0.49095705;0.43197033,0.77276033,0.08952632;-0.8202508,2.8039238,-1.6761227;1.2971482,-0.25590435,0.5567912;0.1875399,-0.087670945,-0.3617567;2.08518,-0.57143307,1.6293329;0.28473133,0.034920122,-1.1487216;-0.8986229,-0.12837589,0.48007578;0.1128846,-0.18165176,-1.4557899;-1.1423876,-1.493087,0.6240436;-0.23039591,-0.69741005,-0.29958272;-1.2101563,0.5899487,-0.7064218;-0.57324076,-1.6127217,-0.29589844;1.977553,-0.39877525,1.7572004;-1.2314953,-1.4831924,0.5647091;-0.9243123,0.021721674,0.78091675;1.2382133,0.33811927,0.91683966;-0.6943398,2.3971722,-0.91674465;-1.4683053,-1.3730447,-0.013915219;-0.08510591,-0.57387286,-0.30212817;2.0488384,-0.21813984,1.3551913;-0.06331612,-0.1671691,-1.6798428;-0.87502915,-0.7367701,-0.17531961;-0.37762237,-0.3946247,0.18450998;2.1666784,-0.653174,1.4528939;1.1092592,0.61188483,0.05325923;-0.8323316,-0.23882459,-0.2919082;-0.6271704,0.60549533,-0.5290863;2.0651038,-0.4506408,1.5827396;1.0701791,0.25217807,1.2336196;-0.3963576,-1.1442846,0.56766325;-0.436772,-0.119219504,0.28470874;0.8243369,-0.197643,-0.16645084;0.33599046,0.53569734,0.9720083;-0.6928716,-1.7251335,-0.43755078;1.334137,-0.6314176,1.0779284;2.093344,-0.78659606,1.959485;-1.5943902,0.83494675,-1.5374743;-0.02688134,0.0046944334,-2.0658553;0.7174903,0.31439868,0.1561255;1.7216487,-0.49360612,1.0950493;-0.7965458,-1.3793992,-0.49215603;-0.25612518,0.25847656,0.8190667;0.06460887,-1.6523232,-0.19535963;-0.43841213,-0.13503115,-0.2886484;0.13496853,-0.2767431,-1.4253943;0.8090761,-0.14996591,-0.13960733;-1.1506605,-1.2819103,-0.17602076;1.5400847,0.08150714,0.87474704;-0.16585848,-0.07851597,-0.3852273;2.141586,-0.62285936,1.9070517;1.0636533,-0.17345145,0.97584087;-0.8659466,2.808189,-2.0024922;2.1690493,-0.6187806,1.9087245;1.4797852,-0.48005757,0.47070247;1.2495724,-0.54270226,1.0188569;-0.5960653,2.7722464,-1.5174465;-1.1461039,-1.2791979,-0.20448206;0.5164217,-0.61632323,0.329683;2.1689806,-0.88810503,1.9476311;-0.8137467,-0.6021117,-0.08469115;0.77028126,-0.27603507,0.78268594;-1.3694416,-1.1806487,0.023561997;1.6224957,-0.47132048,0.60760087;-0.886138,-0.8100119,-0.084738486;1.7389487,-0.18369487,1.4712611;-0.9184652,-0.534699,-0.1517774;-0.668728,2.4654715,-1.1393878;-0.57478774,0.29246962,0.9311784;1.9550854,-0.3176562,1.2773135;-0.87161505,-0.22857277,-0.52819484;0.09644464,-0.05548529,-0.025365217;-0.63900644,2.4391243,-1.1556549;0.8666829,-0.36992422,0.5128504;0.35308778,0.610643,0.6520089;-0.29046726,-1.0766175,0.54826844;0.43368402,-0.17611034,0.5570965;-0.66332114,-1.4620934,-0.3065613;-0.23840587,-1.9060841,-0.35472253;-1.4221019,0.7339387,-0.6014026;0.39031988,0.7741637,-0.10789224;-0.03175371,-0.28050846,-0.07774839;-0.6870586,2.6977286,-1.411289;0.4722298,0.41775694,-0.22461036;0.17025281,-0.24429974,-1.2661641;-0.9571135,-1.444351,0.6063143;1.8554819,-0.39084262,1.0552799;-0.71595675,-1.7991831,-0.4616305;1.5536139,-0.22507495,0.5245843;-0.39827687,0.2191585,1.0810906;1.7799159,-0.3894541,0.72086805;-1.6785794,0.6951101,-1.575132;-0.6853592,2.3315098,-1.1031787;0.77325183,0.059218008,-0.4694009;1.8588895,-0.3323323,1.6382698;0.51067126,0.27725384,0.1860213;0.2515035,0.22827466,1.4030534;-0.14276023,-0.18000497,-2.3899543;0.3406763,0.82484496,0.77297515;1.8852569,-0.15779051,1.1027182;-0.1209081,-0.30891633,-0.0819796;1.0182055,-0.30506063,1.1617562;-0.70532453,2.735347,-1.4493865;0.56656426,0.26667428,-0.2261609;1.058224,-0.11203339,0.44896927;-1.585096,1.3246009,-2.0405896;2.1164262,-0.39255357,1.760568;-1.1634476,-0.3597033,0.4528046;0.18479744,0.09587083,0.99194175;1.774906,-0.2694892,0.9476154;-0.84701276,-0.13285077,-0.40528214;1.5639263,-0.15331492,0.78870296;-1.1770035,-0.31372854,0.4942604;-0.40555707,-1.1468384,0.56873906;1.543609,-0.35719454,0.6463965;0.11073324,0.4338417,1.3433325;-0.44728705,0.17564763,0.42416856;-0.26860568,0.34155244,1.0579019;-0.11133491,-0.2814943,0.23851064;-0.86013263,0.03721699,0.9085354;-1.3179651,0.62149423,-0.8107023;0.09869508,-1.569461,-0.18423325;0.0018178765,-0.22462612,-1.4990741;0.8791369,0.20270471,-0.1350565;0.105508365,-1.631033,-0.17111339;0.31096652,0.048264183,0.24283436;-1.1188095,-0.2635893,-0.14497207;-0.82037234,2.8865168,-1.8773206;-0.11701308,0.26986846,1.2103865;1.7144679,-0.074878536,1.4777753;0.016916549,0.7445299,-0.47128782;-0.694007,-1.3161902,0.6246629;-0.20451924,0.17037885,0.69557875;-0.80200905,2.855034,-1.9011023;-1.4751259,-1.5949734,0.39178202;1.568717,-0.5914007,1.2621006;0.98190457,-0.36941022,0.79249513;-0.7424505,2.8060412,-1.6291823;0.73186046,0.3144677,-0.23212;0.2585209,0.652996,0.05410752;1.2279632,0.018209254,1.3633024;-0.06440023,-0.4062126,-0.012300171;-0.91930306,0.052299332,0.8687411;-1.0981915,-0.45043018,0.21709199;0.23424731,0.04365316,0.24465583;2.1018639,-0.32902595,1.7009157;1.2525426,-0.12305166,1.0339973;-1.1230153,-0.06412384,0.71970934;-0.52915937,0.1892527,1.077226;-0.87851465,-1.4577191,0.64614224;1.7613673,-0.40989685,1.5254874;2.127929,-0.5538553,1.85294;-0.5796424,1.0953276,-0.49480587;-0.34262586,-1.8360829,-0.43767995;-0.680169,2.3189862,-0.9861072;-0.8296669,-0.35689664,-0.14064518;0.6201583,-0.5903432,0.32525492;-0.8832758,-1.730956,-0.43336865;1.1304429,0.016504955,0.9088239;-1.6243262,-1.6176013,0.21217255;0.66284037,0.68017787,0.37400565;0.41631308,0.81015104,0.8709663;-0.20482635,-0.21242654,-2.2256525;0.74564886,-0.65083605,0.2995225;-0.5916445,1.6371225,-0.7554925;0.6166427,-0.07098664,0.8553695;0.066397615,0.8926462,-0.32194147;-0.77274287,2.6730895,-1.4345564;-1.6171906,1.0402384,-1.8240488;0.17446706,0.12000351,-0.07479406;0.067130476,-0.0040536453,-0.06985583;1.6060196,-0.8792641,1.4620283;-1.1026974,-0.3434434,0.39646253;-0.64895767,-0.10127265,0.53891915;0.80852735,-0.72624546,0.42152432;2.1711085,-0.53148484,1.5477636;-0.93368435,2.7240918,-2.099656;-1.4038792,0.6877681,-0.968906;-1.6721746,-1.6343946,0.19345151;-0.4735368,1.1838542,-0.62130713;1.4412287,-0.1772561,0.9224056;0.27855825,0.69661635,0.73049057;1.1274338,-0.10140408,0.114687055;-1.160825,-0.31891197,-0.1253372;-1.1896563,-0.5694826,-0.11876968;-1.3577561,0.6499454,-0.86328185;-0.50664043,0.12534083,0.32751933;0.8389905,-0.13950664,-0.22854008;-0.1654606,-0.8038167,-0.29540995;-1.1687585,0.5935843,-0.5872296;1.1457361,-0.7258309,0.86575776;-0.044878926,-0.044632006,-1.9603535;-0.48292387,-0.6078413,-0.19465524;1.4266323,-0.7054462,0.3288711;1.2062297,0.08599155,1.331787;-0.3657819,-1.7961076,-0.40898585;-0.80375004,-0.20632114,0.09237714;-1.5616957,-1.6188205,0.28471678;0.6077304,0.55992675,-0.32050616;1.6821171,-0.5159912,1.2629683;1.0089923,-0.2823502,1.0130488;1.0831742,0.22595282,1.385628;-1.0383254,0.0059578936,0.78096306;-0.5411042,-1.2402956,-0.29373583;0.0029701896,-1.5249939,-0.24610423;1.0238918,-0.068095855,0.6959654;-1.1278704,-0.4670893,-0.07772105;-0.7530393,-1.7620758,-0.4746242;0.17891398,-0.20577107,-1.3731117;0.1408192,-0.18790223,-0.9451673;-0.13665028,-0.09498512,-0.5683222;-0.9568216,-0.16905835,0.09635718;-1.5085559,-1.4658097,0.06580248;-1.5367686,0.8328551,-1.3116486;1.7249533,-0.14035007,1.4210693;1.0740037,-0.20283213,0.8138953;1.3699507,-0.27566478,1.0308344;-0.4392487,-0.6335928,-0.24524146;-0.05553674,0.5836129,-0.25545025;0.8560727,0.3680065,0.23444076;0.47482246,0.6471692,0.31845894;-0.12099454,0.26611316,1.2019175;-1.3974401,-1.571281,0.4993171;1.4432808,-0.50684625,0.26024535;1.9778084,-0.58659065,1.4414213;1.7858593,-0.53652483,1.6680354;0.4118114,0.79716504,0.0041304603;0.124167584,0.7584109,-0.5693575;0.26833126,-0.17075126,-1.1197317;1.3342391,-0.54091084,0.2120816;-0.39405754,-1.140693,0.5668168;0.8280713,-0.4982511,0.49502307;0.14828552,-0.14712925,-1.3762909;-1.4663397,0.45336646,-0.8850363;0.26383606,0.039016563,-1.1431006;-0.8194601,-1.4020456,0.6771931;0.28650385,-0.1220996,-0.3862401;-0.616735,-0.0954258,0.48347867;-0.057883617,-0.53056026,0.0045527834;1.7510834,-0.2417596,1.1560515;1.8701602,-0.107457094,1.1225598;-0.8970605,-1.4709792,0.6956183;-0.6552326,0.63757724,-0.53606063;0.4263089,-0.13655598,-0.5542203;1.9882056,-0.38571733,1.1426338;-0.9500718,-0.5654076,-0.10432072;0.789099,0.5796324,0.0058699525;0.1587643,0.8607732,-0.5535561;1.8140008,-0.12616786,1.3563944;-0.40483883,-0.5657655,-0.009314283;-0.028662568,-0.047458425,-2.2461152;-0.2174489,-0.18750463,-2.329092;-0.76738155,2.8997347,-1.6801819;-1.5866815,1.0549237,-1.6861422;-0.58185756,2.2906933,-1.0945437;-0.16723137,-0.119762704,-0.34353802;0.32129538,0.43348098,-0.47016487;-1.5852901,1.0140688,-1.5682075;-0.32796586,0.0354971,-0.21628577;-0.50393325,-0.63918567,-0.20262949;-0.0023534498,-0.30439305,-2.182333;-0.14522083,-0.0930329,-0.6155518
