data_set
babi-q1
num_classes
6
data_points
1000
model
saved_models/babi-q1-e0135.ckpt
color_schema
#4E79A7,#F28E2B,#E15759,#76B7B2,#59A14F,#EDC948,#B07AA1,#FF9DA7,#9C755F,#BAB0AC
test_accuracy
0.857
test_loss
0.44483633065223693
train_accuracy
0.938125
train_loss
0.17215945791825651
val_accuracy
0.888
val_loss
0.3554374486207962
labels
12,9,15,12,15,12,11,12,17,17,15,11,17,10,10,15,11,15,17,15,12,17,17,12,10,10,10,15,15,15,12,17,15,15,9,17,9,11,15,10,9,11,9,12,11,15,12,9,17,10,10,17,11,11,15,10,15,12,11,12,12,17,9,11,11,15,15,9,17,17,11,12,11,10,9,15,15,15,12,17,11,9,10,11,17,11,11,12,15,15,9,9,12,9,9,15,15,15,10,10,10,9,17,11,11,12,10,9,17,10,9,9,15,12,15,11,17,15,9,17,10,9,10,12,10,17,11,11,11,9,11,12,9,11,15,9,17,15,9,9,17,12,12,17,10,15,15,15,15,15,11,11,9,17,10,9,11,10,17,12,10,10,10,11,9,11,11,11,15,10,17,17,11,9,9,17,15,10,17,17,12,12,12,12,10,9,17,11,15,17,12,15,11,12,12,11,17,15,9,10,12,17,17,10,12,9,15,12,9,12,9,10,12,10,9,10,9,12,12,9,9,12,15,12,10,17,12,11,9,9,17,11,12,17,12,10,10,10,10,17,12,15,11,11,15,15,11,11,11,11,10,17,9,9,10,10,17,17,15,11,11,17,12,17,17,9,11,10,9,10,15,17,17,15,9,17,15,12,17,9,9,11,17,17,11,17,9,17,11,9,15,15,10,15,15,11,11,12,12,9,9,9,9,17,12,11,9,17,17,15,11,11,17,10,11,17,10,17,17,11,11,15,15,11,11,9,10,11,11,10,15,17,15,10,10,17,12,17,12,12,12,11,17,15,11,17,12,12,15,15,10,11,11,10,10,9,17,12,11,12,11,9,11,11,11,11,11,12,12,12,12,12,11,11,17,10,15,9,9,10,9,10,10,17,17,15,17,17,17,15,15,12,9,10,17,17,10,17,9,11,10,11,10,15,17,15,12,10,11,15,10,11,9,12,17,10,10,15,12,9,12,12,9,12,10,15,15,17,10,10,17,15,15,15,17,11,15,9,10,11,10,12,9,11,10,11,10,12,11,15,15,15,15,11,9,15,10,12,11,12,9,11,10,17,11,11,10,10,10,17,12,17,17,9,15,11,9,15,11,9,10,10,12,12,11,10,9,12,10,9,15,10,10,11,11,15,15,10,12,12,15,11,9,12,9,15,10,17,17,10,10,17,10,10,17,9,9,10,12,11,17,17,12,12,11,12,17,11,11,12,11,11,11,17,9,11,10,12,12,10,11,17,12,12,15,11,15,15,12,10,10,9,17,10,15,12,15,10,10,10,11,10,11,15,10,9,9,15,10,10,10,10,15,15,17,9,10,12,10,10,12,12,11,15,10,10,11,12,10,10,17,12,17,11,9,9,17,17,11,10,10,10,15,15,17,11,15,12,11,10,15,17,9,11,9,17,15,12,15,17,11,17,17,15,9,10,9,9,10,10,9,10,10,15,11,11,11,15,12,9,11,11,10,17,11,11,12,17,15,15,9,11,15,15,11,9,15,15,11,15,15,15,11,10,10,9,17,17,17,17,10,10,17,9,15,9,17,12,12,12,15,15,15,17,9,11,9,17,9,12,11,9,9,17,11,11,11,10,15,10,12,12,9,9,17,12,12,9,17,12,11,11,15,15,12,11,12,17,12,17,11,12,11,17,17,11,17,9,11,9,10,10,12,17,10,12,9,9,9,15,11,11,15,17,9,10,9,12,17,15,17,17,12,10,12,11,11,17,15,9,17,10,9,11,12,15,9,15,12,10,9,10,17,17,15,15,9,9,9,17,10,17,17,9,12,17,17,12,12,11,11,11,11,17,11,17,17,17,17,17,12,9,17,10,17,11,10,10,12,12,11,11,17,12,12,17,17,15,11,17,11,11,9,12,9,17,9,10,9,15,11,9,11,15,10,9,9,9,17,12,11,11,17,15,15,10,10,11,11,17,10,12,9,10,10,10,10,10,15,17,9,11,17,15,12,11,10,10,15,12,10,11,12,12,11,11,11,15,12,17,10,12,17,17,12,10,10,12,17,10,11,17,11,12,17,17,11,12,11,17,9,9,11,17,11,11,15,15,17,17,10,10,17,12,11,15,12,11,11,10,9,12,12,15,10,9,17,15,17,9,17,17,10,17,15,12,12,11,10,10,10,17,17,15,12,17,9,9,15,10,12,15,15,15,17,17,15,11,15,10,12,9,9,10,11,11,9,9,12,15,9,15,9,12,12,10,17,17,10,12,15,9,10,17,11,11,11,17,9,9,11,15,11,11,11,15,12,17,9,10
pred_labels
12,9,15,12,15,12,11,12,17,17,15,11,17,10,11,15,11,15,15,12,12,17,17,17,10,10,10,15,17,15,12,17,15,15,9,17,9,11,15,10,9,11,11,15,11,15,12,9,17,10,10,17,11,15,11,10,15,12,17,12,12,17,9,11,17,15,15,17,17,15,11,12,11,10,9,15,11,15,17,17,11,9,10,15,17,11,11,12,15,15,9,9,12,9,11,15,15,15,10,10,10,9,17,11,11,12,10,9,17,10,9,17,15,12,15,11,17,15,15,17,10,9,9,12,10,17,11,15,11,9,11,10,9,11,15,9,17,15,9,9,17,12,17,17,10,15,15,15,15,11,11,11,9,17,10,9,11,10,17,12,10,12,10,11,9,11,11,15,15,10,17,17,11,9,9,17,15,10,17,17,12,17,12,12,10,9,17,11,15,17,12,15,11,12,11,11,17,11,9,10,12,17,17,10,12,9,15,12,9,9,9,10,12,10,11,10,9,12,12,12,9,17,15,15,10,17,17,11,9,11,17,11,12,17,17,10,10,12,10,17,12,15,11,11,15,15,11,11,17,11,10,10,9,9,10,10,17,17,15,11,11,17,12,17,17,9,11,10,9,10,15,17,17,15,15,17,15,12,17,9,9,11,17,12,11,17,9,12,11,9,15,15,10,15,15,11,11,12,12,9,9,11,15,17,17,11,9,17,9,15,11,11,17,10,10,17,10,17,17,11,11,15,15,11,17,9,10,11,15,10,15,17,17,10,17,17,12,9,12,15,12,11,17,15,11,17,17,12,12,15,10,11,11,10,10,9,17,12,11,12,11,9,11,11,11,11,11,12,12,12,12,12,11,15,17,10,15,9,11,10,9,10,12,17,17,15,17,17,17,15,15,12,9,10,17,17,10,17,9,11,10,11,10,15,17,15,15,17,17,15,10,11,9,12,17,10,10,15,12,9,12,17,9,10,10,15,15,17,10,10,17,15,15,10,17,11,15,9,10,15,10,12,9,11,10,11,10,12,11,15,15,15,15,11,9,15,10,12,11,12,9,11,10,17,11,11,10,15,10,17,12,17,17,9,15,11,9,15,11,9,10,17,12,12,11,10,9,12,10,15,15,10,10,10,10,15,17,10,12,17,15,11,9,12,9,15,10,17,17,10,10,17,10,17,15,9,9,10,12,11,17,17,12,12,11,12,17,11,15,12,11,11,11,12,9,11,10,12,12,10,11,17,12,12,15,11,15,15,12,10,10,9,17,10,15,12,15,10,10,9,11,10,11,15,10,9,9,15,10,15,10,11,15,15,17,9,10,12,10,9,12,17,11,15,10,10,11,12,10,10,17,12,17,11,9,9,17,12,12,10,10,10,15,15,17,11,15,12,12,10,15,15,9,11,9,17,15,12,11,17,11,17,10,15,9,10,9,9,10,10,9,10,10,15,11,11,11,15,17,9,11,11,10,17,11,11,12,17,15,11,9,11,15,15,11,9,15,15,11,15,15,12,11,10,12,9,17,17,17,11,10,10,17,9,15,9,17,12,10,10,15,15,15,17,9,11,9,15,9,12,11,9,12,17,11,11,11,9,15,10,12,12,9,17,17,12,11,9,12,12,11,11,15,15,12,11,12,17,17,17,11,12,10,17,17,11,17,9,11,9,10,12,12,17,12,12,9,9,9,11,11,11,15,17,9,10,9,12,17,15,17,17,12,10,10,11,12,17,9,9,17,10,9,11,12,15,9,15,12,10,9,10,17,17,17,15,9,15,9,17,10,17,17,9,12,17,17,12,17,11,11,11,9,17,11,17,17,9,17,12,12,9,17,10,17,11,10,10,12,17,11,15,12,12,12,17,17,15,11,17,11,11,9,12,15,17,9,10,9,15,11,9,11,15,10,9,9,9,17,17,11,11,15,15,15,10,10,11,11,15,10,12,9,10,10,10,10,10,15,17,9,11,17,15,12,11,10,15,11,12,10,11,12,12,12,11,11,15,15,17,10,12,17,15,12,10,10,12,12,9,11,17,11,12,17,17,11,12,15,17,9,17,11,15,15,11,15,15,12,17,10,10,17,9,11,15,12,11,11,10,9,12,12,15,10,9,17,15,17,9,17,17,10,17,15,12,12,12,10,10,10,17,17,15,12,17,9,9,15,10,12,15,15,15,17,17,15,11,15,10,12,9,9,10,11,11,9,9,12,17,9,15,9,12,9,10,17,9,10,12,15,9,9,17,11,11,15,17,9,9,11,15,11,17,11,15,12,17,9,9
pred_correctness
True,True,True,True,True,True,True,True,True,True,True,True,True,True,False,True,True,True,False,False,True,True,True,False,True,True,True,True,False,True,True,True,True,True,True,True,True,True,True,True,True,True,False,False,True,True,True,True,True,True,True,True,True,False,False,True,True,True,False,True,True,True,True,True,False,True,True,False,True,False,True,True,True,True,True,True,False,True,False,True,True,True,True,False,True,True,True,True,True,True,True,True,True,True,False,True,True,True,True,True,True,True,True,True,True,True,True,True,True,True,True,False,True,True,True,True,True,True,False,True,True,True,False,True,True,True,True,False,True,True,True,False,True,True,True,True,True,True,True,True,True,True,False,True,True,True,True,True,True,False,True,True,True,True,True,True,True,True,True,True,True,False,True,True,True,True,True,False,True,True,True,True,True,True,True,True,True,True,True,True,True,False,True,True,True,True,True,True,True,True,True,True,True,True,False,True,True,False,True,True,True,True,True,True,True,True,True,True,True,False,True,True,True,True,False,True,True,True,True,False,True,False,True,False,True,True,False,True,True,False,True,True,True,True,False,True,True,False,True,True,True,True,True,True,True,True,True,True,False,True,True,False,True,True,True,True,True,True,True,True,True,True,True,True,True,True,True,True,True,True,True,True,True,True,False,True,True,True,True,True,True,True,True,False,True,True,True,False,True,True,True,True,True,True,True,True,True,True,True,True,True,False,False,True,False,True,True,True,False,True,True,True,True,True,False,True,True,True,True,True,True,True,True,True,False,True,True,True,False,True,True,True,False,True,False,True,True,False,True,False,True,True,True,True,True,True,False,True,False,True,True,True,True,True,True,True,True,True,True,True,True,True,True,True,True,True,True,True,True,True,True,True,True,False,True,True,True,True,False,True,True,True,False,True,True,True,True,True,True,True,True,True,True,True,True,True,True,True,True,True,True,True,True,True,True,True,False,False,False,True,True,True,True,True,True,True,True,True,True,True,True,False,True,False,True,True,True,True,True,True,True,True,True,False,True,True,True,True,True,False,True,True,True,True,True,True,True,True,True,True,True,True,True,True,True,True,True,True,True,True,True,True,True,True,True,True,True,False,True,True,True,True,True,True,True,True,True,True,True,True,True,False,True,True,True,True,True,True,True,False,True,True,True,False,False,True,False,True,True,False,True,True,True,True,True,True,True,True,True,True,True,True,True,False,False,True,True,True,True,True,True,True,True,True,True,True,True,True,False,True,True,True,True,False,True,True,True,True,True,True,True,True,True,True,True,True,True,True,True,True,True,True,True,True,True,True,True,True,True,False,True,True,True,True,True,True,True,True,True,False,True,False,True,True,True,True,True,True,True,False,True,False,True,True,True,True,True,True,True,True,True,True,True,True,True,True,True,False,False,True,True,True,True,True,True,True,True,True,False,True,True,False,True,True,True,True,True,True,False,True,True,True,False,True,True,True,True,True,True,True,True,True,True,True,True,True,True,True,False,True,True,True,True,True,True,True,True,True,True,False,True,True,True,True,True,True,True,True,True,True,True,False,True,True,False,True,True,True,True,False,True,True,True,True,True,True,True,True,False,False,True,True,True,True,True,True,True,False,True,True,True,True,False,True,True,True,True,False,True,True,True,True,True,False,True,True,False,True,False,True,True,True,True,True,True,True,True,True,False,True,True,True,False,True,True,True,True,True,True,True,True,False,True,True,False,True,True,True,True,False,True,True,True,True,True,True,True,True,True,True,True,True,True,True,False,True,False,True,False,True,True,True,True,True,True,True,True,True,True,True,True,True,True,True,False,True,True,False,True,True,True,True,True,True,True,True,True,True,False,True,True,True,False,True,True,True,True,False,True,False,True,True,True,True,True,True,True,True,True,False,True,False,False,True,True,True,True,True,True,True,True,True,True,True,False,True,True,True,True,True,True,True,True,True,True,True,True,True,True,False,True,True,False,True,True,True,True,True,True,False,True,True,True,True,True,True,True,True,True,True,True,True,True,True,True,True,True,False,False,True,True,True,True,True,False,True,True,True,False,True,True,True,True,False,True,True,True,True,False,False,True,True,True,True,True,True,True,True,False,True,True,False,True,False,False,True,True,True,False,True,True,True,True,False,True,True,True,True,True,True,True,True,True,True,True,True,True,True,True,True,True,True,True,True,True,True,True,False,True,True,True,True,True,True,True,True,True,True,True,True,True,True,True,True,True,True,True,True,True,True,True,True,True,True,True,True,True,True,True,False,True,True,True,True,False,True,True,False,True,True,True,True,False,True,True,True,False,True,True,True,True,True,True,False,True,True,True,True,True,False
p2d-kl
0.5775420069694519
p2d-iter
599
p2d
-0.585797,1.9208524;0.73020893,-1.3995153;0.8112868,1.0894796;-0.45479456,1.6562488;1.0205874,1.3432915;-0.35570133,1.7964729;-1.9046243,-0.43882787;-0.009748197,1.2324729;-0.06826933,0.13691619;-0.052690838,-1.2137513;1.0520695,1.2586391;-1.3637089,-0.46809766;-0.33056527,-0.15794802;1.1376449,0.09452035;-0.039901003,-0.7484988;0.5438203,0.9423502;-1.7555315,-0.39445034;1.110454,1.2628835;-0.21291624,-0.9953673;-0.0067560356,-0.26592278;-0.29020715,1.7362756;-1.1871122,0.79839903;-0.40652305,0.79189587;0.032665834,-1.1862441;0.05471355,-0.7746841;1.620128,0.39421663;1.6459792,0.4044031;0.8710958,1.2607837;-0.16776973,0.6754745;-0.085141905,-1.0845408;-0.32062382,1.5031166;-1.2696673,0.9973646;1.2150776,1.4051424;0.99077374,1.252626;1.3254696,-1.6733667;-1.1615433,0.613986;0.85519254,-1.5695578;-1.1704062,-0.53773206;0.62883276,0.30612278;0.41861942,-0.2637732;1.4424094,-1.8647825;-0.59710723,-0.89597905;0.011042243,-0.7746076;-0.41426274,-0.068929695;-1.5542994,-0.3747063;-0.52370524,-0.274537;-0.11551278,-0.5857071;1.6918613,-1.8843267;-1.1090779,0.48400623;1.4114666,-0.36031795;1.4312131,-0.31758383;-1.3001949,0.8791524;-1.1390615,-0.56790614;-0.13456121,-0.7293455;-0.1867588,-0.8403588;1.5697521,0.38470265;0.34008712,0.6407622;-0.19737513,1.5490198;0.057400305,0.96308935;-0.32317406,1.3221955;-0.5482923,1.9196004;-1.0414914,0.6170065;1.6534585,-1.9473727;-0.4069997,-1.1741713;-0.05699272,-0.44876945;1.3797128,1.4448118;-0.23673089,-0.7952966;-0.12618956,-1.2807577;-1.0441978,0.8143197;-0.36945456,0.088604465;-2.090183,-0.44603693;-0.36837086,1.5161016;-1.3307068,-0.56505096;1.4206499,-0.41278207;1.6013829,-1.8619819;1.222949,1.3625107;-0.39872324,-0.49141118;1.0890274,1.303778;-0.26043496,0.7660387;-1.1160896,0.84879285;-1.9254035,-0.38517317;0.98427665,-1.6569864;1.4947486,0.022901978;0.3728109,-0.3251483;-1.1564554,0.8501271;-2.097863,-0.39398715;-1.9735305,-0.407345;-0.573147,1.9067861;1.2903275,1.4427562;1.3169826,1.3674659;1.5669752,-1.8883024;1.2188952,-1.7243743;-0.118462734,1.24193;0.9256165,-1.5953485;-0.006382057,-1.0846634;0.64768004,1.0447205;0.31111154,0.7133774;0.7862871,1.1309559;1.2262992,0.10128838;0.19477859,-0.8873676;1.5225801,0.05345066;0.7624479,-1.4795395;-0.6766042,0.88684475;-0.5390563,-0.9231406;-0.2547728,-1.1449772;-0.14795083,1.5775903;1.3420633,-0.38750422;-0.3113157,-1.3231456;-0.643897,0.94333035;1.4790543,-0.11630219;1.4499228,-1.7451228;0.0017733657,-0.91720104;1.0756681,1.2421497;-0.30838877,1.8075986;0.23910616,0.9784103;-1.1229415,-0.6032414;-0.14440244,0.14308646;-0.25245002,-0.12431499;-0.10093007,-0.90145326;-0.8747513,0.19423099;1.43572,-0.29174414;1.4408343,-1.8260719;0.37073627,-0.72910726;-0.35362184,0.78835505;1.5100776,0.389838;-1.2393185,0.96656364;-1.6013408,-0.42416465;-0.40945277,0.0038435622;-1.8112903,-0.44824013;1.0781287,-1.5185981;-2.145871,-0.4141877;0.82202566,0.28410646;0.68069065,-1.515848;-0.5435717,-0.72827995;-0.43152946,-0.47028974;1.6299168,-1.9344946;-0.88017285,1.0527147;1.096282,1.3858141;0.42577234,-1.4108399;-0.02686798,-1.0831308;-1.010953,0.49055383;-0.5087654,1.6215539;0.07524253,-0.50173235;0.0853579,0.9208881;1.4579535,-0.5706713;1.2259648,1.422704;0.38763836,-0.39389178;0.7627658,1.1915761;0.8890551,1.1941788;-1.2547532,-0.20278096;-1.2641336,-0.6130324;-1.3955712,-0.5226415;-0.23073538,-0.123851374;-0.7085413,1.0877032;1.3951776,-0.24413112;1.0099835,-1.6095836;-0.57643616,-0.792315;0.594176,-0.20112674;-0.98306084,0.34459674;-0.16893984,1.401832;1.3400056,0.29745412;0.15814354,-0.30765325;1.3587711,-0.3494725;-1.2079899,-0.5345236;0.1212174,-1.2441677;-2.0217695,-0.37691998;-0.3803289,0.0032288588;-0.47865167,0.04961925;-0.6215769,-0.21894707;1.409132,0.026355915;-1.124894,0.7498056;0.033438135,-0.33589014;-0.40579888,-0.066758715;1.1845071,-1.6967683;0.12616596,-1.2161133;-1.2414699,0.7633928;0.913798,1.1423975;1.4702723,0.11192377;-0.9051277,0.40774494;0.13340937,-0.13761152;-0.19817525,1.665776;-0.27278954,0.67427367;-0.13268237,1.4749634;-0.23355995,1.7553675;1.2989192,-0.0036351874;1.5955243,-1.9323572;-1.0218726,1.2059667;-0.65242016,-0.5904947;0.57556915,1.0224537;-0.99438846,1.1524543;-0.4118137,1.870298;1.1284878,1.3780057;-2.1971538,-0.28146902;-0.5712093,1.7556319;0.01076206,-0.7381304;-2.1907723,-0.37258643;0.06865531,-0.605506;-0.28320318,-0.060525;0.51251656,-1.3837613;1.3891846,-0.39029822;-0.3439447,1.6334699;-1.1049399,0.55400544;-0.1716786,0.001214728;1.4843718,-0.56474966;0.7676991,0.311273;1.510498,-1.8701589;0.38758394,0.8552099;-0.6021035,1.9701983;-0.02884871,-1.3240802;0.08202283,-0.9794565;0.9343826,-1.6026409;1.4672499,-0.53158027;-0.43734238,1.4560603;-0.12790714,-1.3994339;-0.13149543,-0.78213423;1.4316168,0.32933486;0.8412229,-1.5335001;-0.32604665,1.7085534;-0.5997698,1.9778255;0.088768505,-0.98270184;0.79733676,-1.5664047;-0.4667064,0.79939073;0.9584389,1.3648261;0.2742817,0.9720777;1.4888831,0.0703148;-1.1109576,0.5519232;0.106472105,-0.22913438;-1.655317,-0.4503258;1.0627123,-1.6533259;-0.4930681,-0.62379074;-1.0585877,0.5197706;-0.3495658,-1.1683987;-0.5809536,1.6455325;-1.0410265,0.83710843;0.054998927,-0.14107563;1.4623506,-0.13920568;0.90163124,0.3123322;-0.30934745,-1.4363192;1.4684756,-0.37522915;0.45907572,-0.4038822;-0.09225598,1.3431715;1.1775736,1.4035658;-2.1451478,-0.29659864;-0.09445304,-0.71014297;0.7198557,1.0349444;1.2872301,1.4149069;-1.9735769,-0.5027129;-0.5392934,-0.45954472;-0.15803449,0.055037946;-1.2593939,-0.37530187;1.4660436,-0.4489422;0.5203565,-0.24717017;0.93217283,-1.4814067;-0.3717222,-1.3792247;1.5292401,0.122338295;1.4914819,-0.16537073;-1.233096,0.6881352;0.19772232,-0.063790224;0.38193634,0.61699283;-1.9555154,-0.4247479;-2.3260643,-0.37678087;-0.9692535,0.38375506;-0.2108637,1.5273031;-0.94032675,0.37000215;0.10423424,-0.028820636;1.0058695,-1.6335031;-1.4367553,-0.45322955;1.6891944,0.426398;0.79902494,-1.3496544;1.3693169,-0.4777127;1.1912608,1.3590013;-0.64362156,0.84016407;-0.06181863,0.10667541;0.89729804,1.3093228;-0.2522076,-0.39954147;-0.8933214,0.45543042;-0.24311751,-0.42248023;-0.56957066,1.7178999;-0.9481934,1.1014426;0.9573813,-1.5995014;1.441786,-1.866774;-1.2284191,-0.6360402;-0.929218,0.3197917;0.04098064,-0.29362988;-1.8420249,-0.35357362;-1.2219025,0.7395938;0.51839274,-1.4197758;-0.31640935,-1.4206735;-1.5898525,-0.45233625;0.7039505,-1.4657843;1.3618523,1.4598402;-0.3557079,-0.22306271;1.4392575,-0.12957819;1.2476687,1.3127794;1.2636845,1.3433617;-1.3039532,-0.52051574;-0.32790318,-0.5674669;0.0629635,-0.40083623;-0.5376208,1.6420939;0.6900673,-1.5547004;1.6485336,-1.9171805;-0.36202806,-1.14502;-0.14891127,-0.6562926;-1.2260939,0.7996227;-0.22917728,0.76701194;-1.2133124,-0.6736379;1.1728573,-1.6288831;-0.2213416,0.3766857;-0.31458914,-1.408523;0.7782161,1.0880435;-1.2298915,-0.62948537;0.3419266,-0.27297089;0.11436097,-0.5685723;1.4798242,0.21738362;0.13406093,-0.6758865;-1.2316676,0.8406995;1.491446,-0.4888583;-1.143998,0.6729434;0.17318381,0.9292641;-0.77953094,-0.27856866;-2.0979984,-0.35977736;1.2386736,1.4050726;-0.44819987,-0.20961984;-2.1386788,-0.2702426;-0.06449063,-0.013010684;1.2611753,-1.7659087;1.4615756,0.34544635;-2.0060406,-0.32036197;-0.43214828,-0.15236181;1.206713,0.36479118;0.7610023,1.0539323;-1.0721735,0.5430975;0.24287586,0.96880203;0.8394799,0.27057853;0.21261352,-0.23318243;-0.931434,0.9989498;-0.103608824,1.3995469;-0.15158193,-1.194762;-0.24084628,1.7990425;-0.23243317,-1.0471523;-0.4030262,1.8158056;-1.9862969,-0.44321236;-0.916943,0.2795924;1.1572499,1.4124511;-1.5330096,-0.51225084;-1.169474,0.6274913;-0.27442205,0.8360209;-0.17104732,1.5641505;0.19341685,-0.32073587;1.3866982,1.4953064;1.6597012,0.43645868;-0.21525861,-0.55832124;-2.1891065,-0.32710412;1.5392337,-0.03610316;0.099044785,-0.68292135;0.7384633,-1.5343872;-1.2604933,1.0015725;-0.42547777,0.7791237;-1.6454586,-0.49450552;-0.39947015,1.7790191;-1.7690587,-0.33863005;0.6242946,-1.3716866;-0.599673,-0.861898;-0.7285913,-0.26974303;-0.4306696,-1.053146;-2.3661268,-0.40895057;-1.2092782,-0.20075476;-0.052808113,1.326602;-0.5377516,1.8905603;-0.04559062,-0.43112415;-0.20270461,1.5731835;0.17427193,-0.13074774;-0.6857045,-0.76025265;-0.060788035,-0.7179982;-1.1638116,0.6312034;1.4120637,-0.17121789;1.2512683,1.396985;0.96612257,-1.4963605;0.009665048,-0.87832326;1.2836554,0.15415774;1.5671564,-1.9199176;0.22817542,-0.74545527;-0.2752592,-1.4561349;-0.096283816,0.18051803;-0.28380755,0.8306238;0.38116372,0.67242604;-1.0443233,0.72543484;-1.0846007,0.60046595;0.1673682,-0.5995194;0.34791824,0.99334204;1.1520838,1.3430802;-0.2378249,1.4885277;0.47994506,-1.4315413;1.4963704,-0.5309701;-0.973938,1.1070619;-1.1550118,0.737394;1.1628498,0.3696522;-1.0086218,1.1896292;1.0693288,-1.652829;-0.5708775,-0.88889986;1.4862478,-0.15160403;-2.3547606,-0.36362797;1.3975904,0.3352662;0.961438,1.2364674;-1.1419266,0.8024547;-0.540542,-0.35005477;0.6778465,0.3048812;-0.3720269,0.72591513;-0.109949015,0.0035266601;0.6201951,1.1235543;1.6073853,0.22777589;-1.5638838,-0.5094098;1.3531643,-1.7327889;0.2416199,0.063723244;-1.1305002,0.6097157;1.4284904,-0.50638777;0.32866496,-0.6087565;0.38293245,0.8269755;-0.36310434,1.4081903;0.79257166,-1.4641328;0.032769352,0.14311291;-0.15239467,0.60900736;1.3676581,-1.8021597;0.24980447,-0.6081373;1.3057702,-0.0032052018;0.558283,0.9956501;-0.4125571,-0.20184584;-0.89628476,0.23254633;1.551771,0.14716704;0.30249712,-0.5752393;-0.7446667,0.86076605;0.3948432,0.87142193;0.45179218,0.83025664;0.31140855,-0.43538672;-1.107539,0.9063137;-2.2437937,-0.36141104;-0.2202264,-0.992087;0.11745412,-1.2811505;-0.25379914,-1.2539982;-0.110677704,-0.6979288;1.594442,0.40046033;-0.56630605,1.8403496;0.81337386,-1.3028547;-0.5519113,-0.6264905;1.3818725,-0.05067407;-0.6174338,-0.75631154;0.5566653,-0.22827443;-0.13080856,1.3423377;-0.632565,-0.73014885;1.4297487,1.5078533;1.0867084,1.3443083;-0.6337858,-0.2723639;1.4339008,1.4819709;-1.7138957,-0.54176265;0.7489817,-1.455408;1.0168518,1.216466;1.4707857,-0.40770936;-0.5647187,1.954534;-1.5385138,-0.46816048;-0.29670128,1.6405027;0.80216193,-1.5654749;-0.28897583,-1.1694089;0.5798894,-0.24936265;-1.2168651,0.8636756;-1.4417919,-0.35369524;-2.1433213,-0.3484179;1.4188708,0.0055081616;-0.08117734,-0.75691605;1.4260701,-0.5344537;-1.1418177,0.9667682;-0.5597162,2.004278;-0.86313,0.8787045;-0.19288425,0.33710057;1.1195685,-1.495948;1.2864233,1.4492366;-1.4694573,-0.46550182;1.597298,-1.812197;0.484899,0.9099436;-1.6353219,-0.4027128;0.8027837,-1.4917328;1.6015315,0.3796131;0.39552563,-0.20353706;-0.5945166,1.6029207;-0.60934037,1.131543;-1.3587772,-0.44392228;1.4257829,-0.51355916;1.4413087,-1.7964652;-0.09116702,1.3300649;1.5445073,0.2796473;0.22883713,1.0532624;1.3175553,1.4218144;1.4836413,-0.18660696;0.5438225,-0.23449972;0.32439038,-0.6235236;0.5872463,-0.026562802;0.39028576,0.7804312;-0.14508404,0.23663346;1.4649742,0.06804832;-0.073324695,1.3201181;0.119929455,-0.27754506;0.6779537,1.1245381;-0.5593205,-0.55647665;0.11974782,-1.2887703;-0.55586797,1.9463129;0.94640553,-1.4027432;1.0936611,1.3374351;1.2735198,0.14986923;-0.9187085,0.28704625;0.01385535,-0.00095440523;1.20018,0.00080558367;1.4554273,-0.09224262;-0.92126095,0.41864336;1.4592668,0.2965905;0.1688166,-0.10357402;-0.29931268,-0.20946375;1.6880418,-1.9153336;-0.3396817,-1.3095359;0.58927345,-0.032905273;-0.013482477,1.2259566;-0.5656335,-0.91638345;-1.0233859,0.5104338;-0.9336224,1.1437398;-0.40150073,1.476206;-0.090637185,-0.23714651;-1.7187465,-0.4388722;-0.42041993,1.8508391;-1.2122421,0.83351916;-1.8862357,-0.25758383;-0.35563603,-0.16585349;-0.09490078,1.3647081;-2.2820973,-0.33842075;-0.390606,0.037010632;-1.8270363,-0.4956667;0.09629859,0.12939899;0.10403739,-1.3337843;-2.2940855,-0.36241412;1.5569495,0.22240515;-0.24376023,1.6938324;-0.017852763,-0.24188437;1.5643374,0.2123419;-2.158758,-0.34038118;-0.7156018,0.8834836;-0.14826317,1.4896605;-0.2818417,1.6856945;0.8089776,1.1784301;-1.9316405,-0.48120472;0.30065712,0.702763;-0.20308636,-0.6748797;-0.5351749,1.7183061;1.3220093,-0.3693341;1.6346672,0.43328056;0.47774035,-1.4049189;-0.2149802,0.3561566;0.77197325,0.20489085;0.8128686,1.2089123;-0.4258421,1.8590918;-0.55284613,-0.3409818;0.40493688,-0.1663295;0.23454747,-0.08119654;0.47042686,-1.3601987;-1.3658593,-0.6152814;1.4348437,-0.088216424;-1.0729771,-0.53323644;0.7227168,1.1668041;1.2706159,0.08201086;1.509006,-1.8990424;0.13318622,-1.2847481;-0.40897977,-0.35980487;1.325045,-0.36475322;0.3327431,-0.15294194;1.6905103,0.4082403;0.2893536,-0.40342793;-0.2219305,-0.64694333;-0.22457156,-1.0779979;-0.111905,0.22230627;1.3503579,-1.8114213;1.5234771,0.081695855;-0.51973,1.5549601;0.35902292,-0.67532456;-0.36643094,-1.4601371;-0.5719888,1.993081;0.38544616,-0.14239717;-1.7296854,-0.32834446;-0.46846026,-0.7401036;1.4715744,-0.49565727;1.5364702,0.3643624;-0.63887703,-0.764189;0.8425116,0.3701897;1.2654155,-0.0003502839;0.28983742,-0.7158652;-1.1788878,0.93206346;-0.25192288,1.4129157;-1.2240242,0.90694624;-1.9205788,-0.27097997;1.5727798,-1.7923454;1.6792574,-1.941564;-0.83217746,1.1019533;0.046290886,-0.4813555;-0.11007111,-0.2581741;1.3939598,-0.44378045;1.5291562,0.14315927;1.4801611,-0.34386578;-0.54158163,-0.3368927;1.2006593,1.2763336;-1.0949637,0.6823882;-2.1763616,-0.40337572;0.36310753,0.70468134;-0.07064918,0.9756253;0.1952928,1.0486253;0.30692196,-0.6521135;1.0897807,1.2816668;-0.460592,0.016682586;-0.117524646,-1.1307446;-0.30747563,-0.57822955;1.5470918,-1.8410388;-0.981393,1.1522563;0.40717387,0.81132424;-0.035687156,1.3698155;0.046135183,-0.7532037;0.13108885,-0.096506536;-1.7168,-0.39119795;-0.8917211,1.0973635;0.42105728,-0.16415833;-0.5344186,-0.4020932;1.1242392,-1.5776136;0.30295315,-0.48430893;0.9025563,-1.5660163;-0.059118893,-1.2822201;1.485854,-0.51662636;0.17170624,-0.69992733;1.509006,-1.8990424;1.4978071,-0.055840332;0.16720687,-0.84896123;0.44913894,0.995361;0.659709,1.2492476;-1.4382513,-0.4720567;-0.81453365,-0.28758153;0.35105988,0.72434837;0.17404443,-0.030886201;0.7003748,-1.4892684;-0.54279053,-0.8979842;0.3420031,-0.2680799;1.3530567,-0.1446056;-0.60503715,0.80723757;-0.2957314,-1.0806527;-1.1840453,-0.56950134;-0.13288482,1.5339352;-1.1747768,0.96801084;0.34944922,0.93380475;-0.21136998,-0.8399694;1.1663661,-1.692267;-1.6412838,-0.4729749;0.7325883,1.1462916;0.7105648,1.1005317;-1.7207649,-0.46845725;1.6036721,-1.9039253;0.51755905,0.9450056;-0.23723133,-0.7728197;-2.4450784,-0.36909106;1.0260805,1.3081781;0.2850963,0.6449018;-0.20631094,-0.95095927;-1.1373943,-0.5425852;1.3244859,0.35323524;0.2034013,-0.79783165;0.7519336,-1.5492599;-0.002388466,0.021617638;-1.0214949,0.40931195;-0.35125238,0.7775109;-0.051102176,-0.6049676;1.5028148,-0.13814503;0.75134295,0.18793674;-0.8505543,1.0667107;-0.36423972,-1.3438747;-0.4625483,0.013810479;1.3395445,-1.7689503;-1.0789975,0.5742919;-0.30192533,1.659158;0.8281001,0.32658726;-0.30934906,-1.4693389;0.8699387,1.2055055;-0.39764297,-0.2103224;1.3556612,1.3675679;-0.953769,0.89121664;-0.48533878,-0.7597187;-1.8005917,-0.40732354;1.130299,-1.6740445;-0.051001795,-0.98214966;0.55706364,-1.4093813;-0.14905941,1.5447345;-2.1308217,-0.45979595;1.3149397,-1.7851388;-0.20734194,-0.20492966;-0.82234263,1.0885975;-1.3722824,-0.42564893;-1.8330151,-0.5451847;-0.5288791,-0.6173244;-0.1474824,-1.3085921;0.9402761,1.1755749;0.48105085,-0.30075496;-0.49899903,1.8011047;-0.018133938,-0.22952183;1.3101567,-1.7396452;-0.061614655,-1.1048633;-0.8847051,0.21012558;-0.5507684,1.9753554;-0.113894776,-0.18613105;0.4997514,-1.3545673;-0.1055189,-1.223504;-0.3757909,-0.07046084;-1.8951849,-0.49179134;-1.4925704,-0.5045671;0.38631308,0.7368116;0.7334885,1.128926;-0.36987752,1.5379715;-2.2770019,-0.41364804;-0.07213255,1.2867738;-1.0707868,0.6648027;-0.23248643,0.74495614;-0.029668344,0.02197114;-1.6806209,-0.49505502;-0.3194197,1.723406;1.0404546,0.3951652;-1.2036531,0.99322766;-0.26282534,0.7311057;-1.2144355,-0.5525126;-0.09557813,0.2986412;1.5631387,-1.8296443;-1.278502,-0.50206715;1.0605528,-1.5749139;1.4894143,0.34589887;0.21627071,-0.8158405;-0.25268155,0.06930493;-1.1997055,0.82734364;0.08788208,-0.53533316;-0.4202755,1.8330803;0.90225214,-1.6191094;1.1427299,-1.7028913;-0.040061075,-1.1054053;-1.2977464,-0.18023737;-2.0565732,-0.45489264;-0.4211203,-0.747304;-0.3290618,-0.22116059;-0.03093321,-1.208383;1.416512,-1.7050167;1.380373,0.2618591;1.5169979,-1.8126844;-0.3853606,1.8501297;-0.8378243,1.1240846;0.73478013,1.048011;-0.9588306,0.46154752;0.103042275,-0.6102666;-0.041929837,1.4913028;1.5751727,0.27212542;0.5524681,-0.017672015;-2.231785,-0.45164174;0.16052373,0.9990039;-0.78281844,0.9486605;-0.18332212,-1.2110754;0.77676356,-1.4500189;-0.8718752,1.0136744;1.2330937,0.14054729;0.019761564,-1.36994;-0.44286507,-1.1199821;-0.5753526,1.7022114;0.38404942,0.6634041;-0.31469548,-1.2171633;-0.5980863,-0.19742212;-0.07070591,1.4043394;1.2588232,0.15884492;0.47611487,-1.3646883;1.5718886,0.41615847;-1.2464972,0.88383675;-0.50514466,0.8231907;-0.21242015,-1.1465743;1.0494533,1.296578;1.3844414,-1.764451;-0.06805223,-0.9598537;-0.15861796,-1.2067485;-1.060296,0.8865131;1.4437118,0.36821455;-0.9568382,0.37395233;-0.10397398,0.18214984;0.58487606,-1.4415056;-0.03774142,-0.41040036;-0.73822683,0.8828815;-0.2382671,-0.17924604;-0.46101943,1.426221;-0.35970476,-1.4383807;-0.36144218,-0.40482152;-2.4000938,-0.38238445;-0.31641448,-0.52008086;-0.4151072,-1.4176289;-0.09443555,0.2051038;-2.1226802,-0.32851303;-0.987997,1.1634688;-0.87763536,1.1698788;-0.011589851,-1.2781152;-0.64904344,0.8793758;-0.2905476,-1.4394488;-0.54412854,1.7813644;0.06622004,-1.3918136;-0.8258064,0.92511314;0.48449466,-0.22138332;-0.9409647,1.1200763;-1.8466964,-0.37842044;1.5710013,0.09673133;0.8223222,0.30551493;0.24208844,0.070138045;0.18913293,-0.20655978;-2.2471316,-0.38225734;-0.37504914,-0.1678236;0.051704593,-0.8360685;-0.1828292,1.5330552;0.7611776,0.34579244;-0.9663678,0.4198248;-0.99031293,0.45901743;0.6882159,1.0527564;-1.1362394,-0.52048844;-0.14740534,0.05288824;-2.2333698,-0.3609918;-0.46523565,-0.47675544;1.0757891,-1.6112499;-0.14040314,1.2822542;-0.25973737,-1.0623041;-1.2286487,0.8827348;0.14029272,-1.3645742;1.6103443,0.25557154;0.010945258,-1.3559985;0.9176012,1.2196393;-1.9535408,-0.4562392;1.1458744,-1.6500494;-0.3742062,-1.077103;0.35987082,0.61636806;1.4588358,-0.24359576;1.3071169,-1.7670264;0.020543166,-1.2889353;-0.0263464,-1.3574306;-0.8641391,1.1551398;0.11262114,-0.14724627;-2.1067915,-0.38878676;-1.2439768,-0.23904367;-0.03734517,-1.0331157;1.1807189,1.4490474;0.38005233,-0.3610529;1.473656,0.37195325;1.4538397,0.29133943;-0.03074173,-0.84200305;-0.1965732,-0.22075774;-0.22306268,-0.38281098;1.3660996,0.25436753;-0.037944783,1.2032474;0.35090417,-1.3005918;1.4187431,-0.46815902;1.3044102,0.34084967;1.4390476,-0.39647648;0.7912342,0.3051431;1.4416906,-0.1782088;0.7369597,1.0681418;-1.1129415,0.71823215;0.83065844,-1.5392168;-1.1055208,-0.56923705;-1.115285,0.6386124;0.36472523,0.7598708;-0.6047862,1.9339442;-2.3699808,-0.40671954;1.4515554,-0.27929133;0.3806467,-0.35829338;-0.6768924,-0.2596284;-0.23023944,1.792384;1.5059639,0.345553;-2.198395,-0.37184492;-0.49964568,1.965578;-0.18078701,0.13574664;-0.040402044,-0.23003182;-1.9375209,-0.48324856;-0.031941094,-0.81590915;-0.5228626,-0.36844194;-0.3383466,-0.2842084;0.09831344,-0.09347016;1.5050663,-0.10147622;-0.47832382,1.6415017;0.09005985,0.935291;-0.15033655,-1.042355;-0.3110001,0.08080463;1.5215542,-0.12207952;1.4483231,0.11759383;-0.03490294,1.4757826;0.053915408,-0.3829665;-0.3925072,-1.4402716;-1.4221263,-0.4840313;-1.1925682,0.7769519;-1.3978357,-0.36901203;-0.304251,1.3105154;-0.88429177,1.1550865;-1.2381221,0.9439263;-0.67837006,-0.7337728;-0.29740757,1.6052265;-0.44659066,-0.45077598;0.19093521,-0.16743883;1.5110935,-1.7618964;0.111941665,-0.24395259;-1.5385146,-0.45386654;-0.24863546,-1.0405145;-1.1985832,-0.18861534;-1.8769716,-0.53002167;1.3403491,1.425897;-0.22249179,-0.6491417;0.070595354,-0.96032965;-0.94716966,0.31538045;1.3276821,0.29167894;1.4852039,0.32467917;0.12956639,-0.07864347;-0.26408198,-1.409047;-2.2855685,-0.3971189;1.1454401,1.3314224;-0.27245498,1.5597959;-1.6487122,-0.40139103;-0.12567364,-0.48025054;0.5891549,-0.036577184;0.08205899,-1.3364661;-0.5680476,1.7331045;-0.55685705,1.6670804;1.1462591,1.4146588;1.3781193,0.15380412;0.76965886,-1.5063939;-0.016851272,-1.1804278;0.8812594,1.2472211;-1.0434293,0.38232598;1.6397791,-1.894473;-0.8205901,0.971325;-0.71839947,1.066265;0.78542185,0.29414308;-1.1635426,0.70585734;0.33089054,0.8603919;-0.31198123,1.7509108;-0.2667045,0.64363354;-0.12087598,-0.5681285;0.083707124,-0.68156964;0.37709865,-0.7032403;1.5232643,-0.069843754;-0.8236978,0.47130692;-0.50207436,0.7870171;0.4112864,0.78883404;-0.3416301,1.3727442;-1.2512791,0.92620265;1.3804276,-1.7878776;0.9063469,-1.5325902;-0.23914136,-0.8307347;0.6612286,-0.24322438;-0.528325,1.9270669;1.3253555,1.4904093;-0.35239697,-0.28679922;0.4105298,-0.38529104;-0.11478698,0.20533794;-0.7619016,0.92288315;0.6432835,1.0608083;-1.3733943,-0.14519057;0.3230052,0.6065664;1.4184275,-0.4146835;-0.32914558,1.7675921;-0.18410133,-1.3307892;-0.39130533,-1.410478;1.3229115,0.19069256;-1.354192,-0.40902865;-1.0760285,-0.58811814;1.6260463,-1.8675963;-0.00029377177,-1.3285899;-0.044660725,1.2840223;0.11385972,-0.17934127;1.2968273,-1.7131702;0.84308374,1.125823;1.2416586,-1.6797198;-0.18086912,1.4683365;0.3633169,-1.297881;1.2677407,0.22273627;-0.9130795,1.0583229;-0.24451764,-1.3754619;0.57110506,-0.057735484;-0.27121568,1.7129779;0.42629197,0.8292602;0.6727551,-1.4515439;-0.3214812,-1.3845313;-0.6227471,0.88287854;-1.0751146,-0.59703976;-1.3046883,-0.5048909;-0.20916659,-0.7841584;-0.21754922,0.34498364;1.4962018,-1.8314927;1.628168,-1.9588361;-2.2017758,-0.41655895;1.4234219,1.4889745;-1.6733062,-0.37053195;-0.12613457,0.038585044;-1.240509,-0.23324731;1.3347387,1.4515872;-0.37481955,1.4959713;-0.6817468,0.89257926;1.0036415,-1.5729816;-0.10500815,-0.46700886
p3d-kl
0.44408705830574036
p3d-iter
599
p3d
-1.7580314,1.3814374,0.70832884;1.0763459,0.18968265,-0.7153921;-1.4041599,-0.1121897,-0.38904428;-1.2497324,1.000966,0.72194123;-1.8943523,-0.16292393,-0.4642327;-1.4610362,1.118919,1.0212846;-0.4873698,-0.9523761,-1.6997495;-0.22688888,0.6471313,1.2312564;0.2416039,0.32116598,0.69068307;1.6159744,-0.6419545,-0.0011170808;-1.8207272,-0.11776252,-0.62255037;-0.0044955886,-0.95479494,-1.1102369;0.27201936,-0.16584614,0.048571996;-0.3044057,-0.4699461,1.4366453;1.0262533,-1.0877799,0.33841476;-1.009077,-0.111244746,-0.2784851;-0.29182312,-0.7646821,-1.5948391;-1.8679388,-0.08351199,-0.7088957;1.3137897,-1.1657969,0.12859227;0.65015376,-0.023292504,0.31810597;-1.3156857,1.0607488,1.0863501;0.09046121,2.2087328,0.20776542;-0.3529039,0.8665276,0.4483881;1.5466992,-0.51329195,0.0015333238;1.1012448,-0.90104926,0.35315508;-1.1647305,-0.9429612,1.6639886;-1.2019376,-0.980195,1.6368027;-1.6113894,-0.14788271,-0.7225167;-0.4293889,0.22952032,0.40278378;1.3419191,-0.8145794,-0.18128018;-0.92780805,0.8081117,0.8476232;-0.26528215,2.5213773,0.09540595;-2.1726723,-0.27943003,-0.7113715;-1.7550508,-0.07491967,-0.5283059;1.1427128,1.2710962,-1.6128305;0.3302411,1.938497,0.4681154;1.1668961,0.5916536,-0.99880886;0.23661658,-1.0884213,-0.8946007;-0.35602555,-0.07833064,0.43893296;0.35609502,-0.5828021,0.63267595;1.1989844,1.1509736,-2.089181;0.99217,-1.1925554,-0.61708295;1.0315138,-0.8673198,0.27178508;0.0039472287,-0.2279682,0.16522291;-0.022711987,-0.6961413,-1.4060675;-0.21775678,-0.63467216,-0.107788235;0.70434153,-0.73124164,0.26540324;1.2533373,1.5896469,-2.365273;0.56702065,1.6752915,0.35881034;0.36727536,-1.221705,1.47187;0.26812252,-1.2336898,1.5247478;-0.13190289,2.286369,0.33617046;0.3001699,-1.1309335,-0.8655808;0.89004445,-1.1188794,0.22572482;0.9983208,-1.109311,-0.05227402;-1.1032944,-0.8838973,1.6546438;-0.35143822,-0.43079558,-0.23287867;-0.94806296,0.9607857,1.1237562;-0.80563754,0.5760508,0.46596935;-0.63924074,0.89412713,0.7786116;-1.745049,1.3660368,0.73077184;0.41777074,1.8041248,0.29037434;1.2427741,1.4425867,-2.427113;1.4409095,-1.1856421,-0.49239805;0.93619984,-0.19677024,0.058689643;-2.3996336,-0.2407372,-0.8624103;0.91978145,-1.2035823,-0.013900784;1.7172624,-0.7672802,-0.010683645;-0.039563544,1.9255751,0.1418997;-0.17608573,-0.14748871,0.42979488;-0.72493345,-0.9524612,-1.8593411;-0.9875442,0.8111457,0.76318026;0.15070562,-0.9194218,-1.1677059;0.45347875,-1.225472,1.535038;1.274382,1.480413,-2.2076979;-2.1073895,-0.26854533,-0.78811085;0.44796875,-0.82143545,-0.05704746;-1.89463,-0.18713225,-0.62608665;-0.37530032,0.65046495,0.2522589;0.058838133,2.1576555,0.004876194;-0.5078021,-0.7746861,-1.7692696;1.2288842,0.8247994,-1.2606177;-0.41210708,-1.2279919,1.5100945;0.29258263,-0.7090636,0.4632306;0.054067504,2.2553346,0.062140245;-0.71952516,-0.7793538,-1.8377258;-0.61487913,-0.9215276,-1.6243742;-1.731536,1.3592812,0.7097599;-2.2984493,-0.2609976,-0.7912178;-2.205525,-0.34652573,-0.9171818;1.2527274,1.3696537,-2.2424357;1.1745017,0.95449233,-1.6206604;-0.40470585,0.50203717,1.1446321;1.195846,0.6963815,-1.1207607;1.3288481,-0.72799605,-0.30370912;-1.1966765,-0.0051016803,-0.3268887;-0.47882593,-0.28635973,-0.12467053;-1.3833624,-0.0744056,-0.51700205;-0.4122939,-0.625406,1.3129286;1.3971673,-1.2020733,0.39881456;-0.4678711,-1.2081681,1.5629394;1.1675711,0.24150938,-0.99548715;-0.29141268,1.4358103,0.51681316;1.059632,-1.2059721,-0.5463908;1.4879866,-1.131054,-0.16322622;-0.96879965,1.0085006,1.1974064;0.4221626,-1.0817074,1.4047512;1.8005239,-1.1140553,-0.33299953;-0.4077329,1.3936043,0.4307582;-0.12811139,-1.2402252,1.5933012;1.0243697,1.2065753,-1.8917255;1.1354556,-0.48973083,0.101269916;-1.8090929,-0.063563794,-0.68952376;-1.4725521,0.9641852,1.0909319;-0.8976522,0.32902578,0.08328039;0.38526914,-1.10492,-0.8558384;0.121167734,0.36815158,0.5553172;0.4616372,0.07022486,-0.3653017;1.0005113,-0.7305495,-0.15886007;0.929382,0.83579034,0.6327375;0.21778047,-1.2173237,1.5338466;1.2326571,1.2203147,-1.9982098;1.1604977,-0.465115,0.8061444;-0.43741387,0.7509311,0.46422857;-1.036298,-0.77659464,1.6447586;-0.22865056,2.4285476,0.13339166;-0.1573028,-0.85576695,-1.4319206;-0.13723396,-0.11626457,0.2141183;-0.3597272,-0.95748156,-1.6153752;1.0155599,0.97692794,-1.1182662;-0.810546,-0.7801397,-1.7651044;-0.45649603,-0.120871566,0.8366087;1.2068722,0.34012696,-0.75967354;0.71127266,-1.0042598,-0.41550705;0.39657336,-0.79384476,-0.107642144;1.2654049,1.4351212,-2.3985736;-0.5113271,1.8853891,0.292828;-2.0210922,-0.320328,-0.5913309;1.4164491,-0.031876434,-0.5639074;1.3181479,-0.70060056,-0.27540046;0.4982489,1.572249,0.55949974;-1.2378149,0.9446973,0.5842035;1.1034613,-0.22632682,0.33663917;-0.71518964,0.52036566,0.2338914;0.74424696,-1.4694444,1.5635898;-2.191333,-0.2593882,-0.71426284;0.40714985,-0.90127337,0.51442444;-1.398317,-0.0020069617,-0.6648322;-1.5814358,-0.042726435,-0.54836756;-0.3551507,-0.6091829,-0.85019827;0.30465442,-0.95895517,-1.1143912;0.016947107,-1.2084775,-1.1592007;0.513626,0.1034627,-0.35265297;-0.6419779,1.521062,0.2951209;0.1351294,-1.1077855,1.5121441;1.1221089,0.7577579,-1.2375484;0.8033735,-1.1146102,-0.51184595;0.22892937,-0.6434463,0.99012876;0.7206487,1.2742134,0.6068443;-0.6879476,0.8361507,1.1020757;-0.836153,-0.6759551,1.3835996;0.68008816,-0.3007545,0.54836035;0.3560723,-1.0941616,1.4075533;0.20619959,-1.1113876,-0.94082385;1.4919412,-0.46561664,-0.34867832;-0.6159026,-0.74662775,-1.7590256;-0.1061517,-0.06287663,0.21520123;-0.28174818,-0.18267338,0.11515943;-0.17153153,-0.47842723,-0.28274778;-0.37932244,-1.1099648,1.3746471;0.17502409,2.047205,0.2122968;0.79299325,-0.066203594,0.4015794;0.009435146,-0.19837248,0.16231747;1.14666,0.93303573,-1.5375835;1.4314303,-0.46014574,-0.3194128;0.08580769,2.1997588,0.35727835;-1.5708889,-0.15634021,-0.43084317;-0.54951465,-1.0770087,1.5391555;0.55802196,1.2822696,0.67670447;0.6463601,0.12412392,0.70518774;-1.1593083,1.0988402,1.163236;-0.2730694,0.4378756,0.3923547;-0.789513,1.0130545,1.2091204;-1.2941142,1.1805649,1.1524752;-0.25653636,-0.9000044,1.3061308;1.2691212,1.3879645,-2.3572643;-0.79630876,2.2399206,0.2558029;0.46768144,-0.885712,-0.5584861;-1.0896205,0.050435577,-0.3406848;-0.6972333,2.1611836,0.24860513;-1.5902139,1.2457833,0.96166635;-2.0657058,-0.2619324,-0.59497005;-0.7863787,-0.4519966,-1.9702879;-1.4708539,1.1306165,0.59824777;0.95264614,-0.84282994,0.29920715;-0.8563362,-0.6625163,-1.8531218;0.9234033,-0.5353606,0.41461506;0.15570037,-0.067385495,0.2209599;1.2794014,0.0774827,-0.57446676;0.42952952,-1.1927072,1.4605585;-1.1596935,0.9537279,0.9181092;0.4564636,1.7894065,0.4545432;0.20074786,0.118646994,0.4187226;0.737302,-1.4721787,1.5461763;-0.45942283,0.01573398,0.8709929;1.2294911,1.2727996,-2.1582294;-0.76070917,-0.07037266,-0.17643405;-1.8490747,1.4129695,0.7114678;1.7604667,-0.5858842,-0.28616995;1.3028,-0.57163477,0.06395746;1.175271,0.67715067,-1.1466395;0.67918736,-1.4106075,1.5535333;-0.96117055,0.8322925,0.53177285;1.9426606,-0.7383842,-0.0063615693;0.9783866,-1.1075207,0.14940348;-0.8766598,-0.7047789,1.6122099;1.1565251,0.50212514,-1.004486;-1.2910216,1.0299232,1.0317701;-1.8556771,1.4282885,0.7131423;1.3444072,-0.5849431,0.101149745;1.1958793,0.52215904,-0.9478373;-0.31771412,0.9794309,0.48969135;-1.8070695,-0.46874723,-0.68313545;-0.9071202,0.29398885,0.025660407;-0.48549512,-1.1644756,1.5306145;0.44514295,1.7876921,0.4909757;0.7763163,-0.026794776,0.60141146;-0.24234062,-0.9712676,-1.4901339;1.1158143,0.7391245,-1.3834618;0.73296714,-0.5336152,-0.40409684;0.48973078,1.6762643,0.4800736;1.451394,-1.1624277,-0.3887342;-1.2783116,1.09544,0.5286095;-0.0124902865,1.9459903,0.07229494;0.88669974,0.1606858,0.70818084;-0.08631449,-1.2379204,1.5804468;-0.5103322,-0.23806743,0.7238691;1.9727865,-1.2094659,-0.11935354;0.39735174,-1.1342901,1.6130841;0.4896545,-0.87593395,0.69774115;-0.5377969,0.74832094,1.2124373;-2.1459663,-0.33161908,-0.6490292;-0.71797305,-0.5136037,-1.9448665;0.86035067,-1.0709888,0.28498632;-1.2389562,-0.13859603,-0.35982683;-2.2690353,-0.21519168,-0.76489264;-0.5331355,-1.1063766,-1.822796;0.3216563,-0.8114126,-0.28588262;0.20234135,0.32489446,0.3639786;0.06117485,-0.63010746,-1.0416317;0.5177522,-1.3374567,1.5516992;0.3566646,-0.60972565,0.8956676;0.9919943,0.4400408,-1.1539353;1.9232394,-1.255345,-0.282107;-0.6089067,-1.1867521,1.5419426;-0.04591347,-1.2718111,1.5704192;0.1694552,2.0940356,0.48772755;0.5309217,0.14316587,0.8650417;-0.32223704,-0.42715225,-0.29667985;-0.56594497,-0.9330844,-1.6926737;-1.053412,-0.6887697,-1.9535145;0.6497401,1.3232026,0.6224538;-0.91939795,0.9055277,1.0952817;0.6588009,1.2794969,0.643354;0.44070703,0.16020454,0.7201282;1.1617907,0.7586274,-1.2704284;-0.1259439,-1.0799584,-1.1611723;-1.2656566,-1.035862,1.6330913;0.73233294,0.14125939,-0.46494478;0.6002563,-1.167816,1.6008679;-2.0674133,-0.2526545,-0.74812454;-0.23714294,1.3107139,0.56070143;0.28146097,0.25269026,0.66134304;-1.657933,-0.3463193,-0.7256465;0.64017814,-0.3822527,-0.17991805;0.43615097,1.3064182,0.6529418;0.72047645,-0.42885086,-0.17643242;-1.4264355,1.072169,0.5740092;-0.59995246,2.0664403,0.27621546;1.1695402,0.72902167,-1.158128;1.1968133,1.1475096,-2.092501;0.3648961,-0.93457705,-1.0747634;0.7426312,1.1540656,0.6500281;0.78809154,-0.053976208,0.38413504;-0.36226937,-0.69468516,-1.7900722;0.15373732,2.185479,0.35285857;1.3391688,-0.029116597,-0.6594101;1.9539633,-1.2105693,-0.14628856;-0.092461705,-0.9223181,-1.4627242;1.1998461,0.18604186,-0.91410714;-2.3972971,-0.23755965,-0.8443634;0.2575124,-0.36454272,0.047986835;-0.091312036,-1.2192078,1.5247071;-2.060617,-0.16600645,-0.89124346;-2.0976272,-0.31318367,-0.8801442;0.095717385,-1.1467483,-1.0485141;0.59154093,-0.8655609,-0.033813387;0.82667434,-0.3310839,0.38833898;-1.2627376,1.0123439,0.55876845;1.2431941,0.44924286,-0.7703127;1.2833096,1.4516947,-2.3868928;1.4217293,-1.2046759,-0.37245136;0.7432148,-1.0197685,0.20913391;0.06915782,2.2426348,0.25952417;-0.39060587,0.62202984,0.23233543;0.4405948,-0.88219434,-1.0871526;1.1279864,1.0277805,-1.3939395;0.04466089,0.9773545,0.6089595;1.9579419,-1.1888024,-0.16711755;-1.3605114,-0.085047506,-0.39891306;0.34670225,-0.92999053,-1.0680064;0.27229038,-0.550268,0.4205226;1.0172038,-0.3521099,0.43532023;-0.7389596,-0.9853834,1.5613996;1.0380915,-0.7150312,0.4942394;0.0024882338,2.2913976,0.21384121;0.6146521,-1.3930182,1.5150281;0.24130714,1.9645393,0.38724995;-0.7850011,0.39525726,0.10514757;-0.0027224787,-0.637478,-0.5797213;-0.6950136,-0.6896417,-1.8698564;-2.2039976,-0.22942556,-0.6990296;0.16206548,-0.32250828,-0.15365034;-0.71863586,-0.43454728,-1.9101934;0.27086687,-0.022383569,0.58526874;1.1834449,0.98192734,-1.7393606;-0.9313918,-0.7502348,1.6298217;-0.74799126,-0.7457793,-1.5678217;0.09139119,-0.3160038,-0.0034789457;-0.9515942,-1.0221983,1.2561731;-1.2987888,-0.14481016,-0.3685844;0.45300525,1.7383814,0.4939966;-0.8840525,0.33703402,0.06232401;-0.4821976,-0.1467422,0.8948106;0.58261293,-0.19997679,0.65632856;-0.36702096,1.9650606,0.27087113;-0.63123375,0.8824902,1.2179883;1.5719234,-0.90930384,-0.13400401;-1.3729337,1.2374679,1.1782523;1.4327838,-1.219491,0.15519133;-1.5167729,1.1824203,0.95649433;-0.58717203,-0.966658,-1.7369628;0.8012351,1.0613949,0.6519073;-2.086542,-0.38462955,-0.7101252;-0.02051397,-1.0356183,-1.379634;0.3447308,1.9658022,0.42495665;-0.46318546,0.8049932,0.16813356;-0.94059634,1.0628865,1.1463224;0.55224776,-0.3419892,0.46620646;-2.4793565,-0.22059023,-0.8762342;-1.2469311,-1.0066885,1.6560426;0.6088796,-0.7632942,0.19415532;-0.80448705,-0.58939564,-1.9346132;-0.3008615,-1.3385581,1.5735998;0.99076235,-1.0080949,0.5767855;1.2086104,0.4024439,-0.8709749;-0.27416274,2.5104115,0.09460987;-0.32906458,0.86088455,0.5638108;-0.22065267,-1.0858322,-1.4954617;-1.4430926,1.1363994,0.93620104;-0.252818,-0.6368839,-1.7168866;1.1684788,-0.21302421,-0.80749613;0.9295395,-1.1558032,-0.6247122;0.022640198,-0.58803016,-0.47238702;1.2339633,-1.2024211,-0.4341442;-1.1217381,-0.67531776,-1.8747612;-0.34842733,-0.6093307,-0.7993217;-0.48159087,0.7652814,1.2384747;-1.6890311,1.3230764,0.7348564;0.9255255,-0.194616,0.09156441;-0.98436785,0.9211646,1.1413306;0.7194443,0.05891225,0.76853937;0.63562477,-1.1407653,-0.6487655;0.93653166,-1.1345111,0.3557878;0.31851125,1.9539337,0.45387346;-0.01881452,-1.1168883,1.5905232;-2.203344,-0.21734683,-0.725896;0.981071,0.5190712,-1.2008125;1.1097658,-0.5744479,0.1143054;-0.5196584,-0.65917146,1.3971372;1.2594019,1.334206,-2.309019;1.1898588,-0.7477866,0.5990626;1.9755931,-1.192621,-0.050984837;0.12982664,0.4522432,0.6695234;-0.4576891,0.80537266,0.20267345;-0.44313732,-0.35858035,-0.26319447;0.20819214,1.8709382,0.16858962;0.39834225,1.8342239,0.38267052;1.1255722,-0.335493,0.58775854;-0.9765726,0.24602622,-0.05987502;-2.0269763,-0.20033398,-0.67604655;-0.86559325,0.79497546,1.0294292;1.3704802,0.013182055,-0.6443733;0.688179,-1.4272444,1.533386;-0.63431793,2.0834267,0.3111103;0.17594095,2.0692244,0.27922702;-0.94258,-1.0259686,1.206227;-0.7643127,2.2064617,0.25477892;1.1184055,0.7730664,-1.3864162;1.0008299,-1.1822728,-0.5948356;-0.06900436,-1.2686739,1.5704604;-1.0961195,-0.6623767,-1.9346676;-0.9422832,-0.73215467,1.4833493;-1.7229425,-0.0061012,-0.5125603;0.02531319,2.1081278,0.23220344;0.109783985,-0.74611664,-0.16674975;-0.41324535,-0.059418276,0.56859463;-0.2668379,0.69803417,0.5659772;0.26301488,0.13951434,0.47654298;-1.2420847,0.18674272,-0.4248517;-0.8522548,-1.2135742,1.5369076;-0.06907449,-1.1110036,-1.4061347;1.192036,1.1756909,-1.7545279;0.01510421,0.5407914,1.2614702;0.32562548,1.8799995,0.4821876;0.64389026,-1.3437407,1.5848562;0.9235802,-0.6928082,0.8147331;-0.7201893,-0.118333265,-0.19667181;-0.80317897,0.7424189,0.65289015;1.1013232,0.28231615,-0.9512552;0.11846826,0.32269996,0.854932;-0.33939195,0.057277177,0.4416931;1.1899309,1.1044154,-1.8829594;0.9182761,-0.49581474,0.66849387;-0.26224193,-0.91724837,1.3077861;-1.0253335,0.013589505,-0.32395142;0.19817546,-0.28779867,-0.09181106;0.87745905,0.9407969,0.64578915;-0.6620948,-1.2055236,1.5316175;0.8628191,-0.54285353,0.76626736;-0.20978367,1.5174712,0.4637239;-0.78684056,-0.046041045,-0.16950709;-0.7614606,-0.15066466,-0.26639622;0.544425,-0.71473897,0.543214;-0.0925058,2.168659,-0.033839867;-0.907734,-0.6949622,-1.9560734;1.3332553,-1.1749587,0.1713754;1.5130281,-0.5274814,-0.43971932;1.6259882,-1.2517728,-0.09967374;0.84072715,-1.0629853,0.27279693;-1.1424608,-0.91957927,1.6580724;-1.5878124,1.2866688,0.65605986;0.6987646,0.1416663,-0.32758066;0.67215496,-0.58373624,-0.51418245;-0.21517925,-1.1462455,1.3469611;0.6970663,-1.1158763,-0.5452502;0.31107315,-0.6263871,0.94870937;-0.57899654,0.70637125,1.1635284;0.6417701,-1.106402,-0.5441769;-2.530819,-0.19071232,-0.89826626;-1.9677294,-0.20315126,-0.5762194;0.03285008,-0.57695556,-0.3103456;-2.5147355,-0.19567955,-0.89611745;-0.30738547,-1.2007473,-1.3511105;1.125508,0.2271291,-0.90947163;-1.7290142,-0.13515349,-0.579463;0.42384908,-1.3084531,1.5093287;-1.8082405,1.3969197,0.7267535;-0.12973322,-1.0378625,-1.3443137;-1.166067,0.92634106,1.006148;1.1735356,0.53872365,-0.934549;1.4555565,-1.0475852,-0.33888087;0.35184392,-0.67397755,0.9978451;-0.031300653,2.3117585,0.19895421;-0.11999201,-0.6675027,-1.2080832;-0.7518513,-0.65754116,-1.9320363;-0.35912856,-1.1936802,1.3373809;0.9772881,-1.0939767,0.2679437;0.684165,-1.3705332,1.5881996;-0.2503662,2.233325,0.14370434;-1.8897756,1.4460214,0.7389208;-0.17563024,1.7449986,0.36487484;0.060636118,0.8630078,0.62775844;0.95034903,1.0599436,-1.1033083;-2.294841,-0.29250932,-0.80636823;-0.12789018,-1.0968466,-1.2285572;1.1345397,1.4928153,-2.1290858;-0.9121957,-0.090881296,-0.2442006;-0.20314008,-0.79514986,-1.4688003;1.1081957,0.3386368,-0.9569404;-1.1341403,-0.9183141,1.6670082;0.26122782,-0.37485245,0.651384;-1.1963457,1.0819198,0.45757583;-0.7491915,1.1629785,0.32527167;-0.062224783,-0.9558972,-1.0491333;0.6549658,-1.3460547,1.5840821;1.1530915,1.2666647,-1.9368849;-0.52468103,0.7236784,1.2125674;-0.92099357,-1.0311428,1.4971724;-1.0379957,0.5148725,0.15465084;-2.3048704,-0.2597521,-0.81338793;-0.00793679,-1.2703371,1.5545685;0.3199606,-0.6259559,0.9343999;0.9501795,-0.7728811,0.79135394;-0.09349706,-0.46581042,0.70121336;-0.65025085,-0.20360017,-0.21839413;0.15239,0.63193643,0.6692081;-0.47424293,-1.1322807,1.5051361;-0.49547082,0.73201126,1.2304149;0.7312239,-0.12929626,0.5505352;-1.3443626,0.0682589,-0.4369636;0.5082672,-0.89629704,-0.38416293;1.5210698,-0.53897226,-0.45012724;-1.7902055,1.3826816,0.7225009;0.5696935,0.15545453,-0.43265226;-1.9602516,-0.21164627,-0.60748;-0.5061753,-0.64322734,1.4163947;0.7887619,1.0778947,0.6535251;0.45538628,0.33924,0.4944744;-0.2010517,-0.70572436,1.1644834;-0.1697748,-1.1668257,1.5691124;0.5521036,1.3195188,0.6619929;-0.86931795,-0.82066643,1.5587158;0.65835947,0.14513995,0.81314224;0.30924907,-0.20656207,-0.068775624;1.2414029,1.5218859,-2.4162142;1.7775124,-1.1830938,-0.32888043;-0.08310883,-0.47975224,0.7145823;-0.2126813,0.63025296,1.2262684;1.038747,-1.1954395,-0.57659054;0.48256642,1.6170617,0.52684855;-0.6713044,2.0395253,0.23059563;-0.96035177,0.7918477,0.6282972;0.58207536,0.1560556,0.16309483;-0.15603517,-0.9234872,-1.6695334;-1.5734165,1.2264034,0.95210135;0.025006695,2.2743106,0.20337425;-0.52675956,-0.5412341,-1.3974655;0.21954162,-0.2797147,0.108742766;-0.5622549,0.79946727,1.2155308;-0.96955216,-0.6080719,-1.9406025;-0.18134917,-0.0697609,0.27299404;-0.37800583,-1.1210712,-1.6267416;0.16571732,0.239076,0.9580937;1.6314046,-0.49877715,-0.4863941;-0.99222875,-0.68150204,-1.9697382;-0.8389937,-1.1647092,1.4555814;-1.2796661,0.8504111,1.1191872;0.58938897,-0.01239076,0.31553692;-0.8164214,-1.1647351,1.4949592;-0.77167565,-0.60866123,-1.8859636;-0.26657605,1.4887571,0.48572227;-0.81154066,0.93288374,1.1737812;-1.2464334,0.9415757,1.0735303;-1.4487807,-0.12569459,-0.610821;-0.5029238,-1.0664257,-1.7532152;-0.47406897,-0.32234773,-0.10342308;0.71213764,-1.0532789,0.1321564;-1.4229937,1.0481836,0.6102653;0.39394847,-1.044968,1.3597454;-1.2213436,-0.9799372,1.6667014;1.3337742,0.060489394,-0.58469766;0.06805854,0.94977754,0.62559295;-0.30437833,-0.2933435,0.94533837;-1.493976,-0.0069644814,-0.645352;-1.5813911,1.2361568,0.94705296;0.08605486,-0.7316658,-0.175819;0.2689137,-0.30339977,0.73358047;0.5793849,0.09002151,0.9176899;1.2834836,0.077465594,-0.50210595;0.17809662,-0.74695814,-1.21933;-0.16035818,-1.2385392,1.4707638;0.2846106,-1.2268246,-0.7798249;-1.3344773,0.039606977,-0.59963423;-0.40307742,-0.73460823,1.3159127;1.2653848,1.2437365,-2.1982293;1.4943777,-0.56565624,-0.4622367;0.31937602,-0.60021275,-0.03029294;0.3884314,-1.0501143,1.372875;0.27457076,-0.17484647,0.6496176;-1.2501227,-1.0432822,1.6137018;0.44569868,-0.71536636,0.38240036;0.59414697,-1.1103429,0.21943386;1.4747593,-1.2145905,0.1025238;0.08373482,0.5202764,0.67349297;1.1397779,1.0852276,-1.8885051;-0.5207297,-1.2063724,1.5535512;-1.114164,0.91322315,0.5051088;1.0584944,-0.50853735,0.8101091;2.0430648,-1.2863876,-0.17964;-1.8705603,1.43606,0.73296297;0.3447359,-0.21061324,0.8151876;-0.17820144,-0.706921,-1.782436;0.794915,-0.8852215,-0.37507576;0.62726533,-1.3888673,1.544116;-1.0296705,-0.83352876,1.6501544;0.6930114,-1.1404165,-0.57986295;-0.5661806,0.13359338,0.63729036;-0.24486002,-0.8431911,1.260511;1.1265625,-0.7332253,0.7800307;-0.18451686,2.279398,0.14422101;-0.7435119,0.8334672,0.92258716;-0.097152926,2.3855543,0.15059943;-0.56954414,-0.5653955,-1.4660497;1.2157434,1.49576,-2.0411432;1.2611052,1.4723468,-2.4434614;-0.64042467,1.8130012,0.26137355;1.0676113,-0.18778503,0.26420596;0.60417324,0.1374471,0.091450624;0.5105251,-1.1909688,1.6048983;-0.6431735,-1.1760504,1.5557063;0.32240006,-1.2714894,1.6077707;0.07246577,-0.7757437,-0.1484132;-1.9529995,-0.10661601,-0.8675552;0.28537378,1.9170904,0.28466064;-0.82899535,-0.8082267,-1.9330481;-0.49752727,-0.33826014,-0.20747083;-0.6328091,0.32151648,0.54802775;-1.0238065,0.61104274,0.27061206;1.0054415,-0.6530211,0.78899175;-1.8671483,-0.13671242,-0.6670835;-0.21958818,-0.18544984,0.14064175;1.4155006,-0.8923571,-0.3011521;0.61922926,-0.88238865,0.0008353725;1.2021292,1.3965855,-2.127871;-0.6955874,2.1397188,0.25135452;-0.71020013,-0.15211195,-0.22333176;-0.5313968,0.90259755,1.268113;1.0350319,-0.80469763,0.34512755;0.64750206,0.20609672,0.7754845;-0.21341188,-0.7818718,-1.6348239;-0.59678495,1.9307245,0.2580489;0.29430336,-0.32456264,0.7843388;0.19692485,-0.82182854,-0.18009795;1.0622946,0.99504906,-1.2559823;0.6681381,-0.8616017,0.5342169;1.1343448,0.6889618,-1.0312905;1.6546992,-0.6787211,-0.21282515;0.66095847,-1.4130147,1.5401409;1.0972787,-0.67730474,0.5182185;1.2653848,1.2437365,-2.1982293;-0.2583161,-1.2367003,1.6195261;1.3178895,-1.1232786,0.40534016;-1.0258946,0.13203254,-0.18512526;-1.3133229,-0.49350044,-1.6658027;-0.10630221,-1.1209751,-1.17415;-0.001578904,-0.6936848,-0.6603219;-0.5323302,-0.30225605,-0.18397155;0.4299695,0.07007934,0.8256123;1.1728011,0.27906543,-0.81194395;1.0281191,-1.1822538,-0.5523308;0.25544667,-0.54415953,0.44015256;-0.044507492,-0.9674309,1.5283229;-0.21015543,1.1883473,0.6224318;1.429105,-1.2711271,-0.043285493;0.2718571,-1.0934496,-0.93358;-0.90698117,0.92104983,1.1902285;-0.26215044,2.2924378,0.13374604;-0.87871027,0.13093197,-0.095025115;0.9947747,-1.1346542,-0.070283465;1.1483899,0.9129583,-1.5148041;-0.1876343,-1.0172426,-1.4982747;-1.3085731,-0.054545384,-0.579886;-1.2309113,-0.049730342,-0.51330996;-0.16039476,-1.003893,-1.6633624;1.255402,1.4129354,-2.3171313;-0.9937973,-0.07011774,-0.26059696;0.8894291,-1.2189535,0.016163796;-1.2551298,-0.54530907,-1.7424173;-1.8559494,-0.23232919,-0.7391618;-0.32790896,-0.51395017,-0.13428874;1.2920371,-1.0865661,0.25984174;0.27061602,-1.0975935,-0.84653133;-0.954967,-0.6398653,1.3621014;1.3057927,-0.7652566,0.47003245;1.2046713,0.45680365,-0.8747892;0.42170772,0.38212723,0.49804053;0.64849466,1.4447423,0.55593723;-0.40299273,0.73548895,0.449351;0.69819665,-0.7699339,0.34730822;-0.096545056,-1.2661715,1.5943774;-0.25633642,-0.2814143,0.9457233;-0.5589897,1.831533,0.2956237;1.859161,-1.2226235,-0.33756864;-0.20927359,-0.18986475,0.13798636;1.1640958,1.1115348,-1.8041302;0.42093197,1.7861578,0.4412426;-1.175414,1.0379182,1.0337135;-0.47643816,-0.03800488,0.7106529;2.0071466,-1.2322202,-0.06982966;-1.5630368,-0.09546624,-0.5897279;0.21363978,-0.32523158,-0.04926871;-2.2288935,-0.23564743,-0.97100544;-0.17419024,1.8960199,0.25795162;0.8448961,-0.79948884,-0.46925357;-0.36266947,-0.8024423,-1.6063601;1.148547,0.91671824,-1.4432235;1.0840337,-0.5880832,-0.22173029;1.3030711,-0.080203034,-0.71556044;-0.9236265,0.99767315,1.185036;-0.78546953,-0.9667326,-1.9116894;1.1521372,1.0694876,-1.8008927;0.4808066,0.022052793,-0.0935103;-0.63293034,1.7950264,0.29017708;-0.10528748,-0.9496913,-1.0422955;-0.3892418,-1.2652661,-1.6136968;0.6781258,-0.5596158,-0.46812987;1.7702769,-0.8347347,-0.08418372;-1.6267564,-0.15256932,-0.4891047;0.30986574,-0.73977715,0.73483104;-1.497671,1.2090601,0.75663096;0.6095517,0.05453993,0.31062603;1.0934442,1.0966955,-1.7502975;1.3715734,-0.73919076,-0.16466178;0.90962493,0.88339424,0.64018583;-1.8404686,1.4184495,0.736211;0.4323872,-0.011545637,0.19600552;1.2584939,0.048393816,-0.5008416;1.6060324,-0.77930576,-0.0793407;0.05305731,-0.18036352,0.19067512;-0.4806442,-1.1129082,-1.6930033;-0.0023144512,-0.9817278,-1.2988223;-0.57056755,-0.27362606,-0.22060129;-1.3029861,-0.012266863,-0.547879;-0.9928502,0.7391791,0.77531254;-0.9800682,-0.7920078,-1.9459597;-0.43000257,0.6740194,1.2152575;0.30441847,1.887261,0.27449054;-0.35980195,0.5911563,0.23939715;0.3718635,0.3528399,0.4657431;-0.18321306,-1.0938531,-1.5666285;-1.3306082,0.9855547,1.0569607;-0.79145724,0.41136897,0.62767595;-0.273657,2.39179,0.07784279;-0.2860432,0.6347526,0.26635608;0.22786883,-1.1017314,-0.95969164;-0.07290828,0.62675697,0.70365864;1.1469916,1.4116454,-2.1401303;0.08655402,-1.1202482,-1.0178453;0.99464995,0.6556464,-1.3122466;-0.94348407,-0.7846392,1.6553434;1.3619428,-0.6952733,0.40041956;-0.091320604,0.18824387,0.39618823;0.043453496,2.2683823,0.18738106;1.1188477,-0.37172714,0.3734773;-1.5522033,1.21857,0.9544571;1.2010256,0.6338407,-1.1558057;1.1502625,0.8752889,-1.518083;1.3616852,-0.765927,-0.30533147;-0.4400557,-0.5614615,-0.9236263;-0.67859364,-0.98643845,-1.8398862;0.7996263,-0.99499905,-0.27660888;0.27410328,-0.33402908,0.08009127;1.6259705,-0.5990919,0.017315626;1.3387923,1.2511693,-1.8028219;-0.7826534,-0.7770723,1.423437;1.1533129,1.3578442,-2.0629036;-1.5509422,1.2275885,0.9673672;-0.6315257,1.8257384,0.18777743;-1.2759349,-0.1234326,-0.35495317;0.50895965,1.4523511,0.62288547;0.9141667,-0.5500499,0.48461375;-0.815342,0.6237196,1.1804988;-0.9324032,-1.1045218,1.4720074;-0.10122376,-0.43014455,0.632127;-0.9383222,-0.78378975,-1.7295536;-0.8754709,0.33513308,0.2873353;-0.3527109,1.675909,0.41142964;1.6031597,-0.96928614,-0.17108949;1.093004,0.25725666,-0.91756016;-0.44219318,1.8697771,0.3335789;-0.45466593,-0.5863609,1.4256362;1.7566133,-0.62139136,-0.44276822;1.2989725,-1.2134078,-0.50298476;-1.4064281,1.042138,0.55206877;-0.4272563,-0.36920372,-0.2735663;1.5970387,-1.1694783,-0.29884183;-0.17438668,-0.46259028,-0.24600087;-0.61795133,0.944438,1.2564317;-0.51225513,-0.60878706,1.4219769;1.2967445,0.047871,-0.50834423;-1.1405076,-0.89117837,1.6171274;-0.07188488,2.3563755,0.20231047;-0.3181165,1.0887707,0.44513592;1.5468024,-1.106108,-0.016047312;-1.8600994,-0.17645964,-0.6017547;1.2518603,1.1261033,-1.8494396;1.00436,-0.5712416,-0.24589583;1.567096,-0.90065616,-0.21183506;-0.0502589,2.048732,-0.06615661;-0.8847795,-0.72814673,1.7047611;0.6606578,1.2967949,0.6307656;0.13858716,0.46339354,0.6665377;1.2430153,0.15740299,-0.66565275;0.88810694,-0.13535388,0.1432961;-0.25420153,1.5269779,0.46754238;0.44819513,-0.11659294,-0.06913991;-0.982598,0.7081867,0.4065843;2.0093327,-1.2815778,-0.18136767;0.3105781,-0.639771,0.28304777;-1.1567549,-0.6293862,-1.8592423;0.53439,-0.7686272,0.016769387;2.0133276,-1.3301804,-0.2820288;0.14384568,0.5252538,0.68960756;-0.72468585,-0.65683377,-1.9861728;-0.7086425,2.1594229,0.24170698;-0.6147052,1.9655144,0.083805345;1.6837723,-0.62293094,-0.22848627;-0.28832993,1.3735265,0.53115517;1.9734148,-1.1898184,-0.09550296;-1.4354646,1.2307132,0.6526222;1.7510895,-0.6337591,-0.5427893;-0.29704148,1.7236907,0.38005495;0.3152068,-0.5355949,0.8319667;-0.6125231,2.067949,0.22667466;-0.3832993,-0.7393667,-1.7352709;-0.5792486,-1.2953031,1.5331825;-0.46202254,-0.08284095,0.80345;-0.0068510883,0.54885566,1.257826;0.69016427,-0.120773464,0.7298102;-0.91714364,-0.71712315,-1.95668;0.18900575,-0.29999322,0.07707825;1.1023053,-0.58120865,0.23279373;-0.92281103,0.95133454,1.1423409;-0.48108646,0.10059296,0.9293748;0.57892656,1.3727826,0.6154947;0.53090835,1.4858892,0.5889036;-1.2527938,-0.061455667,-0.33423218;0.22739914,-1.0873767,-0.8308567;0.17835188,0.24038641,0.44688517;-0.88567555,-0.7289933,-1.9792994;0.4092406,-0.78179926,-0.17645231;1.0505563,0.7633011,-1.3509225;-0.49591106,0.5651752,1.1267487;1.429312,-1.2472137,0.057573956;-0.067191705,2.3457997,0.19727026;1.6333504,-0.45285398,-0.5705575;-0.904313,-1.1852099,1.5476224;1.7397727,-0.62724894,-0.4084525;-1.6289916,0.009759759,-0.61492234;-0.5389458,-0.9968183,-1.7462494;1.1741487,0.9326388,-1.4166577;1.3348129,-1.3382473,-0.26317534;-0.29970804,-0.44158283,-0.26586932;0.124021344,-1.236296,1.5437329;1.153419,1.0605372,-1.7726718;1.6665332,-0.57660806,-0.2956406;1.689892,-0.74432355,-0.40307838;-0.6715679,1.9126525,0.1441336;0.6716513,0.14140874,0.66188765;-0.7246669,-0.7674103,-1.8535761;-0.28026956,-0.66386735,-0.8500863;1.2197845,-0.6859551,-0.20826906;-2.1339078,-0.44188997,-0.763198;0.35518417,-0.82845813,0.49576762;-0.93581784,-0.76194566,1.7019125;-0.82636297,-0.7903463,1.6269928;1.0682356,-0.7743612,0.06276107;0.48578936,0.012384861,-0.058824986;0.6362258,-0.31168118,-0.13069296;-0.76084495,-0.7503231,1.417307;-0.18321857,0.57266515,1.1991997;1.3687915,-0.15433407,-0.32901037;0.56964177,-1.259821,1.5860521;-0.9188292,-0.60139585,1.3254746;0.4298076,-1.2152319,1.5792847;-0.46683478,-0.03819925,0.80206573;-0.011994645,-1.1919872,1.5796885;-1.2907335,-0.10944727,-0.38586932;0.19136994,1.9702736,0.27546054;1.1944214,0.46860465,-1.0464623;0.34545502,-1.1096404,-0.8255101;0.2765385,1.8746039,0.45014164;-0.58898056,-0.23738126,-0.21576795;-1.7841556,1.4067513,0.68997496;-1.1250824,-0.67223424,-1.8750347;0.19339183,-1.2295315,1.544728;0.35335547,-0.831798,0.5071112;-0.0059606642,-0.5673677,-0.4050937;-1.3586925,1.2429571,1.1841846;-0.97790426,-0.79347664,1.6010326;-0.8634978,-0.67031896,-1.8717005;-1.8118576,1.387171,0.8414797;0.059603613,0.31237227,0.5407403;0.5674104,0.018412355,0.27911076;-0.5129544,-1.0727533,-1.7494042;0.99693376,-0.78507614,0.1009926;0.16195603,-0.7428148,-0.16307941;0.20807244,-0.5337155,0.23904568;0.75018597,0.2781446,0.815673;-0.16340537,-1.2736843,1.5906762;-1.2353666,0.9832008,0.6589005;-0.75015604,0.51147956,0.24086936;1.2957721,-1.0491992,-0.04659304;-0.22199336,0.06532635,0.39168426;-0.12899612,-1.3075639,1.5589201;-0.54535633,-1.0288155,1.5293053;-0.7718579,0.5995192,1.1749084;0.83710724,-0.22326006,0.37675166;2.0285885,-1.3141545,-0.22782867;-0.061520226,-1.1020476,-1.1662507;0.1341925,2.215646,0.23162313;-0.08030034,-0.72011715,-1.122634;-0.59384185,0.8692181,0.79980814;-0.6335993,1.9615322,0.1272441;-0.18489103,2.4054348,0.1500919;0.6036367,-1.1397618,-0.6266907;-1.1146021,0.85614264,0.99433005;0.37207365,-0.79033804,-0.10781877;0.56578845,0.0065567424,0.6959273;1.0317793,1.3319798,-2.0132062;0.88332266,-0.0985606,0.6306911;-0.07120003,-0.9228133,-1.3520095;1.4058393,-1.2297747,0.09391153;-0.3682354,-0.57185006,-0.7540287;-0.44918934,-1.2229294,-1.6669649;-2.3344455,-0.21995875,-0.81180185;0.6016641,-1.0995015,0.20423955;1.2844037,-0.5962119,0.11236743;0.7547496,1.1654947,0.63755167;-0.82200676,-0.6664175,1.3672373;-0.92113745,-0.7988104,1.6265998;0.7089619,0.27187455,0.84403896;1.9651192,-1.0977893,-0.12069677;-0.9909859,-0.74223554,-1.9409974;-2.0046165,-0.19293602,-0.67695856;-1.0084026,0.7566976,1.0363166;-0.195883,-0.7871459,-1.493939;0.90458953,-0.24383073,-0.14892896;-0.07580836,-0.48541734,0.7151839;1.6547397,-0.53468,-0.47014254;-1.4658444,1.0645076,0.58686304;-1.3175015,1.0684233,0.5607541;-2.1051173,-0.37811363,-0.6569876;-0.57133996,-0.8541947,1.4586573;1.1733427,0.3399263,-0.9459651;1.6812043,-0.5171422,0.16530792;-1.6005359,-0.20950268,-0.64105517;0.70398873,1.432685,0.5221338;1.2311687,1.4697541,-2.3381488;-0.37703824,1.7483224,0.3890233;-0.6018836,1.5386468,0.31103006;-0.46894357,-0.03547143,0.8553599;0.21533231,2.038591,0.32113484;-0.7364783,0.020789126,-0.09826526;-1.3541522,1.0718217,1.0682104;-0.26300526,0.3205225,0.44215438;0.7258386,-0.6744565,0.21697825;0.96196616,-0.9902069,0.5297346;1.1208827,-0.41539577,0.7847976;-0.24244538,-1.2927617,1.5842901;0.3489308,1.218796,0.67837405;-0.26205736,1.0143058,0.43664125;-0.6723667,-0.19020972,-0.23370287;-0.68868214,0.7200359,0.6795153;-0.15587093,2.3948963,0.1798276;1.1901652,1.141921,-1.8704913;1.0800428,0.6682999,-0.99425685;0.99468213,-1.2091717,-0.035083216;0.27473453,-0.77814317,1.1043504;-1.7490768,1.3620994,0.7479714;-2.3995135,-0.33895886,-0.847069;0.22709443,-0.5396154,0.23775859;0.35599986,-0.91519004,0.47202888;0.12709871,0.5140829,0.6732411;-0.31605214,1.6157907,0.43524024;-1.2013359,0.017140465,-0.35759065;-0.5587521,-0.5192566,-1.046247;-0.25776058,-0.44762078,-0.25145176;0.46291196,-1.2191947,1.5230589;-1.4011693,1.0745467,1.0574454;1.8135345,-0.92387545,-0.111503005;2.014348,-1.2788547,-0.2753678;-0.6073658,-0.70946556,1.39955;-0.1149787,-0.8900674,-1.0134075;0.39944237,-1.1216954,-0.78728163;1.1862801,1.4615198,-2.2779272;1.727148,-0.6069171,-0.33757865;-0.39599815,0.70307714,1.2269773;0.7168635,0.08889813,0.6250371;1.1328664,1.1233059,-1.6639041;-1.4709463,-0.08626424,-0.44078273;1.2031367,1.0675671,-1.5555987;-0.8041619,1.1185147,1.164833;1.347145,-0.13080059,-0.31797338;-0.63658106,-0.5979353,1.311936;-0.5026517,1.955652,0.25037974;1.9000456,-1.0239382,-0.14460918;-0.04004739,-0.50129145,0.7135734;-1.2948563,0.9692031,1.0941743;-0.74465686,-0.1393295,-0.2316499;1.2114538,0.13156469,-0.8685643;2.010146,-1.1225778,-0.26864687;-0.3118715,1.317387,0.49430197;0.40006307,-1.1145698,-0.78464985;0.07370915,-1.1208683,-1.0469122;0.8908996,-1.1112475,-0.022113036;0.093613744,0.9455905,0.64337987;1.2360321,1.31791,-2.0496452;1.2171385,1.4325753,-2.4245305;-0.8801239,-0.7417903,-1.7946963;-2.5112348,-0.19850367,-0.89223444;-0.14965653,-0.73436946,-1.5927155;0.25947353,0.3261952,0.35014653;-0.29485756,-0.66299856,-0.85390854;-2.357108,-0.2454738,-0.82319427;-0.9662994,0.7984213,0.730424;-0.29255703,1.4315255,0.48181528;1.1379325,0.8954116,-1.1485608;0.91553456,-0.14880192,-0.13439699
