data_set
babi-q1
num_classes
6
data_points
1000
model
saved_models/babi-q1-e0073.ckpt
color_schema
#4E79A7,#F28E2B,#E15759,#76B7B2,#59A14F,#EDC948,#B07AA1,#FF9DA7,#9C755F,#BAB0AC
test_accuracy
0.724
test_loss
0.7826453065872192
train_accuracy
0.751875
train_loss
0.7078945862054825
val_accuracy
0.7425
val_loss
0.7429156308174133
labels
12,9,15,12,15,12,11,12,17,17,15,11,17,10,10,15,11,15,17,15,12,17,17,12,10,10,10,15,15,15,12,17,15,15,9,17,9,11,15,10,9,11,9,12,11,15,12,9,17,10,10,17,11,11,15,10,15,12,11,12,12,17,9,11,11,15,15,9,17,17,11,12,11,10,9,15,15,15,12,17,11,9,10,11,17,11,11,12,15,15,9,9,12,9,9,15,15,15,10,10,10,9,17,11,11,12,10,9,17,10,9,9,15,12,15,11,17,15,9,17,10,9,10,12,10,17,11,11,11,9,11,12,9,11,15,9,17,15,9,9,17,12,12,17,10,15,15,15,15,15,11,11,9,17,10,9,11,10,17,12,10,10,10,11,9,11,11,11,15,10,17,17,11,9,9,17,15,10,17,17,12,12,12,12,10,9,17,11,15,17,12,15,11,12,12,11,17,15,9,10,12,17,17,10,12,9,15,12,9,12,9,10,12,10,9,10,9,12,12,9,9,12,15,12,10,17,12,11,9,9,17,11,12,17,12,10,10,10,10,17,12,15,11,11,15,15,11,11,11,11,10,17,9,9,10,10,17,17,15,11,11,17,12,17,17,9,11,10,9,10,15,17,17,15,9,17,15,12,17,9,9,11,17,17,11,17,9,17,11,9,15,15,10,15,15,11,11,12,12,9,9,9,9,17,12,11,9,17,17,15,11,11,17,10,11,17,10,17,17,11,11,15,15,11,11,9,10,11,11,10,15,17,15,10,10,17,12,17,12,12,12,11,17,15,11,17,12,12,15,15,10,11,11,10,10,9,17,12,11,12,11,9,11,11,11,11,11,12,12,12,12,12,11,11,17,10,15,9,9,10,9,10,10,17,17,15,17,17,17,15,15,12,9,10,17,17,10,17,9,11,10,11,10,15,17,15,12,10,11,15,10,11,9,12,17,10,10,15,12,9,12,12,9,12,10,15,15,17,10,10,17,15,15,15,17,11,15,9,10,11,10,12,9,11,10,11,10,12,11,15,15,15,15,11,9,15,10,12,11,12,9,11,10,17,11,11,10,10,10,17,12,17,17,9,15,11,9,15,11,9,10,10,12,12,11,10,9,12,10,9,15,10,10,11,11,15,15,10,12,12,15,11,9,12,9,15,10,17,17,10,10,17,10,10,17,9,9,10,12,11,17,17,12,12,11,12,17,11,11,12,11,11,11,17,9,11,10,12,12,10,11,17,12,12,15,11,15,15,12,10,10,9,17,10,15,12,15,10,10,10,11,10,11,15,10,9,9,15,10,10,10,10,15,15,17,9,10,12,10,10,12,12,11,15,10,10,11,12,10,10,17,12,17,11,9,9,17,17,11,10,10,10,15,15,17,11,15,12,11,10,15,17,9,11,9,17,15,12,15,17,11,17,17,15,9,10,9,9,10,10,9,10,10,15,11,11,11,15,12,9,11,11,10,17,11,11,12,17,15,15,9,11,15,15,11,9,15,15,11,15,15,15,11,10,10,9,17,17,17,17,10,10,17,9,15,9,17,12,12,12,15,15,15,17,9,11,9,17,9,12,11,9,9,17,11,11,11,10,15,10,12,12,9,9,17,12,12,9,17,12,11,11,15,15,12,11,12,17,12,17,11,12,11,17,17,11,17,9,11,9,10,10,12,17,10,12,9,9,9,15,11,11,15,17,9,10,9,12,17,15,17,17,12,10,12,11,11,17,15,9,17,10,9,11,12,15,9,15,12,10,9,10,17,17,15,15,9,9,9,17,10,17,17,9,12,17,17,12,12,11,11,11,11,17,11,17,17,17,17,17,12,9,17,10,17,11,10,10,12,12,11,11,17,12,12,17,17,15,11,17,11,11,9,12,9,17,9,10,9,15,11,9,11,15,10,9,9,9,17,12,11,11,17,15,15,10,10,11,11,17,10,12,9,10,10,10,10,10,15,17,9,11,17,15,12,11,10,10,15,12,10,11,12,12,11,11,11,15,12,17,10,12,17,17,12,10,10,12,17,10,11,17,11,12,17,17,11,12,11,17,9,9,11,17,11,11,15,15,17,17,10,10,17,12,11,15,12,11,11,10,9,12,12,15,10,9,17,15,17,9,17,17,10,17,15,12,12,11,10,10,10,17,17,15,12,17,9,9,15,10,12,15,15,15,17,17,15,11,15,10,12,9,9,10,11,11,9,9,12,15,9,15,9,12,12,10,17,17,10,12,15,9,10,17,11,11,11,17,9,9,11,15,11,11,11,15,12,17,9,10
pred_labels
12,9,15,12,15,12,11,12,17,9,15,11,11,10,11,15,11,15,12,15,12,17,17,11,11,10,10,15,17,15,12,17,15,15,9,17,9,11,10,17,9,11,11,15,11,15,12,9,17,10,10,17,11,15,15,10,15,12,12,12,12,17,9,11,15,15,12,9,17,9,11,12,11,10,9,15,17,15,17,17,11,9,10,15,17,11,11,12,15,15,9,9,12,9,11,15,15,15,10,15,10,9,17,11,11,12,10,9,17,10,9,15,15,12,9,11,15,9,15,17,10,9,9,12,9,17,11,17,11,11,11,10,15,15,10,9,17,15,9,9,17,12,17,9,10,15,10,15,15,11,11,11,9,17,10,9,10,10,17,12,10,9,10,11,9,11,17,15,15,15,17,17,17,9,12,17,15,10,17,17,12,17,12,12,15,9,17,11,15,17,12,15,11,12,10,11,11,10,9,10,12,17,17,10,10,9,11,12,10,11,9,10,12,10,15,10,9,12,12,11,9,17,15,15,10,17,9,11,9,17,17,9,12,17,17,10,9,12,10,17,12,15,11,15,15,15,11,15,15,11,10,10,9,10,10,10,17,9,15,11,11,17,12,17,11,9,11,11,10,10,15,17,17,15,15,17,15,12,10,9,9,11,17,11,11,17,9,10,11,9,15,9,10,15,15,11,11,9,12,9,9,11,11,17,15,11,9,9,9,15,11,10,11,10,12,17,10,17,15,11,11,15,15,11,10,9,10,11,15,10,15,17,15,17,15,17,12,9,12,10,12,11,17,15,11,17,15,12,11,15,10,12,11,10,9,9,17,12,11,12,11,9,9,11,9,11,10,12,12,11,12,9,11,11,17,10,15,9,17,11,9,10,12,17,15,15,17,17,17,12,15,12,9,10,17,17,10,17,10,11,10,11,10,15,17,15,17,17,17,15,10,11,9,12,17,10,11,11,12,9,12,9,9,10,10,15,15,17,10,10,17,15,15,12,17,11,12,11,10,10,10,12,12,11,10,11,17,12,11,15,15,17,15,11,9,15,10,10,11,12,9,9,12,17,11,11,10,11,10,17,12,17,17,11,15,11,9,15,11,9,10,15,12,9,11,10,9,12,10,9,15,10,10,10,10,15,17,10,12,15,15,11,9,12,9,15,10,17,10,10,10,17,10,17,12,9,11,11,12,11,17,17,12,12,11,12,17,11,11,12,11,10,11,12,11,11,10,12,12,10,11,15,12,12,15,11,15,12,12,10,10,9,17,17,15,12,15,10,10,9,11,10,10,15,10,9,11,15,10,12,10,11,15,11,17,9,10,10,9,9,12,15,11,11,10,10,11,10,10,10,17,17,17,11,11,9,17,12,9,10,10,10,10,15,17,11,11,12,15,10,15,15,11,17,9,17,15,12,10,17,11,17,9,9,10,10,9,9,10,10,9,10,15,15,11,11,10,15,12,9,11,10,10,17,11,11,12,17,17,11,9,11,10,15,11,9,15,12,11,15,15,12,11,12,12,9,17,17,9,11,10,15,15,9,17,9,17,12,10,12,15,10,15,17,9,11,9,15,9,12,11,9,9,17,11,11,10,12,15,10,12,12,9,11,17,12,11,9,12,12,11,11,15,15,10,11,12,17,17,17,11,12,10,17,11,11,17,9,15,9,10,12,12,17,11,12,9,9,9,10,11,11,9,15,9,10,9,12,17,15,17,11,12,10,11,11,17,15,9,9,17,9,9,11,12,15,12,10,12,10,9,10,17,17,10,15,9,15,9,17,10,17,12,9,12,17,9,12,10,12,11,9,12,15,11,17,17,17,17,12,12,11,17,11,15,11,10,9,12,11,11,17,10,12,12,17,17,15,11,17,11,11,9,12,10,17,9,10,9,15,11,9,10,15,10,9,10,11,17,12,11,9,11,15,15,10,10,11,12,9,10,12,9,10,10,10,10,10,15,17,9,9,17,15,12,11,10,15,11,12,10,11,12,12,12,11,9,15,10,17,10,12,15,11,15,10,10,12,10,10,11,17,11,12,17,17,11,12,11,10,9,17,11,12,11,11,15,17,12,17,10,10,12,9,11,15,12,11,11,10,9,12,12,15,10,9,17,15,17,9,17,9,10,17,15,12,11,11,12,10,10,17,17,17,12,17,9,9,9,15,12,15,11,11,11,17,9,10,15,10,12,9,17,15,11,11,9,9,12,12,9,15,9,12,11,10,17,10,9,12,15,9,9,17,11,11,9,9,9,9,11,15,11,9,11,15,12,17,9,9
pred_correctness
True,True,True,True,True,True,True,True,True,False,True,True,False,True,False,True,True,True,False,True,True,True,True,False,False,True,True,True,False,True,True,True,True,True,True,True,True,True,False,False,True,True,False,False,True,True,True,True,True,True,True,True,True,False,True,True,True,True,False,True,True,True,True,True,False,True,False,True,True,False,True,True,True,True,True,True,False,True,False,True,True,True,True,False,True,True,True,True,True,True,True,True,True,True,False,True,True,True,True,False,True,True,True,True,True,True,True,True,True,True,True,False,True,True,False,True,False,False,False,True,True,True,False,True,False,True,True,False,True,False,True,False,False,False,False,True,True,True,True,True,True,True,False,False,True,True,False,True,True,False,True,True,True,True,True,True,False,True,True,True,True,False,True,True,True,True,False,False,True,False,True,True,False,True,False,True,True,True,True,True,True,False,True,True,False,True,True,True,True,True,True,True,True,True,False,True,False,False,True,True,True,True,True,True,False,True,False,True,False,False,True,True,True,True,False,True,True,True,True,False,True,False,True,False,True,True,False,True,True,False,True,False,True,True,False,True,False,False,True,True,True,True,True,False,True,True,True,False,False,True,True,False,True,False,True,True,True,False,True,True,True,True,True,True,False,True,True,False,False,True,True,True,True,True,False,True,True,True,False,True,True,True,True,False,True,True,True,False,True,True,True,False,True,True,True,True,True,False,True,True,True,False,False,True,False,True,True,False,False,True,True,False,False,True,False,True,True,True,False,True,True,True,True,True,False,True,True,True,False,True,True,True,True,False,False,True,True,False,True,False,True,True,True,True,True,True,False,True,False,True,True,False,True,True,False,True,True,True,True,True,True,True,False,True,False,True,False,True,True,False,True,False,True,True,True,True,True,True,False,False,True,True,False,True,False,True,True,True,True,False,True,True,True,True,True,True,True,True,False,True,True,True,True,True,True,True,False,False,False,True,True,True,True,True,True,True,False,False,True,True,True,False,True,False,True,True,True,True,True,True,True,True,True,False,True,True,False,False,True,False,True,True,False,True,True,True,False,True,True,True,True,False,True,True,True,True,True,False,True,True,True,False,False,True,True,True,True,False,True,True,True,True,True,False,True,True,True,True,True,True,True,False,True,False,True,True,True,True,True,True,True,True,True,False,False,True,False,True,True,False,True,True,True,True,True,True,True,True,False,True,True,True,True,False,False,True,False,False,True,True,True,True,True,True,True,True,True,True,True,True,True,False,True,False,False,True,True,True,True,True,True,False,True,True,True,True,True,False,True,True,True,True,True,False,True,True,True,True,True,False,True,True,False,True,True,True,False,True,True,False,True,False,True,False,True,True,True,False,False,False,True,False,True,False,True,True,True,False,True,True,True,False,True,True,False,True,True,False,False,True,True,True,False,True,True,True,False,True,False,True,True,False,False,False,True,True,True,True,False,True,True,True,False,False,False,True,True,True,True,True,True,True,False,True,True,True,False,True,True,True,True,False,True,True,True,True,True,True,False,False,True,True,False,True,True,True,True,False,True,True,True,False,True,False,False,True,True,True,False,False,True,False,False,True,False,True,True,True,False,True,True,False,True,True,True,True,True,False,True,True,True,True,True,True,True,True,False,False,True,True,True,True,True,False,True,True,False,True,False,True,True,True,True,True,False,True,True,True,False,True,True,True,False,True,False,True,True,True,False,True,True,False,True,True,False,True,True,True,True,False,True,True,False,False,True,True,True,True,True,True,True,False,True,True,False,True,False,False,False,True,True,False,True,True,True,True,False,False,True,True,True,True,True,True,False,True,True,False,True,True,True,True,False,True,True,True,False,True,False,False,True,False,False,False,True,True,True,True,True,False,True,False,True,False,False,True,True,False,True,False,True,False,False,True,True,True,True,True,True,True,True,True,True,True,False,True,True,True,True,True,True,True,False,True,True,True,False,False,True,True,True,False,False,True,True,True,True,True,False,False,True,True,True,True,True,True,True,True,True,True,True,False,True,True,True,True,True,False,False,True,True,True,True,True,False,True,False,True,False,True,True,True,False,False,False,True,True,True,False,True,True,True,True,True,True,True,True,True,True,False,True,False,True,False,True,True,True,False,False,True,True,True,False,False,True,True,True,True,True,True,True,True,True,True,True,True,True,True,True,True,True,False,True,True,True,True,False,True,False,True,True,True,True,False,True,True,True,True,False,False,True,True,False,False,False,True,False,False,True,True,True,True,False,False,True,True,True,True,True,False,True,True,True,True,False,True,True,False,False,True,True,True,False,True,True,True,False,False,True,True,True,True,True,False,True,True,True,True,True,False
p2d-kl
0.6973552703857422
p2d-iter
599
p2d
-0.30659553,0.23037161;0.6898544,-0.18586658;-1.7445902,1.1984106;-0.4695443,0.42447966;-1.9379696,1.2609395;-1.033999,1.303265;-1.7189596,0.25524092;-0.8029575,1.223582;0.4842547,0.17874993;0.46218717,-0.21155594;-1.2478244,0.91938895;1.0627276,-0.5654735;-0.6212967,0.36834064;1.3179151,-0.44592932;1.0373498,-1.3370013;-1.70826,1.238908;-1.7846843,0.33872953;-1.7612287,1.2467841;-0.34587958,0.39428404;1.3816231,-0.7368555;-0.6232653,1.1419908;-0.041360825,1.3684261;1.5841122,-0.87268597;0.93161446,-1.710835;1.1498958,-0.41727638;1.0977182,-1.1357228;1.0898727,-1.9776721;-1.2103254,0.99430615;0.57207334,0.20135947;-0.5972455,0.05644444;1.4366546,-0.63712573;-0.57322395,1.6208661;-1.6592427,1.1461893;-1.8787165,1.243401;-0.28497627,-0.10940344;-0.120369874,1.344736;0.28501436,0.19384387;1.2797977,-1.1932153;0.96886736,-1.5331701;-0.35647777,0.4176213;-1.0286162,-0.08869536;0.24194515,-0.3136463;0.0561345,0.20968057;-0.15249726,0.47499648;-0.07289071,0.27314734;0.95803815,-2.003835;-0.41422465,0.49119103;-0.80810535,-0.16108574;-0.0329199,1.2630695;0.79759854,0.6627901;-0.7445497,0.9084805;-0.14604956,1.3565453;0.90022045,-2.1639023;1.1609192,-1.4821987;-1.0028653,0.4514119;0.9165054,-1.2345523;0.95823914,-2.1860437;-0.24873894,0.9751914;-1.044004,1.4440305;0.45772487,0.10094694;0.84358114,-0.23831823;-0.63900745,1.5391648;-0.29825643,-0.02191917;0.21660747,-0.1308868;0.12504612,-0.028783286;-1.8744701,1.2814491;0.9594701,-1.7738122;0.8607391,-1.6323103;-1.0432613,1.5631081;-0.27418283,0.14207983;-1.4026759,0.3397518;1.3294845,-0.73821366;-0.15484387,0.28389418;-0.42383647,0.78801936;-1.1123894,-0.16536397;-1.995733,1.3217971;-0.56137824,0.37141767;-1.9058524,1.3279554;-0.30545667,0.4292889;-0.31095052,1.4765242;-1.8936746,0.29651028;-0.4320873,-0.08880491;-0.43470266,0.8189167;0.7499487,0.37392047;-0.3974146,1.5641004;-1.9606329,0.2992336;-1.535555,0.4007368;1.3211335,-0.7957499;-1.3510712,1.0217104;-1.2255555,0.99885917;0.56281847,-0.41069293;-1.2810003,-0.14864022;-0.5890645,0.5327328;-0.7182047,-0.11608285;0.8761812,-0.53164196;0.86563814,0.064579636;1.3120097,-1.1917307;-1.4614494,1.132668;0.8607737,-2.3068497;-0.31710085,1.1767261;-0.5316407,0.83224744;-0.16226885,-0.13288528;1.65703,-0.77047133;0.19641048,-0.21891366;1.1296614,-0.47405842;0.5194547,0.5474991;-0.08757537,0.7278623;1.0249585,-0.851979;-0.03019189,0.110537514;-0.4328032,0.86277544;-1.15426,-0.09147763;0.8633404,-2.2527425;-1.6900767,1.1901392;-0.19895492,1.0254068;0.64958835,-0.13322063;1.2303078,-0.75960547;-0.5235047,0.012128736;-0.56688684,-0.06665815;0.23329057,-0.04233959;-0.3907904,1.5154499;0.727848,0.6962655;-1.2661421,-0.17816828;0.48683363,-0.088425085;-0.2112484,0.11894681;1.104619,-0.2437258;-0.6132612,1.6191262;-1.561343,0.35191867;-0.57511663,0.37267497;-1.1080973,0.38964123;0.53929317,-0.22038038;-1.7603874,0.37568688;0.9921652,0.22405507;0.8203914,-2.2627952;1.0688736,-1.8408761;1.0137969,-1.3615863;-0.7460044,-0.18903102;1.2043569,-1.6626099;-1.2292796,0.92276794;-0.24540876,-0.1682556;0.45666194,-0.2620644;-0.646218,1.5694848;0.4811845,0.19098623;0.55420005,0.10473377;-0.06796672,-0.19121377;0.8395531,0.62182134;-1.828021,1.2506033;1.1392624,-1.9112728;-1.56825,1.2157259;-1.5759994,1.1593795;-0.49729198,0.08133446;-1.1626931,0.43393472;0.2735192,-0.24673824;-0.605177,0.21428251;-0.9080375,1.3961314;0.83253604,0.67654276;0.8160951,-2.0712814;1.1438978,-0.41470593;0.6765057,-0.01221672;-0.21099563,1.3640677;0.5506777,0.5395989;-0.8143187,0.9594816;0.6789889,-0.34618548;1.0487865,0.22770081;0.9841291,-1.534222;-0.7683831,-0.06313987;-1.8547411,0.33851144;-0.36966953,0.41214874;-0.32218906,0.63240737;0.28403518,-0.14400166;-0.23769487,0.6730494;-0.71148443,1.5913829;0.4186633,0.18026854;-0.40979773,0.39240968;-0.67699355,-0.099159084;0.75140375,-2.350175;-0.7745674,1.574838;-1.5350984,1.1105428;-0.19211371,0.7277165;-0.31997207,1.4262652;1.48591,-0.7097589;0.52778286,0.53091824;0.6193828,0.22803822;-0.9550459,1.3187437;-0.17871273,1.0308046;0.8553183,0.3714586;-0.98972875,-0.18366975;-0.67920476,0.20461452;0.2233148,-0.30430585;-1.3780077,0.67646265;1.617392,-0.70108837;-0.7732434,1.2240841;-1.365785,1.0289922;-1.9216214,0.3763303;1.141128,-0.69205976;0.7368122,0.26461005;-1.47027,0.4232663;1.3771057,-0.56368726;0.6060491,0.0032769635;0.9586847,-0.7035006;1.1616107,0.10895118;1.4498703,-0.8298911;-0.016347371,1.360792;-0.19616853,1.1480067;0.8912001,0.6638558;1.2851961,-0.9073967;-0.96514237,-0.103929326;0.86096495,-0.4993432;1.1843183,-0.72519445;0.82188874,-2.158158;0.8839336,-0.4156325;-0.1723809,-0.067293495;-0.23126012,0.7799197;-0.45808634,0.2981981;0.83163387,-1.4362643;0.85312647,-2.3821492;1.2881663,-0.4012646;1.1221943,-0.7746108;-1.0515422,1.3191236;0.81954765,-0.2748029;0.7764546,-0.27602306;0.97502875,-0.1890013;-0.30533576,1.2412895;-1.0727586,0.7788742;1.3104807,-1.2623734;-0.41896284,0.8480961;-0.5288438,1.5406606;-0.32338035,0.065422565;-1.636995,0.27811795;0.096653685,-0.22445144;1.6056876,-0.7103986;-0.6351747,1.5238962;0.599592,-0.4357976;-0.7327773,0.4121865;-0.231578,1.3321553;1.5979875,-0.8329573;-0.46410766,0.81521094;-0.8288013,-0.10713884;1.2386876,-0.8473567;-0.8439154,0.92446864;1.505005,-0.58879167;-1.1590124,1.442064;-1.3944726,1.0178819;-1.2850745,0.42171222;1.258843,-1.1297586;0.8920142,0.38048843;-1.9015424,1.2857503;-1.7653823,0.30677557;1.1058754,-1.7052182;1.2735664,-1.4786593;0.18541887,-0.26335806;-0.13417539,0.7818084;1.0613581,-1.4113264;-0.9264066,-0.21097012;1.0661209,-1.8817858;-0.61000335,0.88841873;-0.59614617,0.84060603;-0.3702183,1.3901412;1.167576,-1.176603;0.83397144,-0.4942798;-1.4077755,0.38944513;-1.8139458,0.23396775;-0.3703085,1.480741;-0.81787044,1.2184972;-0.55467933,1.5198064;0.29472446,-0.09382461;-0.15457979,-0.07169596;1.0924436,-1.6016316;1.0575901,-1.9558067;0.87446904,-1.2476422;1.1816148,0.15182275;-1.6200442,1.1306947;1.5629026,-0.7165363;1.4884759,-0.6949311;-1.5147538,1.1916567;-0.5044555,0.040504273;1.5310234,-0.632969;-0.52677786,0.041823056;1.2017666,-1.3165065;-0.34876832,0.46490338;-0.99362403,-0.14149082;-1.0377151,-0.09373706;0.243255,-0.30571762;-0.10113696,1.3597814;1.0966735,-0.61047477;-1.5477448,0.34299085;-0.23545252,1.3909354;0.83022475,-1.5725893;0.8821623,-2.1244228;-1.4466964,0.36177698;-0.44313908,-0.081295654;-1.6997358,1.2267932;1.0672339,-1.6881077;-0.5301342,0.82319;-1.1626948,0.84673923;-1.7859408,1.2388105;0.8497414,-0.39496806;0.23538908,-0.08595094;1.0525494,-0.87828976;0.8735206,-1.7384355;0.82940286,-1.6419551;-1.3607513,-0.19276325;0.8933355,-2.097725;1.3827733,-0.7146906;-0.20320985,1.4402931;0.78726745,0.09787188;-0.66434467,-0.21984403;-0.31680372,-0.16287284;-0.44325382,0.20191966;0.85144126,-0.34603626;-1.0887176,0.73181546;-1.8243563,0.2635723;1.011018,-1.5158508;1.1968932,-0.54210955;-0.2101134,0.74841577;-0.8905236,1.051679;-0.53851736,1.557382;-0.25323397,0.7941182;0.63325095,0.40974006;-0.21736911,0.6581391;0.28316122,-0.16561323;-1.9472967,0.29740927;-2.0288095,1.273103;-0.47708237,0.012717538;-1.4780953,0.45460895;-0.33835995,0.596728;-1.2379146,-0.15485989;0.8675567,-2.1270275;-1.0519853,0.44262886;0.81927717,-0.55510193;0.715038,0.07625831;-1.503408,1.0897838;-0.26840013,1.4978417;1.1638478,-1.7231011;-0.5104246,1.3073577;-1.1965848,0.7738741;-0.43273318,1.207696;-0.9712457,1.2919847;0.72717977,-1.490049;-0.67414486,1.1489381;1.3422332,-0.62722325;-0.97231936,1.3356988;-1.1844759,0.38398626;-0.09600673,1.3890378;-1.370667,1.0936499;-0.071042374,0.25764993;-0.10912202,1.4328053;-1.4652638,1.0415491;-0.8646661,1.0047481;1.254034,-0.7486223;-1.9803873,1.2616559;0.9934635,-1.0896236;0.80744183,0.22953533;-1.4740921,0.35023043;0.80878824,0.64715;0.8904397,-1.3554292;-0.7697497,0.015233577;-0.57308763,1.6026694;1.5100957,-0.8867429;-1.238492,0.37628648;-0.6894644,1.2434981;-1.5745671,0.32247606;-0.7330871,-0.13514234;-0.12530595,-0.08755687;0.29380482,-0.03622488;0.9147467,-0.3971242;-1.8364413,0.35189557;1.1034226,-1.9665103;-1.0340266,1.3304509;-0.4457017,0.38507178;1.035999,-0.5995484;-1.1460001,1.459409;0.9472808,-0.2014105;0.91083235,-1.8014573;0.8148346,0.21500656;-0.07807819,1.4246387;0.8474478,0.6745407;-1.9617113,1.2795593;0.54442835,-0.38209718;-0.48332894,0.36586452;-0.17577976,0.4694221;-0.79436684,-0.11440217;0.85300034,-2.0450375;0.5902002,0.087512985;0.6798914,0.16458149;0.19352894,-0.006582725;1.1083708,-1.7320901;-0.053142015,1.2143028;-0.3142211,1.4119873;1.3824369,-1.4480988;-0.83073956,1.0534985;-1.7394187,1.2360728;-0.73441076,1.1307541;0.87810963,-1.6291579;-0.8219856,0.8879734;0.4861199,0.047630407;-0.5735239,1.5975091;-0.24012628,0.56160325;-0.99848247,1.1946907;0.6254994,-0.29387605;1.1041158,-0.70480144;-0.65692145,0.8615548;-1.9295994,0.24422725;0.96996236,-1.5588833;-1.1519359,0.79937345;-0.33513597,1.2955313;0.8711907,0.26824725;-0.3272733,1.3532994;1.4004505,-0.7167807;0.77949554,-2.2301579;0.8309403,-2.3729842;-0.7782603,0.89543116;-1.4442471,0.287329;-0.8440476,-0.1464681;-0.5214549,0.5758137;-0.15094753,1.335438;-0.59765685,0.8639914;0.5815495,-0.23094966;0.98538005,-0.84761506;1.1842133,-0.5348721;0.46523148,-0.25281686;0.04085872,-0.04807463;0.95261097,-1.7528006;-0.60646194,-0.09857753;-0.038711883,0.35810786;1.0801984,0.13452592;0.97835284,-0.84127724;0.9459349,-0.8265518;-0.04999702,1.3476142;-0.20299636,0.77932996;1.0457728,-0.36098117;0.6689925,0.30930263;1.294912,-1.231759;1.004882,-0.48341274;1.3356973,-0.8175685;-0.8886789,1.5015991;-1.7463284,0.3065229;1.1856534,-0.8564679;0.9314788,-2.1016748;-0.07136688,0.40946475;0.76953167,0.2716224;1.0078332,-1.2173165;-0.87734264,1.0663315;0.38273773,0.035544645;-0.17754148,-0.061175883;-0.3710709,0.70887977;1.260169,-0.5045236;1.2611606,-0.5830941;-0.28336346,1.0311725;0.3011096,-0.007174867;-2.0560348,1.3026745;-1.8390687,1.2115625;1.2741193,-1.5545737;-2.0309088,1.3053511;0.8679951,-0.46270576;-0.38396907,-0.06444258;-1.3626819,1.0315387;0.75302696,0.6457274;1.3135085,-0.45108995;-1.1288537,0.39638892;-1.1108419,1.403875;-0.35360944,0.036091972;0.9231187,-2.310997;1.3663924,-0.4257063;0.62622046,0.41898355;-1.8700327,0.4512368;-1.654603,0.3321986;-0.48838773,0.8679517;0.28677362,-0.26393232;1.1304625,0.22117293;-0.3278179,1.4832416;1.5793213,-0.8725097;-0.40518838,1.4170407;0.32199255,0.17659174;0.9371436,-1.680813;-1.7835929,1.1702981;0.05074163,0.16300292;0.51560134,-0.11081476;-1.6487646,1.1731738;-1.4119496,0.41151524;0.850407,-1.5774809;0.9969823,-1.3376894;1.525881,-0.6329044;-1.1067202,1.4821419;0.9926778,-0.19009702;0.8259468,-2.2327876;-0.13359308,0.6850038;-0.35460567,-0.1657904;-0.76674575,1.1486151;0.90077597,-2.2532852;-1.1018211,0.70318335;-2.000395,1.3068649;-0.41349402,0.85226136;1.0082527,-1.4646431;0.9889808,-1.0919739;0.94706327,-1.4494537;1.0181057,-1.9717648;0.8067201,0.36738372;0.86317486,0.66351616;0.6021681,0.65722895;1.2851655,-1.3637941;-1.1454512,0.7612951;0.24661127,-0.18473029;1.0190636,-0.9586654;1.1868439,-1.3250524;-0.8319694,-0.09523246;-1.5707798,1.099802;0.9254294,-2.2536674;0.019416723,1.2274451;0.5714334,-0.01490656;0.9575155,0.321199;-0.30760336,0.8084547;0.042166606,1.2866138;0.9318251,0.28009778;1.3668709,-0.63438547;0.6346242,0.011632151;-1.3192395,-0.18587796;1.0600924,-1.9072267;1.1012102,-0.99330246;-0.512482,0.5584035;-0.06346657,0.18833789;-0.98791856,1.5353631;-0.598289,0.28940502;-0.9168728,1.1335689;0.828084,-1.8813539;-0.16771619,0.32982865;-0.6201944,1.1424745;-0.5198895,1.6082811;-1.5852103,0.3918728;-0.53301525,0.397513;-1.0523896,1.3740631;-1.8134519,0.38459858;1.3242015,-0.43926382;-1.4545288,0.31441727;1.2209041,-1.3366249;-0.8833581,0.26322037;-1.7938937,0.3001218;-0.82918,0.8644883;-0.8094651,1.1846658;0.10159045,0.29075262;-0.10641612,0.6719772;-1.5175948,0.40663585;1.3486277,-1.4624524;-0.733933,1.1993198;-0.9969082,1.360408;-1.7007788,1.1659819;-1.6284996,0.3395136;0.1540845,-0.07686985;1.3608074,-1.5179743;0.85432595,-1.7847123;-0.67522323,0.8932417;1.054582,0.08671456;0.90854806,-1.1468744;0.8011687,-2.3902662;0.044165153,0.23493348;-1.467547,1.198;-1.1330557,1.4159479;1.2898929,-1.2941072;0.9329126,0.25303146;0.50299144,0.004210814;-0.313785,0.047939297;-1.5456305,0.32830262;0.82288677,0.6082333;0.9886621,-1.0618148;-1.4776931,1.2099901;1.0538106,-1.9690275;-1.1621678,-0.17749244;0.97416973,-2.1463218;0.872369,-0.54707944;0.8762146,-2.2895703;1.5309322,-0.7678128;-0.17243558,0.5292753;0.8488069,0.18347475;0.88077,0.040221367;1.3316734,-0.7109044;0.52534795,0.22405696;-1.1890514,-0.12807994;-0.21302271,0.78706396;-0.45764774,0.25356817;1.035766,-0.30896416;1.0306569,-0.32314938;0.68613136,0.1825783;-1.1099991,0.8118747;-1.172109,0.44234565;-0.022569828,-0.13846797;0.83809596,0.5913871;0.9874573,-1.2684965;1.0512129,-1.2669524;0.23895535,0.3069426;-0.4635836,0.79720193;1.0442286,-0.35231715;-0.92540014,1.531217;1.5245725,-0.7104708;-0.49611923,1.5468445;-1.4410322,0.42819613;-0.70025194,-0.21294926;-1.3418785,-0.18189646;0.25634393,0.18943672;0.61931914,0.16119175;-0.0655589,-0.061655384;1.0419693,0.2924152;-0.7595618,0.89429134;0.7638655,0.6687993;1.3403116,-0.5081779;-1.8807647,1.208394;-0.30323923,1.5087415;-1.3443521,0.35929585;1.104264,-1.4356576;0.6479136,0.19068672;1.2548678,-1.5023392;-0.14700478,0.42409405;-1.9395648,1.3199054;0.86255413,0.04654873;0.9462641,-0.62277436;0.43033537,0.06454679;-1.061121,-0.15779243;-0.50812095,1.2998673;0.48329368,-0.39891753;0.33151537,0.27178702;1.2975091,-0.6359833;1.3979104,-1.3583763;-1.5681484,0.21548422;0.7766048,-2.4263828;-0.68782216,-0.034133915;0.98414594,-0.81112576;1.2348592,-0.6043461;0.8727091,0.24612597;0.69488025,-0.21356356;0.42940378,-0.2159591;-0.5667064,0.86333543;1.0485332,0.28215462;-1.1621678,-0.17749244;-0.24198204,0.7667297;0.9357337,0.11587961;1.1593654,-1.0993086;0.81090003,-0.45907634;-0.1507251,0.006112337;1.0670621,-1.941036;1.3060086,-1.4470452;0.43414092,0.1795953;0.63322294,-0.47601837;-0.90436935,0.27097633;-0.28841314,0.5869472;0.84837955,0.6994643;0.47477788,0.38133076;0.92170256,-2.1590426;0.16439164,-0.1445186;-0.58953524,1.1279033;-0.86839134,1.5243555;0.795859,-2.2771916;1.1818986,-1.2416496;-1.0753511,-0.16615427;-1.3118247,0.2888458;-1.5014753,1.2095276;-1.6071537,1.1843787;-1.0921997,0.4192955;-1.3142753,-0.1975368;-1.463876,1.0525784;0.6967779,0.13092948;-1.6206656,0.3943662;-2.00847,1.2536485;1.1705209,-1.490519;0.86714,-0.25681722;0.77388716,-1.590789;0.8835473,-1.8934057;1.194359,-0.85395586;0.8981704,-0.15951344;-0.6020257,0.28064623;-0.23158929,1.4723995;0.7871943,-2.3565361;1.086267,-1.2949017;-0.1280711,0.7723252;1.3616021,-0.526166;-0.3010186,1.1720055;0.99511695,-0.7562273;0.5572476,0.23802434;-0.8953655,-0.043199886;-0.0087628765,1.3421313;-0.8636791,1.2312948;0.8016494,-2.111692;1.023259,-0.2322612;-1.7397814,1.1628253;1.0442356,-0.47188464;-1.5067985,1.1473262;-0.44174922,1.5512464;-0.49075004,-0.04561432;-1.5607191,0.4348588;-0.29645696,-0.026411198;0.9058101,-0.6051596;-0.3811289,0.02709584;0.51673037,0.5468107;-1.8096745,0.23079966;-0.65182644,-0.12244671;-0.7693269,-0.0045641083;0.23644821,0.18463838;1.4402639,-0.74191874;-1.2864659,0.27584854;0.8592899,-1.4588507;0.8520865,-1.9584708;-1.4473172,1.1389421;-0.105947815,0.4479749;1.4389327,-0.85886765;-0.40928972,0.41895214;-0.006629736,-0.24532661;0.29948863,-0.16292721;0.225614,0.15991102;-0.47219038,0.44943035;0.91936326,-0.020306753;-0.36164185,0.049367573;0.905367,-1.7851766;-0.92751116,1.0781378;-1.6651055,0.20577605;-1.6729302,0.3510354;1.0272764,-2.0073667;-1.6572043,1.2127491;-0.42977846,1.0616647;-1.7686344,0.23233141;-0.9974403,1.3083811;-0.4783072,1.5605739;0.4512491,0.40236306;0.7013479,-0.047633998;-1.2844993,0.3710649;-0.727934,1.1922016;-0.44459656,0.32668427;-1.0433576,1.560662;1.141075,-1.560388;1.2217679,-0.6868798;-0.6226713,1.415671;1.2411608,-1.6178563;1.0969192,-1.6601243;-0.89373463,-0.22054933;0.94706154,-1.0796226;0.7163211,-0.11060131;0.9118437,-1.9159741;0.6330356,0.41180417;0.08998167,0.22514498;-1.0710543,1.3757828;-0.84568363,-0.022959877;-0.9672909,-0.1726031;-0.49994218,-0.10040635;0.9089638,-2.196202;-1.6511363,0.20408656;1.0011455,-1.7564313;-0.36604723,-0.00094987307;0.7825382,-0.4122909;-1.0717268,-0.18979141;-0.8017174,0.96230716;-0.5470715,-0.13808241;-0.69008374,1.1563538;0.788531,-0.10677804;-1.322764,0.989262;-0.39182058,1.4082924;0.86205494,-2.3225415;-1.0540007,1.3450981;-0.14949144,0.6078753;0.90138304,-0.4444201;-1.5058324,0.42841184;-0.98996574,1.183945;1.2653272,-1.5653173;0.8636559,-0.7071936;-0.80345875,-0.07868587;0.22643045,0.23637788;-0.21008615,-0.17714962;0.80806875,-2.1114635;0.21512188,-0.26886728;-0.4538723,0.36588448;1.1144532,-1.7084062;0.9072971,-1.6511972;1.325733,-0.5534189;-0.23134458,1.0021675;1.0979654,-1.2485087;-0.50137013,-0.07810026;0.95591694,-1.5068581;-0.3568303,1.5353727;0.8025755,-2.294941;0.91499144,-1.9651041;-1.845413,1.2381208;-0.5863595,-0.023171341;0.4922309,-0.39985678;0.91655624,-0.26455152;-0.42005214,1.4837863;1.0233132,-1.2825081;-0.23878275,1.4571486;-0.6604746,1.2856442;-0.947142,-0.16631143;0.3835257,0.0593673;-0.4099918,0.21525471;0.79502404,-0.5739776;0.86780757,-1.8686084;0.9575338,-1.4530364;1.3293622,-0.7609476;-1.7204388,0.37965345;0.85047305,-1.3358792;0.98311824,-0.26388824;0.82195973,0.030379262;-1.3809141,0.42859358;-1.024362,1.5266645;1.6163757,-0.8421809;0.7520107,-2.4056761;0.46646866,0.25843728;0.8878701,-0.2825807;0.42775878,0.22322436;0.94160277,-0.3674201;1.5166396,-1.1257414;0.23238178,-0.13405368;0.7517977,0.11180107;-1.9364108,0.29003474;-0.16553903,0.74889153;0.5494428,-0.2824325;-0.5878804,0.5098297;-1.1587657,0.7420629;-1.8030382,0.30298853;0.93828017,-1.8958036;-0.2824263,0.35354367;-0.16734992,0.978555;1.3697972,-1.5621802;-0.6225642,1.4543017;-0.2648323,1.4444379;-1.3807552,1.1340821;1.0673294,-1.5072978;0.498737,0.052990463;-1.9491845,0.26271948;0.9122279,-0.42972213;-0.6267956,-0.07348453;-0.23797336,1.0361841;0.9147471,-1.1952046;-1.0029308,1.5518668;0.75440896,-2.3882248;1.1397572,0.21766844;0.4718193,-0.116639875;-1.6291325,1.1928236;-1.3399423,0.36023816;0.89244574,-0.84086454;1.0084401,-1.1163869;1.1360198,-1.6128231;0.75584763,0.605416;-1.133171,-0.12357725;0.8929414,-1.1976678;1.0900793,-0.97444564;0.46318954,0.17377418;1.4009529,-0.8130791;-1.9514365,0.29892683;0.48044527,-0.2845153;0.72928834,-0.38062775;-2.0361028,1.3300366;0.82348794,-2.422956;1.0987759,0.12102077;1.110437,-1.3142309;1.0126338,-0.9699041;0.36780918,0.0632049;1.1961458,-1.204825;-0.36753163,0.7242041;-0.5369585,0.5704105;0.9093222,-0.22786956;0.629571,-0.28142622;0.7879383,0.2731943;-0.61254674,0.87157774;-0.37151906,1.2998655;0.75033236,0.7034439;-1.2479961,0.9547208;1.6007763,-0.61101943;-0.81707484,-0.019871583;0.95466727,-2.1096404;-0.15633784,1.4267615;1.2958305,-1.3782499;1.3750569,-0.74916077;-1.8335811,0.35312226;-0.073869154,0.66939455;0.8563414,0.1626078;-0.5004707,0.04582365;-0.66098547,1.1399373;1.0887504,0.032448728;-1.8388908,0.38777968;-0.70859504,1.166645;0.909096,-1.8468603;0.63567865,0.12447386;-1.7893859,0.24789019;0.5956987,-0.39126325;0.8097235,0.11318113;1.0911138,-1.3666078;1.5120349,-0.7186052;-0.23398434,0.8134998;-0.4237294,1.0768608;1.2781075,-1.4169614;1.1884974,-0.98862517;1.2668837,-1.15462;-0.5319849,0.8283772;-0.08087276,0.7888977;-0.7961525,1.1788052;0.8537666,-2.2215726;0.86832577,-2.0994873;0.05617722,0.15921295;-0.6002847,1.5699439;-1.1349931,0.4011405;0.23305237,0.3101386;0.78812224,-2.4024193;-0.6308072,1.6113216;1.2270517,-0.7758347;-1.2032893,1.4649322;1.114921,-0.5157481;0.61547077,-0.030310025;-0.86826074,0.00486856;-0.4166912,0.33297065;-1.0094521,0.3502272;0.24663584,0.07785732;1.0901952,-1.6683764;-1.7282755,0.21803632;-1.9156511,1.2198749;0.76757544,0.040286068;0.908162,-0.32202712;1.3935915,-1.4310455;-0.82122374,0.9842108;1.1147909,0.1261478;1.5897993,-0.88783205;1.0621431,-0.9131793;-1.850555,0.41972268;-1.6596203,1.2206413;-1.1874782,1.462366;-0.1522386,0.32226184;0.92959213,-2.072687;0.6782728,0.03226712;-0.07551083,-0.18871282;0.27723432,0.05785332;-0.7094664,0.40693173;-1.1912596,0.8769065;-0.3198659,0.6643863;0.743787,-1.5137088;-0.62845427,0.26382497;-1.0845151,0.7264834;0.6192866,0.2729757;-1.2370028,-0.07335873;0.722215,-0.0651074;1.1084328,-0.19570531;1.1386272,-1.283708;-0.37398517,1.4344202;1.0176407,-0.5363954;-1.1637545,1.4463772;1.1444532,-0.73351294;0.9320403,-1.6145222;0.11949987,0.28405604;1.0444777,-1.4643698;-0.18197063,0.7986917;-0.2831433,1.3863596;-0.011714462,1.2332565;0.96233195,-1.7923844;-0.2581438,0.264742;-0.6158675,1.6058308;-0.18728861,-0.20375459;0.84930557,-0.691705;0.6973333,-0.41569483;-0.3081849,0.6155531;0.12656191,0.28953156;-1.8066291,1.2730376;-1.6645184,0.28307384;1.3924356,-0.7267503;1.2427808,-1.2192893;1.6163074,-0.76794237;0.0026880219,-0.23948954;0.97590584,-1.3940305;1.0620515,-1.4600171;0.77827287,0.5890946;-0.9885785,1.3356396;0.5742586,-0.09737443;0.7935096,-2.3537748;0.84273934,0.34729683;1.1471676,-1.3836539;-0.21460265,0.3870481;-0.20854332,-0.18894409;0.9635335,-0.7087792;1.5391992,-0.8131933;0.9275166,-1.8985409;-1.291685,-0.1748262;-1.7793019,1.148774;-0.5698783,-0.020242745;-0.54503936,0.57050633;-0.8378679,0.3426775;-0.03798461,0.3740934;0.76469135,-2.027481;0.9633117,-1.3413846;0.8833009,-0.7853064;0.30515787,0.27710426;1.15307,-1.4312721;-0.7410183,-0.07409024;1.0124806,-0.3371204;0.7402792,0.12210079;0.15389678,-0.13194795;1.1475785,-0.9358399;0.910647,-1.3766207;1.5185449,-1.1209662;-1.2992274,-0.16436996;-1.0367161,-0.05799063;-1.85741,0.33530903;-1.9501294,1.3060735;-1.631078,0.31467235;-0.25829673,0.10754905;0.048224647,0.07855151;-1.9215468,1.283388;1.4346998,-0.88172734;1.4122642,-0.38199922;-0.9081378,-0.1329196;0.047106,0.04231484
p3d-kl
0.5582690834999084
p3d-iter
599
p3d
-0.1521802,0.76083726,0.1843471;0.31686872,-0.2366363,-0.5157551;-1.5987518,0.8575477,1.6683589;-0.3058995,0.8119317,0.50442636;-1.8686378,0.99328935,1.8592083;-0.87903404,1.3736348,1.220996;-2.0513048,0.14934963,0.8832193;-0.6986471,1.3913498,0.92876637;0.5536597,0.21879385,-0.06233087;0.2767939,0.1659743,-0.4384084;-1.1046133,0.66553855,1.088435;1.2344432,-0.24944983,-0.6455721;-0.5431274,0.56815857,0.508566;1.2523888,-0.8946805,-0.43692932;1.039693,-1.7653239,-1.1969717;-1.5667796,0.98578346,1.623023;-2.0710452,0.15601695,1.0540766;-1.6256427,0.99036837,1.6846408;-0.20221059,0.55406386,0.45411712;1.430216,-0.8091477,-0.7693813;-0.49171615,1.4297218,0.73376954;0.5008131,1.185265,0.66922086;1.6798903,-0.6486515,-1.0102842;0.8333552,-1.4625309,-1.6200322;1.0630574,-0.55142725,-0.49049437;1.1728916,-1.4145153,-0.95559645;0.69441676,-2.2020042,-1.6336359;-0.9543124,0.4834733,1.1826664;0.7327518,0.08381796,-0.07578856;-0.8855485,0.1674968,0.22296444;1.3755367,-0.57990754,-0.64407736;-0.033733986,1.2835574,1.3008776;-1.5209701,0.8092161,1.5498301;-1.7968909,0.94552046,1.7817734;-0.56975573,0.38337395,-0.14164515;0.35242712,1.2434953,0.7036954;0.10568947,-0.16319051,-0.07328882;1.2573818,-1.096598,-1.2183676;0.8374133,-1.9071532,-1.4336853;-0.119496636,0.65402305,0.40948075;-1.3656799,0.8647037,0.35961056;0.25250724,0.95768684,-0.578768;0.1421178,0.54011285,0.06237583;-0.071505114,0.03548379,0.43070567;-0.12315359,-0.13631307,0.30711654;0.49343553,-1.942194,-1.8202289;-0.19400494,0.9126324,0.54087245;-1.1863873,0.6434398,0.11981941;0.36057872,1.0202926,0.56615347;0.644204,-0.3554447,0.45361724;-0.5186293,0.33995065,1.1124319;0.32177928,1.2860799,0.724422;0.5629963,-2.2520545,-1.9078846;1.1827621,-1.6570538,-1.4398023;-0.84410435,0.41835496,0.67081666;0.74683964,-1.5815116,-1.1100762;0.5966798,-2.4794724,-1.9196261;-0.17083834,1.3172318,0.49268028;-0.7528211,1.2020465,1.3797783;0.36505026,0.039031208,-0.1260273;0.8075496,-0.1687405,-0.52218586;-0.16425633,1.4936846,1.2918621;-0.5427866,0.8572853,-0.039989304;0.39188704,0.9650707,-0.32735077;0.0759902,0.6436585,-0.21551527;-1.789947,1.0430826,1.8006227;0.8963099,-1.4672447,-1.7142829;0.7069762,-1.4080415,-1.4910616;-0.65311384,1.1504495,1.5379362;-0.25512263,0.521282,0.1079472;-1.4710429,-0.06467251,0.770185;1.3285556,-0.93488955,-0.77269983;-0.36817014,-0.083155185,0.35332823;-0.1361108,0.032106057,0.8758081;-1.5749955,0.7287472,0.34319293;-1.9951113,1.1129432,1.8944219;-0.43927002,0.5173004,0.47885177;-1.804366,1.0475296,1.8870552;0.0022487375,0.6400157,0.4650335;0.2331012,1.2821468,0.99233204;-2.2707539,0.22447003,1.056103;-0.67600507,0.42436543,-0.036146406;-0.10572616,-0.017271742,0.9171163;0.85486674,0.054219037,0.09600427;0.17443028,1.2475396,1.134067;-2.3677726,0.25921124,1.0913794;-1.6147898,0.12191569,0.91943514;1.2892636,-0.97912943,-0.8276727;-1.1828394,0.73727036,1.2376767;-0.96948564,0.54008484,1.1911093;0.34384704,0.31314728,-0.694048;-1.8543653,0.777129,0.44740528;-0.34276524,1.3092729,0.3710713;-1.0157866,0.6626708,0.08559159;0.7684255,0.09115185,-0.84464985;1.164775,0.021637803,-0.26266846;1.2710358,-1.0671802,-1.1943153;-1.2209543,0.7221653,1.4261123;0.33831742,-2.3463235,-2.0221565;-0.07082469,0.8064546,0.7222208;-0.25511494,0.0019864133,0.9766349;-0.43154144,0.18934685,-0.23920396;1.5226645,-0.3238747,-0.99624133;0.15642744,0.98278576,-0.4453749;1.1962521,-0.4503897,-0.45783073;0.7850243,0.6776062,0.17709273;0.26910207,-0.0817104,0.572983;0.9223543,-0.62471527,-1.016624;-0.08316264,0.5656962,-0.021440892;-0.055977043,-0.031941626,0.9670342;-1.5703528,0.91964316,0.43246764;0.47228366,-2.4279857,-1.9982264;-1.4827918,0.8801553,1.6380662;-0.025123002,1.3383409,0.52663404;0.4259506,-0.11155504,-0.45010704;1.1942492,-0.70266765,-0.87461936;-0.74279004,0.1183726,0.11638969;-0.6950353,0.699015,0.075673774;0.21405636,0.6595809,-0.2533252;0.20660576,1.359057,1.0827749;0.49552098,-0.27357993,0.5452909;-1.8443378,0.799793,0.43296283;0.18757308,-0.097346604,-0.3419401;-0.16846076,0.5499266,0.03815701;0.790355,-0.77336735,-0.6204613;-0.09705492,1.2749577,1.3220809;-1.7067252,-0.011528941,0.8904898;-0.45516047,0.59681684,0.48962596;-0.99041265,0.11348454,0.63896686;0.48829612,0.50781864,-0.47833917;-2.0203376,0.3373127,0.9589232;0.87794375,-0.5819587,-0.11988817;0.47535828,-2.3854516,-2.0576608;0.76322657,-1.8974657,-1.6209286;0.98891073,-1.7374295,-1.2311407;-1.1046894,0.4159389,0.15140054;1.1677454,-1.3333886,-1.6149393;-1.0740885,0.6431353,1.0792024;-0.36924496,0.19554092,-0.09241494;0.27104712,0.28614306,-0.5067543;-0.17775762,1.3688703,1.3010582;0.5532749,0.27469945,-0.09654753;0.53920394,0.07817105,-0.23149537;-0.17785044,0.46859,-0.2474019;0.6940529,-0.39337465,0.38826206;-1.7126966,0.9669199,1.7513399;0.8863564,-2.1302536,-1.533042;-1.3277378,0.7123797,1.5941344;-1.4061831,0.6973886,1.5184909;-0.6391366,0.22057292,0.20969512;-1.0226986,-0.020368643,0.6840768;0.3013862,0.80702597,-0.50833046;-0.6561497,0.830235,0.3023211;-0.5876306,1.2238091,1.2622645;0.7372879,-0.37402356,0.45435563;0.7495872,-2.0730655,-1.9623753;1.0526358,-0.5699163,-0.4964014;0.60696036,-0.44036087,-0.2624474;0.22822928,1.2059305,0.80353117;0.8140013,0.64004546,0.16960819;-0.60195833,0.5353304,1.0979238;0.502084,0.13944376,-0.6287922;1.0081892,-0.663703,-0.1098801;0.83488566,-1.988325,-1.4221987;-1.0459834,0.89398557,0.11373634;-2.1462836,0.38252383,0.98362005;-0.16581537,0.64888483,0.4379564;-0.12814473,0.28942895,0.66125476;0.31113175,0.7547878,-0.37392804;0.09083916,0.15180716,0.657324;-0.24639943,1.2620233,1.3644518;0.48254928,0.33595318,-0.068465024;-0.23776141,0.69866365,0.41672406;-0.92302316,0.6605702,0.1090489;0.2951229,-2.3467708,-2.1716835;-0.3256749,1.2455466,1.3865849;-1.368181,0.8480779,1.4441172;0.19124591,-0.018393219,0.6941457;0.14019611,1.2906449,0.93834144;1.5530074,-0.61592394,-0.79401714;0.8002599,0.6670831,0.16972047;0.8084247,0.3349563,-0.15083772;-0.7574727,1.3862801,1.1852049;0.009773939,1.3565425,0.51185364;1.0048579,-0.09265697,0.1043051;-1.3770415,0.5872885,0.28003284;-0.79494,0.85573804,0.3344439;0.23592453,0.9672193,-0.5639985;-1.1169786,0.27228647,1.1745341;1.4124655,-0.2509045,-0.8821333;-0.6536915,1.4032322,0.93280095;-1.1973951,0.74636,1.2472025;-2.1908762,0.20185597,1.1485614;0.95428836,-0.5517152,-0.75767857;0.69647837,-0.20047851,0.013305288;-1.4977487,0.14691049,0.8918261;1.3475095,-1.1563836,-0.6265032;0.5045035,-0.3137605,-0.22373848;1.0495716,-0.21312763,-0.96010196;1.0043073,-0.8866629,-0.28300723;1.5986016,-0.909806,-0.8627563;0.5279215,1.1792663,0.6439306;0.043985825,0.6622017,0.55205345;0.824991,-0.41083345,0.43868598;1.1512737,-1.2962911,-0.8322452;-1.3131797,0.8018005,0.28162107;0.77458817,0.22673832,-0.84385806;1.0828874,-0.65543365,-0.79766506;0.6226328,-2.169726,-2.0041213;0.7815423,0.38634706,-0.6915235;-0.49777135,0.41679725,-0.22127998;0.13998568,-0.1479315,0.77069765;-0.36319992,1.0284516,0.32695028;0.6196623,-1.6243713,-1.2587724;0.2331178,-2.5027182,-2.0813825;1.1709347,-0.8709286,-0.3637555;0.8788898,-0.7450005,-0.84445184;-0.88723475,1.3740652,1.2496704;0.7365714,-0.0077617005,-0.53344744;0.66574854,0.15815292,-0.5023938;0.647084,-0.49779963,-0.680404;-0.018939653,1.0059323,0.76000214;-1.0344285,0.7606411,0.78992444;1.2473296,-1.2529216,-1.2610499;-0.05484361,-0.035410102,0.9505727;-0.022087311,1.3892022,1.1953428;-0.39685914,0.6491617,0.050242543;-1.8818485,0.08276556,0.8578547;0.042610243,0.57470965,-0.4544554;1.4088955,-0.27825332,-0.8890358;-0.16158627,1.5428028,1.2789136;0.4128939,0.31741795,-0.7440937;-0.52344376,0.78358716,0.6796918;0.17337929,1.2011845,0.784668;1.6168377,-0.612281,-0.9920721;-0.12787811,-0.086854696,0.90873057;-1.1909531,0.85266745,0.11578263;1.1436903,-0.9396378,-0.91360086;-0.6972954,0.46787682,1.1484284;1.5631214,-0.51942164,-0.61633354;-0.93794215,1.4030484,1.4762788;-1.244914,0.74807763,1.2509397;-1.2297853,0.11989439,0.76332855;1.2889414,-1.2953123,-1.0945197;1.0663533,-0.11405259,0.12069695;-1.835994,1.0713259,1.8160158;-2.0753608,0.034625344,1.0375192;1.0089144,-1.1465657,-1.6293521;1.3465859,-1.3229237,-1.4565849;0.15643951,0.9818564,-0.5079403;0.29224306,-0.20140438,0.67799604;1.0965345,-2.0567203,-1.3019979;-1.2950674,0.4514435,0.24921127;0.74801147,-2.00562,-1.6034096;-0.31644115,0.14831018,1.0540723;-0.32546845,0.09340754,1.0317605;0.020238211,1.3640579,0.93199664;0.97864825,-1.0064509,-1.2602592;0.7315498,0.22387256,-0.8432025;-1.4404104,0.06830413,0.8111719;-2.2058544,0.09136848,0.92989534;0.22656062,1.4469123,1.0266391;-0.6838376,1.3570641,0.975503;-0.079434715,1.4090822,1.1847844;0.26375273,0.5771246,-0.34367234;-0.47946265,0.39648467,-0.23903634;0.954786,-1.046913,-1.4463172;0.70564,-2.1608732,-1.660418;0.73632354,-1.4244725,-1.1437942;1.1054231,-0.8891902,-0.28953117;-1.49574,0.7362698,1.5140312;1.5393684,-0.3671216,-0.8447048;1.5860077,-0.6199594,-0.78623366;-1.2352723,0.68240446,1.5280455;-0.69060165,0.22467865,0.15645024;1.6249713,-0.51497215,-0.70318675;-0.7237572,0.12782079,0.15656154;1.3457861,-1.5983574,-1.1839912;-0.066024326,0.7241166,0.41122136;-1.3819094,0.71263885,0.28415447;-1.382871,0.8592963,0.36210445;0.24490099,0.9453482,-0.57168293;0.3967873,1.2182783,0.71173537;1.0858444,-0.30648777,-0.7728618;-1.7022916,0.010593443,0.87820387;0.21624269,1.293781,0.8364854;0.8063852,-1.1611457,-1.4456629;0.6486571,-2.2605095,-1.8704729;-1.4999541,-0.07153598,0.84895384;-0.67855847,0.4446388,-0.016121123;-1.5411397,0.9627746,1.627482;0.9633476,-1.1230693,-1.5897201;-0.25730556,0.016275993,0.966902;-1.0523809,0.5730914,0.9290142;-1.6416454,0.9794078,1.7155001;0.7397131,0.350865,-0.6496635;0.22024505,0.72478664,-0.31266132;0.8863088,-0.69642586,-1.0726099;0.98106784,-1.5520741,-1.7013507;0.64093053,-1.4011214,-1.4740831;-2.0079927,0.83021295,0.46532622;0.6817822,-2.210175,-1.8828316;1.4438653,-0.8573082,-0.7515459;0.34213236,1.3255507,0.86971736;1.0053953,0.0951059,-0.20188934;-1.0653515,0.2905445,0.06349399;-0.5786463,0.19106136,-0.13718486;-0.45490983,0.89878976,0.19987144;0.6747616,0.084295556,-0.65506864;-1.0945183,0.7994288,0.76484585;-2.1901755,0.08524065,0.97191477;0.9059748,-2.001425,-1.4215345;1.1721368,-0.6016668,-0.6134992;0.19613308,-0.09193887,0.7428958;-0.7600484,0.8065128,0.9401028;-0.015555691,1.3817356,1.2189014;0.14404206,-0.13040827,0.7995352;1.0392418,0.4636645,0.052296937;0.13021873,0.20494507,0.6223096;0.3078001,0.73674333,-0.40323126;-2.3622625,0.25767392,1.0869329;-2.05121,1.0443544,1.8884648;-0.699227,0.06418888,0.095214866;-1.5174484,0.10413896,0.945452;-0.116811655,0.5424928,0.6636108;-1.7746849,0.76418185,0.43085453;0.6269491,-2.2574835,-1.8488507;-0.9184968,0.30607003,0.6885363;0.70776635,0.07256304,-0.89964956;0.78515387,-0.20754792,-0.19016823;-1.3380438,0.81828105,1.395376;0.30181065,1.2191337,0.96995324;1.1016227,-1.2463944,-1.6656791;-0.20726015,1.7164176,0.9208962;-1.0530405,0.7018351,0.93257964;-0.37991893,0.8689714,0.7350483;-0.80935484,1.3655608,1.1648175;0.79759675,-0.82067853,-1.2670219;-0.5525708,1.3779514,0.7920216;1.1621705,-1.177479,-0.7204468;-0.79048246,1.4398143,1.1874267;-1.119707,0.09435682,0.6784133;0.43572962,1.1871825,0.7403166;-1.117074,0.7421929,1.330294;-0.14745922,-0.21912117,0.29629102;0.47556472,1.207725,0.8027072;-1.3509061,0.77618814,1.3218395;-0.68396145,0.7330131,1.0767231;1.223584,-0.72325593,-0.84637827;-1.9621302,0.9933795,1.8700843;0.9743064,-1.4004022,-0.9177324;0.86967814,-0.28312373,-0.06037538;-1.5612456,-0.056485128,0.8374291;0.6629747,-0.3576639,0.43731162;0.8708388,-1.2365717,-1.3010014;-0.90904355,0.82605,0.24599506;-0.0374513,1.3045379,1.2980042;1.6974828,-0.8524555,-0.94685;-1.2161497,0.05501504,0.7011963;-0.48690245,1.1274611,0.86293423;-1.7331172,-0.0859855,0.913174;-1.0420384,0.6042442,0.11700294;-0.45164967,0.34497824,-0.27170947;0.3354228,0.59755373,-0.26114613;0.8176115,0.22787629,-0.68434197;-2.120077,0.37388888,0.9912963;0.7220451,-2.2226446,-1.6166972;-0.87016857,1.3953028,1.2458616;-0.2871002,0.83678293,0.41532004;1.1481292,-0.23144431,-0.7484494;-0.9170432,1.3889775,1.4790056;0.63819575,-0.43015063,-0.64300746;0.8210692,-1.6435386,-1.6964732;0.93868196,-0.20512055,-0.069353156;0.5080324,1.1661106,0.7737686;0.7593067,-0.3750044,0.4506928;-1.9290324,1.051498,1.8493068;0.32363674,0.2137,-0.6736781;-0.3403397,0.69130737,0.40557355;-0.09355357,0.10620805,0.4396509;-1.1515384,0.847179,0.084791504;0.79703647,-2.1571405,-1.8350714;0.5858441,-0.02729154,-0.238286;0.8459983,0.18310818,-0.20084248;0.19234091,0.7926031,-0.1797479;1.0064812,-1.1442074,-1.6569014;0.29934397,0.9038405,0.5638442;0.12825611,1.3418114,0.9115277;1.5190878,-1.5678381,-1.4400232;-0.6693054,0.8414302,0.9903924;-1.6177679,0.97579616,1.6501658;-0.59669465,1.2252868,0.8476211;0.7734276,-1.391406,-1.5094647;-0.62792027,0.3754933,1.1866773;0.32013848,-0.115721405,-0.14451253;-0.036015898,1.3077437,1.2972158;-0.07469178,0.19289644,0.551526;-0.6414387,1.0543444,1.2772251;0.66125965,0.6411684,-0.6171786;0.91801727,-0.5981919,-0.80038434;-0.40317243,0.17989923,1.0706;-2.396228,0.22467084,1.0401388;0.77196455,-2.0283499,-1.4744471;-1.0628558,0.5907095,0.87695783;-0.00954207,1.0849293,0.84117746;1.046275,-0.2141538,-0.016105855;0.076766014,1.1256721,0.91890776;1.4386144,-0.813466,-0.76959527;0.5242739,-2.2492192,-2.0886383;0.2528596,-2.4753995,-2.1044397;-0.5554008,0.3452238,1.1392621;-1.5789678,-0.17716816,0.75358033;-1.232156,0.70936435,0.143577;-0.17828959,1.3511398,0.34527037;0.29386413,1.2135195,0.7196947;-0.3289167,0.12028822,1.0341132;0.5820714,0.5429203,-0.5236553;0.9785528,-0.53867954,-1.0747442;1.2004002,-0.5165343,-0.59616303;0.24374121,0.19801593,-0.49669898;0.114652924,0.3344381,-0.22853021;0.8911367,-1.4491829,-1.6923143;-0.7545853,0.81329167,0.02751772;-0.10642367,0.3175781,0.15765335;0.9013554,-0.7588197,-0.21363695;0.99208707,-0.5096743,-1.0795026;0.96077174,-0.41990772,-1.0971653;0.4711921,1.1554102,0.66154206;0.16716719,-0.15535313,0.75920624;1.0657849,0.29075027,-0.62392867;0.92050576,0.19648342,-0.0142444875;1.2468476,-1.1307319,-1.2460985;0.90290284,0.2701647,-0.8341001;1.3328375,-1.0677108,-0.8250073;-0.4957318,1.2228343,1.3572396;-2.0446708,0.02525747,1.0024755;1.0589536,-0.8954542,-0.93513143;0.76247674,-2.3109431,-1.916501;-0.040117923,0.12383111,0.28020436;0.75480103,-0.24639764,0.023439225;0.9900706,-1.6164432,-1.0607647;-0.7200308,0.8451351,0.8992769;0.3432001,0.27184215,-0.26044735;-0.5007128,0.46308234,-0.20999895;-0.14369433,0.1181829,0.756734;1.2019533,-0.8230624,-0.55917126;0.9011595,-0.88966936,-0.6305057;-0.2180671,1.398697,0.54621357;0.31802776,0.52118975,-0.23216851;-2.0853283,1.1280332,1.9029161;-1.7556043,0.89118624,1.7376124;1.3307385,-1.1110822,-1.4760114;-2.0520668,1.1194563,1.89819;0.7526084,0.29051718,-0.7815104;-0.5605575,0.41746917,-0.03340213;-1.1918525,0.73178476,1.2483326;0.5687042,-0.28353444,0.46145508;1.2534798,-0.8811074,-0.44603938;-1.024031,0.1398031,0.66643155;-0.9012382,1.4372431,1.3924383;-0.46769872,0.5743721,0.038031362;0.40089476,-2.5302143,-1.9716797;1.3540411,-0.70860755,-0.47100314;1.0416219,0.4850018,0.058793623;-2.0493474,0.3451524,1.1779077;-1.8747224,0.0023321996,0.94189095;-0.1508332,0.04727234,0.9951718;0.3371288,0.82082087,-0.5319663;1.1523198,-0.7980534,-0.18811718;0.18316013,1.2270625,1.0063441;1.6747864,-0.6581403,-1.0135866;0.03729836,1.4583447,0.9696416;0.13548326,-0.28528744,-0.067208886;0.85023606,-1.4620091,-1.5841501;-1.6896445,0.76891387,1.6579294;0.120737724,0.58723396,0.0019350426;0.14968444,-0.17936866,-0.3287361;-1.4960852,0.87417895,1.550951;-1.424012,0.122372635,0.8293174;0.784646,-1.2548654,-1.4396082;0.9670566,-1.691673,-1.1996738;1.6243654,-0.52578807,-0.7005882;-0.8287641,1.304989,1.485183;0.67179924,-0.5362936,-0.68890184;0.5456198,-2.4236896,-2.0343764;0.09282734,-0.26814908,0.6281951;-0.64646375,0.1923301,-0.12327429;-0.6178977,1.2316757,0.90462875;0.37229443,-2.199254,-1.9463316;-1.122247,0.82139695,0.72685933;-2.000553,1.1190584,1.8897789;-0.044652887,-0.039358795,0.9538348;0.93896073,-1.8927923,-1.3539382;0.9430258,-1.4044743,-0.9408076;0.85685027,-1.6676202,-1.3686196;0.6378316,-2.043304,-1.6977806;0.9952192,0.063038126,0.057242177;0.7712181,-0.3885092,0.44387245;0.17105061,1.3559752,0.4056774;1.3891176,-1.3676062,-1.3178871;-1.0613449,0.6921034,0.8516269;0.22502077,0.7430742,-0.41685596;0.8913895,-0.97443944,-0.99389035;1.3334994,-1.6561183,-1.1850003;-1.1894432,0.89209473,0.11542189;-1.4384376,0.7808584,1.4322687;0.4002002,-2.3651834,-1.9165498;0.38748235,0.96126723,0.48471415;0.4162662,-0.31444967,-0.22093178;1.0166489,-0.5225497,-0.0053601484;0.035570864,-0.14123437,0.8440464;0.48139912,1.1269679,0.5175244;0.9104759,-0.46158937,-0.01969232;1.1137649,-1.1288168,-0.70775735;0.56516856,-0.29743624,-0.24714768;-1.933156,0.8151758,0.4515469;0.73633087,-2.0613418,-1.6291924;0.95780665,-0.85173166,-1.1620479;-0.18829034,1.3594897,0.36694607;-0.33082482,-0.12912463,0.2998675;-0.5954404,1.2120678,1.4770591;-0.5805538,0.78690803,0.4015341;-0.73923004,1.0045742,1.0275884;0.90397763,-1.817167,-1.8412875;-0.3069309,-0.009365114,0.38064528;-0.48724997,1.4296694,0.7318692;0.056950595,1.2933228,1.2645388;-1.6703256,0.084509835,0.96795154;-0.39359632,0.6682702,0.5118237;-0.84718645,1.4811058,1.3050475;-2.0643613,0.31475803,1.0552205;1.2601794,-0.86271983,-0.43134397;-1.5735873,-0.10257027,0.78222513;1.4258657,-1.6536397,-1.2001634;-0.9039889,0.377042,0.4541487;-2.1191757,0.06824682,1.0357813;-0.62539244,0.33906522,1.2149246;-0.6540161,1.325623,0.9706682;0.15809065,0.566419,0.17861433;0.13594088,-0.2570619,0.58024985;-1.5970283,0.15303275,0.88675106;1.4683105,-1.4996697,-1.4561301;-0.5740286,1.2445756,0.8843456;-0.7839332,1.4735471,1.2388171;-1.517837,0.78655636,1.6385065;-1.832649,-0.011874534,0.935917;0.1272381,0.8605116,-0.2616603;1.3862256,-1.6135339,-1.5318056;0.9749866,-1.6178819,-1.7677007;-0.41708237,0.24148996,1.0768123;0.7615319,-0.6683717,-0.21925539;0.7767489,-1.3229916,-1.035049;0.24609917,-2.473104,-2.1542606;0.11938136,0.44629675,0.082053445;-1.2205316,0.55337924,1.4988683;-0.92036915,1.4315999,1.4275198;1.2672923,-1.2376531,-1.3013434;0.90682983,-0.43765855,-0.071108416;0.29958993,-0.22621122,-0.15531798;-0.41871783,0.72646606,0.03109818;-1.6883434,-0.07076988,0.9045196;0.6523903,-0.4117787,0.37724337;0.9000462,-1.299683,-0.95859057;-1.2488788,0.5399192,1.5167584;0.69037473,-2.155462,-1.671636;-1.6632806,0.7062875,0.36998937;0.7088091,-2.4765184,-1.9302273;0.7456516,0.029960394,-0.84992135;0.34533805,-2.3030047,-1.9978372;1.655065,-0.3694781,-0.8533753;-0.02562128,0.09336563,0.48046693;1.0948719,-0.14535227,-0.08816732;1.1846398,0.022028258,-0.2964124;1.3249989,-0.8520064,-0.7409609;0.65846634,0.2894036,-0.08209323;-1.6714427,0.8565702,0.42123595;0.15305531,-0.16179414,0.7622944;-0.41564026,1.0303915,0.26388937;1.0448093,0.19392304,-0.6116679;1.0435767,0.22318119,-0.6143078;0.7498354,0.055646818,-0.1814243;-0.99353343,0.51143175,0.8307668;-1.026938,-0.050638147,0.6886336;-0.22670467,0.63974893,-0.289565;0.6813461,-0.4036871,0.3504666;0.9731827,-1.8153018,-1.1039411;1.1052114,-1.7077107,-1.0979367;0.2847846,0.1386038,0.054117456;-0.16310279,0.019887509,0.90276635;1.0685161,0.2774057,-0.6227619;-0.500287,1.228696,1.4184716;1.5142816,-0.4966602,-0.82684326;0.039797757,1.3594135,1.1811924;-1.4443761,0.11295457,0.8817309;-1.0989795,0.3325106,0.10330046;-1.9659873,0.8182152,0.45847282;0.0673165,-0.16806926,-0.033662222;0.7083516,0.24794301,-0.22850022;-0.3818308,0.3235154,-0.2984124;0.9394003,-0.72705466,-0.025909571;-0.53185976,0.33191115,1.1270052;0.57210934,-0.3138361,0.47442982;1.2726475,-1.0681752,-0.53074014;-1.8159715,0.8595501,1.7645996;0.26456276,1.2351698,1.0130529;-1.3627882,-0.030680152,0.7427586;1.0989469,-1.6972529,-1.3423045;0.7553557,0.20185512,-0.16914381;1.293338,-1.4119706,-1.5020447;-0.07241958,0.17865379,0.36416015;-1.8677741,1.0900202,1.8780286;1.1800153,0.054766435,-0.29329166;0.96861637,-0.14560193,-0.87986445;0.4204335,0.17945354,-0.24098152;-1.4994533,0.6988863,0.3217073;-0.21213305,1.7283738,0.9121315;0.21628387,0.39248046,-0.6570798;0.17618297,0.09600222,-0.1077856;1.2028444,-1.013078,-0.6895465;1.5202636,-1.6628094,-1.2230574;-1.8298703,0.14047496,0.72498643;0.20001939,-2.470322,-2.189014;-0.846397,0.9029816,0.10463009;0.98634994,-0.44184545,-1.0531929;0.9328654,-0.9915177,-0.65551513;1.0340004,-0.2586398,-0.03473355;0.32604504,-0.16654098,-0.554199;0.2358952,0.2213946,-0.4298053;-0.31926352,0.07650306,1.0022521;0.9179605,-0.73949677,-0.040026225;-1.6632806,0.7062875,0.36998937;0.12363273,-0.13483936,0.76516706;1.1714394,-0.34112558,-0.33534455;0.90231997,-1.0968283,-1.2471381;0.6478953,0.2202754,-0.76929677;-0.48453403,0.60759944,-0.22621015;0.7297773,-2.1516728,-1.6393545;1.4138867,-1.3846353,-1.4268234;0.51629686,0.3594528,-0.092989676;0.42075542,0.2611418,-0.8092912;-0.93241,0.32330772,0.48249656;-0.11750603,0.26012725,0.6114548;0.79045105,-0.359235,0.4684861;0.5631288,0.10694506,0.14860898;0.64027196,-2.3798838,-1.9565843;0.13901798,0.8608962,-0.35981914;-0.42438814,1.426845,0.68585676;-0.43466932,1.2448386,1.3706524;0.45412812,-2.3648922,-2.0945039;1.0691977,-1.1812557,-1.2908766;-1.5236688,0.677968,0.32615262;-1.44061,0.13277239,0.64249814;-1.2115171,0.6271672,1.5343174;-1.3969648,0.82210696,1.5768088;-0.9881768,0.20902814,0.67405677;-1.9326233,0.8223538,0.44935855;-1.343614,0.7638019,1.3310772;0.85589087,0.1412814,-0.2620539;-1.7503676,0.16265431,0.962027;-2.0220857,0.98544186,1.8722183;1.2008383,-1.6410378,-1.4576817;0.78556097,-0.19975045,-0.5690398;0.7131273,-1.0829245,-1.4918559;0.7696438,-1.7268363,-1.8308662;1.0626503,-0.93009067,-0.91642094;0.53547865,-0.45600125,-0.6026942;-0.59634894,0.7859128,0.38966152;0.33236086,1.3124137,0.923281;0.3102727,-2.4605308,-2.1522424;1.1796042,-1.7116923,-1.1469145;0.2952606,-0.18864447,0.67122865;1.300876,-1.1464667,-0.56005114;-0.047518883,0.7966659,0.70155483;1.0757918,-0.31329513,-0.98833543;0.7200086,0.1784504,-0.042651966;-1.1511356,0.8669295,0.27704147;0.51808727,1.1614313,0.6220042;-0.7105612,1.330836,1.040299;0.66688526,-2.075336,-1.9954664;0.7675579,-0.53635985,-0.6279889;-1.6221032,0.7706602,1.6344616;1.0496248,-1.0115743,-0.5120658;-1.2801732,0.75101185,1.4732958;0.11577368,1.3140216,1.1532149;-0.697944,0.47327513,0.09714118;-1.6720448,0.25779048,0.8729178;-0.548536,0.8671165,-0.046729203;0.88817155,-0.06345603,-0.9029577;-0.50065714,0.5860197,0.05681399;0.7809704,0.6784459,0.1764359;-2.203726,0.10399684,0.92344;-0.9208069,0.64577687,0.038583275;-0.95988184,0.72995484,0.2228963;0.03741675,-0.18704034,-0.011165621;1.5752794,-0.8066631,-0.7411154;-1.4140519,0.16664104,0.6049458;0.6460989,-1.7168928,-1.3001245;0.8371436,-1.9125997,-1.8838203;-1.1930232,0.7520647,1.4326341;-0.03117264,0.026471093,0.36475652;1.5951189,-0.9897943,-0.88875586;-0.19020142,0.7829678,0.42400256;-0.09411536,0.30882677,-0.37650934;0.28998977,0.65455204,-0.40730223;0.011376777,-0.20653524,0.0026819787;-0.30205557,0.86575854,0.5389346;1.0512962,-0.113585085,-0.36804727;-0.46987888,0.62926024,0.06116126;0.8702504,-1.5741423,-1.7287967;-0.82044095,0.856274,0.9662399;-2.0038757,0.1671767,0.77880234;-1.874747,0.12530857,0.945613;0.613416,-2.1457255,-1.720812;-1.4957349,0.89278406,1.5922357;-0.26316348,0.79395944,0.70685166;-2.1352859,0.031016968,0.90557534;-0.8168966,1.4262444,1.1970305;0.075058825,1.3481841,1.1885067;0.5537482,0.12201933,0.1818264;0.545591,-0.36728218,-0.3518832;-1.2518258,-0.06178396,0.71628135;-0.55747586,1.2477865,0.878962;-0.3166358,0.9455731,0.37629464;-0.6556427,1.1745691,1.5377947;1.061442,-1.1755228,-1.3987931;1.1800581,-0.6341627,-0.7398152;-0.28763837,1.2929889,1.099681;1.2437102,-1.1289915,-1.562683;0.96660924,-1.0212867,-1.5843574;-1.2260222,0.3852624,0.2340392;0.89098054,-1.4085053,-0.9012296;0.4408045,-0.3627822,-0.4241387;0.70555097,-1.7082394,-1.831654;1.0463657,0.47017127,0.05184438;0.18558311,0.57253367,0.08492874;-0.8675102,1.4650061,1.3217067;-1.0593883,0.86336136,0.25044096;-1.3436433,0.60366464,0.2668051;-0.7805836,0.47105232,0.022570506;0.5161387,-2.312718,-1.887772;-1.9828211,0.16275056,0.7676294;0.8683984,-1.3336513,-1.7248822;-0.5030695,0.6134616,0.024238937;0.6663923,-0.08657663,-0.75297946;-1.5303941,0.63204604,0.3184892;-0.59372,0.5394136,1.091186;-0.87307304,0.5046643,0.004017906;-0.5872699,1.3928396,0.81219447;0.5268824,-0.46506378,-0.48219156;-1.1591058,0.71536267,1.1811388;0.013558926,1.4005085,0.9697389;0.3177241,-2.3719673,-2.0289376;-0.8612552,1.3728235,1.2814378;0.091152154,-0.0178187,0.53423727;0.79261124,0.23499729,-0.74589545;-1.5650632,0.21477886,0.85941184;-0.63647103,1.050248,1.2467315;1.3148475,-1.1719359,-1.5075395;0.80380535,-0.18801162,-1.0260755;-1.1163789,0.8444407,0.13702169;0.12974711,-0.028816551,0.013465053;-0.33984497,0.1379864,-0.14442639;0.6797217,-2.1036305,-1.9930165;0.19188915,0.9521095,-0.5235786;-0.32537133,0.83618295,0.39651418;1.012929,-1.1237985,-1.6300546;0.8121455,-1.5033034,-1.5427121;1.2432463,-1.0516949,-0.6018799;-0.123491004,1.3661437,0.48384422;1.2738631,-1.7292957,-1.1067402;-0.743061,0.5274328,0.05244121;0.81413686,-1.9078232,-1.3808764;0.14698888,1.2293795,1.073085;0.41963133,-2.370846,-2.0965247;0.59566474,-1.8166648,-1.8528618;-1.756973,0.9504627,1.7474604;-0.91013396,0.20958272,0.08515506;0.2260015,0.36717415,-0.66847825;0.7024672,-0.2466696,-0.69566697;0.19949102,1.5150888,1.0715495;1.045079,-1.814972,-1.1147412;0.3096089,1.3654007,0.918144;-0.49200192,0.96804965,0.8345311;-1.2746708,0.5731696,0.29547077;0.3466909,0.27180514,-0.2175003;-0.37495196,0.8768277,0.20837487;0.66165113,0.010409381,-0.9156527;0.847687,-1.7541641,-1.8158177;0.87407225,-1.6936172,-1.372467;1.3339587,-0.8346425,-0.8123181;-1.9267399,0.26170084,0.9882453;0.8021325,-1.1925555,-1.2914447;0.819227,-0.3563271,-0.5728269;1.1046339,0.17850916,-0.294229;-1.4113411,0.17801315,0.7959574;-0.6540416,1.2089757,1.4902736;1.63187,-0.5646692,-1.0098592;0.23529159,-2.4273221,-2.2023606;0.46271494,0.14694023,0.0040841135;0.7541701,-0.16100435,-0.61927205;0.50377756,0.4416647,-0.07769653;0.8730444,0.19274867,-0.64550954;1.597475,-0.75684184,-1.290199;0.36636448,0.894844,-0.3406087;0.91239375,-0.0113977445,-0.1966522;-2.3586185,0.26008138,1.0815858;0.1912679,-0.16833189,0.6903965;0.33261034,0.07906623,-0.5550778;-0.37241027,1.2454062,0.34147847;-0.9579901,0.7594221,0.87407434;-2.126743,0.077137336,1.0477892;0.7027637,-1.6609635,-1.8302563;-0.13315494,0.50796026,0.3048535;0.05798856,1.3515186,0.45288023;1.3241333,-1.6963075,-1.5874997;-0.25058252,1.2981843,1.1576896;0.2549944,1.4416096,0.9159824;-1.0773078,0.741621,1.3870873;1.0116465,-1.9021633,-1.4457582;0.3657529,-0.11866386,-0.16582152;-2.390396,0.2476954,1.0714997;0.80238605,0.24136615,-0.7210416;-0.8308041,0.70991963,0.099606894;-0.10596759,1.2978038,0.5568419;0.77209663,-1.467148,-1.0744116;-0.6095331,1.2050953,1.5026073;0.23587196,-2.4477308,-2.190362;1.1658458,-0.8133113,-0.20315775;0.103027284,-0.06435335,-0.3519125;-1.4586135,0.81469655,1.5705085;-1.3583884,-0.031638186,0.7409611;0.8510842,-0.41542423,-1.1479151;0.9762249,-1.4031295,-0.96304137;1.0353179,-1.1443797,-1.500552;0.574727,-0.24455826,0.3793622;-1.5721775,0.8426916,0.38947627;0.7445373,-1.4412917,-1.0803825;0.95145553,-0.83218175,-1.1398311;0.52797663,0.24544035,-0.076344095;1.4929445,-1.0515718,-0.81355774;-2.3641253,0.26052356,1.086812;0.27803272,0.21401064,-0.5410058;0.5216636,-0.021243615,-0.73407555;-2.0658176,1.1406826,1.9029902;0.18661253,-2.5369172,-2.1420407;0.9052084,-0.7538412,-0.22409864;1.2301222,-1.884529,-1.1503615;0.86976445,-0.9989841,-0.9932057;0.31365952,0.28590557,-0.20607083;1.0689155,-1.0246558,-1.3086368;-0.12210441,0.15491988,0.7667958;-0.20293443,1.3502324,0.3792631;0.6631948,-0.282818,-0.67363524;0.67005616,0.72526217,-0.6078366;0.7601096,-0.33620343,0.01397969;-0.33371428,0.13953502,1.0429634;-0.07310292,1.1423503,0.8616699;0.5547629,-0.29328984,0.5309333;-1.0564793,0.6519988,1.1228441;1.8022636,-0.65472525,-0.7620197;-1.0226846,0.85239685,0.22773743;0.7790649,-2.3599625,-1.9460036;0.40476424,1.2786847,0.8201251;1.4007709,-1.3602804,-1.3469281;1.4088049,-0.776177,-0.7604015;-2.1170967,0.37294897,0.9911285;0.22371055,-0.20642486,0.53710955;1.1294597,-0.12424814,-0.11472391;-0.6851751,0.19951494,0.1579251;-0.5300305,1.370186,0.77446765;0.7917707,-0.740018,-0.28196478;-2.0905848,0.30746546,1.0735751;-0.6043108,1.3930826,0.8382506;0.8063163,-1.636987,-1.7874079;0.6547543,0.28154087,-0.29734364;-2.1652498,0.11030398,0.92712057;0.42353457,0.308274,-0.6857907;1.0432705,-0.010062885,-0.1914092;1.1460665,-1.7753686,-1.246851;1.5356466,-0.5470994,-0.8343408;0.13187316,-0.18431713,0.79727566;-0.25014254,0.8166978,0.7083824;1.407549,-1.2630206,-1.3944857;1.1707906,-0.9126131,-1.1039472;1.231853,-1.0810962,-1.159229;-0.25865257,-0.0028734591,0.9730212;0.40594703,-0.23184025,0.61453235;-0.6462242,1.2971171,0.95517707;0.4368183,-2.239298,-1.9992903;0.6689838,-2.180722,-1.9001285;0.13078262,0.5899959,-0.0050391685;-0.10632826,1.351922,1.2823437;-1.0322124,0.12145979,0.6703732;0.2545301,0.16513647,0.06523223;0.23871574,-2.478806,-2.176442;-0.1116136,1.2803211,1.3272578;1.1864176,-0.7198051,-0.8952188;-0.9770462,1.3647178,1.528749;1.2398452,-0.33222255,-0.49656767;0.5030781,-0.41991317,-0.2338533;-1.056192,0.90761197,0.3020799;-0.2761239,0.8484044,0.33079058;-0.82633936,0.12285216,0.5300021;0.33370528,0.6069666,-0.013218887;0.9573362,-1.0126973,-1.5995709;-2.1076987,0.15700777,0.8483579;-1.859833,0.87397075,1.7979039;0.9188946,0.11971768,-0.29854023;0.801939,-0.051749703,-0.63072515;1.5448031,-1.5755054,-1.4180734;-0.6122383,0.59322166,1.0668828;0.9448638,-0.7824749,-0.23113206;1.6837794,-0.66513747,-1.0316259;0.87089396,-0.7632459,-1.1429044;-2.064983,0.34024563,1.1264843;-1.5232526,0.9372682,1.5614061;-0.9680683,1.3533349,1.5090133;-0.27862793,-0.04727458,0.3797811;0.804511,-2.2398765,-1.9321538;0.6639575,-0.36055702,-0.20841226;-0.1893594,0.4501641,-0.24251258;0.32391322,0.5275395,-0.09697968;-0.5149547,0.74430096,0.63282657;-1.0691072,0.6186189,1.0008646;-0.09536778,0.20577973,0.6892645;0.7787141,-0.893291,-1.3313241;-0.6467273,0.8283115,0.3853815;-1.098966,0.8100575,0.7529845;0.881838,0.33824718,-0.09454322;-1.6697687,0.79268605,0.5301894;0.5371086,-0.4199155,-0.39008072;0.63556,-0.7127719,-0.5409277;1.1654696,-1.523025,-1.1807353;0.051365085,1.3267916,0.9950347;1.2269019,-0.1386749,-0.47930008;-0.9403292,1.3957888,1.4833183;0.96357185,-0.66440135,-0.8063595;0.8448192,-1.5811043,-1.498945;0.09121797,0.5222372,0.15834174;1.0245557,-1.8360044,-1.382759;0.1865555,-0.2184595,0.74389416;0.18011558,1.1398611,0.91599077;0.3421671,0.9703212,0.5205248;0.8687253,-1.511333,-1.7160193;-0.084287815,0.55989033,0.19102019;-0.10211335,1.2779437,1.3166176;-0.25824183,0.08953095,-0.16506472;0.76949424,-0.14003727,-1.0154313;0.44677553,-0.0008889855,-0.74699384;-0.10871027,0.322244,0.637588;0.107604,0.52748525,0.16801463;-1.6860553,1.0363392,1.7365453;-1.9227872,0.062101386,0.8787115;1.4227238,-0.7794662,-0.7791038;1.154827,-1.0457312,-1.2869037;1.5317613,-0.41585448,-0.95621544;-0.075649686,0.32619935,-0.3752956;0.92028606,-1.6825563,-1.2833221;1.0241878,-1.7878015,-1.3705688;0.59179354,-0.29213423,0.3565954;-0.8059715,1.43326,1.2057276;0.274744,-0.3658372,-0.31946555;0.29938725,-2.4138942,-2.1457682;0.977883,-0.097069584,0.07302759;1.1656862,-1.514049,-1.2838324;-0.24370304,0.1869599,0.40784726;-0.3176075,0.11449246,-0.14377551;1.0488468,-0.22218813,-0.96762806;1.744128,-0.40354684,-0.914754;0.710972,-1.6778195,-1.8235021;-1.884233,0.801319,0.44381616;-1.6945769,0.7242138,1.6420026;-0.86112577,0.18159169,0.07404877;-0.21548699,1.3589075,0.38691658;-0.7137667,0.7481316,0.71969706;-0.14689434,0.21347,0.15111765;0.7559355,-1.8632306,-2.0096927;0.9067901,-1.6010746,-1.2161896;0.8125713,-0.32861134,-1.0889126;0.1058816,0.07699052,-0.1160032;1.1726786,-1.5955163,-1.353311;-1.0139776,0.86026025,0.088101126;1.0223635,0.21100959,-0.6197631;0.87356246,-0.054173544,-0.18966612;0.11946737,0.8619591,-0.3437738;1.1234267,-0.7501705,-1.061327;0.84431267,-1.4323705,-1.2923672;1.5987635,-0.7480241,-1.2845973;-1.8886979,0.7954508,0.44747236;-1.3415909,0.9126149,0.3973403;-2.155086,0.36385822,0.999348;-1.8950281,1.0990658,1.8629724;-1.8580457,-0.013570474,0.91415924;-0.2659325,0.5782487,0.05612473;0.029655423,0.6087908,-0.10513666;-1.8613484,1.0740579,1.8284587;1.6077754,-1.0253904,-0.9034379;1.453258,-0.58644825,-0.44987068;-1.3523258,0.76399416,0.1854072;-0.033226475,0.5698167,-0.13976641
