data_set
babi-q1
num_classes
6
data_points
1000
model
saved_models/babi-q1-e0127.ckpt
color_schema
#4E79A7,#F28E2B,#E15759,#76B7B2,#59A14F,#EDC948,#B07AA1,#FF9DA7,#9C755F,#BAB0AC
test_accuracy
0.852
test_loss
0.4781642365455627
train_accuracy
0.92825
train_loss
0.197447118639946
val_accuracy
0.8845
val_loss
0.3698373643159866
labels
12,9,15,12,15,12,11,12,17,17,15,11,17,10,10,15,11,15,17,15,12,17,17,12,10,10,10,15,15,15,12,17,15,15,9,17,9,11,15,10,9,11,9,12,11,15,12,9,17,10,10,17,11,11,15,10,15,12,11,12,12,17,9,11,11,15,15,9,17,17,11,12,11,10,9,15,15,15,12,17,11,9,10,11,17,11,11,12,15,15,9,9,12,9,9,15,15,15,10,10,10,9,17,11,11,12,10,9,17,10,9,9,15,12,15,11,17,15,9,17,10,9,10,12,10,17,11,11,11,9,11,12,9,11,15,9,17,15,9,9,17,12,12,17,10,15,15,15,15,15,11,11,9,17,10,9,11,10,17,12,10,10,10,11,9,11,11,11,15,10,17,17,11,9,9,17,15,10,17,17,12,12,12,12,10,9,17,11,15,17,12,15,11,12,12,11,17,15,9,10,12,17,17,10,12,9,15,12,9,12,9,10,12,10,9,10,9,12,12,9,9,12,15,12,10,17,12,11,9,9,17,11,12,17,12,10,10,10,10,17,12,15,11,11,15,15,11,11,11,11,10,17,9,9,10,10,17,17,15,11,11,17,12,17,17,9,11,10,9,10,15,17,17,15,9,17,15,12,17,9,9,11,17,17,11,17,9,17,11,9,15,15,10,15,15,11,11,12,12,9,9,9,9,17,12,11,9,17,17,15,11,11,17,10,11,17,10,17,17,11,11,15,15,11,11,9,10,11,11,10,15,17,15,10,10,17,12,17,12,12,12,11,17,15,11,17,12,12,15,15,10,11,11,10,10,9,17,12,11,12,11,9,11,11,11,11,11,12,12,12,12,12,11,11,17,10,15,9,9,10,9,10,10,17,17,15,17,17,17,15,15,12,9,10,17,17,10,17,9,11,10,11,10,15,17,15,12,10,11,15,10,11,9,12,17,10,10,15,12,9,12,12,9,12,10,15,15,17,10,10,17,15,15,15,17,11,15,9,10,11,10,12,9,11,10,11,10,12,11,15,15,15,15,11,9,15,10,12,11,12,9,11,10,17,11,11,10,10,10,17,12,17,17,9,15,11,9,15,11,9,10,10,12,12,11,10,9,12,10,9,15,10,10,11,11,15,15,10,12,12,15,11,9,12,9,15,10,17,17,10,10,17,10,10,17,9,9,10,12,11,17,17,12,12,11,12,17,11,11,12,11,11,11,17,9,11,10,12,12,10,11,17,12,12,15,11,15,15,12,10,10,9,17,10,15,12,15,10,10,10,11,10,11,15,10,9,9,15,10,10,10,10,15,15,17,9,10,12,10,10,12,12,11,15,10,10,11,12,10,10,17,12,17,11,9,9,17,17,11,10,10,10,15,15,17,11,15,12,11,10,15,17,9,11,9,17,15,12,15,17,11,17,17,15,9,10,9,9,10,10,9,10,10,15,11,11,11,15,12,9,11,11,10,17,11,11,12,17,15,15,9,11,15,15,11,9,15,15,11,15,15,15,11,10,10,9,17,17,17,17,10,10,17,9,15,9,17,12,12,12,15,15,15,17,9,11,9,17,9,12,11,9,9,17,11,11,11,10,15,10,12,12,9,9,17,12,12,9,17,12,11,11,15,15,12,11,12,17,12,17,11,12,11,17,17,11,17,9,11,9,10,10,12,17,10,12,9,9,9,15,11,11,15,17,9,10,9,12,17,15,17,17,12,10,12,11,11,17,15,9,17,10,9,11,12,15,9,15,12,10,9,10,17,17,15,15,9,9,9,17,10,17,17,9,12,17,17,12,12,11,11,11,11,17,11,17,17,17,17,17,12,9,17,10,17,11,10,10,12,12,11,11,17,12,12,17,17,15,11,17,11,11,9,12,9,17,9,10,9,15,11,9,11,15,10,9,9,9,17,12,11,11,17,15,15,10,10,11,11,17,10,12,9,10,10,10,10,10,15,17,9,11,17,15,12,11,10,10,15,12,10,11,12,12,11,11,11,15,12,17,10,12,17,17,12,10,10,12,17,10,11,17,11,12,17,17,11,12,11,17,9,9,11,17,11,11,15,15,17,17,10,10,17,12,11,15,12,11,11,10,9,12,12,15,10,9,17,15,17,9,17,17,10,17,15,12,12,11,10,10,10,17,17,15,12,17,9,9,15,10,12,15,15,15,17,17,15,11,15,10,12,9,9,10,11,11,9,9,12,15,9,15,9,12,12,10,17,17,10,12,15,9,10,17,11,11,11,17,9,9,11,15,11,11,11,15,12,17,9,10
pred_labels
12,9,15,12,15,12,11,12,15,17,15,11,15,10,11,15,11,15,15,12,12,17,17,12,10,10,10,15,15,15,12,17,15,15,9,17,9,11,15,11,9,11,11,15,11,15,12,9,17,10,10,17,11,15,11,10,15,12,12,12,12,17,9,11,12,15,15,12,17,15,11,12,11,10,9,15,11,15,15,17,11,9,10,15,17,11,11,12,15,15,9,9,12,9,9,15,15,15,10,10,10,9,17,11,11,12,10,9,17,10,9,17,15,12,15,11,15,9,15,17,10,9,9,12,10,17,11,17,11,9,11,10,9,11,15,9,17,15,9,9,17,12,12,15,10,15,15,15,15,11,11,11,9,12,10,9,11,10,17,12,10,10,10,11,9,11,11,15,15,10,17,17,11,9,9,17,15,10,17,17,12,12,12,12,10,9,17,11,15,17,12,15,11,12,11,11,15,11,9,10,12,17,12,10,10,9,15,12,9,9,9,10,12,10,15,10,9,12,12,11,9,17,15,15,10,17,17,11,9,15,17,11,12,17,17,10,10,9,10,15,12,15,11,15,15,15,11,11,9,11,10,10,9,9,10,10,17,17,15,11,11,17,12,17,12,9,11,10,9,10,15,17,17,15,15,17,15,12,17,9,9,11,17,12,11,17,9,9,11,9,15,15,10,15,15,11,11,12,12,9,9,9,15,17,17,11,9,17,9,15,11,11,17,10,10,17,10,17,15,11,11,15,15,11,17,9,10,11,15,10,15,17,15,10,15,17,12,9,12,10,12,11,17,15,11,17,17,12,12,15,10,11,11,10,10,9,17,12,11,12,11,9,11,11,11,11,11,12,12,12,12,12,11,11,17,10,15,9,11,10,9,10,12,17,17,15,17,17,17,15,15,12,9,10,17,17,10,17,9,11,10,11,10,15,17,15,15,17,17,15,10,11,9,12,17,10,10,15,12,9,12,11,9,10,10,15,15,17,10,10,17,15,15,10,17,11,15,9,10,11,10,12,9,11,10,11,10,12,11,15,15,15,15,11,9,15,10,12,11,12,9,11,10,17,11,11,10,10,10,17,12,17,17,9,15,11,9,15,11,9,10,15,12,12,11,10,9,12,10,9,15,10,10,10,10,15,17,10,12,15,15,11,9,12,9,15,10,17,10,10,10,17,10,17,15,9,9,10,12,11,17,17,12,12,11,12,17,11,15,12,11,11,11,12,9,11,10,12,12,10,11,17,12,12,15,11,15,15,12,10,10,9,17,10,15,12,15,10,10,9,11,10,11,15,10,9,9,15,10,15,10,11,15,15,17,9,10,12,10,10,12,10,11,15,10,10,11,10,10,9,17,12,17,11,9,9,17,12,12,10,10,10,15,15,17,11,15,12,12,10,15,15,15,11,9,17,15,12,10,17,11,17,10,15,9,10,9,9,10,10,9,10,10,15,15,11,11,15,12,9,11,10,10,17,11,11,12,17,15,15,9,11,15,15,11,9,15,15,11,15,15,12,11,10,10,9,17,17,17,11,10,10,17,9,15,9,17,12,10,10,15,15,15,17,9,11,9,17,9,12,11,9,9,17,11,11,11,9,15,10,12,12,9,9,17,12,11,9,9,15,11,11,15,15,12,11,12,17,17,17,11,12,10,17,17,11,12,9,11,9,10,10,12,17,12,12,9,9,9,15,11,11,15,9,9,10,9,12,17,15,17,10,12,10,10,11,11,17,9,9,17,10,9,11,12,15,15,15,12,10,9,10,17,17,12,15,9,9,9,17,10,17,17,9,9,17,9,12,9,11,11,11,9,17,11,17,17,9,17,9,12,9,17,10,17,11,10,10,12,10,11,15,12,12,12,17,17,15,11,17,11,11,9,12,15,17,9,10,9,15,11,9,9,15,10,9,9,9,17,12,11,11,15,15,15,10,10,11,11,9,10,12,9,10,10,10,10,10,15,17,9,11,17,15,12,11,10,15,11,12,10,11,12,12,12,11,11,15,15,17,10,12,15,15,12,10,10,12,12,9,11,17,11,12,17,17,11,12,15,17,9,17,11,15,15,11,15,15,9,17,10,10,17,9,11,15,12,11,11,10,9,12,12,15,10,9,17,15,17,9,17,17,10,17,15,12,12,12,10,10,10,17,17,15,12,17,9,9,15,10,12,15,15,15,17,17,15,11,15,10,12,9,9,10,11,11,9,9,12,17,9,15,9,12,9,10,17,9,10,12,15,9,9,17,11,11,15,17,9,9,11,15,11,17,11,15,12,17,9,9
pred_correctness
True,True,True,True,True,True,True,True,False,True,True,True,False,True,False,True,True,True,False,False,True,True,True,True,True,True,True,True,True,True,True,True,True,True,True,True,True,True,True,False,True,True,False,False,True,True,True,True,True,True,True,True,True,False,False,True,True,True,False,True,True,True,True,True,False,True,True,False,True,False,True,True,True,True,True,True,False,True,False,True,True,True,True,False,True,True,True,True,True,True,True,True,True,True,True,True,True,True,True,True,True,True,True,True,True,True,True,True,True,True,True,False,True,True,True,True,False,False,False,True,True,True,False,True,True,True,True,False,True,True,True,False,True,True,True,True,True,True,True,True,True,True,True,False,True,True,True,True,True,False,True,True,True,False,True,True,True,True,True,True,True,True,True,True,True,True,True,False,True,True,True,True,True,True,True,True,True,True,True,True,True,True,True,True,True,True,True,True,True,True,True,True,True,True,False,True,False,False,True,True,True,True,False,True,False,True,True,True,True,False,True,True,True,True,False,True,True,True,True,False,True,False,True,False,True,True,False,True,True,False,True,True,True,True,False,True,True,False,True,False,True,True,True,False,True,True,True,True,False,True,True,False,True,True,True,True,True,True,True,True,True,True,True,True,False,True,True,True,True,True,True,True,True,True,False,True,True,True,True,True,True,True,True,False,True,True,True,False,True,True,True,True,True,True,True,True,True,True,True,True,True,True,False,True,False,True,True,True,False,True,True,True,True,True,False,True,True,True,False,True,True,True,True,True,False,True,True,True,False,True,True,True,True,True,False,True,True,False,True,False,True,True,True,True,True,True,False,True,False,True,True,True,True,True,True,True,True,True,True,True,True,True,True,True,True,True,True,True,True,True,True,True,True,True,True,True,True,True,False,True,True,True,False,True,True,True,True,True,True,True,True,True,True,True,True,True,True,True,True,True,True,True,True,True,True,True,False,False,False,True,True,True,True,True,True,True,True,True,True,True,True,False,True,False,True,True,True,True,True,True,True,True,True,False,True,True,True,True,True,True,True,True,True,True,True,True,True,True,True,True,True,True,True,True,True,True,True,True,True,True,True,True,True,True,True,True,True,True,True,True,True,True,True,True,True,True,True,True,True,True,True,False,True,True,True,True,True,True,True,True,True,True,True,False,False,True,False,True,True,False,True,True,True,True,True,True,True,True,False,True,True,True,True,False,False,True,True,True,True,True,True,True,True,True,True,True,True,True,False,True,True,True,True,False,True,True,True,True,True,True,True,True,True,True,True,True,True,True,True,True,True,True,True,True,True,True,True,True,True,False,True,True,True,True,True,True,True,True,True,False,True,False,True,True,True,True,True,True,True,True,True,False,True,True,True,True,True,False,True,False,True,True,True,True,True,True,True,False,False,True,True,True,True,True,True,True,True,True,False,True,True,False,False,True,True,True,True,True,False,True,True,True,False,True,True,True,True,True,True,True,True,True,True,True,False,True,True,True,True,True,True,False,True,True,True,True,True,True,True,True,True,True,True,True,True,True,True,True,True,True,True,False,True,True,True,True,True,True,True,False,True,True,True,True,True,True,True,True,False,False,True,True,True,True,True,True,True,True,True,True,True,True,True,True,True,True,True,False,True,True,True,True,True,True,True,True,False,True,False,False,True,True,True,True,True,True,True,True,False,True,True,True,False,True,True,True,False,True,True,True,True,True,True,True,False,True,True,True,True,True,True,True,True,False,True,True,True,True,True,True,True,False,True,True,False,True,True,True,False,True,True,True,True,True,True,True,False,True,True,True,True,True,True,True,False,True,True,True,True,True,True,True,True,True,False,True,False,True,False,True,True,True,False,True,True,True,True,False,True,False,True,True,True,True,True,True,True,True,True,False,True,False,False,True,True,True,True,True,True,True,True,True,True,True,False,True,True,True,True,True,True,True,False,True,True,True,True,True,True,True,True,True,False,True,True,True,True,True,True,False,True,True,True,True,True,True,True,True,True,True,True,True,True,True,True,True,True,False,False,True,True,True,True,True,False,True,True,True,False,True,True,True,False,False,True,True,True,True,False,False,True,True,True,True,True,True,True,True,False,True,True,False,True,False,False,True,True,True,False,True,True,True,True,False,True,True,True,True,True,True,True,True,True,True,True,True,True,True,True,True,True,True,True,True,True,True,True,False,True,True,True,True,True,True,True,True,True,True,True,True,True,True,True,True,True,True,True,True,True,True,True,True,True,True,True,True,True,True,True,False,True,True,True,True,False,True,True,False,True,True,True,True,False,True,True,True,False,True,True,True,True,True,True,False,True,True,True,True,True,False
p2d-kl
0.5563116669654846
p2d-iter
599
p2d
-0.7689931,-1.8857878;1.3603785,0.41349235;-1.1931417,-0.7920131;-0.73638,-1.5764247;-1.7276714,-1.1822294;-0.61791974,-1.743864;-0.6889282,1.754132;-0.24933386,-0.99769753;0.39614588,0.24287266;0.59922105,0.43814754;-1.5427778,-0.9787617;-0.26698864,1.198168;-0.32064742,-0.16164875;0.44237334,-1.1562685;0.65559983,1.1720253;-1.1817981,-0.7582173;-0.641265,1.595736;-1.5666138,-1.0156754;0.455049,0.8824694;0.45907643,0.11377935;-0.6017962,-1.6879622;-1.3728364,0.3074962;-0.18763527,-0.5135942;0.80467725,0.9209331;0.6467889,1.0301002;0.48824936,-1.509615;0.46517265,-1.5851159;-1.4242032,-0.9831377;-0.2547683,-0.29587585;0.54484004,0.79903036;-0.5055064,-1.1489984;-1.4681064,0.12608013;-1.8285141,-1.1914062;-1.4867845,-1.0197656;2.0282078,0.30256677;-1.2862476,0.38400286;1.6705947,0.34834394;0.00043663432,1.0113709;-0.2704283,-0.20612903;0.05852096,-0.08760245;2.2271314,0.08575419;0.15183821,1.064405;0.61763155,1.0473173;-0.24835995,-0.17224471;-0.39136243,1.5119342;-0.21308044,0.007913075;0.26408958,0.22276211;2.3699775,0.026615478;-1.0712502,0.40269333;0.91611236,-0.87694514;0.8735465,-0.9276996;-1.3043951,0.42537418;-0.10146689,1.0305995;0.51515555,1.1025784;0.27467126,0.69829386;0.4768997,-1.6390178;-0.19319794,0.057386525;-0.49536255,-1.3153064;-0.58012855,-1.0410537;-0.4622979,-0.67675614;-0.7288274,-1.7529069;-1.1176497,0.36876455;2.40638,0.08920795;0.2994994,1.1412826;0.47301194,0.26721597;-1.8685039,-1.1318612;0.2398781,0.7411329;0.85274833,1.0480832;-1.2769809,0.23945197;-0.16962083,-0.2928576;-0.6344752,1.7808647;-0.50429654,-1.0925344;-0.41585883,1.4113227;0.90053266,-0.8253957;2.2013483,0.20140438;-1.7725056,-1.0918531;0.21696346,0.64090234;-1.6314594,-1.0529404;-0.76560193,-0.7740144;-1.4525838,0.31284133;-0.7296678,1.7553314;1.830761,0.3403789;0.64534986,-1.3740392;0.20348804,0.08721335;-1.435659,0.28476074;-0.74681896,1.8178966;-0.7079621,1.828001;-0.7517773,-1.7685272;-1.8088181,-1.1455123;-1.7058319,-1.0197865;2.3413634,0.09805597;1.8014616,0.21708313;-0.31203043,-1.2269378;1.7725079,0.34596178;0.8752332,1.3449519;-1.1381952,-0.7903855;-0.81786704,-0.53828824;-1.4301106,-0.9573552;0.71589845,-0.7998376;0.71196055,1.1490766;0.680864,-1.4311813;1.707602,0.31739867;-1.0331646,0.048479535;-0.005058424,1.0412229;0.72165084,1.3230144;-0.50605565,-1.4110279;0.81128407,-0.7876594;0.87985504,1.3011371;-1.0462196,-0.077922516;0.7681852,-1.1428705;2.1655552,0.072117336;0.6455315,0.48285183;-1.5334029,-1.013852;-0.5583889,-1.7403746;-0.8037723,-0.7645328;-0.036026426,1.0302435;-0.0036493812,-0.3785778;0.42880034,0.7299073;0.5516643,0.8094076;-0.65833145,0.59599113;0.8595523,-0.92105234;2.0346625,0.17724958;0.8425531,0.39074782;-0.3272271,-0.50043285;0.44019607,-1.5806487;-1.4503183,0.13128498;-0.47984144,1.4469855;-0.26378065,-0.44414988;-0.48434454,1.5121232;1.629617,0.28911978;-0.76092815,1.8840178;0.32498562,-0.98466086;1.4729261,0.40871143;0.22058693,0.803169;0.23649722,0.6680073;2.3856936,0.080796085;-1.2472465,0.0047243293;-1.6067514,-1.0806038;1.0591303,0.7617516;0.6178557,0.83737206;-1.2987679,0.31675068;-0.6309637,-1.0777543;0.54628867,0.39930445;-0.8036358,-0.80806094;1.049048,-0.72419584;-1.7117392,-1.1060266;0.1975872,0.021357497;-1.352188,-0.93031746;-1.4888042,-1.0016093;-0.38638413,-0.05493878;-0.35648495,1.4015747;-0.43834248,1.3284074;1.2401265,0.3732027;-0.5279713,-0.54340345;0.7456943,-1.0849822;1.8768367,0.28466073;0.29438874,1.0662352;0.32205793,-0.10317755;-0.84587246,0.546087;-0.34694374,-1.1702197;0.36892092,-1.5161539;0.74543726,0.307666;0.86330444,-0.864107;-0.13555907,1.0669667;1.0159322,0.8391247;-0.71913713,1.7597321;-0.080463395,-0.12064237;-0.38033724,-0.113742545;-0.21623015,0.1098436;0.59745836,-1.1962123;-1.2183881,0.35651785;0.49849093,0.36187705;0.028424265,0.050925452;1.8446978,0.2533476;0.8184852,0.88858855;-1.3340648,0.36087307;-1.5237011,-0.92628586;0.6519691,-1.2908064;-0.8609383,0.47732097;0.4137628,0.15855458;-0.5279943,-1.450839;-0.09119397,-0.39141545;-0.4551258,-1.1908973;-0.6157335,-1.6178337;0.6209855,-1.0761399;2.316862,0.13847306;-1.4614345,-0.11594569;0.0157102,1.041647;-1.2037147,-0.8686619;-1.424794,-0.088198096;-0.66229206,-1.7646168;-1.740245,-1.145031;-0.8593111,1.741459;-0.6589256,-1.1104337;0.56775993,1.0147126;-0.82873315,1.8926746;0.6296547,1.1387905;-0.13244726,-0.27549976;1.43918,0.4157765;0.93284905,-0.84163547;-0.5277387,-1.2067523;-1.0302191,0.49260652;0.045340765,-0.37361804;1.0565012,-0.76258886;0.29109877,-0.97402364;2.217567,0.122092;-0.9367274,-0.6661753;-0.78365797,-1.7384901;1.0304683,0.8872038;0.6123178,0.6902062;1.8024094,0.3252975;0.9587087,-0.8339764;-0.72366905,-1.0833974;0.9729998,1.0608516;0.67189336,1.2544895;0.4601034,-1.4539889;1.5699297,0.38428363;-0.5487318,-1.6417614;-0.78931767,-1.8712928;0.7102742,1.0046176;1.664821,0.38363543;-0.32534105,-0.60243624;-1.5024278,-0.8748406;-0.7906872,-0.7104352;0.6873083,-1.3109498;-1.0162389,0.48726046;0.60896224,0.09589483;-0.4568876,1.4685123;1.9393458,0.20267239;0.4098965,0.72918975;-1.0476267,0.44880456;0.8543324,1.4176466;-0.6784016,-1.1576998;-1.4899545,0.299406;0.5964991,0.17757717;0.73008585,-1.2398465;0.2377052,-0.2868683;1.0348713,1.5514857;0.8528044,-0.85111785;0.16114059,-0.083424;-0.38356423,-1.1820498;-1.7782828,-1.1689982;-0.7831797,1.7063171;0.53328264,1.0754437;-1.2239965,-0.774924;-1.7827654,-1.1023419;-0.63315,1.8369955;0.19575581,0.81747913;0.5096017,0.2992077;-0.34906504,1.4995861;0.98049575,-0.8167265;0.2445761,-0.11583674;1.7832545,0.22175726;0.9929107,1.5547701;0.66625386,-1.4243808;0.77858365,-1.1721762;-1.2890629,0.44569957;0.66479224,0.31840083;-0.29916567,0.0343023;-0.7007532,1.8240471;-0.8944201,1.9889566;-0.89508134,0.51338315;-0.49844113,-1.3618861;-0.9812824,0.4613709;0.07269129,-0.34341496;1.7774981,0.32190576;-0.4553585,1.2968208;0.46195886,-1.7260029;1.2994792,0.39517894;0.9517055,-0.72040075;-1.754318,-1.1022489;-1.0492225,0.08807287;0.39075795,0.14126894;-1.4565827,-0.88533986;0.06309468,0.28731626;-0.9915493,0.19847654;0.035073645,0.268321;-0.76643735,-1.6583706;-1.3811715,-0.1122382;1.9073107,0.27592993;2.2239368,0.08286141;-0.20643814,1.2273442;-0.8254939,0.52327615;0.4986596,0.37675366;-0.72291917,1.6694134;-1.2255523,0.44393054;1.0018296,0.7523622;1.0403274,1.5581225;-0.5065938,1.4834231;1.5581278,0.35172188;-1.8672502,-1.1638817;0.140699,0.19084972;0.8024392,-1.0195483;-1.7449284,-0.9930435;-1.804968,-1.0775518;-0.3143303,1.223421;0.27439517,0.7751387;0.42168146,0.4206748;-0.57673615,-0.8969618;1.4661791,0.46196964;2.305413,0.1336476;0.87602377,1.449528;0.37908757,0.4917539;-1.328298,0.32767513;-0.4408196,-0.48720086;-0.20837307,1.2451019;2.0125296,0.30038527;0.6640716,0.040372286;1.0288582,1.5134814;-1.1419518,-0.75764793;-0.41818205,1.4752762;0.2135647,-0.017175322;0.641798,0.35994884;0.6599227,-1.2235168;0.33820686,0.36652258;-1.3610477,0.28664914;1.034078,-0.78996956;-1.2371887,0.39514846;-0.8328147,-0.7282405;-0.17214017,0.24714985;-0.82518196,1.8607823;-1.857361,-1.1914057;0.39666736,0.6808318;-0.86411923,1.7401484;0.102341264,-0.31344378;1.9838454,0.17250042;0.4509098,-1.5406766;-0.82247126,1.9970233;-0.04261569,0.10800434;0.33364335,-1.4051458;-1.2476633,-0.7869697;-1.0872965,0.46852106;-0.8019136,-0.7435327;0.30420613,-1.0340074;0.05180064,-0.31321105;-1.3466156,0.03696109;-0.4558879,-1.2155143;0.9561861,1.4971006;-0.6656933,-1.6961663;1.0063099,1.6165444;-0.6997098,-1.833934;-0.46201876,1.5196937;-0.76468456,0.5616548;-1.769945,-1.1888129;-0.33504102,1.3806051;-1.1866109,0.4453206;-1.5720582,0.17921808;-0.6382384,-1.5572628;0.3816946,0.3832476;-1.9418135,-1.206673;0.4923273,-1.6953843;0.22548503,0.32816845;-0.7937457,1.7443897;0.7741171,-1.2820008;0.76750946,0.57854825;1.6002254,0.4074574;-1.4770943,0.11331329;-0.45800173,-0.69560426;-0.6960377,1.7676626;-0.58324194,-1.5810845;-0.51802707,1.5664399;1.491042,0.31064433;0.15749368,1.0532695;-0.030455088,0.2040218;0.77918804,1.3038585;-0.8716811,2.0314784;-0.48859644,-0.12737454;-0.25823164,-1.0319707;-0.7226523,-1.6515362;-0.02343862,-0.35464525;-0.44128466,-1.3163867;0.61316574,0.11639952;-0.027353996,1.0080042;0.47997904,1.0555763;-1.2160974,0.4353619;0.745145,-1.1175159;-1.8332654,-1.1199478;1.6518034,0.24649616;0.546099,0.8778838;0.47958547,-1.1353658;2.3222704,0.10455195;1.0366969,1.3277531;1.0904078,1.5238461;-0.048447385,-0.4970164;-0.37839812,-0.49990857;-0.90278584,-0.53993213;-1.3135805,0.18808019;-1.120516,0.4357221;0.67513394,0.45100856;-1.0419277,-0.82870156;-1.679661,-1.0717436;-0.5159181,-1.2907951;1.048408,0.7643803;1.0006815,-0.76323646;-1.3657914,-0.06548278;-1.2420204,0.3598363;0.3327652,-1.3896244;-1.4288484,-0.124363326;1.697155,0.39923942;0.26113993,1.1069869;0.7679467,-1.1816398;-0.9415631,2.0194743;0.4097573,-1.4842488;-1.464678,-1.0301201;-1.2222207,0.3206857;-0.08859115,0.13641682;0.34246448,-0.941238;-0.09419622,-0.46530217;0.5072982,0.33386824;-1.2339509,-0.93558055;0.6219212,-1.5623518;-0.34522077,1.359797;2.0732446,0.23378316;-0.1933767,-0.9686036;-1.2430798,0.41764164;0.9959907,-0.7356777;0.40807077,-0.10305437;-0.8693764,-0.5369866;-0.2629659,-0.4568711;1.5142663,0.37321845;0.5007124,0.060916804;-0.15919377,-0.2122234;2.1261904,0.12213909;0.75795555,0.46961054;0.66895866,-1.0894248;-1.1005586,-0.7306623;0.5613032,0.78505516;-0.7071396,0.58368605;0.65850735,-1.4120529;0.7808466,0.3002526;-1.1301006,0.09477619;-0.9267579,-0.6385952;-1.0764903,-0.71609247;0.32643,0.043681428;-1.5270683,0.19177698;-0.86666536,1.9284813;0.6883656,1.3079844;0.82953614,0.8460183;1.0297788,1.31862;0.2879733,0.34414563;0.48539662,-1.6174202;-0.7384673,-1.1670214;1.2259431,0.35376143;0.07603435,1.0091363;0.625821,-1.1699415;0.29788357,1.0369854;0.21280286,-0.12774529;-0.39186522,-1.2636065;0.17026761,0.9116405;-1.9653639,-1.2039998;-1.6600891,-1.1025348;-0.029373376,0.22139384;-1.958748,-1.1703848;-0.34725642,1.2541645;1.6792127,0.28455833;-1.5445725,-0.972507;0.89580154,-0.90337825;-0.77069086,-1.7821863;-0.39773747,1.3306799;-0.5731081,-1.6112998;1.6704283,0.38852936;0.8317933,1.3746022;0.30648488,-0.14574333;-1.4092317,0.21085802;-0.6356177,1.486646;-0.7982588,1.8228114;0.6411219,-1.144277;0.56078005,1.0584015;0.9619172,-0.75516236;-1.2862827,0.23453274;-0.7693874,-1.847717;-1.3467692,0.07918281;0.6728629,0.38504863;-0.4957882,-0.4758594;-1.828527,-1.1506933;-0.40690675,1.2946489;2.315368,0.024709683;-1.029171,-0.7129188;-0.5060899,1.4373003;1.7443465,0.27088317;0.49241367,-1.592166;0.21728034,0.062671185;-0.60155135,-0.95041305;-0.5858271,-0.87680656;-0.4358029,1.2587587;0.97253895,-0.7779636;2.237484,0.1688435;-0.242981,-1.0936651;0.58443034,-1.2573425;-1.2252395,-1.0240066;-1.8126944,-1.1249537;0.792678,-1.1479946;0.2863121,-0.12521434;0.36065987,-0.08186077;0.25319585,-0.871756;-0.9708103,-0.6526853;0.40117952,0.17592788;0.6476398,-1.3482786;-0.3017609,-1.1399726;0.45551246,0.36106423;-1.4692081,-0.9403535;0.19808212,0.819971;0.49962568,0.7245641;-0.75848734,-1.623764;1.8683138,0.18782575;-1.670168,-1.100614;0.49328795,-1.1758482;-0.71761405,0.5791619;0.66287166,0.06065823;0.6766423,-1.0379853;0.6967207,-1.3282388;-0.8619325,0.49174604;0.52939975,-1.177296;0.65428627,0.31386462;-0.23566458,-0.26666325;2.3975563,0.042016882;0.96722263,1.5415245;0.80547595,0.24894755;-0.4088975,-1.1126828;0.19157906,1.0626105;-1.2964383,0.2962417;-1.4587492,-0.1474118;-0.5857941,-1.0700581;0.5258846,0.034358565;-0.5784775,1.5351225;-0.65070575,-1.7791278;-1.350291,0.29288575;-0.6520201,1.47561;0.32463825,0.15064189;-0.4815954,-1.340134;-0.9227847,1.9844;-0.14617905,-0.20956618;-0.5196913,1.6540391;0.719245,0.5152884;0.99393505,0.7895642;-0.9001225,1.9597498;0.59308094,-1.5473017;-0.50074846,-1.5704012;0.44816115,0.3940132;0.5958243,-1.5346713;-0.84453654,1.8621471;-1.1961935,0.044365667;-0.40417582,-1.1790476;-0.5232801,-1.5364578;-1.40519,-0.8993823;-0.65388143,1.7585016;-0.8565045,-0.563659;0.29463515,0.7000123;-0.516197,-1.0321233;0.72375286,-0.82388866;0.5000848,-1.6975021;1.4260212,0.45708916;-0.12639095,-0.5717162;0.38148355,-0.97660387;-1.3375144,-0.93825346;-0.6723177,-1.7688924;-0.1945781,0.09612987;0.2693053,-0.10440031;0.34104815,-0.8144395;0.96198434,0.8440311;-0.32643133,1.4453648;0.7015293,-1.172279;-0.08434603,0.9654237;-1.2812903,-0.9056965;0.74331605,-0.82464325;2.3671525,0.13408217;0.8784205,0.79075646;0.26864636,0.6509836;0.8015942,0.59651905;0.56111985,0.282089;0.46708208,-1.7317479;0.2529584,0.005026144;0.44038054,0.8975543;0.7140482,1.4315667;-0.023127506,-0.488948;2.188804,0.1033501;0.69401366,-1.3881826;-0.7365172,-1.1274775;0.83272463,0.32116017;1.045546,1.3106205;-0.7866954,-1.8923613;0.17586768,-0.15690807;-0.7312523,1.6077694;0.25883484,0.8486021;1.0103626,-0.79868126;0.4881379,-1.5330875;0.17412767,0.92181826;0.26789954,-1.4497708;0.5815317,-1.1171368;0.95942,1.0594455;-1.4851955,0.094891414;-0.47375053,-1.1066469;-1.3963592,0.25507644;-0.8698777,1.7898016;2.1200347,0.27204716;2.3655353,0.101777256;-1.033944,-0.10084661;0.7870583,0.8987202;-0.050339486,-0.22549377;0.9574667,-0.75941056;0.6971149,-1.3467232;0.89367855,-0.94346833;-0.18206307,0.04696753;-1.8515301,-1.0481228;-1.1337967,0.42023274;-0.7541026,1.8687983;-0.8648709,-0.49220762;-0.2555129,-0.38983187;-0.68352205,-1.0336831;0.81289285,0.2829606;-1.6457069,-1.0281624;-0.27656978,-0.13566548;0.7728674,1.3966769;0.2877101,0.7688537;2.1899412,0.18299516;-1.4164184,-0.10450281;-0.9494455,-0.621863;-0.26750398,-1.0184432;0.6493511,1.0733231;0.6468514,0.25790364;-0.630535,1.5948882;-1.0531732,0.0029278735;0.74672973,0.34997842;-0.15298893,0.11240334;1.9335804,0.2803163;0.30694067,-0.028049186;1.6959307,0.36473405;0.9230899,1.3239763;1.0343809,-0.7555754;0.6706051,1.0235403;2.3671525,0.13408217;0.7084929,-1.3875406;0.69370455,1.1881177;-1.1062578,-0.8171035;-1.2341741,-1.0053933;-0.4202853,1.2853533;-0.18657392,0.2450023;-0.88465786,-0.5834196;0.42000067,0.15143187;1.4605671,0.38189083;0.27316275,1.0701585;0.22303042,-0.17680448;0.7205919,-1.0148777;-0.9614866,0.023992144;0.6963907,1.2712975;-0.17925769,1.1216521;-0.46842417,-1.3466536;-1.460183,0.072877556;-0.8844424,-0.7284909;0.7447596,1.3823689;2.079143,0.1803831;-0.46889278,1.4997874;-1.3543435,-0.8973439;-1.2448047,-0.8562121;-0.59022975,1.5726901;2.313468,0.09823015;-1.1361675,-0.77063817;0.5989355,1.2792625;-0.95971155,2.0691361;-1.7351574,-1.0406774;-0.23198216,-0.011611317;0.65306646,1.3066337;-0.100011386,1.0562798;0.40035456,-1.1344507;0.8149998,1.0651026;1.6482697,0.37623182;0.64957786,0.04871166;-0.96608484,0.50540435;-0.4329383,-0.61215585;0.31314397,0.36491275;0.7651645,-1.2037169;0.2159821,-0.11259369;-1.0762682,0.004260335;0.94363266,1.4875962;-0.04757264,0.07744707;2.1041696,0.17846832;-1.0459108,0.46037623;-0.6445704,-1.6778498;0.28954592,-0.913261;1.0787598,1.5668039;-1.4777033,-0.9712806;0.07877019,0.26467344;-1.8969564,-1.0838711;-1.2975826,0.15570721;0.31576338,0.88668364;-0.6478665,1.6444567;1.8282051,0.30026805;0.6434184,0.76268005;1.4928478,0.35695443;-0.45744252,-1.2692735;-0.6655051,1.8578761;2.1443717,0.14270297;0.59240407,0.7639581;-1.1572468,-0.06112218;-0.48082805,1.3028098;-0.57360893,1.7498899;0.28836146,0.90179384;0.97018605,1.398026;-1.5013702,-0.9284868;0.21219766,-0.06996543;-0.7051099,-1.5702139;0.48536918,0.06737011;2.1600835,0.13582575;0.6006411,0.7911616;-0.7031078,0.5838718;-0.76548886,-1.8797979;0.049800057,0.01744324;1.2838359,0.41907153;0.92470545,1.4076607;0.041727778,0.07471741;-0.61288846,1.763053;-0.3948264,1.4052553;-0.8636409,-0.5022459;-1.2907677,-0.88276315;-0.64848095,-1.2081536;-0.81470245,1.9425162;-0.346564,-1.1579216;-1.1563683,0.36249757;-0.3946924,-0.46660638;-0.14213681,-0.41864583;-0.58127975,1.6920462;-0.5803712,-1.6517498;0.2978731,-1.4111116;-1.5093716,0.14955838;-0.3725171,-0.48037887;-0.15074933,1.1002791;0.23230211,-0.94206375;2.3033726,0.052921288;-0.38007435,1.2578014;1.7403162,0.24531244;0.47796282,-1.5638843;0.82499105,1.0560217;-0.20371018,-0.37133342;-1.4091387,0.2614446;0.68058246,0.51899225;-0.6573237,-1.7311727;1.746571,0.36724377;2.1156511,0.1445157;0.62299234,0.89321595;-0.40489426,-0.07311329;-0.72364104,1.8953526;0.23071721,0.8089824;0.37200084,0.6399569;0.93448865,1.3808367;2.2119794,0.25519267;0.42213315,-1.4379736;2.0745277,0.20900017;-0.6311344,-1.6446644;-1.1775163,-0.09152847;-1.2324401,-0.7877716;-0.96140593,0.46067974;0.7208441,0.5597237;-0.39381006,-1.3155428;0.5539841,-1.5660341;0.24138546,-0.26081115;-0.7622031,1.9616361;-0.70068127,-0.97307616;-1.2507652,0.018669076;0.97385246,1.527057;1.656638,0.2831726;-1.3139681,-1.2016314e-05;0.45072144,-1.0221334;0.9480784,1.2651845;0.19573653,1.0536581;-0.667605,-1.05624;-0.90646064,-0.5377629;0.800531,1.3503104;-0.26298475,0.03617111;-0.31974885,-1.0792912;0.4516084,-1.1742711;1.3755257,0.4750161;0.44097507,-1.6180698;-1.3509476,0.33704627;-0.38213375,-0.5743981;0.67841846,1.3339001;-1.610389,-1.0311979;2.1529298,0.18625036;0.45089224,0.7502985;0.86113095,1.3161385;-1.542173,0.19883214;0.4921319,-1.4168805;-0.8771507,0.5239528;-0.22610992,-0.5315758;1.4284194,0.39316675;0.6835024,0.79281193;-1.1163375,0.07014165;0.63438356,0.7830117;-0.29381546,-0.32934403;1.0602367,1.6053426;0.21077259,0.36294466;-0.9184972,2.0509634;0.51442313,0.8919556;1.0607587,1.6484478;0.5557074,0.1528932;-0.88573,1.879244;-1.4162991,-0.06941285;-0.4404546,-0.5975976;0.9435409,1.4155216;-1.0344212,0.021397782;1.0278463,1.5600125;-0.74322915,-1.5809308;0.9688069,0.7660462;-1.2142569,0.02427311;0.24688132,-0.15018965;-1.4470971,-0.07320047;-0.7643739,1.753567;0.70067704,-1.4532033;0.25329208,-0.19951117;-0.22130546,-0.97630066;0.30936036,-0.838508;-0.8604915,1.9288963;0.5751278,1.2208924;0.57780373,0.6191929;-0.4475365,-1.2937219;0.23841576,-0.9812636;-0.93033487,0.44464883;-0.9177623,0.49792287;-1.0498166,-0.7620419;-0.17909753,1.0459993;-0.17379364,-0.40105212;-0.8793713,1.9159749;0.568003,0.91936713;1.9721926,0.1968868;-0.35978195,-1.2297893;0.5943887,1.0598277;-1.4223042,0.20132649;0.99039185,0.7475708;0.5832026,-1.6034979;0.9471844,1.2159663;-1.7968068,-1.0081301;-0.60533,1.721614;1.8156577,0.24537241;1.0006359,1.3443236;-0.26286128,0.053380303;0.825417,-0.9640501;1.999242,0.20894815;0.91144377,1.3164928;0.9478473,0.9546934;-0.78233993,-1.0598363;0.6396016,0.47329366;-0.7457137,1.8110945;-0.38939184,-0.002739905;0.560959,0.76817936;-1.8051214,-1.2046767;0.20285036,0.058422707;0.49657607,-1.4184903;0.49574107,-1.4633967;0.81174487,1.2987123;0.49178487,0.67077196;0.66250265,0.80722857;0.40769923,-1.5020249;-0.18394192,-1.0464119;0.9575141,0.89982134;0.939304,-0.7653124;0.3327377,-1.4931082;0.8975747,-0.8309409;0.32460684,-0.991616;0.7898223,-1.1069045;-1.2146904,-0.7957149;-1.0256994,0.43291748;1.8286198,0.3271029;-0.13413197,1.0534309;-1.2633034,0.3864064;-0.8889768,-0.6204505;-0.7783807,-1.831941;-0.8789456,2.0358934;0.842248,-0.971232;0.14118408,0.106867656;-0.2124254,0.20576647;-0.5974759,-1.5181868;0.44145462,-1.5979162;-0.8387224,1.9234016;-0.68172467,-1.8058214;-0.0056386674,-0.42115366;0.4797721,0.07493134;-0.6481983,1.8000431;0.5085019,0.9820421;-0.289932,-0.07270909;0.22726808,0.21186657;0.6206239,0.1825548;0.74526995,-1.2679826;-0.5928532,-1.1030861;-0.27891496,-0.54260963;0.74296826,1.417721;-0.22661862,-0.3331857;0.741685,-1.322543;0.72365206,-1.1309643;-0.3155435,-1.2030596;0.46039566,0.41967592;1.0660114,1.5472451;-0.38725543,1.288283;-1.186997,0.4160628;-0.63052124,1.5259098;-0.41472507,-0.9527318;-0.6597026,-0.7032546;-1.4358883,0.17727068;0.07190024,0.92651045;-0.5605308,-1.6755159;-0.003174447,0.14235632;0.5812972,0.26606464;2.2681637,0.032499436;0.65985996,0.3307216;-0.42898855,1.4181886;0.6563215,1.2640973;-0.40482926,-0.116225146;-0.6874209,1.8848385;-1.8911418,-1.1429651;0.6063238,1.2483938;0.58388156,0.6691137;-0.8253492,0.5452886;0.35607052,-1.4793826;0.47607058,-1.4559139;0.6543619,0.23621531;1.0439183,1.3914415;-0.9199534,2.0125484;-1.6545911,-1.0622107;-0.5185796,-1.5781575;-0.49215442,1.4618376;0.55231965,0.691281;0.25210246,-0.2617414;0.94783825,0.8064665;-0.77452147,-1.6204362;-0.6957381,-1.1192073;-1.7496076,-1.1594975;0.59179896,-1.1522845;1.5508566,0.37483123;-0.675055,0.5921846;-1.4438778,-0.9132871;-0.8633236,0.5761575;2.3520133,0.062210944;-1.3107629,0.008365077;-1.0182621,-0.098300904;0.3270963,-0.83235955;-1.1798371,0.37589186;-0.9046343,-0.6624819;-0.558401,-1.6085182;-0.14664117,-0.37350413;0.2855887,0.2535256;0.7474809,0.579365;0.8256495,0.3879958;0.7262432,-1.3910506;-0.92612094,0.36587504;-1.1088774,0.21594566;-0.9259231,-0.5894347;-0.6137017,-1.1406355;-1.4411948,0.16222593;2.0929296,0.15258247;1.6419464,0.34646887;0.72676057,1.3898982;0.41294748,-0.9333592;-0.7386463,-1.7637497;-1.8871255,-1.2150074;0.19168769,0.1742449;0.24287532,0.15014096;-0.025727151,-0.48947608;-1.3281906,-0.012369645;-1.1652566,-0.8215199;-0.50745344,-0.13012657;-0.21196964,0.06399638;0.89018196,-0.8599394;-0.60677594,-1.6987938;0.9304206,1.0158604;1.0343317,1.5877905;0.39254823,-0.9992369;-0.42808115,1.223;-0.11051846,1.0265974;2.3315523,0.048843205;0.93952364,0.9447164;-0.4154491,-1.1931293;0.8333649,0.9924319;2.0664678,0.20291032;-1.5016305,-0.9810598;2.069297,0.28563;-0.5073162,-1.2178224;1.02293,0.8698316;0.38904616,-1.2363206;-1.08657,0.05593829;1.0511123,1.5173227;0.35181665,-0.07369644;-0.55450124,-1.5877602;-1.0053806,-0.67500204;1.5962815,0.33610085;1.049849,1.4760877;-1.0008405,0.030524908;0.050385177,0.9327675;-0.2176813,1.1431825;0.54689777,1.1754038;-0.14852172,-0.5897769;2.1453977,0.20240206;2.425037,0.06759111;-0.79394,1.9382737;-1.9404747,-1.1838166;-0.5090002,1.5533147;-0.12461543,-0.41182363;-0.43457076,1.1945183;-1.8621051,-1.1443124;-0.5505389,-1.1048739;-0.9870437,0.13388288;1.9836907,0.30931693;0.5140557,0.6456116
p3d-kl
0.4231819808483124
p3d-iter
599
p3d
-1.866985,1.5286702,0.32484767;0.98435396,0.38969275,-0.48769948;-1.0218496,0.13340013,-0.7537787;-1.4192762,1.2476089,0.35259378;-1.9536269,-0.15770315,-1.2715864;-1.6813321,1.2766241,0.6406899;-0.5464115,-1.5747474,-1.4789894;-0.62994754,0.39948422,0.92750293;0.60683125,-0.1609188,0.469421;1.0137529,-0.0034558445,0.5072745;-1.5425843,0.035291106,-1.063447;0.09198189,-1.1236784,-0.6524694;-0.21161981,-0.03794805,-0.020254374;-0.54119295,-0.5588097,1.3151051;1.3992803,-0.790749,0.33252808;-0.98093003,0.10963336,-0.72638184;-0.5109837,-1.5093137,-1.1763086;-1.6247132,0.12473969,-1.0610881;0.98089,-0.60258627,0.18244252;0.5122593,0.09247937,0.36796343;-1.615745,1.1899676,0.6770358;-0.13935567,2.0248215,0.6179857;-0.12661818,0.39729488,0.57524973;1.4932306,-0.31032896,-0.16464657;1.2682899,-0.50313467,0.36083135;-0.9544178,-0.64186823,1.690662;-1.0709059,-0.7502906,1.6109182;-1.4630609,0.26382977,-1.0355886;-0.27106658,-0.12153764,0.32422483;1.1009883,-0.40695456,-0.36862656;-0.95847535,0.7115921,0.5819066;-0.4526686,2.1657033,0.47090814;-2.0762837,-0.08151728,-1.3831931;-1.4919479,0.014791885,-0.9468688;0.8710064,1.2048391,-1.7290723;-0.0062194834,1.9116768,0.80256325;1.0692616,0.9261847,-0.9933533;0.52154195,-1.0054587,-0.5124999;-0.2751975,-0.26755872,0.108139336;0.08791647,-0.49090803,0.36430445;1.1838992,1.4027115,-2.1875708;0.80687994,-1.0879446,-0.5956487;1.2731698,-0.56900835,0.24375446;-0.22308774,-0.2510165,0.09421894;-0.13145359,-1.5851216,-0.91815925;-0.10201734,-0.028833162,-0.36388797;0.53286594,-0.37362257,0.29907048;1.0595133,1.5575013,-2.5244217;0.29423925,1.6010965,0.77844465;0.123701416,-1.286451,1.4427656;0.02120141,-1.2583766,1.4813148;-0.08746325,1.8272784,0.89136726;0.34499973,-1.0023862,-0.47805387;1.1080198,-0.78465325,0.23517588;0.80682176,-0.6186183,0.0069228197;-1.1470813,-0.74497783,1.6845785;-0.023939291,-0.11822676,-0.328709;-1.1716342,0.7760748,0.7293504;-0.8567212,0.7212292,0.35308802;-0.4212443,0.8338849,0.58424854;-1.6871388,1.3734927,0.3997136;0.22823061,1.7061211,0.71037203;1.1569464,1.5263866,-2.5755203;1.1105173,-1.1120454,-0.49752593;0.7370315,0.085734494,-0.14135465;-2.1205766,0.035632465,-1.3703705;0.8093594,-0.71346694,-0.08267704;1.5677961,-0.2681063,0.17795502;-0.059569087,1.848973,0.45426965;-0.1864409,-0.22115003,0.48564577;-0.4396152,-1.6022663,-1.5370766;-0.8670387,0.6925562,0.5481911;-0.16751856,-1.3679076,-0.83815736;0.1488365,-1.3140783,1.3910304;0.98079246,1.4168959,-2.0553675;-1.9344317,0.0773292,-1.3228642;0.6579125,-0.6160764,-0.038690757;-1.6902353,0.015066772,-1.2182772;-0.7244721,0.47755536,-0.08262205;-0.11816498,2.0638247,0.39183506;-0.5965603,-1.6403311,-1.4686219;0.96988654,0.9677613,-1.3216096;-0.70024014,-1.0466856,1.7012095;0.4127672,-0.6471399,0.3798596;-0.16855071,2.1305523,0.47798163;-0.636206,-1.6298499,-1.5886962;-0.60698175,-1.4751983,-1.612111;-1.7001069,1.4089379,0.3575807;-2.0340743,-0.014827656,-1.3309855;-1.8148621,0.17556956,-1.2937506;1.1189715,1.4518988,-2.4528325;1.0841573,1.2209339,-1.2497004;-0.88513327,0.7531117,1.0259085;1.050481,0.93146396,-1.2395138;1.8063807,-0.6027335,-0.074541286;-0.9504621,0.19578859,-0.66616756;-0.4129623,-0.1148524,-0.3021044;-1.411422,0.16150957,-0.97154176;0.08196257,-0.88996536,1.1206336;1.3986324,-0.7765193,0.5342416;-0.76201105,-1.1348113,1.7595544;0.9785017,0.8250776,-1.1021395;-0.24417575,1.1044819,0.6615007;0.5185446,-1.042453,-0.5507028;1.6138849,-0.87143713,0.10206252;-1.2905123,0.829088,0.75899726;0.17180857,-1.0819169,1.1961583;1.7696329,-0.5235672,-0.05958;-0.21508387,1.0473074,0.35903493;-0.33650577,-1.2382104,1.5674495;1.174095,1.4693528,-2.0414207;1.1036731,-0.11703627,0.57025343;-1.5669051,0.14798172,-1.0300853;-1.6311302,1.3262975,0.7887108;-0.74035513,0.4269949,-0.110350184;0.48034662,-1.0453308,-0.50164354;0.13398898,0.12318129,0.5381714;0.85900193,-0.25302303,-0.44402024;1.1216745,-0.41609788,-0.3294994;0.8301729,0.82268405,0.8445297;0.013032019,-1.2534742,1.4602252;1.0797102,1.2543677,-1.7582837;0.97550803,-0.33090606,0.96289843;-0.26371482,0.4089591,0.5078562;-1.0853021,-0.6471609,1.6480502;-0.43083882,2.124875,0.47495854;-0.2721795,-1.4000845,-0.937388;-0.34411973,0.037619602,0.56889087;-0.26489726,-1.4711686,-1.0502664;0.8974229,0.9043673,-0.9830557;-0.6913197,-1.5752689,-1.6992308;-0.3878339,-0.38991317,1.0454881;1.0385773,0.61249924,-0.64800733;0.7601558,-0.7083213,-0.26005644;0.6967139,-0.54389846,-0.14770535;1.1283667,1.4940267,-2.5541863;-0.38418838,1.4853061,0.40524647;-1.6490731,-0.03666821,-1.2300205;1.290223,0.3338057,-0.39479876;1.2275796,-0.40601426,-0.42528528;-0.13570629,1.8675798,0.7131247;-0.97862834,0.73421305,0.24870029;0.8913494,0.006725451,0.4556357;-0.7530959,0.49855095,-0.14773907;0.4392826,-1.4741479,1.4880389;-1.8383435,-0.02122684,-1.3010964;0.36079285,-0.74883866,0.45975;-1.3015546,0.25492898,-0.8975605;-1.5209293,0.13692631,-1.0235132;-0.2021865,-0.6155212,-0.29616258;-0.04008191,-1.3281868,-0.9429585;-0.18964784,-1.0580382,-0.85798;0.7438376,0.25996277,-0.27079374;-0.24155483,0.87732613,0.36140484;-0.32590795,-1.1965169,1.4215502;1.0227318,1.0896951,-1.4298259;1.023904,-1.0610341,-0.39724115;0.4189247,-0.79139763,0.79956853;0.5642892,1.1367354,0.9210595;-0.91188097,0.58951634,0.9323197;-1.0103536,-0.59879774,1.411006;0.81876093,-0.4234368,0.7164482;0.10329745,-1.2135196,1.3796569;0.28609705,-1.0155998,-0.51996106;1.3329717,0.17386553,-0.18563594;-0.60919255,-1.5409437,-1.470013;0.040213037,-0.30197594,0.19966452;-0.2874927,-0.47277635,-0.21997802;-0.027278358,-0.2565024,-0.27871868;-0.4683154,-0.83956605,1.5591435;0.07413748,1.8655832,0.69623816;0.79452854,-0.009476012,0.3676676;0.217764,-0.30979982,0.15856877;1.0541165,1.1446419,-1.3528526;1.4987078,-0.28722587,-0.2457517;-0.104659215,1.975764,0.74156517;-1.4348849,-0.04556756,-1.0434313;-0.58790094,-1.0194179,1.6202946;0.4758178,1.1290132,0.9670249;0.44470397,-0.0014116284,0.62118363;-1.3499863,0.86857367,0.7329444;-0.0054175616,0.16937272,0.46058697;-1.023725,0.5806119,0.7190346;-1.5432687,1.0690224,0.64175844;-0.32200179,-0.8796054,1.4201915;1.1065813,1.3867669,-2.3939774;-0.7335271,1.7836578,0.252971;0.54483163,-1.0274568,-0.56920046;-1.0818375,0.30434915,-0.7368981;-0.69025785,1.7318279,0.27994442;-1.7387667,1.2796452,0.5565679;-1.9216161,-0.09976956,-1.327833;-0.7855932,-1.8916708,-1.4324933;-1.0127777,0.8443728,0.21494591;1.1738559,-0.58279043,0.21860865;-0.800818,-1.7371309,-1.7278395;1.3417704,-0.7239492,0.35597083;-0.09498756,-0.17389902,0.4140767;1.0313284,0.55917984,-0.599926;0.19426869,-1.2808226,1.4120954;-1.0679338,0.71303916,0.568908;0.33184075,1.4878197,0.9127128;0.19224292,0.094526164,0.6458592;0.4233868,-1.44618,1.5085396;-0.39630508,-0.28530452,0.9977057;1.1279659,1.3958244,-2.1588066;-0.6547597,0.15818177,-0.41959098;-1.660261,1.3940159,0.27735275;1.3547497,0.1769419,-0.045425996;1.1832311,-0.16235413,-0.096723944;1.0319339,0.97319406,-1.2991283;0.22604682,-1.3459295,1.4536754;-0.87695277,1.0413835,0.2052326;1.6345755,-0.008935485,0.14002499;1.5009227,-0.8681668,0.17609277;-0.87338257,-0.60138845,1.6063048;1.0380534,0.7203791,-0.846804;-1.5166509,1.1492689,0.7665342;-1.8583591,1.526715,0.31508967;1.3271352,-0.32522038,0.20892951;1.0920782,0.8928254,-0.9868538;-0.26137546,0.760858,0.7358627;-1.4137582,0.07689791,-1.2258402;-0.648955,0.3511959,-0.09724356;-0.59692234,-1.1085057,1.6906012;0.3303901,1.4588614,0.92447823;0.6098748,0.21705797,0.7779912;-0.22648333,-1.4092821,-0.9948034;1.106203,1.2017986,-1.5543132;0.8312952,-0.30151278,-0.41571337;0.29067236,1.5084072,0.87830585;1.865978,-0.712954,0.10098494;-1.0171319,1.0029472,0.26609847;-0.12953146,2.0221908,0.315853;0.736136,0.20303646,0.68168634;-0.47471923,-1.1961005,1.6419402;0.010412517,-0.57378185,0.70046717;2.2083764,-0.5678605,0.18057913;0.065077625,-1.3078158,1.343222;0.22767755,-0.7335452,0.50201285;-0.936891,0.6356833,0.85800207;-1.9804782,-0.09332081,-1.3961263;-0.668658,-1.7587894,-1.3527209;1.1584908,-0.75740474,0.23834988;-1.0454407,0.093994915,-0.78726786;-1.9613922,0.044239715,-1.2909324;-0.46358836,-1.7817026,-1.5651693;0.73298866,-0.6994381,-0.31879753;0.8085909,0.10172395,-0.058121044;-0.239176,-1.5093281,-0.7239489;0.27130693,-1.38417,1.464294;0.26510328,-0.79586643,0.7467501;1.0038503,1.223835,-1.2111434;2.171262,-0.640223,0.13178796;-0.7580926,-1.115318,1.7460593;-0.33543608,-1.231736,1.6261681;-0.061350998,1.8085461,0.92381567;0.931275,0.0030870622,0.7489539;-0.25345525,-0.115929045,-0.36840728;-0.5700071,-1.5352995,-1.6216003;-0.8692243,-1.8585355,-1.9486736;0.48065943,1.2068946,0.93305814;-1.2240945,0.82983804,0.7573841;0.33148265,1.3601586,0.9373237;0.23783158,0.02364335,0.6652847;1.036932,0.9695483,-1.2436087;-0.22956477,-1.1080265,-0.7467563;-1.2700052,-0.8823132,1.6791899;0.8680776,0.3178102,-0.38240826;0.31275135,-1.4486405,1.3058507;-1.9261831,0.012166922,-1.2736093;-0.21690431,1.0741186,0.688764;0.43257257,0.0036718193,0.5063122;-1.3570719,0.12660608,-1.1397324;0.5522063,-0.16026527,-0.1907135;0.035610057,1.1243509,0.77437264;0.4597391,-0.18157819,-0.19516122;-1.5425361,1.2702458,0.27979112;-0.703554,1.6102828,0.29042134;1.0116512,1.1123221,-1.4984062;1.1850077,1.4036843,-2.182567;0.18466862,-1.2658634,-0.7289155;0.5616142,1.0898172,0.9318663;0.8161068,-0.0488677,0.36851427;-0.49877316,-1.8320887,-1.3560085;0.06352047,1.8453438,0.85704607;1.396683,0.22992708,-0.4181013;2.2185445,-0.55790603,0.16370885;-0.29245466,-1.4296148,-0.97437006;0.9952721,0.7265896,-0.8346613;-2.1292713,0.0029212937,-1.3555212;0.46449453,-0.3322526,0.098147415;-0.15104516,-1.1940682,1.4945222;-1.8566498,0.16847458,-1.0822691;-1.9816127,0.124724194,-1.3157427;0.023647904,-1.0951252,-0.6647323;0.85743713,-0.71923363,-0.111900695;0.81623256,-0.3181433,0.32688025;-0.6665205,0.8705563,0.34504703;1.1259642,0.5722529,-0.63139576;1.0960108,1.3889267,-2.3873332;1.9154108,-0.6773777,0.15239589;0.86763585,-0.4821659,0.2359429;-0.108374245,1.9627212,0.689592;-0.28039366,0.57891816,0.31541538;0.18680729,-1.2974851,-0.74942946;0.8800462,1.1932707,-1.6931077;0.5590808,0.26571372,0.9411059;2.1636324,-0.5348194,0.16815703;-0.9401658,0.18606384,-0.67772317;-0.14240828,-1.4366468,-1.0029067;0.3293405,-0.6001363,0.5208187;0.9666224,-0.023824958,0.68983114;-0.48823777,-1.00832,1.5104883;0.795674,-0.6417805,0.49635315;-0.16163549,2.0276818,0.64384604;0.37971297,-1.4169282,1.4981953;0.009439088,1.7476962,0.8213592;-0.6941041,0.35045958,-0.19083714;0.13161045,-0.6701894,-0.34318283;-0.76637703,-1.7675267,-1.6718168;-2.126471,-0.06885108,-1.3554415;0.7641994,-0.24215612,-0.33962932;-0.8037271,-1.8744723,-1.4135034;0.20997559,-0.09075911,0.705751;1.1188333,1.2240583,-1.6474686;-1.0219266,-0.6189065,1.6478988;-0.85793203,-1.6400512,-1.8672539;0.17977403,-0.34489718,-0.041932635;-0.89195484,-0.60906005,1.2359205;-1.0724198,0.0827096,-0.81134886;0.25127614,1.5820618,0.897462;-0.7018791,0.4000072,-0.13007523;-0.47587156,-0.34673974,1.0444161;0.15890406,-0.03543956,0.6718167;-0.44576377,1.7316022,0.40788;-1.0340577,0.64787656,0.7269356;2.0868337,-0.6442039,0.017684827;-1.6930478,1.128003,0.5618464;2.2464626,-0.6768507,0.2487355;-1.809218,1.4048891,0.48627183;-0.23652329,-1.4348803,-1.1043524;0.67753386,0.9905598,0.8998006;-1.9440192,-0.029237574,-1.4324063;-0.017061006,-1.3297615,-0.8467318;0.12180382,1.8068517,0.85783947;-0.3519949,2.0544202,0.141877;-1.4606172,1.0157644,0.5418441;0.8205131,-0.46324816,0.48144796;-2.3009436,-0.029430019,-1.3788043;-1.2411244,-0.8284319,1.7078062;0.58851135,-0.6934889,0.22225663;-0.698585,-1.7417208,-1.4183707;-0.48316377,-1.2436901,1.7639546;1.1806479,-0.5776967,0.59273523;1.0855026,0.82162166,-0.815608;-0.46651596,2.1572876,0.45421037;-0.48227614,0.7809394,0.5789274;-0.5611238,-1.5571996,-1.4931024;-1.457394,1.1000676,0.6938005;-0.35237864,-1.6558124,-1.0058863;0.9139663,0.7646383,-0.6565563;0.82111573,-1.0502785,-0.58752304;0.30605713,-0.3768566,-0.1691202;1.6534159,-0.7578844,-0.019791732;-0.8932425,-1.7556499,-1.9947776;-0.37839365,-0.7639413,-0.4188193;-0.67509127,0.41214636,0.94571835;-1.5424036,1.2350645,0.3771718;0.23186067,0.15654996,0.40291098;-1.1438695,0.7595978,0.83763474;0.65801454,0.2211709,0.77221507;0.49090043,-1.0327244,-0.5047763;0.99055505,-0.78230363,0.34916177;0.07737494,1.8324865,0.85099405;-0.35659012,-1.2078737,1.4742084;-2.0620751,-0.02061272,-1.2971265;0.93773246,1.0273407,-0.92747605;1.1618665,-0.55084807,-0.18228035;-0.4869071,-0.63369316,1.3288366;1.1476811,1.4290351,-2.419036;1.8814981,-0.36500064,0.23760293;2.187967,-0.49318215,0.273791;0.067238115,0.3293857,0.6944262;-0.2450065,0.50774294,0.4498038;-0.45488304,0.008418973,-0.417936;-0.18396844,1.7987425,0.44563988;0.20267911,1.6514813,0.841284;1.0981703,-0.09764034,0.6409438;-0.915683,0.36473975,-0.43312037;-1.7720535,0.0032232106,-1.2358896;-1.1209192,0.85359406,0.68914807;1.3269917,0.31860563,-0.38681838;0.34742308,-1.4227989,1.4260051;-0.6094208,1.6426376,0.33040294;0.04497147,1.8955517,0.71738017;-0.90656596,-0.6836734,1.1974266;-0.7285984,1.7264373,0.2642507;1.1270287,0.9871576,-1.0022038;1.0216162,-1.0993365,-0.51788867;-0.35323828,-1.2290263,1.6323198;-0.92924845,-1.8803699,-2.0176594;-0.947191,-0.61742073,1.4805852;-1.5041102,0.0878819,-0.9054843;-0.015144847,1.710924,0.7105302;0.17013156,-0.27932626,-0.18731499;-0.41465712,-0.27893162,0.8262161;-0.005662079,0.24474992,0.6109503;0.7660428,0.030132914,0.41103572;-1.1763395,0.41917545,-0.75586385;-0.9626088,-1.0614071,1.7331167;-0.023874586,-1.2706096,-0.8623737;0.9910298,1.2443846,-1.8331326;-0.545513,0.33581948,0.9961226;0.013030402,1.7455598,0.85859644;0.35491705,-1.454508,1.4048517;0.6299434,-0.6472278,0.8786033;-0.43832353,0.003822457,-0.3797413;-0.34267953,0.09272007,0.59575146;0.99626076,0.684573,-0.7350327;0.5066955,0.23550138,0.40147036;-0.12312983,-0.2666179,0.29075378;1.1352899,1.3104359,-1.9808985;1.2220286,-0.34220806,0.51403296;-0.27024618,-0.9694812,1.5290275;-0.85594463,0.19651948,-0.6514929;1.108988,-0.36086085,-0.41266993;0.77334505,0.8947585,0.872837;-0.75238514,-1.0982392,1.7334307;0.8086479,-0.5118753,0.815388;-0.22244254,1.3560805,0.6365288;-0.6186972,0.13030565,-0.41892076;-0.8222105,0.18550077,-0.61318547;0.71975386,-0.72592586,0.5232657;-0.33704317,2.0896022,0.25989115;-0.8018012,-1.832793,-1.8125623;1.5746098,-0.9008463,0.1942389;1.4602475,-0.24880084,-0.35447308;1.8629702,-0.38865975,0.24691676;0.6964377,-0.6480867,0.37679777;-1.1164173,-0.71933806,1.6891739;-1.0071328,1.1527557,0.21712051;0.7129804,0.32526323,-0.26509222;0.66614497,-0.826655,-0.5635468;-0.38816136,-0.8531007,1.628001;0.9798508,-1.0416666,-0.32606116;0.25164092,-0.7030281,0.66867274;-1.0237929,0.76623243,0.90008;0.7957336,-0.95689857,-0.29005185;-2.3240418,-0.03151465,-1.3759874;-1.7600378,-0.04253029,-1.2438705;0.3400375,-0.36276194,-0.19833252;-2.310444,-0.01623501,-1.3686225;-0.046772398,-1.0948915,-0.6948317;0.94044936,0.9362133,-1.0533508;-1.5392779,0.0382361,-1.059978;0.06676095,-1.2695714,1.4673754;-1.722112,1.4252447,0.3195828;-0.14729345,-1.103705,-0.847168;-1.4813867,1.1533303,0.72391146;1.1080313,0.95396006,-0.9654903;1.7928833,-0.7273671,0.034191586;0.3083184,-0.85120434,0.85586214;-0.29479218,2.099666,0.565564;-0.5294698,-1.4633075,-0.97499967;-0.7036772,-1.7564094,-1.5959985;-0.3407136,-0.8388327,1.6576568;1.1938229,-0.6844547,0.28366038;0.2955831,-1.4358808,1.374963;-0.08587741,1.8461394,0.46295258;-1.8334999,1.5022554,0.32646587;-0.40265357,1.7762761,0.45666423;1.0290388,-0.017287284,0.8144771;-0.19612661,0.69010645,0.23752528;-2.0630598,0.024607835,-1.365049;-0.15768658,-1.1273398,-0.74099886;1.0748699,1.6008382,-2.3799505;-0.79385245,0.16258687,-0.53780043;-0.31114283,-1.3646405,-0.94729745;1.0566925,1.1040386,-1.1222944;-1.0832294,-0.679058,1.7137786;0.4059972,-0.6525832,0.42757842;-0.73717546,0.88125503,0.32231063;-0.6328254,0.916449,0.30599207;-0.19612116,-1.0670216,-0.68090093;0.2988455,-1.4243692,1.4002312;1.0089148,1.4838189,-2.1568527;-0.7355466,0.4391568,1.0328244;-0.57857955,-0.8501772,1.5686758;-1.2585036,0.6169689,-0.7264714;-2.0255342,0.038811978,-1.3475724;-0.29945406,-1.2254994,1.6150316;0.31187227,-0.8162848,0.80895096;0.5289791,-0.7234296,0.7981257;-0.27184242,-0.4556855,0.7701203;-0.6710195,0.12974554,-0.4823274;0.45953983,-0.060676355,0.63273454;-0.6692344,-1.0326816,1.6816877;-0.83221227,0.54870665,0.98453784;0.76201886,-0.1852412,0.39547443;-1.4139916,0.09472724,-1.0800024;0.73327386,-0.73234975,-0.29045668;0.98416156,-0.22597417,-0.36406463;-1.4907609,1.2234304,0.29163334;0.94103044,1.3163556,-1.388352;-1.7695605,-0.037552368,-1.2478347;-0.5342353,-0.66431344,1.3790332;0.75942457,0.9046252,0.8761515;0.5756872,0.23606834,0.9225627;-0.2421254,-0.9601942,1.4044931;-0.6141791,-1.1344903,1.7072809;0.49293527,1.1417512,0.9546347;-0.5073993,-0.7341522,1.4234716;0.91713023,0.0131711755,0.7478096;-0.31272054,-0.26522276,0.36939088;1.1146913,1.5626211,-2.5840116;2.142812,-0.6717394,0.0725851;0.7272987,-0.58486456,0.8857423;-0.8479636,0.6682797,0.7376754;0.8701527,-1.0866984,-0.56973433;-0.14490156,1.8347882,0.6653511;-0.7811797,1.7778966,0.23929764;-0.90748113,0.7209624,0.33754057;0.51543313,0.3008471,0.4525624;-0.4292908,-1.287972,-1.1107868;-1.7327722,1.3104423,0.5675924;-0.11275862,2.0126126,0.619356;-0.5620969,-1.4766798,-0.94707614;0.39716005,-0.10389612,0.3410354;-1.1915487,0.7984491,0.7689273;-0.9031929,-1.8521472,-1.9553165;-0.10248958,-0.28632993,0.30763525;-0.26529154,-1.5105592,-1.2706664;1.1851405,-0.33612683,0.5707876;1.3672527,0.19246292,-0.35757136;-0.85546285,-1.8645988,-1.9007976;-0.96463436,-1.0161148,1.6829333;-1.402601,1.1059605,0.8617816;0.7980641,-0.18955176,0.36662394;-0.95191276,-1.0122217,1.6839863;-0.8048559,-1.770095,-1.6742138;-0.34287167,1.4409839,0.5261413;-0.96349883,0.58550155,0.82557106;-1.3910339,1.0343547,0.81045324;-1.3095375,0.18608698,-1.0330741;-0.4661154,-1.6278199,-1.5010072;-0.46953747,0.00085987366,-0.36123112;0.8694142,-0.62681913,0.088149175;-0.8746965,0.5013989,0.4066312;0.05414654,-0.93617654,1.1712434;-1.2441396,-0.83045465,1.7147197;1.1130549,0.5153692,-0.56642294;-0.008305973,0.62434864,0.68499935;-0.40016252,-0.52893883,1.026051;-1.30005,0.29050565,-0.8848461;-1.7326463,1.3091795,0.5441457;-0.0054212767,-0.20537882,-0.28929043;0.3262983,-0.7091711,0.7443283;-0.14746992,-0.398984,1.0334004;1.3162515,0.16491933,-0.25806215;-0.019023452,-1.4841133,-0.84015626;-0.3550341,-1.0546923,1.6369928;0.39683345,-1.0059468,-0.33786494;-1.2023124,0.31037605,-0.81777936;0.057475377,-0.9692496,1.200558;1.1401597,1.3952918,-2.505065;1.3635869,-0.07439313,-0.42609602;0.73349744,-0.49733546,-0.06102889;1.2385284,-0.675443,0.6579807;0.740496,-0.17777716,0.6821972;-1.2812676,-0.8834647,1.6883336;0.4474324,-0.6761085,0.5389495;0.98732024,-0.6659386,0.17171042;1.7330047,-1.0090228,0.17081895;0.07625703,0.29691935,0.7169741;1.157814,1.4085937,-2.0956178;-0.6980873,-1.152815,1.750842;-0.9505168,1.1003377,0.18711719;0.8710277,-0.4827195,0.9429883;1.8632072,-0.31510133,0.23432632;-1.8799033,1.5407933,0.3125027;0.21095756,-0.56822133,0.62355787;-0.51071495,-1.8150721,-1.1771549;0.7917574,-0.61671025,-0.3948801;0.33881193,-1.4041901,1.4772199;-0.9916564,-0.6754813,1.6798849;0.8085708,-0.9758515,-0.2988976;-0.97617656,-0.4761929,1.1696868;-0.39020818,-0.80844903,1.433147;1.6255614,-0.03697134,0.10252846;-0.47678986,2.10726,0.40880176;-0.90024036,0.58800864,0.5926389;-0.2249733,2.0903869,0.5902925;-0.85101664,-1.7825351,-1.4888202;0.9259944,1.1643807,-1.9476447;1.1264889,1.4432039,-2.5042064;-0.2090737,0.9951285,0.3275817;1.4635849,-0.3084116,-0.17927533;0.0073887594,-0.25328538,0.46809974;0.2959709,-1.4341304,1.3727721;-0.638591,-1.1442542,1.7208929;0.009616258,-1.3104097,1.4711457;-0.014159328,-0.09510115,-0.33316818;-2.0765529,0.13926159,-1.1697738;0.17003603,1.6460812,0.8189449;-0.6317141,-1.716136,-1.6960933;-0.36059478,-0.007966754,-0.38944063;-0.3269595,-0.022815486,0.48423573;-0.8776415,0.8454777,0.14402886;0.7803147,-0.5519355,0.8951455;-1.7110347,0.06139782,-1.1882265;-0.23887295,-0.20169112,-0.03212502;1.7509918,-0.9120653,0.010320357;0.8929909,-0.6842638,-0.09164203;1.020631,1.3414502,-2.0990274;-0.7017043,1.7005248,0.27542287;-0.62139827,0.10575258,-0.45801297;-0.66464263,0.41177064,0.91484386;1.3238872,-0.57748604,0.31795728;0.8698298,0.13997339,0.7504455;-0.49874547,-1.5142642,-1.1794133;-0.22996803,1.0674949,0.5501217;0.8889784,-0.46683836,0.68960905;0.07765227,-0.20875362,-0.28307167;0.9527357,1.1616925,-1.531867;0.4983513,-0.7347684,0.6598079;1.1023073,0.93110555,-1.0251901;1.8428233,-0.47612542,-0.054309756;0.39950678,-1.4443556,1.4786823;1.2838234,-0.43825343,0.38262945;1.1401597,1.3952918,-2.505065;-0.6925884,-1.1643915,1.7675579;1.459929,-0.8266094,0.40710518;-0.9661712,0.28978363,-0.60431755;-1.2487835,0.562799,-0.7444919;-0.17184582,-1.1004922,-0.73686254;0.11612222,-0.7157088,-0.3541801;-0.50778127,0.05933913,-0.3903936;0.45903587,0.017197618,0.5748093;1.0145444,0.5952982,-0.65223163;1.0017061,-1.0708551,-0.4448944;0.20832272,-0.61784273,0.68601465;-0.2249773,-1.070132,1.3289304;-0.37322468,1.0255775,0.7630267;1.5267515,-0.8454334,0.12651077;0.21559364,-1.0751157,-0.59115356;-1.1908296,0.8044143,0.7837456;-0.48587394,2.0370402,0.38972032;-0.73029,0.30067647,-0.2983458;1.7072153,-0.9562794,0.029120747;1.0553842,1.2715516,-1.8618582;-0.24239558,-1.4074944,-1.0716367;-1.2701297,0.22357528,-0.92453843;-1.1139799,0.25513157,-0.77480054;-0.45378053,-1.3090249,-1.180772;1.107378,1.4476852,-2.4081752;-0.9428297,0.16550422,-0.65587986;1.4547491,-0.966923,0.05065071;-0.9979585,-1.8754184,-2.091395;-1.862361,0.08345464,-1.1475555;-0.17465952,-0.012014235,-0.36671;1.5316167,-0.92496026,0.27706555;0.3405997,-1.0002714,-0.5084095;-0.5430052,-0.4994536,1.231258;1.4837705,-0.2814182,0.32168698;1.0810101,0.87694633,-0.9681979;0.56339836,0.26265326,0.90183467;0.39880988,1.3601285,0.916488;-0.38323683,0.7155178,0.53566474;0.7563285,-0.6168334,0.39094988;-0.38359013,-1.2346127,1.6490855;0.2499232,-0.8016627,0.6999619;-0.27852747,1.138291,0.55389875;2.0620377,-0.65131396,0.0038475746;0.13090596,-0.35329825,0.006063116;1.0716493,1.3093978,-1.8940353;0.2925722,1.5045773,0.890572;-1.6088978,1.1977704,0.57609576;-0.32597148,-0.34414688,0.90089905;2.2357275,-0.52713025,0.2339709;-1.4685241,0.11503215,-1.0303104;0.55704087,-0.20690046,-0.19016024;-2.15528,0.16444911,-1.276979;-0.24061847,1.7229373,0.47398478;0.8589214,-0.5618055,-0.52873546;-0.52561337,-1.4792325,-1.2673002;1.0275859,1.027356,-1.3372087;1.1956068,-0.3388936,-0.51168615;0.9923665,0.71377224,-0.67460144;-1.1166201,0.692754,0.78190994;-0.4998985,-1.6824166,-1.6693549;1.0886086,1.3793133,-1.9752698;1.1502191,-0.29270056,-0.32146892;-0.34777796,1.2733111,0.33330527;-0.2791743,-1.1199449,-0.7320234;-0.33662772,-1.5287112,-1.4696646;0.825103,-0.6580854,-0.5322639;1.9716169,-0.4510022,-0.039327234;-1.4223601,0.00011853922,-1.0440907;0.2868777,-0.7832975,0.58922875;-1.4283966,1.1656314,0.38279048;0.49461338,0.21214971,0.39404285;1.0989045,1.382642,-2.0070255;1.1667686,-0.34128693,-0.38960624;0.7752335,0.8916807,0.87044466;-1.8633338,1.5234224,0.3260597;0.21895298,-0.2896983,0.23233193;0.8686065,0.17789358,-0.3038269;1.9486562,-0.56788975,-0.07798613;0.25715315,-0.3221374,0.15849753;-0.40626332,-1.5641185,-1.5093207;-0.11593293,-1.3349421,-0.87869424;-0.3855361,-0.0034243749,-0.38159645;-1.1964432,0.2582607,-0.8341714;-1.0832016,0.9994336,0.36575353;-0.71922535,-1.7874196,-1.836912;-0.87672895,0.62122476,0.9211751;0.1435773,1.7285223,0.72092897;-0.27652168,0.44597617,0.35213587;-0.09896698,0.091966294,0.54924965;-0.35206056,-1.6092826,-1.3645799;-1.5483054,1.1678905,0.72238576;-0.9120807,-0.54383594,1.1839051;-0.40154657,2.065615,0.3230246;-0.24526659,0.45807153,0.4311178;0.26326805,-1.0522466,-0.5604472;-0.33992332,-0.13223301,0.93514717;1.118355,1.565542,-2.372698;-0.10504173,-1.0793855,-0.697957;1.0633545,1.1571743,-1.0989262;-1.0491205,-0.6649809,1.682425;1.4919147,-0.2671016,0.2755193;-0.21210428,0.04014703,0.4479813;-0.21159454,2.0857232,0.54346;1.2143034,-0.19499,0.5210009;-1.6895177,1.2502944,0.5620611;1.0990404,0.9025918,-1.1709808;1.1157526,1.2586238,-1.9642082;1.2939665,-0.59938323,-0.36947057;-0.26919407,-0.55481476,-0.29050767;-0.5937889,-1.7110798,-1.7423234;0.79163134,-0.7455048,-0.24759182;0.70073545,-0.22726154,-0.24643075;1.9338971,-0.4971093,-0.11437349;0.98699546,1.1740335,-2.178842;-0.86453825,-0.65871334,1.4773235;1.0202835,1.3208194,-1.8327767;-1.5787957,1.1251359,0.60510814;-0.4432808,1.225923,0.2945056;-1.0566154,0.093683176,-0.796858;0.34699446,1.3142353,0.95018005;1.1935284,-0.46275094,0.54555;-1.0856032,0.8235234,0.9294115;-1.0080845,-0.9204788,1.6650691;0.06452264,-0.5836883,0.69848096;-0.7233913,-1.5709044,-1.8522547;-0.9116819,0.6302095,0.07444326;-0.39117965,1.5103573,0.43943265;2.1310492,-0.6519909,0.07585982;0.93178314,0.93341917,-1.0020064;-0.47036436,1.6231062,0.40883;-0.32283464,-0.5806206,1.1961173;1.8268678,-0.32386965,-0.06329744;0.86970425,-1.0853142,-0.54901475;-0.92130554,0.83732677,0.1749716;-0.45397583,0.008252888,-0.42264134;1.7329876,-0.7694068,0.02912952;-0.15054588,-0.17898116,-0.29398105;-0.79103917,0.4760588,0.8739174;-0.5597009,-0.5750125,1.3485401;1.1444304,0.41530877,-0.4698014;-1.1215643,-0.7037921,1.6219264;-0.13486329,2.0027523,0.6977492;-0.23011783,0.8332991,0.63198906;1.5969452,-0.9313891,0.22255675;-1.6703066,0.03447026,-1.15659;1.0822337,1.2257339,-2.0531473;0.91836494,-0.30655694,-0.44615993;1.766407,-0.5880252,-0.047204528;-0.3176836,2.0748074,0.22155894;-0.81521183,-0.59124345,1.6665956;0.50876325,1.1793555,0.93270946;-0.12007665,0.4147918,0.6824919;1.0308349,0.5311494,-0.60080326;1.2676191,-0.27895442,-0.28384444;-0.25897148,1.293009,0.63425046;1.2031158,-0.3263073,-0.4287269;-0.3329628,0.0047072712,0.314601;2.2887406,-0.5892905,0.18182266;0.5875139,-0.7324723,0.13813259;-0.94246495,-1.8363972,-2.0335784;1.0950041,-0.5851097,-0.09214576;2.3551567,-0.63316476,0.14346975;0.59555113,0.1932432,0.67827725;-0.7770332,-1.8977267,-1.7431426;-0.66431016,1.7267243,0.2921142;-0.34098443,0.7990488,0.5306972;1.9723083,-0.52698296,-0.09377895;-0.28901964,1.1215483,0.64863086;2.2049274,-0.5720854,0.18816042;-1.436819,1.2649382,0.33061174;1.4320364,0.15474808,-0.40078378;-0.3608751,1.4550759,0.47881103;0.25581795,-0.6821658,0.7435414;-0.6998223,1.7484183,0.2646264;-0.6555443,-1.6815237,-1.4448533;-0.78454727,-1.178253,1.7775742;0.193921,-0.55873835,0.79024833;-0.57779455,0.35992318,0.95754987;-0.19545805,-0.32631886,0.9527453;-0.7931881,-1.8289478,-1.8114853;1.3634675,-0.8868054,0.010676646;1.0483534,-0.23640428,0.046681702;-1.1278365,0.7442928,0.8142718;-0.41591376,-0.1339066,1.0158961;0.35244402,1.2378421,0.91483533;0.4415059,1.2493768,0.9339584;-0.8613387,0.21098451,-0.5194206;0.18555954,-0.9071163,-0.46734548;-0.16243456,0.06634759,0.52669877;-0.8062391,-1.8461769,-1.8042911;1.2458154,-0.7191027,-0.19525212;1.0945433,1.2301477,-1.6346135;-0.94189054,0.7411613,0.9317888;1.2301974,-0.6274353,0.3288309;-0.3176492,2.1082478,0.5515519;1.4109871,0.20936568,-0.42819336;-1.042633,-0.9991488,1.7227077;1.7572261,-0.24345174,-0.053384375;-1.9652843,0.15969402,-1.0941803;-0.37667033,-1.5564259,-1.4208502;1.0176169,1.1824257,-1.2921082;1.8825673,-0.5387014,0.21402921;-0.15522009,-0.14016375,-0.3450634;-0.06900384,-1.2124748,1.4668335;1.0722488,1.2236342,-1.6719813;1.827559,-0.48698005,-0.13313688;1.4963834,-1.3906763e-05,-0.04542237;-0.7754833,1.3893938,0.23261786;1.0917369,-0.09678916,0.5544306;-0.63070536,-1.6334281,-1.5772471;-0.12593946,-0.68938607,-0.34367645;1.1005079,-0.32976475,-0.38814828;-2.0224557,0.024631158,-1.4637618;0.39403552,-0.6664763,0.4186847;-0.81905115,-0.5696782,1.6884278;-0.8731233,-0.62048453,1.6795237;1.6909523,-0.6752659,0.020564089;0.9474384,-0.09204887,-0.30383113;1.2687391,-0.3402791,-0.44663244;-0.97173214,-0.6993828,1.4610541;-0.6105673,0.28554168,1.0641752;1.4288324,0.05683925,-0.12919937;0.2781635,-1.4205803,1.3587083;-0.99681973,-0.5446566,1.3253242;0.13366288,-1.3326881,1.3955281;-0.4138046,-0.37162143,1.0325224;-0.27749237,-1.2476852,1.5468775;-1.0444914,0.118091695,-0.7761815;0.28131664,1.4570092,0.8815582;1.0246315,0.97598314,-1.3453189;0.2894324,-0.98731905,-0.5055488;-0.041820686,1.7489616,0.80665904;-0.5713433,0.09848692,-0.37346113;-1.8118298,1.4956346,0.31867933;-0.9000632,-1.7665504,-2.0017207;-0.06481614,-1.2339089,1.4805161;0.34434065,-0.5716033,0.2413536;0.0057381806,-0.6267325,-0.30985817;-1.4225491,0.94569665,0.62919647;-1.0964589,-0.70217764,1.6180134;-0.8194142,-1.7482159,-1.7797048;-1.7711054,1.3566679,0.5215723;0.15043625,0.21826072,0.56466323;0.49724275,0.18984582,0.38196087;-0.46190104,-1.6549532,-1.556224;1.1040049,-0.62325287,0.040376652;-0.2079184,-0.23551856,-0.1750472;0.52412164,-0.5145612,0.2735693;0.75463283,0.2556678,0.75038505;-0.496095,-1.2236471,1.6982856;-0.94714993,0.72692615,0.31983748;-0.38680327,-0.077082016,0.70816916;1.7393795,-0.96530324,0.09232196;-0.2520329,-0.092123106,0.40222406;-0.5735635,-1.2144676,1.7457463;-0.37708902,-1.1419407,1.4828284;-0.89270645,0.68135744,1.0111893;0.84167534,-0.19836906,0.3641531;2.2108407,-0.54237807,0.21888974;-0.12572348,-1.1203498,-0.736191;0.11868803,1.8090363,0.81234026;-0.5050242,-1.4573579,-1.0632168;-0.5542864,0.93483275,0.8030451;-0.4726052,1.0832471,0.31141007;-0.3596199,2.1202188,0.5255846;0.6371824,-1.0173954,-0.34243917;-1.5615752,1.2072848,0.7535497;0.27053738,-0.3707819,-0.030662443;0.7413279,-0.055143766,0.7285504;1.1737033,1.5908282,-2.2859364;0.93949723,0.0134147545,0.7599886;-0.16841596,-1.3526899,-0.8897791;1.4897586,-0.8916531,0.22375344;-0.29947907,-0.55766875,-0.2649076;-0.5319906,-1.649444,-1.728139;-2.158401,0.021873502,-1.3335067;1.4287736,-0.9268031,0.08510637;1.1047708,-0.2032248,-0.07141955;0.58259195,1.1021794,0.92115736;-0.95930254,-0.56461,1.3628156;-0.86809087,-0.6125958,1.6394838;0.8735989,0.20021856,0.7810422;1.9872569,-0.38089362,0.19832042;-0.9120215,-1.8599794,-1.9899265;-1.7333639,0.005685013,-1.2209365;-1.422722,1.1016847,0.82979995;-0.28515264,-1.4115648,-0.9612555;1.0592507,-0.24611385,-0.14179724;0.06338668,-0.5687385,0.74128944;1.3936527,0.0966839,-0.34304294;-1.4879231,1.219378,0.26073602;-0.9727357,0.99212074,0.21080756;-1.9263744,-0.08857484,-1.3746338;-0.41156828,-0.8255472,1.4995646;1.005257,0.6779136,-0.8383686;0.8110242,0.84859365,0.85722;-1.3640994,0.12364345,-1.0520964;0.5901817,1.1918769,0.90280586;1.1232204,1.5275284,-2.4716501;-0.46100157,1.6236358,0.41692337;-0.18735053,0.97652537,0.3424656;-0.17724895,-0.37384635,1.0029237;0.07492461,1.69546,0.75859064;-0.6324704,0.1601275,-0.37263197;-1.4894099,1.096608,0.74715376;-0.11351826,0.07718284,0.4661322;0.6032657,-0.36907417,0.31784505;1.1757975,-0.55060947,0.5452607;0.9699498,-0.30203316,0.94256186;-0.6853444,-1.2010754,1.7752863;0.21723193,1.1258706,0.89205897;-0.07219937,1.3815882,0.7149943;-0.55765647,0.06378111,-0.43781498;-0.96289885,0.8730584,0.3677406;-0.38340327,2.1249127,0.50966173;1.093922,1.2668775,-1.9085135;1.0691215,0.9505968,-0.9130407;1.6924529,-0.9828498,0.048319653;-0.338156,-0.6453398,0.9873036;-1.7020428,1.3798448,0.3740069;-2.1864476,-0.051587105,-1.4432533;0.46127108,-0.5448637,0.25379848;0.47384194,-0.45548695,0.35215086;0.10120119,0.30351332,0.7065395;-0.492861,1.6352253,0.3939423;-1.0042013,0.22919433,-0.70635414;-0.41021296,-0.7790017,-0.429509;-0.04566259,-0.14884444,-0.3043178;0.10878907,-1.3009375,1.3993373;-1.6271863,1.2041243,0.6690512;1.5712801,-0.08281261,0.041792743;2.2454321,-0.5677287,0.14381957;-0.39065543,-0.5343757,1.0899812;-0.19211785,-0.988656,-0.6034399;0.33099467,-1.0003792,-0.47380805;1.1189849,1.5614562,-2.425917;1.4986998,-0.019350784,-0.0789925;-0.9716308,0.62666255,0.800509;1.5453756,-0.3151877,0.0187714;1.0320443,1.278771,-1.8299556;-1.4952132,0.07316167,-1.0160099;0.9188754,1.1394346,-1.8189913;-1.0843997,0.63291204,0.5922595;1.3471491,0.16613652,-0.09972249;-0.68793464,-0.51589906,1.2887856;-0.2271027,1.2021389,0.6088101;2.2192714,-0.49766544,0.12209482;0.5247086,-0.707533,0.782403;-1.462385,1.1168966,0.75849956;-0.7302851,0.14995457,-0.53526896;0.98438793,0.7843545,-0.92218816;2.132975,-0.4443127,0.17696129;-0.23683509,0.9532566,0.62971646;0.59867215,-1.0224268,-0.35768884;0.14644235,-1.0797447,-0.6156275;1.286063,-0.831095,-0.04760788;-0.06055511,0.6908193,0.66801924;1.0282841,1.2790978,-2.0070019;1.1503596,1.5462598,-2.6242063;-0.7769958,-1.6367185,-1.7988782;-2.2937632,-0.023042805,-1.3757629;-0.3209871,-1.6182948,-0.9983324;-0.072369896,0.2014517,0.4538913;-0.20837371,-0.90112364,-0.5318407;-2.116952,0.021132663,-1.3604661;-0.93338174,0.70535845,0.43825233;-0.07193661,0.98877126,0.702939;0.8774676,1.1750208,-1.6361797;0.92326325,0.025948124,-0.2707748
