data_set
babi-q1
num_classes
6
data_points
1000
model
saved_models/babi-q1-e0071.ckpt
color_schema
#4E79A7,#F28E2B,#E15759,#76B7B2,#59A14F,#EDC948,#B07AA1,#FF9DA7,#9C755F,#BAB0AC
test_accuracy
0.681
test_loss
0.8686839027404785
train_accuracy
0.712125
train_loss
0.7894071862697601
val_accuracy
0.708
val_loss
0.8403249821662903
labels
12,9,15,12,15,12,11,12,17,17,15,11,17,10,10,15,11,15,17,15,12,17,17,12,10,10,10,15,15,15,12,17,15,15,9,17,9,11,15,10,9,11,9,12,11,15,12,9,17,10,10,17,11,11,15,10,15,12,11,12,12,17,9,11,11,15,15,9,17,17,11,12,11,10,9,15,15,15,12,17,11,9,10,11,17,11,11,12,15,15,9,9,12,9,9,15,15,15,10,10,10,9,17,11,11,12,10,9,17,10,9,9,15,12,15,11,17,15,9,17,10,9,10,12,10,17,11,11,11,9,11,12,9,11,15,9,17,15,9,9,17,12,12,17,10,15,15,15,15,15,11,11,9,17,10,9,11,10,17,12,10,10,10,11,9,11,11,11,15,10,17,17,11,9,9,17,15,10,17,17,12,12,12,12,10,9,17,11,15,17,12,15,11,12,12,11,17,15,9,10,12,17,17,10,12,9,15,12,9,12,9,10,12,10,9,10,9,12,12,9,9,12,15,12,10,17,12,11,9,9,17,11,12,17,12,10,10,10,10,17,12,15,11,11,15,15,11,11,11,11,10,17,9,9,10,10,17,17,15,11,11,17,12,17,17,9,11,10,9,10,15,17,17,15,9,17,15,12,17,9,9,11,17,17,11,17,9,17,11,9,15,15,10,15,15,11,11,12,12,9,9,9,9,17,12,11,9,17,17,15,11,11,17,10,11,17,10,17,17,11,11,15,15,11,11,9,10,11,11,10,15,17,15,10,10,17,12,17,12,12,12,11,17,15,11,17,12,12,15,15,10,11,11,10,10,9,17,12,11,12,11,9,11,11,11,11,11,12,12,12,12,12,11,11,17,10,15,9,9,10,9,10,10,17,17,15,17,17,17,15,15,12,9,10,17,17,10,17,9,11,10,11,10,15,17,15,12,10,11,15,10,11,9,12,17,10,10,15,12,9,12,12,9,12,10,15,15,17,10,10,17,15,15,15,17,11,15,9,10,11,10,12,9,11,10,11,10,12,11,15,15,15,15,11,9,15,10,12,11,12,9,11,10,17,11,11,10,10,10,17,12,17,17,9,15,11,9,15,11,9,10,10,12,12,11,10,9,12,10,9,15,10,10,11,11,15,15,10,12,12,15,11,9,12,9,15,10,17,17,10,10,17,10,10,17,9,9,10,12,11,17,17,12,12,11,12,17,11,11,12,11,11,11,17,9,11,10,12,12,10,11,17,12,12,15,11,15,15,12,10,10,9,17,10,15,12,15,10,10,10,11,10,11,15,10,9,9,15,10,10,10,10,15,15,17,9,10,12,10,10,12,12,11,15,10,10,11,12,10,10,17,12,17,11,9,9,17,17,11,10,10,10,15,15,17,11,15,12,11,10,15,17,9,11,9,17,15,12,15,17,11,17,17,15,9,10,9,9,10,10,9,10,10,15,11,11,11,15,12,9,11,11,10,17,11,11,12,17,15,15,9,11,15,15,11,9,15,15,11,15,15,15,11,10,10,9,17,17,17,17,10,10,17,9,15,9,17,12,12,12,15,15,15,17,9,11,9,17,9,12,11,9,9,17,11,11,11,10,15,10,12,12,9,9,17,12,12,9,17,12,11,11,15,15,12,11,12,17,12,17,11,12,11,17,17,11,17,9,11,9,10,10,12,17,10,12,9,9,9,15,11,11,15,17,9,10,9,12,17,15,17,17,12,10,12,11,11,17,15,9,17,10,9,11,12,15,9,15,12,10,9,10,17,17,15,15,9,9,9,17,10,17,17,9,12,17,17,12,12,11,11,11,11,17,11,17,17,17,17,17,12,9,17,10,17,11,10,10,12,12,11,11,17,12,12,17,17,15,11,17,11,11,9,12,9,17,9,10,9,15,11,9,11,15,10,9,9,9,17,12,11,11,17,15,15,10,10,11,11,17,10,12,9,10,10,10,10,10,15,17,9,11,17,15,12,11,10,10,15,12,10,11,12,12,11,11,11,15,12,17,10,12,17,17,12,10,10,12,17,10,11,17,11,12,17,17,11,12,11,17,9,9,11,17,11,11,15,15,17,17,10,10,17,12,11,15,12,11,11,10,9,12,12,15,10,9,17,15,17,9,17,17,10,17,15,12,12,11,10,10,10,17,17,15,12,17,9,9,15,10,12,15,15,15,17,17,15,11,15,10,12,9,9,10,11,11,9,9,12,15,9,15,9,12,12,10,17,17,10,12,15,9,10,17,11,11,11,17,9,9,11,15,11,11,11,15,12,17,9,10
pred_labels
12,9,15,12,15,12,11,12,17,9,15,15,11,10,11,15,11,15,12,11,12,17,12,12,11,10,10,15,11,15,12,17,15,15,9,17,9,15,11,17,9,11,11,15,11,15,12,9,17,10,10,17,11,15,15,10,11,12,12,17,12,17,9,11,15,15,17,9,17,9,11,12,11,10,9,15,17,15,15,17,11,11,10,17,17,11,11,12,15,15,9,9,12,9,11,15,15,15,10,15,10,9,17,11,11,12,10,9,17,10,9,9,15,12,17,11,15,9,15,17,10,9,9,12,9,17,11,17,11,11,11,10,9,10,10,9,17,15,9,9,17,12,17,9,10,15,10,15,15,11,11,11,9,17,10,9,10,10,17,12,10,9,10,11,9,11,17,15,15,15,17,17,17,9,12,17,15,10,17,17,12,17,12,12,12,9,17,11,15,17,12,15,11,12,12,11,15,17,9,10,17,17,15,10,10,9,11,12,9,11,11,10,12,10,10,10,12,12,12,11,9,17,15,15,10,17,9,11,9,17,17,15,12,12,17,10,9,12,10,17,12,15,11,15,15,15,11,9,15,11,10,10,9,10,10,10,17,11,15,11,11,17,12,17,11,11,11,11,10,10,15,17,17,15,11,17,15,12,12,9,9,11,17,11,11,17,11,10,11,9,15,9,10,15,15,11,11,11,12,12,9,12,11,17,17,11,9,9,9,15,11,10,11,10,12,17,10,17,15,11,11,15,15,11,10,9,10,11,15,15,15,17,17,17,15,17,12,9,12,10,12,11,17,15,11,17,15,12,11,15,10,10,11,10,9,9,17,12,11,12,11,9,11,11,9,11,10,12,12,11,12,9,11,11,17,10,15,9,17,11,9,10,12,17,15,15,17,17,17,12,15,12,11,10,9,17,10,17,10,11,10,11,10,15,10,15,17,17,17,15,10,11,9,12,17,10,11,11,11,9,12,9,9,10,10,15,15,17,10,10,17,11,15,12,17,11,9,11,10,11,11,12,11,11,10,11,17,12,11,15,15,17,15,11,9,15,10,10,11,12,9,9,12,17,11,11,10,11,10,17,12,17,17,11,15,11,9,15,11,9,11,17,12,9,11,10,9,12,10,9,15,10,10,10,10,15,15,10,12,15,15,11,9,10,9,15,10,17,9,10,10,17,10,17,12,9,10,9,12,11,17,17,12,12,11,12,17,11,11,12,11,10,11,12,11,11,10,12,17,10,11,17,12,12,15,11,15,12,12,10,10,9,17,17,15,12,15,10,9,9,11,10,10,15,11,9,11,15,10,12,10,11,15,11,17,9,10,9,9,9,12,15,11,11,10,10,11,12,10,10,17,17,17,11,11,9,9,11,9,10,10,10,10,15,17,11,15,17,15,10,15,15,11,17,9,17,15,12,10,17,11,9,9,17,10,10,9,11,10,10,9,10,15,9,11,11,11,15,12,9,11,10,10,17,11,15,12,17,17,11,9,11,10,15,11,9,15,17,11,15,15,12,12,12,12,9,17,17,9,11,10,11,17,9,17,9,17,12,10,9,15,15,15,17,11,11,9,15,9,12,11,9,9,17,11,11,10,12,15,10,12,12,9,11,17,12,11,9,12,12,11,11,15,15,10,11,12,17,17,17,11,12,10,17,11,11,17,9,15,9,10,12,12,17,11,12,9,9,9,10,11,15,9,15,9,10,9,12,17,15,17,10,12,10,11,11,17,15,11,9,9,9,17,11,12,15,12,10,12,10,9,10,17,17,10,15,9,15,9,17,10,17,12,9,11,9,9,12,10,12,11,9,12,15,11,17,17,17,17,9,12,11,17,11,17,11,10,9,12,11,11,17,11,12,15,17,17,15,11,17,11,11,9,12,10,17,12,10,9,15,11,15,12,9,10,9,10,11,17,12,11,9,11,15,15,10,10,11,12,17,10,12,9,10,10,10,17,10,15,17,9,12,17,17,12,11,10,15,11,12,10,11,12,12,12,11,9,15,11,17,10,12,15,15,15,10,10,12,12,12,11,17,11,12,17,17,11,12,15,10,9,17,11,12,9,11,15,17,9,17,10,10,12,9,11,15,12,11,9,17,9,12,12,15,10,9,17,15,17,9,9,9,11,17,17,12,12,12,12,15,10,17,17,17,12,17,9,9,11,15,12,15,11,15,11,17,9,10,10,10,12,9,17,15,11,11,9,9,12,17,9,15,9,12,11,10,17,10,9,9,15,9,9,10,11,11,10,9,9,9,11,15,11,9,11,15,12,17,9,11
pred_correctness
True,True,True,True,True,True,True,True,True,False,True,False,False,True,False,True,True,True,False,False,True,True,False,True,False,True,True,True,False,True,True,True,True,True,True,True,True,False,False,False,True,True,False,False,True,True,True,True,True,True,True,True,True,False,True,True,False,True,False,False,True,True,True,True,False,True,False,True,True,False,True,True,True,True,True,True,False,True,False,True,True,False,True,False,True,True,True,True,True,True,True,True,True,True,False,True,True,True,True,False,True,True,True,True,True,True,True,True,True,True,True,True,True,True,False,True,False,False,False,True,True,True,False,True,False,True,True,False,True,False,True,False,True,False,False,True,True,True,True,True,True,True,False,False,True,True,False,True,True,False,True,True,True,True,True,True,False,True,True,True,True,False,True,True,True,True,False,False,True,False,True,True,False,True,False,True,True,True,True,True,True,False,True,True,False,True,True,True,True,True,True,True,True,True,True,True,False,False,True,True,False,True,False,True,False,True,False,True,True,False,False,True,True,True,False,True,False,True,True,False,True,False,True,False,True,True,False,True,True,False,True,False,True,False,False,True,False,False,True,True,True,True,True,False,True,True,True,False,False,True,True,False,True,False,True,True,True,False,True,True,True,True,True,True,False,False,True,False,False,True,True,True,True,True,False,True,True,True,False,True,True,True,True,False,True,True,False,False,True,True,True,False,True,True,True,True,True,False,True,False,True,False,False,True,False,True,True,False,False,True,True,False,False,True,False,True,True,True,False,True,True,True,True,True,False,True,True,True,False,False,True,True,False,False,False,True,True,False,True,False,True,True,True,True,True,True,False,True,False,True,True,False,True,True,False,True,True,True,True,True,True,True,True,True,False,True,False,True,True,False,True,False,True,True,True,True,True,True,False,False,True,True,False,True,False,True,True,True,True,False,True,True,False,True,False,True,True,True,False,True,True,True,True,True,False,True,False,False,False,True,True,True,True,True,True,True,False,False,False,True,True,False,True,False,True,True,True,True,True,True,True,False,True,False,True,True,False,False,True,True,False,True,False,True,True,True,False,True,True,True,True,False,True,True,True,True,True,False,True,True,True,False,False,True,True,True,True,False,True,True,True,True,True,False,True,True,True,True,True,True,False,False,True,False,True,True,True,True,True,True,True,True,True,False,False,True,True,True,True,False,True,True,True,False,True,True,True,True,False,True,True,True,True,False,False,True,False,False,True,True,True,True,True,True,True,True,True,True,True,True,True,False,True,False,False,True,True,True,False,True,True,True,True,True,True,True,True,False,True,True,True,True,True,False,True,True,True,True,False,False,True,True,False,True,False,True,False,True,True,False,True,False,True,False,True,True,True,False,False,False,True,False,True,False,True,True,True,True,True,True,True,False,True,True,False,True,False,False,False,True,True,True,False,True,True,True,True,False,False,True,True,False,False,False,True,True,True,True,False,True,True,False,False,False,False,True,True,False,True,True,True,True,False,False,True,True,True,True,True,True,True,False,True,True,True,False,True,True,False,False,True,True,False,True,True,True,True,False,True,True,True,False,False,False,False,True,True,True,False,False,True,False,True,True,False,True,True,True,False,False,True,True,True,True,False,True,True,False,True,True,True,True,True,True,True,True,False,False,True,True,True,True,True,False,True,True,False,True,False,True,True,True,True,True,False,True,True,True,False,True,True,True,False,True,False,True,True,True,False,True,True,False,True,True,False,True,True,True,True,False,True,False,False,False,True,True,True,True,True,True,True,False,True,True,False,True,False,False,False,True,False,False,False,True,True,True,False,False,True,True,True,True,True,True,False,True,True,False,True,True,True,True,False,True,False,False,False,True,False,False,True,False,False,False,True,True,True,True,True,False,True,False,True,False,True,True,True,False,True,False,True,False,False,True,False,True,True,True,True,True,True,True,True,True,False,True,False,True,True,True,True,False,False,False,True,True,False,False,True,True,True,False,False,True,True,True,True,True,False,True,True,True,True,True,True,True,False,True,True,True,True,False,True,False,True,True,True,False,False,True,True,True,True,True,False,True,False,True,False,True,True,True,False,False,False,True,True,True,False,False,True,True,True,True,True,True,True,True,False,False,True,False,True,False,False,True,True,False,False,True,True,True,False,False,True,True,True,True,False,False,True,True,True,True,True,True,True,True,True,True,False,False,False,True,False,True,True,False,False,False,True,True,True,False,True,True,True,True,False,False,True,True,False,True,False,True,False,False,False,True,True,True,False,False,True,True,True,True,True,False,True,True,True,True,False,True,True,False,False,False,True,True,False,False,True,True,False,False,True,True,True,True,True,False,True,True,True,True,True,False
p2d-kl
0.7758771181106567
p2d-iter
599
p2d
-1.205026,-0.55113125;-0.7673569,-0.96442276;-0.4456008,1.9565241;-0.8703602,0.48794445;-0.48173696,2.1372645;-0.82647455,1.3099686;-0.013777276,1.3471537;-0.8886592,1.0391104;-0.43676302,-0.22194168;-0.35007158,-0.9282559;-0.4889604,1.8344266;0.8742068,-1.068471;0.0824647,1.0466713;0.35854986,-0.68104476;0.8878655,-0.7497524;-0.48964155,2.00138;-0.108613,1.5831347;-0.465843,2.026243;-0.87043333,0.5232382;0.59057283,-0.90076125;-1.19445,0.32876903;-0.57717836,0.028893465;1.0995163,-1.2659631;1.8530716,-0.98390836;0.105163455,-0.6237483;0.41086414,-0.8378462;1.4429969,-0.9246336;-0.55539954,1.3698227;-0.11773133,-0.5499116;-0.9594996,-0.28105348;0.7525014,-0.9952193;-1.2707691,1.0839607;-0.47705546,1.912749;-0.41363436,2.0326357;-0.81908804,-0.6079945;-1.3356036,0.64613587;-0.81121737,-0.8065616;0.49798435,-1.0032089;1.828135,-0.93242085;-0.7284612,0.1791998;-0.31793502,1.059238;-0.03370501,-0.81242985;-0.09258393,-0.33669198;-0.051384177,0.50655437;-0.0045591253,-0.11982771;2.2197063,-0.8993594;-0.7633138,0.38626352;-1.2153875,-0.232642;-0.45683914,0.07729384;-0.489109,0.34447172;-0.51421493,0.87925124;-1.3473796,0.63725257;1.9023148,-0.894275;1.042817,-1.0176073;0.093586594,1.0593393;1.7640337,-0.72168905;2.4054759,-0.8355786;0.027220776,-0.36075342;-0.79669565,1.4525213;-0.62400126,-0.8497455;-0.2969847,-1.0235476;-1.1357744,0.9625762;-1.215348,-0.6387761;-0.030555397,-0.106768146;-0.816825,-0.37983477;-0.46933353,2.165746;2.0676699,-0.9953392;1.901644,-0.70573866;-0.6159601,1.7811991;-0.5255864,-0.752121;0.10050052,0.51525116;0.7502186,-1.0055467;-0.07777772,0.42816114;-0.37999055,0.3918204;-1.3395505,-0.22436339;-0.45131627,2.2790885;-1.0125101,0.5532038;-0.5078399,2.21315;-0.3925433,0.114670016;-1.1946177,0.7996894;-0.12150766,1.6647506;-1.1161606,-0.21727878;-0.41463846,0.37227982;-0.31432596,-0.21444826;-1.3264105,0.97550756;-0.16098791,1.7423248;0.15882096,1.10662;-0.058496945,-0.39947927;-0.56974006,1.4580611;-0.54682887,1.7266891;0.25055295,-1.258004;-0.14231578,0.9686382;-1.0494668,0.100158386;-1.1631497,-0.3471924;0.54569066,-1.3923888;-0.29243734,0.12394702;0.18136331,-1.1592354;-0.59211206,1.4038861;2.4790142,-0.67548865;-1.047682,0.73049194;-0.3700853,0.568242;-1.0304463,-0.6939203;1.2697234,-1.2670223;-0.22667508,-0.6843696;0.38638774,-0.7155271;-1.1895994,0.26313815;-0.5490325,0.4234313;0.69974166,-1.332817;-0.9663386,-0.1660422;-0.49425137,0.5804133;-0.3384213,1.0899225;2.4626317,-0.7647084;-0.49743724,1.8750238;-1.0211095,0.2623722;-0.32732502,-1.1247791;0.8937096,-1.1741959;-0.949469,-0.30107462;-1.3377776,-0.29486844;-0.6389264,-0.4694038;-1.2592391,0.9546332;-0.50192904,0.3743831;0.1598639,1.7861505;-0.88469964,-0.6517667;-0.49879205,-0.78550285;1.1429503,-1.3277624;-1.3023167,1.0266559;0.10143041,1.3904575;-0.545142,-0.32504398;0.021976821,0.46966317;-0.72214466,-0.29552862;-0.04287625,1.4594704;0.19270854,-0.72481686;2.3269598,-0.86158705;1.877475,-0.8640766;1.3089476,-0.9249336;-0.85547364,-0.5354941;1.7861406,-1.0864612;-0.59271586,1.4289825;-1.302569,-0.3446268;-0.19503729,-0.9299919;-1.1893778,0.5687418;-0.47204772,-0.25180233;-0.58609635,-0.8152679;-0.9312884,-0.46751732;0.2889,-0.34384274;-0.44269744,2.107523;1.9982933,-0.85498756;-0.3791607,1.8726529;-0.3781818,1.7648941;-0.70845664,-0.43304142;0.10606362,0.5938335;-0.20018697,-0.82499856;-1.4057513,-0.3024714;-1.0519658,1.2375766;0.34267372,-0.4092314;2.490253,-0.6411508;0.31619102,-0.878617;-0.13559304,-1.0925224;-1.2808146,0.68234044;-0.5131189,-0.08932073;-0.6888666,1.2983968;-0.18722396,-0.96490484;1.2536393,-0.86730695;2.172211,-0.7149033;-0.2754489,0.9354354;-0.06019822,1.4261901;-0.735589,0.19782776;-0.18616658,0.25779957;-0.34300667,-0.632953;-0.33312693,0.16921394;-1.2434661,1.1247052;-0.4753679,-0.30172506;-0.9192124,0.50631434;-1.1275492,-0.4454166;2.5744522,-0.6015946;-1.2655067,1.1223025;-0.55207986,1.4523925;-0.5524549,0.47262827;-1.2891006,0.6443533;-0.19592369,-0.5208066;-1.1815727,0.2468491;-0.4214896,-0.23141776;-0.95545745,1.4893019;-0.47180423,-0.11324778;0.59873575,-0.6690781;-1.3114563,-0.18416604;-0.83517736,0.69425005;0.34467995,-0.9690084;-0.0670332,0.97156054;-0.35007113,-1.1197447;-0.90024436,1.4857199;-0.49992302,1.810731;-0.26277682,1.7384465;0.9001417,-1.2561424;-0.20895915,-0.28182903;0.1511429,1.111819;0.39517292,-0.7025335;-0.14309902,-1.0821;0.39325804,-1.3843203;1.4152609,-0.8339507;0.73972505,-0.9634568;-0.60204816,0.042818625;-0.699993,0.9587796;0.33306262,-0.37821174;1.0766832,-0.8492587;-0.31480598,1.0028194;0.09192411,-1.0052476;0.71469265,-1.1015424;2.4505458,-0.6259546;0.034325693,-0.87292683;-1.1157737,-0.35313836;-0.48774788,0.53045017;-0.75225455,-0.1796072;1.83286,-0.69368404;2.5209172,-0.6467476;0.20791265,-0.66877085;0.46219483,-1.1189092;-0.83483636,1.3173066;0.49159333,-1.1100965;-0.42309433,-0.816114;-0.82221353,-0.8214886;-1.1891271,0.6350156;-0.63320947,0.9308474;1.764812,-0.96234715;-0.48150223,0.6447754;-1.2176197,0.9761913;-0.8080484,-0.713307;0.025674948,1.2073243;-0.23194252,-0.8759373;1.0584909,-1.2830793;-0.9047692,0.67624015;-0.34806865,-0.70449615;-0.9039377,0.8035058;-1.1698229,0.85252196;1.2930539,-1.2281742;-0.38785514,0.5851065;-0.24076015,0.9463894;0.6347615,-1.0564481;-0.6057524,0.8862893;-0.22218338,-0.5431942;-0.8966799,1.6537629;-0.5036979,1.453151;0.0013355382,0.5698347;1.1022398,-1.0041652;0.5981312,-0.67025274;-0.42853704,2.1856153;-0.16232474,1.6258187;1.984721,-1.0392481;0.9660814,-0.97245884;-0.14195736,-0.7528369;-0.5015338,0.49910575;0.35274157,-0.5562088;-1.2608719,-0.12085653;1.9249586,-0.8169594;-0.53019094,0.83414555;-0.47488976,0.7969444;-1.3240305,0.7820552;0.74365604,-1.3557671;-0.58315134,-0.4444705;0.021904457,0.49471888;0.04979698,1.5238545;-0.4756754,0.038288258;-0.8694793,1.2731338;-1.1913316,0.9097233;-0.38887382,-0.7811702;-0.48431268,-0.7135335;0.6449291,-1.3926297;1.8906262,-0.9361493;1.3215625,-0.77787757;0.95370394,-0.71256804;-0.3918926,1.9163375;1.0334665,-1.2791797;0.6431136,-0.9415254;-0.5764743,1.6869174;-0.89225924,-0.34121773;-0.24176317,-0.53086656;0.05835885,0.94482046;1.5203111,-0.9860928;-0.79057384,0.35725027;-1.1520905,-0.37023124;-0.31543523,1.0623561;-0.07671796,-0.80595714;-0.5569436,0.036380224;-0.11945979,-0.96265876;0.083930954,1.3359088;-1.3250121,0.66730416;1.842391,-1.0030994;2.2363782,-0.71770483;0.18363106,1.2962767;-1.0254186,-0.5245533;-0.46552145,2.0105479;1.8384781,-1.0999724;-0.40936443,0.6414923;-0.06877065,0.47747323;-0.4489749,2.0388694;0.13300967,-0.95600194;-0.32480285,-0.65232354;0.36738363,-1.3030862;1.6346331,-1.1093997;1.5245056,-0.8471952;0.07994973,1.8525951;2.1047044,-0.7661918;0.8312043,-1.0327156;-1.2047783,0.9005532;-0.025657397,-0.6979247;-1.0108936,-0.3405582;-0.8370747,-0.9327181;-1.2940665,-0.48439628;0.35164416,-1.1793201;-0.6603276,-0.6230802;-0.099532075,1.6418931;2.0783412,-0.8215674;0.6559276,-1.0113058;-0.51304996,0.42891034;-0.6803298,1.373693;-1.1903977,0.52386963;-0.5227135,0.63490695;-0.3248345,-0.09313075;-1.0130852,0.72747844;-0.12870103,-0.79877406;-0.16650553,1.720779;-0.4074785,2.2430165;0.022576088,0.9726596;0.104249835,1.3197255;-0.25172257,0.2278819;-0.20898132,0.9750708;1.9769171,-0.7463908;-0.9594399,0.53007495;0.214072,-1.2545493;1.2336956,-1.0114803;-0.4634212,1.8390857;-1.2773434,0.87339854;2.042567,-1.0395519;-0.81543696,0.6943194;-0.37384585,1.7826605;-0.98728126,0.79506844;-0.92565185,1.4720668;0.7304908,-1.4363025;-0.98538613,0.21390888;0.6820554,-0.8002212;-0.9102578,1.0082297;-0.077495106,0.27457753;-1.2340772,0.5550541;-0.62393636,1.4421538;0.40861416,-0.6586475;-1.2098747,0.5644015;-0.4575323,1.4840192;-0.7754722,1.2934557;-0.08971967,-0.19306944;-0.40341935,2.170181;1.007523,-0.79625404;-0.04012169,-0.30856392;0.049828533,0.5649834;0.3496148,-0.46034333;0.53537506,-1.3159956;-1.3924419,-0.44825962;-1.2681292,1.0309917;0.90129286,-1.0012959;0.059397258,0.38864306;-0.55926585,-0.16315816;0.16111934,1.3497088;-1.2505699,-0.2050272;-0.22562256,-0.82548213;-0.15941355,-0.4023906;0.37387487,-1.1649928;-0.043706432,1.4659479;1.7964666,-0.8421928;-0.8983821,1.445117;-0.880223,0.57468563;0.08959991,-1.0326353;-0.89818376,1.6509722;-0.35963103,-1.0073831;2.2165344,-0.7388078;-0.024564246,-0.27274144;-0.34325603,-0.0898033;0.3326999,-0.396698;-0.43587238,2.1507938;0.45208436,-1.3674086;-0.9334168,0.46025345;0.05067435,0.5924443;-1.2816476,-0.42475837;1.9144921,-0.7180655;-0.2118222,-1.0786831;-0.39866564,-0.2732973;-1.0374221,0.60527813;2.3605762,-0.8742905;-0.29195207,-0.5109614;-1.3134091,0.77081966;0.87668616,-0.9476904;-0.8020513,1.4661173;-0.4342664,1.9093094;-0.8731192,0.8935651;1.3544331,-1.0523938;-0.6318836,1.6433806;-1.2659229,-0.5261608;-1.241727,1.0983752;-0.19544056,0.526721;-0.73496073,1.4325573;-0.9452541,-0.8890225;0.41284597,-1.1218814;-0.47464135,0.8285271;-0.06839817,1.6985307;1.846236,-0.80551153;-0.11289374,0.6282763;-0.6125013,0.31817877;-0.009335099,-0.15924823;-1.1356224,0.7611674;0.9725889,-1.041956;2.3625462,-0.73956996;2.6403375,-0.57783866;-0.48970383,0.8479416;0.14317426,0.70453286;-1.23534,-0.2664496;-1.246732,-0.55778384;-1.2550404,0.7901337;-0.51259625,0.7714235;-0.02469809,-0.8831202;1.252605,-1.0147934;-0.13917758,-0.5118312;-0.8260188,-0.6299854;-0.5501891,-0.74585766;2.2898834,-0.8752943;-1.3911204,-0.3889421;-0.7856882,-0.1726639;1.4736961,-0.84020334;0.86456496,-1.3617632;0.17423402,-1.218422;-0.53074306,0.013211989;-0.4856537,0.48595846;0.34696996,-1.0884521;-0.41206613,0.08754388;-0.136937,-0.6753677;0.40009683,-0.8474994;0.7288998,-1.052178;-1.0220255,1.4052309;-0.12548518,1.6084775;0.8165562,-1.2968708;2.402619,-0.6316651;-0.15301082,0.19256908;-0.06394458,-0.3354543;1.0549649,-0.80318534;-0.88127184,0.8264706;-0.5610383,-0.70999426;-0.9813306,-0.5653567;-0.24450693,0.5587168;0.8877272,-0.75800073;1.1515367,-1.2952712;-1.1778818,0.2937453;-0.34715417,-0.45606488;-0.41783205,2.2738595;-0.4110372,1.987328;1.2277559,-1.3410877;-0.4513235,2.257045;-0.14432748,-0.7874329;-1.0076474,-0.52558154;-0.48957944,1.715661;-0.4361015,0.4531949;0.6105356,-0.76838243;0.037483823,0.45208576;-0.886768,1.5782598;-0.8432704,-0.66982687;2.4848962,-0.5970552;0.7702194,-0.84434223;-0.2841873,-0.08784469;-0.29515,1.7731162;0.11973749,1.3595674;-0.46958414,0.6736304;-0.18647557,-0.82335;0.38603967,-0.52106917;-1.2739326,0.64789367;1.2351074,-1.2343305;-1.3842037,0.64336777;-0.49253067,-1.1176969;0.8824975,-1.1505629;-0.39483792,1.9473332;-0.59230006,-0.29563898;0.51381004,-1.237599;-0.46126437,1.9285213;-0.0023611486,0.5431973;1.6572645,-0.8881672;0.36541146,-0.8671071;0.80778533,-0.92590433;-0.9830983,1.4832057;-0.35649407,-1.0171121;2.5310867,-0.610042;-0.34607816,0.5295137;-1.0594686,-0.6426711;-0.79570097,1.0793283;2.057067,-0.83411986;-1.3482589,-0.2919859;-0.45679405,2.23113;-0.48755026,0.6154876;1.807998,-0.83186424;0.9737268,-0.76367784;1.2751448,-0.9716098;2.3217547,-0.8277035;-0.379864,0.09964489;0.31087735,-0.35277638;0.2810571,-0.30194217;0.8046855,-0.9322815;0.04290875,0.9714758;-0.30481803,-0.6870425;1.329918,-1.0560067;1.5517039,-0.9783005;-1.2595572,-0.42251548;-0.43202543,1.653152;2.4495654,-0.7421859;-0.63454163,-0.8789889;-0.61879104,-1.002031;0.5123412,-0.7147235;-0.44145593,0.61583453;-0.5941294,0.27150774;-0.28758302,0.40470228;0.6814762,-0.8010123;-0.20584288,-1.0491484;0.16591786,1.771074;1.9526314,-0.78094685;0.31599662,-1.1932268;-1.1377281,0.20293865;-0.6457727,-0.39791462;-1.0907539,1.2987213;-0.96347505,0.4140141;-0.77597,1.1876731;2.1845362,-0.7997124;-0.7048565,0.12074203;-1.2039789,0.35198477;-1.2228318,1.1385012;0.10102531,1.306904;-0.9182942,0.40784147;-0.82757086,1.5072851;0.0018856073,1.4561065;1.1336428,-0.88317347;0.1447587,0.7071415;1.6937279,-0.9869702;-1.0960081,-0.23044935;-0.1583601,1.6515907;-0.4215369,0.8276387;-0.9074522,1.2945894;-0.4734174,-0.28497267;-0.37651256,0.3438348;0.15237522,1.1648674;1.5861673,-1.0289388;-0.89145136,0.91399854;-0.86688507,1.5327384;-0.47774902,2.1124241;0.08863112,1.4267589;-0.11641911,0.62442327;1.0224663,-1.0724183;2.1498618,-0.94865704;-0.5560829,0.77548945;-0.5682307,0.6841363;0.61152375,-1.2295045;2.0590825,-0.9546708;-0.2878165,-0.27917102;-0.55652165,1.3734177;-0.8791398,1.3703997;1.7706196,-1.046098;-0.15957528,-0.3038905;-0.7083069,-0.84173834;-1.3195754,-0.5243871;0.14570828,1.377526;0.22908878,-0.45676434;1.0862495,-0.7928603;-0.3335745,1.8993622;1.746459,-0.91252935;-0.14611852,1.053496;1.9365515,-1.0603749;0.31066233,-1.3386393;2.443508,-0.7040692;-0.5465215,-0.9288944;-0.2509717,0.43136445;-0.06417102,-0.17765836;-0.36327577,-0.5994818;1.1512227,-1.0016582;-0.1855468,-0.48429695;-0.29411152,1.1531752;-0.44393897,0.40023106;-1.2222679,-0.4454854;0.50194466,-1.2181292;0.60409987,-1.231086;-0.10233955,-0.38641524;-0.38367486,1.8232232;0.13210543,0.54649633;-0.9081112,-0.3737283;0.89453673,-0.69047815;1.3867992,-0.8475587;1.5325652,-0.9231299;-0.2394697,-0.3554534;-0.4993012,0.71960264;0.34897494,-1.0936704;-1.0870104,1.2508355;-0.40227848,-1.0745206;-1.2468172,0.93838984;0.16566385,1.1213262;-0.99207306,-0.34310356;0.12044296,1.8130769;-1.1994221,-0.64909095;-0.14404511,-0.47102377;-1.0107882,-0.59701574;0.23823246,-0.47657952;-0.49721336,0.82107854;0.34002033,-0.43045405;0.40625668,-0.6888621;-0.35879096,1.92166;-1.2126079,0.7229297;0.0876646,0.4320884;1.9264112,-0.8720184;-0.17588338,-0.42685404;1.6308289,-1.0111618;-0.15353265,0.17144872;-0.4931391,2.1878533;-0.3875966,-0.57606995;0.36273208,-1.351852;-0.31758693,-0.4042149;-0.18893515,1.0391841;-0.78900063,0.6936032;-0.85549456,-0.49645123;-0.43665072,-0.95794916;2.1866448,-0.7594514;0.73520434,-0.8865798;-0.0061876858,1.2839524;2.6461494,-0.6152706;-1.3129817,-0.38014323;0.8516127,-1.3852127;1.4260108,-0.90024716;0.07636481,-0.5124514;-0.7869216,-0.95208216;-0.46912038,-0.7232647;-0.47574958,0.7587033;0.31060693,-0.6993136;-0.14611852,1.053496;-0.36396453,0.29173133;-0.014457042,-0.50815946;0.59384626,-1.3358815;0.2878302,-1.2341372;-0.006153165,0.66858816;2.4118671,-0.68576634;0.89796054,-0.95792407;-0.4070742,-0.37882382;0.28200802,-1.2911386;0.030949706,1.1679049;-0.20344517,0.23913218;-0.54538375,0.3694401;-0.23848416,-0.25213104;2.3543088,-0.6730266;-0.05654939,0.3686026;-1.2106663,0.37178186;-1.1162329,1.2707798;2.5939708,-0.6652223;1.3513371,-0.9999291;-0.17404506,1.030594;-1.1358272,-0.14645562;-0.59135926,1.6853923;-0.6612092,0.97857773;-0.06606407,0.46518034;0.12912466,1.8237122;-0.4406992,1.7407573;-0.38604072,-0.3263494;0.024484357,1.407832;-0.39442855,2.2403543;1.4485718,-1.1251249;-0.28048363,-1.0391313;0.5641381,-1.1234682;2.1521602,-0.8592813;0.824292,-1.2658249;1.0985782,-1.3440571;-0.97228634,0.4390892;-1.2406557,0.8703052;2.6048627,-0.6264478;1.1613908,-0.9422697;-0.4958614,0.40429157;0.42097685,-0.715981;-1.0883296,0.70689684;0.3916576,-1.3734844;-0.2849953,-0.30927756;-1.4924161,-0.33418187;-0.4533039,-0.13523167;-0.87981445,1.0785977;2.3121433,-0.7230912;-0.19421639,-1.1051465;-0.4016972,1.7697505;0.3651651,-0.83015865;-0.616129,1.4648215;-1.191304,0.78916365;-1.1391292,-0.24830782;0.13954015,1.2165884;-1.186756,-0.64981437;0.30927157,-1.3730614;-1.2961904,-0.301863;-0.5761103,-0.098252445;0.09039014,1.4871045;-1.1363032,-0.42423654;-0.26343146,1.0390823;-1.283565,-0.6070231;0.9474891,-1.0938247;-1.1295118,-0.17109111;1.9493698,-0.72522473;2.2264185,-0.8114189;-0.5363787,1.8351471;-0.19909374,0.22893372;0.6967602,-0.9548029;-0.90158284,0.37860402;-0.24008165,-1.2487369;-0.26099524,-0.7977499;-0.6365063,-0.594622;-0.841401,0.44519013;0.9135597,-1.0888307;-0.80449843,-0.68237114;2.2195706,-0.84177464;-0.7092226,1.4011465;-0.02101149,1.6649144;0.07845128,1.3436035;1.3298659,-0.9647582;-0.45962286,1.6850744;-0.75476635,0.36368403;0.08895227,1.4913398;-0.8391361,1.2889148;-1.2301106,1.027552;-0.40885204,0.06552165;-0.3764466,-1.1237074;0.12017122,0.5693639;-0.8844811,0.9034978;-0.80477357,0.3379988;-1.057243,1.4562641;1.8957747,-0.9750434;0.84839183,-1.1354475;-1.0760347,1.3335117;2.0419695,-1.0434128;0.15800282,-1.0699486;-1.2696403,-0.13356994;1.3693328,-0.8028232;-0.85423887,-0.8036734;2.1761074,-0.89505863;-0.30582255,-0.090528436;-0.57864016,-0.24267517;-0.8379996,1.5275427;-1.4451193,-0.36964625;-1.2830474,-0.20024715;-1.2137592,-0.20952895;2.474605,-0.7143609;-0.011023886,1.6578541;1.8603204,-1.0611243;-1.0040257,-0.48431805;-0.83609265,-0.37730438;-0.18497409,1.0637667;-0.67621416,0.8367987;-1.0487149,-0.5875379;-1.2135282,0.32647803;-0.45696157,-1.1161649;-0.48444995,1.6473166;-1.323698,0.80928785;2.4234803,-0.6887936;-0.74769366,1.3956778;-0.07108428,-0.24262457;-0.12357783,-0.9176654;0.14506833,1.1799437;-0.72419757,1.2078265;1.7541907,-1.1142592;0.6429986,-1.4022437;-0.25659996,0.96161973;-1.2800307,-0.5443979;-0.96650517,-0.6531486;2.5301554,-0.68833435;-0.27639842,-0.69323915;-0.8908377,0.7750775;2.3389668,-0.89987653;1.6089383,-0.9375503;0.85387856,-0.81605524;-1.1637136,0.31759584;1.3366895,-0.87351996;-1.1652489,-0.27005085;1.3205432,-0.90348685;-1.3231727,0.9290499;2.5827353,-0.6510308;1.7578355,-0.8093544;-0.40823305,2.1347623;-0.9396556,-0.42432743;-0.17985234,-1.2187032;-0.44085294,-0.9523983;-0.8991478,0.67309463;1.7562735,-0.82092196;-1.1900254,0.9558673;-0.9370326,0.83387625;-0.21569037,1.1198552;-0.50055856,-0.7787287;-1.4409105,-0.42708695;-0.21407172,-1.2266843;2.1287262,-0.786303;1.4263464,-0.9490817;0.6604793,-1.0162426;0.05471419,1.366405;0.605322,-1.2646002;-0.6064291,-0.9652186;-1.0327014,0.5928925;-1.0141227,-0.2034923;-1.0465554,1.4505993;1.0993075,-1.2976002;2.648334,-0.64303976;-0.2836063,-0.4047394;-0.3224391,-0.9764775;-0.1239077,-0.47918835;-0.04446113,-0.8893029;1.7780403,-0.659382;-0.14391427,0.25289372;-0.10148869,-1.0256838;-0.1712727,1.7467908;-0.48001608,0.4724408;-0.12095198,-0.8929292;-1.0498906,0.06568233;-0.80928296,0.6027142;-0.16818754,1.6688123;2.0389209,-0.9415906;-0.81109846,0.43273205;-0.9838965,0.22794606;1.0019149,-1.0442054;-1.1515954,1.2442523;-1.382459,0.65949994;-0.58912194,1.7348225;1.9551942,-0.8602439;-0.669777,-0.84777504;-0.061403617,1.6892576;0.3278522,-0.899336;-1.0567826,-0.46193507;-1.1513475,0.3370468;1.6528157,-0.8466718;-1.0626972,1.40514;2.665263,-0.54411626;2.0808666,-0.8645838;-0.290913,-1.1787741;-0.40759075,1.7083689;0.08635959,0.43189228;0.62822443,-1.4044728;0.8237862,-1.2288212;0.85696787,-1.3571609;0.32761765,-0.52759784;-0.28215843,1.1060668;1.7752028,-0.70236385;0.72992575,-1.3757812;-0.43949038,-0.2918026;0.6820861,-0.88768965;-0.15056877,1.7246794;0.4293774,-1.3464172;0.358507,-1.3342574;-0.48441896,2.2659903;2.664592,-0.545442;0.16174643,-0.7470565;0.77922237,-0.76842135;1.6748141,-0.9168125;-0.48630363,-0.82890046;1.7283027,-1.0704088;-0.38119105,0.6909141;-1.0621663,0.11356567;-0.2830412,-1.0799725;0.07335726,-0.85781616;-0.12494845,-0.2728876;-0.52938324,0.7901949;-1.0374676,0.8318636;0.30475608,-0.30851638;-0.61169463,1.3452716;0.85676235,-0.90261996;-0.29078948,1.0857053;2.5185418,-0.5808944;-1.1485808,0.6203813;0.8709873,-0.9836396;1.0239042,-1.0245397;-0.04386532,1.4538064;-0.35182628,0.2891092;-0.016993616,-0.1852958;-0.9181339,-0.3291868;-0.84970707,1.2552496;-0.6934817,-1.0061362;0.0051274765,1.4480487;-1.2212794,0.3577431;2.2518308,-0.82653594;-0.11670044,-0.5109504;0.07201229,1.5018721;-0.18661183,-0.9039915;-0.25382313,-0.61962897;1.155315,-0.94062245;0.59696513,-0.9530797;-0.469088,0.56127316;-0.99672884,0.83558387;1.5195419,-1.0923012;0.68819886,-1.1240588;0.15785563,-1.0403765;-0.43753988,0.75056434;-0.54150814,0.5558795;-0.8843168,1.338879;2.183462,-0.76667744;2.365662,-0.6819945;-0.59048635,-0.2944682;-1.2453146,0.98336816;0.047014207,0.49743658;-0.6865611,-0.1776402;2.6115112,-0.67374897;-1.2838933,1.029982;0.52527153,-0.9994416;-0.9246368,1.530662;0.5681033,-0.88451487;-0.62674314,-1.0035367;-1.4574581,-0.3796532;-0.9972593,0.41964206;-0.03599327,0.5441542;-0.090644,-0.22182126;1.9427207,-1.0728327;-0.020993687,1.327218;-0.39382684,2.094894;-0.106709346,-0.98984313;0.48116618,-1.1536888;2.319581,-0.77941936;-0.6935337,1.2980815;0.17776453,-0.72928;1.2080039,-1.2510741;0.7612488,-1.3967884;0.075835384,1.2708018;-0.4199853,1.8371146;-0.91025215,1.5775341;-0.07349301,-0.13288388;2.592611,-0.5924045;-0.23723866,-0.3029081;-0.91564167,-0.51200247;-0.36868584,-0.33504555;-0.8665541,0.5537926;-0.6646042,0.99309874;-0.37319613,0.6925629;0.7205254,-1.4373484;-1.3061366,-0.59682465;-0.43442148,1.4268477;-0.26720145,-0.51596266;-1.2084578,-0.41879407;-0.7779909,-0.8010176;-0.5538995,-1.0601648;0.8415391,-0.79744714;-1.2602917,0.75916;-0.06867722,-0.6830078;-0.9037687,1.5355173;0.5221989,-1.110057;1.6470973,-0.9406373;-0.82895875,0.37957036;1.9718106,-0.9179221;-0.45049614,0.5089272;-1.3154509,0.91073334;-0.41927987,-0.18061243;1.7447604,-1.039747;-0.6344384,-0.20451477;-1.2966682,1.0091242;0.5177387,-1.2558827;0.46118712,-1.319896;-0.66600853,-0.51808083;-0.20361787,0.2826761;-0.6520426,-0.17626284;-0.48135835,2.0466442;-0.3719525,2.0605059;0.7843948,-1.0361385;0.86329246,-1.125484;1.1035334,-1.3016814;-0.9526598,-0.470467;1.3983362,-0.9395133;1.2270001,-0.9386946;0.00087148027,-0.32908362;-0.90082014,1.0264575;-0.7348154,-0.98154086;2.383844,-0.7427263;0.5758126,-0.747257;1.8334804,-0.8959795;-0.6475493,-0.31661916;-0.03616388,-1.1439451;-0.2821945,-1.1691184;2.1510499,-0.9908122;2.002832,-0.9625819;0.13834569,1.8016266;-0.36693457,2.0062296;-0.88073254,-0.49859565;-1.0588229,0.11405049;-0.68092,1.2449139;-1.02394,-0.73068535;1.7995139,-0.65149903;0.09761467,-0.5270759;0.40345845,-1.2299962;0.81719565,-1.2852726;1.2470146,-0.9648607;-0.2483964,0.9461753;0.47000447,-1.1673944;-0.13937825,-0.35250795;-0.056300115,0.3683334;0.21438473,-1.0914328;1.7336614,-0.88450795;1.2053435,-1.3453245;0.12140903,1.810298;-0.3525407,1.0951067;-0.04558519,1.4931124;-0.45480186,2.2098975;-0.104990505,1.6076256;-0.92655945,-0.60532296;-0.19119805,-0.6289074;-0.4525575,2.180457;1.0764548,-1.0717883;0.68579245,-0.8458348;-1.2211804,-0.30847344;-0.6637656,-0.55195826
p3d-kl
0.612454891204834
p3d-iter
599
p3d
0.8606951,-0.7078497,0.4899445;0.9380715,-1.9151078,-0.06865497;-2.3393345,1.7855465,1.1562744;-0.13064459,0.28273836,0.7433972;-2.765545,2.0442114,1.1604486;-0.8799455,1.8648069,1.0787593;-1.508156,-0.12258871,0.9188852;-0.37475836,1.4985828,1.0098792;0.33115396,-0.5034824,0.04982819;1.2661617,-0.9859363,-0.23121697;-2.0726361,1.5725781,1.1988741;0.6016308,-0.50393313,-0.9558643;-0.6921827,-0.06810471,0.87362885;0.74721456,0.4555689,-0.5590881;0.873643,0.24536395,-0.83755213;-2.4622102,1.7883016,1.2204577;-1.9363186,0.5395075,0.9850755;-2.5052392,1.7884141,1.2149197;-0.24861112,0.09590511,0.75290525;0.64940554,-0.3125378,-0.7600483;0.2590557,1.1293973,0.78812313;-0.20599787,-0.23845607,-0.028136216;0.40134075,-1.3766778,-1.0485454;0.4261181,-0.517566,-1.6767457;0.94513005,0.21676481,-0.41212103;0.9032276,0.14053145,-0.70164174;0.4152335,0.13898906,-1.415581;-1.3606073,1.4928676,0.9064336;0.78763753,-0.23209505,-0.259222;0.0752112,-1.678163,0.48734856;0.4702723,-0.81160206,-0.81816614;-0.5870486,0.8561051,1.3851842;-2.257628,1.6985697,1.177307;-2.5379326,1.8010144,1.1628369;0.71813834,-1.5964369,0.23997991;0.32471406,0.6710532,1.1340077;1.0499681,-1.4853354,0.110482395;0.9481778,-0.5265813,-0.74838203;0.2833946,-0.35757464,-1.6346166;0.17367229,0.08447914,0.37680256;0.06809235,-1.2454368,1.0449557;1.4557793,0.13948166,-0.36630732;0.7695239,0.24716704,-0.070038415;-0.5255613,-0.025264243,0.58822674;0.99696296,0.6412712,0.086418286;-0.0669191,-0.96800536,-1.9194376;0.0575072,0.5985982,0.5997435;0.08611816,-1.2299509,0.6655013;-0.030660527,0.092402846,0.09185437;0.012732424,1.3756483,0.3214784;-0.90090585,1.8271322,0.78024054;0.34909356,0.6985101,1.1430238;0.069047764,-0.34717268,-1.6638352;0.36509436,-0.44288996,-1.0775319;-0.7722302,-0.099459514,0.8545717;0.5999922,0.020201277,-1.7118076;0.34092793,-0.63424885,-2.046194;0.6152947,0.5457906,-0.1596227;-1.2565038,1.5568801,1.2005818;0.8901834,-1.2448305,-0.055597708;0.9413232,-1.230786,-0.37910277;-0.48995054,0.75882936,1.1817212;0.9796249,-1.2571929,0.44104454;0.9192354,0.6709918,0.10481756;0.15684883,-1.6044358,0.3337877;-2.830466,2.043615,1.2155538;0.22257069,-0.93360895,-1.7846043;0.4692855,-0.18112783,-1.828238;-1.7887781,1.6514301,1.2499464;1.1228011,-0.8610018,-0.014427525;-0.7274967,0.22016679,0.49189082;0.5010087,-0.8031415,-0.8280228;-0.42901248,-0.34977856,0.54937303;-0.19176672,0.9762674,0.37728876;0.25413612,-1.4554818,0.7137503;-3.0809815,2.191896,1.206531;-0.15075186,-0.012560664,0.8928901;-2.9156878,2.2045074,1.167733;-0.017055256,0.15327314,0.18759449;-0.14394616,0.5557234,1.1419065;-2.112258,0.6450058,0.9788043;-0.028284613,-0.9743369,0.5852518;-0.15888733,1.1320088,0.31869414;0.2734806,0.005611952,-0.006622446;-0.35163555,0.56819546,1.3362933;-2.285987,0.8280511,1.0118642;-0.897911,-0.03723327,0.7548821;0.6777218,0.2012734,-0.17513673;-1.3680221,1.2585067,1.0417161;-1.8415724,1.6826779,1.0966009;1.4244586,-0.8327517,-0.75217664;-0.2634215,-1.0703819,0.9542371;0.6335975,0.25341925,0.5912279;0.3124376,-1.1152289,0.55707675;1.1413667,-0.7976844,-0.99741185;-0.12001668,-0.027382234,0.25918278;1.1961423,-0.41244015,-0.7101065;-1.3636023,1.439394,0.966202;0.12536314,-0.4581146,-2.2424748;-0.3444448,0.8767632,0.82645994;-0.5471285,1.2814662,0.44947428;0.59315175,-0.9174545,0.35736486;0.4199051,-1.3422371,-1.259005;1.291746,0.089812,-0.12370192;0.79726124,0.43553725,-0.59893084;0.4125573,0.8849451,0.7998254;-0.09024906,1.1162274,0.45109552;1.0569773,-0.8333078,-1.0478109;-0.073360056,-0.44463977,0.5510467;-0.37680814,1.6041858,0.51704115;0.03529271,-1.1991469,1.0854462;0.26312834,-0.55433667,-2.1592195;-2.1362767,1.7217245,1.1862946;0.31883994,0.9268029,0.6212077;1.2645848,-1.3250085,-0.3909761;0.8493061,-0.5795516,-1.0784239;0.12070433,-1.6751014,0.45932725;0.2972561,-0.94872177,0.7325151;1.0316366,-0.25293154,0.14133395;-0.37821692,0.68279684,1.2592084;-0.028856048,1.3802596,0.36447087;-2.0378203,1.3482823,0.6691662;0.7947578,-1.2891412,0.27943122;1.0869883,-0.85025114,-0.06391172;0.5856523,-1.488938,-1.0968655;-0.45184436,0.73862654,1.357594;-1.5208862,0.19957548,0.8521235;0.28900644,-0.29391244,0.19937637;-0.58176845,0.012724966,0.50520694;0.18994054,-0.47891894,0.3676113;-1.7275729,0.1350332,0.97856516;0.87638,-2.0046754,-0.39878103;0.2357644,-0.7957169,-1.978923;0.14787924,-0.23041001,-1.6713679;0.49714243,0.08596991,-1.2944057;0.5948027,-1.7461994,0.2998189;0.3524267,-0.9724123,-1.6039073;-1.3937896,1.3963145,0.99527925;0.39368385,-0.8930703,0.6794968;1.3658592,-0.68241554,-0.35725102;0.2273093,0.333611,0.988032;0.48630512,-0.3696085,0.11852385;0.8301026,-0.9569686,-0.053938415;0.49512815,-1.7169755,0.4050758;0.28533602,0.9061382,-0.25058618;-2.7073677,1.9286156,1.215662;-0.059086286,-0.27903107,-1.7419888;-2.146024,1.7993195,1.088845;-2.0319428,1.392649,1.0664636;1.0808214,-0.31388855,0.19586617;-0.82182854,0.3730616,0.54644156;1.5390081,-0.23193489,-0.30457717;0.29561982,-0.68360835,0.7860359;-0.82589203,1.2077305,1.2511992;0.32311085,0.82396394,-0.35147536;0.12976846,-0.4041627,-2.2967167;1.0698825,0.21449547,-0.6767235;0.9502535,-1.8173394,-0.40736592;0.19435668,0.65976375,1.1110768;0.004766922,-0.4363923,0.0030617889;-1.0376847,1.6483907,0.95125675;1.3218341,-0.81480765,-0.38036376;0.6602681,0.22272189,-1.2349849;-0.059723064,-0.23860234,-1.9450847;0.036775537,-0.9613714,0.91013855;-1.6832806,0.059184782,0.9905829;0.12442011,0.1277746,0.41454214;-0.22668125,0.17230839,0.35335633;1.2282369,-0.044859014,-0.0326111;-0.031713225,0.5286074,0.1828877;-0.67170805,0.906445,1.3915815;0.44092467,-0.3808425,0.12304186;-0.12710705,0.23942046,0.76024485;0.51808286,-1.304312,0.54614455;-0.042588264,-0.60453916,-2.3594139;-0.6607764,0.9152765,1.3916084;-1.3161423,1.2099509,1.0480211;-0.14308852,1.3038275,0.50122887;0.2668942,0.62679195,1.0974983;0.63993967,-0.4131092,-0.22596276;0.4491362,0.8217573,0.79311454;0.34840786,-0.5465901,0.016597638;-1.2467301,1.8128406,1.29831;0.08490898,-0.5360449,-0.01940159;0.32958192,0.28288484,-0.6116397;0.07908185,-1.5418363,0.6963008;0.11846703,-0.69379646,0.9985241;1.1646539,0.20524816,-0.8160797;-0.43315193,-0.9290474,0.9211936;1.253183,-1.3582193,-0.38667798;-1.188208,1.9761776,1.2473812;-2.018266,1.5502465,1.2103691;-2.1246417,1.0661224,1.035246;0.8975097,-0.52510965,-1.2301295;0.49567553,0.22647066,0.017736424;-0.9053248,-0.03709702,0.76810825;0.75567514,0.4614888,-0.59315187;0.991418,-1.7279384,-0.421817;1.4050224,-0.82602316,-0.88845426;0.70316464,0.16278471,-1.4416233;0.43902427,-0.7219849,-0.77676547;-0.25113818,-0.23647934,-0.025253277;-0.7245097,1.057313,0.8707281;0.3062432,0.8627705,-0.3246454;0.69137025,0.18675704,-1.1071584;0.20760708,-1.2534509,0.9305813;1.1597589,-0.43002012,-0.52353954;0.7256115,-0.96074086,-0.8507058;0.009575287,-0.36416465,-2.2584536;1.3900542,-0.08451984,-0.4653495;0.294793,-1.0725433,0.49589714;-0.30435735,1.507772,0.47066557;0.6465988,-0.42893106,0.46153677;0.57415354,0.02281727,-1.7881546;0.16122182,-0.3792925,-2.3170872;0.7337253,0.32226026,-0.41246226;0.96942025,-1.3174223,-0.67531526;-0.89216137,1.8614458,1.0926845;0.9222357,-1.2388972,-0.6962866;1.0942451,-0.7537052,-0.14593768;1.0698794,-1.5229512,0.10496187;0.12012194,0.60956544,0.96727127;-0.7270208,1.3107132,0.82570475;0.044881653,-0.51128787,-1.5329427;-0.46985927,1.621364,0.579786;-0.36096823,0.9155069,1.2883775;0.92355764,-1.3002764,0.19241941;-1.1432284,-0.12026292,0.9112212;1.5215478,-0.6467889,-0.2891603;0.43562394,-1.287439,-1.0384232;0.11915898,-0.27957648,0.9758615;1.3515728,-0.2718083,-0.09505038;-0.4271922,0.4667282,0.90686125;-0.187902,0.87859374,1.1224974;0.38976648,-1.235959,-1.3033812;-0.5538205,1.3514687,0.46760914;-0.023024024,-1.0161241,0.91779315;0.73203766,-0.890405,-0.7738854;-0.7586568,1.4329039,0.78609127;0.5565433,-0.44372544,-0.25430465;-1.5726752,2.1816628,1.3211505;-1.3219099,1.0609148,1.0387993;-0.72810537,-0.0554898,0.631597;0.36186954,-0.30732176,-1.1349459;0.33246803,0.2816939,-0.6129144;-2.869041,2.0227988,1.2203742;-2.0170686,0.66722,1.0104235;0.38341194,-0.9089349,-1.7620568;0.2610388,-0.6367493,-0.9726669;1.3885193,0.074740596,-0.24823892;-0.21852215,1.4844135,0.44223237;0.54772764,0.60927707,-0.48263842;-0.13726698,-1.4532094,0.75126785;0.2471813,-0.20676202,-1.761914;-0.8188456,1.7537093,0.7232373;-0.81686187,1.7463163,0.66068304;0.04288618,0.9027005,1.1764828;1.0462195,-0.6462969,-1.1321607;1.0084943,0.13233621,0.11200857;-0.62294644,-0.014943619,0.5313929;-1.8521659,0.21501058,0.85875636;-0.009466683,-0.072443604,0.06437281;-0.8049379,1.766625,1.1056356;-0.30344862,0.8342555,1.1955359;1.197141,-0.64661086,-0.14143331;1.3206662,-0.82284313,-0.0031958295;1.1946256,-0.91571295,-1.1030285;0.3273261,-0.34176892,-1.7352577;0.93777674,0.19156936,-1.3631222;0.678676,0.40013507,-0.96236384;-2.2870352,1.6338553,1.0946273;0.43146726,-1.2122492,-1.0183729;0.55526197,-0.60732377,-0.68063974;-1.7848732,1.7468814,1.0539063;0.08159702,-1.4105984,0.3724615;0.5364232,-0.48641008,-0.23605683;-0.5839094,-0.6422427,0.84435475;0.45604149,-0.36399153,-1.4062272;0.063919686,0.41279352,0.58601177;0.35396507,-1.2700342,0.56827945;0.05960861,-1.2546694,1.0486219;1.4653071,0.06551759,-0.32502928;-0.16181557,-0.22508235,-0.001278918;1.1177702,-0.59927547,-0.37766927;-1.4009382,0.17465511,0.8808627;0.2869814,0.7075719,1.132638;0.4948336,-0.54096544,-1.6621337;0.08867447,-0.32151175,-2.0138211;-1.297316,0.17665213,0.76361406;0.43222368,-1.261386,0.41134813;-2.4860327,1.788673,1.2111909;0.4986276,-0.9566713,-1.628921;-0.63422734,1.4151473,0.5319433;-0.47856262,-0.17043385,0.5842125;-2.5241868,1.8181766,1.2106299;1.2243096,-0.20368561,-0.5376634;1.2222689,-0.12424452,-0.060591616;1.2363564,-0.8248497,-0.83925724;0.3716555,-1.0907764,-1.4100596;0.7301727,-0.17235994,-1.5088723;-2.1634445,1.4453679,0.75796825;0.15758465,-0.37291306,-1.8865484;0.57230055,-0.44595745,-0.88069594;-0.26417395,0.85823554,1.2036862;0.90086126,-0.54178613,-0.42767996;0.0011591208,-1.2125989,0.4319955;0.91387916,-1.9461403,-0.0040292027;0.72468174,-0.8178928,0.59102374;1.2044907,-1.1296151,-0.72321063;0.7721747,-0.9487151,0.15161256;-2.0746162,0.5857377,0.96137935;-0.099484816,-0.3016397,-1.8554223;0.7183524,-0.55629253,-0.79201525;-0.14559717,1.094936,0.42936048;-1.1824725,1.5236546,1.0255561;0.31654608,0.2789307,0.9582647;-0.4750512,1.6633291,0.57694966;0.08992444,-0.44729143,-0.18318896;-0.3366366,0.98383033,0.7823555;1.2906415,-0.21872693,-0.32232964;-2.2554224,0.81022435,1.0068738;-3.0186622,2.2103088,1.2365848;-0.6032178,-0.6317612,0.87448996;-1.373036,0.27643692,0.89504474;-0.11230429,0.2715063,0.33969846;-0.092069685,-1.1355232,0.92152315;0.27099168,-0.06748213,-1.8517339;-0.3502255,0.037938718,0.6715519;1.4204144,-0.67512804,-0.7412235;0.6070738,-0.20492682,-1.2067839;-2.1102893,1.524779,1.1892453;-0.18627934,0.5535743,1.2329552;0.30609766,-1.0433754,-1.7514291;0.15592465,-0.5328166,0.98745114;-2.0733218,1.32815,1.0946152;-0.28090906,0.64803714,0.94743884;-1.1997062,1.865939,1.2777652;1.2638448,-0.5560573,-1.1222442;0.4384923,0.76132125,0.5605556;0.365954,-0.10850289,-0.73162514;-0.2611014,1.5366892,0.98654586;-0.4294232,0.035777792,0.36296046;0.30348083,0.39136633,0.99950165;-1.3782657,1.4260857,1.0349468;0.8131399,0.6392473,-0.598152;0.25480723,0.33513176,0.9974296;-1.4237031,0.92868006,1.0357584;-0.89671844,1.7985176,1.0038989;0.90966064,0.28235015,0.08475665;-2.8490615,2.0111988,1.166975;0.81442106,0.16469067,-1.0263239;0.6462209,0.5061004,-0.07643626;-0.7538968,0.112292215,0.5910355;0.39594194,0.73797286,-0.40329105;1.2266424,-1.2471019,-0.9668801;0.6568524,-1.0488129,0.71088684;-0.46280092,0.75392807,1.3518441;0.33676788,-0.89105517,-0.9271115;-0.57009095,-0.078504935,0.39762834;0.5481946,-0.0041101063,0.23318729;-1.4305912,0.20698711,0.7987075;0.05680234,-1.2936668,0.71585166;1.578905,-0.25107488,-0.2973458;0.84256005,-0.024144113,-0.09325503;1.2094374,-1.2317109,-0.73909855;-1.7351314,0.14061132,0.9808987;0.08205127,-0.032588977,-1.5809579;-1.1163633,1.9093728,1.232839;-0.19174129,0.24488148,0.82207674;1.0819286,-0.5218776,-0.5637877;-1.566633,2.171321,1.3208336;1.019776,-1.2947925,-0.3197707;-0.023259532,-0.37427986,-1.9904876;0.82271826,0.40990248,-0.046149757;0.08030098,-0.4158637,-0.17888562;0.31090495,0.8358388,-0.33372784;-2.81034,1.9722608,1.2100663;1.2880349,-0.8527316,-0.9402757;-0.023580058,-0.0108001,0.75853294;-0.75151664,0.20665534,0.60730445;0.53191006,-0.860053,0.5387283;0.432435,-0.06767852,-1.8227503;0.95948106,-1.4977205,-0.4420722;0.40600044,-0.32295015,0.04469156;-0.18754457,-0.005150719,0.9689206;0.31447244,-0.7949564,-1.9843322;0.46948305,-0.5870648,-0.19502091;0.052877538,0.84859043,1.1710626;0.2480375,-0.80735725,-0.8771028;-1.2767668,1.6510501,1.1818874;-2.3206837,1.5314838,1.172314;-0.12772241,1.2166482,0.8549299;0.7440317,-0.39852017,-1.3155054;-1.6542904,1.8639507,1.0357989;0.82970625,-0.8786916,0.5448775;-0.628761,0.8698407,1.3823783;-0.4302478,0.5470256,0.60119164;-1.1998909,1.3964955,1.1363966;1.7263529,-0.13313998,-0.24464132;1.0770272,-1.2269013,-0.69536227;-0.8717006,1.793497,0.6914291;-2.172277,0.7326672,0.9020428;0.17685701,0.016700415,-1.6762046;-0.5542454,-0.44017348,0.74921626;0.14775866,1.0007005,0.43844482;0.89741683,0.60553753,0.050236043;-0.14776522,0.53276783,1.0741719;0.46837977,-0.46681595,-1.0447587;0.060990922,-0.74048084,-2.1508596;0.10831437,-0.52586484,-2.437945;-0.8909669,1.7871081,0.716389;-1.0771154,0.40568957,0.6111239;0.1932704,-1.2485409,0.66310126;0.92788064,-0.7288847,0.5368279;-0.04615577,0.77306503,1.1348014;-0.72575766,1.7076584,0.6602758;1.4883955,-0.22063375,-0.43700147;0.6415666,-0.20415609,-1.2071041;0.76035655,-0.28811246,-0.20258062;0.7683999,-1.4771365,0.24663734;1.1377913,-0.8611878,-0.012861335;0.18170969,-0.8713284,-1.9557444;0.54378504,-1.3607455,0.6649007;0.57973737,-0.4443509,0.4856514;0.7413443,-0.016714305,-1.4737867;0.98626715,-1.0576826,-1.1640294;1.407916,-0.5713017,-0.6961593;-0.13416523,-0.22873798,-0.030829674;-0.24319498,1.3937515,0.4460949;1.2769109,-1.5819588,-0.7601027;0.0043645976,0.14350565,0.12900297;1.0861655,-0.14482255,-0.2971407;0.9436058,0.073626176,-0.69384104;0.59894794,-0.8837592,-0.8453218;-1.1603612,1.4771193,1.3029014;-1.9916147,0.5577028,0.9862916;0.990722,-0.80652535,-1.2596729;-0.026451614,-0.3223996,-2.2057264;-0.32070068,0.2329791,0.28116992;0.7029868,0.33902967,-0.09583732;0.8347956,0.10894004,-1.0914646;-0.388491,0.5950385,0.88176936;1.0403528,-0.76619214,0.024997143;0.38267505,-1.2184908,0.32765114;-0.5918098,0.7377997,0.51294094;0.8615337,0.22544143,-0.8412329;0.55103046,-1.4085958,-1.0985144;0.33671024,1.0059447,0.7840574;0.93007547,-0.32870576,-0.040785663;-3.0822048,2.1694098,1.2251601;-2.4523034,1.7501937,1.1360366;0.66285884,-1.355794,-1.2171478;-3.06676,2.127703,1.2172123;1.3373837,-0.15091063,-0.28815252;0.5002797,-1.3106638,0.39674234;-1.8125669,1.4374989,1.1369667;-0.22431009,1.459831,0.36965448;0.5361565,0.13780196,-0.7012277;-0.55923826,0.09453586,0.47440225;-1.3997849,2.1125815,1.2694942;0.8832425,-1.2046243,0.2545677;0.06072947,-0.30136433,-2.326491;0.48432127,-0.13208055,-0.83192414;0.081404686,-0.5481795,-0.18453401;-2.1308699,1.0823387,1.1101233;-1.4444065,0.17547828,0.8352391;-0.53409225,1.593529,0.6004089;1.5651041,-0.18650435,-0.29235703;0.44079763,0.5471484,-0.4903717;0.24848434,0.5828956,1.0941278;0.40080753,-1.2707374,-1.2385243;0.38380128,0.6438845,1.1640298;1.3250941,-1.5976175,-0.22189985;0.8014966,-0.5986734,-1.0376446;-2.3533492,1.680361,1.10743;0.2740931,-0.13343686,0.27817953;1.0808995,-1.8205556,-0.77858585;-2.2844434,1.6824499,1.1783482;-0.65718293,-0.0071561104,0.6315504;0.56748474,-0.28758368,-1.6198041;0.98461026,0.19527131,-0.7234889;0.27500063,-0.4792222,-0.8280097;-1.2723438,1.7039378,1.3077378;0.9902323,-1.3150835,-0.33586663;-0.034531523,-0.49692354,-2.3086007;-0.5034242,1.1682545,0.4060554;0.5743599,-0.890735,0.4097583;-0.6584129,1.5820422,0.96058756;-0.10404994,-0.29598066,-1.8226478;0.27463424,-0.87072563,0.7373396;-2.9996212,2.084898,1.210397;-0.43045762,1.6155573,0.5561687;0.16234651,-0.026594188,-1.6086614;0.8913305,0.24960607,-0.95761317;0.61566156,0.016732784,-1.223333;0.2113076,-0.60743743,-1.9837809;-0.0030207166,0.24370617,0.1405958;0.27954656,0.8947511,-0.2782647;0.21379006,0.8950312,-0.22025171;0.36325654,-0.39764944,-0.8420031;-0.6126199,-0.53223336,0.8519529;1.3175918,-0.09118339,-0.09920981;0.7853697,-0.4002058,-1.2887924;0.39627084,-0.34061962,-1.437604;0.55968213,-0.7809243,0.57741845;-1.7477,1.2286805,1.0910733;0.25566456,-0.36171025,-2.151271;0.7486238,-1.2927388,-0.08183597;0.9429977,-1.7761719,-0.21983963;0.53824663,0.3474234,-0.5942665;-0.54092515,1.5489295,0.5184389;0.25762418,1.2099915,0.39882955;-0.24997978,0.650146,0.44588846;0.33588502,-0.12996364,-0.73378044;0.91801596,-1.5632385,-0.38452125;-2.0112858,1.3357568,0.65926343;0.24066801,-0.12340946,-1.8119268;1.2822123,-1.0159259,-0.7239337;0.49988797,0.6082936,0.7233045;1.1065303,-0.056470476,0.17170054;-0.94684666,1.2779105,1.3225467;0.10708736,-0.13406761,0.7536248;-0.8015006,1.2899842,1.0575758;-0.124571376,-0.56738764,-1.9695641;0.14859177,-0.05581198,0.35201296;0.20939375,1.1731244,0.8057062;-0.69729257,0.9294008,1.390075;-1.339798,0.22514524,0.88957685;0.020072844,-0.086292304,0.67707676;-1.2929686,1.9413607,1.1721362;-1.7049874,0.30526572,0.97007215;0.51328504,0.17154409,-1.0497404;-1.0863714,0.39541686,0.61704415;0.27319163,-0.49648562,-1.5445778;-0.0026644964,-0.8216527,0.59204113;-2.0758336,0.68221164,1.0076112;-0.9630033,1.7242664,0.6508582;-0.8130951,1.7834208,1.1440817;0.46983698,-0.2735926,0.12968838;-0.1723428,1.005131,0.28902423;-1.0410012,0.0022680117,0.79223096;0.27289453,-0.54367507,-1.4163048;-0.11239527,1.2527878,0.8808837;-1.3159897,2.0300581,1.2217482;-2.7041364,2.0216405,1.1718674;-1.6228805,0.26309824,0.8637773;-0.53604704,-0.4176244,0.75581765;0.33278626,-0.6782478,-1.0589335;-0.06547544,-0.9611938,-1.7860733;-0.6660922,1.7482928,0.6862497;-0.6570942,1.1437801,0.57406116;1.126805,-1.6553338,-0.8858449;0.14203785,-0.8355242,-1.7720444;0.50515735,0.06274568,0.050175775;-1.3680196,1.4819312,0.91235006;-0.9834934,1.9315321,1.1653856;0.2789459,-0.8443407,-1.5600973;0.5321412,0.2868333,-0.04406036;0.8302047,-1.3912684,0.010345321;0.82429713,-0.975067,0.5771493;-1.4857945,0.22377881,0.8156782;0.58415383,0.7110658,-0.31197816;0.9078935,0.015303815,-1.1389223;-2.2470062,1.7272198,1.0361187;0.31378093,-0.12417412,-1.5646292;-0.1896342,-1.4753143,0.918314;0.52099717,-0.7518652,-1.7899967;1.2505405,-0.5800644,-0.8278441;0.15073171,-0.44170925,-2.193203;0.77168757,-1.343991,-0.18712655;-0.36880606,0.58706284,0.46171257;0.954297,0.32968572,0.08114953;1.1748128,-0.05299914,0.0008636838;0.41047943,-0.3119965,-1.1862441;0.67996866,-0.4326727,-0.18365504;-0.09787085,-1.345041,1.1400782;-0.15374103,1.2748562,0.34598082;0.59910876,-0.6143837,0.5190831;1.1124063,-1.7403263,-0.7766863;1.1377271,-1.659889,-0.88261557;0.66424704,0.11165028,-0.13118349;-2.078846,1.5685722,1.0837896;-0.8102464,0.30016136,0.4978853;0.13419548,-1.3649141,0.36238444;0.6340571,0.44439366,-0.90268207;0.6930258,0.16360344,-1.4012048;0.18356943,0.0013314614,-1.4326776;0.7069864,-1.0556573,-0.034706905;-0.6747066,1.5470577,0.61718947;1.259899,-1.5954117,-0.76253116;-0.84502155,1.1908175,1.2964365;0.90183437,-0.8934194,-0.31610087;-0.31414637,0.7819137,1.2698576;-0.9265642,-0.011113118,0.76448965;0.021060083,-1.2835994,0.429557;-2.0850325,1.3683091,0.7031765;0.9966215,-1.2271569,0.40837985;0.77125823,-0.503237,-0.15467484;0.45496747,-1.0602496,0.35027483;0.6024828,0.6804006,-0.33473006;-0.84714705,1.7702528,0.6912381;0.35682908,0.7864764,-0.3695006;0.76203394,0.5115904,-0.5983787;-2.3016984,1.6698803,1.0678911;0.002351223,0.40585485,1.1413163;-0.6050524,0.0964411,0.4142399;0.02576857,-0.29700086,-1.6858287;0.66679066,-0.16293143,-0.1261099;0.26952034,-0.5176004,-1.477372;-0.33124977,0.23555174,0.2532246;-2.871119,2.137287,1.1871591;1.1652527,-0.040780827,0.030416941;1.242962,-0.675838,-0.88977194;0.7338098,-0.42791533,-0.01887079;-0.13506658,-1.4133936,0.9208244;0.14959006,-0.6379353,0.9631819;0.51884955,-1.7906808,0.3205326;1.0875144,-1.163458,-0.21650043;0.10591398,-0.4349666,-1.9571837;0.31964672,-0.58420044,-0.7230721;-1.3576828,-0.19668907,0.91745454;0.08366643,-0.6640643,-2.4084153;0.48902255,-0.8651812,0.66726726;0.9927383,-1.0478504,-1.100179;0.5831425,-0.0441619,-1.414326;0.79750156,0.3551742,-0.28252515;0.94377464,-1.9113258,-0.04164362;1.3132037,-0.8073796,-0.01772503;-0.762556,1.6383526,0.62283033;0.86429346,0.37879142,-0.53278697;-0.1896342,-1.4753143,0.918314;-0.11085079,0.9401471,0.22711118;0.7500816,0.08677384,-0.2615848;1.1548426,-1.2085979,-1.0542635;1.2984309,-0.8031261,-0.7436363;-0.605179,0.13708276,0.7725874;0.109101556,-0.34928378,-2.1672764;0.25017518,-0.68807524,-0.9039291;0.58641726,-0.46525648,0.017605761;1.47451,-0.91490984,-0.8145734;-1.016727,-0.13167718,0.8947023;-0.23842248,0.28560287,0.34531617;0.02526298,1.3771657,0.3958493;0.42815652,0.22047433,0.039385978;0.0007806837,-0.4194924,-2.1310716;-0.3841234,-0.4801215,0.4846673;0.1581438,1.1959769,0.8218308;-0.8736928,1.2215736,1.3342957;0.042362023,-0.73812854,-2.3252506;0.5736388,-0.24054186,-1.3073118;-0.11762147,-1.4489102,0.87317896;-0.19711438,-1.091452,0.61574817;-1.7914994,1.7982242,1.050245;-0.7895643,1.0905554,0.8670335;-0.47048262,-0.23115714,0.576885;-2.0852349,1.3791002,0.7026992;-1.8842801,1.3008953,1.1243023;0.5684571,-0.32142136,0.04674141;-1.5595136,0.2989523,0.9451436;-3.0155272,2.2177045,1.2403204;0.48928487,-0.73565733,-1.3086041;0.98787814,-1.2965273,-0.40504837;0.79453087,-1.3013402,-0.7304802;-0.077233724,-0.7015894,-1.8713584;0.9586213,-0.6783424,-1.272463;0.45362926,-1.5487335,-1.1012272;0.08396043,-0.15311722,0.7838418;-0.18964437,0.7094107,1.2177685;0.040041402,-0.65352434,-2.3715916;0.36792862,-0.05534787,-1.1666428;-0.08392387,1.3909307,0.38789243;0.78406996,0.4716839,-0.6287935;-0.16099896,0.26276097,1.0265205;1.3389186,-0.76494867,-0.90282327;0.5293137,-0.03967904,-0.023089534;0.28334627,-1.2178103,0.90996975;0.13680078,-0.5240456,-0.0014761672;-0.477469,1.5655869,1.0290653;0.123383366,-0.56026137,-2.0816867;0.9669901,-1.5228115,-0.49303398;-2.0796077,1.3756015,1.0561568;0.96506256,0.1550372,-0.66761667;-1.4485191,1.4324965,1.0250691;-0.14642173,0.46132565,1.161372;0.079776235,-0.85771227,0.62592655;-1.165496,0.015603414,0.81650317;0.9798344,-1.295729,0.4131344;1.3285706,-0.5459512,-0.8592148;0.21932466,-0.8052304,0.68619305;0.58889234,0.5346941,0.4858692;-1.7688104,0.13202763,0.83328277;0.46045384,-1.2104218,0.5292717;0.04395317,-1.3221405,0.98274547;0.98268497,-1.0955387,0.5195405;0.56889963,-0.5947617,-1.0239958;-0.1368194,-1.1065223,0.59078985;0.36448774,-0.047523692,-1.844585;-0.09394772,-0.6843915,-1.9862875;-2.0186563,1.7565178,1.174951;-0.22286934,0.25401962,0.33109346;0.4682891,-0.7706767,-0.7250814;0.11955672,0.14430438,0.6874718;1.5884911,-1.0651336,-0.27244782;1.3587915,-0.38699973,-0.23933908;0.77434045,-0.86976093,0.13366151;-0.046328276,0.33782688,0.694454;0.6124323,-0.5217321,-1.0017675;0.92278314,-1.1665651,0.21360523;-0.06906539,-0.77149516,-1.9550059;-1.190021,1.4379122,1.0846345;-2.1165454,0.64255273,0.8598158;-1.3997191,0.121278346,0.87109274;0.41601312,0.018967645,-1.2869989;-1.7886927,1.4044801,1.0609356;0.027329473,0.51335627,0.5664307;-1.7775956,0.1424233,0.8330776;-0.85907894,1.7964848,1.0884213;-0.5075247,0.7537616,1.3087337;0.029098094,0.16290419,0.09610708;1.2422224,-1.4830413,-0.36028644;-0.8218471,0.31380028,0.5243542;-0.058868047,1.2377489,0.8574662;0.10007707,0.32771233,0.5797042;-1.2833301,1.4581255,1.3470774;0.27718607,-0.60649997,-1.6678032;0.79952794,-0.59184676,-0.99990946;-1.0051866,1.3529947,1.3249874;0.31274834,-1.0567492,-1.740809;1.2309368,-0.4777294,-0.6149824;-0.10583985,-1.493387,0.7101899;0.83514637,0.16359675,-1.4018162;1.0969468,-1.5211542,0.13252191;-0.06451929,-0.8675604,-1.873572;0.08898037,-0.48874006,-0.18972598;0.41135696,0.040262308,0.2598213;-1.303066,2.038497,1.1830273;0.47033897,-1.1466273,0.809465;0.0827749,-1.3998132,0.71410614;0.03921241,-1.1880271,0.6945847;0.21493103,-0.39606312,-2.2074244;-2.1046631,0.62295324,0.850598;0.4891904,-0.83768207,-1.6587235;0.58585286,-1.5477937,0.44643176;0.16780621,-1.6434081,0.34687263;-0.13981986,-1.509744,0.9207559;-0.5672007,1.2744322,0.77686435;0.49316376,-1.0617948,0.3943396;0.24403155,1.1471138,0.8001081;1.3056984,-1.5429177,-0.26406643;-1.681214,1.341542,1.110218;-0.0070311194,0.91938967,1.1996108;0.14060482,-0.27351588,-2.1713464;-1.1692889,1.6142309,1.0986995;0.67288065,0.5733368,0.03153797;1.2885698,-0.46773124,-0.3773337;-1.0675949,0.001229804,0.79915935;-0.9483203,1.1633608,1.075871;0.45449394,-1.0043713,-1.541565;1.2136834,-0.8865144,-1.0882515;-0.0067474484,-1.027036,0.9344819;0.87536013,-0.8941394,0.5570535;0.66497624,-1.2604157,0.33133245;0.11898964,-0.65674955,-2.2590222;1.3504177,0.039415635,-0.09444604;-0.38479668,0.37228766,0.86966234;0.33604148,-0.82399845,-1.9312599;0.5556972,-0.3596534,-1.5185918;0.571033,0.06414604,-0.9107243;0.27912465,1.0556409,0.7733559;0.71478945,-0.032792762,-1.3490236;0.13151842,-0.96381176,0.6197036;0.66071296,-0.069461234,-1.3144298;-0.25555834,0.57843876,1.3062254;0.08259427,-0.6746782,-2.3378615;0.021784019,-0.00061539555,-1.5662642;-2.7826257,1.8889993,1.1887864;0.35691434,-1.7655268,0.42007375;1.5748743,-0.849248,-0.3174024;1.102409,-1.1809517,-0.19898117;0.100651436,-0.2797295,0.96452546;0.08884761,0.046965733,-1.5501668;-0.3801364,0.9196005,1.2356342;-0.4570173,0.6181873,0.97218585;-0.15955625,-1.4154198,1.0554287;1.0322521,-0.79713166,-0.053743783;0.585432,-0.972758,0.7869426;1.5621523,-0.9641491,-0.31375852;0.14014965,-0.48780587,-1.8919413;0.43398106,-0.01832253,-1.3911495;0.67765474,-0.69822896,-0.77655256;-1.4528071,0.15747666,0.9119199;1.1694382,-1.5803773,-0.9254022;0.9004109,-1.61314,-0.18847197;-0.18104008,0.016714895,0.95016444;-0.1159231,-0.6928067,0.5437207;-1.2621546,1.4784192,1.3408157;0.44356257,-1.4373378,-1.06027;0.07058826,-0.7635764,-2.3805854;0.73743945,-0.46281007,-0.043525074;1.1188006,-1.0677369,-0.2952391;0.7855811,-0.48324147,-0.17628472;1.5028598,-0.2901789,-0.4336038;0.7225621,0.009570357,-1.7784673;-0.2854557,0.08421531,0.34733975;1.0374887,-0.7982638,-0.44394186;-2.2893393,0.8456045,1.0149438;-0.23352917,1.3591505,0.43619606;1.4564528,-0.46788466,-0.39641488;0.59041566,0.107058994,0.5993144;-0.42490754,0.14808613,0.83951795;-2.108164,0.70949894,1.0128722;0.11579629,-0.7631337,-1.7481124;-0.08603911,0.35364813,0.6576683;0.38000026,0.80744034,0.5720412;0.37425604,-0.533528,-1.0396858;-0.8073365,1.2309368,1.3531325;0.3585997,0.6240139,1.1686133;-1.7937515,1.760852,1.1352625;-0.026497668,-0.26883435,-1.7116885;0.83642215,-1.3143867,-0.023410978;-2.1638508,0.70808446,0.89888674;1.0793132,0.14240336,-0.69191384;0.5597823,-1.5359482,0.5269847;0.23221783,1.0632584,0.7728384;0.58865184,-0.12484422,-1.6454483;-1.1592298,1.4223033,1.3424517;0.12777244,-0.482375,-2.4855175;-0.030112384,-0.46999225,-1.8212305;1.4261302,-1.2104071,-0.39894563;-1.8995576,1.326714,1.0600407;-0.6026737,0.096111745,0.41482738;1.2335595,-1.004346,-1.1126288;0.91570246,-0.10971349,-1.1589082;0.98691124,-1.0569719,-1.17028;0.51371056,0.58787084,-0.44128266;-0.04052022,-1.326925,1.07635;0.62820256,0.010743228,-1.734782;1.0853264,-0.62087244,-1.1373754;0.44675097,-0.37116808,0.090181276;0.41688168,-0.4860679,-0.699016;-2.261788,0.8024222,1.0036583;1.2882526,-0.86108017,-0.92154485;1.2045901,-0.6768953,-0.8659462;-3.0833962,2.1627424,1.1966325;0.13109198,-0.4790273,-2.4839005;0.91204816,-1.9297162,-0.38313252;0.5188457,0.19093321,-0.84743434;0.5175875,-0.3280313,-1.5918267;1.0440134,-0.93417394,-0.12077656;0.3999046,-0.8625092,-1.5330662;-0.5520997,1.1889558,0.6684688;0.62862957,0.2756518,0.5941928;1.1484534,-1.1076698,-0.41510507;1.4935548,0.041834846,-0.49335676;0.564351,0.4812855,-0.004414929;-0.7355433,1.7357941,0.683857;-0.24759762,0.8981007,0.9967665;0.21765175,0.93757284,-0.22702143;-1.1689907,1.3844502,0.9260125;0.1630542,-0.7080522,-0.8067618;-0.024475016,-1.2424803,1.0595821;-0.07906013,-0.43576223,-2.316261;0.064017996,0.44029891,0.97300625;0.3608477,-0.582554,-0.9160673;0.40055266,-0.45624423,-1.0646936;-1.7245486,0.13204361,0.9786889;-0.11582413,0.90823394,0.23059493;0.9606582,0.4494313,0.040555224;0.0765189,-1.4458092,0.4018128;-0.7853092,1.7286242,1.0722978;0.92829514,-1.9304706,-0.17370819;-1.692649,0.31543207,0.9666336;0.1897198,1.1944139,0.81470037;-0.072738044,-0.81395465,-1.9872979;0.79760927,-0.33000052,-0.2062073;-1.8016713,0.15968864,0.8436587;1.4674709,-0.63637954,-0.3569003;1.1070646,-0.12601167,-0.1483825;0.38264933,-0.046185546,-1.1490455;0.66124904,-0.6074764,-0.6332553;-0.37633002,1.5585632,0.48669592;-0.28464884,0.8608894,0.96333987;0.556973,-0.8290946,-1.4191489;0.8654366,-0.748528,-0.8400901;1.1458644,-0.38826025,-0.6137681;-0.7768692,1.6272515,0.58334285;-0.26804373,1.6562945,0.5153504;-0.9346842,1.8329015,1.1506543;0.06808517,-0.45139322,-1.9649144;0.04747115,-0.43453017,-2.142829;0.27620953,-0.12959501,0.27794018;-0.39767754,0.8043873,1.2907013;-0.6373322,0.06698382,0.52378047;0.6587139,-0.22929509,0.34250012;0.04006553,-0.78933734,-2.328966;-0.4546778,0.74872345,1.3554456;0.9089232,-0.53234965,-0.721405;-1.2782403,2.036082,1.2773547;0.6726459,-0.22613592,-0.7362194;0.92451954,-1.807657,-0.22051275;0.4816127,-1.104166,0.8206684;0.15328771,-0.17684038,0.81411856;-0.62088466,-0.11453797,0.642836;0.70170605,0.50235116,0.07500783;0.5230783,-0.82792395,-1.7797561;-1.477863,-0.18757482,0.91729474;-2.6710527,1.9234492,1.1176509;0.999065,-0.6606699,-0.3865976;1.0238235,-1.2577771,-0.7590628;-0.00549729,-0.8797153,-2.0799356;-1.0329621,1.6316569,0.9647841;0.8835723,-1.9893672,-0.39207187;0.40846202,-1.3226129,-1.1953712;1.1298211,-0.60339695,-1.1649959;-1.2522479,0.09604217,0.90537286;-2.1675143,1.4157972,1.1490169;-1.4068711,2.069455,1.2752378;0.85014343,0.58915615,0.11273349;0.014080832,-0.5454968,-2.3891556;0.43870205,0.10710407,-0.0044244844;0.53956044,-1.6196038,0.35050538;0.68070745,-0.1360981,0.102565765;-0.2646159,0.19636437,0.809597;-0.7847186,0.95412743,0.86757785;-0.5475136,1.1612322,0.6764549;1.271732,-0.57219726,-1.1112618;0.9935954,-1.0475742,0.54676425;-1.2560152,0.8825848,1.0459608;0.501844,-0.5506193,-0.21631652;0.5574764,-0.6203387,0.525429;0.9895298,-1.4195818,0.096125014;1.1078349,-1.7505655,-0.27095312;0.61373156,0.10736426,-0.8804366;0.011658186,0.6871542,1.1394912;0.9499484,-0.46501336,-0.38098732;-1.3007483,2.0456808,1.2610309;0.8797979,-1.2249858,-0.7235741;0.46094278,-0.34536347,-1.5481592;0.060446963,0.32213622,0.6325349;0.15289268,-0.52516806,-1.7216994;-0.30100062,1.4897101,0.43005937;-0.25781596,0.5104116,1.2733454;0.1959029,-0.23936678,0.04724695;0.31433338,-0.7707497,-1.5649654;0.6323683,-0.18784826,0.24596523;-0.44748172,0.7118228,1.3497784;1.0588363,-1.8886316,-0.7862843;1.3239796,-1.0793583,-0.92288345;1.0504547,-0.46697038,0.1646661;-0.20216408,0.17301717,0.39382824;0.6209164,-0.18748653,0.3139922;-2.5419087,1.8365263,1.2216183;-2.6530225,1.6691829,1.1603957;0.61969084,-0.6237315,-0.85458905;0.78347194,-0.61090803,-0.9971623;0.46113166,-1.4314406,-1.0697027;0.5261661,-1.7027017,0.42272997;0.46510923,0.03278407,-1.3680384;0.42955467,0.036159668,-1.2138526;0.62772506,0.54829913,-0.12302696;-0.32323045,1.5336672,0.9987747;0.93266654,-1.9097531,-0.10768532;0.08424266,-0.7257986,-2.161697;0.48987955,0.16948497,-0.6800226;0.021209415,-0.354076,-1.5934609;0.22325854,-0.2031612,0.3169378;1.116254,-1.8740879,-0.6390541;1.4135168,-1.1409825,-0.39486995;-0.026000494,-1.0814711,-1.7532256;0.13250975,-0.7866246,-1.6879439;-2.0667279,1.35805,0.6897092;-2.5170681,1.7697426,1.0931853;0.5255571,-1.7722926,0.33833918;0.6397935,0.29629466,0.5820347;-0.9802173,1.2819229,1.0344143;0.62514496,-0.8235753,0.3322069;0.71479166,-0.009900729,-1.803566;0.8085085,0.39844424,-0.30931395;1.2760376,-1.2982352,-0.89594096;0.97824144,-0.75801957,-1.2783545;0.51399034,0.021383928,-1.2134138;0.009591378,-1.0262445,0.9117353;1.0859315,-1.4806874,-0.76861805;0.64762324,0.14472766,-0.08698526;-0.38266915,-0.4605223,0.4819121;1.2004997,-0.6138181,-0.66328233;0.3704516,0.05014262,-1.5994424;0.64728874,-1.4309906,-1.1855711;-2.0828946,1.3640679,0.70274955;0.030290222,-1.1522107,1.0937697;-1.7912683,0.18940647,0.984977;-2.9397562,2.0590463,1.2093188;-1.9877213,0.55330205,0.9758503;0.8796546,-1.0379863,0.33632258;1.0468897,-0.34066126,-0.22206776;-2.8620448,2.0331254,1.2177743;0.34509712,-0.58051884,-1.135669;0.34484497,-0.3343835,-0.6819432;0.26486441,-1.1556516,0.6311423;1.0017991,-0.67106515,0.14279942
