data_set
babi-q1
num_classes
6
data_points
1000
model
saved_models/babi-q1-e0121.ckpt
color_schema
#4E79A7,#F28E2B,#E15759,#76B7B2,#59A14F,#EDC948,#B07AA1,#FF9DA7,#9C755F,#BAB0AC
test_accuracy
0.854
test_loss
0.44093749165534973
train_accuracy
0.919
train_loss
0.2255634858161211
val_accuracy
0.873
val_loss
0.35685591769218444
labels
12,9,15,12,15,12,11,12,17,17,15,11,17,10,10,15,11,15,17,15,12,17,17,12,10,10,10,15,15,15,12,17,15,15,9,17,9,11,15,10,9,11,9,12,11,15,12,9,17,10,10,17,11,11,15,10,15,12,11,12,12,17,9,11,11,15,15,9,17,17,11,12,11,10,9,15,15,15,12,17,11,9,10,11,17,11,11,12,15,15,9,9,12,9,9,15,15,15,10,10,10,9,17,11,11,12,10,9,17,10,9,9,15,12,15,11,17,15,9,17,10,9,10,12,10,17,11,11,11,9,11,12,9,11,15,9,17,15,9,9,17,12,12,17,10,15,15,15,15,15,11,11,9,17,10,9,11,10,17,12,10,10,10,11,9,11,11,11,15,10,17,17,11,9,9,17,15,10,17,17,12,12,12,12,10,9,17,11,15,17,12,15,11,12,12,11,17,15,9,10,12,17,17,10,12,9,15,12,9,12,9,10,12,10,9,10,9,12,12,9,9,12,15,12,10,17,12,11,9,9,17,11,12,17,12,10,10,10,10,17,12,15,11,11,15,15,11,11,11,11,10,17,9,9,10,10,17,17,15,11,11,17,12,17,17,9,11,10,9,10,15,17,17,15,9,17,15,12,17,9,9,11,17,17,11,17,9,17,11,9,15,15,10,15,15,11,11,12,12,9,9,9,9,17,12,11,9,17,17,15,11,11,17,10,11,17,10,17,17,11,11,15,15,11,11,9,10,11,11,10,15,17,15,10,10,17,12,17,12,12,12,11,17,15,11,17,12,12,15,15,10,11,11,10,10,9,17,12,11,12,11,9,11,11,11,11,11,12,12,12,12,12,11,11,17,10,15,9,9,10,9,10,10,17,17,15,17,17,17,15,15,12,9,10,17,17,10,17,9,11,10,11,10,15,17,15,12,10,11,15,10,11,9,12,17,10,10,15,12,9,12,12,9,12,10,15,15,17,10,10,17,15,15,15,17,11,15,9,10,11,10,12,9,11,10,11,10,12,11,15,15,15,15,11,9,15,10,12,11,12,9,11,10,17,11,11,10,10,10,17,12,17,17,9,15,11,9,15,11,9,10,10,12,12,11,10,9,12,10,9,15,10,10,11,11,15,15,10,12,12,15,11,9,12,9,15,10,17,17,10,10,17,10,10,17,9,9,10,12,11,17,17,12,12,11,12,17,11,11,12,11,11,11,17,9,11,10,12,12,10,11,17,12,12,15,11,15,15,12,10,10,9,17,10,15,12,15,10,10,10,11,10,11,15,10,9,9,15,10,10,10,10,15,15,17,9,10,12,10,10,12,12,11,15,10,10,11,12,10,10,17,12,17,11,9,9,17,17,11,10,10,10,15,15,17,11,15,12,11,10,15,17,9,11,9,17,15,12,15,17,11,17,17,15,9,10,9,9,10,10,9,10,10,15,11,11,11,15,12,9,11,11,10,17,11,11,12,17,15,15,9,11,15,15,11,9,15,15,11,15,15,15,11,10,10,9,17,17,17,17,10,10,17,9,15,9,17,12,12,12,15,15,15,17,9,11,9,17,9,12,11,9,9,17,11,11,11,10,15,10,12,12,9,9,17,12,12,9,17,12,11,11,15,15,12,11,12,17,12,17,11,12,11,17,17,11,17,9,11,9,10,10,12,17,10,12,9,9,9,15,11,11,15,17,9,10,9,12,17,15,17,17,12,10,12,11,11,17,15,9,17,10,9,11,12,15,9,15,12,10,9,10,17,17,15,15,9,9,9,17,10,17,17,9,12,17,17,12,12,11,11,11,11,17,11,17,17,17,17,17,12,9,17,10,17,11,10,10,12,12,11,11,17,12,12,17,17,15,11,17,11,11,9,12,9,17,9,10,9,15,11,9,11,15,10,9,9,9,17,12,11,11,17,15,15,10,10,11,11,17,10,12,9,10,10,10,10,10,15,17,9,11,17,15,12,11,10,10,15,12,10,11,12,12,11,11,11,15,12,17,10,12,17,17,12,10,10,12,17,10,11,17,11,12,17,17,11,12,11,17,9,9,11,17,11,11,15,15,17,17,10,10,17,12,11,15,12,11,11,10,9,12,12,15,10,9,17,15,17,9,17,17,10,17,15,12,12,11,10,10,10,17,17,15,12,17,9,9,15,10,12,15,15,15,17,17,15,11,15,10,12,9,9,10,11,11,9,9,12,15,9,15,9,12,12,10,17,17,10,12,15,9,10,17,11,11,11,17,9,9,11,15,11,11,11,15,12,17,9,10
pred_labels
12,9,15,12,15,12,11,12,17,17,15,11,15,10,10,15,11,15,15,12,12,17,17,17,10,10,10,15,15,15,12,17,15,15,9,17,9,11,15,11,9,11,11,15,11,15,12,9,17,10,10,17,11,15,11,10,15,12,12,12,12,17,9,11,12,15,15,9,17,15,11,12,11,10,9,15,11,15,12,17,11,9,10,15,17,11,11,12,15,15,9,9,12,9,9,15,15,15,10,10,10,9,17,11,11,12,10,9,17,10,9,17,15,12,15,11,12,15,15,17,10,9,10,12,10,17,11,15,11,9,11,10,9,11,11,9,17,15,9,9,17,12,12,15,10,15,15,15,15,11,11,11,9,12,10,9,11,10,17,12,10,12,10,11,9,11,11,15,15,10,17,17,11,9,9,17,15,10,17,17,12,17,12,12,10,9,17,11,15,17,12,15,11,12,11,11,17,11,9,10,12,17,17,10,12,9,15,12,9,9,9,10,12,10,15,10,9,12,12,12,9,17,15,17,10,17,17,11,9,9,17,11,12,17,17,10,10,9,10,15,12,15,11,11,15,15,11,11,9,11,10,10,9,17,10,10,17,10,15,11,11,17,12,17,17,9,11,10,9,10,15,17,17,15,15,17,15,12,17,9,9,11,17,12,11,17,9,9,11,9,15,15,10,15,15,11,11,12,12,9,9,9,12,17,17,11,9,17,9,15,11,11,17,10,10,17,10,17,15,11,11,15,15,11,17,9,10,11,15,10,15,17,17,10,15,17,12,9,12,10,12,11,17,15,11,17,17,12,12,15,10,11,11,10,10,9,17,12,11,12,11,9,11,11,11,11,11,12,12,12,12,12,11,11,17,10,15,9,11,10,9,10,12,17,17,15,17,17,17,15,15,12,9,10,17,17,10,17,9,11,10,11,10,15,17,15,15,17,17,15,10,11,9,12,17,10,10,15,12,9,12,11,9,10,10,15,9,17,10,10,17,15,15,10,17,11,15,9,10,11,10,12,12,11,10,11,10,12,11,15,15,15,15,11,9,15,10,12,11,12,9,11,10,17,11,11,10,10,10,17,12,17,9,9,15,11,9,15,11,9,10,10,12,12,11,10,9,12,10,11,15,10,10,10,10,15,17,10,12,17,15,11,9,12,9,15,10,17,17,10,10,17,10,17,15,9,9,10,12,11,17,17,12,12,11,12,17,11,17,12,11,11,11,12,9,11,10,12,12,10,11,17,12,12,15,11,15,15,12,10,10,9,17,10,15,12,15,10,10,9,11,10,11,15,10,9,9,15,10,15,10,11,15,15,17,9,10,12,10,10,12,10,11,15,10,10,11,12,10,10,17,12,17,11,9,9,17,12,12,10,10,10,15,15,17,11,15,12,12,10,15,15,15,11,9,17,15,12,10,17,11,17,10,15,9,10,9,9,10,10,9,10,15,15,11,11,11,15,17,9,11,10,10,17,11,11,12,17,15,11,9,11,15,15,11,9,15,15,11,15,15,12,11,10,12,9,17,17,17,10,10,10,17,9,15,9,17,12,17,10,15,15,15,17,11,11,9,15,9,12,11,9,9,17,11,11,11,9,15,10,12,12,9,9,17,12,11,9,12,11,11,11,15,15,12,11,12,17,17,17,11,12,10,17,17,11,12,9,11,9,10,12,12,17,12,12,9,9,15,15,11,11,15,9,9,10,9,12,17,15,17,12,12,10,10,11,11,17,9,9,17,10,9,11,12,15,11,15,12,10,9,10,17,17,12,15,9,9,9,17,10,17,17,9,9,17,9,12,17,11,11,11,9,17,11,17,17,9,17,9,12,9,17,10,17,11,10,10,12,17,11,15,12,12,12,17,17,15,11,17,11,11,9,12,10,17,9,10,9,15,11,9,9,15,10,9,9,9,17,12,11,11,9,15,10,10,10,11,11,9,10,12,9,10,10,10,10,10,15,17,9,11,17,15,12,11,10,15,11,12,10,11,12,12,12,11,11,15,15,17,10,12,17,15,12,10,10,12,12,10,11,17,11,12,17,17,11,12,11,17,9,17,11,11,15,11,15,15,11,17,10,10,17,9,11,15,12,11,11,10,9,12,12,15,10,9,17,15,17,9,17,17,10,17,15,12,12,12,10,10,10,17,17,15,12,17,9,9,15,10,12,15,15,15,17,17,15,11,15,10,12,9,9,10,11,11,9,9,12,12,9,15,9,12,9,10,17,17,10,12,15,9,9,17,11,11,11,17,9,9,11,15,11,17,11,15,12,17,9,9
pred_correctness
True,True,True,True,True,True,True,True,True,True,True,True,False,True,True,True,True,True,False,False,True,True,True,False,True,True,True,True,True,True,True,True,True,True,True,True,True,True,True,False,True,True,False,False,True,True,True,True,True,True,True,True,True,False,False,True,True,True,False,True,True,True,True,True,False,True,True,True,True,False,True,True,True,True,True,True,False,True,True,True,True,True,True,False,True,True,True,True,True,True,True,True,True,True,True,True,True,True,True,True,True,True,True,True,True,True,True,True,True,True,True,False,True,True,True,True,False,True,False,True,True,True,True,True,True,True,True,False,True,True,True,False,True,True,False,True,True,True,True,True,True,True,True,False,True,True,True,True,True,False,True,True,True,False,True,True,True,True,True,True,True,False,True,True,True,True,True,False,True,True,True,True,True,True,True,True,True,True,True,True,True,False,True,True,True,True,True,True,True,True,True,True,True,True,False,True,True,False,True,True,True,True,True,True,True,True,True,True,True,False,True,True,True,True,False,True,True,True,True,False,True,False,True,False,True,True,False,True,True,True,True,True,True,True,False,True,True,False,True,False,True,True,True,True,True,True,True,True,False,True,True,False,True,False,True,True,True,False,True,True,True,True,True,True,True,True,True,True,True,True,True,True,True,True,False,True,True,True,True,True,True,True,True,False,True,True,True,False,True,True,True,True,True,True,True,True,True,True,True,True,True,True,False,True,False,True,True,True,False,True,True,True,True,True,False,True,True,True,False,True,True,True,True,True,False,True,True,True,False,True,True,True,False,True,False,True,True,False,True,False,True,True,True,True,True,True,False,True,False,True,True,True,True,True,True,True,True,True,True,True,True,True,True,True,True,True,True,True,True,True,True,True,True,True,True,True,True,True,False,True,True,True,False,True,True,True,True,True,True,True,True,True,True,True,True,True,True,True,True,True,True,True,True,True,True,True,False,False,False,True,True,True,True,True,True,True,True,True,True,True,True,False,True,False,True,True,False,True,True,True,True,True,True,False,True,True,True,True,True,True,True,True,False,True,True,True,True,True,True,True,True,True,True,True,True,True,True,True,True,True,True,True,True,True,True,True,True,True,True,True,True,True,False,True,True,True,True,True,True,True,True,True,True,True,True,True,True,True,True,False,True,True,True,False,False,True,False,True,True,False,True,True,True,True,True,True,True,True,True,True,True,True,True,False,False,True,True,True,True,True,True,True,True,True,True,True,True,True,False,True,True,True,True,False,True,True,True,True,True,True,True,True,True,True,True,True,True,True,True,True,True,True,True,True,True,True,True,True,True,False,True,True,True,True,True,True,True,True,True,False,True,False,True,True,True,True,True,True,True,True,True,False,True,True,True,True,True,True,True,True,True,True,True,True,True,True,True,False,False,True,True,True,True,True,True,True,True,True,False,True,True,False,False,True,True,True,True,True,False,True,True,True,False,True,True,True,True,True,True,True,True,True,False,True,True,True,True,True,False,True,True,False,True,True,True,True,True,True,True,False,True,True,True,True,True,True,True,True,True,True,True,False,True,True,False,True,True,True,True,False,True,True,True,True,True,True,True,True,False,False,True,True,True,True,False,True,True,False,True,True,True,True,True,True,True,True,True,False,True,True,True,True,True,True,True,True,False,True,False,False,True,True,True,True,True,True,True,True,False,True,True,True,False,True,True,True,False,True,True,True,True,False,True,True,False,True,True,True,False,True,True,True,True,False,True,True,True,True,True,True,True,False,True,True,False,True,True,True,False,True,True,True,True,True,True,True,False,True,True,True,True,True,True,True,False,True,True,True,True,True,True,True,True,True,False,True,False,True,False,True,True,True,False,True,True,True,True,False,True,False,True,True,True,True,True,True,True,True,True,False,True,False,False,True,True,True,True,True,True,True,True,True,True,True,False,True,True,True,True,True,True,True,False,True,True,True,True,True,True,True,True,True,False,True,False,True,True,True,True,False,True,True,True,True,True,True,True,True,True,True,True,True,True,True,True,True,True,False,False,True,True,True,True,True,False,True,True,True,False,True,True,True,True,False,True,True,True,True,False,True,True,True,True,True,True,True,True,True,True,True,True,False,True,False,False,True,True,True,False,True,True,True,True,False,True,True,True,True,True,True,True,True,True,True,True,True,True,True,True,True,True,True,True,True,True,True,True,False,True,True,True,True,True,True,True,True,True,True,True,True,True,True,True,True,True,True,True,True,True,True,True,True,True,True,True,True,True,True,True,False,True,True,True,True,False,True,True,True,True,True,True,True,False,True,True,True,True,True,True,True,True,True,True,False,True,True,True,True,True,False
p2d-kl
0.5235011577606201
p2d-iter
599
p2d
-1.1029742,1.1612159;1.3096937,-0.031756345;0.7577676,1.5179647;-0.7752676,0.83948106;0.9105383,2.0572932;-1.0973939,0.96812844;0.08014373,-2.0023577;-0.6702026,0.44666672;0.41916323,-0.21128255;1.0836146,-0.13545655;0.80116767,1.8579625;0.18518123,-1.6293728;-0.045831397,0.29557905;-0.53779536,-0.48200876;1.1908214,-0.5673486;0.7666057,1.5385543;0.14355387,-1.9274317;0.7455134,1.7277766;0.50420666,-0.4236569;0.39039677,-0.11700483;-1.0760378,0.92579514;-0.19906496,1.2354504;-0.05460633,0.47688618;1.6637084,-0.49293095;1.3720642,-0.56239694;-0.96988225,-0.4622989;-1.056605,-0.48803887;0.70371705,1.6578676;-0.62557864,0.764338;1.327913,-0.31299546;-0.6928153,0.58520466;-0.37256706,1.2803415;0.8545958,2.137839;0.7734527,1.8026389;-2.1096277,0.14974183;-0.12145242,1.1412493;-2.0761206,-0.037865352;0.38159356,-1.3040848;0.038176235,0.15974744;0.09824163,-0.010048852;-2.4410152,0.2925499;0.7990759,-0.8482982;1.000511,-0.44011405;0.058914647,0.20607139;0.23514862,-1.9301456;0.2397304,0.338922;0.47489077,-0.3781997;-2.5403564,0.3433041;0.10110171,0.91472614;-0.41048974,-1.0526766;-0.5094246,-0.92678684;-0.13594688,1.0977618;0.31921923,-1.3145146;1.1546355,-0.49324813;0.52040523,-0.5349288;-1.0015987,-0.4807432;0.24466561,0.28879493;-0.89515907,0.72241175;-0.6452818,0.79822195;-0.41206536,0.71130097;-1.0342127,1.0449417;0.02181376,1.0764947;-2.5244904,0.32059115;1.4995389,-0.54799056;0.26393571,-0.04200168;0.8031479,2.0668013;1.3092256,-0.41009355;1.7323612,-0.41577083;-0.22097753,1.128259;0.011609501,0.080859065;0.019093981,-2.0803027;-0.69947004,0.62406486;0.317276,-1.621902;-0.46073088,-0.8595398;-2.3750565,0.17591976;0.82228726,1.9950099;0.5496065,-0.5677837;0.8669872,2.1202598;-0.4992232,0.76900166;-0.051218025,1.2126235;0.09606308,-2.0370653;-2.0721452,0.06540567;-0.8077519,-0.6315265;0.34880877,-0.47912705;-0.15849543,1.2776755;0.06074699,-1.9755126;0.084327355,-2.2035925;-1.0705475,1.1157615;0.8390551,2.0462518;0.8741434,1.9733187;-2.5048459,0.30317572;-2.1016304,-0.13436241;-0.8974325,0.54676896;-2.0521348,-0.060133804;1.5930108,-0.47793958;0.73003167,1.5467281;0.1330951,0.3286586;0.77086294,1.7784674;-0.48416573,-0.5131075;1.254992,-0.6404287;-0.8570409,-0.6648143;-2.0450542,0.009731848;-0.09627402,0.67765146;0.9038747,-0.8260259;1.3880622,-0.45439655;-0.89832747,0.65554535;-0.4252395,-0.85332793;1.5921482,-0.38583946;-0.42957523,0.9835426;-0.59967506,-0.7701908;-2.3882568,0.33040312;1.2672162,-0.4680475;0.75236696,1.7612467;-1.1302594,0.98351544;-0.060167767,0.30236274;0.36311466,-1.3461881;0.44345587,-0.25505343;1.2064961,-0.18960345;1.1833974,-0.30124426;0.84585994,0.20084809;-0.46551308,-0.9312581;-2.3106966,0.16148435;0.7564026,-0.2150746;-0.5681799,0.8368916;-0.9897527,-0.4473769;-0.33978015,1.2594084;0.2536297,-1.6821529;0.44127375,-0.30473572;0.078773014,-1.9201859;-1.9309806,0.018896634;0.07666475,-2.1598604;-0.42665115,-0.43411478;-1.9320219,-0.11380864;0.63077474,-0.67968404;1.0671167,-0.5001913;-2.5192688,0.3069787;-0.34760156,0.9877323;0.80644125,1.7383019;1.2582245,0.13607565;1.318686,-0.2075704;-0.118215896,1.1163714;-0.90932906,0.99050635;1.024277,-0.16172758;-0.5349873,0.88661593;-0.35255286,-1.1487606;0.83384645,2.0180156;0.8533153,-0.4482208;0.72794795,1.797646;0.7503953,1.6901286;0.08435116,0.28954268;0.34669325,-1.4903153;0.091007926,-1.7476426;0.4106376,-0.54612774;-0.29469544,0.58108526;-0.5638597,-0.78749907;-2.157541,0.04589096;0.79276973,-0.74602485;0.26640582,-0.5314774;0.720749,0.2103193;-0.8211536,0.52777606;-0.87380815,-0.41886863;0.29662973,-0.32923192;-0.44059876,-0.95405;0.22880937,-1.502222;1.2108425,0.09635866;0.12530708,-1.915373;0.09648943,0.08496973;0.08397458,0.17171468;0.15482667,0.28308868;-0.73598546,-0.59820783;-0.093170926,1.2001901;0.2309721,-0.02314719;0.13953061,0.045443397;-2.001006,-0.20724766;1.6537443,-0.4806821;-0.16751474,1.1383677;0.7965506,1.593774;-0.7861445,-0.5959746;0.124669984,0.7856591;0.7412107,-0.087356895;-0.9810051,0.8625915;0.31017545,-0.05537459;-0.8320648,0.70417404;-1.0316869,0.91728586;-0.6043868,-0.58799636;-2.391843,0.20158258;-0.5899665,1.1852069;0.78011054,-0.8661601;0.65388227,1.5200137;-0.519451,1.1518002;-1.0456952,0.9791067;0.87360394,2.056642;0.13089335,-2.145984;-0.9986435,1.0715839;0.95307523,-0.45005536;0.010386756,-2.2715702;1.2561256,-0.48635852;-0.07471351,0.29718688;-1.9310944,-0.08642194;1.2520889,-0.6803909;-0.81510264,0.7111841;0.015105395,0.9991843;0.24821158,-0.09545675;-0.42038605,-1.1155504;-0.5684396,0.53386474;-2.3762593,0.24049875;0.6469534,1.2512441;-1.0611743,1.1466719;1.7274721,-0.33557907;1.637941,-0.34948385;-2.0816734,0.002171923;-0.41555342,-1.0131323;-0.82321864,0.9562319;1.6485573,-0.2965864;1.3319268,-0.5229819;-0.7638662,-0.4854849;-1.9666766,-0.06261827;-1.0755936,0.8977491;-1.1138794,1.2039939;1.0562199,-0.30490404;-2.1100895,-0.03523501;-0.42437246,0.67131203;0.85878557,1.7446599;-0.032672662,0.23683938;-0.73666406,-0.6524234;0.065012805,0.86730105;0.7936725,-0.15920688;0.16561532,-1.8022069;-2.2474446,0.094761744;1.1848189,-0.16886573;0.09288712,0.84910876;1.6015813,-0.518342;-0.7380813,0.84019446;-0.18679361,1.3091613;0.7584679,-0.044053964;-0.6368303,-0.7520776;-0.057371728,0.041610017;1.8947408,-0.4851799;-0.46769613,-0.8452465;0.7763112,-0.41585702;-0.77074444,0.5075862;0.86537236,2.0713167;0.15273242,-2.0495467;1.020363,-0.5270518;0.7593527,1.4949038;0.811719,1.9484345;-0.004717881,-2.0219696;0.53859365,-0.6851113;0.6513197,-0.20614083;0.31522718,-1.168884;-0.4369582,-1.0069022;0.8223861,-0.37180588;-1.9499973,-0.19149593;1.8287576,-0.51642936;-0.86403733,-0.6204359;-0.5098639,-0.90430886;-0.14649162,1.1013547;0.90119314,-0.14347345;0.636792,1.1156569;0.049231447,-2.146402;-0.031270966,-2.2658756;0.13444592,0.8159311;-0.93963695,0.73406476;0.03312719,0.8522889;0.30591616,-0.21454868;-2.1144917,0.026913865;0.12489166,-1.7061386;-1.0560567,-0.5332017;1.1605786,0.012869051;-0.34535548,-1.0774865;0.8006029,1.9045991;-0.06565007,0.6645432;0.35386613,-0.105512805;0.8476222,1.7376016;0.57890034,-0.3383271;-0.039535478,0.7342585;0.59773934,-0.37388214;-1.0183588,1.1133798;-0.51057184,1.0820737;-2.1169474,0.0031005177;-2.4364867,0.29327795;0.3430607,-1.5278599;0.7160012,0.19412321;0.5601049,-0.20753361;0.13906652,-1.9985974;-0.02865219,1.0563886;1.2936168,0.08782782;1.8748531,-0.4798734;0.2500357,-1.7492324;-2.0222502,-0.009065853;0.8155542,2.115781;0.5805767,-0.48204756;-0.46751234,-0.9006209;0.7283074,1.7859496;0.6737995,1.5475564;0.22491804,-1.5414978;0.6741834,-0.5933007;0.97223604,-0.26462606;-0.8297395,0.9438545;-1.9167757,-0.0509401;-2.4319246,0.2126667;1.6138166,-0.53989214;0.5067062,-0.34119433;-0.2016371,1.2052432;-0.2769056,0.52197045;0.3741863,-1.4163445;-2.1223886,0.15525384;-0.14998314,0.57124674;1.8227743,-0.47174233;0.1955854,0.30060518;0.35561815,-1.4202482;0.87593174,-0.5094221;0.9793447,-0.13048886;-0.6103302,-0.5957527;0.9046277,-0.3673295;-0.118442826,1.1647199;-0.42473498,-1.0662044;-0.052502956,1.1109107;-0.013151497,0.21577728;0.33304006,-1.1764145;0.09103586,-2.0916953;0.84070563,2.1764398;0.6359169,-0.4966215;0.2497438,-1.9860058;0.9024279,-0.2918502;-2.2233713,0.0649743;-0.94648594,-0.43694547;0.12666823,-2.2304392;0.13871527,0.13926369;-0.77858275,-0.40473145;0.7842363,1.5705777;-0.0014641945,1.028099;-0.047403086,0.26429823;-0.4928642,-0.42610836;0.35763848,-0.29221615;-0.39394784,1.0938652;-0.76914454,0.5782635;1.7028074,-0.5032771;-1.0050278,0.92142344;1.8593023,-0.5492427;-1.1082978,1.0978132;0.07327055,-1.9207296;0.7330763,0.19957772;0.8824123,2.078139;0.33613172,-1.5347294;-0.0371825,1.0749449;-0.50334316,0.8025389;-0.8763436,0.7459637;0.9769187,-0.28846413;0.8345937,2.2175465;-1.0713738,-0.47553825;0.4753266,-0.40539882;0.14306605,-2.0957577;-0.7276327,-0.74267983;1.1180449,-0.54797953;-2.0075862,-0.12385106;-0.3822487,1.2725347;-0.049156103,0.5562043;0.07080091,-1.9584106;-0.9656994,0.8183141;0.2562404,-1.9166328;-1.9453053,-0.2157902;0.78079027,-0.8377801;0.49337816,-0.5839492;1.4599565,-0.5218693;-0.021802843,-2.3394876;0.082690135,0.120801456;-0.7204077,0.43940198;-0.96836185,1.0398533;0.4775882,-0.1970868;-0.9136807,0.6646314;0.8230693,-0.12085166;0.36470222,-1.3124236;0.9813447,-0.52218837;-0.06587607,1.1129315;-0.5900152,-0.74967253;0.8308711,2.112169;-1.9478354,-0.17848086;1.2152478,-0.24759217;-0.70600516,-0.48063436;-2.4492059,0.25634035;1.7000101,-0.37456614;1.7703441,-0.44196546;0.43934083,-0.15164307;0.33251965,-0.0645762;0.6368824,1.1313733;-0.25150684,1.1679227;0.08531928,0.8906198;0.83615524,-0.07277721;0.59111255,1.3026896;0.82768065,1.9469014;-0.8768409,0.78297424;1.2694151,0.14392273;-0.3838379,-1.082669;-0.45139888,1.0745876;-0.0915594,1.1820967;-0.9149112,-0.32771543;-0.625972,1.1937617;-2.1697168,-0.021246096;0.80137503,-0.8250889;-0.518121,-0.8871423;-0.048679132,-2.3226647;-0.844461,-0.43238875;0.6840312,1.5136726;-0.2020793,1.1418926;0.23498984,0.20680034;-0.026127746,0.13613193;0.32632664,-0.16369966;0.54512036,-0.20112334;0.6338839,1.5105375;-0.87238896,-0.65055203;0.3292319,-1.5541321;-2.1956716,0.1454672;0.42328143,-0.054357912;-0.042411357,1.0153832;-0.3708108,-1.0376842;0.1900617,-0.47548276;0.59911156,1.1133262;-0.5208032,0.5823461;1.2645481,0.18850419;0.4967772,-0.13679451;0.3240414,-0.431433;-2.4141011,0.25645503;0.7911993,-0.20505454;-0.5264973,-0.77739275;0.685388,1.4635739;1.3279523,-0.23389743;0.80603635,0.20025706;-0.90840966,-0.59262794;0.21668634,-0.466113;-0.31690672,1.0168443;0.6564592,1.2989471;0.6968817,1.461212;0.7432991,-0.38332748;-0.22492118,1.318194;0.034284543,-2.1113203;1.2796409,-0.514509;1.3541474,-0.18497676;1.051459,-0.37219277;0.9221965,-0.47478244;-1.0138211,-0.47707668;-0.83061177,0.99359775;-0.15370616,0.36160615;0.633051,-0.7224757;-0.6644362,-0.6645584;0.77373135,-0.7269736;0.34743637,-0.44943273;-0.8883391,0.6063238;0.7208982,-0.7108105;0.8386718,2.237489;0.8509441,1.9777594;0.6199266,-0.6240393;0.8063308,2.2028315;0.12779924,-1.6581788;-2.0082555,0.03289853;0.80216086,1.803752;-0.48575738,-0.9546414;-1.0794579,1.1574425;0.26390228,-1.5659971;-1.0331733,0.851593;-2.0822346,-0.058182333;1.5706321,-0.51003104;0.7313047,-0.37601826;-0.13900931,1.1768826;0.24706803,-1.7117285;0.076461434,-2.1119664;-0.70601207,-0.6281666;0.9625648,-0.5117996;-0.3656272,-1.02874;-0.2905865,1.193996;-1.0840089,1.1943768;-0.36316934,1.1264017;1.1378453,-0.026528912;-0.24038027,0.5299656;0.82065284,2.0616658;0.15418485,-1.6720799;-2.3363638,0.2567724;0.67966473,1.2399048;0.23564282,-1.6674179;-1.996308,-0.15286568;-1.0137337,-0.4558498;0.826068,-0.4224702;-0.59558576,0.88017887;-0.28357032,0.55874527;0.19226798,-1.5487401;-0.37972924,-1.0535765;-2.3086507,0.25517035;-0.7519501,0.39854202;-0.82743466,-0.58242375;0.566802,1.5384938;0.8175232,2.024928;-0.5117406,-0.8769623;0.882719,-0.43262002;0.8367908,-0.5915457;0.19978885,-0.49663123;0.64970607,1.1985385;0.31999722,-0.21050663;-0.7679125,-0.6214515;-0.76745,0.41602382;0.9708712,-0.16419841;0.66937435,1.5178812;0.60600877,-0.6720424;1.3373226,-0.115856655;-0.9810032,1.0751226;-2.0296764,0.1447092;0.85676575,2.0578978;-0.6043677,-0.5235415;0.7504409,0.19753198;0.20694517,-0.20025797;-0.5415524,-0.55963105;-0.74922115,-0.6868322;0.032288298,0.8185335;-0.73328376,-0.48895088;0.3150514,-0.26078877;0.2829851,-0.3794406;-2.5222154,0.34016457;1.8172586,-0.5166998;0.20807523,-0.52189225;-0.7357623,0.54587615;0.8775649,-0.83001083;-0.07933162,1.0676056;-0.5158112,1.0855384;-0.7977492,0.87610894;1.0265151,-0.2830989;0.19140273,-1.7383305;-1.076456,0.97786754;-0.1501526,1.2227844;0.24912052,-1.9833754;0.184764,0.010353214;-0.7250011,0.5034494;-0.01911605,-2.3092115;0.31528875,-0.4314563;0.02817903,-1.989079;0.87187886,-0.17301287;1.2108364,0.16892627;0.012622009,-2.1571014;-0.8581378,-0.5638358;-1.0924729,0.85537136;0.49773297,-0.18436842;-0.89965713,-0.57927626;0.09888166,-2.1391287;-0.35067666,1.0378524;-0.77032405,0.51205164;-1.0579883,0.8618703;0.8501791,1.7536387;0.06297371,-2.0007083;0.6079064,1.174798;1.1346867,-0.4228211;-0.7669677,0.71532357;-0.484374,-0.5742864;-1.0754561,-0.46353158;1.268317,0.13022241;-0.09804231,0.60547477;-0.5987545,-0.40899798;0.6641682,1.5902263;-1.0496207,0.9617419;0.24844287,0.23636568;0.28835043,-0.47066435;-0.47114944,-0.40737483;1.2588713,0.016869877;0.31572738,-1.723186;-0.6751562,-0.6951423;0.31889272,-1.2806637;0.6590891,1.5719267;-0.5458721,-0.5466563;-2.525995,0.27742514;1.3362997,-0.06737795;0.5685146,-0.4819275;1.2418982,-0.6830743;0.35910875,-0.3323716;-1.0839894,-0.5170118;0.88483363,-0.52230394;0.9330929,-0.30991858;1.6954867,-0.57572156;0.19071256,-0.018001681;-2.414688,0.28907248;-0.7810902,-0.6738976;-0.8397161,1.0090088;0.74971044,-0.2219052;1.6305686,-0.31645393;-1.108437,1.2033608;0.36696652,-0.3778987;0.2782018,-1.8464276;0.62488806,-0.6434441;-0.44219717,-1.0480512;-0.94749534,-0.48399517;0.7600055,-0.7188375;-0.5783967,0.62728846;-0.63776165,-0.5773116;1.6040123,-0.28405198;-0.3508048,1.2459124;-0.6990884,0.5831627;-0.16713576,1.2131104;0.175316,-1.9382066;-2.063374,0.14894891;-2.4487042,0.2290993;-0.17937693,0.6100465;1.0264226,-0.058580622;0.23242691,-0.3946724;-0.39640477,-1.0034939;-0.7313678,-0.71050483;-0.48608488,-0.9327537;0.26007214,0.25584915;0.75130355,1.9948196;0.054686323,0.939545;0.0073046777,-2.1671572;0.6125617,1.1347387;-0.5310263,0.5892193;-0.5745376,0.73927635;0.19025235,-0.51229143;0.80929613,1.9494073;0.05663684,0.19596213;1.3172514,-0.3335789;0.64005387,-0.5810391;-2.3410168,0.21634966;-0.6120927,1.1888416;0.6430251,1.225908;-0.6798255,0.4099897;1.047608,-0.38584137;0.83123446,-0.064493686;0.23894165,-1.7702587;-0.3679248,0.9915082;0.35929203,-0.3728709;0.27462682,0.22465673;-1.9300034,-0.08240091;0.86781067,-0.5536354;-2.0074086,-0.056188323;1.6147194,-0.39731407;-0.37725362,-1.0954549;1.0466272,-0.37678495;-2.525995,0.27742514;-0.80938536,-0.6669199;1.290369,-0.5957836;0.61362153,1.3307117;0.5982749,1.5404531;0.12757856,-1.7092925;0.6102755,-0.7084037;0.6287568,1.1871606;0.41760704,-0.18959129;1.3250773,0.088954374;0.7881292,-0.7574392;0.8825204,-0.51948893;-0.57945865,-0.64821213;-0.3749443,0.858447;1.3989584,-0.5058602;0.25895905,-1.5208387;-0.84008217,0.5952647;-0.23433517,1.2258548;0.62355286,1.2745179;1.5665781,-0.5492596;-2.1949058,0.0933065;0.27282733,-1.6501654;0.71672076,1.5957556;0.6509319,1.4569005;0.26754537,-1.5873622;-2.4652379,0.2614384;0.6816901,1.3342311;1.3138764,-0.42332378;-0.056077745,-2.3471088;0.78583175,1.9692278;0.60630435,1.0971369;1.2474966,-0.52064973;0.28801623,-1.3895488;-0.7434692,-0.4414945;1.512718,-0.28097004;-2.0124972,-0.10139672;-0.09101105,0.5277737;0.095364615,0.8735788;0.2586576,-0.016261257;0.99400157,-0.40234149;-0.55371463,-0.85661435;0.7971343,-0.39791372;-0.4074664,0.9852252;1.6402422,-0.4601508;0.04609132,0.1983574;-2.2779639,0.16862959;0.07033557,0.8749527;-0.9846585,0.88838184;0.2849008,-0.28703776;1.8829607,-0.519856;0.75528294,1.6614126;0.60206085,-0.50430536;0.7675881,2.0937426;-0.25781953,1.1805282;0.6519471,-0.6992075;0.138774,-1.8625989;-2.0213153,-0.085819356;1.2876956,-0.22869523;-1.9648621,-0.14916112;-0.86077404,0.62750417;-0.019453634,-2.1732478;-2.3409889,0.24923049;1.2591856,-0.2313427;-0.37142766,0.98123705;0.17804006,-1.5977622;0.030838517,-1.8774223;0.6590946,-0.68303925;1.8498653,-0.45657304;0.8340352,1.8034325;-0.32992944,-0.46238184;-0.9498693,0.94750434;0.5020331,-0.13785851;-2.3408573,0.2067827;1.3181216,-0.22203611;0.8292938,0.20000084;-1.0977193,1.1786853;0.18455836,-0.3427106;1.2290238,0.10060946;1.6744511,-0.50644016;0.11726675,0.04870593;0.011079096,-2.0664992;0.30102977,-1.6170964;0.19462304,0.34219974;0.6952392,1.5885768;-0.77258486,0.8312501;-0.022583906,-2.2224112;-0.76030356,0.46711978;-0.1360981,1.2464391;-0.04338555,0.21890773;0.7893343,-0.1668644;0.22471498,-1.7779049;-1.0788102,0.9348454;-0.6898446,0.81773376;-0.4310282,1.2575034;0.52990013,-0.25591186;0.28778464,-1.4631035;-0.43088126,-0.37025148;-2.5020065,0.35151115;0.23589303,-1.5472531;-1.9594492,-0.16278568;-0.97485584,-0.4760532;1.5498832,-0.28740063;0.28121492,-0.09282748;-0.20635188,1.2531277;1.0459887,-0.20236054;-1.000296,0.8902657;-2.1291816,-0.05512891;-2.410074,0.2273738;1.2858987,-0.26686856;0.09967059,0.2927234;-0.020517053,-2.1708484;1.2455256,-0.30790582;0.059147306,0.14882077;1.7010351,-0.4697116;-2.3446693,0.11619292;-0.7809608,-0.45538655;-2.0913904,0.014771245;-0.9227416,0.7550544;-0.48491955,1.0010467;0.7737705,1.5703923;0.02983189,0.83359945;1.2451991,-0.5360657;-0.81157625,0.4637426;-0.89368916,-0.55688614;0.24425264,-0.4814976;0.06697659,-2.2484941;-0.6631982,0.7638063;-0.38139006,1.041421;1.8496205,-0.4889659;-2.02418,0.034435738;-0.41676676,1.0990403;-0.5148932,-0.5122758;1.8444537,-0.40773594;0.8800802,-0.8244956;-0.8604778,0.95554173;0.64640576,1.1455259;1.4652448,-0.4696672;0.23441161,0.20700091;-0.6992224,0.42317906;-0.52941626,-0.503266;1.2195643,0.122627355;-1.0486288,-0.49869898;-0.16193803,1.1576799;-0.07510587,0.57299256;1.7035218,-0.5389229;0.79185164,1.7684797;-2.4105408,0.18228905;0.6348265,-0.42754927;1.5662411,-0.40104273;-0.22043256,1.3243561;-0.9644442,-0.5019825;0.0989641,0.8159317;-0.034761224,0.4945393;1.3300352,0.066909514;1.2875348,-0.15418111;-0.3232909,1.0173408;1.2616538,-0.19014484;-0.5703388,0.7028645;1.8475679,-0.5067639;0.95451015,-0.5754033;-0.042258225,-2.3653374;1.2148408,-0.45976517;1.9270308,-0.48843607;0.7122755,-0.029204339;-0.010494099,-2.2300613;-0.5615537,1.1688346;-0.1318451,0.51142615;1.6923581,-0.4827057;-0.3737468,0.91664207;1.7482538,-0.43479538;-0.97009623,1.018674;1.3595004,-0.041963257;-0.45438963,1.1488727;0.84594667,-0.39990166;-0.49832287,1.1183006;0.124320626,-1.9654317;-0.8029058,-0.72559065;0.26089135,-0.4641558;-0.66748077,0.468672;0.28350437,-0.2823506;0.018272437,-2.1448104;1.1676713,-0.4309812;0.27184314,-0.39757562;-0.8908415,0.6330647;-0.5657989,0.5347808;0.075850695,0.80827856;0.028566543,0.8843982;0.7081314,1.3878568;0.31117558,-1.3426275;-0.11630443,0.3708138;0.0013143974,-2.208967;1.4012437,-0.45231304;-2.1460378,-0.0172833;-0.8450153,0.51927936;0.87658143,-0.372422;-0.20748939,1.2163972;1.3412603,0.035673823;-0.94495684,-0.57153976;1.671803,-0.34384668;0.7318117,2.0336254;0.043607395,-2.0421605;-2.16819,0.1464853;1.6662486,-0.39116713;0.22308458,0.31997213;-0.50952,-0.83767056;-2.1928499,0.057706807;1.6620877,-0.4551663;1.5778886,-0.36407503;-0.52678084,1.0395181;0.95654106,-0.21136773;0.06492642,-2.0155213;0.35406494,-1.1328717;1.3310418,-0.2462437;0.8070186,2.1527247;0.9548384,-0.4920264;-0.96852565,-0.4414467;-0.7317561,-0.49973622;1.4170731,-0.5206705;0.59216654,-0.28231153;1.3311901,-0.18241216;-0.90768665,-0.42995793;-0.7188371,0.34461465;1.1802275,0.016042452;-0.35322323,-1.0581142;-0.8166961,-0.40221348;-0.41361657,-0.9779353;-0.4489831,-0.40656886;-0.5477458,-0.83993435;0.6878396,1.3594859;0.053049162,0.9026899;-2.1300821,0.024627306;0.34818974,-1.3277621;-0.052843984,1.0222818;0.61948156,1.2356657;-1.063903,1.1855385;-0.022023695,-2.339428;-0.48046058,-0.8974394;0.9961773,-0.5375808;0.34823576,-1.1296843;-0.87369734,0.69219255;-0.956585,-0.4662358;0.051847752,-2.1802216;-1.0878378,1.046447;0.95240486,-0.2184092;0.4689612,-0.12821339;0.061478242,-2.0004191;1.0386332,-0.4585975;0.17295091,0.24088098;0.47116655,-0.4413878;0.7116909,-0.009801445;-0.616493,-0.7796806;-0.7460393,0.82170016;-0.4436755,0.6400228;1.3673855,-0.42781213;0.047478464,0.06742573;-0.76165164,-0.7383974;-0.6022812,-0.7049304;-0.81596595,0.4778629;0.44276944,-0.21861798;1.8668659,-0.5038938;0.14828673,-1.6814117;0.02401592,0.9670343;0.23772746,-1.6747558;-0.39545283,0.703449;-0.518701,0.9597815;-0.2037497,1.1943432;0.40175477,-1.2414852;-1.0038301,0.81179214;0.49028304,-0.54363835;0.27350217,-0.18847552;-2.41292,0.34992993;0.98547065,-0.118823364;0.27216056,-1.6677089;1.2773702,-0.52295196;0.0833695,0.18955752;-0.008305223,-2.059972;0.8050769,2.1195676;1.140963,-0.4529164;0.24946415,-0.39711875;0.7611465,0.19999681;-0.83750033,-0.41263244;-0.9284777,-0.4790848;0.81243795,-0.04438344;1.7416922,-0.40010202;-0.034548204,-2.2943628;0.83456504,1.941244;-1.0556453,0.8280023;0.17887487,-1.8061938;0.67360103,-0.56826663;0.17058848,-0.5066304;1.2626172,0.061885394;-0.9892126,1.0851959;-0.85962933,0.962213;0.88298047,2.0099065;-0.70584625,-0.5735045;-1.9727752,-0.08283175;0.86143595,0.20280445;0.7493809,1.5942942;0.6887338,0.2332946;-2.3732898,0.21390492;-0.4222524,1.0959865;-0.17795378,0.5991846;0.2726967,-0.2705986;-0.059805773,1.0577474;0.60933506,1.2600914;-0.93142766,0.68514496;0.5218833,-0.13200256;0.5224296,-0.39261416;1.2465999,-0.58639354;0.77499694,-0.22867432;-0.7779594,-0.71309054;0.0114505235,0.6933983;-0.02211962,0.7010322;0.6309978,1.1686767;-0.7310892,0.8161035;-0.34571868,1.2701302;-2.180519,0.028343888;-1.939772,-0.072128706;1.3272463,-0.38367435;-0.34283984,-0.46591753;-1.0860406,1.149207;0.8936619,2.0333552;0.77818537,-0.52033746;0.76198345,-0.4729708;0.39721525,-0.1412542;-0.42049605,1.0921601;0.70766824,1.4497052;0.08595776,-1.6115832;0.26356488,0.23780607;-0.37715894,-1.0627294;-1.0381389,0.8793572;1.1954473,-0.08052594;1.8779231,-0.45853466;-0.58994895,-0.54074043;0.13036807,-1.6143606;0.33250108,-1.3054711;-2.3801537,0.26260975;1.2447461,-0.048626248;-0.7586032,0.502955;0.9966436,-0.1435062;-2.0656521,0.038780987;0.7717781,1.7335544;-2.17641,0.15849063;-0.74634063,0.57178473;1.1952288,-0.05551063;-0.8069786,-0.41331872;-0.061458092,0.6672791;1.8355349,-0.4586458;0.85434306,-0.56816375;-1.0266836,0.8081687;0.66817135,1.2847371;-2.0148492,-0.015005848;1.8815514,-0.43513957;-0.10572539,0.6393179;0.38843545,-1.2456692;0.27023792,-1.4894421;1.3807904,-0.49148032;-0.08273355,0.6174883;-2.303016,0.1800634;-2.4807215,0.34256086;0.06515364,-2.1911542;0.82553464,2.2075462;0.25815338,-1.793459;-0.13652672,0.38326815;0.14611053,-1.5883769;0.8049004,2.0507867;-0.7347622,0.68387973;-0.073024355,0.6685351;-2.28785,0.2561331;1.1830565,0.049584135
p3d-kl
0.40818145871162415
p3d-iter
599
p3d
-1.863217,1.171895,-0.13584174;1.2699734,0.3021575,-0.4189226;-1.1819934,-0.73313665,-0.57187283;-1.1941769,0.67172134,0.14663932;-2.0632987,-0.88864815,-0.557738;-1.7492061,1.0538571,0.24534504;-0.19497189,-2.4215457,-0.7403217;-0.81482273,0.52180344,0.8523594;0.5287049,0.35060158,0.40440232;1.2248019,0.42751172,0.15061666;-1.7246809,-0.88303757,-0.7300506;-0.011725446,-1.8171589,-0.3175957;-0.4556032,0.17041412,0.16380128;-0.124200955,0.11631873,1.4767288;1.4193225,-0.13679665,0.5932597;-1.216493,-0.75399125,-0.58370304;-0.09134925,-2.22283,-0.7548515;-1.5194354,-0.72997814,-0.74008524;0.5443058,-0.1549341,0.24663137;0.28647366,0.34088126,0.24605957;-1.7065141,0.9910503,0.31931272;-0.58727205,1.8391216,-0.39222977;-0.098378584,0.5739871,0.24314855;1.9395316,0.28833342,-0.2432653;1.6785815,0.023124464,0.3939473;-0.75064445,0.049469527,1.9547536;-0.9241612,-0.115463674,1.9947085;-1.437207,-0.57433814,-0.6500646;-0.9440398,0.42227212,0.072713636;1.4342632,-0.1388258,-0.073213525;-0.8977574,0.6916867,0.5289137;-0.89265037,1.7350354,-0.44068697;-2.2057137,-0.9981968,-0.7008102;-1.5806795,-0.87477875,-0.7990131;0.55673784,0.2822223,-1.9207052;-0.41143343,1.8890743,-0.19316715;0.73992795,0.60836095,-1.678348;0.37101912,-1.1264223,-0.11723843;-0.2561328,-0.109674774,0.2548829;0.052240822,-0.27924725,0.29527304;0.6244795,0.5401551,-2.758987;0.98747325,-0.8832349,-0.022471493;1.1247,-0.12989412,0.49896166;-0.31125188,-0.14673129,0.20170672;0.11300083,-2.2503774,-0.81948066;-0.36730713,-0.44098467,-0.18466876;0.49587497,-0.08922321,0.28847584;0.4849514,0.49909326,-2.987237;0.06281417,1.4240392,-0.038356382;0.6487511,-0.16123989,2.023934;0.34465876,-0.1754001,2.011399;-0.41569754,1.8783664,-0.10748086;0.24195336,-1.1678581,-0.110493705;1.3255616,-0.20580749,0.43796292;0.49331293,-0.32782897,0.12356962;-0.8147672,-0.00967768,1.9828292;-0.23548374,-0.46726137,-0.14743944;-1.3231966,0.672293,0.53172654;-0.97374105,0.61735326,0.12823725;-0.66884977,0.92542297,0.24517174;-1.7014412,0.9906378,0.03201097;-0.15186128,1.6576445,-0.25425684;0.512512,0.5296442,-2.9509997;1.897671,-0.057301052,0.22410381;0.053038977,0.28880373,0.21072128;-2.073208,-0.9400113,-0.7988013;1.4913206,-0.29602978,0.1341983;1.9608548,0.49040017,0.0557574;-0.61406213,1.7693837,-0.16738082;-0.15417111,0.15228677,0.3125969;-0.25106138,-2.65153,-0.7989126;-0.935658,0.6717243,0.46194744;0.24645562,-1.7838731,-0.32788178;0.32861337,-0.19978856,1.8371304;0.4881537,0.4430376,-2.522033;-1.9498675,-0.9818134,-0.7868149;0.536302,-0.38834852,0.09956577;-2.17665,-0.9403663,-0.6517715;-0.6932337,0.55130386,0.011067293;-0.28202888,1.768216,-0.4172264;-0.17006561,-2.4233959,-0.84459174;0.73212785,0.31446445,-1.8077941;-0.4086829,-0.3284738,1.9429864;0.45014653,-0.20518996,0.6232612;-0.51445144,1.8954816,-0.51093286;-0.1843416,-2.437093,-0.6845451;-0.40163636,-2.534494,-1.003449;-1.7929894,1.1154927,-0.06845448;-2.045818,-0.97542083,-0.71711624;-1.9398197,-1.0710444,-0.80433637;0.5040621,0.54899776,-2.9106793;0.9554494,0.3353049,-1.6868299;-1.1532863,0.9867653,0.7153277;0.874333,0.5293388,-1.6706287;1.8763589,0.18123356,0.025464026;-1.2345026,-0.6670639,-0.6363971;-0.44549257,-0.30823156,-0.042894404;-1.6117507,-0.7809992,-0.7067438;-0.010781683,0.048124045,1.4001777;1.5699123,-0.037887167,0.6911365;-0.45912528,-0.32163695,2.0865238;0.78107744,0.36118117,-1.7146502;-0.23052096,1.0652307,0.17225777;1.1977298,-0.798034,0.048747476;1.6265585,-0.09853997,0.1307944;-1.2750177,0.7788013,0.63101953;0.35984,-0.15618837,1.7476153;1.7309078,0.34816885,-0.0787127;-0.74504787,1.0969297,-0.18429664;0.03553945,-0.19222002,1.9408051;0.63417536,0.32432163,-2.7133577;1.4720101,0.059279818,0.34079197;-1.5821218,-0.75392765,-0.74708617;-1.7741311,1.1625488,0.23900329;-0.47841883,0.20262559,0.16386603;0.3269452,-1.2095932,-0.15214929;0.3963178,0.13867885,0.25557026;1.0147463,-0.11230906,-0.25660732;1.1612304,-0.13113138,0.019653466;0.74174225,1.2465245,0.23832159;0.40023196,-0.16468267,1.9676003;0.62303424,0.5053794,-2.337156;0.7904641,0.41830894,0.91654783;-0.8864225,0.7264732,0.009240158;-0.7959633,0.01826963,1.9427178;-0.8333539,1.7394859,-0.41385892;0.13278036,-1.9101583,-0.39840484;0.38442308,-0.008623604,0.27190012;-0.09310882,-2.3712654,-0.5987487;0.58796036,0.4668393,-1.4531476;-0.34826267,-2.5259476,-0.9412771;0.024404615,0.12535079,1.1662383;0.7929315,0.48947206,-1.3151604;0.7067603,-0.573936,-0.004616539;1.1785958,-0.33637226,0.34879467;0.49958587,0.5455116,-2.9293852;-0.6096663,1.2344863,-0.16983157;-1.5365831,-0.89525646,-0.6673086;1.0037479,0.42602658,-0.6200296;1.3514284,0.0046624914,-0.22264591;-0.4096421,1.738306,-0.1827188;-1.4897239,0.7813148,-0.014335812;1.1215817,0.40574637,0.26072317;-0.8667363,0.76120687,-0.10665706;0.86411494,-0.12546954,1.9782635;-1.9980114,-1.0052774,-0.74995255;0.9935189,-0.18542844,0.8240299;-1.6383595,-0.6842648,-0.7724177;-1.4624697,-0.7176284,-0.69958645;-0.409512,-0.4248456,0.19273375;0.32137525,-1.5026788,-0.31196842;-0.18514718,-1.8900054,-0.61855936;0.6512469,-0.12778908,-0.33951327;-0.51463825,0.760071,-0.10996474;0.10652027,-0.12812005,1.9070055;0.71199083,0.5566975,-1.9588006;0.9498104,-0.68388903,0.13589591;0.45946375,-0.26319644,0.8861334;0.46855676,1.2721554,0.2306573;-1.0492327,0.8225653,0.7566403;-0.69059813,-0.0481851,1.6890028;0.34437734,0.12680462,0.68506056;0.47500065,-0.1531029,1.9494171;0.07502431,-1.5287247,-0.25382227;0.9674478,0.34594315,-0.4963104;-0.12665021,-2.2229266,-0.71120465;-0.099755704,-0.14393842,0.2701036;-0.23601554,-0.2058561,0.19347508;-0.34253576,-0.4296453,0.024913536;-0.34162205,-0.32532638,1.7751209;-0.36319986,1.8366227,-0.35050428;0.035809617,0.34123126,0.26758206;-0.035502873,-0.088162065,0.2517447;0.9620897,0.37135628,-1.2960954;1.9260784,0.28192073,-0.19103628;-0.5048741,1.8931147,-0.17887098;-1.2975066,-0.84729946,-0.61701494;-0.4010433,-0.23401678,1.8725607;0.23272878,1.397064,0.21067712;0.69613576,0.46872026,0.44583163;-1.5566114,0.7879581,0.37805548;0.18040708,0.31667215,0.13394764;-1.2172661,0.6575036,0.46630475;-1.6686085,0.8646477,0.33079484;-0.12792882,-0.17686623,1.6179655;0.56779605,0.56447864,-2.5227304;-1.1993488,1.3532182,-0.31791067;0.9524929,-0.91685414,-0.052776195;-1.1951019,-0.44060123,-0.65761733;-1.0469213,1.3448249,-0.3011322;-1.7425187,0.89529157,0.21109957;-2.0700684,-0.99271464,-0.61496043;-0.15594971,-2.6112843,-1.1073372;-1.6632371,0.9423991,-0.07168097;1.0472848,-0.18270217,0.5440184;-0.38350916,-2.783761,-1.1888154;1.4690099,0.028079059,0.39059928;-0.49033165,0.17433386,0.19795233;0.74705255,0.5313364,-1.3608733;1.5910251,-0.019374074,0.78007054;-1.186664,0.6468181,0.42427674;-0.08961416,1.6852328,-0.06595786;0.11684236,0.38317022,0.37488618;0.7275116,-0.034989536,2.017319;-0.6845656,0.69217604,0.52979475;0.6221124,0.5030702,-2.547134;-0.8304818,-0.4297939,-0.32625374;-1.8173357,1.1136383,-0.13263343;1.8631935,0.5913488,-0.08811284;1.7838893,0.46009976,0.115211554;0.7671325,0.48768243,-1.7650908;0.5834287,-0.2056056,2.0170705;-1.3276653,0.8805463,0.009622496;1.7339764,0.561009,0.13182497;1.599021,-0.10752793,0.34210068;-0.45252997,0.017739767,1.7216508;0.827465,0.5811865,-1.4094337;-1.6516265,1.0305023,0.33725965;-1.9096482,1.2030599,-0.1900569;1.2149718,0.23092115,0.47557616;0.7742796,0.60631573,-1.7720946;-0.60567933,0.8598338,0.27410033;-1.5616925,-0.9535035,-0.53581303;-0.31215647,0.17517227,0.20206651;-0.26711184,-0.25212246,1.8971864;0.07320235,1.5310286,0.092484266;0.8059107,0.4477294,0.69345653;0.0018178425,-2.118469,-0.5034191;0.6657818,0.56540364,-2.1676903;0.93302584,-0.10919414,-0.28822157;0.1145397,1.4455304,0.09758796;1.946932,0.18653847,0.11053806;-1.144775,0.6331338,0.10329132;-0.51694435,1.7464336,-0.5741831;0.7224473,0.6304696,0.48409933;-0.036287554,-0.23272371,1.9590017;-0.24824148,-0.18084839,0.5653204;2.2827737,0.6163247,0.08692942;0.30967578,-0.23544891,1.8283551;0.73699224,-0.07381378,0.7099641;-0.96426886,0.7236115,0.7564282;-2.0842655,-1.0327747,-0.63425726;-0.09442574,-2.3593624,-0.95645916;1.1759169,-0.34194958,0.5385451;-1.1804273,-0.7064247,-0.50913227;-1.871442,-0.914141,-0.7362947;-0.1064065,-2.6817503,-0.7547285;0.43001673,-0.5923415,-0.03363375;0.8490102,0.23056608,-0.20899674;0.14054872,-0.8392118,-0.08648005;0.553128,-0.18169191,2.0181303;0.8557002,-0.019438023,0.7982032;0.8519904,0.2543531,-1.3456484;2.2195618,0.4771414,0.08100856;-0.5108239,-0.30052745,2.0129888;0.31807747,-0.1989677,1.9902813;-0.4259366,1.919307,-0.112341516;1.0055737,0.46694532,0.52652544;-0.5933414,-0.44766888,-0.21731012;-0.32537106,-2.6164627,-0.9364303;-0.35873055,-2.8728669,-1.1902266;0.2590306,1.3884315,0.16945778;-1.3704306,0.8108664,0.50844127;0.010961098,1.5034814,0.14852495;0.31722566,0.35660943,0.58457786;0.73160094,0.5138753,-1.8416278;-0.12698257,-1.8770115,-0.4927897;-0.9056091,-0.22209415,1.9624425;1.0470488,0.39580107,-0.27319685;0.755017,-0.25572515,2.0170963;-1.8006243,-0.8692916,-0.7245152;-0.17995632,1.0538878,0.19692788;0.19670196,0.3982909,0.2999781;-1.5540773,-0.9184615,-0.53842;0.5555365,0.022787103,-0.09355067;-0.12549588,1.2140874,0.16778934;0.58956265,-0.027285492,-0.13838245;-1.7309488,0.9887204,-0.11716777;-0.9892281,1.2159286,-0.2078099;0.79109716,0.5009796,-1.8484532;0.62892884,0.5344844,-2.7509952;0.3110841,-1.5683266,-0.36735958;0.4535359,1.2685872,0.2372879;0.6410833,0.23883015,0.14934672;-0.008591633,-2.5434792,-0.6995353;-0.19930358,1.7814584,-0.09312449;1.1159065,0.34754527,-0.6039241;2.2394931,0.604291,0.0923753;0.1381842,-1.962726,-0.5477933;0.7833151,0.36457634,-1.6305057;-2.1706872,-0.93397576,-0.7758318;0.6466053,-0.175604,-0.031774595;0.3671479,-0.19932793,1.9321054;-1.6229024,-0.6874415,-0.76748186;-1.2338538,-0.49980584,-0.6962014;0.07731242,-1.6053159,-0.2831784;0.75457776,-0.3968081,0.16594976;1.036858,0.1596854,0.34670234;-1.3359375,0.86326903,0.035806634;0.75559586,0.63801295,-1.3637516;0.509781,0.5375066,-2.6241004;1.9774436,0.23549792,0.17369546;0.5805244,0.022296106,0.26171133;-0.58780956,1.8363069,-0.33598194;-0.50128555,0.60147715,-0.082188055;0.38542965,-1.3678935,-0.22615275;0.5543927,0.29307827,-1.9602607;-0.22470894,0.7865169,0.024753192;2.1631339,0.55024153,0.093071744;-0.31298593,-0.51145583,-0.065882936;0.33859363,-1.3748225,-0.22924954;0.918577,-0.30571508,0.5852233;1.0865854,0.49318147,0.32796186;-0.13003498,-0.17278092,1.6506164;0.9771045,0.0729216,0.66380864;-0.4031514,1.8511964,-0.26217923;0.6463273,-0.1108921,2.0184202;-0.2641882,1.828714,-0.15332638;-0.29954737,0.105349965,0.2180211;0.19273974,-0.85124123,-0.070106566;-0.20450374,-2.4932818,-0.95798975;-2.2834165,-0.9638,-0.7503775;0.80932045,-0.18508086,-0.13012561;0.10462861,-2.2659588,-0.9583658;0.9833859,0.15961245,0.5430349;0.7162699,0.55065477,-2.1156852;-0.76422924,-0.026827525,1.8627051;-0.45924464,-2.426533,-1.0262076;-0.105981395,-0.2452264,0.14359024;-0.5364623,-0.06999659,1.5342001;-1.2709765,-0.8062319,-0.5938895;-0.13761133,1.7195094,-0.09834151;-0.36023965,0.22068797,0.1847924;-0.109350435,0.17619134,1.2978573;0.26281226,0.16278802,0.5437906;-0.80171615,1.3890637,-0.19635624;-1.036889,0.6101925,0.6620872;2.0102613,0.30359092,-0.081313856;-1.6656015,0.7595206,0.352264;2.2447665,0.47643676,0.18826084;-1.8542707,1.1173131,0.017963313;-0.12722135,-2.35058,-0.5974698;0.49400407,1.2608807,0.23967472;-2.0660157,-1.1058962,-0.7018786;0.2991609,-1.5988064,-0.33504498;-0.22218695,1.7764288,-0.13073401;-0.7424578,0.6381002,-0.041521564;-1.3379604,0.589448,0.48456532;1.068485,0.20092362,0.49072987;-2.353083,-0.9595605,-0.77771944;-0.9446633,-0.106466696,2.0171595;0.54081476,-0.19570006,0.36823347;-0.13676865,-2.4315257,-1.0466653;-0.17459828,-0.35695228,2.040339;1.2895017,-0.121656105,0.6905883;0.86351955,0.471865,-1.4694636;-0.9054644,1.7118809,-0.43486986;-0.20383503,0.80892396,0.31429747;-0.18132913,-2.382507,-0.6648354;-1.4669752,0.8327146,0.39888802;0.14794111,-2.2191036,-0.8140747;0.8729612,0.21997455,-1.3000805;0.95326495,-0.87051356,-0.03305822;0.36644942,-0.43919972,0.048031993;1.8001447,-0.076929994,0.1906446;-0.44524676,-2.9040816,-1.3024229;-0.23490797,-0.33222753,0.3108206;-0.83320636,0.66968846,0.85525864;-1.6257887,0.8475382,-0.022916129;0.4036369,0.2672992,0.11234031;-1.2887771,0.81099904,0.61257017;0.85064936,0.52989274,0.5996511;0.33155903,-1.1549869,-0.11451126;1.1253742,-0.3297148,0.6447182;-0.28654087,1.8528088,-0.15266663;0.027836211,-0.15278922,1.9079428;-2.1650047,-0.9328725,-0.7421695;0.84753567,0.28963917,-1.3299382;1.166305,-0.03629464,-0.07352075;-0.3529702,0.013339532,1.6348785;0.57137084,0.57207036,-2.7204819;1.8853167,0.48131427,0.16954419;2.0403912,0.49026793,0.1169038;0.41081235,0.40170833,0.25378907;0.18512015,0.4241584,0.1591796;-0.6172452,-0.44871816,-0.23177552;-0.52677876,1.5968984,-0.37688613;0.072543755,1.4782395,0.0340336;0.86644477,0.592319,0.47548717;-0.9294195,-0.25047123,-0.2994653;-1.8729184,-0.92998165,-0.7109592;-1.3148996,0.73261666,0.36656734;1.0111462,0.4094988,-0.6531317;0.7177853,-0.18300511,2.018723;-0.8758468,1.2798321,-0.2044913;-0.3590027,1.8548557,-0.3087214;-0.8474012,-0.16539493,1.5220786;-1.2692631,1.3455334,-0.3115207;0.7565961,0.675011,-1.9055386;0.9910185,-0.8451768,-0.003965999;0.28667778,-0.20136586,1.9802616;-0.4319564,-2.9171026,-1.2975738;-0.6244986,-0.015075033,1.6748233;-1.1659002,-0.5251497,-0.74406415;-0.53449935,1.7440858,-0.22619627;-0.08250502,-0.45675105,-0.056240924;-0.2960871,-0.048070494,0.4408877;0.33935404,0.45214987,0.4951759;0.59939444,0.26267758,0.17565724;-1.1563346,-0.4079207,-0.7063901;-0.4949189,-0.3275409,2.0764377;0.28286508,-1.6186681,-0.38397226;0.58656543,0.39695182,-2.095195;0.3417404,0.62715113,0.3391365;-0.20548758,1.7118535,-0.03747745;0.68373716,-0.24536207,2.0184274;0.32315883,-0.13343726,0.9693128;-0.5536789,-0.40999788,-0.1731112;-0.6591748,0.66219616,0.39782494;0.9701657,0.38131547,-0.80502003;0.49973762,0.3974757,0.15965313;0.4062545,-0.17825402,0.58671004;0.6133862,0.5501977,-2.652921;0.7845697,0.33149463,0.77157867;0.12766115,-0.2668764,1.8323226;-1.1002012,-0.51329195,-0.59567326;1.3734242,-0.018318616,-0.18417773;0.6617991,1.247166,0.24286337;-0.6085275,-0.27932626,2.01029;0.351005,-0.1123123,0.90284145;-0.6183223,1.3404241,-0.08022403;-0.9025667,-0.45495623,-0.37827706;-1.0989817,-0.53900605,-0.5814451;0.69440657,-0.1366377,0.8327685;-0.5860164,1.7439696,-0.6121936;-0.24992357,-2.645708,-0.9002964;1.5007402,-0.14073022,0.3693492;1.4195657,0.12831926,-0.2045331;1.2326311,0.09521163,0.50064605;1.0028714,-0.22960526,0.55093384;-0.8372695,-0.03123847,1.9837532;-1.3495616,0.9044601,-0.04475477;-0.31448376,0.41609496,0.04251299;0.7148835,-0.6139256,-0.114698;-0.14244358,-0.36038774,1.796575;0.90306723,-0.67693967,0.16826989;0.5061092,-0.1582568,0.6896774;-1.2092457,0.8427472,0.66849285;0.7986945,-0.6365465,0.117478386;-2.3818235,-0.9513297,-0.7771458;-1.9289786,-0.93173456,-0.6375459;0.7007897,-0.4294717,-0.026668876;-2.3282983,-0.95605963,-0.7996835;-0.113283634,-1.7656244,-0.44208896;0.6886261,0.34052396,-1.6236811;-1.6323295,-0.8800505,-0.71364975;0.40091518,-0.13488816,2.0030754;-1.8442814,1.1470892,-0.13440423;0.108120695,-1.5968978,-0.47407836;-1.5623727,0.97220016,0.38053188;0.7464585,0.62767047,-1.671744;1.896738,0.099265836,0.0713324;0.65995204,-0.10808795,0.8519358;-0.44880402,1.8731331,-0.2735206;0.124037795,-2.0310144,-0.36527875;-0.20174755,-2.5759842,-0.9770444;-0.2706109,-0.39738116,1.7815328;1.0917408,-0.30807096,0.63680345;0.6754618,-0.26791978,2.014428;-0.70521665,1.7058109,-0.27180547;-1.8798506,1.1780386,-0.17219798;-0.7542716,1.4617634,-0.2827481;1.1031713,0.43138742,-0.16793473;-0.39721668,0.636319,-0.066008106;-2.067581,-0.90934074,-0.73467696;-0.071133725,-1.8225559,-0.43846434;0.5972199,0.36316156,-2.5100822;-0.81920695,-0.5235845,-0.3390926;0.10329919,-1.9140395,-0.35602307;0.88468057,0.36965474,-1.4202019;-0.8331922,-0.0037786867,1.9877108;0.8574218,-0.11375762,0.72030216;-0.96977675,0.79043186,-0.041838113;-0.48567224,0.6760127,-0.07723583;0.017342864,-1.6316552,-0.24350393;0.6923952,-0.21969843,2.0173023;0.6343651,0.32485667,-2.4581501;-0.7899966,0.808571,0.87329316;-0.48871592,-0.28772423,1.8823841;-1.1854641,-0.23343123,-0.8123469;-2.0087452,-0.96938986,-0.7753119;0.282427,-0.2020058,1.9651517;0.9919905,-0.1406026,0.7928982;0.792619,-0.4761118,0.7412177;0.3239966,-0.1516535,0.95292425;-0.74258965,-0.452708,-0.2965616;0.35225356,0.43349692,0.61078346;-0.3487386,-0.24755557,1.8867496;-0.8369205,0.8277468,0.86670476;1.0459673,0.39425763,0.336769;-1.1784403,-0.48991612,-0.67047536;0.66641855,-0.53161806,-0.073901;1.3339237,0.09287879,-0.36778042;-1.6598427,0.88975835,-0.08559257;0.48916292,0.3413793,-1.7355853;-2.0664349,-0.95139307,-0.6429686;-0.19166113,-0.0038050225,1.5888315;0.53381205,1.2508975,0.24396852;0.139708,0.33456627,0.7443847;-0.0772637,-0.08337212,1.4927481;-0.2557501,-0.28936234,1.9890308;0.022746474,1.488379,0.21877223;-0.39194658,-0.0049332813,1.6807117;0.4267209,0.31690988,0.68661356;0.3011438,-0.019687813,0.66044277;0.49968147,0.5012039,-2.963795;2.2435768,0.48471406,-0.0040963595;0.38021094,-0.107793145,0.9843985;-0.9679022,0.5637519,0.70636183;1.1452202,-0.8191127,0.03335202;-0.29081568,1.6829048,-0.16664752;-0.9955728,1.2116629,-0.23091973;-1.2459038,0.7067366,0.09363419;1.1227839,0.30758902,0.6098537;0.02618912,-1.855929,-0.6049272;-1.7402999,1.0031846,0.2204657;-0.48492703,1.8775856,-0.38737547;0.102869764,-2.2566013,-0.95627904;-0.030281216,0.28370166,0.2826861;-0.8842404,0.7160793,0.6957291;-0.41508806,-2.8776422,-1.2673659;0.38120925,-0.21373466,0.54545337;-0.1400464,-2.5495102,-0.6670119;0.92896,0.38953188,0.55215573;0.9039678,0.32068822,-0.68838835;-0.28014758,-2.7254572,-0.9825967;-0.5684644,-0.30653492,1.8807541;-1.6236174,1.0925903,0.4259327;0.5106012,0.2749229,0.19270264;-0.62875897,-0.32205603,1.951944;-0.25407597,-2.4954567,-1.0371063;-0.68259513,1.3300852,-0.13050988;-0.9628133,0.7204706,0.7530573;-1.6043925,1.0000088,0.3989084;-1.5822115,-0.912685,-0.5376594;-0.15934646,-2.4748034,-0.72429836;-0.68935347,-0.4130122,-0.25137046;1.1811268,-0.25745764,0.21041463;-1.1259983,0.52959156,0.37356097;0.053255647,-0.039196834,1.4889495;-0.95347595,-0.09021109,2.0318022;1.0254513,0.40841815,-0.62882507;-0.19167058,0.9012432,0.15257642;-0.2661151,-0.15362869,1.3194641;-1.3082849,-0.4715215,-0.679758;-1.7146916,0.92932016,0.23551401;-0.12215751,-0.48655844,-0.10584001;0.39065638,-0.11300935,0.76543623;-0.09403899,0.18331118,1.2239892;1.1525632,0.40340564,-0.405103;0.27031666,-1.9914705,-0.4588428;-0.13424486,-0.29698038,1.8849386;0.23795114,-1.1051565,-0.0625248;-1.2783252,-0.44531867,-0.62933236;-0.084296085,-0.03077951,1.5151705;0.5038033,0.6062161,-2.9150362;1.3218365,0.21232718,-0.42156163;0.5958545,-0.17118497,-0.041721024;1.5765191,-0.027370384,0.7966294;0.44491562,0.10791645,0.61716104;-0.9638373,-0.19906248,1.9875447;0.934861,-0.3370147,0.59246814;0.98008287,0.069787435,0.4012268;2.0800736,0.1415407,-0.0032863498;0.015454085,0.43225944,0.35562813;0.6399045,0.5023542,-2.7106898;-0.32218128,-0.30152518,2.005628;-1.3751273,0.9188445,-0.071943656;0.7693839,0.38005275,0.9180279;1.7356174,0.50967544,0.15002128;-1.9053438,1.1999193,-0.18641117;0.5772404,0.058562055,0.77625465;0.20322329,-2.0710902,-0.73045295;0.709193,-0.44906357,-0.07792362;0.60591763,-0.09106642,2.0107896;-0.712127,0.02698554,1.9415259;0.86928904,-0.6841302,0.18113442;-0.7478985,0.4294849,0.3576951;-0.19484785,-0.20841941,1.6231356;1.6407722,0.52150863,0.096837394;-0.8383031,1.7009995,-0.42206967;-0.9147237,0.6838634,0.5380123;-0.5283826,1.8933562,-0.35513687;-0.06990665,-2.1710348,-0.8439014;0.5022544,0.35985282,-1.841402;0.5294928,0.5773183,-2.6778905;-0.3011271,0.8727556,-0.024368849;0.8496059,0.3122474,0.048224278;0.22814019,-0.13002697,0.6238639;0.5919227,-0.23779614,2.0025074;-0.20545356,-0.29537103,2.004602;0.38207528,-0.23040387,1.9985781;-0.1442436,-0.47700334,-0.13573541;-1.9464589,-0.7379405,-0.8177857;-0.036541466,1.4632791,-0.03553701;-0.28654838,-2.747033,-0.99249303;-0.6109446,-0.43672827,-0.22002517;-0.6632444,0.52868736,0.37390697;-0.8011409,0.46254855,0.07468255;0.34501263,-0.12329249,0.9989227;-1.8724815,-0.92367285,-0.7579519;-0.2670434,-0.12823327,0.16206986;1.4274278,-0.17428756,-0.032885525;0.6909879,-0.37567753,0.13474995;0.55136013,0.41262883,-2.4749484;-1.2360592,1.3457279,-0.3114776;-0.78923357,-0.4346077,-0.31111756;-0.7779379,0.57392,0.91225535;1.2467086,0.064221464,0.5227389;0.85840917,0.6222405,0.4841371;0.12469691,-1.9414914,-0.60727096;-0.6495127,1.2082851,-0.17140418;0.5588271,0.0899689,0.7932005;-0.082735956,-0.49523616,-0.12963776;0.7346452,0.5141109,-1.3730773;0.90349543,-0.41444987,0.6580175;0.7556853,0.59897155,-1.5401533;1.7844931,0.366306,-0.05668659;0.7417005,-0.17240901,2.0138798;1.2498125,0.08928505,0.53416884;0.5038033,0.6062161,-2.9150362;-0.37326458,-0.29255584,2.0342107;1.5973276,-0.046759225,0.5525811;-0.9669503,-0.32320702,-0.36629012;-1.1980655,-0.31450185,-0.7777857;-0.121083215,-1.8716421,-0.5055681;0.66558844,-0.63338417,-0.03560869;-0.71335196,-0.42638612,-0.26902047;0.43969733,0.35834768,0.3471209;1.1563771,0.30966863,-0.6638319;0.9456947,-0.6978737,0.097004384;0.92638594,-0.33172965,0.60946393;-0.08353325,-0.045937512,1.7470293;-0.66406,1.1275353,0.14773874;1.683292,-0.08845453,0.22677381;0.1297847,-1.5578173,-0.29510176;-1.1480931,0.7296046,0.69022787;-0.58975005,1.7261082,-0.4016359;-0.87166834,-0.3580353,-0.31581852;1.9480646,0.03667823,0.075692385;0.6715451,0.48169327,-2.0792055;0.15423438,-1.8429563,-0.4020342;-1.3226136,-0.59536576,-0.57556015;-1.1614189,-0.42199203,-0.52686936;0.12825575,-1.6587323,-0.49619564;0.5335473,0.5414792,-2.7495115;-0.94667274,-0.52751803,-0.41821817;1.489387,-0.21208838,0.14102976;-0.4552706,-2.920309,-1.3372463;-1.9029924,-0.83028597,-0.71995854;-0.55709517,-0.41184288,-0.20712158;1.4710537,-0.07005524,0.41953903;0.16982234,-1.3252327,-0.16097379;-0.45263848,0.021935493,1.6009139;1.5211469,0.38789627,0.34154737;0.86009204,0.5403077,-1.5012105;-0.15469,0.6888007,0.17851232;0.101607755,1.4776307,0.056567013;0.011405359,0.46243802,0.23568092;1.1850542,-0.035772666,0.5969631;0.19016945,-0.22224447,1.9824364;0.79694295,-0.08457921,0.79530066;-0.71560675,1.1493704,-0.15300523;1.8897728,0.2913175,-0.1413338;-0.2918649,-0.11200638,0.19911158;0.6537748,0.47226253,-2.3020093;0.06925138,1.5032653,0.0699241;-1.5594923,0.83964646,0.299984;0.3649632,0.24218623,0.7342431;2.2213469,0.5830568,0.17719309;-1.4136589,-0.73133695,-0.6821334;0.6922745,-0.22292018,-0.07073926;-2.10754,-0.92955595,-0.90634996;-0.60699886,1.6384089,-0.33734384;0.7607694,-0.5346314,-0.15115279;-0.083903685,-2.141471,-0.63143855;0.89668584,0.50380915,-1.545768;1.2942876,-0.04656461,-0.16836712;0.8430497,0.3667333,-1.3571357;-1.2016786,0.73196733,0.6653419;-0.2863414,-2.8118148,-0.99794555;0.64418226,0.42592102,-2.4991162;1.2529116,-0.01632473,-0.15405159;-0.6270903,1.1704888,-0.22214554;-0.025102222,-1.7528206,-0.2678391;-0.14671364,-2.3796606,-0.44200286;0.7724506,-0.4963343,-0.1407245;2.2037966,0.6057344,0.0401648;-1.6449572,-0.9398805,-0.6356135;-0.10161301,-0.23450989,1.127044;-1.5230623,0.8454123,0.139082;0.49669275,0.38226378,0.12480527;0.6284903,0.4858537,-2.45661;1.3579235,0.013210661,-0.16875705;0.713096,1.2457443,0.24156234;-1.8760254,1.1737429,-0.15596095;0.19953293,-0.2410089,0.41373327;0.9883461,0.31520736,-0.5407057;1.9654576,0.26520473,-0.13618699;-0.011300341,-0.19014657,0.2607695;-0.24961166,-2.6547353,-0.76008236;0.22265662,-1.7638239,-0.35445148;-0.41074163,-0.41886935,-0.12538622;-1.3094232,-0.5397586,-0.62106824;-1.1943113,0.6537256,0.15405856;-0.3212992,-2.8334198,-1.0995952;-0.89970046,0.7667063,0.7953597;-0.4522003,1.800388,-0.44816542;-0.24475496,0.2308961,0.21841748;0.8000408,0.4291785,0.70481175;0.10265183,-1.9296587,-0.62698257;-1.703395,1.0116491,0.28977045;-0.86817753,-0.13888775,1.4511511;-0.99001193,1.6111386,-0.41704342;0.43889096,0.1838996,-0.049956717;0.1907365,-1.4445745,-0.24075027;-0.06912689,0.2195926,1.0898172;0.52443457,0.4633492,-2.9526029;0.08812091,-1.6084412,-0.31095695;0.8255293,0.30059442,-1.3769457;-0.76298815,0.014218237,1.9516056;1.568618,0.45905632,0.21394174;0.14146502,0.2205272,0.2656613;-0.6020666,1.846676,-0.43483195;1.2337495,0.35900164,0.35053378;-1.5962002,0.8219297,0.3355129;0.86580324,0.54628885,-1.8245714;0.5986976,0.5904507,-2.5935857;1.3144388,-0.13664202,-0.21668784;-0.41572356,-0.4277672,0.14706314;-0.29117566,-2.812495,-0.99000156;1.2442714,-0.32934034,-0.15016276;-0.23190834,-0.15238634,0.24367961;1.9779438,0.37319183,-0.14490247;0.48250774,0.58876044,-2.3203459;-0.49293187,-0.076599985,1.630722;0.73270476,0.4936698,-1.7871008;-1.3850671,0.74551994,0.48531136;-0.8592602,1.0519502,-0.2385358;-1.2703165,-0.7824493,-0.60133606;0.018201733,1.513474,0.19724947;1.4797149,-0.01795352,0.47171116;-0.9575428,0.8789536,0.82017773;-0.6062467,-0.22961178,1.9499347;0.33302945,-0.18374176,0.8345053;-0.43262887,-2.604011,-1.1098068;-1.0272729,0.4114083,0.07334914;-0.7180514,1.2908579,-0.19594787;2.2495863,0.5538079,0.031034686;0.6715366,0.41182765,-1.6519387;-0.8336248,1.3633013,-0.22820084;-0.067027226,0.062633656,1.4605682;2.131874,0.68074167,-0.017743494;1.1465223,-0.8086587,0.046052333;-1.366264,0.75404924,-0.014789313;-0.64456636,-0.45727408,-0.24954541;1.7388623,0.0012480646,0.09228421;-0.07950544,-0.47616264,-0.057227664;-0.8142093,0.6137829,0.8932075;-0.08635097,0.095137805,1.4980016;0.9580218,0.34824258,-0.55945563;-0.9118301,-0.1255054,1.9732132;-0.49443284,1.8704762,-0.2199143;-0.130192,0.8167015,0.19389261;2.0468433,0.23948626,-0.03640333;-1.581231,-0.8502173,-0.70703095;0.56526595,0.63275844,-2.5257719;0.84528923,-0.11790845,-0.28071284;1.7197162,0.26063433,-0.058138207;-0.56841296,1.7234994,-0.62445736;-0.7259461,0.0022085619,1.9843212;0.16202527,1.4287277,0.16484964;-0.06789993,0.5656718,0.29205233;1.1934162,0.30642748,-0.62768483;1.3103718,0.1996986,-0.13603415;-0.6351254,1.3294727,-0.07365549;1.204522,0.019746866,-0.19543694;-0.74480754,0.3995389,0.14632441;2.2222862,0.5275545,0.110362224;1.0600063,-0.3859719,0.3742426;-0.46981707,-2.934105,-1.3495601;1.4055066,-0.20488168,0.30360195;2.343078,0.6611258,0.11782808;0.6175308,0.6262828,0.44595543;-0.28205365,-2.80958,-1.1391627;-1.134386,1.3436172,-0.30835488;-0.34614435,0.73257697,0.2187721;1.9854022,0.34349963,-0.18279493;-0.68133587,1.195479,0.029591834;2.001943,0.44835094,0.114087924;-1.5899129,0.9162937,-0.0002721537;1.3532716,0.26733613,-0.47562915;-0.9299854,1.4057596,-0.30864316;0.8744943,-0.07986187,0.72334576;-0.9865046,1.2788265,-0.27310356;-0.12533872,-2.2867603,-0.7909997;-0.30864224,-0.404083,2.091055;0.3706739,-0.18334456,0.79682654;-0.8454624,0.4901108,0.8122698;0.36617243,0.25869748,0.7442128;-0.27288625,-2.7038422,-0.9652679;1.2788622,-0.24091987,0.23323725;0.29164174,-0.15253443,0.53896636;-1.2337681,0.7999545,0.65803945;-0.6823017,0.7058773,0.52596396;0.10131841,1.3950113,0.16732827;-0.0020858466,1.54933,0.09995593;-1.0266898,-0.6035445,-0.4578799;0.2215366,-1.2174026,-0.12688635;-0.35633677,0.40591052,0.15270635;-0.2978497,-2.804614,-1.0744939;1.6461549,-0.11210637,0.10562486;0.7482669,0.6317613,-1.8564295;-1.0509723,0.89340127,0.74416476;0.9232601,-0.02425614,0.61984694;-0.61388624,1.8649784,-0.3497704;1.2462568,0.3049752,-0.5894817;-0.6701701,-0.22188921,2.0352578;1.7913616,0.51381636,-0.055244047;-2.0300639,-0.6748083,-0.81004435;-0.21321742,-2.5567422,-0.7501642;0.5450992,0.4137993,-2.037252;1.8923308,0.33594567,0.18167134;-0.34619588,-0.45778912,-0.14062811;0.23485366,-0.19264007,1.8953632;0.72817236,0.5254681,-2.0497973;1.917965,0.34814283,-0.14790165;1.685244,0.36329105,-0.05347176;-0.97675264,1.0909135,-0.18815456;0.98399943,0.29847467,0.32562613;-0.20221268,-2.4567273,-0.7351147;0.22092913,-0.75541645,-0.014258544;1.3931075,-0.01534299,-0.15281142;-2.217964,-1.0387089,-0.80322415;1.0983598,-0.21882176,0.7309218;-0.7346537,0.079286166,1.9593297;-0.37753254,0.015463042,1.7161038;1.7219797,-0.053021707,0.24340296;0.6385108,0.15298887,-0.08669659;1.3727374,0.09483419,-0.20774253;-0.7472426,-0.1141851,1.7710744;-0.6748859,0.7885623,0.891321;1.018442,0.31736377,-0.2797304;0.7221942,-0.25113297,2.0178251;-0.6039308,-0.01879615,1.5849323;0.53569424,-0.23491718,1.9867954;-0.082834944,0.12713644,1.1861846;0.1861385,-0.17877099,1.9646953;-0.98234326,-0.54845804,-0.44343105;0.0087196315,1.467039,0.037645034;0.76899993,0.51015365,-1.883298;0.29942086,-1.1806862,-0.12571639;-0.22921786,1.7040266,-0.053424697;-0.8088994,-0.37675628,-0.29242477;-1.8433416,1.1604847,-0.17357756;-0.44518542,-2.903973,-1.302559;0.3433156,-0.16546151,1.9442077;1.1350036,-0.378129,0.6124016;0.18602063,-0.7506603,-0.021608908;-1.2754548,0.6651187,0.5770519;-0.7440809,0.015879542,1.9264688;-0.32315668,-2.6119819,-1.0279632;-1.8022693,1.0469677,0.098760135;0.9097027,0.2633123,0.22675046;0.40727326,0.36574546,0.13931048;-0.14945073,-2.4844356,-0.72385603;1.170558,-0.18951082,0.45540068;-0.22806682,-0.39415503,0.016288947;0.48603347,-0.18200673,0.29595363;0.613827,0.68662554,0.46770337;0.025802478,-0.23266186,1.9640906;-1.1527214,0.615947,0.13625959;-0.5767696,0.70233935,0.27575445;1.5750377,-0.10404227,0.09737796;-0.104041524,0.15048632,0.26802734;-0.23125921,-0.3646003,2.0767517;-0.037908822,-0.15061027,1.8380219;-0.9804779,0.8686099,0.8063368;0.4031373,0.21338227,0.2612903;2.228249,0.56572163,0.12579706;-0.081267536,-1.8331896,-0.4552478;-0.059590187,1.6311117,-0.031465586;0.11340992,-1.9382155,-0.3342964;-0.62482774,0.9605647,0.2910908;-0.8929592,0.9286432,-0.15471421;-0.59891075,1.8453237,-0.30699873;0.41690412,-0.9781714,-0.05543459;-1.4883202,0.9483556,0.42402452;0.387829,-0.36904287,0.12227065;0.2401065,0.40132612,0.5958751;0.61747074,0.32283658,-2.7839646;1.0833879,0.5138822,0.2988187;0.15820049,-1.8956869,-0.37766904;1.5029691,-0.150862,0.38663945;-0.26759762,-0.19888757,0.1826255;-0.2680878,-2.6656957,-0.7158389;-2.1744366,-0.9355742,-0.7966895;1.2548708,-0.26521236,0.2845468;0.24022299,-0.12737955,0.60828805;0.5597351,1.2499665,0.24288738;-0.6317597,-0.031610504,1.6273252;-0.6845455,0.024071623,1.9154915;0.8217408,0.67048955,0.4941749;1.9596142,0.5223574,0.10213617;-0.39880627,-2.8848994,-1.2431303;-1.8672738,-0.9453727,-0.7075572;-1.5671417,1.0168422,0.45112938;0.00043539406,-2.069896,-0.5670277;0.7872781,-0.32341033,0.112899594;0.29209056,-0.15239619,1.0036862;1.0948112,0.35210052,-0.50557625;-1.6792852,0.9038236,-0.09534714;-1.3681366,0.7672857,-0.02263834;-1.9853106,-1.0152404,-0.60272473;-0.31857464,-0.2608432,1.6873226;0.87300074,0.55381745,-1.3847072;0.7734826,1.2501689,0.23478635;-1.3100275,-0.7151718,-0.61218256;0.40186656,1.2981738,0.20435648;0.5511339,0.48216677,-2.52947;-0.84104127,1.3575869,-0.21882136;-0.27978173,0.8447376,-0.032454304;0.3498829,0.28455386,0.76314276;-0.24836254,1.7114345,-0.12713657;-0.8518315,-0.34555572,-0.30355656;-1.3244812,0.8387801,0.58627486;0.49782056,0.37174702,0.04447606;0.6273733,-0.12419621,0.26439455;1.5197299,-0.07644677,0.57830334;0.7859524,0.3905238,0.87591404;-0.2788079,-0.34113386,2.0662806;-0.0419163,1.1479529,0.23527247;-0.07913177,1.1691312,0.13523035;-0.6829712,-0.435492,-0.2571415;-1.114407,0.64178723,0.1489296;-0.84626544,1.7483449,-0.42533818;0.75262064,0.5357981,-1.9955959;0.72477055,0.5044489,-1.3962502;1.4857547,-0.21894239,0.056675486;-0.11774845,-0.22016922,1.1757929;-1.8478873,1.1363884,-0.1194942;-2.0456343,-1.0098996,-0.57275563;0.81562287,-0.27899683,0.39370966;0.7618904,-0.15943828,0.44499204;0.34347647,0.43636015,0.32012442;-0.8309513,1.3470968,-0.23491642;-1.0895774,-0.5642141,-0.552045;-0.22085759,-1.7674506,-0.29908955;-0.11547042,-0.48112077,-0.12369847;0.7024073,-0.21653046,2.0176623;-1.6116168,0.9354354,0.36637935;1.2926008,0.47869432,-0.01207296;2.2335153,0.64125115,0.061567545;-0.17241007,-0.10186707,1.5290897;-0.12776537,-1.7706559,-0.31002906;0.2684353,-1.1510185,-0.104162484;0.6148823,0.46473408,-2.5946412;1.2696376,0.45434052,-0.19881056;-0.9461805,0.70435894,0.7596501;1.0899769,0.45605022,0.29380792;0.6903338,0.42523497,-1.7500467;-1.5251423,-0.8027475,-0.7295927;0.53555936,0.40550876,-2.0649667;-0.9922222,0.5241757,0.6842168;1.2320943,0.4564924,-0.08018013;-0.58215684,-0.01843579,1.5903002;-0.16185088,1.0571073,0.17299181;2.1943965,0.58228445,0.012502665;0.85828453,-0.44531345,0.6815129;-1.5158447,0.9559452,0.46542323;-0.87557614,-0.47846878,-0.38219556;0.78248113,0.38593867,-1.612602;2.218701,0.6933477,0.033264425;-0.25035083,0.96167225,0.18408705;0.37414914,-0.991913,-0.064446;0.15458445,-1.4934276,-0.2646144;1.6606236,-0.15353234,0.20277385;-0.2032037,0.9375946,0.20457906;0.5858242,0.46529216,-2.3332682;0.54497623,0.43974552,-2.9106069;-0.37243024,-2.5839539,-1.0077538;-2.3382175,-0.9636951,-0.77975994;0.15540656,-2.0558743,-0.5878045;-0.36483148,0.44846553,0.0878403;-0.093452536,-1.7324158,-0.2597061;-2.0545263,-0.89272773,-0.7530425;-1.0430348,0.62124026,0.3747428;-0.17859727,1.0530946,0.17110844;0.62253743,0.27201045,-2.4194927;0.9569754,0.27819386,-0.33587676
