data_set
babi-q1
num_classes
6
data_points
1000
model
saved_models/babi-q1-e0148.ckpt
color_schema
#4E79A7,#F28E2B,#E15759,#76B7B2,#59A14F,#EDC948,#B07AA1,#FF9DA7,#9C755F,#BAB0AC
test_accuracy
0.886
test_loss
0.39292127019166945
train_accuracy
0.952875
train_loss
0.13209132259339093
val_accuracy
0.906
val_loss
0.30232689982652666
labels
12,9,15,12,15,12,11,12,17,17,15,11,17,10,10,15,11,15,17,15,12,17,17,12,10,10,10,15,15,15,12,17,15,15,9,17,9,11,15,10,9,11,9,12,11,15,12,9,17,10,10,17,11,11,15,10,15,12,11,12,12,17,9,11,11,15,15,9,17,17,11,12,11,10,9,15,15,15,12,17,11,9,10,11,17,11,11,12,15,15,9,9,12,9,9,15,15,15,10,10,10,9,17,11,11,12,10,9,17,10,9,9,15,12,15,11,17,15,9,17,10,9,10,12,10,17,11,11,11,9,11,12,9,11,15,9,17,15,9,9,17,12,12,17,10,15,15,15,15,15,11,11,9,17,10,9,11,10,17,12,10,10,10,11,9,11,11,11,15,10,17,17,11,9,9,17,15,10,17,17,12,12,12,12,10,9,17,11,15,17,12,15,11,12,12,11,17,15,9,10,12,17,17,10,12,9,15,12,9,12,9,10,12,10,9,10,9,12,12,9,9,12,15,12,10,17,12,11,9,9,17,11,12,17,12,10,10,10,10,17,12,15,11,11,15,15,11,11,11,11,10,17,9,9,10,10,17,17,15,11,11,17,12,17,17,9,11,10,9,10,15,17,17,15,9,17,15,12,17,9,9,11,17,17,11,17,9,17,11,9,15,15,10,15,15,11,11,12,12,9,9,9,9,17,12,11,9,17,17,15,11,11,17,10,11,17,10,17,17,11,11,15,15,11,11,9,10,11,11,10,15,17,15,10,10,17,12,17,12,12,12,11,17,15,11,17,12,12,15,15,10,11,11,10,10,9,17,12,11,12,11,9,11,11,11,11,11,12,12,12,12,12,11,11,17,10,15,9,9,10,9,10,10,17,17,15,17,17,17,15,15,12,9,10,17,17,10,17,9,11,10,11,10,15,17,15,12,10,11,15,10,11,9,12,17,10,10,15,12,9,12,12,9,12,10,15,15,17,10,10,17,15,15,15,17,11,15,9,10,11,10,12,9,11,10,11,10,12,11,15,15,15,15,11,9,15,10,12,11,12,9,11,10,17,11,11,10,10,10,17,12,17,17,9,15,11,9,15,11,9,10,10,12,12,11,10,9,12,10,9,15,10,10,11,11,15,15,10,12,12,15,11,9,12,9,15,10,17,17,10,10,17,10,10,17,9,9,10,12,11,17,17,12,12,11,12,17,11,11,12,11,11,11,17,9,11,10,12,12,10,11,17,12,12,15,11,15,15,12,10,10,9,17,10,15,12,15,10,10,10,11,10,11,15,10,9,9,15,10,10,10,10,15,15,17,9,10,12,10,10,12,12,11,15,10,10,11,12,10,10,17,12,17,11,9,9,17,17,11,10,10,10,15,15,17,11,15,12,11,10,15,17,9,11,9,17,15,12,15,17,11,17,17,15,9,10,9,9,10,10,9,10,10,15,11,11,11,15,12,9,11,11,10,17,11,11,12,17,15,15,9,11,15,15,11,9,15,15,11,15,15,15,11,10,10,9,17,17,17,17,10,10,17,9,15,9,17,12,12,12,15,15,15,17,9,11,9,17,9,12,11,9,9,17,11,11,11,10,15,10,12,12,9,9,17,12,12,9,17,12,11,11,15,15,12,11,12,17,12,17,11,12,11,17,17,11,17,9,11,9,10,10,12,17,10,12,9,9,9,15,11,11,15,17,9,10,9,12,17,15,17,17,12,10,12,11,11,17,15,9,17,10,9,11,12,15,9,15,12,10,9,10,17,17,15,15,9,9,9,17,10,17,17,9,12,17,17,12,12,11,11,11,11,17,11,17,17,17,17,17,12,9,17,10,17,11,10,10,12,12,11,11,17,12,12,17,17,15,11,17,11,11,9,12,9,17,9,10,9,15,11,9,11,15,10,9,9,9,17,12,11,11,17,15,15,10,10,11,11,17,10,12,9,10,10,10,10,10,15,17,9,11,17,15,12,11,10,10,15,12,10,11,12,12,11,11,11,15,12,17,10,12,17,17,12,10,10,12,17,10,11,17,11,12,17,17,11,12,11,17,9,9,11,17,11,11,15,15,17,17,10,10,17,12,11,15,12,11,11,10,9,12,12,15,10,9,17,15,17,9,17,17,10,17,15,12,12,11,10,10,10,17,17,15,12,17,9,9,15,10,12,15,15,15,17,17,15,11,15,10,12,9,9,10,11,11,9,9,12,15,9,15,9,12,12,10,17,17,10,12,15,9,10,17,11,11,11,17,9,9,11,15,11,11,11,15,12,17,9,10
pred_labels
12,9,15,12,15,12,11,12,17,17,15,11,17,10,10,15,11,15,15,12,12,17,17,12,10,10,10,15,12,15,12,17,15,15,9,17,9,11,15,11,9,11,11,12,11,15,12,9,17,10,10,17,11,11,11,10,15,12,12,12,12,17,9,11,12,15,15,9,17,17,11,12,11,10,9,15,11,15,12,17,11,9,10,15,17,11,11,12,15,15,9,9,12,9,9,15,15,15,10,10,10,9,17,11,11,12,10,9,17,10,9,17,15,12,15,11,17,15,9,17,10,9,10,12,10,17,11,15,11,9,11,10,9,11,15,9,17,15,9,9,17,12,17,17,10,15,15,15,15,11,11,11,9,17,10,9,11,10,17,12,10,10,10,11,9,11,11,11,15,10,17,17,11,9,9,17,15,10,17,17,12,12,12,12,10,9,17,11,15,17,12,15,11,12,11,11,17,11,9,10,12,17,12,10,12,9,15,12,9,9,9,10,12,10,11,10,9,12,12,11,9,17,15,15,10,17,17,11,9,9,17,11,12,17,17,10,10,9,10,10,12,15,11,11,15,15,11,11,9,11,10,10,9,9,10,10,17,17,15,11,11,17,12,17,17,9,11,10,9,10,15,17,17,15,15,17,15,12,17,9,9,11,17,12,11,17,9,9,11,9,15,15,10,15,15,11,11,12,12,9,9,11,11,17,9,11,9,17,9,15,11,11,17,10,12,17,10,17,15,11,11,15,9,11,17,9,10,11,15,10,15,17,15,10,10,17,12,9,12,11,12,11,17,15,11,17,17,12,12,15,10,11,11,10,10,9,17,12,11,12,11,9,11,11,11,11,11,12,12,12,12,12,11,11,17,10,15,9,11,10,9,10,10,17,17,15,17,17,17,15,15,12,9,10,17,17,10,17,9,11,10,11,10,15,17,15,15,17,17,15,10,11,9,12,17,10,10,15,12,9,12,12,9,10,10,15,15,17,10,10,17,15,15,10,17,11,12,9,11,11,10,12,9,11,10,11,10,12,11,15,15,15,15,11,9,15,10,12,11,12,9,11,10,17,11,11,10,10,10,17,12,17,17,9,15,11,9,15,11,9,10,10,12,9,11,10,9,12,10,9,15,10,10,10,10,15,17,10,12,17,15,11,9,12,9,15,10,17,17,10,10,17,10,17,15,9,9,10,12,11,17,17,12,12,11,12,17,11,17,12,11,11,11,12,9,11,10,12,12,10,11,17,12,12,15,11,15,15,12,10,10,9,17,10,15,12,15,10,10,9,11,10,11,15,10,9,9,15,10,15,10,10,15,15,17,9,10,12,10,10,12,10,11,11,10,10,11,12,10,9,17,12,17,11,9,9,17,17,12,10,10,10,15,15,17,11,15,12,12,10,15,15,9,11,9,17,15,12,11,17,11,17,17,15,9,10,9,9,10,10,9,10,10,15,11,11,11,15,17,9,11,10,10,17,11,11,12,17,15,11,9,11,15,15,11,9,15,15,11,15,15,12,11,10,10,9,17,17,17,11,10,10,17,9,15,9,17,12,12,9,15,15,15,17,9,11,9,17,9,12,11,9,9,17,11,11,11,9,15,10,12,12,9,9,17,12,12,9,9,12,11,11,15,15,12,11,12,17,15,17,11,12,10,17,17,11,12,9,11,9,10,10,12,17,12,12,9,9,9,11,11,11,11,17,9,10,9,12,17,15,17,17,12,10,10,11,11,17,9,9,17,10,9,11,12,15,9,15,12,10,9,10,17,17,9,15,9,9,9,17,10,17,17,9,12,17,17,12,9,11,11,11,9,17,11,17,17,9,17,17,12,9,17,10,17,11,10,10,12,10,11,11,12,12,12,17,17,15,11,17,11,11,9,12,11,17,9,10,9,15,11,9,9,15,10,9,9,9,17,17,11,11,9,15,15,10,10,11,11,15,10,12,9,10,10,10,10,10,15,17,9,11,17,15,12,11,10,10,15,12,10,11,12,12,12,11,11,15,15,17,10,12,17,15,12,10,10,12,12,9,11,17,11,12,17,17,11,12,11,17,9,17,11,15,11,11,15,15,9,17,10,10,17,9,11,15,12,11,9,10,9,12,12,15,10,9,17,15,17,9,17,17,10,17,15,12,12,11,10,10,10,17,17,15,12,17,9,9,15,10,12,15,15,15,17,17,15,11,15,10,12,9,9,10,11,11,9,9,12,17,9,15,9,12,9,10,17,9,10,12,15,9,9,17,11,11,11,17,9,9,11,15,11,17,11,15,12,17,9,9
pred_correctness
True,True,True,True,True,True,True,True,True,True,True,True,True,True,True,True,True,True,False,False,True,True,True,True,True,True,True,True,False,True,True,True,True,True,True,True,True,True,True,False,True,True,False,True,True,True,True,True,True,True,True,True,True,True,False,True,True,True,False,True,True,True,True,True,False,True,True,True,True,True,True,True,True,True,True,True,False,True,True,True,True,True,True,False,True,True,True,True,True,True,True,True,True,True,True,True,True,True,True,True,True,True,True,True,True,True,True,True,True,True,True,False,True,True,True,True,True,True,True,True,True,True,True,True,True,True,True,False,True,True,True,False,True,True,True,True,True,True,True,True,True,True,False,True,True,True,True,True,True,False,True,True,True,True,True,True,True,True,True,True,True,True,True,True,True,True,True,True,True,True,True,True,True,True,True,True,True,True,True,True,True,True,True,True,True,True,True,True,True,True,True,True,True,True,False,True,True,False,True,True,True,True,False,True,True,True,True,True,True,False,True,True,True,True,False,True,True,True,True,False,True,False,True,False,True,True,False,True,True,True,True,True,True,True,False,True,True,False,True,False,True,True,True,True,True,True,True,True,False,True,True,False,True,True,True,True,True,True,True,True,True,True,True,True,True,True,True,True,True,True,True,True,True,True,False,True,True,True,True,True,True,True,True,False,True,True,True,False,True,True,True,True,True,True,True,True,True,True,True,True,True,False,False,True,False,True,True,True,False,True,True,True,True,True,False,True,True,True,False,True,True,True,False,True,False,True,True,True,False,True,True,True,True,True,True,True,True,False,True,False,True,True,True,True,True,True,False,True,False,True,True,True,True,True,True,True,True,True,True,True,True,True,True,True,True,True,True,True,True,True,True,True,True,True,True,True,True,True,False,True,True,True,True,True,True,True,True,True,True,True,True,True,True,True,True,True,True,True,True,True,True,True,True,True,True,True,False,False,False,True,True,True,True,True,True,True,True,True,True,True,True,True,True,False,True,True,True,True,True,True,True,True,True,False,True,True,False,True,False,True,True,True,True,True,True,True,True,True,True,True,True,True,True,True,True,True,True,True,True,True,True,True,True,True,True,True,True,True,True,True,True,True,True,True,True,True,True,True,True,True,True,True,True,False,True,True,True,True,True,True,True,True,True,False,False,True,False,True,True,False,True,True,True,True,True,True,True,True,True,True,True,True,True,False,False,True,True,True,True,True,True,True,True,True,True,True,True,True,False,True,True,True,True,False,True,True,True,True,True,True,True,True,True,True,True,True,True,True,True,True,True,True,True,True,True,True,True,True,True,False,True,True,True,True,True,True,True,True,True,False,True,True,True,True,True,True,True,True,True,True,True,False,True,False,True,True,True,True,True,False,True,True,True,True,True,True,True,True,False,True,True,True,True,True,True,True,True,True,False,True,True,False,True,True,True,True,True,True,False,True,True,True,True,True,True,True,True,True,True,True,True,True,True,True,True,True,True,True,False,True,True,False,True,True,True,True,True,True,True,False,True,True,True,True,True,True,True,True,True,True,True,False,True,True,True,True,True,True,True,False,True,True,True,True,True,True,True,True,True,False,True,True,True,True,True,True,True,True,True,True,True,True,True,True,True,True,True,False,True,True,True,True,True,True,True,True,True,True,False,True,True,True,True,True,True,True,True,True,False,True,True,True,False,True,True,True,False,True,True,True,True,True,True,True,False,True,True,True,True,False,True,True,False,True,True,True,True,True,True,True,True,True,True,True,False,True,True,True,False,True,True,True,True,True,True,True,True,True,True,True,True,True,True,True,False,True,True,True,True,True,True,True,True,True,True,True,True,True,False,True,True,True,False,True,True,True,True,False,True,True,True,True,True,True,True,True,True,True,True,False,True,True,False,True,True,True,True,True,True,True,True,True,True,True,False,True,True,True,True,True,True,True,False,True,True,True,True,True,True,False,True,True,False,True,True,True,True,True,True,False,True,True,True,True,True,True,True,True,True,True,True,True,True,True,True,True,True,True,True,True,True,True,True,True,False,True,True,True,False,True,True,True,True,False,True,True,True,True,False,False,True,True,True,True,True,True,True,True,True,True,True,False,True,False,True,True,True,True,False,True,True,True,True,False,True,True,True,True,False,True,True,True,True,True,True,True,True,True,True,True,True,True,True,True,True,True,True,True,True,True,True,True,True,True,True,True,True,True,True,True,True,True,True,True,True,True,True,True,True,True,True,True,True,True,True,True,True,True,True,False,True,True,True,True,False,True,True,False,True,True,True,True,False,True,True,True,True,True,True,True,True,True,True,False,True,True,True,True,True,False
p2d-kl
0.5234308242797852
p2d-iter
599
p2d
1.8085107,-1.0464408;-0.035159666,1.5666957;-0.73709106,-0.9817451;1.5647501,-0.9766269;-0.9425458,-1.2659829;1.6179638,-0.8116133;-1.820286,-0.17380998;0.9296663,-0.3954556;0.20283052,0.09166547;-0.049468122,0.63651365;-0.9915184,-1.3278445;-1.3928356,-0.020442357;-0.14788161,0.2331452;1.4179547,0.3126932;-0.40519246,0.61834085;-0.77609587,-1.0548189;-1.6285081,-0.13189358;-1.1683608,-1.4638795;-0.52818877,0.59512204;-0.0045868317,0.16348372;1.5963463,-0.77665764;0.4800702,-1.5451384;0.5406082,-0.62476873;-0.07862162,0.52860177;-0.3778284,0.66016245;1.757511,0.29377455;1.850222,0.2645514;-1.093339,-1.2530268;0.25106782,-0.29812172;-0.16396803,0.5019244;1.196876,-0.8164123;0.57783115,-1.6053137;-1.069179,-1.4126993;-0.96856385,-1.2317072;-0.17828833,2.2474856;0.23638345,-1.4244289;-0.10412356,1.7796414;-1.0834548,0.1616564;0.11358329,-0.37430927;-0.31794694,0.0028286201;-0.3620361,2.3461905;-1.0355079,0.31402192;-0.4370235,0.6148358;0.071278654,-0.37448317;-1.3515449,0.08947523;-0.4160544,-0.4982376;-0.078984566,0.064557046;-0.25442463,2.3755877;0.09738291,-1.4349824;1.1332849,0.88290995;1.2851826,0.7616289;0.46279648,-1.4406581;-1.0953019,0.1020589;-0.5089166,0.5841632;-0.67761254,0.7154492;1.8245705,0.27999195;-0.51594704,-0.58675027;1.1757317,-0.55876523;0.6626419,-0.45945588;1.2185653,-0.98483884;1.6979085,-1.0128211;0.13929097,-1.4547622;-0.39421865,2.454992;-0.8575693,0.5709387;0.0023084313,0.27141201;-1.1674619,-1.6108066;-0.49349418,0.03178486;-0.5872844,0.9111287;0.59812146,-1.4449991;0.17747201,-0.29753676;-1.944241,-0.14796416;1.1486343,-0.82667947;-1.4760605,-0.06143882;1.2044623,0.8723779;-0.2862237,2.416578;-1.1711473,-1.5648098;-0.4206466,0.070634454;-1.0580653,-1.3610582;0.88850355,-0.76870805;0.42979428,-1.6335559;-1.8862332,-0.19616751;-0.17470387,1.844451;1.449505,0.60631365;-0.36890396,0.10796938;0.40833053,-1.5904571;-1.8716214,-0.1410134;-1.8453584,-0.12538357;1.6725192,-1.0053198;-1.162307,-1.6219264;-1.2073665,-1.5195109;-0.29774964,2.3531778;-0.22245045,2.0423186;1.0426848,-0.53895676;-0.14640449,1.8242956;-0.47352338,1.0801731;-0.74819237,-0.94506603;-0.49523264,-0.53526855;-0.84358996,-1.0589603;1.4340905,0.33396435;-0.3448384,0.60807997;1.5871159,0.57440716;-0.19263619,1.7625796;0.8239302,-1.2975326;-0.8894999,0.48070338;-0.70263815,0.7728317;1.5249958,-0.72110224;1.1173882,0.9161733;-0.67003316,1.0257622;0.60046583,-1.0628347;1.3466327,0.73025316;-0.13677517,2.1436942;-0.1308073,0.56771344;-1.1635342,-1.457511;1.621033,-0.7319363;-0.16926882,-0.41780984;-1.1427784,0.11404163;0.4798432,-0.4711735;-0.2200204,-0.3910193;-0.7010867,0.8539719;-0.08261261,-1.155977;1.2139417,0.7962481;-0.25440755,2.1806679;-0.44721973,0.8832636;0.69494236,-0.6021739;1.7142513,0.2481737;0.61837566,-1.574539;-1.4558856,-0.03334201;-0.18252502,0.050289087;-1.6751848,-0.11429083;-0.095084935,1.5933839;-2.102294,-0.25052863;0.654832,0.24134085;-0.055600844,1.6041217;-0.8038217,0.3254172;-0.622577,0.686116;-0.3687552,2.4387302;0.9665041,-1.3596493;-1.0261606,-1.4931189;-0.20382762,1.6848068;-0.16191523,1.0689708;0.13811807,-1.3284587;1.4054219,-0.90550137;-0.03277378,0.5459509;0.66205484,-1.1892664;1.1431261,1.0327337;-1.0536802,-1.4680352;-0.32882375,-0.06794796;-0.8937428,-0.98052454;-0.9064573,-1.1582644;-0.43013224,-0.23959312;-1.5122384,-0.049833663;-1.4374,-0.13890162;-0.21287978,1.0483112;0.62491095,-1.079238;1.1747762,0.77631015;-0.13547195,1.9124109;-0.8367178,0.42924675;1.1652834,0.37166074;-0.027308738,-1.2722639;1.0716941,-0.53145504;1.7327259,0.214408;0.14597526,0.3559612;1.2279599,0.7726673;-1.1718512,0.07799457;-0.281122,0.9749317;-1.9945986,-0.3070822;-0.94046307,-0.11623346;-0.5040312,0.34725514;-0.49505094,-0.5728643;1.3989866,0.53339434;0.303281,-1.5099572;0.19636376,0.048143044;-0.00197469,-0.39870843;-0.059758853,1.8131547;-0.16512538,1.0923219;0.44376883,-1.483153;-0.7845286,-1.079932;1.5872226,0.42492458;0.09000512,-1.261464;0.26287225,-0.010566443;1.5247078,-0.72986186;0.07530646,-0.09252274;1.2925556,-0.61891633;1.4568149,-0.6894129;1.2308724,0.4463585;-0.37119603,2.4023912;1.0042456,-1.3361417;-1.0617167,0.22105771;-0.7432964,-0.87332183;0.9405447,-1.347407;1.5892301,-0.8350734;-1.0395648,-1.5113436;-1.6865453,-0.23576549;1.4821146,-0.95448387;-0.3759084,0.23767044;-2.1282182,-0.35183635;0.09483573,0.48610762;-0.13589408,0.021127108;-0.032367226,1.5755025;1.2811769,0.7299928;1.5203022,-0.91253823;0.063741505,-1.3759152;0.27635658,-0.31438676;1.0904174,1.0178949;0.73463076,-0.48363408;-0.29256138,2.287805;-0.6190051,-0.78398985;1.7591419,-0.99488795;-0.3076292,0.96820086;-0.2836924,0.98258823;-0.13903397,1.8693334;1.1767272,0.99760145;1.0098182,-0.80171156;0.5884792,0.3637221;-0.45443442,0.5067028;1.504667,0.31827736;-0.12496397,1.6802824;1.5089602,-0.7722475;1.6934599,-0.9923384;-0.34044442,0.8380903;-0.07278384,1.6796303;0.57530266,-0.5386054;-1.1680248,-1.3419799;-0.14621185,-0.3869942;1.4384882,0.5935554;0.117601216,-1.376858;0.2436576,0.1270759;-1.4351622,0.008606153;-0.04712759,1.773213;-0.13124767,1.1559566;0.16398942,-1.4266248;-0.7640306,0.61804473;1.1677743,-0.8759875;0.27744076,-1.5592513;0.28718114,-0.08635703;1.4824836,0.5913516;1.3111428,0.3112005;-0.81694674,0.95384485;1.2097243,0.91253346;0.54562277,0.17635901;1.1273916,-0.53565156;-1.0912803,-1.4405606;-1.9410249,-0.37817517;-0.41235596,0.4193924;-0.7516697,-1.0489157;-1.1111557,-1.5274341;-1.5493394,0.003008048;-0.77250504,0.41493016;0.08072801,0.22206485;-1.0658823,-0.024865761;1.2203715,0.8612363;0.39109427,0.20138791;-0.05123987,1.8891181;-0.78188455,1.0245587;1.5775453,0.53642654;1.3699883,0.70058686;0.4563373,-1.4570106;0.34605944,-0.08472607;-0.5148584,-0.4657618;-1.9586482,-0.2770664;-2.1617434,-0.33058992;-0.026131012,-1.2453372;1.3594959,-0.68815386;0.048071787,-1.2904828;0.38857794,-0.25363737;-0.13776404,1.8899723;-1.3153828,-0.033047885;1.871605,0.24908829;-0.03899068,1.5210547;1.0907214,1.0642792;-1.135985,-1.4993579;0.6689316,-1.2839729;0.01740668,0.01911371;-1.1571914,-1.2858804;-0.14005509,0.25943545;0.5263574,-1.2803402;-0.17016493,0.21634868;1.718349,-0.9670336;0.93969285,-1.3045496;-0.11162115,1.6692379;-0.36727735,2.3423235;-1.4044555,0.05831124;-0.067315236,-1.1793673;0.12391438,0.05065571;-1.6656203,-0.17216016;0.2621147,-1.4653088;-0.3710554,1.1416625;-0.85135365,1.1053125;-1.5142351,-0.08606626;-0.16536084,1.6771568;-1.1327164,-1.5998365;-0.21581826,0.07438538;1.3174896,0.72441363;-1.0877217,-1.3152195;-1.1589515,-1.3906934;-1.3150048,-0.0048473943;-0.527861,0.411914;-0.04399722,0.07211717;1.4576074,-0.8983863;-0.09463807,1.6408648;-0.32534814,2.4057374;-0.7687088,0.7183203;-0.40917566,0.30508125;0.2826864,-1.4532167;0.34066257,-0.5837971;-1.0596199,0.30114114;-0.13372697,2.0216687;0.59875125,-1.0461011;-0.86109924,1.0137719;-0.80407226,-1.0229356;-1.3810096,0.028074576;-0.36518994,0.22380556;-0.00443562,0.60850585;1.5906491,0.44616228;0.07580729,0.4064285;0.3823725,-1.5145918;1.0893095,0.9510021;0.38077685,-1.4651283;-0.55089366,-0.87829584;-1.0304841,-0.008785105;-2.0110226,-0.27654538;-1.0293548,-1.4189731;-0.5851393,0.73379296;-1.7130113,-0.28923956;0.29975307,0.15725867;-0.29969487,2.2133276;1.6662205,0.2698643;-2.2010334,-0.3856154;-0.16491604,-0.065225;1.5899783,0.38585585;-0.75114065,-1.0269604;0.089630686,-1.3506935;-0.5937958,-0.8959275;1.1727978,0.53730416;0.3536276,0.15221693;0.7266399,-1.3539531;1.0772535,-0.47674367;-0.7308172,0.90488046;1.3626122,-0.64437914;-0.8720307,0.8958882;1.621126,-0.8382082;-1.9853405,-0.24327058;-0.053187672,-1.1570125;-1.0639728,-1.5266105;-1.5236096,-0.00462836;0.25795883,-1.4377444;0.8267653,-1.486847;1.2716612,-0.56128085;0.067664996,0.38454688;-1.1381068,-1.6345556;1.8372729,0.28924257;-0.8839432,0.11614127;-2.0134792,-0.34667376;1.4811877,0.6577693;0.43508366,0.23117314;-0.056659836,1.7057698;0.6447317,-1.5851713;0.7197338,-0.65783;-1.9601673,-0.22210133;1.4336326,-0.7630852;-1.6683657,-0.23819786;-0.22240451,1.5211922;-0.9391598,0.3512852;-1.0511383,-0.08133463;-0.79969764,0.707882;-2.1932993,-0.3309566;-1.1193553,-0.3245499;0.9785649,-0.40395018;1.7062091,-1.0162439;-0.05746234,0.2240107;1.179653,-0.6080566;0.28186744,0.24521123;-0.9649894,0.2679116;-0.36243543,0.037990775;0.12901507,-1.3547473;1.4704769,0.52248555;-1.015927,-1.3852749;0.019655067,1.8143119;-0.73238564,0.8239653;1.427629,0.37559715;-0.36791852,2.3979065;-0.3450275,0.68743014;-0.92334807,0.9938439;0.5692796,-0.57078665;0.51030433,-0.6515278;-0.54502726,-0.55459625;0.53508043,-1.4770199;0.020599348,-1.3116688;0.11166537,0.5066332;-0.65328366,-0.87990576;-1.0619729,-1.4268206;1.1558489,-0.59640855;-0.15362516,1.5171148;1.0956038,0.9937206;0.9398792,-1.3186842;0.324932,-1.5050122;1.5289518,0.3784611;0.98136806,-1.33478;-0.14856385,1.979577;-0.87360716,0.5269841;1.3907348,0.68319684;-2.1616464,-0.3849405;1.5587486,0.2917813;-0.9335376,-1.2111583;0.5595867,-1.5326896;-0.46962076,-0.36296186;0.12308601,-0.33690163;0.41149524,-0.31313607;0.08348321,-0.045771062;-0.69820946,-0.85237557;1.6388274,0.5508615;-1.542762,-0.029602218;-0.22424865,2.2446997;0.914177,-0.37944254;0.45943502,-1.5375162;1.1560193,1.001449;0.5310399,0.33437943;-0.55111206,-0.670833;0.7062605,-0.5862422;-0.2101471,1.5235306;0.608981,-0.4250046;0.84302837,-0.73363245;-0.23339881,2.1685445;0.11128604,0.4057326;1.2542409,0.950984;-0.71047205,-0.83050925;-0.16826779,0.27434275;0.075362824,0.6886329;1.7090968,0.47739637;0.39921737,0.33275095;0.5604684,-1.2845254;-0.6199795,-0.8059006;-0.6835719,-0.8056904;-0.34296083,0.38007337;0.43547493,-1.6107436;-2.0314722,-0.2506442;-0.52114654,0.61629546;-0.47414538,1.1138777;-0.80631256,0.8680279;-0.3642155,0.14894314;1.7215147,0.27601045;1.6137898,-1.0037212;-0.022063607,1.3372808;-1.0767657,0.2020139;1.3520778,0.58172774;-0.9291679,0.265619;0.6724897,0.21178092;0.94541365,-0.48458803;-0.92924696,0.22606167;-1.1579974,-1.6858562;-0.9867016,-1.3933027;-0.42566884,-0.26675895;-1.1900127,-1.6780531;-1.3777654,-0.088202626;-0.1748222,1.6999717;-0.9805656,-1.3110033;1.180293,0.8627884;1.762219,-1.0300437;-1.7791538,-0.14228009;1.366093,-0.74443185;-0.060109306,1.7110857;-0.7494979,0.63981897;0.69661224,0.21643278;0.22249189,-1.4750059;-1.7141918,-0.30469924;-1.9254491,-0.26057112;1.3911326,0.60658354;-0.29621813,0.36126024;1.2007601,0.9692953;0.49792182,-1.4621346;1.7704666,-1.0638269;0.48334962,-1.2938751;0.2911222,0.05765368;0.34594455,-0.5978764;-1.0995328,-1.5254064;-1.5112844,-0.1487488;-0.3110779,2.4844744;-0.7024814,-0.89901227;-1.7220047,-0.16297883;-0.19475438,1.5934803;1.7530031,0.28987822;0.6188445,0.21459955;1.5962728,-1.0428836;0.36193943,-0.60686326;-1.1765958,-0.039657034;1.1654038,0.96881396;-0.23354228,2.318333;0.982671,-0.46681955;1.696818,0.4044135;-1.1187878,-0.31988767;-1.1486477,-1.5630847;1.3153534,0.7586746;0.72547644,0.24305548;-0.34548247,0.421677;0.6759377,0.30535877;-0.6118293,-0.7422499;0.20655413,0.07850329;1.6556342,0.46851835;1.0294411,-0.4491632;-0.03465386,0.46832448;-1.0373186,-1.230295;-1.026697,0.077835426;-0.5023428,1.1011858;1.7520661,-1.0040476;0.0740168,1.743121;-1.0361596,-1.4420116;1.422584,0.38729313;-0.017879564,-1.2026954;0.25644964,0.2183753;1.2417531,0.69015557;1.5809785,0.54534173;0.0398874,-1.2426614;1.5177126,0.3654507;0.26271045,0.24859698;0.1499794,-0.42046928;-0.34729645,2.4893382;-0.718588,0.932367;0.7144958,0.3168363;0.9877261,-0.42925322;-0.8773813,0.52758014;0.3157331,-1.4054713;0.88622475,-1.3033665;1.1177045,-0.81473637;0.017723275,0.29219416;-1.9649925,-0.39101177;1.5312724,-0.7773892;0.43356436,-1.5523038;-1.7271731,-0.31879094;-0.25411245,0.18972515;1.4287275,-0.7009659;-2.170189,-0.36773413;-0.89548135,0.06755848;-1.7443237,-0.08317368;0.24452275,0.3406372;-0.551266,1.115971;-2.055879,-0.2740636;1.692722,0.48359442;1.3324403,-0.767592;-0.013420215,0.13896734;1.6746303,0.44474706;-2.1151412,-0.3497311;0.76047224,-1.3217126;1.1098034,-0.55692506;1.4803226,-0.7551401;-0.85437566,-1.0159508;-1.8772833,-0.15716922;-0.49112406,-0.63897705;-0.5839557,0.62384;1.4363884,-0.8951656;1.077735,0.92150354;1.8660424,0.2986698;-0.30425763,1.1786816;0.58400774,-1.0238727;1.2185472,0.3160904;-0.9015347,-1.0488577;1.4681921,-0.79528797;-0.509481,0.043593865;1.1838318,0.36134037;0.32741198,0.277102;-0.32095525,1.0186468;-1.4809744,0.04247786;1.3432316,0.6635286;-0.960782,0.0843897;-0.91778636,-1.0317326;1.1860263,0.64440477;-0.32510048,2.3212464;-0.43934727,1.1055176;-0.20994578,0.07602034;1.1179299,0.8251931;0.18575764,-0.29684633;1.8945549,0.2597897;-0.29172555,0.34958827;-0.5560756,0.64188206;-0.53349954,0.5374715;0.6664064,-0.63347167;-0.30559656,2.287885;1.6338323,0.51986593;1.0168083,-0.8121193;0.45372587,0.33798933;-0.87783486,0.9625844;1.8152226,-1.056559;0.6041674,0.1966336;-1.6314659,-0.2494038;-0.74930984,0.4149764;1.1573914,0.919994;1.6160581,0.2844712;-0.89848036,0.36338913;1.0860939,0.20965496;1.2152793,0.41577917;-0.48517054,0.889091;0.67569774,-1.5560251;1.1913702,-0.8037229;0.42338258,-1.5510556;-1.8710704,-0.3474108;-0.2846471,2.4372191;-0.38838223,2.4742281;0.82999283,-1.2208028;-0.07229781,0.6068201;-0.32559922,0.84573644;1.1368821,0.9799778;1.5264227,0.5868831;1.263383,0.8913601;-0.4528985,-0.37147218;-1.2068926,-1.4452405;0.120861195,-1.4028373;-2.055255,-0.259736;-0.4860443,-0.60746837;0.9394178,-0.7428885;0.9617698,-0.79659545;-0.33269504,0.67793435;-1.0621182,-1.3652413;-0.13802207,-0.38093022;-0.585617,0.779555;-0.6654739,0.6198064;-0.27897373,2.332186;0.90161246,-1.3262331;-0.57082283,-0.64368236;0.9763907,-0.37740138;-0.3967441,0.46995658;0.2971437,-0.057698194;-1.7721907,-0.21586433;0.9269368,-1.3680114;0.34474644,0.19583979;-0.5122222,0.0018748993;-0.15672556,2.1155427;0.5834491,0.2890565;-0.10677049,1.7689631;-0.7549673,1.0294223;1.1465459,0.9317026;0.056395683,0.4460374;-0.32510057,2.3212464;1.597148,0.6017681;0.16385677,0.5020997;-0.82532966,-0.92837554;-2.2245924,-0.46160313;-1.3998855,-0.09284183;-0.863311,0.33984253;-0.46363667,-0.5696329;0.38270354,-0.1743602;-0.098148905,1.7223619;-0.9321972,0.304963;-0.31859535,0.3940972;1.1783569,0.73305017;0.5843364,-0.4933291;-0.6581961,0.58685976;-1.1469531,0.09019132;1.4575195,-0.70470023;0.53023374,-1.5280879;-0.59753275,-0.7027847;-0.6433512,0.67060924;-0.25061888,2.1374867;-1.4124832,0.018864471;-0.87552375,-1.0011773;-0.8851386,-1.0631256;-1.5541971,-0.1658152;-0.33430183,2.4073644;-0.7067702,-0.92182887;-0.49789083,0.14052305;-2.2082453,-0.42690024;-1.058611,-1.2559009;-0.42050505,-0.5177245;-0.48601848,0.5764821;-1.1527927,0.019354649;1.6482509,0.1988505;0.2743945,0.37379736;-0.07770306,1.7256589;0.28292355,0.021929765;0.003721877,-1.3239192;0.51364833,-0.52773917;-0.32710338,0.21142179;1.5350305,0.5896165;1.1236135,0.27541593;0.72758657,-1.2274928;-0.726322,0.9995101;-0.12311,-0.36108068;-0.25273573,2.239756;0.30512565,-1.449908;1.55438,-0.81982124;0.16004857,-0.29548565;-0.87586933,0.98161596;-1.0564443,-1.3161613;-0.18244274,0.16242398;-1.2308621,-1.5530542;0.7175656,-1.4107339;-0.75209814,0.58960193;-1.9118227,-0.2321394;-0.20370467,2.1007335;-0.16523626,0.53126144;-0.14999779,1.590078;1.1810313,-0.5554427;-1.9405767,-0.1373733;-0.2521977,2.2198956;-0.1323746,1.1016122;0.81268275,-1.2152903;-1.1804863,0.006670591;-1.7812222,-0.034813263;-0.78312755,0.3815637;-0.5863432,0.9123836;-0.91876084,-1.2395308;0.4554334,0.22229569;1.6790086,-1.0325571;0.046845052,0.123618826;-0.25266317,2.2753093;-0.17789151,1.0353918;0.07903763,0.6890071;1.7672564,-1.0429062;-0.04167513,0.10581614;-0.2551585,1.0574932;-0.7490569,0.9446067;0.052819036,-0.3906885;-1.8013185,-0.078499004;-1.4194697,0.0031321652;-0.4740443,-0.5916566;-0.8701071,-1.0403827;1.1291001,-0.8422107;-2.0800736,-0.2415246;1.1270497,-0.50150275;0.28658938,-1.5326084;-0.17477739,-0.38575998;0.3442212,-0.32029283;-1.8370389,-0.20158583;1.417897,-0.74514467;1.1202744,0.23445648;0.7349692,-1.5373716;0.45057392,-0.5039585;-1.2128571,0.05902661;0.4324421,-0.3078815;-0.32970235,2.465203;-1.2149968,0.026847325;0.01030012,1.792637;1.7581465,0.27446333;0.04386695,0.48436794;0.23464066,-0.3981027;0.54455405,-1.5751386;0.087199256,0.43359554;1.4979376,-0.81559986;-0.116435215,1.8178176;-0.19371124,2.019102;-0.17067663,1.0695245;-1.0458493,-0.37763944;-1.8990186,-0.11754797;-0.76587945,0.5725619;-0.21849938,0.112787105;-0.09567478,0.6775189;-0.28716534,2.0767367;1.5137851,0.339641;-0.19935437,2.2035408;1.4306171,-0.7106125;0.94647974,-1.400375;-0.7689807,-1.0146961;0.16767299,-1.3577574;0.2979476,0.18997139;1.1246747,-0.5869362;1.6020076,0.42641324;0.6155456,0.28591675;-2.0700955,-0.18166375;0.035988845,-0.36840302;0.7438467,-1.3088901;-0.6851607,0.8769026;-0.1894589,1.7320184;0.7151267,-1.3180531;1.17333,0.5713691;-0.5710908,1.0839602;-0.83627355,0.67835593;1.3911202,-0.95590127;-0.54285824,-0.54580516;-0.7053194,0.80672294;-0.48300636,-0.4975398;1.0391864,-0.44362956;1.3896258,0.37704372;-0.32449713,1.0760956;1.7797359,0.23357712;0.46505138,-1.5614113;0.625742,-1.2220912;-0.6424535,0.8440201;-1.0230016,-1.3644629;-0.29004416,2.1964035;-0.43106005,1.0613989;-0.7190122,0.93259215;0.30824676,-1.5970498;1.6323454,0.26147065;0.0002915926,-1.2277248;0.43434125,-0.38296852;-0.08476285,1.652845;0.001444113,0.20961662;0.58096087,-1.2635735;0.08066593,-0.045454644;0.95731825,-0.7916911;-0.88424677,1.0378978;-0.90442634,0.052380264;-2.2067618,-0.3644177;-0.5030677,0.3465881;-0.8045914,1.0703279;0.2720933,-0.018413372;-1.9822608,-0.34712976;0.88670176,-1.3461897;0.8779098,-1.4199798;-0.30330268,1.0506142;0.7414279,-1.2542387;-0.9056524,1.021278;1.5241896,-0.96557647;-0.5200322,1.1335802;0.51525015,-1.261413;0.65220356,0.23422937;0.87253594,-1.3284497;-1.8848208,-0.25512955;1.6621897,0.53419054;1.0943878,0.26781306;0.9310551,-0.38784823;0.3497497,0.22688828;-2.0100946,-0.22394355;-0.13990784,-0.028634502;-0.008650586,0.42867157;1.2243917,-0.6370775;0.8571853,-0.5326667;0.08302993,-1.3155392;0.032496218,-1.2936356;-0.737515,-0.96502477;-1.1520654,-0.0516739;0.29584545,-0.31103602;-1.9975245,-0.24721216;-0.77474934,0.32025766;-0.03368604,1.7469327;0.9720787,-0.4962906;-0.85777944,0.8446643;0.4917751,-1.5784222;-0.48075283,1.1477094;1.8002918,0.37747636;-0.5491627,1.0539887;-1.0665759,-1.2882271;-1.9171289,-0.14940915;-0.070831075,1.8851146;-0.5012815,0.8774039;-0.49611577,-0.40648398;1.30164,0.7007296;-0.24581318,2.2044034;-0.33954754,1.11023;-0.6390631,1.0348616;1.0187109,-1.3834561;0.18230528,0.22922544;-1.9196392,-0.18286793;-1.115409,-0.08518781;-0.5669846,0.7880887;-1.0906675,-1.3608681;-0.29102764,0.07362542;1.6130397,0.2724094;1.6882684,0.29442564;-0.6889038,0.62035596;-0.08032856,1.0753164;-0.1467733,0.29989892;1.787783,0.24211156;0.91581583,-0.43406284;-0.327473,0.97012156;1.1244208,0.9934432;0.7712243,0.32816577;1.2009641,0.92056644;1.1273562,0.23994567;1.2533444,0.82523835;-0.7875162,-1.0058619;0.32376453,-1.4866824;-0.1733512,1.9528054;-0.93659025,0.289613;0.42194843,-1.4660952;-0.5520774,-0.586704;1.7135283,-1.0520444;-2.1951575,-0.33296984;1.3184756,0.7107461;0.41845468,0.22618394;-0.43301266,0.12150287;1.5294528,-0.683055;1.737372,0.25368497;-2.0755262,-0.29971457;1.5901557,-0.82150996;0.522664,-0.42053288;-0.0012811958,0.1960848;-1.7946775,-0.098504245;-0.70485675,0.5922456;-0.4956915,0.08636392;-0.31576627,0.059496194;0.34637377,-0.03650306;1.5187109,0.60689855;1.4853832,-0.98269254;0.8171306,-1.4420626;-0.73953325,0.86121786;0.18553373,-0.38860506;1.445462,0.6709683;1.4468373,0.4666782;1.0473799,-0.56474894;0.016787913,0.20112215;-0.8717458,1.000108;-1.499314,-0.14484262;0.24049488,-1.4905369;-1.9286121,-0.3281736;1.1653563,-0.8349378;0.9284232,-1.4237471;0.5187358,-1.5797149;-0.9361118,0.23222119;1.5034733,-0.75627387;-0.45776865,0.07984394;0.20997322,0.14107323;-0.13591996,2.1511116;-0.014075144,0.5616233;-1.4990971,-0.016093476;-0.5172597,0.60791004;-1.1090659,-0.36161524;-1.784495,-0.04663311;-1.1440984,-1.5455042;-0.46857548,0.14499271;-0.3531284,0.83246213;-0.05127477,-1.2022827;1.7542045,0.21099769;1.6523108,0.29590568;0.36624074,-0.087777674;-0.87264746,1.012935;-1.9735332,-0.18477882;-1.0780109,-1.4595942;1.2636405,-0.71344924;-1.5704608,-0.10225467;-0.13644029,1.0301265;1.3007241,0.38010028;-0.34470662,1.0992937;1.4297711,-0.9265435;1.5556797,-0.9873838;-1.0782001,-1.5700759;1.5121168,0.4443768;-0.15173882,1.6755445;0.0403129,0.6743934;-1.136789,-1.3507392;0.01938274,-1.360317;-0.3325286,2.4296496;0.706058,-1.328746;0.78576577,-1.2403332;1.1901011,0.21670088;0.3114348,-1.4017508;-0.5336212,-0.72455823;1.4157535,-0.7226692;0.26420105,-0.37668458;-0.45909765,0.31897518;0.15803236,0.49092615;-0.20805,0.7010111;1.5493652,0.6105467;0.120422736,-1.2361917;0.32767963,-1.3381293;-0.5805081,-0.65817505;0.72458684,-0.5205798;0.57259953,-1.5762618;-0.24302353,2.0912876;0.0011857396,1.6434318;-0.50238824,0.14881426;1.1400893,0.7293309;1.7299092,-1.0388583;-1.1062043,-1.645007;-0.3091401,0.054720294;-0.23443107,0.019798761;0.5391886,-0.50283444;0.67128295,-1.2842234;-0.7954434,-0.9619524;-1.120922,-0.36321294;-0.47112155,-0.3885064;1.1752305,0.8934325;1.4433442,-0.74537104;-0.7980552,0.9623454;-0.77567655,1.0623302;1.1938285,0.55604005;-1.3220357,-0.16402276;-0.98476565,0.1895879;-0.36803445,2.503598;-0.35969746,0.95928735;1.1581007,-0.53306377;-0.048852667,0.56561726;-0.16938987,2.0790763;-0.9532954,-1.1972827;-0.2357801,2.051414;1.2004589,-0.52069813;-0.26503,0.89810103;1.7154822,0.20477414;0.74486905,-1.306242;-0.8818875,1.070269;0.73681754,0.28644758;1.4023517,-0.75569504;-0.61496115,-0.729769;-0.15694761,1.7475342;-0.6118645,1.0030317;0.7887949,-1.2740803;-1.1035998,0.06271325;-1.2491195,0.031577345;-0.62004143,0.6199779;0.60217994,-0.52515393;-0.29000354,2.2420917;-0.40137655,2.4897614;-2.1476634,-0.3036927;-1.1682602,-1.6741853;-1.4290999,0.05823818;0.11074754,-0.023596253;-1.0328557,-0.056300387;-1.1136562,-1.6028491;1.0975266,-0.7953392;0.6098759,-1.2354084;-0.19786276,1.8891845;-0.024391115,1.3324293
p3d-kl
0.41481900215148926
p3d-iter
599
p3d
-1.8088443,1.1863024,1.3196387;1.12069,0.79121,-0.4395179;-1.1956881,-0.085034825,-0.5550008;-1.4840316,0.889036,1.1602899;-1.713664,0.08710331,-0.5897522;-1.570523,0.63328135,1.4454786;-0.36814108,0.057520416,-2.0343096;-0.51427215,-0.25528884,1.274119;0.37156403,-0.2814557,0.369686;1.0673072,-0.17535503,0.29743588;-1.8124553,0.08138284,-0.70237505;0.074178256,0.04340065,-1.4755535;0.6089775,-0.07809451,-0.24788077;-0.41208124,-1.3388245,1.0201278;1.1448704,-0.91413766,-0.11812455;-1.3318609,-0.07549138,-0.5753291;-0.20597453,0.19373466,-1.7605495;-2.0699697,0.40346062,-0.68243754;1.1490415,-1.002708,-0.3921164;0.5316869,-0.047437716,0.10867846;-1.5053574,0.5916327,1.4943415;-0.04613888,1.2672744,1.4432058;-0.3311341,0.38769585,0.73234546;0.90742904,-0.022524497,0.16388461;1.172207,-0.8238979,-0.03286472;-0.8390708,-1.6307331,1.2805982;-1.0060228,-1.659965,1.274647;-1.7296149,0.29668915,-0.84191006;-0.097775534,-0.24931586,0.43914956;0.8812669,-0.21937665,-0.11830749;-1.0329455,0.5271984,1.15196;-0.2007997,1.3771065,1.5241708;-2.001196,0.1382657,-0.7451714;-1.6619501,0.10307504,-0.6546417;1.5299647,2.123077,-0.78846264;0.33136848,1.0533702,1.250815;1.2541622,1.298842,-0.46941447;0.44417673,-0.21917285,-1.1567173;-0.30595568,-0.42178577,0.2971977;0.2669508,-0.7550743,-0.01848304;1.4770999,2.4929407,-1.0188702;0.7371438,-0.26481053,-1.1769048;1.1200678,-0.8544619,-0.21145453;-0.33374757,-0.36635283,0.27724934;0.20077692,0.15963711,-1.3467788;-0.37340713,-0.5257318,-0.38995853;0.3381238,-0.21721916,0.011744553;1.5537957,2.4960883,-0.8218097;0.4529664,0.79629284,1.3359734;0.31089097,-2.0641408,0.5463407;-0.0319153,-1.9922255,0.6196161;-0.02549869,1.2502383,1.1878934;0.33630985,-0.2748063,-1.1406422;1.1357191,-1.0066354,-0.3570953;1.3176744,-0.8614539,-0.49372488;-0.9704365,-1.654748,1.2732228;-0.52837217,-0.34797373,-0.4487403;-0.9668654,-0.031256188,1.3233471;-0.4079717,-0.18209296,0.7247189;-0.9550286,1.0077304,1.1215454;-1.6663563,1.0412074,1.2674972;0.408757,0.8749026,1.357245;1.6022512,2.745324,-1.0372046;1.1328827,-0.5623137,-0.9147233;0.69635373,0.1369038,0.054405943;-2.3682292,0.35173678,-0.70106345;0.1845716,-0.6522391,-0.530925;1.5239621,-0.5685824,-0.15510103;-0.16104674,1.4538476,1.1633949;-0.13663279,-0.4482445,0.36382842;-0.38828513,0.071743704,-2.27903;-0.9931042,0.53389734,1.0897541;-0.030953553,0.07940775,-1.5893637;0.21229962,-2.0838091,0.64484084;1.584388,2.6212351,-0.87306976;-2.283215,0.3450232,-0.77014875;0.31013423,-0.6103101,-0.41853654;-1.8951441,0.16041245,-0.7738948;-0.7613928,0.36328587,0.73795754;0.01302941,1.2423636,1.6300925;-0.42872825,0.10294672,-2.1533766;1.3756025,1.3683928,-0.65644115;-0.4099816,-1.874979,0.5911465;0.34165475,-0.6739122,-0.30179563;0.04992427,1.2492001,1.5490198;-0.3372356,0.062114634,-2.1714895;-0.32634342,-0.057489242,-2.1165953;-1.634235,1.0358126,1.253045;-2.3828788,0.3468053,-0.69946337;-2.1969407,0.36036348,-0.8947628;1.5250158,2.4531128,-0.9242148;1.2962327,1.7815386,-0.8281934;-0.8101275,-0.10175238,1.1621369;1.3235396,1.3855817,-0.5154694;1.4963516,-0.08883696,-0.53088593;-1.150157,-0.0289394,-0.5005394;-0.44044235,-0.30827057,-0.40058097;-1.3524079,0.0794913,-0.64025736;-0.42730355,-1.3944503,0.99234384;1.1681569,-1.0067407,0.018938614;-0.5926333,-1.9460496,0.7149565;1.4102365,1.1693482,-0.57717365;-0.5536076,1.2622977,0.91894203;0.98171675,-0.53947663,-0.97029847;1.4036713,-0.7331927,-0.50532836;-1.5073866,0.35676664,1.3838269;0.3711814,-2.060559,0.65755427;1.7029508,-0.3888446,-0.3655994;-0.24947856,0.78916574,0.66288453;-0.13040134,-1.9932886,0.5925936;1.3324203,1.9982164,-0.62795824;0.9869059,-0.2335074,0.03694592;-2.0550218,0.39733002,-0.68644845;-1.3888364,0.61261094,1.595631;-0.33588398,-0.29347083,-0.13242266;0.3472072,-0.2527307,-1.2240362;-0.24010044,0.08039288,0.61879;-0.24460883,-0.20936744,-0.16835527;1.529675,-0.60246253,-0.56886053;0.7386072,0.28286377,0.8751349;0.10368037,-1.9770479,0.56256914;1.3800985,2.1050034,-0.8544314;1.3960923,-0.55123264,0.070143;-0.50940394,0.20139691,0.7957415;-0.79915845,-1.5482936,1.3065661;-0.26691675,1.371477,1.4722712;0.021897102,0.07159762,-1.57918;0.2978502,-0.3661408,-0.091488674;-0.17792462,0.16429946,-1.8688602;1.2503167,0.8666527,-0.34949;-0.6227416,0.23623456,-2.454151;0.028425917,-0.87885714,0.53313744;1.1702291,0.87111837,-0.40638298;0.74832284,-0.36077043,-0.7900797;1.2498767,-0.82292515,-0.5516579;1.5833029,2.684139,-1.0097767;-0.7622357,1.3910228,1.0778517;-2.1401665,0.08643441,-0.68286216;1.4085631,1.0487351,-0.40194827;1.0989599,0.11858057,-0.41669723;0.52752334,0.87590134,1.1247332;-1.3698756,0.5749824,1.0287027;0.91027,-0.1603664,0.3030005;-0.44813082,0.85843605,1.018374;0.46917212,-2.2923808,0.5952443;-2.0877461,0.12766406,-0.70434314;0.077268764,-0.6170349,-0.16760199;-1.2456462,0.21595073,-0.6759892;-1.5264366,0.08157656,-0.6260781;0.038848255,-0.24668026,-0.6302576;-0.011735186,0.10633498,-1.657073;-0.12690972,-0.16931556,-1.588055;1.1827612,0.099234395,-0.34045136;-0.28622517,0.822743,0.65723026;0.13130781,-1.8924482,0.52022845;1.2743638,1.5260348,-0.610828;0.8945686,-0.56375664,-0.7249662;-0.21664676,-1.1650215,0.6676728;0.6531335,0.5204255,1.080304;-0.8187518,-0.049309827,1.2180104;-0.83937126,-1.4649656,1.2370801;0.5926886,-0.7003156,0.24353275;0.07894712,-1.9259516,0.634279;0.29524586,-0.17907739,-1.2329545;1.3161138,-0.0010069493,-0.14982982;-0.65633464,0.27573538,-2.2659385;0.06444116,0.021874433,-0.7790023;0.7689251,-0.5292793,-0.43047264;-0.49460223,-0.2931687,-0.38645816;-0.42689934,-1.6525421,0.6198874;0.18847802,1.0440611,1.386069;0.3503536,-0.16122547,0.40920463;-0.43442586,-0.3232539,0.19360156;1.2413099,1.2320598,-0.64575726;1.1045308,0.1815105,-0.36893937;0.011715102,1.2488848,1.2640154;-1.3811735,-0.075336404,-0.5770951;-0.64269286,-1.6152449,0.8783132;0.64534134,0.76845735,1.0178069;0.34288743,-0.07866387,0.5802628;-1.5007234,0.3720884,1.3796158;0.068929054,-0.004237373,0.23404945;-1.1586953,0.058014784,1.3250295;-1.4014431,0.26688254,1.3333683;-0.25157478,-1.4257346,0.60765463;1.5481083,2.6139913,-1.0026126;-0.7988829,1.4360979,1.058229;0.55982196,-0.22169612,-1.1619349;-1.0286789,-0.019632936,-0.5922455;-0.73685515,1.3596961,1.0533141;-1.6038103,0.5734356,1.3895452;-2.1691601,0.12747312,-0.6602953;-0.36830398,0.31905988,-1.7834063;-1.4389873,0.75278276,1.0617259;0.568859,-0.70831406,-0.22356954;-0.8214413,0.27611846,-2.4875007;0.87790656,-0.5679154,0.30994636;0.25586653,-0.23924537,-0.11253021;1.116221,0.80742127,-0.40069443;-0.0603455,-1.9504972,0.59696656;-1.3966222,0.76266325,1.2223722;0.5503288,0.76259553,1.2398298;-0.12500137,-0.16539912,0.47644785;0.49865,-2.2279592,0.56058455;-0.47735992,-0.13789368,0.8966582;1.4427278,2.3435364,-0.91026014;-0.8661025,-0.13988045,-0.4401628;-1.7440445,1.0783571,1.2395772;1.3584609,-0.014153247,-0.10349609;1.2969303,-0.0049730144,-0.13365234;1.3088075,1.4496506,-0.60079485;0.41301125,-2.2505229,0.6444044;-0.91873294,0.4412997,0.845893;0.2701408,-0.9903201,0.69472176;0.97110873,-0.8874073,-0.27238357;-0.5279097,-1.4464003,1.0586696;1.301373,1.0339781,-0.43739074;-1.3821645,0.5111977,1.4573668;-1.6567334,1.04256,1.2519768;1.2324214,-0.31759843,-0.12970465;1.2362394,1.0698961,-0.37932435;-0.26261988,0.2015894,0.81612295;-1.928547,0.07052508,-0.9587091;-0.24881586,-0.25663137,-0.03655756;-0.38405082,-1.8482845,0.62083775;0.50644106,0.86749226,1.2144601;0.487288,-0.19237338,0.5075427;0.11799141,0.07148709,-1.5611581;1.1732891,1.2673138,-0.5099958;1.1136129,0.39856207,-0.45708475;0.4096586,0.91894454,1.2912306;1.1765455,-0.5409573,-0.70211875;-1.0165803,0.64864755,1.0790156;0.13398848,0.88869584,1.413645;0.2352515,-0.031595606,0.64057106;-0.405727,-1.9286497,0.7027334;-0.56096125,-1.2902769,0.75483024;1.6750118,-0.7129834,-0.23282345;0.26279396,-2.1161826,0.71889585;0.12531406,-0.73407483,0.36232117;-0.893267,-0.06186048,1.2979453;-2.0692239,0.11241366,-0.7959453;-0.7460289,0.24310659,-2.059532;0.81871885,-0.8809153,-0.23401919;-1.3187692,-0.09456222,-0.5626977;-2.199407,0.27246404,-0.6657634;0.06447081,0.10382073,-1.7627687;0.9218237,-0.32815698,-0.77778274;0.7228519,0.020396277,0.22770037;0.05141171,-0.27150276,-0.9758802;0.1875146,-2.111233,0.5948547;0.344794,-0.64072025,0.3828549;1.302273,1.3534762,-0.79028904;1.8138564,-0.6286092,-0.4003167;-0.6005459,-1.869162,0.7342021;-0.19431777,-1.972519,0.60642916;-0.011193354,1.269081,1.2193713;0.22691497,-0.08833625,0.7143023;-0.32605782,-0.41399544,-0.52157664;-0.58701134,0.21669297,-2.2303207;-0.8342599,0.22293308,-2.5477953;0.67316324,0.50152963,1.0317416;-1.2417177,0.21762522,1.3364137;0.62235504,0.681306,1.096649;0.051859677,-0.033753425,0.6933864;1.2921441,1.487928,-0.6090845;0.07599792,-0.12960754,-1.4058847;-1.040387,-1.6580002,1.2534146;1.1066533,0.64921486,-0.43264678;0.58275867,-2.30653,0.62142825;-2.1538281,0.30812544,-0.74741805;-0.33657828,1.106356,0.9574718;0.2773134,-0.09533616,0.14420593;-1.8148751,0.20467448,-0.9925189;0.6661958,-0.06630765,-0.2386405;-0.09343929,1.0185827,0.92462873;0.5532901,-0.08496303,-0.30581892;-1.7026142,0.97330993,1.2125903;-0.7569121,1.2413085,1.0302248;1.3012861,1.0475816,-0.37322104;1.4743823,2.4880023,-1.0261741;0.19111885,0.1192432,-1.5052897;0.7095495,0.33259138,0.91523486;0.40031978,-0.0066435686,0.35610446;-0.26715085,0.22547321,-1.8062842;0.28213075,1.1382184,1.3143786;1.4752295,0.17476368,-0.37623745;1.976525,-0.7404216,-0.34236902;-0.09721937,0.13642764,-1.5941939;1.3650608,1.0215198,-0.49131578;-2.342427,0.32721958,-0.6918801;0.3113016,-0.36516166,-0.17634611;-0.10487453,-1.9624915,0.58720905;-1.8723288,0.3431066,-0.7495612;-1.9816157,0.3403901,-0.87108415;0.1271616,-0.14620245,-1.4414651;0.8771229,-0.62481046,-0.48328847;0.36673802,-0.18132314,0.06689628;-1.3757133,0.63848746,1.122727;1.2610464,0.9891498,-0.35053644;1.5454364,2.6337354,-0.9388125;1.3427132,-0.6546987,-0.70932794;0.68364066,-0.58782446,-0.2610492;0.25943866,1.095777,1.283941;-0.21847418,0.41443098,0.33217403;0.7079365,-0.22851051,-1.2182113;1.3904712,1.7029101,-0.66368365;-0.24729829,0.7383405,0.6460215;1.8116653,-0.7976901,-0.2511161;-1.2891616,-0.014305713,-0.60033154;0.16702767,0.039053045,-1.4977144;0.53928906,-0.69630843,-0.20900163;0.98842436,-0.23683582,0.35551164;-0.6467684,-1.6662095,0.8690717;0.7585977,-0.68360966,0.17077401;0.128072,1.218639,1.367352;0.4354587,-2.0991163,0.56572384;0.08369367,1.1231587,1.2681464;-0.9405824,0.06994852,-0.22147079;0.103068955,-0.29639912,-0.914132;-0.6264863,0.17080413,-2.3084924;-1.9942408,0.14114349,-0.6864001;1.1906861,-0.3571622,-0.5200642;-0.4714526,0.3743584,-1.807248;0.3977129,-0.4446125,0.3875239;1.3653752,2.193874,-0.90537775;-0.69420487,-1.5753031,1.255467;-0.91596496,0.30448672,-2.5334816;0.09284788,-0.20972116,-0.2517619;-0.66034555,-1.4543183,0.830186;-1.2868639,-0.08540458,-0.56977165;0.54731256,0.8049157,1.182467;-0.9932254,0.06419504,-0.29126745;-0.08322351,-1.4535031,0.76448303;0.33752275,-0.52887183,0.43828493;-0.39699125,1.2641379,1.0378394;-0.77664137,-0.14212024,1.3282477;1.6278822,-0.6698152,-0.51928717;-1.2545662,0.12560621,1.3361074;1.6375751,-0.9201482,-0.2884738;-1.6006951,0.64390373,1.4146742;-0.5755213,0.13215694,-2.2868485;0.7578782,0.2993752,0.88040406;-2.2046442,0.1496568,-0.74782217;0.049902845,0.11715162,-1.7203782;0.30034953,1.1085771,1.2667971;-0.59631914,1.0811617,1.3151162;-1.1263458,-0.036529493,1.3970037;0.72301954,-0.6962124,0.13781211;-2.398664,0.3295967,-0.6941996;-0.9852709,-1.666814,1.2931347;0.39036947,-0.3629084,-0.783872;-0.74417156,0.25458187,-2.2174678;-0.38608754,-2.0227635,0.5951664;0.37065384,-0.77916944,0.31270486;1.2100264,1.1197859,-0.4284128;-0.3103289,1.3826766,1.4875275;-0.57168186,0.33369726,0.80073345;-0.54867864,0.0720174,-2.221269;-1.3675895,0.35809714,1.3149302;-0.35906684,0.32779673,-1.7502724;1.3449572,0.6118551,-0.5634528;0.8024734,-0.39710218,-1.0345517;0.01859984,-0.17839895,-0.8528708;1.3435222,-0.6319663,-0.782942;-0.8462386,0.26925,-2.568186;-0.32932147,0.2309257,-0.979731;-0.5773402,-0.23772961,1.3114942;-1.6734021,1.05382,1.2668781;0.6355583,-0.0219141,-0.01630888;-0.97947484,0.06653976,1.2798549;0.5476832,-0.47955924,0.55709535;0.6341686,-0.37715822,-1.0450369;0.2739678,-0.6743564,-0.2171899;0.5189125,0.8781219,1.1700274;-0.38311028,-1.8286637,0.8352504;-1.9214838,0.11347596,-0.68710446;1.1346384,1.1739414,-0.7400022;1.4888477,-0.7161478,-0.46738252;-0.38097465,-1.4852488,0.9804914;1.5340023,2.619597,-0.996412;1.2044448,-0.76579106,0.05438423;1.8280116,-0.8458705,-0.17422478;-0.35197982,0.21870871,0.7496399;-0.29911226,0.4848568,0.6870034;-0.4951177,-0.32890496,-0.5069237;0.0644434,1.4678433,1.3212864;0.6133774,0.64769274,1.1385658;0.91162676,-0.5962893,0.3570475;-1.0028179,0.02638006,-0.4331321;-2.0200694,0.13933255,-0.72188544;-0.9638131,0.037656855,1.2627536;1.3793044,0.613264,-0.35308346;0.48926964,-2.204375,0.63264745;-0.7389344,1.3214638,1.0103463;0.18548472,1.1218057,1.3788424;-0.58595276,-1.3415377,0.8464549;-0.7945731,1.3583524,1.0452302;1.2670583,1.6788939,-0.6601447;1.0506285,-0.4997693,-0.963621;-0.23531303,-1.9666092,0.6155642;-0.8985677,0.27308547,-2.5373485;-0.6369439,-1.4355559,1.1148795;-1.6364158,0.11951054,-0.5879741;-0.12716983,1.4019004,1.3967395;-0.11280621,-0.5302401,-0.504992;-0.25486723,-0.53773266,0.3568395;-0.1004623,-0.05606831,0.67149216;0.1641938,0.02394123,0.24332382;-0.9805127,-0.0105276825,-0.52542293;-0.6872484,-1.9015582,0.7210512;0.008628987,0.0914065,-1.7367802;1.462726,2.1770937,-0.8453134;-0.48186895,-0.27379817,1.2787924;-0.016929539,1.2657529,1.4286381;0.4245112,-2.257141,0.63091135;0.32961014,-0.9337521,0.59956306;-0.68123686,-0.24584557,-0.44732037;-0.5239071,0.1437129,0.8100517;1.3386303,0.6220255,-0.537338;-0.3815763,-0.14735731,0.6509777;-0.7490364,0.27376434,0.6763973;1.3740292,2.0646327,-0.8409818;0.7453252,-0.6656009,0.25294718;0.24149263,-2.2689912,0.74805206;-0.9562528,-0.09331127,-0.5650632;0.702164,-0.14810286,-0.21840458;0.86919475,0.14788581,0.74802285;-0.82296646,-1.7856976,0.8186508;0.4782042,-0.82630926,0.5275707;-0.14955173,1.0520254,0.93413836;-0.8977579,-0.109437115,-0.4212803;-0.9169543,-0.12611799,-0.5405185;0.7465997,-0.85076153,-0.062318873;-0.000717585,1.2116209,1.5771981;-0.6265467,0.115049645,-2.3445091;1.1941216,-0.9845635,-0.369692;1.5555955,-0.029275503,-0.4657145;1.5305098,-0.77765363,-0.27059793;0.4279409,-0.6733136,-0.25589156;-0.79422754,-1.5984808,1.292435;-1.5264806,1.0002034,1.1983576;0.8030942,0.4404545,-0.088200055;0.5358279,-0.1675677,-1.1567671;-0.297923,-1.7099855,0.5584787;0.6352388,-0.41452798,-0.9984534;-0.0159176,-0.88771063,0.4896815;-0.64557976,-0.22580923,1.1184144;0.56789637,-0.4219501,-0.981022;-2.493827,0.37439153,-0.6602178;-1.9223591,0.05961361,-0.65252006;-0.01730961,-0.27850255,-0.60835433;-2.495531,0.39068437,-0.6606776;-0.02931846,-0.16164252,-1.5103054;1.3516113,1.0206202,-0.558751;-1.7732852,0.0591532,-0.71896315;0.22744662,-2.0757594,0.5932733;-1.7510364,1.1208024,1.2915244;-0.281537,0.040840577,-1.9897578;-1.2450663,0.37545276,1.3237997;1.2088438,1.1351056,-0.41941738;1.2093223,-0.54781604,-0.6640551;-0.01564063,-0.9431684,0.50056964;0.31419367,1.0408136,1.3459024;-0.48368174,0.3899681,-1.8057266;-0.5625044,0.15504117,-2.1594846;-0.3535425,-1.814794,0.48836297;0.6453847,-0.8750844,-0.019078884;0.34487385,-2.2521398,0.6904693;-0.04666506,1.2816936,1.2269973;-1.7804145,1.1557043,1.3024018;-0.029113248,1.0102967,0.9523235;0.5450942,-0.11475496,0.60268456;-0.23176217,0.4425321,0.3229957;-2.2030933,0.23318017,-0.72566676;-0.18890007,-0.058685157,-1.6731887;1.6791588,2.7079668,-0.95971036;-1.0408208,-0.12644096,-0.5276575;-0.2915972,0.14226146,-1.8823622;1.3416106,0.80303264,-0.5570042;-0.8276611,-1.6309218,1.3046794;0.014430877,-0.7577689,0.48310497;-1.4779006,1.049789,1.19297;-0.24591562,0.45369583,0.3559637;0.07962109,-0.085510366,-1.1483214;0.38497815,-2.226722,0.6505036;1.5119601,2.3614223,-0.80363446;-0.6627477,-0.21646662,1.2088336;-0.81527,-1.6452401,0.926355;-0.33152735,0.25745308,-0.9662529;-2.2754016,0.33111492,-0.74299455;-0.06604279,-2.0145376,0.58756506;-0.06661772,-1.014376,0.5724094;0.76155317,-0.9205496,-0.11288582;0.059631564,-0.93597835,0.6582781;-0.7999635,-0.18685456,-0.47511467;0.36906996,-0.23809786,0.4018391;-0.75377214,-1.7353853,0.8089307;-0.6917034,-0.19225301,1.3081449;0.850957,-0.27856362,0.16505566;-1.6723393,0.26201952,-0.7572497;0.30426311,-0.31550848,-0.9984264;1.5823512,-0.07666452,-0.44872612;-1.7418836,1.0773433,1.2619781;0.9767708,1.2571225,-0.57304525;-2.0377803,0.11538673,-0.71008205;-0.3665543,-1.5039341,0.9703084;0.69591635,0.45120713,0.97135013;0.5530004,-0.39294672,0.56273115;-0.038999703,-1.7952079,0.60800946;-0.6034509,-1.8765587,0.7117807;0.6696633,0.6336077,1.0115325;-0.54217243,-1.5178767,0.9795485;0.58218807,-0.44563067,0.5749733;-0.29152757,-0.17904319,0.25503993;1.649539,2.7578688,-1.0035858;1.659594,-0.61727417,-0.5147919;0.019441592,-0.99454695,0.7026773;-0.62049556,-0.21243252,1.2838355;1.0606318,-0.5290705,-0.96246564;0.21183094,1.0340273,1.1635644;-0.65862286,1.2976359,0.97121453;-0.9715889,0.49674052,1.0424361;0.7136685,0.24174598,0.045405578;-0.7798904,0.23034315,-2.080395;-1.4445803,0.49635807,1.4322615;0.019302903,1.2888801,1.4478084;-0.5163505,0.4097425,-1.8225443;0.55314004,-0.406672,-0.15527646;-1.3700799,0.29810062,1.3053695;-0.8765603,0.27100655,-2.5574183;0.3058774,-0.29670677,-0.7575972;-0.15427741,0.12633793,-2.0530531;0.67938924,-0.6306889,0.47833747;1.6586462,-0.11723549,-0.39638904;-0.66122204,0.1278286,-2.3849804;-0.8007931,-1.7876381,0.80762964;-1.1993407,0.45403355,1.4724231;0.4872884,-0.06755114,0.09001941;-0.7867138,-1.6743958,0.8117741;-0.8168914,0.26629326,-2.4580588;-0.44023508,1.2561835,0.960695;-0.8930258,-0.043932896,1.2486479;-1.3623673,0.45397425,1.469115;-1.308335,0.12437281,-0.65334153;-0.3673457,0.033675406,-2.1639977;-0.59075034,-0.28357607,-0.34659633;1.1511568,-0.9396494,-0.5189601;-1.4167148,0.5769473,1.0759811;0.4335503,-2.0307734,0.69559866;-1.0163964,-1.6943827,1.3012415;1.4209182,0.40095627,-0.28605872;-0.22420521,0.68070954,0.6820938;-0.42473882,-1.1635509,0.73442316;-1.3578391,0.18035121,-0.6777912;-1.4594926,0.39383823,1.3027064;0.15725815,-0.692604,-0.51973677;-0.25306576,-1.1788783,0.68797123;0.5199761,-0.6150611,0.58682746;1.3856153,0.07952317,-0.13391465;0.095066324,0.21851642,-1.5824485;-0.2021285,-1.9133455,0.5214176;0.3285509,-0.30319855,-0.90021724;-1.335765,0.22377509,-0.6960297;0.032961186,-1.7046896,0.7306072;1.4635844,2.4329853,-0.9459441;1.4892884,0.0024032653,-0.4854164;0.31712264,-0.35252512,-0.18343166;0.2541286,-1.8762931,0.6575246;-0.12665762,-0.41435936,0.35901126;-1.0692197,-1.6777954,1.2674497;0.62022,-0.8511164,0.00014412544;1.1803241,-1.0392351,-0.50815105;1.0389507,-0.9645436,-0.4346888;-0.5100274,0.26848018,0.7904984;1.4362789,2.3622427,-0.90900207;-0.69730854,-1.8530242,0.752328;-0.92706025,0.46297443,0.8397181;0.42917323,-0.8541144,0.63164055;1.7624513,-0.75408006,-0.14074177;-1.8223984,1.1993473,1.3233747;0.06981933,-0.7609928,0.49046367;-0.35783887,0.3369539,-1.6811925;0.93516374,-0.30797678,-0.7139182;0.325157,-2.1182868,0.62711763;-0.60722274,-1.5944904,1.2459774;0.79208857,-0.4635525,-0.95784175;-0.38827425,-0.72271675,0.7200392;-0.25840226,-1.3341508,0.6346535;1.4606359,-0.5627323,0.02805661;-0.35548884,1.3532883,1.4426802;-1.0123539,0.5012977,1.1568283;0.039504945,1.2641895,1.4527203;-0.6312469,0.40105852,-2.0323853;1.6347677,2.5943458,-0.9144078;1.6143755,2.771852,-1.0387099;-0.52534574,1.2923557,0.7440495;1.0525916,-0.13709341,0.20882416;1.235176,-0.29120106,-0.07745153;0.43060413,-2.2271922,0.6716771;-0.497255,-1.9446172,0.6760025;0.16139925,-2.2077637,0.6526617;-0.13468218,-0.5700484,-0.4924052;-2.0372334,0.46743268,-0.7103937;0.46710673,0.8464401,1.2539514;-0.6440038,0.13025686,-2.3887837;-0.5535801,-0.34663573,-0.39283642;-0.84360874,0.30601096,0.79336005;-0.8765896,0.41278753,0.7766999;1.1641695,-0.782867,0.06929858;-1.9091686,0.21328278,-0.74021643;-0.25198784,-0.29143438,-0.044624656;1.3020668,-0.3779192,-0.46273565;1.139587,-0.69692755,-0.54757535;1.5205635,2.3924682,-0.9219835;-0.6796231,1.3409976,1.0000259;-0.65607333,-0.24669392,-0.47949925;-0.5440283,-0.24485622,1.3454877;0.89706373,-0.7991133,-0.16261636;0.27513,-0.047575105,0.65033466;-0.40660685,0.123924054,-1.904953;-0.7292935,1.314141,1.0854173;0.40564516,-0.5705603,0.37612903;0.06546094,-0.6406522,-0.52691454;1.3847845,1.9349699,-0.67426854;0.20018785,-0.9457564,0.4948932;1.2607477,1.2995766,-0.39329097;1.8101691,-0.56553334,-0.3763797;0.35255867,-2.1259995,0.6276505;0.8532253,-0.61426383,0.20148721;1.4635844,2.4329853,-0.9459441;-0.59060955,-1.9994797,0.69746554;0.9464931,-0.84434444,0.22281647;-1.1318314,0.12977134,-0.6011467;-1.0840956,0.3664606,-2.5052319;-0.03464215,-0.14532316,-1.5229099;0.78692144,-0.3454805,-0.9122172;-0.50252014,-0.35922414,-0.37914312;0.08331905,-0.14294988,0.7184456;1.243795,1.1274861,-0.48889863;0.696252,-0.41053832,-1.015587;0.73619276,-0.8282427,-0.040559437;0.07774373,-1.8157088,0.47826;-0.20148489,0.09977338,0.876533;1.0873332,-0.6863422,-0.519609;0.30444258,-0.2445246,-1.2216545;-1.3901328,0.2862771,1.344633;-0.15784891,1.2509321,1.3837124;-0.75500536,-0.18937412,-0.48269325;1.2414453,-0.794284,-0.49634847;1.3584982,1.9936305,-0.86297756;0.14527756,0.053264916,-1.5494337;-1.2825778,0.17089754,-0.6644049;-1.3651803,0.16176623,-0.68101734;-0.25074488,-0.030093117,-1.7108288;1.5540882,2.6246574,-0.96011573;-1.0826123,-0.107413836,-0.52082366;0.36967376,-0.78708994,-0.5234255;-1.0022008,0.33346516,-2.5119045;-1.7356497,0.31011584,-0.76867414;-0.4090934,-0.49115703,-0.3716234;1.1455319,-1.0778664,-0.31837687;0.1927822,-0.14771627,-1.1505303;-0.71426314,-1.3590996,1.1826385;0.6593295,-0.7571183,0.45493495;1.2281047,1.1621219,-0.42645633;0.45079136,-0.071196795,0.6152916;0.60497504,0.62630445,1.1703753;-0.29527274,0.15248159,0.68018645;0.5731746,-0.5767771,-0.21268655;-0.50018245,-1.965009,0.6930182;-0.33356622,-0.90276027,0.67522365;-0.39084762,1.132186,0.782567;1.7406812,-0.5366468,-0.41904727;-0.25942805,-0.33506963,-0.061869394;1.4096793,2.207976,-0.8602455;0.22267073,1.0555664,1.2689447;-1.5510983,0.5344619,1.3632617;-0.12924254,-0.5182744,0.39997458;1.809529,-0.7516873,-0.17632271;-1.8406087,0.26156434,-0.7423876;0.51179445,-0.2566181,-0.18112561;-2.2395887,0.49597886,-0.7937749;-0.38790226,1.2533674,1.184639;1.1560236,-0.4248361,-0.6503017;-0.4716136,0.25193566,-2.2303128;1.3628109,1.8883141,-0.77622545;0.9149407,-0.10563943,-0.16108827;1.2837558,0.8017349,-0.49743477;-0.973142,-0.04633922,1.3263685;-0.37836036,0.049260553,-2.2701955;1.4015424,2.1786084,-0.8551311;1.0688455,0.21882886,-0.4240007;-0.50108314,1.2670385,0.73647785;0.17103247,-0.10059534,-1.197073;-0.10390881,0.01046591,-2.099774;0.874545,-0.31847984,-0.73324585;1.5166134,-0.54713887,-0.17177936;-1.6438975,0.035312243,-0.6594652;0.32740897,-0.78906494,0.3087036;-1.6478717,1.0403287,1.2602187;0.48330808,0.072368816,0.17925584;1.4352119,2.287531,-0.84259415;1.0966374,0.055357054,-0.3518145;0.86587656,0.15076019,0.7518567;-1.7617636,1.134807,1.2980756;0.40677613,-0.06369937,0.022712592;1.2720684,0.11934064,-0.27726448;1.6639252,-0.65147984,-0.43795398;-0.37493125,-0.3125263,0.2932375;-0.18731025,0.041814048,-2.0983691;0.1295168,0.0360507,-1.5641005;-0.52459776,-0.36206132,-0.3945703;-1.3267313,0.14225914,-0.6697708;-0.9590605,0.5510593,1.0895926;-0.6404609,0.10935271,-2.4466374;-0.86810666,-0.12343096,1.3315203;0.15313275,0.9300949,1.3696287;-0.2512357,-0.25696447,-0.1031254;-0.034056123,0.10675899,0.45327255;-0.42853084,0.055422574,-2.0448577;-1.3133022,0.37340054,1.4258624;-0.3621951,-0.84375393,0.73556274;-0.4607442,1.3363435,1.4032309;-0.20927596,0.22565284,0.5919129;0.23514418,-0.19119489,-1.2949158;-0.09451407,-0.06535055,0.7232524;1.6432135,2.690854,-0.98159385;0.17940177,-0.2098543,-1.2693955;1.1083137,1.2226572,-0.6539086;-0.83859193,-1.6111456,1.2819732;0.95107794,-0.55171466,0.22550604;-0.22868316,-0.1096637,0.35862824;-0.14706129,1.3388243,1.4810768;0.8115265,-0.61687165,0.25429317;-1.5122674,0.42134365,1.2941263;1.2798184,1.3504752,-0.5237112;1.3063114,1.7292382,-0.76047;1.1113676,0.11862454,-0.40394574;-0.33864093,0.0140689,-0.9474212;-0.32517913,0.056935146,-2.2208536;1.1201503,-0.45002356,-0.70587254;0.3891225,-0.38570994,-0.162707;1.1783816,-0.2013236,0.24419606;1.2969991,1.8555405,-0.95189947;-0.54030347,-1.4669025,1.016829;1.4154009,2.132964,-0.76384073;-1.370716,0.295586,1.3256785;-0.7571996,1.2733505,1.1574277;-1.276902,-0.052027214,-0.57037616;0.4820575,0.9366088,1.1550066;0.45142537,-0.46471035,0.44273448;-0.9511779,-0.033678524,1.2210107;-0.6654711,-1.587427,0.8171078;0.14273745,-0.9243711,0.54227203;-0.49426797,0.24161713,-2.4490316;-0.36662233,-0.32920536,0.28565297;-0.41696486,1.258051,0.93429875;1.5466774,-0.58993745,-0.5032271;1.3721555,1.1144255,-0.61600477;-0.3848002,1.2352046,0.963914;-0.0483732,-1.5328797,0.7484891;1.6752926,-0.1443361,-0.3283415;1.2935903,-0.6301617,-0.8665559;-1.3413776,0.6606828,0.95096433;-0.48323736,-0.33644032,-0.5101653;1.4604686,-0.5918195,-0.59230924;-0.35777304,-0.34217817,-0.39921522;-0.69475675,-0.18972023,1.3274655;-0.3055311,-1.4575607,0.9711384;1.4182267,0.15597405,-0.20650464;-0.8890225,-1.5412323,1.2919817;-0.016181208,1.2991161,1.4526107;-0.28224352,0.9551416,0.8690447;1.4642555,-0.6276415,-0.3787854;-1.894294,0.11153419,-0.7214541;1.396578,2.1360474,-0.91508603;1.3564029,-0.07163024,-0.5494061;1.65569,-0.615822,-0.50318867;0.11087054,0.95735914,1.5406755;-0.635575,-1.6176624,1.2855483;0.68293566,0.52168876,1.0067034;-0.033510298,0.051987246,0.7140011;1.2380369,0.9869357,-0.43165103;0.62675834,-0.036003605,0.110923424;-0.18684146,1.0341809,0.89290774;0.1629442,0.043204278,0.23679493;-0.8758775,0.40640694,0.77381116;1.8438247,-0.82129043,-0.27680156;0.261633,-0.26791435,-0.7650518;-0.8959655,0.28305775,-2.570754;0.7797236,-0.49935445,-0.42528677;1.9138128,-0.63473797,-0.3680081;0.35589978,-0.043763787,0.61092633;-0.74229616,0.16900583,-2.163918;-0.65794426,1.362399,1.0196334;-0.6623467,1.1734849,1.1807625;1.3446925,0.14207393,-0.12918012;-0.439568,1.126521,0.85004026;1.8353939,-0.83842933,-0.23367794;-1.4510494,0.82958966,1.1052011;1.6304257,-0.036258496,-0.40201512;-0.09071083,1.017293,0.8930264;0.02097434,-0.8735666,0.5122146;-0.6416139,1.3167224,0.99695724;-0.5321826,0.15334485,-2.0908945;-0.7276652,-1.880141,0.733198;-0.2809108,-0.93779993,0.68982035;-0.5080553,-0.2635107,1.2832562;0.44002113,-0.6055295,0.43888777;-0.5752522,0.094490044,-2.3176785;0.17410494,-0.19078925,-0.16762203;0.805595,-0.4222258,0.1273656;-1.0512394,0.1356389,1.2959276;-0.63010883,-0.12765105,0.9279074;0.5885846,0.77315384,1.1228161;0.6241197,0.6587517,1.1095734;-1.1726563,-0.061686877,-0.539271;0.06248714,-0.08598838,-1.0904589;-0.097670674,-0.13021828,0.49554905;-0.6067451,0.09186016,-2.2799802;0.7346946,-0.3799923,-0.7192407;1.1577253,1.1922449,-0.5023015;-0.6795941,-0.18454233,1.1385305;1.4910393,-0.9518058,-0.28373396;-0.044552296,1.3463529,1.4729217;1.599441,0.02335388,-0.4264146;-0.93892473,-1.761892,1.0428853;1.6196487,-0.17651504,-0.2924665;-1.8025395,0.32905015,-0.74998325;-0.36628604,0.0958464,-2.244964;1.291065,1.3880296,-0.7475033;1.4569261,-0.5743897,0.0019557055;-0.18586165,-0.4842236,-0.5253017;-0.11068696,-1.9272931,0.5936226;1.382244,2.1494498,-0.85070246;1.4267673,0.14991699,-0.3103543;1.7056341,-0.35737735,-0.3206385;-0.87413675,1.2285345,1.120965;0.7372697,-0.1955753,0.48779845;-0.4229325,0.093887664,-2.2278965;-0.016052116,-0.10853025,-1.0076809;1.3013904,-0.39860576,-0.3820768;-1.892249,0.093891114,-0.83646303;0.29437006,-0.60374916,-0.12155631;-0.5986559,-1.6188555,1.2710332;-0.7275551,-1.5916797,1.235407;1.1477236,-0.6368363,-0.5608641;0.9386324,0.17988336,-0.3527511;0.7484526,-0.07637908,-0.23477836;-0.9049399,-1.5555998,1.2319833;-0.5406771,-0.26481357,1.1866126;1.3414865,-0.03575268,-0.06922645;0.45768693,-2.2270658,0.65449065;-0.03573665,-1.0691344,0.75374657;0.26865757,-2.166412,0.65424204;-0.36697125,-0.86668444,0.7297872;0.09484601,-2.0706348,0.61955166;-1.2676814,-0.019181494,-0.58554137;0.16349049,1.0435146,1.3431982;1.3346231,1.613128,-0.68337196;0.67489713,-0.39484754,-1.0130986;0.010318793,1.1742374,1.2531216;-0.51662076,-0.2562354,-0.46337944;-1.6888711,1.1084775,1.2683772;-0.8488174,0.26992485,-2.5694814;-0.10984652,-1.945441,0.6072003;0.35438833,-0.7289447,0.3784541;0.35106942,-0.7429295,-0.42239586;-1.5104918,0.30103713,1.4575328;-0.826584,-1.5583936,1.2469621;-0.69703555,0.2183921,-2.4045987;-1.5729772,0.5948341,1.4061031;-0.32350045,-0.07144717,0.5838125;0.5915287,-0.0035892713,0.1048746;-0.21295747,0.08973678,-2.1048603;1.1156044,-0.5514497,-0.57495236;0.25374028,-0.73678046,-0.49996498;0.29273003,-0.5832466,-0.1886912;0.35933593,-0.05600775,0.74613494;-0.4812513,-1.9589586,0.6736583;-1.3316051,0.8206623,1.1444579;-0.58173984,0.9453116,1.1690525;1.5835857,-0.7616562,-0.6322985;-0.3333613,-0.26380602,0.4327398;-0.3234317,-2.0158617,0.610463;-0.38391766,-1.6843996,0.88556254;-0.84673476,-0.11719745,1.1328675;0.6088846,-0.078053765,0.14946769;1.8046007,-0.8030793,-0.23498063;-0.17304303,-0.07460878,-1.6567422;0.29346785,1.119306,1.3757882;-0.6545623,0.3401073,-2.1498132;-0.9850181,0.55392075,1.1248538;-0.76731783,1.1629891,1.1745167;-0.10927784,1.339339,1.4763238;0.57829916,-0.42242464,-0.99802554;-1.381849,0.47357604,1.4729712;0.3291799,-0.61841214,-0.49977097;0.467196,-0.29699773,0.41051894;1.3360113,2.017954,-0.62466943;0.98409617,-0.28728563,0.2593743;0.033840775,0.09838431,-1.6811223;1.1715002,-1.0042175,-0.367911;-0.36056963,0.18793683,-0.98274803;-0.12407053,0.026508898,-2.1017878;-2.239256,0.34370124,-0.6992995;0.37725472,-0.7793708,-0.4666941;1.2589731,-0.35331234,-0.09096447;0.7003485,0.39849132,0.9588379;-0.865652,-1.471375,1.2356682;-0.66806597,-1.576811,1.2272496;0.2463924,-0.055699296,0.77182263;1.8198882,-0.7992468,-0.22841342;-0.51261586,-0.035341647,-2.2067199;-2.0773225,0.15673412,-0.7373682;-1.0854424,0.30771714,1.3306644;-0.13794485,0.14208208,-1.6860607;1.0418558,0.06005908,-0.42680937;-0.33255365,-1.3397932,0.7852892;1.4477056,0.14682567,-0.27593276;-1.4236466,0.61822194,1.0203668;-1.4550524,0.90397924,1.1630832;-2.28211,0.19512504,-0.71082443;-0.5058673,-1.6845531,0.93915546;1.3454092,1.0205353,-0.4866137;0.92025477,0.07053384,0.6646721;-1.9153277,0.18780045,-0.92904335;0.5698929,0.658088,1.2343317;1.5833104,2.6357505,-0.9686011;-0.37238565,1.2289819,0.9901332;-0.50150365,1.1867296,0.79561657;-0.4577004,-0.9307941,0.83220196;0.2233637,1.0459983,1.1466091;-0.7366849,-0.15793563,-0.3355603;-1.34129,0.31345406,1.3564305;-0.10402841,-0.061874405,0.33710614;0.71564096,-0.54880637,-0.33663827;0.8988924,-0.8163445,0.23969994;1.1705797,-0.54507,0.21904412;-0.51646835,-1.9781181,0.67022294;0.67247015,0.8359992,0.954109;0.1136917,0.8100143,1.26796;-0.6704994,-0.23103566,-0.48022744;-0.4868725,-0.04147309,0.86324733;-0.18434359,1.3691258,1.4729371;1.3228867,1.8819293,-0.85515;1.0801288,0.9854697,-0.4786248;0.37899694,-0.8101449,-0.5241012;0.11558009,-1.7495507,0.47923085;-1.7152073,1.0933067,1.2850986;-2.4188416,0.27626708,-0.69040656;0.26801592,-0.5633116,-0.19973852;0.20128764,-0.46884927,-0.084818885;-0.23352148,0.12614341,0.75322855;-0.31641683,1.1429328,0.90928555;-1.2117211,0.041386317,-0.5164879;-0.3643032,0.2030911,-1.0019857;-0.16392057,-0.5141311,-0.5027866;0.27028376,-2.0865147,0.6478761;-1.3441211,0.36756954,1.3986001;1.6659588,-0.6598684,-0.22533974;1.8756807,-0.58660734,-0.37297308;-0.08663906,-1.5132327,0.74837685;-0.16298518,0.044315167,-1.2998922;0.4869962,-0.36135873,-1.0524404;1.6465648,2.7907176,-1.0346879;1.4077127,-0.09707231,-0.0743614;-0.9328275,-0.07646335,1.3278795;0.96817696,-0.21272652,0.2269003;1.3520168,1.8539324,-0.7141915;-1.597893,0.107515916,-0.66525215;1.310549,1.7886671,-0.8606837;-0.9808592,-0.099745065,1.3871142;1.2043244,-0.0982374,-0.05438603;-0.8244954,-1.4332777,1.2146006;-0.4274015,1.2188085,0.95652467;1.8613478,-0.8231403,-0.39089587;-0.049646053,-1.0511755,0.6349388;-1.3048886,0.36930305,1.4139177;-0.78859395,-0.19624634,-0.4859485;1.3554142,1.1641173,-0.55704844;1.6670779,-0.43470308,-0.149278;-0.519598,1.1263435,0.906655;0.26393616,-0.27238804,-1.1357642;0.18636101,-0.18991555,-1.3373926;1.1382359,-0.8372224,-0.56088847;-0.20869221,0.19938545,0.8691198;1.4514827,2.2091281,-0.915592;1.627287,2.7937503,-1.0576197;-0.77323174,0.25234142,-2.5217133;-2.4822161,0.37358776,-0.6641003;0.15667662,0.1594636,-1.50456;0.22016954,0.041089464,0.2934188;0.029015603,-0.2404735,-0.8526012;-2.3455348,0.29929638,-0.68446916;-0.9759854,0.44609165,0.9920929;-0.24487738,0.9917844,0.8566464;1.3753964,1.5391066,-0.52128375;0.8133871,0.42915824,-0.10234498
