data_set
babi-q1
num_classes
6
data_points
1000
model
saved_models/babi-q1-e0030.ckpt
color_schema
#4E79A7,#F28E2B,#E15759,#76B7B2,#59A14F,#EDC948,#B07AA1,#FF9DA7,#9C755F,#BAB0AC
test_accuracy
0.512
test_loss
1.1637435302734376
train_accuracy
0.527125
train_loss
1.1548891501426697
val_accuracy
0.5235
val_loss
1.1442576036453247
labels
12,9,15,12,15,12,11,12,17,17,15,11,17,10,10,15,11,15,17,15,12,17,17,12,10,10,10,15,15,15,12,17,15,15,9,17,9,11,15,10,9,11,9,12,11,15,12,9,17,10,10,17,11,11,15,10,15,12,11,12,12,17,9,11,11,15,15,9,17,17,11,12,11,10,9,15,15,15,12,17,11,9,10,11,17,11,11,12,15,15,9,9,12,9,9,15,15,15,10,10,10,9,17,11,11,12,10,9,17,10,9,9,15,12,15,11,17,15,9,17,10,9,10,12,10,17,11,11,11,9,11,12,9,11,15,9,17,15,9,9,17,12,12,17,10,15,15,15,15,15,11,11,9,17,10,9,11,10,17,12,10,10,10,11,9,11,11,11,15,10,17,17,11,9,9,17,15,10,17,17,12,12,12,12,10,9,17,11,15,17,12,15,11,12,12,11,17,15,9,10,12,17,17,10,12,9,15,12,9,12,9,10,12,10,9,10,9,12,12,9,9,12,15,12,10,17,12,11,9,9,17,11,12,17,12,10,10,10,10,17,12,15,11,11,15,15,11,11,11,11,10,17,9,9,10,10,17,17,15,11,11,17,12,17,17,9,11,10,9,10,15,17,17,15,9,17,15,12,17,9,9,11,17,17,11,17,9,17,11,9,15,15,10,15,15,11,11,12,12,9,9,9,9,17,12,11,9,17,17,15,11,11,17,10,11,17,10,17,17,11,11,15,15,11,11,9,10,11,11,10,15,17,15,10,10,17,12,17,12,12,12,11,17,15,11,17,12,12,15,15,10,11,11,10,10,9,17,12,11,12,11,9,11,11,11,11,11,12,12,12,12,12,11,11,17,10,15,9,9,10,9,10,10,17,17,15,17,17,17,15,15,12,9,10,17,17,10,17,9,11,10,11,10,15,17,15,12,10,11,15,10,11,9,12,17,10,10,15,12,9,12,12,9,12,10,15,15,17,10,10,17,15,15,15,17,11,15,9,10,11,10,12,9,11,10,11,10,12,11,15,15,15,15,11,9,15,10,12,11,12,9,11,10,17,11,11,10,10,10,17,12,17,17,9,15,11,9,15,11,9,10,10,12,12,11,10,9,12,10,9,15,10,10,11,11,15,15,10,12,12,15,11,9,12,9,15,10,17,17,10,10,17,10,10,17,9,9,10,12,11,17,17,12,12,11,12,17,11,11,12,11,11,11,17,9,11,10,12,12,10,11,17,12,12,15,11,15,15,12,10,10,9,17,10,15,12,15,10,10,10,11,10,11,15,10,9,9,15,10,10,10,10,15,15,17,9,10,12,10,10,12,12,11,15,10,10,11,12,10,10,17,12,17,11,9,9,17,17,11,10,10,10,15,15,17,11,15,12,11,10,15,17,9,11,9,17,15,12,15,17,11,17,17,15,9,10,9,9,10,10,9,10,10,15,11,11,11,15,12,9,11,11,10,17,11,11,12,17,15,15,9,11,15,15,11,9,15,15,11,15,15,15,11,10,10,9,17,17,17,17,10,10,17,9,15,9,17,12,12,12,15,15,15,17,9,11,9,17,9,12,11,9,9,17,11,11,11,10,15,10,12,12,9,9,17,12,12,9,17,12,11,11,15,15,12,11,12,17,12,17,11,12,11,17,17,11,17,9,11,9,10,10,12,17,10,12,9,9,9,15,11,11,15,17,9,10,9,12,17,15,17,17,12,10,12,11,11,17,15,9,17,10,9,11,12,15,9,15,12,10,9,10,17,17,15,15,9,9,9,17,10,17,17,9,12,17,17,12,12,11,11,11,11,17,11,17,17,17,17,17,12,9,17,10,17,11,10,10,12,12,11,11,17,12,12,17,17,15,11,17,11,11,9,12,9,17,9,10,9,15,11,9,11,15,10,9,9,9,17,12,11,11,17,15,15,10,10,11,11,17,10,12,9,10,10,10,10,10,15,17,9,11,17,15,12,11,10,10,15,12,10,11,12,12,11,11,11,15,12,17,10,12,17,17,12,10,10,12,17,10,11,17,11,12,17,17,11,12,11,17,9,9,11,17,11,11,15,15,17,17,10,10,17,12,11,15,12,11,11,10,9,12,12,15,10,9,17,15,17,9,17,17,10,17,15,12,12,11,10,10,10,17,17,15,12,17,9,9,15,10,12,15,15,15,17,17,15,11,15,10,12,9,9,10,11,11,9,9,12,15,9,15,9,12,12,10,17,17,10,12,15,9,10,17,11,11,11,17,9,9,11,15,11,11,11,15,12,17,9,10
pred_labels
9,10,15,11,9,12,11,12,17,17,15,17,15,11,10,15,11,15,12,11,12,17,9,10,11,15,10,10,11,15,17,17,15,15,9,17,12,15,12,11,9,11,12,15,10,12,10,9,10,10,10,17,11,12,15,9,11,12,15,17,12,17,17,11,9,15,9,9,17,12,11,17,11,10,9,15,17,17,10,17,11,11,10,17,17,11,11,10,15,15,9,9,12,9,17,15,15,15,10,15,10,9,12,11,10,12,12,9,11,15,9,10,15,12,17,17,15,9,12,17,10,9,15,9,17,17,11,17,11,11,11,17,15,10,10,9,17,15,9,9,17,12,17,9,10,15,10,15,15,17,11,9,17,17,17,10,10,9,17,17,12,9,10,17,9,11,11,15,12,15,17,11,11,9,10,17,15,12,17,17,12,17,17,17,10,9,9,9,9,12,12,17,9,10,17,11,10,9,9,10,17,17,10,10,10,9,11,12,10,15,11,10,9,9,10,12,11,12,9,11,12,12,9,15,10,17,17,9,9,17,17,15,11,17,12,10,9,9,10,15,12,9,11,12,15,15,15,9,15,11,10,10,9,10,10,10,10,11,11,11,11,9,12,17,9,11,15,9,10,10,15,17,17,10,11,15,15,10,12,9,9,11,17,15,11,17,11,12,11,9,15,12,10,15,15,11,12,11,12,10,9,12,17,17,17,11,9,9,9,15,11,10,12,10,15,17,10,17,15,15,11,15,15,15,17,9,10,11,9,17,15,17,17,17,15,11,12,11,12,17,12,11,17,15,11,17,15,12,15,15,11,10,11,10,9,17,17,12,11,12,11,9,11,11,10,11,15,12,17,15,12,12,10,15,17,10,15,17,17,11,9,12,17,17,15,9,17,17,17,12,15,12,11,10,9,17,11,11,10,12,10,11,10,9,17,10,17,17,10,10,10,10,9,12,17,10,9,11,11,9,15,12,9,12,9,9,15,17,10,9,15,11,15,12,17,11,9,10,10,11,11,12,11,9,10,10,9,12,11,10,15,10,15,15,9,15,15,10,11,12,17,10,17,17,17,11,15,9,10,17,10,17,12,11,15,17,9,15,11,10,10,17,12,12,11,10,9,12,10,9,15,15,10,10,15,10,15,10,17,15,15,11,10,15,9,15,10,9,9,10,10,10,10,9,12,9,10,9,12,11,17,17,12,10,11,12,17,11,17,12,11,17,10,12,11,11,10,12,11,10,11,10,12,12,15,11,15,12,12,10,10,12,17,11,15,12,17,10,17,9,11,10,10,9,10,9,15,15,10,12,11,12,15,17,17,9,10,9,9,9,15,15,10,11,10,10,12,9,10,10,17,17,17,11,11,9,12,11,12,10,10,10,11,15,17,11,17,11,10,10,15,17,9,11,9,9,15,9,17,12,11,10,9,17,9,10,9,11,12,10,9,10,15,9,9,11,11,12,11,9,11,10,10,17,11,15,12,17,9,10,9,11,10,15,9,9,9,11,11,15,12,12,12,17,9,17,17,17,10,12,10,11,17,9,17,9,17,12,10,9,15,15,15,17,11,11,9,17,17,12,11,9,9,17,17,11,9,12,10,11,12,17,9,9,9,11,11,17,12,12,11,11,15,15,9,11,12,17,17,17,11,12,9,17,10,17,17,9,15,9,9,12,12,17,12,12,9,9,9,10,11,15,9,15,9,17,9,12,9,12,17,10,12,10,11,11,15,9,9,9,9,9,9,11,12,9,10,17,12,9,11,17,17,15,10,15,9,9,12,9,12,17,12,9,11,9,9,10,11,12,11,9,17,15,11,17,17,12,11,9,11,10,10,15,17,11,10,11,12,9,11,10,11,12,12,17,17,15,17,9,11,10,9,12,9,17,12,10,15,15,11,9,12,9,17,9,9,12,11,12,11,17,17,15,15,17,10,17,12,11,15,9,11,9,10,10,10,10,10,17,9,12,17,15,10,11,10,15,15,17,9,11,12,12,11,11,15,12,10,15,10,17,9,12,15,10,10,17,9,9,17,17,11,12,15,17,11,12,17,10,9,17,11,11,9,11,9,11,9,17,12,17,9,9,11,15,12,10,9,17,15,11,17,15,10,11,9,9,17,9,9,10,11,10,15,12,12,10,10,9,10,17,17,17,9,17,9,9,11,10,12,15,15,17,11,9,9,10,11,10,12,9,17,15,17,17,9,9,9,15,9,15,9,9,11,9,10,10,9,9,10,9,10,11,15,15,10,9,9,9,11,15,11,9,17,15,12,10,9,11
pred_correctness
False,False,True,False,False,True,True,True,True,True,True,False,False,False,True,True,True,True,False,False,True,True,False,False,False,False,True,False,False,True,False,True,True,True,True,True,False,False,False,False,True,True,False,False,False,False,False,True,False,True,True,True,True,False,True,False,False,True,False,False,True,True,False,True,False,True,False,True,True,False,True,False,True,True,True,True,False,False,False,True,True,False,True,False,True,True,True,False,True,True,True,True,True,True,False,True,True,True,True,False,True,True,False,True,False,True,False,True,False,False,True,False,True,True,False,False,False,False,False,True,True,True,False,False,False,True,True,False,True,False,True,False,False,False,False,True,True,True,True,True,True,True,False,False,True,True,False,True,True,False,True,False,False,True,False,False,False,False,True,False,False,False,True,False,True,True,True,False,False,False,True,False,True,True,False,True,True,False,True,True,True,False,False,False,True,True,False,False,False,False,True,False,False,False,False,True,False,False,True,True,False,True,False,True,False,True,False,True,False,False,False,True,False,False,False,False,False,True,False,False,False,True,False,False,True,True,False,False,True,False,True,False,False,True,True,True,False,False,True,False,True,False,True,False,True,True,False,False,False,True,True,False,True,False,True,True,False,False,False,True,True,False,True,True,False,False,False,False,False,True,True,True,True,False,False,False,True,False,False,True,True,True,True,False,True,True,False,False,True,True,True,False,True,True,True,True,False,False,True,False,True,False,False,True,False,True,True,False,False,True,True,False,False,True,False,True,True,True,False,False,True,True,True,False,False,True,True,True,False,False,True,True,False,False,False,False,True,False,True,False,True,True,True,True,True,True,False,True,True,True,False,False,True,True,False,False,True,True,True,True,True,True,True,True,False,True,False,True,False,False,True,True,False,False,True,True,True,False,False,False,True,False,False,True,False,False,True,True,True,False,True,True,False,True,False,True,False,False,False,False,True,True,True,False,True,False,False,False,False,False,True,False,True,True,True,True,False,False,False,True,False,True,True,True,False,False,True,True,True,False,False,False,True,False,True,True,False,False,True,True,False,True,False,False,True,False,False,True,True,False,True,False,True,False,True,True,False,False,True,True,False,False,False,True,False,True,False,False,True,True,False,True,False,False,True,False,True,True,True,False,True,False,True,True,True,True,True,True,True,True,True,False,True,False,False,False,True,True,False,False,True,True,False,False,True,True,True,False,False,True,True,False,True,False,False,True,False,False,True,True,True,True,True,False,True,True,True,True,False,True,True,False,False,False,False,True,True,True,False,True,True,False,True,True,True,True,True,False,True,True,True,False,True,False,True,True,False,True,False,False,True,True,False,False,True,True,False,True,True,False,False,False,True,False,True,True,True,False,False,False,False,False,False,False,True,True,False,False,True,True,True,False,True,True,False,True,False,False,False,True,True,True,False,True,True,True,False,False,False,True,True,True,True,True,True,False,True,False,False,False,True,False,False,False,True,True,True,False,False,True,True,True,False,False,False,True,True,False,False,True,True,False,True,True,True,False,True,True,False,False,True,True,False,True,False,True,False,False,True,True,False,False,False,False,False,False,True,True,False,False,True,False,True,True,False,True,True,True,False,False,True,True,True,True,False,True,True,True,False,True,True,True,True,True,False,True,False,False,False,False,True,False,True,True,False,False,False,False,False,True,True,True,True,True,False,True,True,True,False,True,True,True,False,True,False,False,True,True,False,True,False,False,True,True,False,True,True,True,True,False,True,False,False,False,True,False,True,True,False,False,True,False,True,True,False,True,False,False,False,True,False,False,True,True,True,False,False,False,True,False,False,False,True,False,False,True,True,True,False,False,False,True,False,True,False,False,False,False,False,False,True,False,False,False,True,True,True,False,False,False,False,False,False,False,True,True,True,False,True,False,True,False,False,True,True,True,True,True,False,False,True,False,True,True,True,True,False,True,False,True,True,True,False,False,False,True,True,False,False,True,True,False,True,True,True,False,True,False,False,False,False,False,False,False,True,True,True,True,False,True,True,False,True,True,False,True,True,False,True,False,False,True,True,True,True,True,False,False,False,False,True,False,False,False,False,True,True,False,False,False,False,True,True,True,False,True,True,True,False,False,True,False,True,False,False,True,False,False,False,True,False,False,False,False,True,True,True,False,False,False,False,False,False,True,True,False,False,False,True,True,False,False,False,False,True,True,True,False,True,False,True,True,True,False,False,True,True,True,False,True,True,True,True,False,False,False,False,False,False,True,True,True,False,False,False,False,True,True,False,True,True,True,True,False,False,False,False,False,False,False,False,True,True,False,False,False,False,False,True,True,True,True,True,False,False,True,True,False,True,False
p2d-kl
0.763648271560669
p2d-iter
599
p2d
0.15884063,1.7320384;0.5238898,0.75022304;1.4119295,-1.399701;-0.9941939,1.1304882;1.3066269,-0.58409524;-0.9929693,-0.08789116;-0.026218018,1.2867767;0.6963057,1.0413991;-1.5820978,0.5964747;1.1960207,0.39505526;-1.2777425,0.17984591;-0.868942,0.5466697;0.57831943,-1.0132122;0.27297008,-1.3072287;0.11566751,-1.2626224;-1.1864734,0.2618479;-0.6082844,1.1401533;0.046060182,-0.20140086;-1.0217335,-0.11906121;0.2660277,-0.17143689;-0.9070734,-0.118586555;-2.1330442,1.0079168;0.9958025,0.52841794;1.0006368,-1.7870235;-0.21562424,-0.62603027;-0.9076933,-0.9140105;-0.9091933,-0.84386396;1.5956492,-1.7430049;0.57304263,-0.32402813;1.2580885,-0.5031327;-2.2583106,1.0680745;-2.0997293,1.011979;1.624073,-1.4520572;-0.5865797,-0.9934237;0.54799575,0.22632234;-2.0355494,0.7529099;0.7932274,0.68838;0.46793872,-0.35295978;0.35659882,-0.6563406;-0.7824968,0.6736963;0.92337143,0.99776936;0.8167769,-0.4285936;0.49433815,-0.7250376;0.060048405,-1.0576888;0.28905886,-1.3173023;-0.89482254,-0.124294296;-1.1073511,-0.48543102;0.38310507,0.8590005;1.4963261,-1.7727156;-1.0698295,-0.5488593;-1.8921297,0.49291065;-1.8272372,0.5509303;0.34711555,-1.4082481;0.21211171,-0.45588994;-1.1548053,0.109965086;0.5976425,1.3140063;1.018365,-0.5182145;0.4159534,-0.63394415;-1.143277,-0.037849244;-2.034071,0.9645714;-2.2301805,0.83954316;1.2830447,0.15230991;1.1149535,0.7942578;0.8069757,-0.42623854;0.24954891,1.158728;-1.4917322,1.1292248;0.5267062,0.9516556;1.0072047,-0.80590993;1.0948017,-0.92346835;0.6555961,0.9212897;-0.42708397,-0.09912905;-1.1917865,0.71347815;0.3161094,-0.22422197;0.1991264,-0.70976794;0.34695104,1.4327784;-1.5092045,1.1559103;-0.48653167,0.39607313;-1.256436,0.18695287;-0.30463418,-0.7476538;0.4014847,-0.88349855;-0.6025798,1.1801302;-0.12422396,1.4569873;0.49171978,-1.3774605;-1.665394,0.76179594;-1.3357468,0.3487202;-0.60454744,1.1964221;-1.0275954,1.1508831;0.2995136,-0.71458906;-0.04462151,-0.76042044;0.06000259,-0.26640996;-0.04353635,1.671659;0.3913392,1.4821403;0.9593964,-0.08345624;0.4071479,1.0486838;0.5647142,-0.22939898;-1.5448959,1.1353178;0.059764408,-0.7539745;-0.43328577,-0.9029484;0.77191955,-1.3734083;-0.5633393,-0.5510823;-0.4608552,-0.20447077;-0.15038544,2.0158002;0.8419773,0.7477356;-0.41008297,0.44044736;0.47293875,-1.4375727;-1.7729824,0.7187659;-1.8859475,0.5583638;1.6027585,-1.6458677;0.6074452,-0.32130945;-0.22988132,-1.0056266;0.9562169,0.98270833;1.4855915,-1.6173403;-0.06641061,-0.7942725;-1.0154934,-0.17550296;1.4888036,-1.4969097;-0.9621632,0.69967794;1.3478745,-0.5173504;-0.21449794,2.0057755;1.3647394,-1.2440157;-1.0974163,0.6615424;-0.89853483,-0.63287306;-0.058555257,1.9239044;1.7040774,-1.7388957;0.29543576,1.1857173;1.4030075,-1.5928844;-1.5786763,0.90593624;-0.41673368,0.8288361;-0.77083015,0.48171198;0.8347401,-1.7279327;0.85808647,-0.50289;-0.8796773,1.0230389;-1.7456037,0.4911636;1.5620815,-1.447048;1.4247016,-1.8862524;0.2914456,-1.3663034;0.059077393,0.8693955;1.1756604,0.67815095;0.7548634,-1.2753793;0.28337616,1.4958596;-0.19810587,1.933528;-0.9776595,0.7479183;-1.82085,0.77285945;1.0954547,0.632082;1.3100628,0.57910085;1.3975257,-1.6577321;-0.9493378,-0.90318775;-0.3776559,-0.9634764;-0.4198168,-0.94180554;1.6984557,-1.8383738;0.5409896,-0.23537311;-0.49196628,-0.019936794;-0.17541224,1.8112714;1.0464658,0.827574;1.3611659,0.27465186;-1.6660899,0.40752184;0.87727135,-0.21797718;0.2748691,-1.4639784;0.64073986,0.8254533;1.0228634,-0.93311495;-1.7674454,0.6393871;-2.212013,0.73617566;0.18953153,0.7362623;1.0039781,-0.17090166;0.3816287,-0.8579037;0.006392192,1.8394719;-0.54709035,0.7271907;-1.0199066,1.0941919;-0.09473262,-1.089108;0.7527876,-1.140096;0.63594973,-1.2631712;-1.5456957,0.8993045;-0.9690775,0.8644996;-0.95404774,0.83419186;0.47432235,0.968428;0.76509076,-0.76575243;-1.5686098,0.8814332;-1.1659602,-0.012877825;-1.0499322,-0.4124746;0.87876785,-1.1337066;-0.12928465,-0.3142832;-1.5600103,0.603274;-1.9714028,0.95168835;-2.1458497,0.9469106;0.1300643,-0.8655418;-0.098292075,-0.88593733;0.057542264,0.8851672;0.036363065,1.7388481;1.2465495,-1.8542318;1.5602276,-1.5620629;-0.813927,-0.15723914;-2.191878,0.8487472;-1.2609283,0.3439978;-0.031331256,0.5576521;0.85229576,-0.8437616;-1.1510532,0.5645127;-1.0478427,1.0324646;-0.30309835,-0.96977025;1.1487455,0.12544154;1.5674272,-1.4901282;1.0741744,-1.6361032;-2.2301962,1.0915207;-2.2700512,1.1177837;-0.5937553,-0.82198197;-0.42008886,-0.97281474;-1.2061837,-0.5027341;0.14743485,1.7121227;-0.050363824,0.59203;0.3370775,-0.5226563;1.069373,-1.5793978;1.5443662,-1.899905;-0.085046224,1.3684099;0.25036046,-1.0217888;0.62655556,0.9256787;0.40758556,1.4841125;1.5872123,-1.8914459;-1.9454088,0.53447336;0.2764183,0.24434245;0.6032378,-0.96965545;0.28809074,1.1075602;0.27238294,0.14164345;0.6761639,0.9962511;-1.4864419,0.5504668;1.4737887,-1.3569069;-0.17470086,-1.0450191;0.37455556,-1.2050723;-2.2817163,1.0997418;1.2983011,0.14167555;0.061916284,1.259554;-0.014755628,1.5317265;1.1764889,0.5191854;1.2093326,0.29591537;1.1862264,-0.4422342;-0.9776362,0.9990991;-2.045504,1.0957389;0.99408126,0.4528265;-0.4067581,-0.25733596;-0.14070643,2.0240257;1.4790586,-1.4074117;-0.6261915,-0.7117109;-0.026770357,-0.78567755;-2.2582617,0.8459039;1.4068587,-1.1901534;-0.076502204,0.24239235;0.4222062,-0.6810695;-0.015825368,-0.73331505;-1.5561262,1.1525902;-0.0992269,0.25570115;0.19537061,0.54496974;1.1951172,-0.5155974;1.2679106,-0.73899436;-0.9943128,-0.6159876;-0.61890143,-0.8882552;0.34301507,0.65785176;1.0352488,-1.7581593;-0.813579,-0.6966292;-0.44380108,-0.24367754;-1.8198919,0.5053283;0.88693285,-0.5795819;-0.44959617,1.0089345;-0.68412274,0.83844054;-0.4562843,-0.1563438;1.3593545,-0.9742043;0.66963124,1.0919529;-1.1614676,0.9262652;0.37281796,0.07959882;-0.086832896,1.2639626;1.118324,-0.5082738;0.97951686,-0.4418654;1.0605336,-1.6491083;1.215561,-1.8383186;1.2864883,-0.42459327;-1.305573,0.53457355;-0.58311665,0.44081455;-0.04974902,-1.0962381;-0.09539863,1.4849577;-1.271486,0.37857252;-0.14640467,0.32955024;0.07494129,-1.1803894;-2.1829126,0.8010584;0.3952932,0.9172089;0.93166715,1.0228485;0.91336536,-0.6345756;0.41544044,-0.81965953;1.4684851,-1.3337996;1.0198928,-0.6013261;-1.995321,0.72117484;0.2735401,0.2912404;0.44759,-0.628944;-0.5178948,0.97548944;-0.30631518,2.098608;-1.5099481,1.170085;1.2182759,-1.0869188;0.26335803,-1.4021575;0.01757412,-0.831275;-1.141174,0.25360113;-0.5542663,1.1821969;0.23526606,-0.3969388;0.35484722,0.052517075;0.82676977,0.5445634;0.94573027,-0.2028129;-0.26289016,2.1345408;0.6906697,-0.6504265;-0.7060103,0.564421;-2.0758207,1.0861766;-1.6080989,0.88902843;-0.10113228,1.4154077;0.2873287,1.5964073;0.07067558,1.7991978;-0.16971807,1.928409;1.6348379,-1.5045977;-0.7580334,1.2219669;-0.26846266,-0.6384853;0.06574738,-0.41045573;0.38782048,-1.4174676;-0.92335224,-0.06066873;-1.0624845,0.8096268;-1.7927239,0.43347043;-1.4164014,0.32614818;-0.7870167,-0.93586403;0.6632686,-1.4898311;-0.7754904,1.2197937;0.069414414,0.63764733;-0.07180042,0.8221021;-0.4209979,0.37720945;-0.73597765,-0.5289009;0.57537115,1.3496089;0.86412436,-1.4755509;0.37329438,-0.17924722;0.6359993,0.15153314;1.5314215,-1.7556324;-1.0854425,0.010538368;-1.5651374,0.9306926;1.2944767,0.26230997;-0.99038583,-0.5609006;0.003352311,-0.19214907;-1.0711519,1.0871484;-1.5069079,0.5800874;0.020678537,1.1113063;0.69067645,-1.0406116;-0.9962331,-0.5192686;0.85866857,0.6842087;0.76820546,-0.4317322;-2.0226738,0.85516876;0.74535406,-1.2831757;0.78527504,-1.7125803;-2.172929,1.0664738;-0.20894249,0.35485658;-1.0001768,-0.31203997;0.5617648,-1.2180302;1.2703627,-0.6065015;-0.43453535,-0.13121234;-0.09566577,-0.5402623;-0.31306478,0.06528135;-0.52271014,-0.8066065;0.56201524,0.22352156;1.230092,0.25447708;-1.6693683,0.93566793;-1.5361502,0.59495;0.08048869,-0.52321804;0.59664947,-0.6662048;-0.5679686,1.0658824;-0.28294393,2.0934772;-0.123334855,1.1070498;-0.44954395,0.6352833;0.9435313,-0.71781033;-0.9135409,1.076724;-0.14579177,-1.1063068;-0.9549052,-0.169977;-2.3057284,1.1606997;0.2657411,-0.2642802;-1.7457826,0.6874835;0.8648491,0.73031735;0.34887117,-1.4601071;-0.26554817,-0.45741513;-0.85520285,0.5772473;-0.6985819,-0.68451655;-0.061670616,-1.0312878;1.4210554,-1.0543747;-0.51505023,0.34420374;-0.64369154,0.7643826;0.5353293,1.3702499;0.907851,0.016817477;-1.7146007,0.614556;-1.2228773,0.83649343;-1.1966078,0.062479693;0.07656563,0.813214;1.3957717,-0.80760306;-0.99993867,-0.527732;-0.065648094,-0.7475578;-1.8183463,0.6131378;-0.058756433,0.09620036;-0.92475706,-0.35200328;0.959421,-1.8120669;0.8539904,-0.909179;0.7457565,0.737559;-1.5940497,0.9553055;-0.32240587,-0.24371183;-0.7111623,0.827273;1.1371968,-1.7585746;0.60738844,-0.6791363;-0.41748145,-0.24218255;0.32497972,0.75297654;-0.34296882,-0.6835081;1.6719218,-1.7881864;0.30503264,-0.97733605;-0.8580437,-0.86316997;-1.2600245,0.8138425;-0.9763151,0.6064001;1.3957821,-1.7354087;0.8239605,-1.5399624;0.8889075,-0.24118105;0.9333531,-1.6489086;-0.10916074,1.9615294;0.7093458,0.98871773;-1.7619978,0.56574416;-1.9173111,0.5116555;0.29265818,1.3631498;1.0022882,-0.508579;0.29981452,-0.0676128;1.4082103,-0.8346191;-1.086742,0.03317924;0.9611504,0.40638462;0.91586024,0.9296247;0.75471795,0.6467057;1.3256865,-1.7176162;0.059356973,0.93649745;-0.061830517,0.826974;-1.2463936,0.63906455;0.24210748,-0.72936386;0.924709,-0.26664403;-1.274974,0.32021996;-0.43673116,0.9287749;-0.15658894,-1.0784575;0.2586175,-0.56905615;-2.2559946,0.98164165;-0.46535602,0.9657611;0.23175652,1.1725239;0.94856983,-1.7388378;1.0541595,-1.8261214;0.07387249,-0.51302177;-0.47245744,-0.10661847;-0.91146183,0.23273657;-0.008503255,1.3675982;-0.2051949,1.893391;0.32422686,-1.46832;-0.42189625,-0.28652135;0.6719378,0.8334222;1.1389451,-1.1101726;0.26818782,0.11315067;-0.28494933,0.0075576887;1.319769,-0.5040174;-0.5380172,-0.7194274;-0.13780402,0.13464023;0.5471742,0.036384106;-0.028632289,1.5576038;-1.2752947,0.23813266;-0.48825637,-0.93076605;-0.40871227,-0.753632;0.29300317,-0.68596405;0.7757441,0.49452466;1.0884802,0.70133346;-0.40460572,-0.3389364;-1.9713997,0.7998021;-0.6430538,-0.65395534;-1.0789253,0.6313797;-0.5292987,1.0791181;-0.32525206,-1.0210716;0.34939525,0.6652629;1.4675592,-1.7576264;-1.3876414,0.425369;-1.7729061,0.39364067;1.1530704,0.29623705;1.4088235,0.2983589;0.7890126,-0.5633123;1.5834353,-1.3782657;-1.0061347,0.75719255;0.59675515,1.2519258;0.62326634,-1.0909806;0.21930681,0.039137524;1.4664825,-1.8385019;-0.9800315,-0.9109247;-2.026569,0.9245999;-2.1764433,0.91821927;0.6619088,1.0359807;0.21042113,-0.13937047;-0.49233308,-0.18582208;0.37407652,1.3182521;1.1277285,-1.0697412;-0.45438462,-0.8749689;1.4363462,-1.5537704;-1.5555617,1.1786091;-0.8454125,-0.9472552;0.19693768,-1.0748484;0.90876865,-1.7638977;1.582651,-1.853812;-0.85810554,-0.90151143;-1.2621303,0.09562745;-0.4986304,-0.7966208;-0.662092,-0.6630523;-0.04156661,-0.27343306;-1.5270482,1.1319122;-0.42368084,1.0125442;0.96759355,-1.613858;0.61484474,-1.2336198;1.1313769,-1.4732915;1.3135229,-0.4615708;0.16818582,-1.0911483;1.0439358,-0.877763;1.3057067,-1.4880527;0.28663275,-1.1028934;-1.3058953,-0.5355509;-1.8051796,0.48532906;0.07561086,-1.2553701;0.6971137,0.76870096;0.99706495,-0.025791643;-0.33593962,2.1679788;1.0484439,-1.7341266;0.13374953,0.7259275;0.8397749,0.4860828;0.25838736,-0.028667802;1.2462864,0.226628;-0.5187258,0.51098645;-1.4988877,0.674579;0.8007214,-0.7769538;0.35058397,-0.052070998;-0.89607006,-0.12438837;-2.0673184,0.96675825;-0.39755443,0.40167543;-1.1875306,0.76941955;-2.2450795,0.7911271;-1.0901282,1.1568637;-1.5241413,0.33972797;0.2324994,-1.3555416;0.24975386,-0.6642335;0.8333553,-0.4581648;-0.5452688,1.0525721;0.9921104,-1.6496654;-1.5786427,0.50032365;-0.73592097,0.6893268;0.9908579,-1.887243;-1.0148785,0.9616454;-0.9634908,-0.66636306;0.22483015,-0.545926;-0.015064084,-0.5152929;1.4230555,-1.4250777;-0.46632814,0.9569704;-0.17325717,0.3665257;0.061152473,-0.72764426;-1.0683236,-0.4416277;-1.0596659,-0.4919844;-1.3190684,-0.53236973;0.6447245,0.74557686;-0.10476762,-0.34407005;-0.30350137,-0.2241114;0.4973839,-1.298084;0.8391747,0.6590498;-1.2827246,0.6210878;-0.788116,-0.7589352;1.3780423,-1.5630387;1.0413753,0.6962569;-0.55881506,1.0774158;1.2880615,-1.8399607;0.97004485,-1.7649616;1.3755494,-1.8640927;1.4805338,-1.9447368;-0.15258947,1.7431315;1.2037143,-0.581876;0.7097625,-1.1218755;-1.5350686,0.32985818;-1.1933694,0.2019963;-0.46470293,-0.068155766;0.229634,-0.46033114;-0.19003388,0.3427673;-2.0574646,1.0496938;-0.5945036,0.4068631;0.13864662,1.7399313;1.4853725,-1.6302869;0.58885443,0.8104143;0.48358336,1.3756013;0.49299845,0.7057095;-1.1572752,0.15966547;-1.0073229,-0.89106166;0.40913674,-1.3448339;-0.23609005,0.8488399;1.5135114,-1.8686017;-1.2841527,-0.53706074;0.1528126,-0.551657;0.762199,0.743354;1.1695065,-1.5079086;1.1437259,-1.8450599;1.2206937,0.27162564;-1.9637461,0.9533067;-1.1546078,0.80032545;-0.44219986,0.42672807;-0.010971782,0.7236106;-0.31767887,2.1279144;0.8788301,0.83319867;0.29205066,-0.09508781;0.57153314,1.0512125;-0.12018733,-0.5361879;0.885929,-0.24014503;0.2615583,-0.9873325;0.312114,-1.2896891;1.2662866,-0.49259713;-1.664041,0.9041992;-0.40293387,-0.12821011;-0.77409077,0.44461378;0.21044096,0.016961806;0.00973603,-1.1139346;1.0941777,-1.7357926;-1.2738026,0.41109633;-1.3063784,0.30839115;1.3136328,-0.83779806;-0.4696621,0.62704647;-0.20240597,1.9606726;0.93948513,1.0604762;0.10511689,0.4349893;1.2075392,-1.0603708;1.2243818,-1.4462436;-2.1095414,0.8467105;-0.0617708,1.3161501;1.2128,-1.5249352;0.009602919,1.8570429;1.4000465,-1.0750368;1.1286466,-1.4551685;-1.2431774,-0.53457296;0.8876153,0.048278842;0.33046177,0.91613877;1.0043736,-1.9152126;0.16444789,-1.2965193;-0.15258947,1.7431315;0.5150616,-1.3550464;0.0478176,-1.0281962;0.11687863,0.6130514;0.043847837,0.756683;-0.6400542,1.1882297;-0.25860006,-0.6311781;0.08323613,-0.74521244;-0.6975354,0.6332541;0.5031146,0.94771385;-0.8044039,1.2410238;-0.7474148,-0.51898974;-0.84597164,-0.70846164;0.7558325,-1.664922;0.84256387,-0.5680603;-0.1840674,0.2898795;-1.0574198,-0.076304644;1.1140901,0.6923019;0.1686929,0.9658105;0.8918913,-1.7253388;-0.1614651,1.7648025;-0.15770832,1.1366031;0.3419394,-1.1644256;-0.09202642,-0.29838836;1.660312,-1.540151;-0.27848387,2.1516445;1.3113734,-1.1020023;0.23368151,0.013502554;-0.9549613,0.90504164;-0.08750654,0.17276724;-0.9665686,-0.10539747;0.33792934,1.2184454;1.0223114,-2.0157382;-1.7369812,0.46169934;0.8730023,-0.110482015;1.241079,0.28754973;-0.49764574,0.52335674;-2.1173913,1.0753571;0.7338683,-1.3230364;0.22309911,-0.64705706;-0.960017,-0.6105196;-0.23834656,0.07587558;-1.2734593,0.53564125;1.5037112,-1.3472211;0.5748073,-0.2916907;0.15422878,1.7433115;1.1038487,0.45721927;0.9405494,0.53539526;1.3485416,-1.7512094;0.4628185,1.1579738;1.2765862,-0.37482798;-0.56560147,-0.9950554;-0.08177555,0.13046637;1.5383315,-1.284412;0.79230136,-0.5434889;-0.77386564,0.84985656;0.074457385,1.7374582;1.2203536,0.59596175;1.2280494,0.5299506;-1.5374053,0.535185;-0.39856675,-0.17804897;0.32639813,1.298069;1.2340095,0.41925475;1.3959336,0.29264495;-1.9817282,1.0960717;-0.072055504,1.1459742;0.55431366,1.4039025;0.8024456,0.5523251;0.7541942,-1.3301628;0.8431938,-1.7488956;-2.2246447,0.85335654;-2.223718,1.0603446;1.2865964,0.5750622;-0.11556195,1.7997295;1.332541,-0.13086411;-0.98809713,1.1923509;-1.0358983,0.8929022;1.0654695,0.7637386;0.644715,-0.7890097;-0.9005868,-0.032740157;-0.06925836,1.2946234;-0.45240816,0.6945047;0.4441607,-1.252166;0.6439223,-1.226927;0.7009361,0.5519418;-0.39159974,-0.20547497;-0.9117227,0.21965717;-1.0960263,0.60523415;-1.6403857,0.41505358;1.187745,0.20891401;-0.49856895,-0.0036833354;-0.9654466,-0.35581496;0.35093474,1.1896398;1.2173927,0.5621344;0.44549045,-1.4166236;-0.90305334,0.6490911;-2.257816,1.1331776;1.294823,0.5228662;1.2201598,-0.45578435;0.111813545,0.57638425;0.55370194,1.3312702;0.80374104,0.63001394;-0.85298294,-0.1837953;-1.8537691,0.60906076;-0.91752774,0.26779523;-2.2044373,0.73425967;1.1266022,0.25249043;-0.16901739,1.8937567;-0.14529608,1.8325429;1.5495689,-1.8445538;-0.083998874,1.3285533;0.11830489,-0.16871385;0.17433456,0.9878996;1.3183309,-1.227268;-0.16658954,1.9663007;-2.0205524,0.7367359;0.08868502,1.4270443;1.356321,-1.323458;0.9323221,0.90380573;0.57884896,-1.0346795;-1.9999858,0.6866849;0.128664,-1.2158242;0.31465685,-0.6094588;1.0070325,-1.8568732;0.807097,-1.7570897;-0.96921504,1.1751573;-1.1457508,0.039525874;1.3683258,0.020549716;-0.025426038,1.2222271;-0.11871273,1.8922858;0.8865259,1.1124591;0.3482265,1.4879475;1.1906021,-1.4393257;0.894689,-0.7813221;0.23425476,-0.37518433;0.05869962,0.85423625;0.96163535,-0.15575337;-1.6335281,0.81537545;0.808319,-1.0894479;0.63920313,0.8017961;-0.08685227,1.4041162;0.3023335,-0.89183503;-1.3723075,0.4383812;1.7171488,-1.770583;0.8812693,-0.9309201;-0.13321532,0.18885647;0.019176386,0.81245875;0.11727716,0.5444898;0.8758205,0.49795362;1.2373866,0.18828338;-2.164108,0.67967474;-2.2231486,1.0033889;-1.4549099,0.54670984;0.82236767,0.9528811;0.46875098,-0.10079157;0.9154443,1.0554314;-0.039831493,1.7492075;1.1224599,-1.4993337;0.8332717,-1.7991214;-0.96611375,0.13159104;-1.0502089,1.0623262;0.9792365,-0.7434209;1.0637609,0.54274726;-1.2254007,0.07025144;1.2947067,-0.85527945;-2.105749,0.9791052;1.3485152,0.054512966;1.3481255,-1.6213248;1.0117084,-1.9930311;0.43601644,0.9772178;-0.93800163,1.1255219;0.91099685,-0.31669912;1.0066442,-0.9509666;-0.19465937,0.116569564;-1.2750864,0.58746123;-0.6503864,1.1786121;-0.44132015,-0.738519;0.90824264,-0.51082313;0.8593528,0.048843723;1.2115656,-0.89768815;-0.5194969,1.0519274;-0.46951532,-0.8320937;-0.6830291,0.7280199;0.1355958,-0.3640669;0.6288203,-1.0196928;-1.971648,0.6997836;1.2799177,0.046010405;-0.12556775,-0.805085;-0.4914271,0.2650562;1.2466398,-1.0717175;-0.06307111,1.111399;0.11086472,-1.3116562;0.32186604,1.43348;0.073893555,-0.79100466;0.8902075,-0.11647776;-0.9371701,0.6634236;0.97057503,0.43649095;1.3735988,-1.4345503;1.651812,-1.6700798;-0.032936092,-0.24495228;-0.4249899,-0.16198537;0.058107354,0.72794163;0.8171962,-0.8414701;1.3322768,-0.54420215;1.3681873,-1.5993218;0.16079612,1.7141767;0.39158183,1.4396404;1.0287098,-1.9589012;-0.52327627,0.66066355;-0.853635,-0.38410378;-0.5310208,1.1840836;1.4123273,-0.827806;0.4303411,-0.16654833;-0.9921834,-0.805737;1.6473376,-1.7703131;-1.9750615,0.67901206;-0.5887119,-0.86426425;-0.7336329,0.5492686;0.26975626,1.2149578;1.3216082,-0.8803041;-1.0067896,-0.91461694;1.0271754,-0.10401248;0.017803073,1.2876652;0.93438435,-0.3281135;-0.057446055,-0.5198172;-1.8572426,0.4493142;-1.0245638,-0.59355223;-0.60005677,-0.69773334;-0.123223856,-0.88276196;-1.0504987,0.56750387;-0.26448694,2.118747;0.66445893,-0.6581506;-1.1996862,0.88621545;-1.2062249,0.09942972;-0.95496523,-0.7327334;-0.89959556,1.057586;-0.07018872,-1.1312495;0.66793823,-1.5107938;1.2641919,-0.55568814;-0.14404227,-0.35239467;0.50862503,1.3979208;0.35185623,-0.020705102;0.7853355,-1.1268151;0.8080062,-1.0441599;-0.9030662,1.1399963;-0.47922605,-0.1307247;1.2799567,-0.6965591;1.3648849,-1.2913469;0.0701929,-1.2247673;0.6168094,-1.095834;-0.82663757,-0.87037325;-2.042108,0.83027554;1.3437691,-0.39125812;1.0495558,-1.9953082;-0.22626534,0.29235667;-0.46098027,-0.25693876;-1.1395861,-0.5804359;-1.7456985,0.60366887;1.360773,-1.7068616;1.4940214,-1.7986051;-1.0228788,0.74303246;-0.9209979,0.60993224;-0.3433574,-0.007472772;0.3476525,1.2566361;-0.10057065,-0.33667982;-1.5980153,0.9452277;-0.40448534,0.7683235;-0.73999476,0.04939448;-0.50488293,0.30030566;1.2936907,-1.5494596;0.95926815,1.0233294;1.036793,0.83487666;0.34315306,-0.21138236;-0.67016214,0.70870644;0.022267295,0.6932449;-0.07980735,1.178955;0.07404943,0.6924685;0.40934885,-0.09417069;0.4584541,0.94996303;1.3751744,-0.8952658;-2.195377,0.71527046;-2.0444727,0.72326833;1.0828366,0.056452885;-0.0486839,1.4489098;0.32894453,0.03214772;-0.044909105,0.08413709;0.68439984,-1.0722926;0.25752503,-1.3267037;1.3667314,-0.99878013;-0.64387375,-0.62676084;1.300048,-0.4229016;-0.49811092,0.7394182;-2.0514998,1.1076593;0.01368286,-0.84631604;-0.82358974,-0.80829245;-0.078000896,1.1987064;1.2408196,0.40688547;1.5918769,-1.4964114;0.4068462,-0.16812386;0.53261167,0.7796653;0.89972556,1.0330482;1.3285514,-1.5759631;-0.2682879,0.09904371;-0.35319299,-0.6990822;0.6601892,-1.1835974;0.8514764,0.65152514;0.5395707,-0.6821797;0.9457389,-0.22208261;-1.1782639,-0.45353076;0.8238819,-0.11333843;-0.8670039,-0.8768298;-1.4117446,0.30491203;1.2078582,0.148436;1.4861656,-1.2205528;0.61944586,0.5816304;-1.6139958,0.9299029;1.1755989,-0.15454939;1.6239738,-1.6068289;1.3370953,-0.8954646;-0.33408326,-0.940807;-2.2590814,0.88227224;-1.1760099,0.2803657;-0.0655655,0.158885;-1.0287719,0.6562673;0.39363337,-0.2742261;0.9640128,0.96233976;-0.034439877,1.7358718;1.4866786,-1.884582;-0.30786738,-0.23733509;0.30327702,-0.895415;0.8643095,0.6365191;0.34096304,1.544577;1.4339323,-1.3180488;0.7049298,-1.2507856;0.38049817,-0.31389907;-1.0306283,0.8055156;0.56899184,1.2932066;1.6048051,-1.5769744;0.63405406,0.6142446;0.5740989,-1.0621123;-0.30231538,2.1454842;0.114724256,0.49728736;0.09576324,0.5884167;1.1983116,-1.0307884;0.261928,0.17171828;0.51764727,1.3598452;1.3291644,-1.5846667;0.94556844,-1.7314651;1.6019126,-1.8268352;0.38609537,1.2206744;-0.8407516,-0.89043844;-0.09228692,1.978018;0.90630144,-0.6743669;0.2537042,-0.07113969;0.45820436,-0.34421083;-0.13098478,0.18018913;1.2980545,-1.8510332;1.1790936,-0.13981839;-0.1016845,1.9272547;-0.048077755,1.8587801;-0.91279405,1.0892158;-0.34079644,0.96656203;-0.05394809,0.21150889;0.07917107,1.4384925;-0.65049744,0.5593392;-1.5342336,1.1800686;-1.0216821,-0.09737818;-1.0510031,-0.58789825;0.45340768,0.6775746;-0.42596188,0.67154163
p3d-kl
0.6437073945999146
p3d-iter
599
p3d
-2.4020772,-1.3345693,-0.74408317;-1.3648822,-0.4069632,-0.07448052;0.5379643,-0.105534494,1.6389774;-0.55739456,-0.90842915,-1.3163489;0.74968463,-0.9868171,0.87122536;0.50184035,1.031434,-0.51786745;-1.2234495,-1.4723276,-0.6089594;-1.8101499,-1.2872924,0.026479162;-0.15257525,0.59836453,-1.2612051;-0.7707839,-1.1797397,0.65894306;0.7621419,0.62245,-0.9191992;0.39154103,-0.24136111,-0.78061634;0.06398664,1.5102617,0.6233389;1.1743093,0.9172714,0.9045344;1.1894022,0.7518187,0.69718295;0.38145217,0.62081856,-0.9129167;-0.56408864,-1.4625272,-0.93894047;0.032744955,0.69831085,0.0008840737;0.47047377,1.1618975,-0.5428821;0.4298286,0.050465442,0.073123656;0.42335492,0.9891681,-0.38243443;-1.2253119,-0.0022723658,-1.6471051;-1.2549088,-0.9348804,0.50414973;0.63121134,0.8681948,1.5654324;1.0980158,0.35057873,0.30698344;1.7529327,1.773929,-0.30441445;1.6335611,1.9312367,-0.33391437;0.9339159,0.1272563,2.0051894;0.8934545,-0.20873411,0.42101926;0.73694587,-1.0008099,0.7381334;-1.4440253,-0.23394358,-1.752162;-1.2152603,0.004949536,-1.616464;0.70495623,-0.4339939,1.8654442;1.7872308,1.6736737,0.035231594;-0.010529353,-0.8096579,0.39917424;-0.65096,0.46784833,-1.7762059;-1.5804467,-0.765687,0.27765694;0.8798864,-0.6962669,0.5528897;0.5593908,0.74786705,0.4986863;0.33606166,-0.69489837,-0.79657096;-1.4626608,-1.7925285,0.10831882;0.9993966,0.13306157,0.7502706;0.3110778,0.75906855,0.65070975;1.0539783,1.3193318,0.6791258;1.1542203,0.9214175,0.9141861;0.40889853,0.99129564,-0.37046275;0.9121534,1.8173997,-0.6176078;-1.0243272,-0.83248705,-0.18521799;0.60190386,0.35747755,2.1144526;0.964912,1.9597018,-0.53256994;-0.11548739,0.90806574,-1.6168814;0.0064289025,0.6410322,-1.640634;0.7695305,0.7070869,0.9892551;0.34945765,0.75519323,0.19333671;0.59164876,0.7368037,-0.7698257;-1.7497964,-0.49631676,-0.20640247;0.82747555,-0.4178262,0.75880694;0.5154051,0.65964013,0.56568295;0.7787524,0.8141666,-0.6186165;-0.97011214,0.060831588,-1.6149943;-0.7029717,-0.21055675,-1.8616333;-0.51770955,-0.95190686,0.93604684;-1.1797829,-1.5696639,0.31191024;1.0045528,0.13534024,0.7426832;-1.4478751,-1.4152355,-0.3181567;0.8422942,-0.44965816,-1.7082253;-1.2048887,-1.3568996,0.024349924;0.09899571,0.06597548,1.1050062;-0.1891493,-0.123033114,1.251737;-1.6448796,-0.92778504,0.014550559;1.9472667,0.27467248,-0.13049498;0.036535382,-0.046417616,-1.1760457;0.520977,0.062519744,0.16273667;0.83776355,1.0067477,0.40986905;-1.877589,-0.92172223,-0.5008974;0.8277346,-0.45147827,-1.7196248;0.28977355,-0.2509568,-0.40520197;0.7205124,0.63058364,-0.91625;0.8664288,1.4020191,0.16871867;1.0082452,0.29538327,0.45460328;-0.6180845,-1.3871251,-0.9381784;-1.3705491,-1.3813065,-0.86392784;0.8787972,1.1577792,1.0920889;0.1545271,0.33399266,-1.5635906;0.68766344,0.41271532,-1.1165471;-0.64235693,-1.3834013,-0.9399802;-0.6563189,-0.8714145,-1.2921258;0.771851,0.8237389,0.4928529;0.16314344,1.6735939,0.2540025;0.680679,-1.0946327,0.4484683;-1.9095446,-1.3171539,-0.89463526;-1.9896748,-0.80076605,-0.5067389;-0.46665785,-0.07046956,0.72101295;-1.3234367,-0.99621814,-0.20918314;0.75381744,-0.37866315,0.3544388;0.8221146,-0.44893527,-1.7204792;0.17974983,1.3431816,0.3277709;1.4097599,1.6329297,0.1573865;0.4674773,1.5744877,1.1452127;0.4405641,1.4827048,-0.11699067;1.9958396,0.44831014,-0.049020935;-2.2798924,-0.84740317,-1.2539798;-1.6022016,-0.99149954,0.28099772;0.068207316,-0.26869026,-0.4362039;0.8042382,0.9638823,1.1265191;-0.3950919,0.38772616,-1.4260573;-0.1941761,0.77027106,-1.6021369;0.84331465,-0.054100893,1.9561073;0.8680115,-0.30463332,0.46152624;1.3897728,1.5082475,0.36670476;-1.4428887,-1.7642913,0.13997236;0.54687536,0.11229836,1.7975011;0.25034654,1.739157,0.27935082;0.67694366,1.1307265,-0.5067186;0.39128813,-0.32108295,1.8852215;0.23445809,-0.4601327,-0.96116006;0.667603,-1.1286639,0.82689285;-2.231097,-0.94965506,-1.3212575;0.5261026,-0.380749,1.4911855;0.27739105,-0.18562248,-1.0688548;0.93845224,2.026901,-0.30193672;-2.3190067,-1.0038859,-1.1021276;0.8327249,-0.08071617,2.1656723;-1.6022254,-1.517627,-0.2782512;0.21674685,0.04303476,1.9294481;0.435787,-0.039543554,-1.5811985;-0.191065,-1.2507348,-0.56564385;0.4169954,-0.19343314,-0.65456176;0.86802703,1.1709203,1.4345497;0.7807378,-0.007047272,0.7573854;-0.2763175,-1.0768296,-1.1329093;0.19710201,0.7474422,-1.5504558;0.7195547,-0.31309667,1.7971292;0.96588284,0.44646254,1.9253337;1.0547764,0.8338405,0.9415337;-0.6455374,-1.8562417,-0.19414037;-1.0208246,-1.54988,0.45540407;0.44193065,1.8044866,1.0009553;-1.9307575,-1.0061407,-0.61242616;-2.1402657,-1.0325451,-1.2428064;0.17513531,-0.5106629,-1.022466;-0.45413658,0.20541963,-1.4142537;-1.1964163,-1.3205065,0.5006387;-0.49945265,-1.4050746,0.3309164;0.30286562,0.23148358,1.92743;1.7768677,1.7548339,-0.36600816;1.4475423,1.6132213,0.26067492;1.4764445,1.6463727,0.20367026;0.97798103,0.075732425,2.2217402;0.75222254,-0.33690542,0.342183;1.9615905,0.09357121,-0.2548999;-1.8971591,-1.1319703,-1.1165727;-1.3199127,-1.5676657,0.32571405;-1.0535046,-0.98532075,0.8915838;0.3222462,0.741617,-1.423242;-0.10328861,-0.1257206,0.8207002;0.90546215,0.5235424,0.99262184;-1.5726527,-0.5680995,-0.018162247;-0.2580794,0.0056008366,1.2055223;-0.18376811,0.5333808,-1.4977535;-0.68287545,0.08139818,-1.9524316;-0.6544519,-1.413224,-0.046170183;-0.22147462,0.22766466,0.8320011;1.0032237,0.330794,0.42655966;-2.2598984,-1.0736331,-0.9592026;-0.12048067,-0.8713906,-0.657818;-0.5037807,-0.81876385,-1.286225;1.4204742,1.3363734,0.5034443;0.054539826,1.3845603,0.92028356;0.45815855,1.4991283,0.9553033;0.47047275,-0.01921658,-1.5618293;-0.025677457,-0.7269234,-1.0780495;0.020359946,-0.70784587,-1.0454401;-1.1952674,-1.2169645,-0.057069756;-0.05448339,0.3662094,0.87562853;0.4423226,-0.017862484,-1.5609573;0.7846604,0.7568323,-0.63793;0.80480415,1.6006737,-0.55668324;0.03136579,1.1355668,1.0427717;0.1519538,1.3201959,-0.07789574;-0.17048456,0.59048337,-1.2405028;-0.863895,0.10968459,-1.5537928;-1.0301043,-0.03157718,-1.7229097;-0.15487221,1.7804397,0.31726295;0.66937774,1.5226557,0.32378548;-0.66758794,-1.8732212,-0.1999476;-2.2381816,-1.3643206,-0.8822451;0.8710352,0.6281348,1.7959613;0.9841882,0.040509347,1.7916439;0.33319193,1.1987134,-0.27819395;-0.6671887,-0.1897025,-1.8267825;0.49342337,0.5420273,-1.0581638;-0.2506124,-0.9609145,-0.17240922;0.48382238,0.50791025,1.0351301;0.121672526,0.10417063,-1.0900868;-0.36402795,-0.7188534,-1.2763468;1.4927735,1.4223385,0.29377708;-0.6066622,-0.6012634,0.8351685;0.73485136,-0.27885774,1.8369988;0.47757322,0.60016304,1.5096449;-1.4436667,-0.23367374,-1.7425432;-1.548692,-0.27798188,-1.7358171;1.2529025,1.8862649,0.005272344;1.3778198,1.7367994,0.24318182;1.2639055,1.7528311,-0.66020536;-2.3983538,-1.3352737,-0.74073946;-0.24384987,-1.0751675,-0.21655193;0.18736967,0.6735793,0.3901445;0.35451216,0.5430401,1.4532119;1.0569533,0.3609587,2.0394886;-1.2817172,-1.4303181,-0.74059606;0.87175447,1.5853676,0.5768658;-1.6430224,-0.8649019,-0.062834114;-2.0144246,-0.791028,-0.50049335;0.9972457,0.40474346,2.1217096;-0.24966037,0.8848958,-1.6291487;-0.27858114,-0.61683506,-0.075538896;0.023166265,1.3322918,0.63577086;-1.3509132,-1.3497688,-0.23964216;-0.0964879,-0.42006963,-0.0112817455;-1.773299,-1.1616064,0.060407095;-0.040446926,0.66478664,-1.1389741;0.57138014,-0.36173072,1.6521835;1.4312853,1.4535604,0.43956313;0.98000526,1.4587611,0.82207805;-1.5348403,-0.27477154,-1.740344;-0.53678566,-0.9424992,0.95676965;-1.3461123,-1.5427648,-0.49624684;-1.7078732,-1.3084354,-0.7771958;-0.89901245,-1.322913,0.5733962;-0.7157555,-1.0146015,0.76633036;0.7607835,-0.90585715,0.60154897;-0.27581403,-0.8309746,-1.1788508;-0.9264083,-0.36116835,-1.6181544;-1.1962465,-0.7869488,0.57500565;1.9395051,0.5005653,0.030797912;-2.290435,-0.83721316,-1.2550522;0.58099127,-0.27162904,1.7093964;0.88605386,1.9608307,-0.04584125;0.13620095,1.6986364,0.30940467;-0.7707326,-0.20755057,-1.8754122;0.5273074,-0.5373006,1.4911147;-0.28227678,0.08015329,-0.25064942;0.44403103,0.74722475,0.5668191;0.14733118,1.5538715,0.22638413;0.82301384,-0.4514543,-1.7219756;-0.30104733,0.09007078,-0.28178;-0.4257669,-1.382764,0.2442343;0.8997195,-0.96241516,0.67193526;0.8114183,-0.8038665,1.0395311;0.96169174,2.035183,-0.42211545;1.4793906,1.8300146,-0.015421919;-0.8080551,-0.5270196,-0.090279154;0.844426,0.81239027,1.5779682;1.1199954,1.8651333,-0.23214805;1.9513497,0.50210345,0.014984039;0.09805902,0.7562567,-1.6353654;0.60505915,0.019117882,0.8208728;-0.28448054,-1.5511534,-0.69342315;0.028073005,-1.103237,-0.815453;2.0097086,0.27214512,-0.06826515;0.39715078,-0.92456436,1.3272133;-1.9236104,-1.3617201,-0.045904152;-0.2199211,-0.46738774,-1.3072525;0.05258099,-0.49942705,0.1325691;-1.1146789,-1.3801272,-0.6301423;0.85167265,-0.7042992,0.64636755;0.51297444,-0.18840949,0.89709854;0.53164786,0.5768428,1.4970669;0.83934474,0.7039103,1.8076302;0.57388556,-1.1360693,0.66737664;0.6504833,0.092717044,-1.1739657;0.42745754,-0.34084615,-0.4892089;1.3669897,1.3815501,0.54565704;-1.4778706,-1.3553832,-0.841608;0.5233096,0.4975058,-1.0919356;-0.45689368,0.29185793,-0.41824052;1.1467342,0.9407866,0.6115377;-0.8102672,-0.008961175,-1.8718253;-1.0937535,-0.9728187,-0.17009789;-1.4802948,-1.8159453,0.08623192;0.5851378,0.09769485,0.9118514;0.15619162,0.29993775,0.5059147;0.5463534,-0.38885143,1.6486721;0.81655985,-0.33190116,0.6405198;-0.55227566,0.51705873,-1.7661961;-0.32394722,-0.75703055,-0.114414655;0.40870118,0.6208975,0.5737107;-0.15658474,-1.4693009,-0.75525004;-2.168939,-0.71025,-1.4882704;0.82894766,-0.45381528,-1.7205259;0.28047755,-0.49952808,1.3348026;0.9312631,0.6879732,0.9064873;0.31183758,1.5065045,0.35721707;0.45459306,0.513682,-0.8623247;-0.5976166,-1.3528265,-0.86899537;0.31154642,0.57295465,0.18084085;0.11938035,-0.4492241,0.111937985;-1.5740949,-0.52077013,0.4221355;-0.16892824,0.06013919,0.7858859;-2.1670542,-0.7010992,-1.4934819;-0.17248344,0.5703548,0.65398914;0.30589515,-0.4643095,-0.6579333;-0.9440154,-0.30939698,-1.6546545;0.3975652,-0.0039560962,-1.5973164;-1.3417461,-1.423554,-0.796526;-2.116965,-0.87904996,-0.7292309;-2.3340616,-1.1833286,-0.8686384;-2.1659226,-1.0781758,-1.2351253;0.7070346,-0.33288062,1.9329464;-0.8293521,-1.2452003,-1.1158861;1.1760311,0.50775594,0.24760012;0.7615208,0.66215575,-0.13872541;0.71339667,0.8063203,0.97290057;0.56857,0.8812368,-0.43647537;0.085662074,-0.50489575,-1.1361182;0.095060706,0.9263922,-1.5269762;0.7888877,0.5382218,-1.2333534;1.7201642,1.6587067,-0.17763482;1.0374424,1.4028883,1.2224697;-0.8270293,-1.2301465,-1.1290194;-0.27889585,-1.4498998,-0.0743382;-0.3554819,-1.9247843,-0.2901209;0.14407495,-0.14840586,-0.39479473;1.0052004,1.3840361,-0.17774211;-1.8138081,-0.5244694,-0.25320202;0.4900346,1.3610675,1.2615021;0.59193456,-0.124265596,0.17451432;0.38026434,-1.1649027,0.53474504;0.6058339,0.25361267,2.1568322;0.55548584,0.8452569,-0.6493138;0.41405156,-0.058931276,-1.5842007;-0.7649089,-1.1113089,0.8637826;0.7902857,2.099489,-0.48015538;0.041022707,0.75892866,-0.03396957;-0.48050705,-0.71799916,-1.3262488;-0.09953159,0.6180909,-1.180324;-0.95979255,-1.1731632,-0.3911657;0.014046986,1.3338865,0.76611406;0.77774704,1.9248133,-0.48718438;-1.7202191,-0.87608594,0.3043504;1.0671483,0.27605724,0.7419485;-0.7434107,0.21366191,-1.6809407;0.43729967,1.7696162,1.0082974;0.91079235,1.2364913,1.3732997;-1.3087993,-0.17775466,-1.6783307;-0.4164712,0.31366917,-0.48205513;0.85034543,1.3535811,-0.52613574;0.50191945,1.2834773,0.90705067;0.80790585,-0.9172115,0.8771901;1.9827585,0.26134735,-0.08821433;1.1214323,0.8395064,0.13344838;1.499261,0.19443223,-0.24235776;1.1681049,1.7014635,0.027319709;-0.0030142246,-0.83232135,0.41990817;-0.6932929,-1.0012977,0.80314;0.23591582,-0.14775677,-1.5950583;-0.14874068,0.5988877,-1.2201654;1.0352618,0.5445292,0.07493418;0.080579616,0.57375073,0.61695457;-0.34130886,-1.6273825,-0.8656157;-2.17438,-0.7180176,-1.4808968;-0.7201646,-1.2825522,-0.50729376;-0.08036296,-0.77929825,-0.4796715;0.38575423,0.14324743,0.9836826;-0.39094946,-1.0736319,-1.2026166;1.5856738,1.2996769,0.46777952;0.5168098,1.1596105,-0.43166175;-1.7007484,-0.36842182,-1.7030239;0.33519074,0.31307188,0.13496977;-0.3152286,0.46942487,-1.4103653;-1.6997631,-0.99009997,0.2743063;0.67941415,0.5725859,1.0181167;0.43495286,0.7699095,-0.024599643;0.37196383,-0.29972297,-0.7862599;0.8780377,2.0068192,-0.14696391;1.6035628,1.2694577,0.563556;0.5890643,-0.8369153,1.4301429;0.44351596,-0.21305735,-0.33322322;0.32000512,-1.1271105,-0.72267437;-1.8676826,-0.5781332,-0.30325198;-0.74563664,-0.1426356,0.58228976;-0.11275201,0.5093991,-1.4625908;-0.015031733,-0.28716335,-1.3131317;0.7616601,0.6790144,-0.7600269;-0.5540653,-1.7472346,-0.15801382;0.41787115,-1.0471796,1.1311347;0.7611605,1.9910178,-0.4985963;0.10301154,1.7302444,0.25127193;-0.21170928,0.6703929,-1.5542091;-0.24507768,0.40263867,-0.12513714;1.0359386,1.2894695,-0.43952227;0.6002819,0.94540215,1.5555085;0.27303427,0.54859734,1.1239573;-1.3307531,-0.7803028,0.21957415;0.42805934,-0.0718266,-1.6158063;1.6323565,0.48602444,0.04017894;0.04004089,-1.0316086,-0.831485;0.6868405,0.64174116,1.660381;0.08861773,0.60035396,0.6403607;1.9356298,0.49902013,0.018263834;-0.7912101,-0.7113126,-0.1954211;1.1031723,1.2222928,0.07794806;0.9261722,0.026666585,2.150891;0.69616115,1.6712012,0.5469831;1.6520526,1.8560692,-0.24607188;0.048703697,-0.19146535,-1.3396039;0.33029205,-0.256624,-0.91082156;0.42254162,0.40167388,1.9759699;0.59607184,1.3516442,1.3114092;-0.083364315,-0.089920916,0.84207356;0.7561053,0.7102884,1.3380407;-2.2373786,-0.8995139,-1.1605136;-1.7287818,-1.2178562,0.051098052;-0.0042203106,0.6068324,-1.5303469;-0.17470181,0.89120144,-1.6391237;-1.6207162,-0.9718437,-0.46046203;0.8150212,-0.40600795,0.7441704;0.1837872,-0.14191163,0.119511686;0.38630885,-1.0305909,1.1419034;0.52619237,0.79766315,-0.65443605;-1.1850865,-0.64361316,0.5956199;-1.3659159,-1.5763439,0.15921773;-1.7155713,-0.58047366,0.27105525;0.33395535,0.48219445,1.9265971;-0.7871696,-1.9352529,-0.22985457;-0.3711683,-1.931536,-0.28036717;0.38576177,-0.06633317,-1.2208552;0.88829786,0.9191007,0.48961967;-0.017555159,-0.07970109,0.778913;0.60460764,0.5162693,-1.0479875;-0.14736463,-1.5237888,-0.639167;1.5132853,1.3733523,0.44439483;0.4885735,0.7973831,0.32732648;-1.2180523,-0.082891375,-1.853685;-0.19780606,-1.5090966,-0.68778664;-1.4554311,-1.4609252,-0.33414268;0.73417085,0.9053721,1.4693772;0.8939314,0.9657693,1.6375227;1.0310335,0.543055,0.06634695;1.9971411,0.23567118,-0.13138561;0.26938665,1.5147258,-0.82668406;-1.3719491,-1.6406898,-0.6879576;-2.0551703,-1.0814214,-1.2243863;0.75985146,0.5533737,1.0292171;1.9329547,0.5504594,0.051620636;-1.5904127,-0.5997028,-0.005619259;0.1359178,-0.39787024,1.3406763;-0.032060686,-0.36277667,-0.0015318453;1.5105315,0.3549013,-0.18604277;0.6899899,-1.1093735,0.7904367;0.8011616,1.8914323,0.1129907;-0.24962203,0.40726545,-0.23442847;0.53965116,-0.81774783,0.46330246;-1.7385597,-1.2949122,-0.81058604;0.6925465,0.590087,-0.96974593;1.4639728,1.7644888,0.13713482;1.1353226,1.4276558,0.05130403;0.8544549,0.71798337,0.45548233;-1.3074516,-0.42139065,0.4067623;-1.1191972,-1.3690524,0.41704702;1.8562399,0.6944356,0.11822659;-0.53434175,0.27931932,-1.6769634;0.75080204,2.0199218,-0.07947414;0.32939336,-0.15710822,-1.0404247;-0.34119055,-1.5974025,-0.8481568;1.645221,1.3876559,0.2759893;-0.8295361,-0.5287151,-0.094007626;0.54613227,0.34417266,2.08116;0.6043219,0.34970492,-1.2695842;0.14355884,1.018799,-1.4864993;-0.77823824,-0.8824842,0.70878375;-1.1932945,-0.9065216,0.8802849;0.5522038,-0.13349119,0.6248364;0.91315216,-0.34833178,1.713396;0.16749203,-0.49268204,-1.0453697;-1.6754475,-0.5234157,-0.12566352;0.11451596,1.5809268,0.732933;0.26061004,-0.27209488,-0.06900314;0.77360845,0.48499176,2.030667;1.8059957,1.7477983,-0.40552285;-1.0013977,0.21245143,-1.6200271;-0.9359924,-0.1099303,-1.7758018;-1.8220524,-1.2398283,0.009399458;0.29310954,0.114363566,0.032523535;2.0046709,0.44039547,-0.09530477;-1.8301715,-1.0990504,-0.35214767;0.2816562,-0.3705438,1.2833159;1.3871036,1.6106635,0.11036771;0.29888737,-0.07928973,1.9187015;0.8246332,-0.45794296,-1.7268188;1.7918574,1.7254213,-0.22422667;1.0841224,1.5837455,0.60490406;0.79692966,1.012643,1.4648589;0.97705096,0.31750757,2.1045942;1.6753495,1.8326601,-0.24230395;0.86832124,0.68248403,-0.8251745;1.212837,1.6617837,0.002697979;0.7714938,2.0190907,-0.09545249;0.07441687,1.1257021,-0.003442465;0.826417,-0.45159483,-1.7206326;-0.34127104,-1.5094255,-0.65891206;0.64309716,0.63770443,1.332342;0.39091495,1.3899622,0.9369378;0.14790533,0.31421784,1.5057006;0.6265545,-1.1321404,0.7283517;1.2133132,1.70972,0.619656;-0.16974735,-0.0509053,1.1712266;0.04982231,-0.010536947,1.7430502;0.9553412,1.5433848,0.7186364;1.3792857,1.944544,-0.76172465;0.17138773,0.7814659,-1.6315134;1.262193,0.7711607,0.6657253;-1.3509278,-0.7002565,0.1193317;-0.61129093,-0.18704608,0.7367141;-2.1230378,-0.6382729,-1.5506411;0.8164351,0.7155414,1.5681205;-0.515809,-1.3995544,-0.1453375;-1.4068848,-0.48910663,0.46345133;0.23076287,-0.15345414,0.026518831;-0.66316766,-0.9713746,0.8420113;0.26142585,-0.58151996,-0.4122971;-0.31895024,0.2976472,-1.2602426;0.018407471,0.36320433,0.9377831;0.32105762,-0.27613968,0.13031198;0.4126976,0.99261814,-0.37175292;-1.0914595,0.09022049,-1.6209562;0.12388902,-0.24352984,-0.370143;0.108076766,-0.23923396,-1.22989;-0.81087834,-0.07034761,-1.920298;-0.6904781,-0.70813453,-1.4071966;0.62534255,0.68853676,-1.3517939;1.0843159,0.76485234,0.87782234;0.78167593,0.8328538,0.39830133;0.90765023,0.07390761,0.75277495;-0.32841626,-1.621053,-0.84908617;0.65322375,0.65600485,1.4062043;-0.06690186,0.91699636,-1.2485003;0.314363,-0.80442405,-0.7598058;0.60824037,1.0808774,1.6823758;-0.20046729,-0.7280819,-1.18991;1.0516165,1.812781,-0.4015443;0.57519984,0.7354765,0.2833035;0.91108376,0.830864,0.14072587;0.57955265,-0.06169522,1.6750895;-0.1829427,-1.5100365,-0.68533576;-0.46105582,0.306079,-0.47550654;0.15649971,1.3365242,0.29619527;0.7980242,1.6961728,-0.5908647;0.8848929,1.8102959,-0.5527214;1.3846556,1.9535623,-0.773842;-1.6214728,-0.58071643,0.11165007;0.12394072,1.3771063,-0.020200621;1.5748899,0.47064003,0.021876171;0.82056254,1.3257906,0.9823206;-1.6731739,-0.8091093,0.32805213;0.46055967,-0.015219464,-1.2578381;1.2597152,1.8283321,-0.17685911;0.15266636,0.038398743,1.8961263;-1.0884392,-1.2120216,0.36987638;-0.34373122,-1.6265665,-0.86572564;0.8609509,0.58208454,1.8348478;0.7948001,0.9203213,1.5305605;0.9793089,0.24366242,1.8473439;1.0502489,0.6177337,2.0090656;-1.7961818,-1.191199,-1.0464568;0.85389996,-0.7853701,0.79145616;0.12316793,1.3737475,0.8801527;0.6194056,0.72760093,-1.3558211;0.36767864,0.80271894,-0.94472206;1.9642953,0.18860507,-0.18146771;0.3626425,0.71660644,0.2130172;-0.4203563,0.32355273,-0.4676335;-1.0124226,-0.24050671,-1.6180081;0.46550223,-0.30456725,-0.48564112;-2.4017467,-1.3328236,-0.75200886;0.60242903,0.14640051,1.7866181;-1.5276308,-0.54358745,-0.04700935;-1.8674164,-0.6545068,-0.33625823;-1.18228,-0.41042465,-0.045933228;0.48246515,0.7325338,-0.8213495;1.8124902,1.6946034,-0.4231302;1.0243366,1.0587231,1.0397886;-0.33753592,-1.4150882,-0.4351844;0.9307714,0.4458184,2.0469499;1.3680917,1.9266566,-0.74278337;0.77380997,0.7424186,0.21657743;-1.3424681,-0.8234184,0.23047334;0.12182861,0.32524556,1.5733815;0.87623465,0.81973857,1.7377512;-0.7194271,-1.0085368,0.78877723;-0.85206544,0.1056772,-1.5445142;0.06300252,-0.3323679,-1.2223036;0.1446556,-0.21786468,-0.45931196;-0.37780175,-1.430029,-0.2856302;-2.1569436,-0.6843503,-1.5081884;-1.6345911,-1.2402853,0.22576644;0.07390541,-0.038893428,0.16493073;-1.6578571,-1.2126602,-0.07690667;1.2068926,0.8096099,0.14752595;-0.082519196,-0.09382051,0.83900964;-0.48714164,0.10291647,0.9716892;1.1978586,1.0123805,0.9215001;0.71906775,-1.0110583,0.74096864;0.22449982,-0.09732346,-1.5733227;1.9409878,0.27814952,-0.09102577;0.46136034,-0.080990046,-0.6380234;0.31239554,-0.25610077,-0.07388378;1.2404729,1.3305353,0.566058;0.73374575,0.6561295,1.6079799;0.47479722,0.48350117,-1.1361058;0.68588924,0.44592017,-1.0562818;0.6533751,-0.8479238,1.1596982;-0.07243557,-0.7396585,-0.47711676;-2.179431,-1.024237,-1.2690673;-1.5056753,-1.8448095,0.053704396;-0.016739031,-1.3946248,0.18766029;0.24909665,-0.5039812,1.2987303;0.018974248,0.1315782,1.6071312;-0.674782,0.020126252,-1.7238623;-1.2033517,-1.4408394,-0.66761905;0.17196228,0.28338966,1.6459521;-2.2573025,-1.0277454,-0.9604758;0.5208988,-0.820063,1.4478073;0.12320348,0.29006776,1.4898065;1.3623459,1.8587167,-0.6912994;-0.8292578,-0.17520285,0.5320137;-0.8463129,-0.9751908,-0.27417153;0.51388824,1.0934877,1.704284;1.1504796,0.7309134,0.75616026;-1.7961818,-1.191199,-1.0464568;0.8430691,1.24649,1.0753044;1.0252416,1.3223124,0.6688293;-0.30408168,-1.4564166,0.0038502451;-0.46728382,-1.5281413,-0.22198464;-0.6451376,-1.3819782,-0.9729504;1.1721705,0.4766753,0.24976444;0.22508441,1.3109138,0.31801486;0.32388902,-0.6834829,-0.6783696;-1.2049187,-1.2347301,-0.0047385744;-0.88782156,-1.1948434,-1.1601998;1.0266291,1.3607314,-0.19774139;1.1594236,1.9361882,-0.2637329;0.82394034,1.4545264,1.4302328;0.6471852,-0.13742094,0.681543;-0.37909424,0.31369424,-0.40550247;0.43078288,1.0958475,-0.60054165;-1.1417098,-1.4267455,0.433787;-1.1341248,-1.8607658,-0.10334095;0.7486446,1.07846,1.464658;-1.8189648,-1.1752952,-1.0630034;-0.72409225,-1.2920146,-0.58718693;1.0646915,1.4992429,0.8298289;0.15401427,1.2975057,-0.040295288;0.966933,-0.2711252,1.8681458;-2.1623356,-0.69398254,-1.5001166;-0.02375255,-0.7237515,1.3038175;0.33114862,-0.27181584,-0.0678515;-0.09234886,-0.78502005,-1.0904291;-0.2663552,0.2646861,-0.20670184;0.49399835,1.0198276,-0.47900242;-1.7493898,-1.4175887,-0.25413975;0.24609756,1.1532763,1.7401199;0.19428502,0.83416504,-1.5105547;-0.22390485,-0.20119245,0.6554039;-0.69614774,-1.0407763,0.78953373;0.23110905,-0.6369545,-0.37854192;-1.0800356,-0.27606025,-1.6684908;0.41780204,1.6563407,1.0588144;0.7593382,0.846796,0.38165873;0.94280833,2.0335293,-0.3923902;0.02626554,0.22938511,-0.26414445;0.5465927,0.12834941,-1.1689081;0.61227566,-0.41997966,1.6729239;0.85966146,-0.2787961,0.39780518;-2.4038186,-1.3312647,-0.7462188;-1.1075569,-1.0688349,0.65768015;-1.3519763,-0.82063013,0.46969402;0.43368617,0.48778895,1.9347633;-1.6200475,-0.9330431,-0.19905886;0.47792414,-1.1492178,0.5845855;1.7699618,1.6623118,0.06802112;-0.2613982,0.35361937,-0.16430625;0.66991526,-0.63020366,1.664045;0.56859356,-0.17276318,0.6086374;-0.05793492,-0.9296705,-0.88254094;-2.3068488,-1.3583653,-0.84266365;-0.76187074,-1.5311625,0.5082691;-0.7991201,-1.352762,0.500168;-0.10731324,0.7699758,-1.1952672;1.9350628,0.31330204,-0.01587873;-1.7797965,-1.2267826,-0.36713907;-0.652087,-1.2163829,0.6295772;-1.1548127,-0.9256478,0.88231355;-0.8138186,-0.45430234,-1.5335343;-0.8947091,-1.2631321,-0.50102866;-1.8486524,-0.54609805,-0.33106238;-1.6022545,-0.49391726,0.40363136;0.4237681,1.6714891,1.0763781;0.871221,1.1834241,1.4601753;-0.7158002,-0.21633995,-1.8546739;-1.3739009,-0.22435243,-1.7483519;-0.5865039,-1.4102932,0.38544825;-1.9663088,-1.1913625,-1.0694951;0.09237927,-1.0611932,0.9735461;-0.68967193,-0.9784173,-1.3294837;-0.070449464,-0.6414091,-1.1663129;-1.2237933,-1.4759477,0.36039224;-0.04902093,0.86734325,0.7525571;0.58263135,0.7878382,-0.4189189;-1.1898416,-1.4252244,-0.65027046;-0.23065005,-0.8420616,-0.50682855;0.8929185,1.3816831,0.8953386;0.3810893,1.476923,0.9351078;-1.1820478,-0.55232644,0.29005006;1.9216164,0.3412353,0.024922179;0.29277295,1.5136592,-0.8118799;0.39114627,-0.09667121,-1.044859;0.37101978,0.6178564,-1.4403131;-0.7379219,-0.811992,0.8254551;1.9609165,0.069025844,-0.27330676;1.0497391,1.3813189,-0.52071;-1.7321491,-1.5935402,-0.22097555;-0.754974,-1.4585685,0.53148663;0.71525234,0.95076144,1.0538545;0.28295824,-0.41847175,-0.87230784;-1.5634223,-0.28795755,-1.7307243;-0.5485889,-1.3741537,0.45322433;0.70965886,-0.9533636,0.6532799;-0.24824142,-1.4324465,0.031797383;-1.8207965,-0.5236439,-0.25187472;-1.7211629,-0.70271224,0.3215765;0.43872812,0.92657727,-0.251751;-0.04508385,0.5306322,-1.6314217;0.22765164,1.4996972,-0.85362726;-0.6776496,0.08543325,-1.9522203;-0.83989817,-0.7478947,0.7344252;-2.117114,-1.1163394,-1.205494;-1.979539,-1.1274682,-1.1132746;0.93935126,0.35022977,2.0708783;-1.223097,-1.4282533,-0.6849405;0.05106662,0.4504035,0.04173369;-1.179788,-1.8609841,-0.12049172;0.31965643,-0.4182976,1.5536673;-2.2351213,-1.015741,-1.2511055;-0.6205477,0.4948739,-1.7755636;-1.6798693,-1.366565,-0.6136413;0.7625511,-0.24174745,1.5274419;-1.3597093,-1.5405985,0.18671086;0.07164646,1.5385177,0.63319457;-0.49403295,0.53326404,-1.7585787;1.1247913,0.8000914,0.67077297;0.5163496,0.7328895,0.4092988;0.6961085,1.0378995,1.6565859;0.9358628,1.2232811,1.4388196;-0.64976984,-0.9977651,-1.3132176;0.65928566,0.73622817,-0.6932475;-0.28242645,-0.8964369,1.1232681;-1.0802231,-1.483981,-0.5391414;-2.1491606,-1.0227532,-1.1358962;-1.5758342,-1.834723,-0.0658822;-1.9998798,-0.89425766,-0.53965694;0.025877627,0.1706051,1.5580078;0.60320246,0.43938977,1.0128199;0.31042007,0.5401729,0.16098794;-0.62304145,-1.8374859,-0.19020367;-0.33611727,0.026613561,0.80713046;0.23692031,0.1842601,-1.5657861;-0.015640924,1.1897856,0.9296936;-1.5932134,-0.62328315,0.028047822;-1.3358239,-1.4308364,-0.7808808;0.74598426,1.4046988,0.49756837;0.58968544,0.32828328,-1.267872;0.87607217,-0.056355752,2.189286;0.20941064,0.499558,1.1863811;-0.32739106,0.33699676,-0.24742484;-0.47648504,-1.7744474,-0.2037198;-0.20084316,-1.4390832,0.07506368;-1.3730216,-0.5983763,0.4735819;-0.5437248,-0.9253726,0.8441251;-0.57031614,0.19326061,-1.9535329;-1.2237775,-0.14637734,-1.8000253;0.042443108,0.61695427,-1.125197;-1.3708588,-1.4365577,0.0851964;0.3922335,-0.27026644,0.32817018;-1.4947321,-1.8405904,0.054849904;-2.0907233,-1.3430907,-0.9671519;0.1732127,0.3579824,1.5026815;0.97637445,1.1865513,1.5174372;0.4951241,1.4165145,-0.686323;-0.42376503,-0.7332442,-1.2969481;0.28911632,0.08457339,1.0200791;-1.2197616,-1.1058296,0.57189184;0.8125992,0.69480604,-0.7724477;0.7061369,-0.81975955,1.1804613;-1.1822686,0.05932572,-1.6450273;-0.37659472,-0.8873982,1.0830886;0.091359764,0.12078307,1.9336619;0.2797154,1.1429559,1.733095;-1.2070407,-1.1627737,-0.115827926;-0.50790465,-1.0535027,-1.2528105;0.1623415,-0.014476121,0.8429634;-0.23297827,0.07565511,1.222741;-0.15658118,0.45624396,-0.30036896;0.48771578,0.051763352,-1.2227484;-0.63728374,-1.3802171,-0.9806865;1.1419272,1.4117628,-0.026159696;0.7333871,-0.088922404,0.7902088;-0.84511733,-0.16293459,0.5186425;0.5659919,-0.595364,1.1632427;-0.31663862,-1.6073682,-0.83158743;1.2556956,1.6171712,0.06663686;0.26809272,-0.9600088,-0.73421395;0.56051254,0.5930258,-0.12612978;0.06663492,1.4171938,0.6753199;-0.481568,0.5377803,-1.7572575;-0.42915538,-0.6588927,1.0702634;0.47879001,1.8194405,0.25076923;0.544381,-0.072780654,-0.22414754;0.14014015,-0.5322905,1.3217624;-0.8379715,-1.2025195,-0.45569953;1.140365,0.5100837,0.7441847;-1.939528,-1.0453622,-0.49409586;0.28360996,1.3919896,0.34365892;-0.24675615,-0.18347622,0.6828269;0.27525717,-0.42136645,-0.9087775;-1.2108073,-0.7115047,0.57771057;0.49884745,0.036135904,1.6666887;0.8559547,-0.13260551,2.0213609;0.068388104,1.0156245,-0.023440918;1.9692085,0.28371984,-0.055238176;-0.41241136,-1.5058266,-0.18762732;0.20120868,0.4841003,1.030923;0.63339156,-1.081352,0.8349047;0.15599534,0.11164349,1.90095;-2.401939,-1.339595,-0.7388757;-1.9776162,-0.8662427,-0.47417665;0.3422976,1.1000444,1.7141373;-0.060824476,-0.7417891,-0.56991845;1.0156237,1.2115896,-0.30874768;-0.59902805,-1.326841,-0.8344401;0.3861034,-1.0467094,1.1383967;0.6373506,-0.2607248,0.19200115;1.5560291,1.581167,-0.39872447;0.98171884,0.020721179,2.0996327;-0.46299338,0.53968537,-1.7519339;1.3786627,1.8662696,0.015394886;0.27503914,-0.3942731,-0.68042207;-1.621129,-1.4945049,-0.3167819;0.6278495,-0.8481073,1.2108457;1.8257788,1.7331967,-0.43165088;-0.48185277,-0.10730822,0.78974164;-1.3067157,-1.4882236,-0.5616132;0.19217029,-0.016304629,0.86774915;1.0359967,0.8808674,0.13399252;-0.01086293,0.963641,-1.5791054;0.936498,2.0423136,-0.47048926;0.8210253,1.9778728,-0.0063874675;0.69764614,1.529814,0.2960064;0.344127,-0.06595836,-0.96579766;-2.1685393,-0.70377505,-1.4909338;-0.08043238,0.5835943,0.6484339;-0.16733128,-0.31262797,-1.3084704;0.7446315,0.70315564,-0.7881482;1.2539624,1.61436,-0.3739491;-0.35299185,-1.0779366,-1.1827224;1.4074934,1.2235594,0.5346438;1.0094643,1.3665283,1.2499944;0.78868043,-0.9417661,0.8196997;0.119227484,1.3718307,-0.076060094;-1.8909202,-0.6072615,-0.32997084;0.2765923,-0.33263686,0.123513155;-0.06639716,1.3680623,0.9112942;-0.03830053,1.0421138,0.87997484;-0.5247323,-1.1079308,-1.236013;1.9542477,0.27451423,-0.11931518;0.83941966,-0.8469842,0.9989925;0.6641124,-0.27638605,1.5171056;1.2153251,0.831101,0.6350203;0.13493134,1.5777253,0.7332302;1.6465234,1.8605497,-0.2302934;-0.7501008,0.2456728,-1.7231587;0.4453947,-1.2065991,0.72706074;0.23695628,1.1267663,1.7326581;-0.2863789,0.32793376,-0.4269657;1.9643574,0.5230342,0.013428425;1.0698407,2.0743356,-0.6181919;-0.12909193,0.59680164,-1.471749;0.3250659,0.41339687,1.9630975;0.6593659,0.38198724,2.085056;0.17200966,-0.47971004,-1.0484143;0.3134305,-0.33808655,-0.86097264;1.5583069,0.24688329,-0.19435729;-1.765883,-1.2884587,-0.3025892;0.09792712,1.3642565,-0.035576507;0.42032403,-0.07861368,-1.6081996;-0.1295456,-1.1033837,-0.5099088;0.65522826,0.45310834,-0.26922762;0.50643826,-0.13880204,-0.2883286;0.14502506,0.17636134,1.7849647;-1.48034,-1.8153214,0.09815662;-1.3717911,-1.5621232,0.3485395;0.5178493,-0.02680641,0.19701941;0.21766174,-0.9083487,-0.715987;-0.3423839,-1.4437107,-0.19810393;-0.95053875,-1.3096824,-0.53800315;-0.37173733,-1.5658933,-0.12026561;0.41813734,-0.28173804,0.22787733;-1.1850253,-1.1483283,-0.067774855;0.5320063,-0.9650506,1.2257258;-0.65137523,0.10632638,-1.9560887;-0.61604613,0.46505657,-1.7816433;-0.6696168,-0.40187663,0.78129435;-1.4762814,-1.5184145,-0.8164242;0.21112257,-0.44974634,0.074358806;-0.23077913,0.4152009,-0.10450643;0.059872672,1.3822318,0.7874299;1.1325935,0.86743426,0.8935583;0.40519398,-0.90911347,1.3654587;0.7207623,2.0123472,-0.08748125;0.5663683,-1.1449479,0.6742319;-0.20715672,-0.9181245,-0.6075218;-0.9362087,-0.37615675,-1.6215174;0.18914446,1.612756,0.4162725;1.4312018,1.8155891,-0.21865548;-0.9820182,-1.3282483,-0.55061334;-0.6200707,-1.1972344,0.63909084;0.75845736,-0.2951137,1.8532836;0.6256795,-0.21780197,0.17881733;-1.38379,-0.46904072,-0.07384861;-1.4837544,-1.8215965,0.06012031;0.10508984,0.13889085,1.8625929;-0.01331898,0.17102338,-0.2951516;1.0967693,1.2884877,0.06958407;0.31187963,1.6271155,0.8624864;-1.6424774,-0.8172055,0.33839554;0.11494523,0.6821937,0.53905886;-0.13028023,0.041091233,0.8114523;1.1562026,1.6422367,-0.6551804;-0.124695994,-0.33338615,0.6124051;1.6618114,1.8505342,-0.24824955;0.8393132,0.5636528,-1.2152678;-0.6140504,-0.7684169,0.883437;0.72940165,-0.64050025,1.5420644;-0.961243,-0.80777997,0.17250472;0.39799413,-0.065473735,-1.6100078;-0.31629443,-0.16737573,1.0873102;0.8599754,-0.1408211,1.9322805;0.6354345,-0.866872,1.2424756;1.4209156,1.5114413,0.25940397;-0.8439541,-0.23041926,-1.8701358;0.41083658,0.54246384,-0.9097911;-0.3051589,0.31495097,-0.17735407;0.3060192,-0.27674973,-1.0018522;0.7866954,-0.01540857,0.26854086;-1.4268248,-1.737684,0.16193797;-2.0779254,-1.348513,-0.95241535;0.9439979,0.47578883,2.0126352;1.605682,0.49014518,0.036270685;0.7364104,1.3888922,0.5226661;-1.644901,-0.81576693,0.35326138;-2.112764,-0.8945771,-0.5889589;0.3764913,-0.38397798,1.6446886;0.50664467,1.7635013,0.91538006;0.9347209,0.07856179,0.2850209;0.08922539,-0.5307759,-1.1097002;-1.7547052,-0.52311486,-0.19673894;0.83119553,-0.15310377,1.8951162;-1.070995,-0.80555755,0.16768864;0.100438625,1.6017729,0.64160645;-2.1574657,-0.6847427,-1.5082163;-0.10812911,-1.4232916,0.12292273;-0.24375428,-1.4758775,0.017950572;0.22736618,-0.49041417,1.2584951;-0.1484502,-0.46078902,-0.03858195;-1.876476,-0.5853318,-0.30977044;0.10037065,0.14121811,1.8709623;0.77133554,0.9276313,1.4776126;0.9931252,0.23510428,2.0907955;-1.7310257,-1.2603076,-0.25480875;1.6708616,1.8487265,-0.23984167;-2.2972655,-0.9037083,-1.166934;0.580323,0.22310561,0.9543364;0.18870194,-0.10190224,0.07496265;0.8685262,-0.6773357,0.5445757;-0.3279142,0.3513882,-0.24391706;0.88782674,0.49521986,1.7839226;-0.35179362,-0.2126149,1.078942;-2.2961438,-1.0354261,-1.1560931;-2.2825184,-1.1679739,-1.0395803;-0.40955508,-1.0755962,-1.2099007;-0.16898374,-1.9023649,-0.6240515;-0.23362643,0.095995344,-0.21446021;-1.7015027,-1.4169887,-0.62324953;0.16283996,-0.4780735,-0.62797767;0.824534,-0.4543416,-1.7235477;0.4391479,1.1233708,-0.5430665;0.9304947,2.0360572,-0.5009512;-1.0244823,-0.44772735,-0.050365787;-0.21444923,-0.8273513,-0.46611163
