data_set
babi-q1
num_classes
6
data_points
1000
model
saved_models/babi-q1-e0012.ckpt
color_schema
#4E79A7,#F28E2B,#E15759,#76B7B2,#59A14F,#EDC948,#B07AA1,#FF9DA7,#9C755F,#BAB0AC
test_accuracy
0.492
test_loss
1.3175923938751222
train_accuracy
0.480875
train_loss
1.3426672072410584
val_accuracy
0.5095
val_loss
1.2882869701385498
labels
12,9,15,12,15,12,11,12,17,17,15,11,17,10,10,15,11,15,17,15,12,17,17,12,10,10,10,15,15,15,12,17,15,15,9,17,9,11,15,10,9,11,9,12,11,15,12,9,17,10,10,17,11,11,15,10,15,12,11,12,12,17,9,11,11,15,15,9,17,17,11,12,11,10,9,15,15,15,12,17,11,9,10,11,17,11,11,12,15,15,9,9,12,9,9,15,15,15,10,10,10,9,17,11,11,12,10,9,17,10,9,9,15,12,15,11,17,15,9,17,10,9,10,12,10,17,11,11,11,9,11,12,9,11,15,9,17,15,9,9,17,12,12,17,10,15,15,15,15,15,11,11,9,17,10,9,11,10,17,12,10,10,10,11,9,11,11,11,15,10,17,17,11,9,9,17,15,10,17,17,12,12,12,12,10,9,17,11,15,17,12,15,11,12,12,11,17,15,9,10,12,17,17,10,12,9,15,12,9,12,9,10,12,10,9,10,9,12,12,9,9,12,15,12,10,17,12,11,9,9,17,11,12,17,12,10,10,10,10,17,12,15,11,11,15,15,11,11,11,11,10,17,9,9,10,10,17,17,15,11,11,17,12,17,17,9,11,10,9,10,15,17,17,15,9,17,15,12,17,9,9,11,17,17,11,17,9,17,11,9,15,15,10,15,15,11,11,12,12,9,9,9,9,17,12,11,9,17,17,15,11,11,17,10,11,17,10,17,17,11,11,15,15,11,11,9,10,11,11,10,15,17,15,10,10,17,12,17,12,12,12,11,17,15,11,17,12,12,15,15,10,11,11,10,10,9,17,12,11,12,11,9,11,11,11,11,11,12,12,12,12,12,11,11,17,10,15,9,9,10,9,10,10,17,17,15,17,17,17,15,15,12,9,10,17,17,10,17,9,11,10,11,10,15,17,15,12,10,11,15,10,11,9,12,17,10,10,15,12,9,12,12,9,12,10,15,15,17,10,10,17,15,15,15,17,11,15,9,10,11,10,12,9,11,10,11,10,12,11,15,15,15,15,11,9,15,10,12,11,12,9,11,10,17,11,11,10,10,10,17,12,17,17,9,15,11,9,15,11,9,10,10,12,12,11,10,9,12,10,9,15,10,10,11,11,15,15,10,12,12,15,11,9,12,9,15,10,17,17,10,10,17,10,10,17,9,9,10,12,11,17,17,12,12,11,12,17,11,11,12,11,11,11,17,9,11,10,12,12,10,11,17,12,12,15,11,15,15,12,10,10,9,17,10,15,12,15,10,10,10,11,10,11,15,10,9,9,15,10,10,10,10,15,15,17,9,10,12,10,10,12,12,11,15,10,10,11,12,10,10,17,12,17,11,9,9,17,17,11,10,10,10,15,15,17,11,15,12,11,10,15,17,9,11,9,17,15,12,15,17,11,17,17,15,9,10,9,9,10,10,9,10,10,15,11,11,11,15,12,9,11,11,10,17,11,11,12,17,15,15,9,11,15,15,11,9,15,15,11,15,15,15,11,10,10,9,17,17,17,17,10,10,17,9,15,9,17,12,12,12,15,15,15,17,9,11,9,17,9,12,11,9,9,17,11,11,11,10,15,10,12,12,9,9,17,12,12,9,17,12,11,11,15,15,12,11,12,17,12,17,11,12,11,17,17,11,17,9,11,9,10,10,12,17,10,12,9,9,9,15,11,11,15,17,9,10,9,12,17,15,17,17,12,10,12,11,11,17,15,9,17,10,9,11,12,15,9,15,12,10,9,10,17,17,15,15,9,9,9,17,10,17,17,9,12,17,17,12,12,11,11,11,11,17,11,17,17,17,17,17,12,9,17,10,17,11,10,10,12,12,11,11,17,12,12,17,17,15,11,17,11,11,9,12,9,17,9,10,9,15,11,9,11,15,10,9,9,9,17,12,11,11,17,15,15,10,10,11,11,17,10,12,9,10,10,10,10,10,15,17,9,11,17,15,12,11,10,10,15,12,10,11,12,12,11,11,11,15,12,17,10,12,17,17,12,10,10,12,17,10,11,17,11,12,17,17,11,12,11,17,9,9,11,17,11,11,15,15,17,17,10,10,17,12,11,15,12,11,11,10,9,12,12,15,10,9,17,15,17,9,17,17,10,17,15,12,12,11,10,10,10,17,17,15,12,17,9,9,15,10,12,15,15,15,17,17,15,11,15,10,12,9,9,10,11,11,9,9,12,15,9,15,9,12,12,10,17,17,10,12,15,9,10,17,11,11,11,17,9,9,11,15,11,11,11,15,12,17,9,10
pred_labels
9,9,15,11,9,12,9,12,12,17,15,17,15,11,10,15,11,15,12,11,12,17,9,11,11,15,10,15,9,9,17,17,15,15,9,17,12,15,12,11,9,11,12,15,11,12,10,9,17,10,10,17,11,12,15,9,11,12,17,17,12,17,9,11,9,15,9,9,17,12,11,17,11,10,9,15,17,17,12,12,11,11,10,17,17,11,11,10,17,15,9,9,12,9,17,15,15,15,10,15,10,9,17,9,10,12,12,9,9,15,9,15,15,17,17,17,15,9,17,17,10,9,15,9,17,17,11,17,11,11,11,17,15,10,11,9,17,15,9,9,17,12,17,9,12,15,10,15,15,9,11,9,17,17,12,15,10,9,17,12,12,9,10,17,9,11,11,15,12,10,17,11,11,9,12,17,17,10,17,15,12,17,17,17,10,9,9,11,9,12,12,17,9,10,17,11,10,9,9,10,17,17,10,10,10,9,9,12,11,15,11,10,9,9,10,12,11,12,9,11,12,12,9,10,10,17,17,9,9,17,17,15,11,17,9,10,9,15,10,15,12,9,11,12,17,15,15,9,15,9,10,15,9,11,10,10,10,11,11,11,11,9,12,17,9,11,9,9,9,11,15,17,12,15,11,15,15,10,12,9,9,11,17,15,11,17,9,12,11,9,15,17,10,15,15,11,12,11,12,12,9,12,17,17,17,11,9,9,9,15,11,17,12,10,15,17,12,17,15,15,11,9,15,9,17,9,15,11,9,17,15,17,17,17,15,11,12,9,12,17,12,11,17,15,11,17,15,10,15,15,11,10,11,10,9,17,17,12,11,12,11,9,11,11,11,11,15,12,17,9,12,12,11,15,17,10,15,9,12,11,9,12,17,17,15,9,9,17,17,12,15,10,11,12,9,17,11,11,9,12,10,11,17,15,17,10,17,17,10,10,15,11,9,17,17,10,9,11,11,9,15,12,9,12,9,9,15,17,10,9,15,11,15,12,17,11,9,11,11,11,11,12,11,9,11,11,9,17,11,10,15,15,15,15,9,15,15,10,11,12,17,10,17,17,12,11,10,9,10,17,10,17,17,9,9,17,9,15,11,10,15,17,12,12,15,11,9,12,15,9,15,15,10,10,15,10,15,10,12,15,15,11,11,15,9,15,10,17,9,10,10,10,11,9,12,9,11,9,12,11,17,9,12,12,11,12,17,11,17,12,11,17,11,10,11,11,11,12,11,10,11,10,12,12,15,11,15,17,12,10,10,12,17,11,15,12,17,10,9,17,11,11,10,15,11,9,9,17,17,17,11,12,15,17,12,9,15,9,9,9,15,15,11,11,15,10,12,9,10,11,17,17,17,11,9,9,17,12,12,11,15,10,11,9,17,11,17,11,10,10,15,17,9,11,9,9,15,9,17,12,11,10,9,17,9,10,12,11,12,11,9,10,15,9,9,11,17,17,12,9,11,17,10,11,11,15,12,17,9,10,9,11,15,15,9,9,15,11,11,11,12,9,12,17,9,17,9,17,10,12,10,11,17,15,9,9,17,12,12,9,15,15,15,17,9,11,9,17,17,12,11,9,9,17,17,11,9,12,10,11,12,17,9,9,9,11,12,17,12,17,11,11,10,15,9,11,12,17,17,17,11,12,9,17,10,17,17,9,15,9,9,12,12,17,12,12,9,9,9,10,11,15,9,17,9,17,9,12,9,17,17,10,12,11,11,11,17,9,9,9,9,9,17,11,11,9,10,17,12,9,11,17,17,9,12,15,9,9,12,17,12,17,17,9,9,9,9,10,11,12,11,9,17,15,9,17,17,12,11,9,11,11,10,15,17,11,10,11,12,15,11,10,11,12,17,17,17,15,17,9,11,11,9,17,9,17,12,10,15,15,11,9,12,9,17,9,9,12,11,10,11,9,17,15,15,17,15,17,9,9,15,9,9,9,10,10,10,10,15,17,9,9,17,15,10,11,10,15,15,17,9,11,17,12,11,11,9,17,11,17,10,17,9,12,15,10,10,17,9,9,17,17,11,9,17,17,11,12,17,9,9,17,9,11,9,11,9,9,9,9,12,17,17,9,9,15,12,11,9,17,15,11,12,15,10,11,9,9,9,9,9,17,11,10,15,12,12,9,10,9,10,17,17,9,9,17,9,9,9,15,12,15,15,17,11,9,9,11,11,10,12,9,15,15,17,17,9,15,9,17,9,15,9,9,11,9,10,10,15,12,10,9,11,11,9,15,15,9,9,9,11,15,11,9,17,15,12,12,9,11
pred_correctness
False,True,True,False,False,True,False,True,False,True,True,False,False,False,True,True,True,True,False,False,True,True,False,False,False,False,True,True,False,False,False,True,True,True,True,True,False,False,False,False,True,True,False,False,True,False,False,True,True,True,True,True,True,False,True,False,False,True,False,False,True,True,True,True,False,True,False,True,True,False,True,False,True,True,True,True,False,False,True,False,True,False,True,False,True,True,True,False,False,True,True,True,True,True,False,True,True,True,True,False,True,True,True,False,False,True,False,True,False,False,True,False,True,False,False,False,False,False,False,True,True,True,False,False,False,True,True,False,True,False,True,False,False,False,False,True,True,True,True,True,True,True,False,False,False,True,False,True,True,False,True,False,False,True,False,False,False,False,True,True,False,False,True,False,True,True,True,False,False,True,True,False,True,True,False,True,False,True,True,False,True,False,False,False,True,True,False,True,False,False,True,False,False,False,False,True,False,False,True,True,False,True,False,True,False,True,False,True,False,False,False,True,False,False,False,False,False,True,False,False,False,True,False,False,True,True,False,False,True,False,True,False,False,True,False,True,False,False,True,False,True,False,True,False,False,True,False,False,False,False,True,False,True,False,True,True,False,False,False,True,True,False,True,True,False,False,False,False,True,False,True,True,False,True,False,False,True,False,False,True,True,True,True,False,True,True,True,False,True,True,True,False,True,True,True,True,False,False,True,False,True,False,False,True,False,True,True,False,False,True,True,False,False,True,False,True,False,True,False,False,True,False,True,False,False,True,False,True,False,False,True,True,False,False,False,False,True,False,True,False,True,True,True,True,True,True,False,False,True,True,False,False,True,True,False,False,True,True,True,True,True,True,True,True,True,True,False,True,False,False,True,True,True,False,True,True,True,True,False,False,True,False,False,True,False,False,False,True,True,False,True,False,False,False,False,True,False,False,True,False,True,True,False,True,True,False,False,False,False,False,False,True,True,False,True,True,False,False,False,True,False,True,True,True,False,False,True,True,True,False,False,False,True,False,True,True,False,False,False,True,False,True,False,False,False,True,False,False,True,False,True,True,True,False,True,True,False,False,True,True,False,False,False,True,False,True,True,False,True,True,False,True,True,True,False,False,True,True,True,False,False,False,True,True,False,False,True,True,False,True,True,False,True,False,False,False,True,True,True,False,True,True,False,False,True,True,True,True,False,True,True,False,False,False,False,True,False,False,True,True,True,False,True,True,True,True,True,True,False,True,True,False,True,False,False,True,False,True,False,True,True,False,True,True,True,True,True,False,True,True,True,False,True,False,True,True,False,True,False,False,True,False,False,True,False,True,True,False,False,False,False,False,True,False,False,True,False,False,False,False,False,False,True,False,False,True,False,False,True,False,True,False,True,True,True,True,True,False,False,False,False,True,False,False,True,True,False,False,False,True,True,True,True,True,True,False,True,False,False,False,True,False,False,False,True,True,False,False,False,False,True,True,False,False,False,True,False,False,True,True,True,False,True,False,True,False,True,True,False,False,True,True,True,True,False,True,True,False,True,False,False,False,False,False,False,False,False,True,False,False,True,False,True,False,False,True,True,True,True,False,True,True,True,True,True,True,True,True,False,True,True,True,True,True,False,True,False,False,False,False,True,False,True,True,False,False,True,False,False,False,True,True,False,True,False,True,True,True,False,True,True,True,False,True,False,False,True,True,False,True,False,False,True,True,False,True,True,True,True,False,True,False,False,True,True,False,True,True,False,False,True,False,True,False,False,True,False,False,False,True,False,False,False,True,False,False,False,False,True,False,False,False,True,False,False,True,True,True,False,True,False,True,True,True,False,False,False,False,False,False,True,False,False,False,False,True,True,False,False,False,False,False,False,False,True,True,True,False,True,False,True,False,False,True,False,True,True,True,False,False,True,True,True,False,True,True,False,True,False,True,True,True,False,False,False,True,True,False,False,False,True,False,True,True,True,False,False,False,False,False,False,False,True,False,True,True,True,True,True,True,True,False,True,True,False,True,True,False,True,False,False,True,False,True,True,True,False,False,False,True,True,False,False,False,False,True,True,False,False,False,False,True,True,False,True,True,True,True,False,False,True,False,False,False,False,True,False,False,False,False,False,False,True,False,False,True,True,True,False,False,False,False,True,True,True,False,False,False,False,True,False,True,False,False,True,True,True,False,True,False,True,True,True,False,False,True,True,True,False,False,True,True,True,False,False,False,False,True,False,True,True,True,False,False,False,False,True,False,False,False,True,True,True,False,False,False,False,False,False,True,False,True,False,False,False,False,False,False,True,True,True,True,True,False,False,True,True,False,True,False
p2d-kl
0.7983803749084473
p2d-iter
599
p2d
0.04705516,1.4088805;1.2881527,1.5182375;0.25826022,-1.201318;1.1917552,0.5665847;-1.374007,0.48867494;0.17386374,-1.8635975;1.4919904,0.52296245;-0.1220819,-1.9072337;-0.5849356,-1.3154552;-2.2246156,0.3967891;-0.6801236,-0.89466417;-1.2007475,-0.042481996;-1.0340521,-0.24969614;0.20919758,0.26374513;0.115889125,0.1736588;0.3277037,-1.5371747;1.5437254,0.20694786;-0.60048044,-0.6721221;-0.5511363,-0.12884322;-0.24918361,0.50990295;0.18181568,-1.8923882;-1.2903076,-0.5043726;-1.3957689,0.8091087;0.3150312,0.32035986;-0.44689983,0.54964954;0.81170297,-1.3354548;0.68263465,-1.6348121;0.82979,-0.8851924;-0.31508523,0.6594063;0.5746088,1.6375281;-0.41558507,-1.5780975;-1.2251627,-0.4677529;-2.2060933,0.6135618;0.92356765,-1.6993339;0.82324034,1.4306715;0.16478662,-1.6695255;0.23887107,-0.42233673;0.3229564,0.7484699;-0.27486473,-0.19557966;1.057875,0.63654107;-0.30509567,1.277237;1.4959592,0.19857566;-0.90974855,0.6265717;0.53010494,-1.1091503;0.1353518,0.2777342;0.18855591,-1.8799701;-0.09474153,-1.0087463;-0.3065519,0.73668265;-1.502718,0.08236703;0.35812885,-1.8607838;0.46425077,-1.880732;0.21344902,-1.6736242;0.63567495,0.32390904;0.05756306,-0.88644314;-0.7516778,-0.79865116;1.243525,1.5661234;1.5666522,0.005438674;-0.0053326283,-0.8227111;-1.0622005,-0.4095743;-2.1810727,0.30445278;-0.094334036,-1.8326192;-2.0313227,0.4150302;-2.0240667,0.5329728;1.757412,0.02436529;-0.48430526,0.8801015;0.8468942,-1.14401;-0.43513548,1.0138798;0.4058941,0.9573141;-2.2620745,0.53919333;-0.6086629,0.22689304;1.1160933,0.001766974;-0.51290077,-1.3506992;0.6007501,0.7874331;-0.0769277,-0.97369695;0.85345423,1.632133;0.8360237,-1.0595574;-1.2155064,-0.03140399;-0.92555374,-0.7016046;0.0580585,-1.00695;-1.9295471,0.16724035;1.7651107,0.06915607;1.6986111,0.25545636;0.23252025,0.12321712;-1.2739784,-0.46408284;-2.1245,0.25792092;1.8289402,0.08204945;1.4178843,0.6368933;-0.22800848,-0.2525584;-1.0490601,-0.448513;-0.7197478,-0.50175244;1.100695,1.8113198;0.7382599,1.6071502;0.0784513,-0.9131308;-0.38593966,0.7790225;-2.2335513,0.465441;0.8749807,-1.14168;0.18080288,-1.2457774;0.84601396,-1.6495413;-0.31746805,-0.69931376;-0.8940402,-0.6103803;0.97170573,-0.077642195;1.0640979,2.0153158;-0.73707604,0.050581705;0.86805224,1.0725309;-0.8909504,0.4832961;-0.19499375,-1.7273685;0.3305989,-1.8804048;-1.4298332,0.42923555;0.6731924,0.93401355;0.8280962,-1.8608177;-0.28924662,1.2269775;0.65121216,-1.1479945;-0.7576886,-0.6853992;-0.24201782,-0.8306713;-1.9971973,0.46320462;-0.5839663,0.6700316;0.1876615,0.97087353;1.0475345,1.8873305;-1.096751,-0.14021394;-2.3038902,0.34303987;0.36413875,-1.690612;0.8214666,1.6982726;-1.394726,0.29864243;-0.014526957,1.3708402;-1.8791419,0.072865896;-0.832162,-0.89144826;1.3750018,0.3064349;-1.540724,0.09418806;0.21284188,0.31596974;1.439556,0.4379273;1.1529787,0.6280509;0.0703015,-1.4983662;-1.5407786,0.43475103;0.1935366,0.1388794;0.36329794,0.16737494;1.1447953,1.809096;-2.1364565,0.35747418;0.8113538,-1.2174472;0.6297365,1.5325229;1.1392473,2.0785038;-0.56070846,0.6370809;-0.22620493,-1.5153916;-2.0433319,0.37952882;-1.3829322,0.5407463;0.21437049,-1.9319568;0.8275987,-1.3746886;0.7620906,-1.6608678;0.7065555,-1.1372372;-1.3226252,0.39894262;-1.7917937,0.50773084;1.1557928,0.05556274;1.6916175,0.5014047;-1.7471514,0.29598165;-2.3433309,0.44647312;-0.10942431,-1.0920739;1.041701,-1.6193595;0.4067113,0.16709079;0.2433595,1.3694466;-1.84723,0.05492448;-0.20178667,-1.680336;0.38606477,-1.9604772;0.3092842,1.1213669;-0.8751477,-0.18939912;0.054849885,-0.38869822;0.42834124,1.2749552;1.16928,0.68083763;1.3778086,0.66905546;0.16745594,0.0045316103;0.15138899,-1.1660932;0.57365704,-1.2660303;-0.896701,-0.85391253;0.8850968,0.6455463;1.0649383,0.71670794;-0.48689955,0.89788824;0.5758476,-2.041321;-0.9217926,-0.8438499;-0.905732,-0.794414;0.36562982,-1.8103491;-1.9415302,0.19956672;-1.3522202,-0.16612707;-0.2429635,-1.6774589;-0.594503,-1.435523;-0.6140411,-1.3384054;-0.5811338,-1.3829594;0.44833222,-1.3928342;1.1400163,1.7732558;-0.24958125,1.2088425;1.374998,0.33786806;0.14296404,0.7648231;-1.4319988,-0.4293251;-0.09767434,-1.8494275;-0.8377675,-0.94416326;0.8403474,1.2344745;0.6320437,-2.057689;-0.3721044,-1.522421;1.3500482,0.7259731;0.53374106,-1.2048241;-0.1989153,1.2554556;-1.3057641,0.47545415;-0.598159,0.3995867;-0.28453252,-1.7247099;-0.44359776,-1.6194698;-0.35885635,-0.78225285;0.61154467,-1.3085972;0.5766174,-1.6231757;0.090922594,1.4191091;1.7141709,0.45911357;-0.42207587,-0.1864887;-0.3886906,0.46683094;-1.6143035,0.55295455;1.70643,0.3648898;0.3659848,-1.3557428;-0.46858093,0.9732256;1.1608298,2.0507348;0.32980448,0.03461224;0.39911422,-2.0056648;1.4380571,0.4986308;0.1773265,-0.5530249;0.07463199,1.362881;-0.17934336,0.40802208;0.3079715,-0.4822317;-0.28349903,-1.6102841;-1.4069642,0.41065612;0.54169065,-1.0341736;0.66588396,-1.4201372;-0.29315838,-1.7193022;-2.1950889,0.4089631;1.5562147,0.63859594;0.7818072,1.5306624;-2.0897713,0.37396678;-1.9279631,0.49924612;0.9539561,-0.5786844;1.2595267,0.6523179;-0.73854643,0.013143486;-1.9385998,0.34991798;0.90853393,-0.03861299;1.0498468,1.9816388;-0.61329925,-0.6708435;0.10132588,-1.2476728;-1.7298865,0.040782955;-0.20208889,-1.5365463;-1.4555392,0.3934946;1.4669884,0.026979288;-0.918041,0.3461661;-0.797668,-0.939793;0.86759835,-1.179166;1.5267055,-0.063272886;1.0313734,1.7713265;-1.5923611,0.43749377;0.87455,1.39884;0.35391244,-1.6796551;0.7715127,-1.3203796;0.50883466,1.129039;0.80895317,0.19903664;0.4909238,-1.728323;0.9429578,-0.07263095;0.22387774,-1.571482;0.79317397,0.94008094;0.86974305,0.27835575;1.114421,0.49005833;1.206066,0.006690735;-1.2691051,0.7768237;-0.59148455,-0.047337033;-1.1037726,0.21970223;-0.3815875,0.782917;1.6778653,0.4184335;0.39932218,0.6896137;0.86776024,1.4498295;0.3670166,0.7624659;0.25814497,0.20730714;0.13573967,0.85470957;-1.7339538,0.17637144;0.39465827,-0.500121;0.14033805,-0.02862605;1.587085,0.3988922;-0.7239835,-0.8576944;0.21612579,0.7654274;0.5492912,-1.6573015;-0.3768261,-1.397429;-0.31253162,0.7779868;-0.26120552,1.2809317;1.3694156,0.3070548;-1.1272681,0.22592695;-1.4911387,0.42058536;0.58842105,0.45789954;0.12616612,-1.5618575;1.5435467,0.552421;0.04654654,-0.84176093;1.6706812,0.08420656;0.89099693,1.7615;0.8920145,-1.1863012;-0.44392285,1.1411442;0.5451739,0.18031344;-0.8435362,-0.66031134;-0.7379442,-0.5495324;1.7448694,0.10042624;0.1191003,-0.63023263;0.76765174,0.9093651;-0.532053,-0.036209833;-0.019562557,-0.85085756;0.9982791,1.9125302;-0.5123501,0.22473879;-1.9167658,0.19205515;-1.8260698,0.22725748;-1.8331794,0.099974915;1.6281589,0.4501516;1.2656841,1.6818053;0.29625008,1.4815582;0.4917032,1.262873;-1.3422817,0.2548469;1.7792362,0.12483457;-0.00727962,-0.91014826;-0.89200324,0.6672615;-0.079501465,0.18331581;-0.8770134,-0.36906314;-0.55208594,0.59417444;0.504439,-2.0001357;0.013203153,-1.4401399;0.8823688,-1.6389154;0.05604296,0.58481395;1.8158462,0.04551824;0.7102849,1.7120532;-0.069709115,-0.12540565;0.50324583,0.9015889;-1.9047732,0.09099119;1.2159919,1.5511286;0.8637453,-1.3354785;-0.11154711,0.5332142;0.71528006,1.6265051;-1.2193348,-0.14174922;0.21566617,-1.2889363;-0.93822926,-0.8771115;-2.197881,0.4733213;-1.1814538,-0.5546551;0.8442427,-0.5958212;1.3874443,0.73140997;-0.29211825,-1.5927931;0.7200774,0.7951269;-0.47656313,0.189815;-1.4349099,-0.33282232;0.32043624,-0.4604063;1.0560076,0.08853823;-0.65881157,-1.3850732;-0.8757229,-0.47036085;0.095844194,0.22473922;-0.4898852,-1.5625292;1.1891277,-0.69476914;0.41294867,-1.8982053;0.3173733,0.6252141;-1.5615312,0.47446615;1.1849699,-0.02951607;-0.22031446,-0.3042631;1.3891431,0.061385542;0.43774906,-1.6747624;1.1733844,2.023615;-1.9221948,0.48636138;-1.6533345,0.12694043;-0.43822825,-1.4048467;-0.094083585,0.19925967;-0.454633,0.02297172;1.6055634,0.057054035;0.7229473,1.3985463;1.4422176,0.25493875;1.1609862,0.7900589;0.5711883,0.7468745;1.1789299,0.6430755;0.9923255,-0.7915469;-0.4122274,-1.3270154;0.030547924,-1.9256699;-1.7279207,0.51549006;-0.24325594,-1.658773;-0.668727,0.10988361;-0.035897378,0.20024207;1.0585928,-1.5139309;-1.5233893,0.13722965;0.4139972,-1.7319905;0.35621226,0.6262591;-1.8427725,0.54731077;0.44447607,-0.48491162;0.18812083,0.33146814;1.2469238,1.5841136;0.06818334,-0.9871963;-0.5953871,-1.40643;-2.303052,0.36852455;-0.70556384,-0.77366966;1.132298,1.8310789;-1.2298409,0.7755691;-0.035712685,-1.2539485;-1.4186987,-0.19976024;0.32791495,-1.9079117;1.0081061,-0.602667;-0.057491772,-0.79468685;0.8127862,0.8562566;-0.9619382,0.4652554;-0.46688357,1.050895;-0.8756153,-0.87991846;1.0506814,0.09010655;1.1288543,0.750414;-0.26777875,0.5505233;-0.35239494,0.09727986;0.9253508,-0.061014812;1.6709429,0.15273154;0.01836729,-1.1802337;-1.4791954,0.4591963;-1.6391891,0.016344609;0.7843533,-1.7205673;-1.3807052,-0.49647307;-1.1291232,0.17692883;-0.39811838,0.36520496;0.67346406,-1.5082943;1.0456713,-1.5977734;0.9962642,0.030556535;0.7489102,1.3911531;-1.8766164,0.30717283;0.11180171,-1.683668;0.4218309,-1.8492305;0.7885081,1.203714;1.4723561,0.056378562;1.1341777,0.7129938;-1.5078559,0.75569075;0.21365128,-1.2294455;0.3624409,-0.5214718;-1.3584896,0.7478625;-0.95105165,0.2869627;-0.64129776,0.4158223;1.1267885,1.7956785;0.79319006,-0.90308946;-0.9548972,-0.9874113;-0.020818992,0.14151685;-0.6156891,0.43342087;-0.7157957,-0.87986976;1.5737803,-0.028715704;0.92714536,-1.4951324;-0.52244174,-0.16240163;-0.68480927,-1.1795262;1.582847,0.06008466;-0.32668978,1.0369135;0.73657507,0.21985096;1.0469993,0.027270632;1.0944272,0.53340685;1.2131228,-0.04920237;-0.30038154,-1.2436268;0.76844114,0.7717291;0.5146075,1.1872709;1.7550755,-0.046707995;0.941139,-0.02201241;0.22755504,1.3924587;-1.1089854,-0.15784343;1.4606732,0.33140865;0.32148597,0.05781856;0.17717646,0.91241926;0.3693107,-1.5672942;1.0875292,-0.64633805;0.10420841,0.5840305;0.9319988,1.7271423;-0.7635297,-0.83208585;0.71045524,-1.2908082;0.58843297,-1.7316947;-0.21758504,0.21907431;-0.8230547,0.7411137;-1.856632,0.45310324;0.91731995,-0.10992374;-0.14351444,-1.7266365;-0.7185036,-1.1618979;-0.51858634,0.2140168;1.5123618,0.1311229;0.96597224,-1.4167715;0.546803,1.1220549;-0.8866314,-0.21320345;-1.2945261,-0.2977935;0.46195698,-1.9316882;-1.2055153,-0.2711823;-0.36207265,-1.6189216;0.80182225,0.98898625;0.59291726,1.6896601;-0.60702497,0.65534765;1.1592255,1.5912169;-1.434567,-0.0133236265;1.0277338,0.7280994;-0.60989183,0.39730635;0.84866005,-1.4119987;-1.244795,-0.49076504;-0.4334381,-1.4540684;-0.6288675,0.12239079;0.2886213,0.7000406;0.96694165,-0.041206248;0.113078944,1.3868723;0.26129788,-0.5259834;0.8419028,-1.7366731;-1.4274142,0.68934435;0.82687366,-1.0361742;0.7789607,-1.3947351;0.5858269,-1.4291115;0.07501933,0.14579655;0.22276449,0.71636206;0.7973185,-1.8442293;-0.70230114,-0.83431584;0.55851865,-1.338668;0.04777118,-1.8584505;-1.4573623,-0.09848915;0.8391331,-1.0619942;1.4423224,0.12753503;0.3057875,0.37969467;-1.3625112,0.0021782485;0.3533525,0.9096787;0.21083777,0.93642586;0.67573833,-1.5507834;-1.2385375,-0.049192898;-2.16789,0.50092113;0.51070625,-1.1838368;0.65089446,-1.6763977;0.23496251,-1.5791205;0.15001458,0.22159782;0.2201124,1.4410774;-0.46035272,0.20719752;0.96297467,1.921826;0.82011724,0.25494224;1.1389631,1.9938577;-1.9818504,0.06133179;-0.09799828,0.49160516;-1.9889041,0.4826201;0.40411898,-0.43505117;-0.5432381,-0.07889566;-0.48900577,0.37454346;1.0705732,0.7803968;0.1690236,-1.8385085;-1.759117,0.21103267;1.942323,0.051709685;-1.1822647,0.2188045;-0.15183415,-1.3982878;1.4037774,0.70777553;-0.030092351,-1.2469397;0.6454823,0.20068504;-0.8681956,0.35927808;0.8281626,0.8838124;1.6636615,0.0013337551;0.3334133,0.3754176;-0.45487335,-1.3648969;0.9220309,0.62120265;-0.8767378,0.429886;1.302916,0.761065;0.60583204,-1.9440746;-0.3953821,0.05860539;-0.27956715,-0.25486735;-0.99859893,-0.029674053;1.6305772,0.019389044;0.8228536,-0.92334867;-0.66968036,-1.318437;-0.08462841,-1.0204049;-0.85962874,0.32447374;0.6586286,-1.6959692;0.12655698,-0.531698;-0.9431206,-0.6546204;0.16439632,0.27182314;0.9459294,-1.462348;0.29437944,-0.4414081;-1.212647,-0.38848248;0.5253067,-1.3250335;-1.3757945,0.74049413;-1.9053583,0.5064858;1.5444528,0.07748398;0.2839454,0.38807154;0.08991783,0.17822817;0.058348555,0.62341505;0.6750052,0.13843505;0.8054189,1.3050808;0.4627729,0.6858196;-0.9844723,-0.16752797;-1.1458046,-0.5714299;0.095385805,-1.5523255;1.1824731,0.024400407;0.11170008,-0.9073611;-0.70438176,-0.57470393;-1.3330784,-0.45034796;0.120568745,-0.50166094;0.06873051,1.4194055;0.86299586,-1.4673882;-0.4266754,0.96089375;0.39825743,1.1118644;0.7131199,1.4888085;0.32198372,-1.5349975;0.81805927,-1.3116051;0.4511188,0.19008838;0.1753361,0.43443152;0.50140023,0.6119907;0.63857216,-1.6376356;-0.31169575,-0.124455005;-0.37044582,1.1621891;0.51974815,-1.2832897;0.6878488,0.17372099;-1.9550194,0.4918156;-1.3449521,-0.49456218;-1.1349598,0.21759667;0.818732,0.3453172;0.85793984,1.3953685;0.9317588,1.8504473;-0.72666466,0.081727244;0.998921,0.64841175;-0.8298901,0.7539505;1.8057733,-0.08477028;1.0505425,-1.5965892;0.6328059,-1.9047478;0.83533597,0.13814819;0.22744778,0.87853193;-1.2149732,-0.31959447;1.1704595,-0.058531575;-0.8524015,-0.8455162;0.8773834,0.65258;0.9993443,-1.419138;0.18747036,0.078305565;-0.7608439,-0.8261127;-1.1099702,-0.44785717;0.8468899,1.2681046;0.77633536,0.72640586;0.89873064,1.7635466;-0.33796677,1.2346509;-0.13201322,-0.06658181;-0.03414246,1.409123;-2.047353,0.14810336;-0.62039036,-0.15597315;1.5509254,0.457917;-0.17619799,-0.77320796;0.8475605,1.6814137;-1.9778316,0.5959302;0.28505602,1.1547729;0.6197199,-1.6006266;0.37119055,-0.5367758;0.68151736,0.79037696;-0.031159002,-0.7723942;0.23441619,0.27008516;0.805373,1.3050644;0.9689631,-1.5340095;0.6795044,-1.216282;0.23814452,0.99059236;0.4918245,1.1765277;1.790884,0.08311831;0.19408736,-0.9193791;0.009150275,-1.2678506;-0.37179747,0.060209226;-0.42758214,1.069902;1.8168502,0.10940202;-0.9451866,-0.16634792;0.60694975,-1.6829386;0.2513393,-0.8655659;0.82474446,0.90696263;1.1152468,-0.6536893;-0.32529134,-1.5005435;-2.220107,0.41510394;-0.17195079,1.2221469;0.18974076,0.17441973;0.76060957,1.271989;1.714816,0.1556714;0.3496781,0.56013286;-0.8716808,-0.5280445;0.7885596,1.427682;0.98806053,1.9189976;-1.391557,0.30764028;1.0246326,0.77590144;-0.13074538,0.4374683;0.14647022,0.60184115;0.1605482,-1.8202927;-0.4963149,0.9853353;-0.8611684,0.7139532;0.06680088,-1.5783728;0.40776345,1.3250593;-1.8769308,0.48668745;1.3695444,0.8203934;-1.4157623,-0.49976024;-0.35270578,-0.7729568;-0.8751088,0.28006575;0.38543156,-1.710577;0.7761887,0.18857428;-1.6951226,0.20492058;-1.4351908,0.39005154;-0.31842214,0.64040685;0.042988397,1.3881116;-1.2123222,0.22335377;-1.8810718,0.32655078;-0.4507496,0.39247918;0.15331374,1.3813725;0.15112253,0.8650541;0.7947735,-1.0814385;0.9495076,-0.6467869;-2.2044468,0.5246113;0.74335593,0.9864166;1.1253234,0.6666428;1.0235037,1.6548196;-1.9289889,0.5803017;-2.2147348,0.48762882;-0.21403848,-1.6319307;1.1682361,-0.0044594374;0.09800105,1.3422881;-2.0392866,0.49404046;-0.36713913,-1.6425862;-1.1284794,0.19283819;1.623613,0.41146824;0.557442,1.1226808;-0.42577052,-0.18312348;-0.86052275,-0.36466032;-0.876533,0.4832576;-0.05935307,-1.8719083;-0.43349132,-1.5718762;-1.406821,0.5685981;0.93286353,1.7418004;-1.2633804,0.8274881;1.2332228,0.60574317;-0.7034925,0.7428936;-1.4471494,0.79854053;-0.3988374,-0.059315924;-0.918226,-0.24456537;1.6591222,0.40493095;1.4515319,0.6657993;0.97583514,-1.4750092;-0.8854125,-0.42048246;0.17635247,-0.45733085;1.1367725,0.020560984;-0.4730759,-0.13471185;-1.306561,-0.39628184;-0.7767785,-1.0889995;-2.17496,0.41805252;1.2218539,-0.013902505;-0.041834332,-0.7526662;-0.39426398,1.127389;-1.6514852,0.15445887;0.3297021,0.24121639;-0.6193514,0.6925542;-0.40936503,-1.6490464;1.0676334,1.7550107;1.1218764,-0.57181746;1.1816322,1.8310368;1.2274027,1.5805176;-0.37948224,-1.2955372;-0.30643618,-1.394671;0.09856981,-1.4669776;-0.4734665,-0.034419753;0.43645573,-1.9921578;-1.3789281,0.76139754;0.45980194,1.236589;0.8167732,1.2814183;-0.67672706,0.3802775;1.6776468,0.36124095;0.83788556,-0.5932202;-0.12758358,1.3315853;-1.4635618,0.0009346722;0.95898163,1.8078413;0.062440887,-1.394092;0.96358675,1.9852839;0.1942389,-0.545818;-1.3636599,0.78808075;-1.552569,0.06687417;0.15600784,-1.6011686;0.8702948,-0.0771646;-0.36819038,0.023988724;-0.82150084,0.44053096;0.81860936,0.18080284;1.1851395,0.60808396;-1.0770499,-0.3600118;-1.8705652,0.589871;0.7657427,1.3183947;0.8204209,1.6028336;-0.26632133,1.2595586;0.7143246,1.560522;-1.169426,-0.1921601;0.6415757,0.4154051;-0.5156166,0.39295274;1.1336586,1.8538605;0.3343605,-1.3280451;-0.91125435,-0.9283233;-2.3443377,0.33980078;0.14780897,1.2600766;1.5957296,0.4554564;-0.955391,-0.21217732;-1.168292,-0.4470864;-2.1888535,0.6067291;-0.07457314,-0.8658616;0.44009236,0.6471166;1.1660007,1.9110495;0.5781189,1.6224791;-0.6433732,0.011341705;-2.314476,0.41738808;0.42809203,-1.9843552;-0.5444102,-1.413718;-1.4625884,-0.25476316;0.069740586,1.4802755;1.4918836,0.6992542;-0.23132315,1.3154569;0.6141919,1.5470464;0.1786984,-1.124154;0.37293407,0.4073857;-1.9818877,0.0644491;1.4015498,0.72513413;1.2879568,1.4977375;-0.7565057,0.013222997;-0.7276051,-0.69988763;-0.21811272,0.6786463;-1.3113996,-0.5096319;-2.136968,0.4913687;0.08707869,-1.0906762;1.0592244,0.7482101;-0.45237595,0.8834589;1.1546985,0.59835637;0.77397805,0.31761247;0.39461154,-1.6255573;1.0909486,-0.72087806;-1.8015,0.10993459;1.7993197,0.04883447;0.6147858,-1.9992845;1.5459598,0.4055548;-0.39106393,0.12153318;0.301705,0.77103645;1.638917,0.037307918;0.697593,-1.9264021;1.1168932,0.60730433;-0.4833155,0.1652157;0.1629303,-1.3053607;0.12874803,-1.4970706;-2.1256528,0.40735185;-0.8414526,-0.52539206;-1.2019258,0.016946077;-1.4497327,0.7201741;1.660099,0.43782192;0.7364214,0.13474734;0.30094713,1.4070998;-1.9172677,0.0691024;0.3088904,1.2981812;-0.62108094,0.6792563;-0.6221763,0.13825603;0.4733854,-1.4256303;-0.14061598,-0.021034127;-0.82456416,-0.5422353;1.1144264,-0.028642144;0.80156964,1.5445304;-0.9227468,0.28919494;0.7845711,1.6593689;-0.9475139,-0.25229087;0.023134865,1.393358;0.38385224,1.1755489;-0.7843593,0.7559453;0.8386041,0.64579374;-0.8971684,0.39763793;1.769389,0.106863454;-1.250053,0.7972116;-1.9960496,0.3169586;0.6795045,-1.2289999;-1.6175219,0.45768452;0.15738145,-1.5706549;0.7259101,-1.2305056;-0.5314262,0.59585744;-1.3660448,0.8732468;-0.35190797,0.7325998;0.83282816,-1.3588289;-0.62628144,0.8221367;0.7692519,0.959614;0.528693,0.82804716;-0.23074865,-0.21964441;0.39108014,-1.8296274;-0.10354165,-1.0568335;-0.33710504,-0.8050147;-0.41772747,-0.7614696;-1.3718276,-0.47323403;0.99774486,1.8926514;0.9750936,0.7750226;-0.5469964,-1.311988;-1.4183711,-0.12626402;0.4648944,-1.3147607;1.1237186,0.62977636;0.99762434,-1.4296137;0.087679826,0.5783757;0.59751666,1.7136209;-1.388398,-0.41766348;1.2298338,1.5629935;1.3460842,0.75926965;0.23321673,-0.5509671;-0.88749343,0.67149884;-0.16762498,0.3032157;1.1475378,-0.0438448;0.24400724,0.8434748;-1.0630567,-0.16938147;0.26476982,0.2617376;-1.4763598,0.034446277;0.794193,-1.7879075;-0.4361064,-1.5360107;0.25093606,1.1968509;-0.7889357,0.755237;0.95572585,-1.6771362;0.9432085,-0.11185132;0.46290028,-1.7297233;-0.4012898,-1.5236747;-0.39099586,0.39614156;0.37694272,0.83720344;-0.5874284,0.6428754;-0.6578109,0.6178043;0.64170074,0.2469314;0.042964857,1.329235;-1.6439011,0.0729447;-0.7652022,-0.92424196;1.5053356,0.24524607;-0.3566989,-0.0096804965;-1.2460703,-0.11145284;-1.4494805,0.34231916;-0.3028424,1.2452313;-1.7823013,0.25493953;0.70475864,0.9492047;-0.20266637,0.28619295;1.0927548,1.9938875;1.7015275,0.39317608;0.66118366,1.6803093;1.5502864,0.56968427;-0.33410951,1.0095221;-1.9721475,0.29923293;0.37670246,-1.9521948;0.18811198,-1.6681931;-1.856951,0.35205913;1.5959353,0.6076824;0.7913017,1.0114387;1.0341417,-0.60770327;-0.122768335,-0.8475276;0.6391669,0.22255176;-2.0997574,0.46771577;-1.2304828,-0.37694687;0.13643801,0.85585314;1.2640886,0.7072532;-1.0493042,0.16310333;-1.6019952,0.34630397;0.6791883,-1.6531547;1.647076,0.3755849;-1.2887977,0.7956664;-1.4206467,0.46618205;-1.7880603,0.47674242;1.2239897,1.5078946;-0.32824868,1.1992466;0.050122455,-1.2360169;1.6666386,-0.048586186;-1.3739246,0.023078566;-0.76596564,-0.59207344;0.27869457,-0.444436;-0.4182831,0.0036780392;0.24782734,-0.87216383;-0.81540716,0.28100526;0.39731297,0.94514245;0.78943646,-1.8110831;-0.8766095,-0.80691314;-2.2731657,0.44776392;0.52677405,0.90925413;-0.31850165,1.0285804;-0.90471554,-0.89740527;0.282638,1.0261598;-1.3612977,0.47182247;0.80467165,1.090519;0.16085766,-0.01483888;-0.06936226,-1.862914;-0.72551316,-0.7289883;1.0379356,-0.6300654;-0.3427619,-1.7003927;-0.17609364,0.54529595;-0.27913564,1.3005161;0.5715307,1.5247401;0.7667498,0.24331139;0.8035141,0.13541704;0.5921043,-1.9971099;0.29770064,-0.43459687;0.32192716,1.3229151;-1.065573,-0.4696534;-0.7485406,-0.5947186;-1.0032109,-0.041803066;-0.6436712,0.7020549;1.1973163,1.6063684;-1.6333356,0.47191632;-0.40834183,1.0250272;-1.3652195,-0.16893545;0.9640173,1.8832612;-0.07580898,-0.07775718;1.1978707,1.9570936;-1.9354318,0.35571396;-0.1775279,0.3474365;1.1617144,1.5125358;0.2013721,-1.3656906;0.21584079,0.18513674;0.2536825,0.79257566;-0.6258581,0.8373357;0.80537814,-1.8069417;1.0891577,1.9172783;1.1233488,0.16898571;-0.19370304,0.3778701;0.16705573,0.6357553;1.0141519,-0.5926063;1.1530918,-0.62631303;0.25205788,1.189942;0.9777635,1.8461101;0.3144659,1.5039917;1.2033693,0.6302598;0.83580667,-0.95558864;0.8719652,0.25377658;0.35793608,1.4887903;-2.2504957,0.34870735;0.8849386,-1.1572872;-0.30903384,-1.4329348;0.29322883,-1.7840636;-0.41204402,0.76086044;1.9410536,0.05381996
p3d-kl
0.6646416783332825
p3d-iter
599
p3d
1.7743833,0.8546025,0.081826;0.5952595,2.2550137,-0.9274593;-1.3135265,-0.58252597,-0.2776514;-0.46665052,1.1313618,-1.2192397;-0.04402265,0.16768686,1.4115515;-1.1944717,-1.5440031,-0.8102905;0.62137973,1.2734151,-1.1341575;-0.44205606,-1.7345444,-0.63860935;0.20071082,-1.2925688,0.45306262;0.7899893,-0.7895571,2.3209178;-1.8303506,-0.8352473,0.56794965;0.1045762,-0.44874147,1.2141418;-0.50461537,-0.51941496,0.98245156;0.0013351107,0.20437232,-0.14629918;-0.33873606,0.12566328,-0.0422567;-1.2244507,-1.0984294,-0.73718;0.61486447,0.8844097,-1.532595;-1.7063636,-0.4087312,0.5462638;0.5632752,-0.9331359,0.43174526;0.5706788,0.21344432,0.2761096;-1.2174991,-1.5520022,-0.8455881;-0.1402598,-1.0899216,1.0324308;0.8461065,-0.16303185,1.3849479;0.045288417,0.4481872,-0.17709115;1.1177571,-0.09475427,0.5512339;-1.5488693,-0.5498376,-1.0039816;-2.1471272,-0.95681894,-1.0347904;-1.3896564,0.04934988,-0.74169;0.8182735,0.27196115,0.44417998;0.5807074,1.6061156,0.088037066;-0.34581596,-1.5343906,0.08544138;-0.36980772,-1.0262114,1.066179;1.3300612,-0.7880897,2.2623758;-1.5704637,-0.7274026,-1.4029564;0.68629193,1.6163133,-0.44273224;-1.2395515,-1.3876463,-0.54918057;0.7081246,-0.8382564,-0.57291675;0.1811425,0.9647038,0.09965191;0.11097469,-0.477923,0.08717131;-0.6443185,1.276124,-0.95552015;1.6468575,0.72880906,0.6015098;0.62821776,0.81932104,-1.4581738;0.36407655,-0.30869249,0.7323508;-1.8317181,-0.47104397,-0.4336598;-0.0008866391,0.15523289,-0.023697432;-1.2243601,-1.5448798,-0.83442926;-0.45620257,-0.88504106,-0.0029590118;0.8487177,0.3473863,0.51439583;-0.10434467,-0.4620821,1.5521766;-1.9977262,-1.447324,-0.6308226;-1.9566724,-1.4178867,-0.8651894;-1.3690112,-1.3957516,-0.55081046;0.090063184,0.54266316,-0.625532;-0.317834,-0.8180807,-0.321339;-1.62198,-0.76052123,0.6809442;0.6858067,2.2259781,-0.8128692;1.1691114,0.8486431,-1.6203295;-0.27927682,-0.714479,-0.2093372;-0.74657494,-0.71413976,1.0381347;0.57647187,-0.8738652,2.2229667;-0.5547383,-1.6971222,-0.5619954;0.75246227,-0.62406856,2.0219717;0.9914492,-0.49572864,2.0193384;0.47225174,0.8108687,-1.8746053;1.1174372,0.2172475,0.814752;-1.2808485,-0.3112191,-0.93692183;1.3925303,0.39249113,0.73548627;0.6833803,0.95251524,-0.015443066;1.1562502,-0.816048,2.374497;1.1251369,-0.51147294,0.6678856;0.39967832,0.3396052,-1.3186413;0.12147633,-1.2984617,0.29341546;0.36512417,0.8198396,-0.3640267;-0.43295982,-0.8417486,-0.032648724;1.1912832,1.7297062,-0.39816356;-1.3201716,-0.19753349,-0.8323576;0.052725784,-0.45042142,1.2283148;-1.1258305,-0.7933742,0.90398204;-0.5159816,-0.9418579,-0.3101825;0.15020235,-0.47778645,2.0007553;0.615598,0.8929186,-1.8993423;0.8734181,1.1332921,-1.7041237;-0.32791343,0.3624451,-0.028488865;-0.22050476,-1.0306423,1.0297239;0.4725507,-0.8756317,2.0824897;0.6329362,0.9145259,-1.9749852;0.14451598,1.3563746,-1.4143248;-0.071376264,-0.43631953,0.053230125;-0.8479025,-0.7461888,1.0334955;-1.3880533,-0.2206518,0.9515455;1.0327845,2.2184353,-0.42684782;0.9023814,1.7786282,-0.19084665;-0.29256138,-0.8993595,-0.34679186;0.82229626,0.3186235,0.68202907;0.9617878,-0.7752354,2.319936;-1.262831,-0.3132114,-0.9648621;-1.2352917,-0.8312135,-0.28013653;-1.5998205,-0.783568,-1.2356397;-1.0149513,-0.4490802,0.24113566;-1.0959918,-0.616858,0.8405118;0.17630664,0.12639341,-1.1212362;1.4330951,2.3944736,-0.5937734;0.36543968,-1.2127477,0.62351763;0.64782125,1.0974097,-0.91016924;-0.3271654,0.018589472,0.5555266;-0.5706759,-1.6466935,-0.34090856;-1.9891604,-1.5016793,-0.60011137;-0.09927936,0.031224597,1.4880428;0.5524859,0.9940082,-0.47793397;-1.5961139,-1.0842855,-1.3700054;1.6317626,0.71169597,0.6077688;-1.4450983,-0.46087912,-0.60182685;-1.5706993,-0.5739601,0.8008377;-0.75343245,-0.7928813,0.29528514;0.85895616,-0.5677469,1.9799969;1.4200398,-0.20529978,0.6459821;0.5374294,1.208786,0.33581492;1.375791,2.2339594,-0.4525299;-0.073065735,-0.5531892,0.9723883;0.7455755,-0.7524362,2.4983814;-1.6046256,-1.2625753,-0.7430681;1.2869375,1.7686045,-0.28647095;-0.31038776,-0.106983505,1.4055359;1.7070117,0.85178643,0.20688786;0.13032387,-0.7299783,1.9500651;-1.4545847,-0.97638655,0.69021225;0.6093265,0.8865313,-1.1231441;-0.033260986,-0.4684088,1.5704621;0.12499292,0.25496787,-0.11530261;0.566307,1.1072838,-1.1378577;-0.60255086,1.1809888,-1.135322;-1.0980414,-1.2618111,-0.24537149;-0.23806529,-0.008375385,1.7061338;-0.20806208,0.36305243,0.014270998;-0.14153653,0.20829786,-0.35472447;0.97903687,2.245855,-0.3861181;0.7342079,-0.8370807,2.1218934;-1.3081583,-0.46167448,-0.90685827;1.0015213,1.62142,-0.028248558;1.3915316,2.5658467,-0.55878145;1.4997836,-0.20802887,0.58261216;-0.17572442,-1.451656,-0.32351753;0.6925742,-0.7081793,1.9895067;0.10569703,0.12067961,1.4085945;-1.273429,-1.5209682,-0.9541952;-1.5691811,-0.5728253,-1.0508437;-1.8803416,-0.89958686,-1.1504381;-1.6447585,-0.3845533,-0.672881;-0.42512172,0.15727748,1.4457171;0.42500237,-0.3027418,1.9183503;0.43449104,0.44478038,-1.3339881;1.0352439,1.4072078,-1.4901642;0.6631337,-0.6288368,1.5806333;0.78513473,-0.9304523,2.4828427;-0.5686015,-0.9854877,0.032643724;-1.9823977,-0.50484246,-1.4752717;-0.074135795,0.24007715,-0.43192562;1.4708691,1.0711777,-0.009237807;0.099143736,-0.7431197,1.8986926;-0.5365731,-1.610732,-0.2962914;-1.873534,-1.5824082,-0.7991099;0.9577418,1.1074764,0.1510392;-0.38915107,-0.47815546,0.6061216;1.6732103,-0.22166127,0.4032637;1.138865,1.2496397,-0.10344548;-0.49713355,1.2254189,-1.1085807;0.008705788,1.3874454,-1.3562856;-0.4155073,0.5503459,0.2650663;-1.016563,-0.86496335,-0.32877666;-1.7208015,-0.6845904,-0.60664785;-1.282125,-0.96948695,0.7789139;-0.54398197,1.0459156,-0.63723737;-0.40691185,1.2322869,-0.90652835;1.1630317,0.21999373,0.8120532;-1.5518245,-1.5457741,-1.124405;-1.2391032,-0.9729419,0.8020139;-1.2189672,-0.8890505,0.7889223;-1.9951833,-1.3548341,-0.6119809;0.21771286,-0.437963,2.0019457;-0.6385021,-0.58028746,1.2702875;-0.44990447,-1.6280497,-0.25648734;-0.06899161,-1.4007959,0.41360816;0.122680314,-1.363413,0.477344;0.031639367,-1.4058573,0.3936436;-1.6518286,-0.8673217,-0.58814293;0.93879116,2.2022524,-0.36093754;1.5264252,0.79527336,0.64023566;0.6640331,0.94796234,-1.0902297;0.111713596,1.041772,0.41330704;0.29535833,-0.99714124,0.8017808;-0.5616981,-1.7059104,-0.5698035;-1.3218473,-0.96360826,0.6232432;0.8440257,1.4333788,-0.7351943;0.65934813,0.538913,-2.1074169;-0.33299875,-1.4267094,0.013817402;-0.030215595,1.4188277,-1.25417;-1.8676413,-0.60317266,-0.49404618;1.4838103,0.864694,0.5181489;-0.21979508,0.23153378,1.3351088;0.18871821,0.20208246,0.5380592;-0.6262431,-1.6272386,-0.15376405;-0.3436319,-1.6044089,0.113187306;-1.0544204,-0.58497095,0.33143643;-1.8900114,-0.6357288,-0.6687936;-2.2296684,-1.0646756,-0.84436053;1.758972,0.9006728,0.038935043;1.0859797,1.2790093,-1.5074257;0.5124107,-0.9618535,0.07954788;0.68874943,0.043319095,0.39112896;0.008135641,-0.029862696,1.8967532;0.8750352,1.2986959,-1.6092718;-1.4146186,-0.8880444,-0.5236576;1.3732826,0.26040027,0.7219641;1.3249213,2.5491393,-0.5789428;-0.5041661,0.61247605,-0.059539396;-1.7798032,-1.6159836,-0.8615948;0.45021558,1.1860324,-1.143968;0.3575744,-0.907244,-0.47979504;1.7542524,0.8325557,0.018247524;0.58417857,0.10349496,0.07696624;0.5816023,-0.8217987,-0.70562553;-0.29459313,-1.5911094,-0.18677035;-0.084143125,0.014167564,1.4483227;-1.842605,-0.35418552,-0.4279071;-1.9835376,-0.7008845,-0.825044;-0.61231184,-1.6293619,-0.14287184;0.8130229,-0.79128045,2.2797856;0.70078886,1.4635465,-1.1041822;0.8464876,1.7174871,-0.32442737;0.72009075,-0.7620313,2.0548048;0.8270635,-0.5235883,1.8400632;-1.8259524,0.18408012,-1.0122603;-0.28881958,1.2282097,-1.2459812;0.4310243,-1.1604676,0.6331245;0.71024144,-0.30628553,2.0415962;0.15341982,0.13162264,-1.04127;1.4202994,2.3395433,-0.5872237;-1.6823373,-0.41585204,0.5600091;-1.1621449,-0.8156107,-0.009383497;-0.10976081,-0.66821736,1.8034884;-0.231162,-1.4702322,-0.3695921;-0.05744515,-0.041950233,1.5060899;1.1636136,0.81133634,-1.3810855;-0.015410139,-0.23884884,0.5660672;-1.4520279,-0.93613595,0.5725268;-1.2659396,-0.3261278,-0.97922504;1.3126384,0.7860767,-1.5735966;1.2384164,2.0812955,-0.6380684;-0.25567555,-0.053450957,1.8059523;0.6046294,1.6421648,-0.52233565;-1.6132084,-1.2490985,-0.71176517;-1.5626744,-0.57059443,-0.9254358;0.61459273,1.2579265,-0.165887;0.5235066,0.40028325,-0.80885184;-1.8970495,-1.2146666,-0.82532364;0.15739948,0.11449569,-1.0923847;-1.432479,-1.2283409,-0.48565525;0.46991092,1.0397317,-0.68807524;0.69774646,0.58834547,-0.835671;-0.3504334,0.9473291,-1.0967385;0.4583174,0.38771194,-1.4439567;0.87999624,0.030787595,1.21326;0.68315446,-0.8552259,0.56232214;0.7401786,-0.7820991,1.0438029;0.84459424,0.31390327,0.6734892;0.855386,1.3149309,-1.5352851;0.03589252,1.1054627,0.018989278;0.5828894,1.689578,-0.44733435;0.28870702,0.80335325,0.019775193;-0.13652393,0.29166138,-0.1657406;0.2873792,1.1642745,0.42399365;0.45939922,-0.7370659,1.6336089;0.34883258,-0.7848073,-0.8289741;-0.4633902,0.52215296,0.31033763;0.8186791,1.2184356,-1.3969887;-1.7294459,-0.80701375,0.6333815;0.08181641,1.0629512,0.25808123;-2.1643045,-1.1110369,-0.82233256;-0.06803481,-1.2747996,0.02550552;0.9277703,0.3593353,0.5398408;1.6549743,0.7577222,0.5648326;0.6452241,0.89086384,-1.1147833;0.72444654,-0.7869842,1.0801227;-0.1823836,0.0011517565,1.597251;0.3332544,0.622964,-0.41450977;-1.2281171,-1.3208954,-0.35731676;0.6793524,1.3700664,-1.2139958;-0.17943701,-0.8723504,-0.25930244;0.82240814,0.8554488,-1.7482611;1.327775,1.915658,-0.4201123;-1.2604347,-0.3295036,-1.0008457;1.7317657,0.34358692,0.6548242;-0.071635775,0.33780423,-0.5056668;-1.1751161,-0.60560375,0.714274;-1.4777865,-0.35553885,0.91087425;0.5848744,0.90171677,-1.8496066;0.11621543,-0.7919805,-0.4047794;0.4999373,0.97936606,-0.66094625;0.71021754,-0.7858643,0.4471141;-0.3977068,-0.6590112,-0.23628849;1.5033442,2.1683643,-0.55051124;1.2354845,-0.41214684,0.36747384;0.17301115,-0.43708286,1.9533036;0.7382194,-0.82256746,1.4552017;0.3262961,-0.8288415,1.9395949;0.827339,1.3001226,-1.4470224;1.0104885,2.3668363,-0.7685001;1.573998,1.2735713,-0.07940842;0.98975194,1.2957463,-0.20015016;-0.31251362,-0.13456886,1.2628692;0.60410726,0.9193258,-1.8878169;-0.58504283,-0.70089126,-0.25039855;0.45752797,-0.34462363,0.741144;-0.1045319,-0.094706215,0.24747644;-0.8442221,-0.46336368,0.7701554;1.5609332,-0.2275017,0.51580703;-1.6719947,-1.5422105,-1.0162232;-1.4108176,-1.2181957,-0.08719029;-1.5440271,-0.7210575,-1.2762814;-0.28965285,0.68557453,0.48314574;0.65979654,0.88635373,-1.9627142;0.6526524,1.8785434,-0.21960655;-1.5455948,-0.1228517,0.90767336;0.60334575,0.9215308,-0.21602301;0.101274915,-0.6784057,1.9789504;0.6838456,2.2080634,-0.8085464;-1.5084392,-0.52112484,-1.083688;0.7598553,0.33372703,0.0010409327;0.9203017,1.787812,-0.14582081;-0.14960892,-0.5856542,1.201469;-1.3211637,-0.82840663,-0.29389057;-1.2063286,-1.0195907,0.7980093;0.990185,-0.8179646,2.2550545;-0.45851344,-0.94137305,0.8632223;-1.2949952,-0.4314891,-0.26361194;0.024089174,1.447246,-1.3019257;-0.23460309,-1.596055,-0.17717531;0.098546006,1.0315015,-0.5385087;1.1351575,-0.43164632,0.2954498;0.041493963,-0.8477582,0.86266273;0.5823931,-0.81283844,-0.711692;0.31218803,0.42432526,-1.1428785;-0.056166057,-1.311427,0.56272227;-1.012723,-0.43620434,0.98684776;-0.23406108,0.13055444,0.025942873;-0.26987502,-1.5471549,0.20872511;-2.018123,-0.13532795,-1.4158835;-1.9638543,-1.4674101,-0.78258234;0.011413752,0.805739,0.051383574;-0.20200554,0.0053069904,1.7575126;0.45334512,0.37903255,-1.429058;-0.13976495,-0.5110724,0.007365676;0.74415714,0.64659667,-1.4922564;-1.5943005,-1.2001464,-0.8840156;1.2970631,2.5410867,-0.5085211;0.82394797,-0.52063435,1.8348453;0.18465827,-0.69202036,1.586938;0.024450928,-1.3479719,0.11963275;-0.06019533,-0.07726733,0.2386315;0.7234448,-0.6120292,0.35191157;0.99502844,0.8221025,-1.6711986;1.0506947,1.5372164,-0.41935083;0.72799796,0.9127638,-1.283884;-0.057989635,1.1486348,-1.026704;0.3585298,0.73164904,-0.33861607;-0.5805884,1.2026014,-1.167534;-2.0430896,-0.22313224,-0.9867556;0.18687975,-1.2186366,0.08798734;-0.9543379,-1.7564993,-0.6788062;0.21196106,-0.1831073,1.933876;-0.44440147,-1.6117034,-0.24941641;1.1325393,-0.7185615,0.62874645;-0.08095819,-0.026337937,0.14113525;-2.2041216,-0.56461734,-1.3776789;0.046701714,-0.40983373,1.6668079;-1.5580242,-1.3085641,-0.90907955;-0.0634603,0.9250243,0.036363892;0.76493317,-0.38247558,1.7508619;0.16181903,-0.7057151,-0.81644446;0.18257062,0.22023965,-0.102857165;0.6964484,2.2337322,-0.8139836;-0.42201358,-0.9734351,-0.32968912;-0.030814944,-1.3706489,0.41701075;0.7415717,-0.7694128,2.4859018;-1.725029,-0.669872,0.6994185;1.0065211,2.2578394,-0.39617833;0.9105795,0.059332643,1.1554866;-1.0485243,-1.0384957,0.04691212;-0.49627677,-0.6847886,1.413762;-1.8483762,-1.5370035,-0.66067994;-1.9022064,0.117133565,-1.0875152;-0.24553652,-0.6645872,-0.08977537;0.49856335,0.86089075,-0.756227;-0.31566933,-0.04080689,0.67696923;1.5090302,0.3357141,0.75053114;-1.3322853,-0.9822256,0.7490515;0.34558675,0.42453438,-1.1276037;-0.268215,1.131746,-1.0258079;0.54560465,0.26185647,0.3471916;0.6019144,-0.41724393,0.31839046;0.15558794,0.11731077,-1.0764939;0.8306103,0.98710966,-1.723109;-0.9918763,-0.8397641,-0.1072392;-0.1986642,0.059711713,1.5949299;-0.13311535,-0.6658135,1.6721112;-1.7754788,-0.9518319,-1.2305123;0.18186581,-1.0573729,0.9502335;0.7236902,-0.7593103,1.0813481;0.9080777,-0.061377946,0.33991283;-2.0986266,-0.7825302,-0.91692686;-2.01039,-0.49792257,-1.458521;0.33626428,0.29088524,-1.080956;0.9966076,1.5491347,-0.44874227;0.77930856,-0.19299203,1.9697924;-1.1319449,-1.4757838,-0.477055;-2.0591478,-1.3858857,-0.73190904;0.77391124,1.3361713,-0.6363559;1.1100506,0.8291385,-1.3830745;-0.37377197,1.1377727,-1.0433625;0.79433036,-0.20803738,1.6280059;-1.2650826,-0.7457838,-0.22767511;0.41002768,-0.8358467,-0.81642;0.7436816,-0.061260052,1.3770396;0.15027809,-0.33939755,0.5974873;0.19928841,0.17894144,0.61279124;0.9789859,2.23386,-0.39169;-1.3317579,0.03252842,-0.72271645;-0.25955537,-1.2741363,0.65600985;-0.16349095,-0.14394668,0.111778006;0.24960059,0.22438554,0.5923959;-1.7515388,-0.82526016,0.6153465;1.2089367,0.8136338,-1.644934;-1.9528525,-0.5431293,-1.195199;0.531279,-0.9369768,0.34938115;-0.69529945,-1.0659893,0.3948168;0.99896634,0.814966,-1.6338573;1.4571668,0.4020487,0.4810001;0.31971392,0.41647467,-0.77669734;0.38334766,0.3447055,-1.1557081;-0.5952785,0.96592474,-1.1094936;0.47208562,0.3955528,-1.4699445;0.37769628,-1.0492693,-0.030470336;-0.0044391076,1.0695198,-0.6023702;0.7798777,1.2475417,-0.19795519;0.7673211,0.71174943,-1.9378325;0.18772477,0.15890726,-1.0725721;1.5304034,1.0757854,0.0041071856;-0.10703067,-0.58695513,0.9863077;0.46581575,0.96850806,-1.3220556;-0.46774152,0.61581004,-0.047559414;0.3864559,1.2330478,0.3500393;-1.3789462,-1.0856599,-0.75162864;-1.9833899,-0.010736416,-1.2020644;-0.18474323,0.7146646,0.43462324;1.2131394,1.9869627,-0.37892333;-1.6345947,-0.7890588,0.68690634;-1.6144475,-0.57297,-0.7943146;-2.0540612,-1.1441926,-0.97040343;0.47837245,-0.21422316,0.07883286;0.73575747,-0.3726685,0.7804794;0.73557657,-0.5232027,1.6836988;0.10421269,0.07625879,-1.0905614;-0.77364516,-1.6050372,-0.3573301;-0.74542224,-1.0702368,0.47408453;1.2340623,-0.4357212,0.36486527;0.813368,0.7910173,-1.4960835;-2.1218796,-0.51169825,-1.1077967;0.56576294,1.2673061,-0.21563427;-0.4385398,-0.5049428,0.64709485;-0.44021475,-0.78567624,1.2052433;-1.8720218,-1.4864268,-0.9033773;-0.26310548,-1.1068486,1.301789;-0.33549172,-1.6173683,-0.028097475;0.29816252,1.1374862,-0.66674805;0.5016673,1.6840262,0.04904008;1.4158752,-0.21394387,0.6665976;0.83698493,2.1143417,-0.8020625;-0.4475373,-0.45695862,1.3940384;-0.3782731,1.1870232,-0.85454047;0.17334941,0.19770864,0.5515687;-1.5856594,-0.60817343,-1.1208285;-0.30703884,-1.0523353,1.0413768;-0.06710326,-1.4182614,0.10524059;1.199626,-0.7341187,0.55054295;0.20825334,0.81883395,0.15481688;0.19706683,0.15438607,-1.104046;1.7487477,0.87564635,-0.032490898;0.4450179,-0.890132,-0.62518823;-1.6131744,-0.9061598,-1.3025255;0.620591,-0.102150925,1.4943076;-1.3261312,-0.17650491,-0.8199496;-1.6353194,-0.63612163,-0.9889812;-2.1074584,-0.79799014,-0.71028674;-0.40550134,0.06923173,-0.003373722;0.055698905,0.95572555,0.2655993;-1.6281422,-1.076131,-1.3293769;-1.761803,-0.7721806,0.6403319;-2.0259311,-0.71861804,-0.5981285;-0.99901885,-1.6734072,-0.6188088;-0.8086409,-0.40735382,1.4266136;-1.3183129,-0.19866315,-0.83561975;0.9271727,0.8144646,-1.3319666;0.17288935,0.47963616,-0.13578045;-0.73465806,-0.3119593,1.1795893;0.5633415,0.9610676,0.091246516;0.4209448,1.3492556,0.27503416;-2.1435716,-0.82062584,-0.95385003;0.0063227722,-0.45260522,1.2612317;1.0059699,-0.6965445,2.2587883;-1.7062591,-0.6144046,-0.46296188;-2.18605,-1.0139837,-1.0217592;-1.4623839,-1.2266381,-0.49263522;-0.14605148,0.14327563,-0.060282923;1.6133325,1.1146452,0.012724733;1.1274981,-0.403684,0.2730422;1.5102905,2.147116,-0.57997954;0.59133244,0.5097258,-0.7950672;1.2476158,2.4815035,-0.5583919;-0.043413457,-0.596558,2.1347945;0.62673163,0.3137818,-0.020811548;0.85561436,-0.5775586,1.9553212;0.39414558,-0.69236773,-0.8220387;0.6430952,-0.8424584,0.45107716;0.53748745,-0.103300676,0.45911017;-0.26342225,1.2078391,-0.89969414;-1.1761901,-1.5319462,-0.78518087;0.60092205,-0.78313535,1.5505087;0.9211169,1.0245332,-2.1650307;0.6965697,-0.8040118,1.2199037;-0.30822814,-1.1579757,-0.33672565;0.046695128,1.4379363,-1.3344744;-1.0235671,-1.0273294,0.03500334;0.07276036,0.36644512,-0.68383676;-0.1290333,-0.1851152,0.48084328;0.4694986,0.91714436,-0.7449619;1.0291833,0.8269867,-1.801943;0.1477421,0.512593,-0.17407036;0.04079423,-1.2893702,0.1551276;-0.6460719,1.04566,-0.6871827;-0.26071036,-0.06646941,0.5209547;-0.10000219,1.3944333,-1.1480685;-1.5284579,-1.389889,-1.1193751;0.6204874,-0.49048522,0.30093685;0.022879682,-0.509735,0.07423123;-0.39985108,-0.21012366,1.0315582;1.0317746,0.8325908,-1.7350063;-1.3723006,0.0030836286,-0.7502942;0.13144603,-1.2639756,0.593572;-0.43768078,-0.91616267,-0.02783006;-0.13825424,-0.24154198,0.47204387;-2.178845,-1.0249479,-1.0381591;0.4054985,-0.8652029,-0.36930406;-1.053498,-0.7643242,0.92817193;0.004811642,0.20346832,-0.042961385;-2.0113597,-0.428228,-1.1931705;0.6321542,-0.8142663,-0.6785486;-0.39348122,-0.88508046,1.1375531;-2.0056627,-0.7553202,-0.552905;0.7275869,-0.09577595,1.3761264;0.8142847,-0.48908648,1.8277868;0.95957994,0.7977753,-1.5586258;0.096063,0.5005847,-0.0681296;-0.32154182,0.097630486,-0.009255855;-0.25303915,0.72610295,0.51022995;0.18668383,0.27173465,-0.65481013;0.8761925,1.4737188,-0.6062849;0.06612434,1.2061692,-0.08926468;-0.29144305,-0.49213096,0.81186754;-0.486036,-0.8264804,0.77657163;-1.151844,-1.3252068,-0.32514432;0.4573606,0.40590084,-1.3954281;-0.36597252,-0.82867056,-0.41173428;-1.5406469,-0.3076382,0.8838761;0.015485247,-1.0353692,1.0362207;0.42130747,-0.81979674,-0.38358265;1.7692745,0.8846567,0.063874245;-1.7656473,-0.60356885,-1.1411546;1.2734437,0.33790466,0.71244;0.81868273,1.1339251,0.0054178573;0.9445516,1.568972,-0.24710806;-1.2202667,-1.1003875,-0.7237206;-1.5027062,-0.54361236,-1.0023023;0.0880323,0.23685537,-0.49292332;0.3016844,0.40194395,0.054463513;0.23475173,0.86973315,-0.16850662;-2.2021284,-0.9922217,-0.97789437;0.32474515,-0.51152194,0.11650331;1.6084571,0.53031,0.66364455;-1.9528141,-0.71254903,-0.5183159;0.19547993,0.32571274,-0.69932544;0.84039,-0.5533902,1.8841301;0.08392913,-1.072654,1.0317397;0.7297539,-0.78030014,1.0914884;0.5339574,0.6921122,-0.81468284;0.644391,1.6253604,-0.51552314;1.4662597,2.0246034,-0.5382585;0.48482293,-1.1810949,0.6943945;-0.6391747,1.1352228,-0.8438579;0.7454562,-0.37944418,0.7983002;0.7015992,0.63585526,-2.0519643;-2.0148664,-0.49202308,-1.4630402;-1.5674796,-1.2978272,-1.1263218;0.59825695,0.32236752,-0.8346593;0.28158036,1.2849177,0.23903899;-0.27026376,-1.0908685,1.2317342;0.44355053,0.33831748,-1.4201764;-1.3865966,-0.9407064,0.7501411;-0.5260115,1.0471842,-0.631119;-2.1999292,-0.59732246,-1.0966319;-0.30328152,0.4245101,0.10644034;-1.6371859,-0.7859068,0.68783027;-0.77780503,-0.81698614,1.1320657;0.824107,1.4522775,-0.6911451;-0.109609894,1.0334233,-0.5836366;1.3239152,1.9216564,-0.42569205;1.6178898,0.66454905,0.6598773;-1.339431,-0.08587576,0.98788846;1.8042555,0.7729845,0.22491442;0.25953135,-0.7950371,2.0813017;0.47918123,-0.9160592,0.629433;0.6959111,1.2432903,-1.3345277;-0.44983402,-0.5592131,0.05873797;1.2202489,1.8128234,-0.34131536;1.0655864,-0.68232024,1.9125046;1.0577711,1.0838418,0.15851454;-2.2027202,-0.9640798,-0.9071726;0.35540226,-0.83414054,-0.81318355;0.1535339,0.95977116,-0.48722658;-0.19697979,-0.6588857,-0.11687936;0.030948551,0.1634544,-0.20713872;0.87619054,1.4736998,-0.6062651;-1.9950712,-0.55799156,-1.2742165;-1.5176331,-0.5366866,-0.6894375;0.586096,1.2155901,0.26347163;0.7604661,1.2761328,-0.15543121;0.6201123,0.9075037,-1.9226422;-0.48487693,-0.76273406,-0.5462926;-0.9595921,-1.0442351,-0.050640665;0.62719333,-0.46774068,0.26529393;1.5004628,0.39006248,0.7263559;0.6253936,0.92606133,-1.9572437;-0.28003436,-0.5356525,0.7490309;-2.0950098,-1.0644791,-0.95927155;-0.37684384,-0.70656735,-0.6596866;0.4710384,0.96426564,-0.74494505;-1.9980651,-0.04378065,-1.250953;-0.1798933,-1.4372243,-0.08677655;0.8194978,-0.81738514,2.2980757;1.373361,0.9198765,0.51973206;-0.21462153,0.29432783,-0.034776308;0.85575986,1.4121672,-0.5463144;0.627445,0.9559473,-1.7414459;-0.32375002,0.78654677,0.013830849;-1.1712023,-0.47400993,1.005614;0.7346536,1.5484216,-0.39724827;1.5043646,2.1639757,-0.5525872;-0.3155806,-0.08858026,1.4066665;-0.29174808,1.2225574,-0.82656246;0.7233941,0.15778987,-0.0024726298;-0.0548471,0.75751424,0.38162392;-1.1480995,-1.5214853,-0.76219296;1.4175665,0.24835932,0.75732136;0.6047384,-0.37066448,0.7714964;-1.0666878,-1.3762755,-0.31810254;1.2144169,1.1818033,-0.19671997;0.7823159,-0.51002014,1.7382082;0.06291836,1.5394628,-1.1547611;0.38542882,-1.0012766,0.9069203;-1.0377231,-0.5788372,0.3265531;0.010665421,-0.281795,0.4427873;-1.5769643,-1.2896847,-0.8055694;0.5180498,0.3817776,-0.73787844;0.45751533,-0.71307474,1.5259705;-0.1350233,-0.020675905,1.4917076;0.9294738,0.24215966,0.4059178;1.7696728,0.8454235,0.087731585;0.68925905,-0.79443645,1.3174541;0.77616507,-0.19052927,1.9646468;0.6441778,-0.036223155,0.43647802;1.7103593,0.91437864,-0.12854317;0.3077227,1.1639528,0.4081248;-1.3984499,-0.24305582,-0.797681;-1.7553986,0.14593138,-0.9560446;1.07967,-0.76264113,2.2743416;0.3469985,1.1112869,-0.595414;-0.5437726,1.1900954,-1.0603199;1.3987775,1.9579995,-0.7674836;0.96702474,-0.61697114,1.7933859;1.0011033,-0.7895843,2.288105;-0.3883654,-1.5923952,-0.3168171;0.45173937,0.38433236,-1.4002109;1.7480145,0.81708765,-0.04234395;0.87995374,-0.4904054,2.0682926;-0.28232905,-1.6851342,-0.02433262;0.7299385,-0.76662403,1.0849844;0.8647021,1.2761246,-1.4535494;0.6007684,1.2575042,-0.23688173;0.5136871,-0.9598459,0.08888732;-0.8618278,-0.47894388,0.7252995;-0.3179766,0.022755316,0.5320844;-0.63313824,-1.7219744,-0.6076657;-0.27713022,-1.5399274,0.099513784;0.18246143,0.033072185,1.42766;1.2317486,1.983644,-0.39895004;0.9008098,0.08024891,1.210583;-0.4933187,1.2311012,-1.2651883;1.0759947,-0.23997532,0.7916562;0.7933726,-0.28526947,1.4608785;0.69928616,-0.6592717,0.1809074;-0.47268623,-0.5771169,0.6933204;0.85821015,1.3067741,-1.5209043;0.24743223,1.4165295,-1.3471795;-2.0737207,-0.49846706,-1.1976137;-0.87983143,-0.3770869,0.97317004;0.5172694,-1.0022751,-0.4848665;0.4143769,0.37618494,-1.3318621;0.57428414,-0.86773974,0.2644705;-0.094914295,-0.93713045,1.0958111;-0.925223,-1.0455464,0.55030453;0.8317964,-0.7894543,2.238681;0.47921184,0.40121627,-1.4580704;-0.15434544,-0.6879789,-0.10105935;1.6007193,0.46891442,0.6777976;0.25380126,-0.67097014,1.5776259;-0.12144535,0.3854001,-0.2741817;1.360678,-0.21635355,0.70034873;-0.4073964,-1.6265304,0.0451568;1.0798683,2.1377401,-0.5941997;-2.0794287,0.055000383,-1.2963471;0.9425907,2.2276592,-0.3070749;0.6919139,2.2218196,-0.81297576;0.29243308,-1.1654767,0.033576813;-0.10997392,-1.2343282,-0.11654742;-1.1663523,-1.2385614,-0.24219687;0.6553084,-0.70761096,0.34980252;-1.795649,-1.5864525,-0.89352775;0.7622745,-0.09950308,1.3801177;0.981504,1.2464542,-0.144481;0.8993954,1.4723762,-0.64646727;0.012426921,0.21782598,0.58521694;0.87726426,1.2856379,-1.5789999;-1.2875752,-0.42542687,-0.26042032;1.6168149,0.8969159,0.36309683;-0.36350185,-0.46892244,1.4332669;1.367751,2.0586364,-0.44439328;-1.1381812,-1.1514125,-0.14410745;1.5332726,2.1702278,-0.70846653;0.39072847,-0.95679206,-0.49857688;0.8022004,-0.084912054,1.3720424;-0.11705516,-0.4985085,1.5919067;-1.2550423,-1.3293072,-0.43941867;0.052727014,0.08739915,-0.9877083;0.57166976,-0.4972124,0.23377572;-0.17134283,-0.032288663,0.4010403;0.5643883,0.3848922,-0.79798657;-0.5676982,1.191898,-1.1913561;-0.69319814,-0.6539513,1.0861439;0.9320739,-0.38892993,1.7637248;0.9346139,1.4754865,-0.5673686;1.031188,1.8148901,-0.34771734;1.6443127,0.7474699,0.5754815;1.0445936,1.6924094,-0.17989704;-0.26446864,-0.62158823,1.1132503;0.18780255,0.68405586,-0.5828687;0.44966865,-0.008180654,0.49494696;1.0353363,2.2866492,-0.4076282;-1.1780485,-0.8748258,-0.50505465;-1.1842792,-1.0328215,0.7245534;0.7003022,-0.750338,2.555154;1.3981409,0.7741036,-0.12168849;0.80803543,1.282385,-1.3834629;-0.3940813,-0.57463765,0.7602201;-0.56332296,-0.85663223,1.0756571;1.3093759,-0.77655643,2.2403805;-0.47824955,-0.69419426,-0.12248042;-0.005342149,1.0992317,-0.053837705;1.105274,2.4038298,-0.40855157;0.6375975,1.6262367,0.08881487;0.80641866,-0.7670652,0.77337724;0.7957953,-0.84771395,2.481804;-1.8107619,-1.586379,-0.8808081;-0.03626285,-1.3823912,0.32788792;-0.3057354,-0.72556233,1.504968;1.827832,0.98856974,0.10456701;0.3494393,1.4932262,-1.3512595;1.6714149,0.804696,0.4984779;0.9925491,1.6346173,0.0047622286;-0.98586124,-0.8352622,-0.40873218;0.2507359,0.5566311,-0.2492373;-0.020753471,-0.6229049,2.1264822;0.042868465,1.4471539,-1.3173283;0.571059,2.2587626,-0.9336237;0.33635858,-1.216962,0.5861638;-1.6384635,-0.57960117,0.77937186;0.6050146,0.45253825,0.39498913;-0.072302215,-1.104741,1.0600282;0.98022485,-0.687187,2.1736128;-0.6354873,-1.059767,-0.3385898;-0.371444,1.2474836,-0.8937056;1.122456,0.24613975,0.7629779;-0.5943132,1.1711465,-1.149418;0.45883405,0.5981202,-0.7464547;-1.6005902,-1.1439689,-0.72723764;-2.0195613,-0.19457604,-1.1917051;0.3016687,-0.78524303,1.8319775;0.59609884,0.8882509,-1.9518443;-1.553135,-1.4442058,-1.1439326;0.79213166,1.1729993,-1.3233505;0.44646457,-0.37905592,0.3440526;0.29851422,0.9090479,0.15980247;1.0156102,0.84267896,-1.7380705;-1.5629896,-1.2729176,-1.2506888;-0.5466118,1.1131939,-1.0888788;1.1043708,-0.4524435,0.31494612;-1.2701473,-0.9047644,-0.22643948;-1.2367362,-1.2321613,-0.30461547;0.8154713,-0.76549697,2.124202;-1.1796843,-0.45873207,0.93943876;0.11236854,-0.40041357,1.206605;0.7154296,-0.14018072,1.5323049;0.85161847,1.3120764,-1.5127671;0.2821093,0.29362732,-0.79430324;1.452692,1.157246,-0.11936638;0.0776497,-0.6902483,2.0032399;1.1857843,0.96567345,-0.13832115;1.3744729,-0.2194244,0.6946816;1.2386674,-0.7151176,0.54213935;-1.6083767,-0.8387651,-0.6602452;-1.2416676,-0.05595172,0.99923044;-1.1958555,-0.45489934,0.9045161;0.39178208,0.32408094,-1.3245747;0.91936684,1.7316957,-0.35385093;0.12627016,-0.31347927,0.5523765;1.1003346,1.8312705,-0.21405631;-0.42506838,-0.59177047,0.72645783;1.7778722,0.8279466,0.11300161;0.9614641,1.1656191,0.0013897811;0.8025034,-0.34553733,0.762776;-0.5020637,1.0171205,-0.57922095;-0.20133671,-0.13428095,0.5462388;0.5908643,0.91158456,-1.8864323;0.9200024,0.04990313,1.1784332;0.55963063,-0.40886244,2.1183774;-1.5844861,-0.52855694,-0.6997536;-0.23395164,-0.047587167,1.8339933;-1.2618922,-1.3052913,-0.41172248;-1.502689,-0.5125697,-0.77059275;1.5907791,-0.2173424,0.47659987;0.98250765,-0.17675288,1.2938176;0.77074033,0.33103117,0.58727103;-1.5552776,-0.5608698,-1.045573;1.1635255,-0.43120405,0.75352407;0.48146912,1.0702766,-0.6537032;0.46957818,0.8497086,-0.2449989;-0.06727129,-0.37068778,0.100350074;-2.0936193,-1.3668767,-0.6365878;-0.56989723,-0.9183819,0.030544627;-1.0277195,-0.6060688,0.30179623;-1.0538672,-0.56464887,0.56062573;0.13783231,-1.0449685,0.9626749;1.5011631,2.1658888,-0.5517849;-0.35141665,1.2677416,-0.7294659;0.23143071,-1.2619998,0.41751224;-0.8588839,-0.46920645,1.3148509;-1.9480097,-0.8459366,-0.4732904;-0.6086273,1.1633197,-1.0917183;-2.1845145,-0.5853403,-1.1100593;-0.24229245,0.69613624,0.43597987;0.47422445,1.7130632,0.042001937;0.12764166,-0.9723853,0.93258303;0.6896622,2.2221043,-0.80956084;0.028636731,1.4230577,-1.1976615;0.3841272,-0.9303056,-0.5749441;0.46718094,-0.34608638,0.7388464;0.44617817,-0.025968103,0.07003689;0.41965672,0.32814476,-1.389995;0.2561629,1.1481048,0.22499827;-0.21244425,-0.53031665,0.94519067;0.0047834935,0.23897834,-0.23431443;-0.25749123,-0.45504904,1.4672338;-1.6701102,-1.036475,-1.2984037;-0.4068704,-1.4625636,0.11639512;1.1630805,1.1674558,0.21661341;0.80436254,-0.3351339,0.7943502;-1.6122872,-0.65173304,-1.4316046;0.11946308,0.07977352,-1.1066616;-1.7837038,-1.2347006,-0.8510072;-0.24330649,-1.4765048,0.05098042;0.9360131,-0.018997917,0.35305685;0.44672593,0.8706427,0.031792913;1.4492106,-0.21086198,0.6325244;1.4113616,-0.3286409,0.74704146;0.03303964,0.42746073,-0.68922114;1.8070942,0.749022,0.037785027;-0.011907398,-0.6733299,1.6375816;-1.6126537,-0.96601033,0.6035201;0.5804748,0.9002122,-1.4404444;0.6253203,-0.5279163,0.18363658;-0.07914692,-0.56602955,1.2400006;-0.025940357,-0.11795196,1.4565468;1.631461,0.70952463,0.61187166;0.6867471,-0.75331616,1.5410259;0.55566305,1.0280746,-0.54325986;0.5288603,-0.07990019,0.060532898;1.2549757,2.3979452,-0.6671315;0.86482966,1.3085252,-1.5847859;0.65801114,1.7883369,-0.078644834;0.6619384,1.3977367,-1.2381076;1.4112548,0.37657443,0.49022478;0.49678364,-0.35938376,2.076146;-1.9072776,-1.5795821,-0.7770628;-1.3169928,-1.4123721,-0.51913446;0.78648907,-0.19028804,1.8903475;0.75806403,1.4818714,-1.2154355;0.46547052,1.1377659,-0.6797308;-1.9255047,0.09085477,-1.1161778;-0.6334151,-0.6384065,-0.10008957;0.042638652,0.39404914,-0.68662935;0.81583893,-0.55962366,2.2297251;-0.3109677,-0.84187305,1.0942243;0.28879717,1.1647004,0.42324284;-0.12004987,1.2358134,-1.1669059;0.5513858,-0.91330904,0.8865343;-0.35828972,-0.21242003,1.7874477;-2.093208,-0.98705125,-1.0244539;0.90022063,1.2686225,-1.5177095;0.8739524,0.030015144,1.2426864;-0.13289198,0.10332603,1.494405;0.38067457,-0.3237986,1.8824904;0.62180996,2.1731818,-0.8439286;1.6252794,0.6358498,0.6499352;-1.0082467,-0.96968156,-0.12885508;1.0846643,0.7797747,-1.8460191;-0.6909242,-0.29782024,1.2210988;-1.4488093,-0.42144006,0.8763165;0.6411852,-0.8173113,-0.663394;0.6696458,-0.5922949,0.2862016;-0.39418787,-0.71202636,-0.64915127;-0.20518322,-0.26590726,0.3430184;0.63252544,0.9819413,-0.0021271408;-1.6548287,-1.0506793,-1.3086737;-1.2765465,-0.8895606,0.7752446;0.8971826,-0.8409903,2.3961313;0.6516141,0.90676004,-0.24093094;1.461815,0.39037317,0.46362963;-1.2585511,-1.0149002,0.75556904;0.7317406,1.0985779,0.21273771;-0.1217818,0.16731492,1.4136559;0.64526397,1.2241939,-0.7213045;-0.4556087,0.5330921,0.26709804;-0.6142273,-1.7166204,-0.5949952;-1.6477708,-0.60942,0.74506307;-1.9314889,0.092154555,-1.118753;-0.6189538,-1.5497482,-0.040706735;0.56616795,0.33910453,0.13892227;1.6616493,0.75863075,0.56864494;0.9562576,1.5556964,0.07867519;0.4888107,0.43106258,-0.7161861;0.5370015,0.31741738,-0.81778646;-1.522751,-1.4664513,-1.1535782;0.63141143,-0.81340563,-0.67876345;1.2287579,0.9965136,-0.17036323;-0.8754114,-0.75576526,1.087768;-1.4672151,-0.42407623,0.8716315;-0.28815502,-0.2571724,0.9891925;1.3088645,-0.21630521,0.7295667;0.79563487,2.1903906,-0.82657003;-0.22923659,-0.033741746,1.8590187;1.4485539,0.33680806,0.6712656;-0.5752266,-0.6028688,1.3080336;1.493899,2.1241262,-0.53863215;-1.4838752,-0.02936182,0.9339986;1.1643311,2.4991918,-0.40817785;0.69402164,-0.2994761,2.0394673;0.49823204,0.033918347,0.090019114;0.6238994,2.0854409,-0.73776054;-1.336517,-0.97974205,-0.34675398;-0.24018188,0.254813,-0.10256599;0.12010226,1.0992618,0.18405919;1.1209558,-0.47293088,0.7210574;-1.6553057,-1.0494847,-1.3102471;1.2861325,2.316123,-0.47248378;0.5072681,0.6524157,-1.1316346;0.57942873,0.049188294,0.090724565;0.0039297547,0.8147905,0.35504937;-1.9068985,0.11749924,-1.0949371;-1.9270059,-0.03252943,-1.2969162;1.1680653,1.1313417,0.21118043;1.4741325,2.081902,-0.5139162;1.58326,1.3302581,-0.10257067;-0.5519135,1.2105439,-1.2100194;-1.3983152,-0.04665003,-0.77855444;0.69755334,0.54497623,-0.8490817;1.580348,1.3313886,-0.19730005;0.79611546,-0.62369704,2.3799067;-1.2633713,-0.3209106,-0.97664547;-0.15114161,-1.3026721,-0.11310308;-1.5668072,-1.4720863,-0.74154454;0.73343986,0.32269934,0.72916293;0.9140054,1.026404,-2.1627722
