data_set
babi-q1
num_classes
6
data_points
1000
model
saved_models/babi-q1-e0112.ckpt
color_schema
#4E79A7,#F28E2B,#E15759,#76B7B2,#59A14F,#EDC948,#B07AA1,#FF9DA7,#9C755F,#BAB0AC
test_accuracy
0.843
test_loss
0.4737245149612427
train_accuracy
0.90425
train_loss
0.2638495033830404
val_accuracy
0.8595
val_loss
0.38908790731430054
labels
12,9,15,12,15,12,11,12,17,17,15,11,17,10,10,15,11,15,17,15,12,17,17,12,10,10,10,15,15,15,12,17,15,15,9,17,9,11,15,10,9,11,9,12,11,15,12,9,17,10,10,17,11,11,15,10,15,12,11,12,12,17,9,11,11,15,15,9,17,17,11,12,11,10,9,15,15,15,12,17,11,9,10,11,17,11,11,12,15,15,9,9,12,9,9,15,15,15,10,10,10,9,17,11,11,12,10,9,17,10,9,9,15,12,15,11,17,15,9,17,10,9,10,12,10,17,11,11,11,9,11,12,9,11,15,9,17,15,9,9,17,12,12,17,10,15,15,15,15,15,11,11,9,17,10,9,11,10,17,12,10,10,10,11,9,11,11,11,15,10,17,17,11,9,9,17,15,10,17,17,12,12,12,12,10,9,17,11,15,17,12,15,11,12,12,11,17,15,9,10,12,17,17,10,12,9,15,12,9,12,9,10,12,10,9,10,9,12,12,9,9,12,15,12,10,17,12,11,9,9,17,11,12,17,12,10,10,10,10,17,12,15,11,11,15,15,11,11,11,11,10,17,9,9,10,10,17,17,15,11,11,17,12,17,17,9,11,10,9,10,15,17,17,15,9,17,15,12,17,9,9,11,17,17,11,17,9,17,11,9,15,15,10,15,15,11,11,12,12,9,9,9,9,17,12,11,9,17,17,15,11,11,17,10,11,17,10,17,17,11,11,15,15,11,11,9,10,11,11,10,15,17,15,10,10,17,12,17,12,12,12,11,17,15,11,17,12,12,15,15,10,11,11,10,10,9,17,12,11,12,11,9,11,11,11,11,11,12,12,12,12,12,11,11,17,10,15,9,9,10,9,10,10,17,17,15,17,17,17,15,15,12,9,10,17,17,10,17,9,11,10,11,10,15,17,15,12,10,11,15,10,11,9,12,17,10,10,15,12,9,12,12,9,12,10,15,15,17,10,10,17,15,15,15,17,11,15,9,10,11,10,12,9,11,10,11,10,12,11,15,15,15,15,11,9,15,10,12,11,12,9,11,10,17,11,11,10,10,10,17,12,17,17,9,15,11,9,15,11,9,10,10,12,12,11,10,9,12,10,9,15,10,10,11,11,15,15,10,12,12,15,11,9,12,9,15,10,17,17,10,10,17,10,10,17,9,9,10,12,11,17,17,12,12,11,12,17,11,11,12,11,11,11,17,9,11,10,12,12,10,11,17,12,12,15,11,15,15,12,10,10,9,17,10,15,12,15,10,10,10,11,10,11,15,10,9,9,15,10,10,10,10,15,15,17,9,10,12,10,10,12,12,11,15,10,10,11,12,10,10,17,12,17,11,9,9,17,17,11,10,10,10,15,15,17,11,15,12,11,10,15,17,9,11,9,17,15,12,15,17,11,17,17,15,9,10,9,9,10,10,9,10,10,15,11,11,11,15,12,9,11,11,10,17,11,11,12,17,15,15,9,11,15,15,11,9,15,15,11,15,15,15,11,10,10,9,17,17,17,17,10,10,17,9,15,9,17,12,12,12,15,15,15,17,9,11,9,17,9,12,11,9,9,17,11,11,11,10,15,10,12,12,9,9,17,12,12,9,17,12,11,11,15,15,12,11,12,17,12,17,11,12,11,17,17,11,17,9,11,9,10,10,12,17,10,12,9,9,9,15,11,11,15,17,9,10,9,12,17,15,17,17,12,10,12,11,11,17,15,9,17,10,9,11,12,15,9,15,12,10,9,10,17,17,15,15,9,9,9,17,10,17,17,9,12,17,17,12,12,11,11,11,11,17,11,17,17,17,17,17,12,9,17,10,17,11,10,10,12,12,11,11,17,12,12,17,17,15,11,17,11,11,9,12,9,17,9,10,9,15,11,9,11,15,10,9,9,9,17,12,11,11,17,15,15,10,10,11,11,17,10,12,9,10,10,10,10,10,15,17,9,11,17,15,12,11,10,10,15,12,10,11,12,12,11,11,11,15,12,17,10,12,17,17,12,10,10,12,17,10,11,17,11,12,17,17,11,12,11,17,9,9,11,17,11,11,15,15,17,17,10,10,17,12,11,15,12,11,11,10,9,12,12,15,10,9,17,15,17,9,17,17,10,17,15,12,12,11,10,10,10,17,17,15,12,17,9,9,15,10,12,15,15,15,17,17,15,11,15,10,12,9,9,10,11,11,9,9,12,15,9,15,9,12,12,10,17,17,10,12,15,9,10,17,11,11,11,17,9,9,11,15,11,11,11,15,12,17,9,10
pred_labels
12,9,15,12,15,12,11,12,17,9,15,11,11,10,11,15,11,15,15,12,12,17,17,9,11,10,10,15,17,15,12,17,15,15,9,17,9,11,15,11,9,11,11,15,11,15,12,9,17,10,10,17,11,15,11,10,15,12,17,12,12,17,9,11,12,15,15,9,17,9,11,12,11,10,9,15,11,15,15,17,11,9,10,15,17,11,11,12,15,15,9,9,12,9,9,15,15,15,10,10,10,9,17,11,11,12,10,9,17,10,9,15,15,12,15,11,15,9,15,17,10,9,9,12,10,17,11,12,11,9,11,10,9,11,11,9,17,15,9,9,17,12,12,15,10,15,15,15,15,11,11,11,9,17,10,9,11,10,17,12,10,11,10,11,9,11,11,11,15,10,17,17,12,9,9,17,15,10,17,17,12,17,12,12,10,9,17,11,15,17,12,15,11,12,11,11,15,10,9,10,12,17,17,10,12,9,15,12,9,11,9,10,12,10,11,10,9,12,12,11,9,17,15,15,10,17,10,11,9,9,17,11,12,17,17,10,10,12,10,17,12,15,11,11,15,15,11,11,9,11,10,10,9,11,10,10,17,10,15,11,11,17,12,17,12,9,11,10,9,10,15,17,17,15,15,17,15,12,17,9,9,11,17,12,11,17,9,9,11,9,15,15,10,15,15,11,11,12,12,9,9,9,11,17,17,11,9,17,9,15,11,11,17,10,10,17,10,17,15,11,11,15,9,11,10,9,10,11,15,10,15,17,15,10,15,17,12,9,12,10,12,11,17,15,11,17,17,12,12,15,10,11,11,10,10,9,17,12,11,12,11,9,11,11,11,11,11,12,12,12,12,12,11,11,17,10,15,9,11,10,9,9,12,17,17,15,17,17,17,15,15,12,9,10,17,17,10,17,9,11,10,11,10,15,17,15,10,17,17,15,10,11,9,12,17,10,10,15,12,9,12,11,9,10,10,15,15,17,10,10,17,15,15,10,17,11,11,9,10,11,10,12,9,11,10,11,10,12,11,15,15,11,15,11,9,15,10,12,11,12,9,11,10,17,11,11,10,11,10,17,12,17,17,9,15,11,9,15,11,9,10,15,12,12,11,10,9,12,10,9,15,10,10,10,10,15,17,10,12,15,15,11,9,12,9,15,10,17,17,10,10,17,10,17,15,9,9,10,12,11,17,17,12,12,11,12,17,11,12,12,11,11,11,12,9,11,10,12,12,10,11,17,12,12,15,11,15,15,12,10,10,9,17,10,15,12,15,10,10,9,11,10,11,15,10,9,9,15,10,15,10,11,15,15,17,9,10,12,10,10,12,10,11,15,10,10,11,12,10,10,17,12,17,11,9,9,17,12,11,10,10,10,15,15,17,11,15,12,12,10,15,15,15,11,9,17,15,12,10,17,11,17,10,15,9,10,9,9,10,10,9,10,10,15,11,11,11,15,12,9,11,10,10,17,11,11,12,17,15,11,9,11,15,15,11,9,15,15,11,15,15,12,11,10,12,9,17,17,17,11,10,10,17,9,15,9,17,12,17,10,15,15,15,17,9,11,9,15,9,12,11,9,9,17,11,11,9,9,15,10,12,12,9,17,17,12,11,9,12,11,11,11,15,15,12,11,12,17,17,17,11,12,10,17,17,11,17,9,11,9,10,12,12,17,11,12,9,9,11,11,11,11,11,9,9,10,9,12,17,15,17,11,12,10,10,11,12,17,9,9,17,10,9,11,12,15,9,15,12,10,9,10,17,17,12,15,9,15,9,17,10,17,17,9,9,17,15,12,12,11,11,11,9,17,11,17,17,9,17,11,12,9,17,10,17,11,10,10,12,10,11,17,12,12,12,17,17,15,11,17,11,11,9,12,10,17,9,10,9,15,11,9,10,15,10,9,9,9,17,12,11,11,15,15,15,10,10,11,11,9,10,12,9,10,10,10,10,10,15,17,9,11,17,15,12,11,10,15,11,12,10,11,12,12,12,11,11,15,15,17,10,12,15,15,12,10,10,12,12,9,11,17,11,12,17,17,11,12,15,17,9,17,11,11,15,11,15,15,11,17,10,10,17,9,11,15,12,11,11,10,9,12,12,15,10,9,17,15,17,9,17,17,10,17,15,12,11,11,10,10,10,17,17,15,12,17,9,9,15,10,12,15,11,15,17,17,15,11,15,10,12,9,9,10,11,11,9,9,12,17,9,15,9,12,9,10,17,9,10,12,15,9,9,17,11,11,11,17,9,9,11,15,11,17,11,15,12,17,9,9
pred_correctness
True,True,True,True,True,True,True,True,True,False,True,True,False,True,False,True,True,True,False,False,True,True,True,False,False,True,True,True,False,True,True,True,True,True,True,True,True,True,True,False,True,True,False,False,True,True,True,True,True,True,True,True,True,False,False,True,True,True,False,True,True,True,True,True,False,True,True,True,True,False,True,True,True,True,True,True,False,True,False,True,True,True,True,False,True,True,True,True,True,True,True,True,True,True,True,True,True,True,True,True,True,True,True,True,True,True,True,True,True,True,True,False,True,True,True,True,False,False,False,True,True,True,False,True,True,True,True,False,True,True,True,False,True,True,False,True,True,True,True,True,True,True,True,False,True,True,True,True,True,False,True,True,True,True,True,True,True,True,True,True,True,False,True,True,True,True,True,True,True,True,True,True,False,True,True,True,True,True,True,True,True,False,True,True,True,True,True,True,True,True,True,True,True,True,False,True,False,False,True,True,True,True,True,True,True,True,True,True,True,False,True,True,True,True,False,True,True,True,True,False,True,False,True,False,True,True,False,True,True,True,True,True,True,True,False,True,True,False,True,True,True,True,True,True,True,True,True,True,False,True,True,False,True,False,True,True,True,False,True,True,True,True,True,True,False,True,True,True,True,True,True,True,True,True,False,True,True,True,True,True,True,True,True,False,True,True,True,False,True,True,True,True,True,True,True,True,True,True,True,True,True,True,False,True,False,True,True,True,False,True,True,True,True,True,False,True,True,True,False,True,True,True,False,True,False,True,True,True,False,True,True,True,True,True,False,True,True,False,True,False,True,True,True,True,True,True,False,True,False,True,True,True,True,True,True,True,True,True,True,True,True,True,True,True,True,True,True,True,True,True,True,True,True,True,True,True,True,True,False,True,True,False,False,True,True,True,True,True,True,True,True,True,True,True,True,True,True,True,True,True,True,True,True,True,True,True,False,False,False,True,True,True,True,True,True,True,True,True,True,True,True,False,True,False,True,True,True,True,True,True,True,True,True,False,True,True,False,True,True,True,True,True,True,True,True,True,True,True,True,True,True,False,True,True,True,True,True,True,True,True,True,True,True,True,True,True,True,False,True,True,True,True,True,True,True,True,True,True,True,True,True,False,True,True,True,True,True,True,True,True,True,True,True,False,False,True,False,True,True,False,True,True,True,True,True,True,True,True,True,True,True,True,True,False,False,True,True,True,True,True,True,True,True,True,True,True,True,True,False,True,True,True,True,False,True,True,True,True,True,True,True,True,True,True,True,True,True,True,True,True,True,True,True,True,True,True,True,True,True,False,True,True,True,True,True,True,True,True,True,False,True,False,True,True,True,True,True,True,True,True,True,False,True,True,True,True,True,True,True,True,True,True,True,True,True,True,True,False,True,True,True,True,True,True,True,True,True,True,False,True,True,False,False,True,True,True,True,True,False,True,True,True,False,True,True,True,True,True,True,True,True,True,True,True,True,True,True,True,True,True,True,False,True,True,True,True,True,True,True,False,True,True,True,True,True,True,True,True,True,True,True,False,True,True,False,True,True,True,True,False,True,True,True,True,True,True,True,True,False,False,True,True,True,True,True,True,True,False,True,True,True,True,True,True,True,True,False,False,True,True,True,True,True,False,True,True,False,True,False,False,True,True,True,True,True,True,True,True,False,True,True,True,False,True,True,True,True,True,True,True,True,False,True,True,False,True,True,True,False,False,True,True,False,False,True,True,True,True,True,True,True,False,True,True,False,True,False,True,False,True,True,True,True,True,True,True,True,True,True,True,True,True,True,True,False,True,True,False,True,True,True,True,True,True,False,True,False,True,True,True,True,True,False,True,True,True,True,False,True,False,True,True,True,True,True,True,True,True,True,False,True,False,False,True,True,True,True,True,True,True,True,True,True,True,False,True,True,True,True,True,True,True,False,True,True,True,True,True,True,True,True,True,False,True,True,True,True,True,True,False,True,True,True,True,True,True,True,True,True,True,True,True,True,True,True,True,True,False,False,True,True,True,True,True,False,True,True,True,False,True,True,True,False,False,True,True,True,True,False,False,True,True,True,True,True,True,True,True,False,True,True,False,True,False,False,True,True,True,False,True,True,True,True,False,True,True,True,True,True,True,True,True,True,True,True,True,True,True,True,True,True,True,True,True,True,True,False,True,True,True,True,True,True,True,True,True,True,True,True,True,True,True,False,True,True,True,True,True,True,True,True,True,True,True,True,True,True,True,True,False,True,True,True,True,False,True,True,False,True,True,True,True,False,True,True,True,True,True,True,True,True,True,True,False,True,True,True,True,True,False
p2d-kl
0.518868625164032
p2d-iter
599
p2d
1.3563503,1.1159915;-1.0280318,-0.74804974;0.67880565,-0.7788332;1.1177243,1.0368158;1.1197809,-1.3075292;1.1434846,0.8125258;-0.123617664,-1.6295873;0.84352714,0.44207186;-0.56762636,0.16231427;-1.0468563,-0.65434444;0.90794253,-1.0705755;-0.15140316,-1.2372798;0.23406397,-0.17272224;-0.7454461,1.6590154;-1.1288506,-0.1792754;0.74624544,-0.84604114;-0.057406064,-1.6253865;0.8879438,-1.0882792;-0.59663296,-0.08358959;-0.5971176,0.10851245;1.0995736,0.7809556;0.20255496,1.2018005;-0.6796069,0.20713598;-1.5589368,-0.594241;-1.2918111,-0.14814773;-0.713294,2.0509002;-0.68881166,2.1716676;0.7923656,-1.0574988;0.3309573,-0.07167825;-1.4329927,-0.47246495;0.89222825,0.81303275;0.35300344,1.3393273;1.1300641,-1.3412503;0.9469049,-1.0161662;2.0669568,-0.28916192;0.1415892,1.1539751;1.7674515,-0.18613683;-0.26445058,-0.9830519;-0.14588289,-0.30409703;-0.018386494,-0.32229787;2.3265328,-0.0911414;-0.59805083,-0.76860046;-1.1041635,-0.32544675;0.024425516,-0.3395371;-0.07470139,-1.30016;0.23505165,-0.531108;-0.604498,-0.06483442;2.4563692,-0.13709033;-0.107948706,0.8124705;-1.0658185,1.2924415;-1.0408809,1.3815025;0.05021038,0.91812533;-0.29111752,-0.921948;-1.022626,-0.23810022;0.025095657,-0.25438422;-0.69794893,2.090592;0.1107421,-0.52698004;0.9340467,0.6567214;0.79438865,0.8922349;0.95619273,1.0496072;1.3307259,1.1051263;-0.018412566,0.9149072;2.3806338,-0.11608421;-1.8218212,-0.68169254;-0.13333946,-0.14959165;1.070209,-1.3200706;-1.0064666,-0.303311;-1.7653267,-0.5663228;0.2473153,1.1428437;-0.49861118,-0.34999308;-0.12601241,-1.7753778;1.129655,1.0369134;-0.18547957,-1.0085568;-1.0892786,1.4046394;2.1890862,-0.2017494;1.0436306,-1.3133339;-0.26980624,-0.56314445;1.1734468,-1.4020306;0.5176715,-0.49324363;-0.01661291,1.0617268;0.023926536,-1.9661658;1.84714,-0.28501445;-0.883302,2.0466506;0.129886,-0.27019784;0.17162775,1.2486125;-0.07364798,-1.7460686;-0.07443339,-1.9974928;1.3220707,1.1201432;1.0954672,-1.2671945;0.8894101,-1.1299274;2.355282,-0.15699817;1.9752623,-0.2507867;1.0241202,0.8863195;1.8246294,-0.19761442;-1.4400553,-0.5056679;0.75262535,-0.87880224;0.06676296,-0.4916512;0.86095995,-1.0718012;-0.7291748,1.658433;-1.1827815,-0.034279667;-0.86519706,2.1237535;1.7471523,-0.26772612;0.28157648,0.8104382;-1.274421,-0.38028055;-1.2543286,-0.47305882;0.74669784,0.53395826;-1.073142,1.2409806;-1.4305913,-0.6031375;0.4289973,0.9519545;-0.9588429,1.6424859;2.427092,-0.062119026;-1.45878,-0.36090267;0.8760504,-1.0652927;1.2834797,0.9390772;0.28945452,-0.13844916;-0.3397161,-0.911381;-0.81203127,-0.31778196;-1.0829438,-0.6140954;-0.7981145,-0.36833563;-0.70431346,0.22459573;-1.0311581,1.3350924;2.0895233,-0.18606257;-0.4653605,-0.06643449;0.77621686,0.8864204;-0.68026704,2.0699203;0.34341568,1.3008016;-0.07814748,-1.5970225;-0.12562104,-0.22995389;-0.18040453,-1.5287836;1.7983471,-0.12780195;-0.064266294,-1.9400128;-0.7253208,1.3337821;1.6401656,-0.25790864;-0.54904115,-0.5870888;-0.2590176,-0.65668154;2.3985677,-0.15237227;0.36829934,1.0308142;0.9363018,-1.0485574;1.6099792,-0.21295808;-1.4547675,-0.4972384;0.31058216,1.2620779;1.2074614,1.0364925;-0.80248195,0.1135922;0.21094577,-0.25316653;-1.1614383,1.0989617;0.9797384,-1.1735431;-1.0605991,-0.19051339;0.8061428,-1.0989051;0.86023295,-1.0359851;-0.0769406,-1.1617956;-0.37976646,-0.93658334;-0.11770132,-1.4003243;-0.08508331,-0.15419492;0.33214512,0.87454677;-0.9928364,1.394674;1.9800154,-0.17140609;-0.6439377,-0.72362936;-0.67913216,-0.2103856;-0.12667605,0.73776084;0.7521583,0.59254706;-0.6497491,1.9566405;-0.5715683,-0.20792365;-0.9319779,1.5704081;-0.2190291,-1.1462941;-0.93151677,-0.7607154;-0.0947161,-1.6677188;-0.032651145,-0.24335699;0.04601753,-0.33879134;0.20602624,-0.4674808;-0.9066161,1.8209584;-0.008792327,1.0123075;-0.527829,0.13208975;0.0011281006,-0.26056892;1.7952265,-0.2622244;-1.6304822,-0.5831068;0.06577664,1.0269217;0.91188973,-1.0288138;-0.888028,1.7816724;-0.09340076,0.69552326;-0.8458775,0.09739931;0.97978014,0.77740717;-0.1482222,-0.10282414;0.77681667,0.5827216;0.966949,0.73987645;-0.80666274,1.7092434;2.2841153,-0.12374469;0.54919916,1.2966216;-0.5024575,-0.8048693;0.73980135,-0.9597647;0.49723604,1.2581381;1.1991564,0.8730144;1.0810704,-1.2390273;0.041381553,-1.8065792;1.2736949,1.0936041;-0.93639815,-0.13962226;0.0059760218,-1.949078;-0.9593407,-0.24691153;0.1189235,-0.1955123;1.8633271,-0.1384667;-1.1552616,1.0414176;0.9775908,0.8463703;-7.219841e-05,0.9331246;-0.26304954,0.11848554;-1.0842053,1.1805938;0.87120354,0.86878145;2.2722616,-0.15829618;0.57465744,-0.6867639;1.2905804,1.1007129;-1.6474626,-0.65719146;-1.1381366,-0.31177917;1.9391717,-0.15157343;-1.0755931,1.3295678;1.1545173,1.039671;-1.6258779,-0.36530071;-1.3658478,-0.4020982;-0.71010244,1.94841;1.667529,-0.22925164;1.2398535,0.91650575;1.2688208,1.0854067;-1.1684188,-0.30738717;1.919375,-0.1950622;0.34464517,0.72213423;0.81902176,-0.9437554;0.16226543,-0.253023;-0.93700004,1.6881711;-0.069121934,0.8073419;-0.43367195,-0.030882344;-0.1524606,-1.5834266;2.2692268,-0.100515984;-0.44659624,-0.46901208;-0.09282145,0.7595232;-1.4812589,-0.48809284;0.88200194,0.9219435;0.00963368,1.1283199;-1.0356587,0.15166715;-0.9723997,1.7405035;-0.39510602,-0.22093672;-1.5386194,-0.37109086;-1.1274929,1.340487;-0.75917053,-0.15027648;0.8065185,0.53337514;1.0634309,-1.2340903;-0.0056873797,-1.7636018;-1.0484282,-0.23602521;0.6411084,-0.7252953;1.0120918,-1.2464055;0.07681691,-2.0708497;-0.27349916,-0.6438981;-1.0097195,-0.5977193;-0.17861588,-0.9807002;-1.1444194,1.1278473;-0.7504147,-0.14199457;1.7057657,-0.36361107;-1.810977,-0.56231457;-0.9389548,1.767467;-0.9827187,1.5950218;0.09824987,1.0937248;-1.4580957,-0.25053096;0.35548764,-0.5668049;-0.032031495,-2.0006578;0.022751357,-2.0288806;-0.10408601,0.7457948;0.9076564,0.6605247;0.1471027,1.0952474;-0.5244027,0.048184972;1.9257598,-0.16705109;-0.15675512,-1.2863542;-0.86190295,2.0017107;-0.47036144,-0.46278223;-1.1717145,1.260096;0.9861906,-1.2279463;0.25503004,0.8012837;-0.5552088,0.15416193;0.819478,-0.9182417;-0.18518755,-0.28364053;0.09436338,0.85805845;-1.183629,-0.5263147;1.3227088,1.0652065;0.50048625,1.0161444;2.299903,-0.1810116;2.319462,-0.08997695;-0.2864494,-1.2849482;-0.43029356,0.43797806;-0.87736315,-0.042999852;0.06417344,-2.025547;0.096124575,1.0597475;-0.9440495,-0.8095153;-1.5483866,-0.3548739;-0.12798436,-1.5154477;1.773664,-0.28093103;1.0633869,-1.3266156;-0.7737909,-0.37913933;-1.0454588,1.4339833;0.8443904,-1.0817872;0.9727657,-1.2116187;-0.2112812,-1.1933537;-0.91855145,-0.36333346;-1.2574975,-0.2568779;1.2268554,1.0444;1.6281462,-0.2013488;2.2476249,-0.13709271;-1.7994536,-0.6624681;-0.6173979,-0.041955452;0.26211149,1.2366172;0.2523602,-0.07784886;-0.4336437,-0.8708671;2.09812,-0.29621893;-0.07356483,0.17592046;-1.7847512,-0.53429997;0.3885103,-0.5837691;-0.37063652,-0.93232673;-0.631819,-0.2601299;-1.4717773,-0.2677307;-0.8584835,1.6670502;-1.1203946,-0.099758826;0.21379818,1.2344238;-1.1440684,1.1064146;0.00980287,1.0038103;0.172731,-0.25623596;-0.22091009,-0.9488655;-0.013033479,-1.8558738;1.1362274,-1.3935161;-1.2585692,-0.56514573;0.07647355,-1.7157342;-0.6740575,-0.13646801;2.035978,-0.1812702;-0.66868603,2.02792;0.020182407,-1.5880868;-0.18126756,-0.5200564;-0.71539336,1.7300647;0.71956784,-0.8048646;0.034753777,1.0312927;0.17969835,-0.22753738;-0.68415236,1.3675615;-0.50675434,-0.022899626;0.46451765,1.2658235;0.94421524,0.7016832;-1.7400131,-0.5862352;1.1262815,0.75177765;-1.8152881,-0.52268803;1.2854892,0.982529;-0.19769678,-1.4555056;-0.42870563,0.44364756;1.1098524,-1.2370576;-0.25928205,-1.3111392;0.06670081,0.995704;0.22868286,-0.15392387;1.1068896,0.74278975;-1.1933683,-0.15036947;1.1650532,-1.4367807;-0.6876425,2.1882474;-0.60970354,-0.16788808;0.038382124,-1.8609244;-1.0149561,1.6139979;-1.3747455,-0.19271189;1.864238,-0.20674363;0.36000842,1.3298768;0.3403667,0.71844286;-0.08655621,-1.7624974;1.081565,0.80397534;0.011465848,-1.6735218;1.6576915,-0.36082545;-0.4692539,-0.8180227;0.29554737,-0.14326598;-1.8260626,-0.6501511;0.06037481,-2.1474824;-0.094713695,-0.29923323;0.69596213,0.40220428;1.2926835,1.0422143;-0.95833325,0.08772602;0.9716449,0.7642415;-1.0963907,0.07740962;-0.3123744,-0.91505075;-1.0194106,-0.19906688;0.07879711,1.0670207;-0.9647774,1.4627615;1.08366,-1.3625649;1.6369716,-0.33122844;-0.83655345,-0.34498605;-0.76545775,1.7422184;2.3179445,-0.12805358;-1.7603241,-0.64077497;-1.7399426,-0.5113295;-0.71314824,0.17072807;-0.64667434,0.19604054;0.17955732,-0.52049387;0.3043505,1.1427523;0.014028542,0.96534145;-0.8358955,0.21113895;0.49509484,-0.5641063;0.99002415,-1.1702244;1.0287756,0.7437196;-0.8875563,-0.8284339;-1.1089438,1.2983009;0.4559048,1.0253823;0.017298745,1.0371989;-0.67025894,1.8339251;0.5525834,1.2806756;1.9625477,-0.19506808;-0.62028235,-0.7468831;-0.9787025,1.6143969;0.075086795,-2.1192472;-0.6699624,2.0431566;0.5796724,-0.8471137;0.08470057,0.9058231;0.06812741,-0.45484295;-0.74782366,1.5252428;-0.41783866,0.08170081;-0.8612444,0.08573942;0.49771404,-0.68524796;-0.8150021,2.1652572;-0.27567133,-1.2901067;2.053193,-0.25218618;-0.14780797,0.032177206;-0.055353686,0.7250588;-1.1510793,1.1569109;-0.97776735,-0.09188181;0.22920968,-0.48712182;0.34189466,0.0058851163;1.6381761,-0.30310953;-0.25888386,-0.12151803;-0.11314697,-0.28196952;2.2891438,-0.14940046;-0.9977226,-0.046822477;-0.9095904,1.708913;0.5352458,-0.703521;-0.8354572,-0.46927223;-0.48880914,0.42287472;-0.84097147,2.1268432;-0.5503656,-0.23615436;0.4333142,1.1678871;0.5081607,-0.63904613;0.73784375,-0.89560574;-0.64347553,-0.20897283;0.32327652,1.2269404;-0.06401252,-1.8344043;-1.2455451,-0.21877234;-1.1311338,-0.64636457;-1.2927655,-0.1250788;-0.6264807,-0.16518831;-0.68845695,2.1126282;0.9603471,1.0256501;-0.42311344,-0.38993838;-0.3493899,-0.83086246;-0.9733955,1.8369051;-0.5333839,-0.6897484;-0.33481115,-0.077087805;0.8177106,0.60333437;-0.39612734,-0.72954345;1.1824375,-1.4539362;1.0337657,-1.1971351;-1.2614398,-0.5028497;1.1129196,-1.4157801;-0.20723642,-1.2267418;1.7036703,-0.29387262;0.8750577,-0.9855763;-1.0213734,1.386239;1.2564948,1.0572252;-0.19965206,-1.323646;1.235552,0.95387137;1.9116234,-0.16687348;-1.3975316,-0.5114262;-0.69725937,-0.19447859;0.25386104,1.274794;-0.07643889,-1.4917397;-0.019584302,-1.828033;-0.9214451,1.8251646;-1.2894001,-0.18568388;-1.1391777,1.2705745;0.20206027,1.1532818;1.3994734,1.1229993;0.3749765,1.2033015;-0.38373226,0.08052002;0.19388613,-0.03459986;1.1000206,-1.3343036;-0.14269301,-1.3132722;1.9441867,-0.22259533;0.4274482,-0.5920456;-0.1110836,-1.5363878;1.6210302,-0.31914926;-0.6729572,2.0968802;-0.79740167,-0.20534045;0.8606575,1.0132737;0.2171116,-0.033946253;-0.16743252,-1.2150159;-1.1335977,1.2259812;2.3194067,-0.21805394;0.70996064,0.46732953;-0.8602391,1.6215365;0.35496202,-0.15284334;1.0308812,-1.2883506;-1.0030159,1.5584452;-1.1759201,-0.061721064;-0.43907404,-0.24357487;-0.3539287,-0.20504418;0.6299264,-0.75374734;-0.23754333,0.18743934;-0.89797646,1.7590928;0.6868948,0.46019718;-0.8562563,-0.057071283;0.8362783,-1.0370247;-0.4212951,-0.6632724;-1.1223305,-0.7138983;0.8737691,0.92472345;1.5449141,-0.25472337;1.0367669,-1.2160147;-0.75030226,1.8044531;-0.49805352,0.41787732;-0.36822757,0.019267777;-0.97992116,1.3104186;-0.9473422,1.7396287;-0.057512753,0.71280956;-0.72089654,1.9055756;-0.26167548,0.11318192;-0.2847836,-0.22970502;2.3625677,-0.16983983;-1.8059623,-0.6172333;-0.58522594,-0.30777156;0.8539461,0.4698764;-0.54510313,-0.78252256;0.21680392,1.099609;0.43645057,1.047342;0.84093875,0.8922601;-1.5432874,-0.34164268;-0.1554891,-1.3768542;1.225081,0.906684;0.029844763,0.9894147;0.075448625,-1.7049612;0.14662556,-0.16816977;0.8349659,0.6303507;0.03634221,-2.0670583;-0.56624556,-0.16823295;-0.13786396,-1.7314386;-0.28448334,-0.10438018;-0.9377297,-0.7965247;-0.04406877,-1.8886644;-0.82026225,2.1615226;1.0708357,0.86930394;-0.7671058,0.065139905;-0.8788915,2.0065532;-0.01573433,-1.8209049;0.4222928,1.1012461;0.75701237,0.49245405;1.0708435,0.8474042;0.8388372,-1.0058346;-0.09003227,-1.8178062;0.4893407,-0.6290985;-0.9382294,-0.26776877;1.184793,1.0182995;-1.0372256,1.2796305;-0.6850564,2.2003217;1.6129256,-0.22080383;0.21372059,0.7688365;-0.72910196,1.5084401;0.75035095,-1.0116903;1.1862677,0.8936692;0.08665874,-0.52239656;-0.3601072,-0.10401696;-0.2951772,0.03750766;-0.86778444,-0.7635985;-0.23217036,-1.490122;-0.9385115,1.7907629;-0.29461142,-0.8677499;0.62062436,-0.85315204;-0.79748267,1.6189377;2.4450748,-0.16059138;-1.1469172,-0.71651715;-0.79699415,-0.39001492;-1.1208632,1.0896846;-0.6701709,-0.09545627;-0.7404789,2.1214972;-0.6520433,-0.28910226;-0.85940343,-0.24558836;-1.29345,-0.278031;-0.5258272,0.18139608;2.412585,-0.11271107;-0.954919,1.7667387;0.93147266,0.9928401;-0.3707263,-0.19407165;-1.6536824,-0.44484314;1.3629761,1.094838;-0.34844846,-0.105104096;-0.25556296,-1.4478419;-0.97421455,-0.40716124;-1.0730052,1.26143;-0.6835881,2.1206315;-0.52667284,-0.68634564;0.331447,0.019062834;-0.83075994,1.6541865;-1.5987204,-0.3548405;0.37685475,1.2778056;0.88955367,0.7734481;0.18997256,1.2160331;-0.07504916,-1.5222001;1.9548495,-0.33949783;2.2201486,-0.1272066;0.3529371,0.91922003;-0.9043341,0.11492665;-0.5178588,-0.38906002;-1.1240209,1.2488676;-0.8470684,2.1001797;-1.0892255,1.3647574;0.124736115,-0.5018308;1.0075119,-1.3440369;-0.02556133,0.9734881;-0.06484431,-1.8680438;0.34574392,-0.5314808;0.3645021,-0.019105038;0.2979926,-0.087123945;-0.99883217,-0.06432522;1.0296046,-1.2610358;0.05383908,-0.4182764;-1.2529441,-0.51818246;-0.87899715,-0.3479266;2.2082376,-0.21565989;0.5163001,1.2376283;0.50438344,-0.63328594;0.8105271,0.39404356;-1.1667917,-0.12162642;-1.0384854,0.15208115;-0.05341614,-1.6744305;0.4361565,1.0447276;-0.7820938,-0.0810117;-0.24380979,-0.543462;1.5867406,-0.18810973;-0.6677823,-0.28765887;1.8711168,-0.15937424;-1.4038056,-0.61598957;-1.1061337,1.2534301;-1.2704183,-0.116575904;2.4450748,-0.1605914;-0.8621215,2.1063907;-1.4065284,-0.22694853;0.4754544,-0.6214234;0.52622324,-0.87999535;-0.10190653,-1.4085323;-0.4472663,-0.661824;0.45228493,-0.5807325;-0.6240207,0.15822968;1.5558684,-0.35278624;-0.50108963,-0.7093613;-0.4236471,-0.23137817;-0.9686438,1.3860638;0.37249473,0.7898025;-1.3206229,-0.41163856;-0.20540272,-1.1902863;0.743302,0.48466375;0.3122891,1.2329472;0.28219566,-0.48431203;-1.374401,-0.46336854;2.1205912,-0.22214529;-0.16221128,-1.6101322;0.8055705,-1.0189308;0.64515746,-0.81282616;-0.16848645,-1.3899575;2.3392372,-0.14255635;0.6968592,-0.81241083;-1.3666098,-0.30737197;0.095250554,-2.1654255;0.9688639,-1.2700381;0.31624916,-0.51808155;-0.8797847,0.0047516455;-0.2783923,-0.99324125;-0.67224795,1.9250396;-1.2385926,-0.07799035;1.7852039,-0.20309679;-0.40741634,0.11083236;-0.084013045,0.7781605;-0.6456022,0.19061081;-1.1542249,-0.12451788;-1.0278032,1.4749665;-1.1743324,-0.048109688;0.42408606,1.0560249;-1.4733055,-0.5854855;0.08832271,-0.31210142;2.1956742,-0.15995483;-0.098054945,0.77909476;1.1738027,0.8963285;-0.42255902,0.00016749857;-1.7262553,-0.4955718;0.78573126,-0.9634815;-0.6187138,-0.41259208;1.0300379,-1.3635786;0.27875534,1.12895;-0.44247234,-0.51683664;-0.09228097,-1.649038;1.792747,-0.20941217;-1.1833438,-0.54766357;1.9119134,-0.2675991;0.8099817,0.5532403;-0.026433656,-2.0445352;2.3498652,-0.18741451;-1.0305946,-0.7017317;0.39481395,1.001356;-0.13890056,-1.1632419;-0.19462168,-1.652828;-0.5861034,-0.45088276;-1.7775259,-0.5791779;0.78606546,-0.8818013;-0.82438177,1.2587857;1.2067512,1.0564038;-0.71217364,0.07392583;2.235513,-0.16311431;-1.1689342,-0.5503427;-0.45580053,0.41335484;1.3865744,1.1146303;-0.06768252,-0.29311904;-0.88413763,-0.8060457;-1.5595385,-0.5476799;-0.5618028,-0.095937386;-0.117428795,-1.8837749;-0.14364475,-1.6266382;0.2688525,-0.48312294;0.67299426,-0.87009716;0.89595795,0.8800495;-0.025041621,-1.9850142;0.8322686,0.5686007;0.0027086367,1.0556356;0.18311009,-0.2246407;-0.38368368,-0.008270357;-0.2709281,-1.279928;1.1470191,0.8616366;-0.6917204,1.5479947;0.46012676,1.3025204;-0.7302806,0.2375038;-0.242854,-1.0605563;-0.121269956,0.20799334;2.2457197,-0.21582521;-0.18078579,-1.2527062;1.606119,-0.34313235;-0.71943957,1.9527135;-1.537923,-0.3403059;-0.20054214,-0.1487411;0.19569212,1.2066296;-1.0863476,-0.0840254;1.1790926,0.85948676;1.8187764,-0.1961095;2.3441572,-0.12679268;-0.39273134,-0.6377327;-0.059011143,-1.2403666;-0.011190402,-2.0230613;-1.2307245,-0.4535259;-0.17477377,-0.26266852;-1.5136648,-0.57654977;1.9749022,-0.3129299;-0.71622384,1.8410616;1.9113871,-0.2223342;1.0546303,0.7580834;0.34597144,0.9057156;0.74395275,-0.84078586;-0.102854505,0.6763981;-1.3290017,-0.22362652;0.84008205,0.60278803;-0.820051,2.1025484;-0.6486792,-0.3057788;-0.09132971,-1.9664141;0.8083423,0.92939454;0.35073105,1.025955;-1.7151364,-0.6051177;1.8571184,-0.25779468;0.45319262,1.0979317;-0.68589365,1.9289569;-1.7217809,-0.646381;-1.2817341,-0.37877268;0.90045464,0.98701876;0.18287954,-0.5230633;-1.5465019,-0.51514703;0.16786678,-0.48122627;0.7483241,0.44694638;-0.74569285,1.6393812;-0.9185158,-0.77741313;-0.7143999,2.0888617;0.16557781,1.1694702;-0.43367493,0.12326416;-1.3958076,-0.29074943;0.9249742,-1.1028281;2.2606444,-0.08206001;-0.8192868,-0.4555302;-1.4172207,-0.5523314;0.29441687,1.1614296;-0.751815,1.8346121;-0.14064497,0.6926863;-0.4986208,0.16526456;1.5526217,-0.35323843;-1.0781251,-0.6709412;0.43128395,1.1091496;-1.1951895,-0.54196054;0.8255738,0.9268959;-1.7909752,-0.52036124;-0.915316,-0.35041547;0.08158383,-2.163985;-1.4357852,-0.41937947;-1.8132713,-0.61575365;-0.7879669,0.19974047;0.04892459,-2.0041716;0.49005562,1.2328533;-0.21046741,0.053157285;-1.6532843,-0.59270257;0.33796746,0.8009507;-1.5825838,-0.46216986;1.156923,1.0701709;-1.1834832,-0.73986036;0.47493017,1.2140652;-1.196052,-0.1080379;0.5176018,1.2754796;-0.01476479,-1.8344982;-0.96839535,1.8076317;-1.1217561,-0.079189;0.8488974,0.43132436;-0.3894653,-0.11668762;-0.060171682,-1.8717773;-0.52838403,0.07348898;-0.91143304,-0.104694515;0.7676041,0.52759457;0.72444785,0.78720105;-0.038937073,0.70812434;-0.06492852,0.77320784;0.64939266,-0.7390297;-0.274439,-0.9687837;-0.22081797,-0.0013838673;0.005050946,-1.9677522;-1.4156332,-0.47597277;1.8686693,-0.2023974;0.92634606,0.6969562;-1.1312863,-0.08204914;0.2236853,1.2251103;-0.9738599,-0.8108924;-0.84049577,2.0984309;-1.1617244,-0.75189894;1.0829244,-1.4381154;-0.12235634,-1.7250105;2.0085783,-0.3137172;-1.600477,-0.46544942;0.10779782,-0.511685;-1.060794,1.3551188;2.1717658,-0.16130647;-1.3686428,-0.62878025;-1.5195318,-0.47855052;0.329441,0.8335975;-0.8500441,0.033074453;-0.06898685,-1.7630968;-0.24821678,-0.70626926;-1.282706,-0.5217144;1.1575376,-1.3421867;-1.4148704,-0.2410876;-0.7151356,2.0237048;-0.7699608,1.6714408;-1.3670796,-0.4265563;-0.043382842,-0.20711166;-1.1052129,-0.5643342;-0.670142,1.979544;0.7048144,0.4175205;-1.0907216,-0.75541353;-1.16209,1.223528;-0.6324671,2.003522;-1.1077641,1.3136315;-0.3012396,0.065759204;-0.9710446,1.581839;0.71549654,-0.82945746;-0.050354265,0.8261041;1.8315195,-0.24063168;-0.3841185,-0.8316963;0.057223175,0.9459855;0.50059915,-0.6033508;1.3855059,1.1299539;0.060758714,-2.1476266;-1.0450913,1.4514775;-1.04551,-0.23943861;-0.24448143,-0.6978225;0.8604092,0.59380955;-0.70058715,2.0092278;-0.030496212,-1.9440227;1.2198437,0.9158968;-0.91286695,0.059318803;-0.6243352,0.06797768;-0.09290471,-1.8610847;-0.5769338,-0.50232136;0.1569602,-0.45647687;-0.7708032,-0.21844807;-0.10902341,0.21999913;-0.9758443,1.6995811;0.9064887,0.901698;-0.24754994,0.14018686;-1.4148756,-0.39871398;-0.18549386,-0.17953692;-0.87958914,2.1126015;-0.99481624,1.4205768;0.7108313,0.46782988;-0.5889153,0.056376293;-1.8171985,-0.5665315;-0.14704926,-1.3190314;0.042839017,0.9923348;-0.102814786,-1.4931054;0.7019072,0.8077882;0.36409673,1.0659416;0.31751493,1.2972004;-0.3775156,-0.7469524;1.2877697,0.97451866;-0.20028955,-0.5426462;-0.43033877,0.034812566;2.430576,-0.055690568;-0.8124349,0.16075338;-0.16673554,-1.4926956;-0.9034518,-0.19136538;0.10708339,-0.4474157;-0.14089182,-1.8384253;1.1004375,-1.3810349;-0.82551235,-0.2623031;-0.25161475,-0.23886836;-0.45026365,0.42667538;-0.645726,1.9437606;-0.72495073,1.9696194;-0.86289304,0.22328994;-1.8384584,-0.5906816;0.076087385,-2.1309724;0.9804661,-1.1563772;1.1477274,0.7907084;-0.120445125,-1.5045239;-0.50788486,-0.3553642;-0.72093314,1.347141;-0.90339327,-0.78623545;1.3140415,1.0621022;0.9160336,0.9974387;1.0474461,-1.213372;-0.8437524,1.7482424;1.7077737,-0.2419155;-0.7738689,0.26331258;0.6799992,-0.8171337;-0.37282765,0.48760325;2.2293854,-0.16229136;0.46982685,1.044933;-0.06902638,0.18788873;-0.7115749,-0.10967491;0.05084941,0.8993947;0.5441056,-0.64027554;1.0982313,0.82821405;-0.18015963,-0.21106099;-1.2064885,-0.22253299;-1.3973914,-0.22432506;-0.7493187,-0.08405086;-0.9832917,1.7654748;-0.22987172,0.22044536;0.094725855,0.77203673;0.27885675,-0.51658297;0.7998413,0.87603384;0.28313282,1.285341;2.0205314,-0.1906035;1.8920597,-0.16276823;-0.81241673,-0.40319476;-0.76019675,1.5398505;1.3839378,1.0995954;1.1409369,-1.3540186;-0.99850273,-0.23535433;-0.8218079,-0.2338558;-0.9880365,0.11359669;0.47090706,1.2329789;0.5371459,-0.6850095;-0.09750353,-1.230481;-0.17079574,-0.5518729;-1.0942307,1.2824107;1.1451721,0.8550592;-1.6167303,-0.41946614;-1.7587762,-0.59372497;-0.8030723,1.678895;-0.09764514,-1.3068517;-0.2750652,-1.0041404;2.0538454,-0.17756012;-1.0746657,-0.76665455;0.8710863,0.58429694;-0.7342426,0.1846238;1.7683332,-0.23172204;0.795394,-0.97317356;2.0106974,-0.30488655;0.9100367,0.6047292;-1.0840858,-0.7840042;-0.70248497,1.7034073;0.39291346,1.0050571;-1.7504265,-0.5477984;-1.1035446,-0.29398972;0.9998722,0.7039728;0.6055154,-0.73922807;1.727061,-0.25623062;-1.7684804,-0.64052653;0.30825266,0.7890724;-0.36750382,-0.7362592;-0.21961261,-1.1652114;-1.2396259,-0.41132239;0.27949753,0.7670238;2.2519433,-0.19296661;2.4362285,-0.08274417;-0.057058875,-1.9573185;1.1454688,-1.4044167;-0.0012603293,-1.7127582;0.19385158,-0.06522181;-0.10026172,-1.288184;1.0548162,-1.291979;0.86053556,0.8709376;0.28942406,0.8090905;2.3299096,-0.23173195;-0.47010437,-0.41145188
p3d-kl
0.4101613759994507
p3d-iter
599
p3d
-1.9274135,1.7001551,-0.41439337;1.1907285,0.06571097,-0.16832733;-1.0577115,-0.6581218,-0.37697244;-1.4661506,1.6127692,-0.3242951;-2.0007546,-0.5852902,-1.0566796;-1.5519158,1.2812712,0.090682335;-0.12651993,-1.8807881,-0.99960315;-0.93080676,0.65074253,0.16941372;0.54346275,0.46041393,0.46184525;1.155669,0.27921993,0.17589787;-1.5438309,-0.6974012,-0.69653714;0.10454516,-1.373115,-0.55152;-0.34968802,0.007434403,-0.0039511933;-0.5123044,0.10973697,1.4517056;1.2533745,-0.4056287,1.0375817;-1.2009494,-0.6714654,-0.43104213;-0.17570996,-1.7314442,-1.1132795;-1.5383186,-0.76652986,-0.72978187;0.6461946,-0.09334405,0.5178335;0.60158736,0.32717517,0.43595;-1.4677337,1.2207439,0.12445643;-0.26832968,2.1474636,-0.3093284;0.7358872,0.5942088,0.5300481;1.8841983,0.08262106,0.2554339;1.4353862,-0.19892569,1.0899271;-1.1085079,0.114041,1.6634821;-1.2637291,0.074394464,1.8230898;-1.4020686,-0.9386277,-0.6835018;-0.54408795,0.12441301,0.1200753;1.7499723,-0.22533709,0.45115048;-1.1405779,1.2908893,-0.055508938;-0.5600224,2.336677,-0.44662628;-2.0588522,-0.5818013,-1.0506635;-1.480885,-0.6229613,-0.8661286;0.6874768,-0.34119555,-1.9147872;-0.19911371,2.1030488,-0.17405327;0.6974608,0.07692412,-1.3484757;0.34011182,-1.1054453,-0.30921867;0.16771358,-0.24667194,0.24696794;0.014162541,-0.1956395,0.22216728;0.9821194,-0.28597718,-2.5635667;0.902687,-0.9783959,0.22586718;1.0518578,-0.7883589,0.5798867;-0.029074786,-0.30158743,0.118250966;-0.027349079,-1.3327842,-0.71446794;-0.362391,-0.64836556,0.07694226;0.6486556,-0.037694536,0.52495474;1.0114107,-0.60044926,-2.7829134;0.1891388,1.4004866,0.16322723;0.06235347,-0.35377347,1.7873039;-0.08987064,-0.32270166,1.7987596;-0.052307673,1.6962368,0.095945045;0.40530688,-1.0282056,-0.23762926;1.1390203,-0.42329243,0.8438208;-0.056361705,-0.107286334,0.03701675;-1.1516922,0.1044734,1.7369891;-0.13793978,-0.7229148,0.13798131;-1.1754642,1.0334527,0.15558822;-0.9913474,1.3163773,-0.27292722;-1.2225416,1.7231592,-0.34131664;-1.8751814,1.6745595,-0.3969007;0.08844683,1.6608778,0.03911808;0.9811028,-0.43220752,-2.6784453;2.2946768,-0.043965545,0.5109722;0.18156368,0.08832339,0.10109434;-1.9868183,-0.69658655,-0.9226899;1.1973448,-0.35194373,0.6596852;2.1811402,0.22071281,0.53649116;-0.22999799,1.9983358,-0.52060103;0.57699144,-0.27170938,0.18214414;-0.26831508,-2.1021638,-1.0692803;-1.4843992,1.6170257,-0.32079527;0.25562286,-1.2724866,-0.13067828;-0.09022936,-0.46456164,1.6674141;0.8029849,-0.33615586,-2.2497604;-1.959632,-0.7205795,-0.8821606;0.3363525,-0.72836965,0.31394705;-2.1760375,-0.5966144,-1.1053087;-0.7337349,-0.22190535,-0.10383442;0.07225489,1.8397233,-0.20076467;-0.5818926,-2.1137345,-1.396546;0.7620732,-0.14399086,-1.4880108;-0.9563023,-0.34470925,1.8630272;-0.22059724,-0.19963615,0.18972903;-0.2260914,2.2451203,-0.3407066;-0.272417,-1.9674771,-1.150819;-0.4655243,-2.2204542,-1.5337455;-1.8674177,1.6623096,-0.40804508;-1.921578,-0.5624047,-0.98400176;-1.5931107,-0.8272306,-0.72109777;0.9090569,-0.46410054,-2.5983589;0.65630746,0.012780358,-1.8845593;-1.4465369,1.3367646,0.34133413;0.8137016,0.041136533,-1.4920175;1.7363124,-0.17190687,0.38212752;-1.2268444,-0.6956871,-0.46449372;-0.063167,-0.65456426,0.16436324;-1.5067527,-0.817214,-0.67407936;-0.52684414,0.110194,1.379917;1.2168154,-0.3521948,1.2149525;-1.0794392,-0.32072994,1.9126074;0.7540924,-0.040705286,-1.2481531;-0.34821314,1.3804154,-0.01868046;1.527736,-0.57494515,0.61874026;1.4309542,-0.27784476,0.4673262;-0.83460176,0.9351051,0.34329388;0.1280391,-0.36925927,1.7065092;1.6472148,0.09940867,0.20550017;-0.5465022,1.4492636,-0.4169576;-0.46245602,-0.32802585,1.7144941;1.1094387,-0.44856042,-2.7582245;1.7976156,-0.05490791,0.7194053;-1.506774,-0.7693224,-0.70088714;-1.7900553,1.4891539,-0.123324685;-0.4723819,0.06228994,0.00088593847;0.47185388,-1.0960081,-0.13166045;0.901704,-0.070595145,0.4333733;1.188094,-0.10517842,0.029824106;0.9026947,-0.22478272,0.37551466;0.79065657,0.6065276,0.53493166;-0.02201579,-0.2667578,1.8062941;0.7827114,-0.1608373,-2.0448565;0.9320652,0.4846036,0.024417114;-0.96598166,1.2760845,-0.28789297;-1.1282175,0.14540815,1.7076622;-0.5321947,2.262388,-0.43226755;-0.13951524,-1.7286187,-1.0709898;0.13509034,-0.08671658,0.2189037;0.027916927,-1.8277293,-0.8654545;0.60603225,-0.010193868,-1.4014384;-0.4199326,-2.151633,-1.4555593;-0.07838188,0.15291579,0.9001722;0.7228886,0.02424964,-0.96681166;0.7108303,-0.6606483,0.28366786;0.30932015,-0.71270466,0.0684113;0.95496184,-0.50791186,-2.697272;-0.4603769,1.6646531,-0.3657911;-1.5352123,-0.5963553,-0.7313885;0.73244536,0.13311158,-0.86659634;1.7979106,-0.19312847,0.41834456;-0.4641045,2.1793091,-0.39846957;-1.6268065,1.6164573,-0.32303718;0.9389129,0.37281603,0.51978636;-0.35734564,-0.18588352,0.11982247;0.40109932,-0.4101984,1.7201205;-1.7178489,-0.68583155,-0.826564;1.159438,-0.4643121,0.9976324;-1.4497105,-0.9679459,-0.7559111;-1.4538288,-0.7661169,-0.7052031;-0.017174706,-1.1346122,-0.46762133;0.55482316,-1.1700026,-0.18539377;-0.04353537,-1.6441334,-0.692397;0.47534811,-0.03005522,-0.71902335;-0.36842486,1.2784805,-0.25782824;-0.12487515,-0.19679444,1.7759933;0.77316356,-0.08840809,-1.8229519;0.9611511,-0.88369954,0.39007547;0.6033884,-0.313274,1.0272293;0.23195182,1.2996109,0.3093823;-0.8648464,1.0637442,0.28702348;-0.92249835,0.20227763,1.7442068;0.5546897,-0.09273226,0.7472871;-0.3646962,-0.26167083,1.6180499;0.25125957,-1.2948534,-0.46463436;0.96261734,0.06823991,-0.2749878;-0.15955201,-1.9058974,-1.1183392;0.04245204,-0.08663199,-0.019662336;-0.05235402,-0.31463113,0.09115518;-0.27887124,-0.6441002,-0.069259204;-0.69785947,-0.43009537,1.5315231;0.06328812,1.8109089,-0.08637554;0.47552243,0.39512604,0.39446715;-0.011615271,-0.093022354,0.08937264;0.8073015,0.060347654,-1.3556132;2.0044255,0.054238897,0.320529;-0.05914136,1.8635979,-0.050558146;-1.496364,-0.629648,-0.7196732;-0.70095205,-0.2925979,1.6195228;0.1567179,1.2615379,0.37245253;0.9802883,0.3663568,0.64856005;-1.2783383,1.282952,0.09483918;0.20321645,0.19022894,0.14375088;-0.90177786,1.0186195,0.26588333;-1.2523632,1.2134501,0.13994868;-0.6083813,-0.09914209,1.4014418;0.85422236,-0.34463128,-2.5074828;-0.8899484,2.0978374,-0.5115932;0.75461966,-0.99933213,0.036865357;-1.2277939,-0.8152331,-0.64393395;-0.78054523,2.058387,-0.48155305;-1.6293603,1.3789953,-0.034996618;-1.8692572,-0.5693139,-0.99624455;-0.44750935,-1.7955929,-1.3136047;-1.758203,1.6858786,-0.40403217;0.8604727,-0.33581075,0.98290414;-0.5397692,-2.1131625,-1.4707987;1.088299,-0.27272838,0.70484334;-0.21611771,-0.022792721,0.22277029;0.6278097,0.10599439,-1.5860807;0.4837141,-0.3698223,1.64834;-1.3020175,1.373663,-0.083037786;0.06296246,1.777539,0.11580505;0.21394159,0.3834844,0.4513148;0.22587699,-0.29374516,1.7907612;-1.0707086,1.3891703,-0.13890703;0.9101332,-0.28105083,-2.4302022;-0.8749016,-0.60535866,-0.25609714;-1.7895842,1.6855377,-0.4099524;1.9648075,0.29532996,0.33844116;1.1251518,-0.7915193,0.6220985;0.79322875,-0.068163395,-1.7004447;0.005958979,-0.40931252,1.788133;-1.5208846,1.6216805,-0.33170393;1.7773161,0.39308292,0.6098494;1.62126,-0.26175553,0.63481843;-0.9507379,0.15748797,1.5910015;0.7521674,0.08384422,-1.0358405;-1.7021663,1.4436792,-0.08116105;-1.750184,1.6794789,-0.39478126;1.1965718,-0.7809301,0.6252049;0.753401,0.0017034692,-1.692037;-0.4669335,1.1723781,0.02885366;-1.3449317,-0.7596984,-0.5397281;-0.27695194,-0.17260115,0.15498558;-0.54572654,-0.3157636,1.6753212;0.1587876,1.4824055,0.24239823;0.3852934,0.29327995,0.86716044;-0.06366343,-1.8743509,-0.9196242;0.81826043,-0.3300869,-2.5158336;0.6618025,-0.24099854,-0.14125104;0.17085023,1.3585051,0.26024246;1.7454629,-0.077403195,0.4365059;-1.1009806,1.462443,-0.21687728;-8.220815e-05,1.8692733,-0.36646625;1.1724602,0.44412267,0.8925747;-0.62836313,-0.37602726,1.7803115;0.273675,-0.27824834,0.7647944;1.6470249,0.29320842,0.42033026;0.015312408,-0.5342012,1.7538419;0.6603452,-0.09581728,1.1343577;-0.93351966,0.8979284,0.29189023;-1.8488402,-0.5963359,-0.965437;-0.37071955,-1.8208,-1.2110162;1.1564417,-0.47416964,0.8745315;-0.9939088,-0.63057077,-0.27035925;-1.8376304,-0.70962566,-0.8456524;-0.75279343,-2.2150137,-1.4845272;0.32969746,-0.7161388,0.09338299;1.087527,0.115136795,0.21936174;0.23013729,-1.2085853,-0.09959117;0.35166025,-0.40503138,1.7358155;0.6696275,-0.09820542,1.1270491;0.6777015,-0.25191835,-1.093751;2.273418,0.22093514,0.4864096;-0.67272615,-0.37012145,1.7174704;-0.38873646,-0.36253148,1.7219508;-0.11357224,1.9885794,-0.117970675;1.7093127,0.058657523,0.90225375;-0.5230777,-0.6364347,-0.10878521;-0.5360044,-2.2550554,-1.3698343;-0.64101326,-2.2208815,-1.4216534;0.18950436,1.3366851,0.2901534;-1.1356934,1.0557998,0.16953355;-0.20215634,1.9852298,-0.13304165;0.43783405,0.151486,0.39204103;0.7674053,-0.08420466,-1.6635801;0.08346853,-1.4879605,-0.5952952;-0.90919876,-0.22150564,1.8745344;0.757032,-0.11855133,-0.2298938;0.1704834,-0.5942523,1.7803429;-1.7689053,-0.7314135,-0.91097534;-0.29832923,1.3719264,0.0068067005;0.53059053,0.43346414,0.40354615;-1.3479494,-0.74231976,-0.4811705;0.2960237,-0.19551094,0.013950582;-0.12514555,1.506354,0.062457174;1.3131862,-0.20878282,0.3090264;-1.8282309,1.7119118,-0.36668503;-0.6890169,1.5682805,-0.22991097;0.9383448,-0.38407475,-2.442896;0.97602344,-0.27266276,-2.5547485;0.34268364,-1.5400429,-0.6983094;0.4555021,1.0342723,0.4660442;0.99104446,0.088629946,0.51148117;-0.70249516,-2.1722116,-1.4058292;-0.0923128,1.9946628,-0.068707846;1.0083891,0.03226229,-0.35562867;1.6429102,0.3253066,0.4694713;-0.0145859,-1.6379689,-1.0210466;0.7504082,-0.07004977,-1.3046649;-1.9818211,-0.71052366,-0.935133;0.86576235,-0.3162599,0.3831129;-0.16675313,-0.3808121,1.7265531;-1.477942,-0.83788526,-0.7424354;-1.7360532,-0.727873,-0.8876893;0.22313727,-1.3757432,-0.49511328;0.95109767,-0.52213305,0.5061114;1.3538888,-0.004670305,0.7605243;-1.6583028,1.6291478,-0.33123663;0.7337509,0.15513079,-0.9185897;0.8361208,-0.33282903,-2.3989828;2.2575803,0.00954985,0.5245787;0.64032537,0.009599597,0.57704103;-0.38047704,2.1597013,-0.3538392;-0.42147923,0.239499,-0.06406789;0.66752285,-1.0516715,-0.1277137;0.7009068,-0.40770522,-1.972113;-0.04730229,0.50701636,0.8276418;2.214606,0.28769645,0.5117295;-0.572323,-0.6519911,-0.1527749;0.5400338,-1.1470089,-0.19042501;0.6279986,-0.39162126,0.79803354;1.7347369,0.086615145,0.85692424;-0.52733976,-0.19937056,1.4777803;1.1560656,-0.11067545,1.0962716;-0.29920724,2.175692,-0.29806763;0.38049325,-0.3938842,1.7133632;0.0068838964,1.7774053,-0.074542165;-0.29581055,-0.17810299,0.15747848;0.28713214,-1.094421,-0.1450465;-0.41952127,-1.9830735,-1.2987169;-2.1277728,-0.6351366,-1.083472;1.4518358,-0.2244189,0.25244567;-0.38526094,-1.5763223,-1.30534;0.62259966,-0.06334461,0.9236905;0.76220566,-0.042104874,-1.9935074;-1.0464592,0.1711576,1.7518096;-0.1235657,-1.9641836,-1.4116833;0.17668279,-0.6170074,0.21237403;-0.650036,0.108079866,1.3532593;-1.135172,-0.6594961,-0.38595223;0.014433136,1.887067,-0.06625193;-0.3025379,-0.121232666,0.1274701;-0.12054733,0.2566152,0.89364624;0.5410158,0.20408788,0.8920225;-0.7304277,2.0981083,-0.4779756;-1.2010121,1.1150174,0.11046508;2.1928747,0.14468859,0.37915167;-1.515393,1.1367142,0.124114834;2.257768,0.32347775,0.53791887;-1.787015,1.5331013,-0.18865623;0.11739932,-1.7695122,-0.76211405;0.44843182,1.0503178,0.46041992;-1.9107064,-0.4940456,-0.9277602;0.29436922,-1.5345901,-0.7293538;-0.01396519,1.9011033,0.040913615;-0.3783574,0.03508629,0.06043841;-1.4859103,1.1224607,0.06477838;1.2606947,-0.080028854,1.0086279;-2.2132986,-0.61681306,-1.095438;-1.287449,0.06745235,1.8365144;0.5981601,-0.23094927,0.70458615;-0.50053483,-1.87451,-1.3189837;-0.40399146,-0.44749883,1.7554595;1.5794622,-0.085389525,1.0086578;0.71646047,0.11219598,-1.5655953;-0.5648736,2.3166673,-0.44896814;-0.4569997,1.1600124,0.0421372;-0.26281664,-2.0179162,-1.1681007;-1.4429547,1.27734,0.059793867;-0.27702212,-1.612984,-1.2000657;0.72604537,-0.22727829,-0.9712921;0.7118788,-0.9868608,-0.01701516;-0.48171812,0.0661185,-0.030066533;2.296415,0.02952446,0.49099717;-0.7857152,-2.268918,-1.6419965;0.15141492,-0.24316925,-0.0029601564;-0.6959624,0.69085467,0.4243341;-1.7799387,1.6534386,-0.31296226;1.2038677,0.22146302,0.6336163;-1.2611942,1.2746613,0.13282129;1.2062614,0.3060195,1.0504032;0.4535785,-1.0220968,-0.24491036;1.0856203,-0.43748203,0.9258184;-0.07552556,1.9747839,-0.090717524;-0.23538615,-0.16178897,1.7227205;-2.033299,-0.7051319,-1.0220145;0.7324313,-0.15467048,-0.9270335;0.89252067,0.0021972498,0.34668452;-0.64420253,0.037971705,1.4831511;0.9379336,-0.33046907,-2.5630662;2.1729634,0.12909845,0.6238897;2.1116803,0.30131847,0.5355793;0.7974239,0.49623096,0.54123205;0.678801,0.55171037,0.54652876;-0.26086536,-0.69497544,0.06106418;-0.35412556,1.9417284,-0.5537615;0.040772334,1.782008,0.0168272;0.94812685,0.54776126,0.7582337;-0.7156164,-0.41003925,-0.1493638;-1.7286912,-0.6839026,-0.81017196;-1.3401587,1.1321754,0.07428433;0.9014083,0.033872336,-0.43702564;0.071807526,-0.46472216,1.7483153;-0.60548156,1.6288359,-0.30170733;0.02275866,1.8408605,-0.117392235;-0.84639215,-0.023170102,1.407288;-0.89087224,2.072912,-0.50150007;0.7303119,0.04811642,-1.801775;0.92064977,-0.94129515,0.28735608;-0.41295046,-0.36584282,1.7222718;-0.77972925,-2.2590103,-1.6034986;-1.0571557,0.13013183,1.7979674;-0.93619883,-0.793389,-0.55874175;-0.09053312,1.6108844,0.018969538;-0.061392713,-0.57448936,0.12771039;-0.5549597,-0.09166103,1.0317343;0.4051358,0.44314417,0.72324353;1.0181936,0.31723315,0.6068803;-0.75973743,-0.5715224,-0.31440026;-1.1641705,-0.22234379,1.9408967;0.32262868,-1.5463674,-0.69887674;0.71544695,-0.2513094,-1.9218802;0.15239961,0.4174526,0.19912155;0.09602671,1.3168325,0.31675002;0.31485677,-0.4481445,1.7494467;0.8886073,-0.1872237,1.1676471;-0.32988912,-0.6015071,0.0057656527;-0.53675413,0.21148539,0.29965;0.74722344,-0.09189692,-0.93816537;0.30977952,0.04484252,0.3839892;0.16398507,-0.20429364,0.07659609;0.9254204,-0.29702345,-2.4669852;0.91231656,-0.035390805,1.1642256;-0.57710546,-0.42592296,1.5734335;-0.8126346,-0.6563088,-0.30938515;1.0234871,-0.24968472,0.18135725;0.5572561,0.9941406,0.50485843;-1.0962654,-0.28031024,1.9131452;0.47450483,-0.2733592,0.8555574;-0.6255971,1.9259089,-0.40863317;-0.7526669,-0.589357,-0.19558747;-1.212266,-0.7321088,-0.50528693;0.56956154,-0.30990806,0.93975055;-0.43676078,2.147103,-0.55872244;-0.38252932,-2.0726964,-1.2095817;1.3700151,-0.11175088,0.87768877;1.3001738,0.023319202,0.091978684;1.424528,-0.11465766,1.1301233;0.6186434,-0.15419948,0.78449434;-1.1723571,0.109148905,1.7608305;-1.2660543,1.6482795,-0.33471754;0.6262895,-0.052997593,-0.10010507;0.53086,-0.8329479,-0.18498623;-0.6905605,-0.55750155,1.6473926;0.73573184,-0.8740918,0.29590482;0.25697133,0.06526083,0.6718231;-0.99745095,1.0146481,0.30072242;0.5309419,-0.9029411,0.11091917;-2.250001,-0.5986164,-1.1138705;-1.7983123,-0.6063834,-0.8832439;1.4480257,-0.27407524,0.38935795;-2.1269276,-0.7123806,-1.0869342;0.2045125,-1.3973652,-0.52892303;0.7015725,-0.08646071,-1.1294272;-1.438957,-0.6662083,-0.6081394;-0.10332618,-0.27166888,1.7982733;-1.7210882,1.6478014,-0.35014883;0.17296754,-1.4536645,-0.73034513;-1.6992178,1.4892802,-0.14103062;0.7030906,0.016760657,-1.6838706;1.6604869,-0.1238572,0.39557016;0.6175843,-0.28531778,1.0751145;-0.38587788,2.244177,-0.3476233;-0.06053318,-1.5477275,-0.99359477;-0.40661004,-1.9577191,-1.2752578;-0.6483264,-0.48164034,1.5204766;1.4261715,-0.3589089,0.9750233;0.13763098,-0.51304656,1.7818685;-0.2015953,2.0446882,-0.3866199;-1.9879254,1.7208933,-0.43348673;-0.52889967,2.0357237,-0.37822297;0.34893972,0.50282836,0.7985551;-0.30965164,0.34428862,-0.02702311;-2.0259237,-0.64680797,-0.9913637;0.055268005,-1.4837003,-0.6486733;0.7082387,-0.073218614,-1.7500832;-0.63981414,-0.59994125,-0.14407882;-0.0641895,-1.6977096,-0.93838674;0.77134115,-0.10620517,-0.9052838;-1.1628907,0.12514621,1.7156341;0.8262273,-0.26981428,0.76969457;-1.1310198,1.551269,-0.40081924;-0.35606974,0.342632,-0.024991067;0.13624148,-1.3847026,-0.49404305;0.18832351,-0.48401627,1.7930276;0.9859696,-0.4816401,-2.419631;-0.7641862,0.80426097,0.43158165;-0.45836413,-0.1545716,1.5133336;-0.5717045,0.09235169,-0.12417794;-1.9107648,-0.71827054,-0.8823666;-0.33777016,-0.383014,1.7322359;1.2163106,-0.3445818,1.1631018;0.3356485,-0.38403597,0.8064731;0.21474892,-0.2118166,0.7178258;-0.98949724,-0.648581,-0.31590724;0.09321025,0.5405233,0.50221187;-0.6602618,-0.2909932,1.6316149;-0.7292026,0.79691863,0.46737275;0.98860645,0.06304101,0.4735358;-1.4108994,-0.7940657,-0.77451754;0.54549813,-0.74690574,0.15914269;1.3068677,0.059199724,-0.08119468;-1.1625603,1.3676027,-0.24433438;0.5206161,-0.040699378,-0.8067317;-1.8118007,-0.61655915,-0.91843796;-0.72897166,0.08362442,1.5372806;0.5764173,0.9811675,0.5146473;0.30592623,0.36182913,0.80386645;-0.043409895,-0.34585795,1.5638471;-0.6247247,-0.36668307,1.7216215;0.09180571,1.3346393,0.3612411;-0.8835948,0.10855775,1.5763154;0.116,0.3532858,0.587681;0.24270312,-0.20545007,0.40950206;0.8932843,-0.48364386,-2.5978062;2.2722816,0.09856994,0.44450644;0.5881029,-0.42528757,0.6990345;-0.9669945,0.70709026,0.16936852;0.821986,-0.98441356,0.13516945;-0.30309474,1.9249284,-0.26700523;-0.5987951,1.6566929,-0.39576417;-1.0739176,1.3408536,-0.23094116;1.6237099,0.3493351,0.42967743;0.06797828,-1.5105689,-0.8085488;-1.6814417,1.4296076,-0.06580196;0.024652196,1.8475753,0.00025991412;-0.37093812,-1.5598897,-1.2940123;-0.24857533,0.025907524,0.13490807;-1.0259283,1.045248,0.27210528;-0.6696483,-2.1992884,-1.5301619;0.5094746,-0.11152099,0.7464077;-0.22004901,-2.0573723,-1.0192906;0.26643097,0.041985955,0.49632755;0.99330926,0.031795204,-0.3380192;-0.44632563,-2.1178792,-1.26062;-1.1468055,-0.22507438,1.9596336;-1.4275154,1.446887,0.17815238;0.8582378,0.24453244,0.51964325;-0.9061818,-0.3012567,1.8625566;-0.3701709,-1.9617203,-1.3307713;-0.579662,1.7858957,-0.35714453;-0.8320401,0.8441955,0.35846683;-1.4373887,1.3789018,0.17113814;-1.4502276,-0.8490771,-0.5768576;-0.35615197,-2.0927424,-1.1372259;-0.7402944,-0.5676738,-0.18231492;1.0373307,-0.337148,0.67384607;-1.5831178,1.5861876,-0.30781516;0.059785873,-0.28496137,1.7220027;-1.3034363,0.06571069,1.8403726;0.75010467,0.12268906,-0.8592194;-0.22546417,1.285775,0.034250345;-0.45675302,-0.03723264,1.0830296;-1.2822287,-0.8908927,-0.7050398;-1.6193806,1.3912871,-0.04909886;-0.09811689,-0.7199483,0.1541734;0.20452897,-0.013137333,0.80672354;-0.015951144,0.21337785,0.8410331;0.8534368,-0.032917112,-0.29122126;0.112548776,-1.6173743,-1.0769349;-0.6762197,-0.42767298,1.6620508;0.4344048,-0.9426791,-0.21306342;-0.9884279,-0.83354115,-0.50894594;-0.46980643,-0.035445295,1.4070752;0.9813919,-0.58592844,-2.7990751;1.3558818,0.05890111,-0.07287405;0.8954468,-0.28750405,0.3582819;0.38806814,-0.3623868,1.6599203;0.59461224,0.092760615,0.9046742;-1.1105146,0.0505118,1.905035;0.6770547,-0.45653135,0.7880333;0.93754053,-0.28542823,0.6569306;1.427781,-0.031935785,0.74268085;0.4756558,0.4578824,0.34627852;1.0281744,-0.4753713,-2.7314727;-0.6685813,-0.38530865,1.741477;-1.2284467,1.5570204,-0.33096918;0.1829837,-0.21743616,0.8041556;1.9245304,0.29357514,0.6014946;-1.928873,1.7047987,-0.41146538;0.26834974,-0.016935388,0.7096586;0.15890415,-1.5596982,-1.0596169;1.096824,-0.5440089,0.43021873;0.10149033,-0.34536198,1.8008302;-1.1870278,0.10451371,1.747999;0.71542215,-0.88773865,0.3043763;-0.5194562,0.19883935,0.3678012;-0.5502266,-0.17243436,1.3690065;1.720982,0.37042567,0.57766557;-0.57138294,2.1976018,-0.47156292;-1.1243403,1.2271978,0.005869794;-0.26353106,2.1681771,-0.29188296;-0.08125576,-1.60462,-1.0145893;0.53535265,-0.21517076,-1.7708886;0.8031648,-0.29350057,-2.3625283;-0.40418467,1.3899351,-0.3371278;1.0809307,0.31120995,0.413172;0.64367217,-0.1554548,0.08382457;0.14927904,-0.4675282,1.8111553;-1.0691369,-0.288512,1.8999074;-0.044009965,-0.44873196,1.8017522;-0.16027628,-0.67915803,0.122131936;-1.9278774,-0.8216097,-1.0439599;0.081345096,1.712608,-0.040117987;-0.4099842,-2.1191547,-1.2327658;-0.52397805,-0.5785548,-0.061224032;-0.58626235,0.19346781,0.22992402;-0.48455068,0.15348475,0.059452675;0.9034833,-0.089198045,1.2023823;-1.8700684,-0.6841318,-0.8780559;-0.054819185,-0.48172313,0.15425564;1.4295135,-0.20599343,0.37775055;0.96651,-0.079763524,0.42205215;0.8360689,-0.32388216,-2.238758;-0.8039902,2.0180883,-0.4753389;-0.7492241,-0.58124363,-0.19052152;-0.84294415,0.5707411,0.185317;1.2357199,-0.13972062,1.1179904;1.1631999,0.44812304,0.90441865;-0.22568285,-1.7884268,-1.1217973;-0.59046274,1.6603401,-0.35843304;0.8191598,-0.037312187,1.1490413;0.25531214,-0.7566913,0.37852088;0.63382983,0.13946578,-0.8791628;0.6987787,-0.45354956,0.8351011;0.6945952,0.029976847,-1.5783892;1.5920023,0.1405149,0.18595433;0.1326446,-0.43736744,1.7687416;1.3867977,-0.10816584,1.1422076;0.98139197,-0.58592844,-2.7990751;-1.0709437,-0.31887418,1.9094384;1.6413519,-0.055178273,0.9480608;-0.71522707,-0.5452556,-0.18026292;-0.84401304,-0.8773868,-0.64867604;-0.04921967,-1.6210672,-0.72341835;0.6024896,-0.744722,0.18243755;-0.65970343,-0.55139315,-0.1042871;0.65662706,0.46411797,0.47199965;0.84091735,-0.062451072,-0.6694119;0.6942054,-0.8899981,0.21374;0.32103315,-0.31127533,0.7646417;-0.1276153,-0.14153221,1.7490209;-0.51065755,1.3938781,-0.011861697;1.5332752,-0.30543262,0.60832924;0.21718986,-1.3541818,-0.5282574;-0.8126905,0.8310572,0.379292;-0.44355616,2.1353755,-0.45625958;-0.41341594,-0.5493059,-0.031217394;1.6623495,-0.28877628,0.50047874;0.7421524,-0.2841145,-2.0945954;-0.08022043,-1.9177076,-0.9149169;-1.3964304,-0.86348915,-0.6174703;-1.0296086,-0.7572166,-0.40591356;0.09727077,-1.5373307,-0.8344717;0.9495881,-0.40442523,-2.579195;-1.1101705,-0.67823863,-0.39679104;1.5468643,-0.017087933,0.7437572;-0.8239857,-2.2718356,-1.6642237;-1.787747,-0.7977325,-1.002895;-0.4863088,-0.5642486,-0.0063302713;0.984738,0.10793015,0.7288916;0.35242698,-1.1101947,-0.3395178;-0.90024775,0.18465792,1.6597807;1.2886248,0.043449037,1.1273371;0.74480915,0.10823037,-1.3824726;0.40073308,0.52077824,0.7074496;0.17314565,1.4062692,0.26311287;0.672389,0.542976,0.52020067;1.2178237,-0.2212921,1.1013592;-0.22064325,-0.3684628,1.743283;1.2126683,-0.29636008,1.200944;-0.582427,1.6777185,-0.40548176;1.7088722,0.10289428,0.25607175;-0.14273669,-0.2638,0.09229032;0.8681879,-0.20810315,-2.2792132;0.18623021,1.3971964,0.25742462;-1.5986909,1.3898803,-0.04930182;0.40001506,0.2593239,0.81233895;2.0776489,0.29685572,0.58212537;-1.3068539,-0.7626801,-0.6342112;0.70530796,-0.3756323,0.29566544;-1.993089,-0.8366126,-0.9196784;-0.30530667,1.9291651,-0.51253366;0.6241974,-0.40803364,-0.09485886;-0.14073052,-1.873219,-1.1145868;0.79323786,0.112586744,-1.3934277;1.3167539,-0.15061738,0.29996;0.5925576,0.037264653,-1.6756284;-0.94918674,0.9342095,0.28089398;-0.5954345,-2.2978077,-1.3086262;0.99313974,-0.46337757,-2.5374632;1.1629192,0.04938105,-0.07077426;-0.4998613,1.5812311,-0.4365543;0.10870101,-1.2281731,-0.46137205;-0.094695814,-2.0478113,-0.871175;0.6821556,-0.4877398,0.33262047;2.2230814,0.20606141,0.4119373;-1.2845825,-0.66426176,-0.47306335;0.00311588,-0.0792133,0.9565362;-1.6285915,1.6301622,-0.32920986;0.7729764,0.26230544,0.4735836;0.89441,-0.23289114,-2.361431;1.2947261,-0.09854731,0.31058818;0.50647193,0.9785839,0.48289734;-1.9678063,1.7148824,-0.4247554;0.10894255,-0.2067888,-0.028306495;0.8938072,-0.018385205,-0.41033933;1.8739371,0.04549913,0.3875156;0.54721695,-0.13852668,0.4668791;-0.40032992,-2.250077,-1.1737739;-0.10761919,-1.9136568,-0.9603673;-0.40220243,-0.5422793,0.007132734;-1.0960526,-0.7967087,-0.5096196;-1.0673423,1.4620795,-0.11139128;-0.5320717,-2.24208,-1.3276477;-0.9953886,0.9487528,0.28645396;0.042275533,1.8205888,-0.1685747;-0.312624,-0.11405379,0.14001858;0.32941702,0.2954132,0.80667317;0.32159144,-1.5269321,-0.68087816;-1.5611424,1.3647263,0.030065563;-0.43912578,0.109423995,1.1032442;-0.7295548,2.1851757,-0.5060076;0.87165654,0.5679758,0.47718278;0.30211297,-1.2224728,-0.36393526;-0.09491167,0.38052294,0.733327;0.93868476,-0.2686822,-2.3032875;0.14601822,-1.4467697,-0.5575377;0.76495343,-0.15219714,-0.8348973;-0.95463496,0.12953843,1.5928179;1.6121988,0.34046412,0.42654067;0.23819843,0.049974605,0.25344345;-0.2623159,2.1518364,-0.30752948;1.1083709,-0.055560477,1.0496353;-1.5925651,1.3553888,-0.018043606;0.81191504,0.13672106,-1.4807042;0.8951986,-0.40792286,-2.6196077;0.5733321,-0.68818957,-0.060314465;-0.058215924,-1.2372568,-0.5937275;-0.58637744,-2.2711253,-1.3545953;1.40916,-0.3386399,0.49430016;0.26811963,-0.16770096,0.062217828;1.7813971,0.15008387,0.2970324;0.55197865,-0.14612465,-1.8590583;-0.7870477,0.10092818,1.5381259;0.72469175,-0.051990516,-1.6645564;-1.3909092,1.1747745,0.107116245;-0.4011514,1.3880631,-0.28793812;-1.1959482,-0.67113376,-0.418909;0.16878405,1.2334301,0.40831044;1.4965749,-0.11798456,0.91817766;-1.0388372,0.9750951,0.346097;-1.085966,-0.2321654,1.8828727;0.68132496,-0.44615224,0.7711606;-0.39747664,-2.1734905,-1.5255508;-1.0423182,1.3069665,-0.3414281;-0.42810962,1.6608219,-0.37924695;2.1390946,0.076272115,0.41107056;0.66511697,-0.06532787,-1.4738945;-0.62510246,1.7674161,-0.3557292;-0.91838884,0.15349889,1.6276273;2.118239,0.083593674,0.55049306;1.5450665,-0.5877899,0.6163567;-1.207139,1.4896971,-0.34810945;-0.26571,-0.69978344,0.058189083;1.8941342,-0.07310277,0.45117217;-0.2357868,-0.620148,0.060863588;-0.7856465,0.76382697,0.35692826;-0.4841345,0.102417886,1.4324546;0.95032215,0.034748625,-0.3128377;-1.115944,0.09815914,1.8164815;-0.20771895,2.1027129,-0.24836046;0.45690674,0.5310807,0.6904869;1.6077825,-0.008591366,0.80402833;-1.5850396,-0.714863,-0.7659405;0.7860617,-0.3437876,-2.5290413;0.97912365,-0.25734353,0.20103769;1.6494637,-0.011942205,0.31645906;-0.33886236,1.9929714,-0.5676709;-0.75891227,0.106691115,1.5617296;0.2644967,1.221134,0.37519294;0.41268936,0.45044127,0.37657332;0.8403067,-0.062340412,-0.67622596;1.2290617,0.16010067,0.09284142;-0.5929291,1.7973913,-0.34736654;1.3352448,-0.14121522,0.3259196;-1.0731219,1.315547,-0.3202822;2.2226331,0.31819004,0.5128895;0.96009004,-0.5452371,0.5379863;-0.81044465,-2.2731874,-1.6619254;1.7392453,-0.13923286,0.59937274;2.2768295,0.11434008,0.5310536;0.9043215,0.5564226,0.628825;-0.65908504,-2.1423166,-1.4067981;-0.7582505,2.0271564,-0.47080928;0.26049003,0.42470172,0.33385316;2.0373926,0.077208705,0.31971243;-0.44248858,1.4037849,-0.02745065;1.857362,0.1150109,0.5903783;-1.5256609,1.6411136,-0.36285344;1.4398087,0.109452546,-0.05675927;-0.7287485,2.0034363,-0.4548453;1.2771461,-0.1780434,1.1238803;-0.8252911,2.078933,-0.4933199;-0.4011889,-1.9607161,-1.2929634;-0.6902173,-0.48364317,1.7055267;1.1646183,-0.04988255,1.1231413;-0.9325879,0.6239306,0.15893921;0.3172068,0.0019527264,0.7497231;-0.41680485,-2.1152425,-1.2404011;0.45712915,0.22763108,0.38069272;0.90819144,-0.12815896,0.9477702;-0.8684584,0.9086376,0.34239808;-0.82799566,1.2802378,-0.053543177;0.063092306,1.2756802,0.31516302;0.16066901,1.4221563,0.28382468;-0.9982125,-0.63597494,-0.29062665;0.35509202,-1.0801803,-0.30475488;0.26648092,0.31055394,0.32000098;-0.5630683,-2.1521852,-1.3656658;1.7108517,-0.19891527,0.4573309;0.7228495,0.10879495,-1.583272;-1.1792628,1.1220771,0.18553613;1.1802077,-0.05451724,1.1058726;-0.31002718,2.1572576,-0.2994899;1.0732116,0.03532738,-0.338002;-1.0721103,-0.28108007,1.8941857;1.4106082,0.14658062,-0.06177135;-2.0936642,-0.7860634,-1.1647352;-0.21964395,-2.027902,-1.0438665;0.58049256,-0.23361468,-1.8824826;1.883517,0.15800253,0.59939116;-0.1321721,-0.7040026,0.1268189;-0.042830255,-0.38201663,1.7530134;0.8565895,-0.18020988,-2.2276618;1.5371922,0.19913471,0.20458539;1.7505219,0.101575315,0.44063762;-0.40793017,1.3181541,-0.13358583;0.95952344,0.20355126,0.6428419;-0.28640956,-1.9805218,-1.1647314;0.29462746,-0.78101534,-0.032897215;1.4758581,-0.19077164,0.36783838;-2.1139586,-0.6368956,-0.93493867;1.6608765,-0.054167833,0.92143196;-1.0844831,0.16055554,1.6120635;-0.5171527,0.05429476,1.5162768;1.6154044,-0.2128448,0.54946655;0.06797151,-0.0027102083,-0.04041391;1.1960843,-0.12179096,0.17793147;-0.9581334,0.13194533,1.7497766;-0.71753156,0.7048958,0.41311467;1.2850473,0.24446994,-0.04998118;0.21152136,-0.5444978,1.7880619;-0.9861982,0.20066838,1.8396832;0.050188866,-0.46907687,1.7835901;0.15735921,0.23506458,0.6910479;-0.38045534,-0.32003692,1.7278646;-1.1443712,-0.6812253,-0.39688727;0.12045072,1.4690065,0.16330133;0.7920829,-0.04423217,-1.4787799;0.58035743,-0.8916646,-0.1292453;-0.046135332,1.7129332,0.017121842;-0.7392879,-0.51944274,-0.18121882;-1.9732329,1.7174091,-0.4287061;-0.7860705,-2.2688632,-1.6420401;-0.18486078,-0.39064354,1.7524441;1.1661865,-0.46977872,0.8646658;0.2856955,-0.76292056,-0.027396966;-1.0479434,0.9619082,0.25959814;-1.0375018,0.1431962,1.6598988;-0.478174,-2.146886,-1.4541548;-1.6793548,1.4327495,-0.08226487;1.0985065,0.21395643,0.63103765;0.6404822,0.23517251,0.4400923;-0.40862998,-2.1639338,-1.1693913;0.6817279,-0.59821314,0.29845038;-0.199024,-0.6009685,0.0020507274;0.7467492,-0.1515527,0.63103515;-0.11102162,0.4357013,0.73055243;-0.549407,-0.38189057,1.7640285;-1.1019415,1.487951,-0.14467302;0.13662928,0.41910252,0.48011243;1.7000482,-0.17218311,0.64199513;0.23188323,-0.011369637,0.21459365;-1.0612231,-0.34065282,1.9185544;-0.15749256,-0.2185295,1.7626519;-0.76242,0.8074883,0.4252139;0.58287716,0.20552437,0.46652967;2.265226,0.23442058,0.5466988;0.059297092,-1.5039438,-0.6495429;0.005052822,1.8570272,0.005567473;-0.04362579,-1.6210629,-0.9441917;-0.7971515,1.3940963,-0.08713755;-0.4580086,1.7128514,-0.45381635;-0.48857462,2.258178,-0.41546005;0.5006194,-0.9676024,0.09382472;-1.7936115,1.5282673,-0.18051238;0.21327041,-0.66644627,0.23231871;0.43670955,0.3162235,0.8412579;1.1212901,-0.445279,-2.7635236;1.0539693,0.4420188,0.2866703;0.04065425,-1.7382015,-0.8771024;0.9199297,-0.36247715,0.8310425;-0.10597906,-0.58097744,0.029612903;-0.33117583,-2.2345042,-1.0868099;-2.080979,-0.6992604,-1.0357646;0.90277594,-0.21657324,0.57490337;0.3379969,-0.15913673,0.22741903;0.49249545,1.0083704,0.4773053;-0.90484995,0.20981047,1.741863;-0.98698854,0.14245743,1.5711014;0.9952928,0.5581929,0.82693565;2.2681098,0.17589682,0.62085545;-0.7855238,-2.2612674,-1.6227651;-1.7128432,-0.6783065,-0.79754853;-1.5574409,1.2423794,0.15058409;-0.03314871,-1.6483252,-0.9481342;0.5767064,-0.31006867,0.2046883;-0.12347097,0.117986426,0.9592867;0.9279593,-0.0051551154,-0.3399589;-1.8108882,1.717115,-0.36369607;-1.2501563,1.521489,-0.3491892;-1.828596,-0.59735876,-0.8774464;-0.651752,-0.15017585,1.5737681;0.7601923,0.027199682,-1.1539336;0.8853622,0.7325836,0.5866688;-1.0863456,-0.7024353,-0.414933;0.3661037,1.1405486,0.39820772;0.8641303,-0.23855817,-2.3606162;-0.61786,1.6585177,-0.27052882;-0.06023503,0.5405165,0.82172984;0.6511456,-0.011022672,1.0434108;-0.045694508,1.6303498,0.065876;-0.8202932,-0.5699534,-0.19953828;-1.459182,1.3267157,0.07180695;0.27202296,-0.04817312,0.070424154;1.2990977,-0.09543496,0.8468754;1.6261003,-0.06777902,0.95011014;0.7199008,0.017463341,1.1461108;-0.6636554,-0.4107863,1.7939099;0.07585582,0.64291596,0.48191124;-0.10089413,1.3231702,0.097993776;-0.4176108,-0.6109405,-0.025865152;-0.9960634,1.2918773,-0.25067985;-0.43010187,2.248941,-0.38096353;0.7539736,-0.050621476,-1.9524971;0.6625409,0.003137781,-1.6208061;0.9363784,-0.23589484,0.31516537;-0.5630707,-0.12145029,1.1063179;-1.9598578,1.709676,-0.41905946;-2.084444,-0.5753205,-1.0406353;1.0860897,-0.41538787,0.8242584;0.8812147,-0.2492412,0.66122377;1.2155108,0.29329956,0.7242834;-0.7319579,2.0327275,-0.46452996;-0.8142011,-0.632718,-0.27210447;-0.0069841826,-1.2961423,-0.54078335;0.1354462,-0.7371549,0.30302724;0.08553701,-0.42054558,1.7848241;-1.5481551,1.3546925,0.021265915;1.8323196,0.29514104,0.5567309;2.191868,0.15329577,0.4638809;-0.5643149,-0.06595544,1.4407842;-0.020662798,-1.382377,-0.6646978;0.3541335,-1.127283,-0.33134896;0.7727692,-0.060882926,-2.034881;1.2522985,0.267413,-0.081903666;-1.0507058,0.941654,0.22542426;0.784555,0.58455265,0.5939907;0.7339025,0.02939023,-1.3210727;-1.325281,-0.72576284,-0.66866344;0.59615695,-0.23158765,-1.8762933;-1.112975,0.9236787,0.14238288;1.2571292,0.32480827,-0.03359856;-0.6070928,0.1628931,1.3445055;-0.5007603,1.6075085,-0.2966058;2.1671605,0.26692867,0.45838118;1.0696863,-0.78699934,0.7011548;-1.2873316,1.1004723,0.15968709;-0.95262325,-0.64641374,-0.3174648;0.7308768,-0.013506741,-1.2008123;2.2010353,0.08693047,0.5761205;-0.3764233,1.2894304,-0.052473433;0.48019665,-0.9482332,0.11224242;0.24870393,-1.323496,-0.49393645;1.4152613,-0.4188644,0.5933108;-0.3360353,1.265033,-0.022925163;0.83776504,-0.3781681,-2.3607118;1.087554,-0.47795,-2.769103;-0.45206174,-2.1716845,-1.4754815;-2.1552753,-0.63772637,-1.06715;-0.32046148,-1.7184902,-1.2022024;-0.3132187,0.26588398,0.002255288;-0.01079808,-1.3764465,-0.6474431;-1.9322654,-0.69987136,-0.92746997;-1.11937,1.3302764,-0.18639438;-0.3581863,1.3675487,-0.031795233;0.951529,-0.5452165,-2.4234207;0.66249907,-0.12651825,-0.039120153
