data_set
babi-q1
num_classes
6
data_points
1000
model
saved_models/babi-q1-e0072.ckpt
color_schema
#4E79A7,#F28E2B,#E15759,#76B7B2,#59A14F,#EDC948,#B07AA1,#FF9DA7,#9C755F,#BAB0AC
test_accuracy
0.697
test_loss
0.8385725860595703
train_accuracy
0.733875
train_loss
0.7432418757677078
val_accuracy
0.7285
val_loss
0.7960056047439575
labels
12,9,15,12,15,12,11,12,17,17,15,11,17,10,10,15,11,15,17,15,12,17,17,12,10,10,10,15,15,15,12,17,15,15,9,17,9,11,15,10,9,11,9,12,11,15,12,9,17,10,10,17,11,11,15,10,15,12,11,12,12,17,9,11,11,15,15,9,17,17,11,12,11,10,9,15,15,15,12,17,11,9,10,11,17,11,11,12,15,15,9,9,12,9,9,15,15,15,10,10,10,9,17,11,11,12,10,9,17,10,9,9,15,12,15,11,17,15,9,17,10,9,10,12,10,17,11,11,11,9,11,12,9,11,15,9,17,15,9,9,17,12,12,17,10,15,15,15,15,15,11,11,9,17,10,9,11,10,17,12,10,10,10,11,9,11,11,11,15,10,17,17,11,9,9,17,15,10,17,17,12,12,12,12,10,9,17,11,15,17,12,15,11,12,12,11,17,15,9,10,12,17,17,10,12,9,15,12,9,12,9,10,12,10,9,10,9,12,12,9,9,12,15,12,10,17,12,11,9,9,17,11,12,17,12,10,10,10,10,17,12,15,11,11,15,15,11,11,11,11,10,17,9,9,10,10,17,17,15,11,11,17,12,17,17,9,11,10,9,10,15,17,17,15,9,17,15,12,17,9,9,11,17,17,11,17,9,17,11,9,15,15,10,15,15,11,11,12,12,9,9,9,9,17,12,11,9,17,17,15,11,11,17,10,11,17,10,17,17,11,11,15,15,11,11,9,10,11,11,10,15,17,15,10,10,17,12,17,12,12,12,11,17,15,11,17,12,12,15,15,10,11,11,10,10,9,17,12,11,12,11,9,11,11,11,11,11,12,12,12,12,12,11,11,17,10,15,9,9,10,9,10,10,17,17,15,17,17,17,15,15,12,9,10,17,17,10,17,9,11,10,11,10,15,17,15,12,10,11,15,10,11,9,12,17,10,10,15,12,9,12,12,9,12,10,15,15,17,10,10,17,15,15,15,17,11,15,9,10,11,10,12,9,11,10,11,10,12,11,15,15,15,15,11,9,15,10,12,11,12,9,11,10,17,11,11,10,10,10,17,12,17,17,9,15,11,9,15,11,9,10,10,12,12,11,10,9,12,10,9,15,10,10,11,11,15,15,10,12,12,15,11,9,12,9,15,10,17,17,10,10,17,10,10,17,9,9,10,12,11,17,17,12,12,11,12,17,11,11,12,11,11,11,17,9,11,10,12,12,10,11,17,12,12,15,11,15,15,12,10,10,9,17,10,15,12,15,10,10,10,11,10,11,15,10,9,9,15,10,10,10,10,15,15,17,9,10,12,10,10,12,12,11,15,10,10,11,12,10,10,17,12,17,11,9,9,17,17,11,10,10,10,15,15,17,11,15,12,11,10,15,17,9,11,9,17,15,12,15,17,11,17,17,15,9,10,9,9,10,10,9,10,10,15,11,11,11,15,12,9,11,11,10,17,11,11,12,17,15,15,9,11,15,15,11,9,15,15,11,15,15,15,11,10,10,9,17,17,17,17,10,10,17,9,15,9,17,12,12,12,15,15,15,17,9,11,9,17,9,12,11,9,9,17,11,11,11,10,15,10,12,12,9,9,17,12,12,9,17,12,11,11,15,15,12,11,12,17,12,17,11,12,11,17,17,11,17,9,11,9,10,10,12,17,10,12,9,9,9,15,11,11,15,17,9,10,9,12,17,15,17,17,12,10,12,11,11,17,15,9,17,10,9,11,12,15,9,15,12,10,9,10,17,17,15,15,9,9,9,17,10,17,17,9,12,17,17,12,12,11,11,11,11,17,11,17,17,17,17,17,12,9,17,10,17,11,10,10,12,12,11,11,17,12,12,17,17,15,11,17,11,11,9,12,9,17,9,10,9,15,11,9,11,15,10,9,9,9,17,12,11,11,17,15,15,10,10,11,11,17,10,12,9,10,10,10,10,10,15,17,9,11,17,15,12,11,10,10,15,12,10,11,12,12,11,11,11,15,12,17,10,12,17,17,12,10,10,12,17,10,11,17,11,12,17,17,11,12,11,17,9,9,11,17,11,11,15,15,17,17,10,10,17,12,11,15,12,11,11,10,9,12,12,15,10,9,17,15,17,9,17,17,10,17,15,12,12,11,10,10,10,17,17,15,12,17,9,9,15,10,12,15,15,15,17,17,15,11,15,10,12,9,9,10,11,11,9,9,12,15,9,15,9,12,12,10,17,17,10,12,15,9,10,17,11,11,11,17,9,9,11,15,11,11,11,15,12,17,9,10
pred_labels
12,9,15,12,15,12,11,12,17,9,15,15,15,10,10,15,11,15,12,15,12,17,17,9,11,15,10,15,17,15,17,17,15,15,9,17,9,15,10,17,9,11,11,15,11,15,12,9,17,10,10,17,11,15,15,10,15,12,17,17,12,17,9,15,15,15,17,9,17,9,11,12,11,10,9,15,17,15,17,17,11,11,10,17,17,11,11,12,15,15,9,9,12,9,11,15,15,15,10,15,10,9,17,11,11,12,10,9,17,10,9,15,15,12,9,11,15,9,15,17,10,9,9,9,17,17,11,17,11,11,11,10,15,15,10,9,17,15,9,9,17,12,17,9,10,15,10,15,15,11,11,11,9,17,10,9,10,10,17,12,10,9,10,11,9,11,17,15,15,15,17,17,17,9,12,17,15,10,17,17,12,17,12,12,10,9,17,11,15,17,12,15,11,12,10,11,15,17,9,10,17,17,17,10,10,9,15,12,10,11,9,10,12,9,15,10,9,12,12,11,9,17,15,15,10,17,9,11,9,17,17,15,12,17,17,10,9,12,10,17,12,15,11,15,15,15,11,15,15,11,10,10,9,10,10,10,17,9,15,11,11,17,12,17,11,9,11,15,10,10,15,17,17,15,15,17,15,12,17,9,9,11,17,9,11,17,9,10,11,9,15,9,10,15,15,11,11,9,12,9,9,9,15,17,17,11,9,9,9,15,11,10,11,10,12,17,10,17,15,11,11,15,15,11,10,9,10,11,15,17,15,17,17,17,15,17,12,9,12,10,12,11,17,15,11,17,15,12,11,15,10,10,11,10,9,9,17,17,11,12,11,9,11,11,9,11,10,12,12,11,12,9,11,11,17,10,15,9,17,11,9,10,12,17,15,15,17,17,17,12,15,12,9,10,9,17,10,17,9,11,10,11,10,15,17,15,17,17,17,15,10,11,9,12,17,10,11,15,11,9,9,9,9,10,10,15,15,17,10,10,17,15,15,12,17,11,9,9,10,11,10,12,11,11,10,11,17,12,11,15,15,17,15,11,9,15,10,10,11,12,9,9,17,17,11,11,10,11,10,17,17,17,17,11,15,11,9,15,11,9,10,17,12,9,9,10,9,12,15,9,15,10,10,10,15,15,17,10,12,15,15,11,9,10,9,15,10,17,9,10,10,17,10,17,12,9,11,9,12,11,17,17,12,12,11,12,17,11,17,12,11,10,11,12,11,11,10,12,17,10,11,17,12,12,15,11,15,12,12,10,10,9,17,17,15,12,15,10,17,9,11,10,10,15,15,9,9,15,10,12,10,15,15,11,17,9,10,9,9,9,12,15,11,11,10,10,11,12,10,9,17,17,17,11,11,9,17,11,9,10,10,10,10,15,17,11,15,17,15,10,15,15,17,17,9,17,15,12,10,17,11,17,9,9,10,10,9,9,10,10,9,10,15,9,9,11,10,15,12,9,11,10,10,17,9,15,12,17,17,15,9,11,10,15,11,9,15,17,11,15,15,12,9,17,12,9,17,17,17,11,10,15,17,9,17,9,17,12,10,9,15,15,15,17,9,11,9,15,9,12,11,9,9,17,17,11,10,12,15,10,12,17,9,11,17,12,11,9,12,12,11,11,15,15,10,11,12,17,17,17,11,12,17,17,15,11,17,9,15,9,10,12,12,17,12,12,9,9,9,10,11,15,9,15,9,10,9,12,17,15,17,10,12,10,9,11,17,15,9,9,17,9,17,11,12,15,9,10,12,10,9,10,17,17,10,15,9,15,9,17,10,17,17,9,11,17,9,9,15,12,11,9,12,17,11,17,17,17,17,9,12,9,17,15,15,11,10,9,12,11,11,17,11,12,15,17,17,15,11,17,11,11,9,12,9,17,17,10,9,15,11,15,10,15,10,9,10,11,17,12,11,9,11,15,15,10,10,9,12,17,10,12,9,10,10,10,17,10,15,17,9,9,17,17,15,11,10,15,11,12,10,11,12,12,12,11,9,15,11,17,10,12,15,15,15,10,10,12,10,9,11,17,11,12,17,17,11,12,15,10,9,17,11,12,15,11,15,17,9,17,10,10,17,9,11,15,12,11,9,17,9,12,12,15,10,9,17,15,17,9,17,17,11,17,17,12,12,10,12,15,10,17,17,17,12,17,9,9,9,15,12,15,15,17,11,17,9,10,15,10,12,9,17,15,11,11,9,9,12,17,9,15,9,12,11,10,17,10,9,9,15,9,9,17,11,11,9,9,9,9,11,15,11,9,11,15,12,17,9,9
pred_correctness
True,True,True,True,True,True,True,True,True,False,True,False,False,True,True,True,True,True,False,True,True,True,True,False,False,False,True,True,False,True,False,True,True,True,True,True,True,False,False,False,True,True,False,False,True,True,True,True,True,True,True,True,True,False,True,True,True,True,False,False,True,True,True,False,False,True,False,True,True,False,True,True,True,True,True,True,False,True,False,True,True,False,True,False,True,True,True,True,True,True,True,True,True,True,False,True,True,True,True,False,True,True,True,True,True,True,True,True,True,True,True,False,True,True,False,True,False,False,False,True,True,True,False,False,False,True,True,False,True,False,True,False,False,False,False,True,True,True,True,True,True,True,False,False,True,True,False,True,True,False,True,True,True,True,True,True,False,True,True,True,True,False,True,True,True,True,False,False,True,False,True,True,False,True,False,True,True,True,True,True,True,False,True,True,True,True,True,True,True,True,True,True,True,True,False,True,False,False,True,True,False,True,True,True,False,True,True,True,False,False,True,True,True,False,False,True,True,True,True,False,True,False,True,False,True,True,False,True,True,False,True,False,True,True,False,True,False,False,True,True,True,True,True,False,True,True,True,False,False,True,True,False,True,False,True,True,True,False,True,True,True,True,True,True,False,True,True,False,False,True,True,True,True,True,False,True,True,True,True,True,True,True,True,False,True,True,True,False,True,True,True,False,True,True,True,True,True,False,True,True,True,True,False,True,False,True,True,False,False,True,True,False,False,True,False,True,True,True,False,True,True,True,True,True,False,True,True,True,False,False,True,True,False,False,False,True,True,False,True,False,True,True,True,True,True,True,False,True,False,True,True,False,True,True,False,True,True,False,True,True,True,True,True,True,False,True,False,True,True,False,True,False,True,True,True,True,True,True,False,False,True,True,False,True,False,True,True,True,True,False,True,True,True,True,False,True,True,True,True,True,True,True,True,True,True,True,False,False,False,True,True,True,True,True,True,True,False,True,False,True,False,False,True,False,True,True,True,True,True,True,True,True,True,False,True,True,False,True,True,True,True,True,False,True,True,True,False,True,True,True,True,False,True,True,True,True,True,False,True,True,True,False,False,True,True,True,True,False,True,True,False,True,True,False,True,True,True,True,True,True,True,False,True,False,False,True,True,True,False,True,True,True,True,False,False,True,False,True,True,False,True,True,True,False,True,True,True,True,False,True,True,True,True,False,False,True,False,False,True,True,True,True,True,True,True,True,True,True,False,True,True,False,True,False,False,True,True,True,False,True,True,True,True,True,True,True,True,False,True,True,True,True,True,False,True,True,True,True,False,False,True,True,False,True,False,True,True,True,True,False,True,False,True,False,True,True,True,False,False,False,True,False,True,False,True,True,True,True,True,False,True,False,True,True,False,True,True,False,False,True,True,True,False,True,True,True,True,False,False,True,True,False,False,False,True,True,True,True,False,True,True,True,False,False,False,True,True,True,True,True,True,True,False,False,False,True,False,True,True,True,True,False,True,True,False,False,True,True,False,True,True,True,False,True,True,True,True,False,True,True,True,False,False,False,False,True,True,True,True,False,True,False,True,True,False,True,True,True,False,False,True,True,True,True,True,True,True,False,True,True,True,True,True,True,False,True,False,False,True,True,True,False,True,False,True,True,False,True,False,True,True,True,True,True,False,True,True,True,False,True,True,True,False,True,False,True,True,True,False,True,True,False,True,True,False,True,True,True,True,False,True,False,False,False,True,True,True,True,True,True,True,False,True,True,False,True,False,False,False,True,True,False,False,True,True,True,True,False,True,True,True,True,True,True,False,True,True,False,True,True,True,True,True,True,False,True,False,False,False,False,True,False,False,True,True,True,True,True,True,False,True,True,True,False,False,True,True,False,True,False,True,False,False,True,False,True,True,True,True,True,True,True,True,True,True,True,False,True,True,True,True,False,False,True,True,True,False,False,True,True,True,False,False,True,True,True,True,False,False,True,True,True,True,True,True,True,False,True,True,True,True,False,True,False,False,True,True,False,False,True,True,True,True,True,False,True,False,True,False,True,True,True,False,False,False,True,True,True,False,False,True,True,True,True,True,True,True,True,False,False,True,False,True,False,False,True,True,False,False,True,True,True,True,False,True,True,True,True,False,False,True,True,True,True,True,True,True,True,True,True,True,True,False,True,False,True,True,False,False,False,True,True,True,False,True,True,True,True,False,False,True,True,True,False,False,True,False,False,True,True,True,True,False,False,True,True,True,True,True,False,True,True,True,True,False,True,True,False,False,False,True,True,False,True,True,True,False,False,True,True,True,True,True,False,True,True,True,True,True,False
p2d-kl
0.7256556749343872
p2d-iter
599
p2d
-0.07429194,-0.2077839;-0.6528611,0.11206703;-0.18263711,-1.3719715;0.13692822,-0.47937375;0.067117095,-1.6535244;-1.009582,-0.9557414;1.6411384,-1.1426328;-1.0386677,-0.91473323;-0.1371857,-0.3584291;0.18984915,0.06971201;-0.23508094,-1.2262325;-0.003662475,0.92519116;0.059909776,-1.126973;0.6840931,0.8915587;0.40782297,1.3388988;-0.14119196,-1.6013476;1.3152196,-1.2483962;-0.11803359,-1.662596;0.1986636,-0.4911236;0.20711793,0.99361175;-1.3344086,-0.3620001;-1.9522107,-0.54465353;0.38592097,1.1277127;0.5872352,1.7931759;-0.35074615,0.5755439;-0.8839704,0.42271382;0.0241285,1.5509238;-0.3889659,-1.1688648;-0.29013914,0.2108703;1.3998677,-0.29465237;0.42509687,0.9480104;-2.0213776,-0.9425956;-0.22404629,-1.2695376;0.020519825,-1.6216269;1.5953332,-0.28215855;-1.8957874,-0.469764;-0.07970355,-0.09716255;-0.016993737,1.0120403;0.38417497,1.3613333;0.12800357,-0.3918406;2.1613154,-0.6363227;0.9610953,0.18847544;0.4136408,-0.12977049;0.1653196,-0.62987185;0.8239209,-0.013162988;0.23640141,1.9183637;-0.1962871,-0.4777344;1.845089,-0.69533914;-1.8451118,-0.7580138;-1.9938773,-0.041837085;-0.7009915,-0.70775634;-1.814812,-0.6658678;0.5023408,1.9639688;0.49732584,1.4339074;0.04300011,-1.1341463;-0.047179215,1.6900322;0.40039167,1.9916776;-1.2921305,-0.31773856;-0.9595934,-1.301423;-0.16316852,-0.13686313;-0.61296386,0.18297413;-1.7336142,-1.0339892;0.9451172,-0.26801014;0.7916593,0.009588451;0.45130166,0.037130557;-0.033073034,-1.6543552;0.62616456,1.7795309;-0.107922696,1.2559334;-0.34920368,-1.5233852;0.14957811,0.04766227;0.7712468,-0.8057067;0.31558388,0.906642;0.6528619,-0.6658103;-1.6550318,-0.12909435;2.144293,-0.7745667;0.0063019474,-1.7638764;0.33802807,-0.4886793;-0.1481166,-1.7145407;0.3855984,-0.08672582;-1.8888774,-0.8536708;1.493631,-1.3092666;1.7490819,-0.32544;-0.70957017,-0.61412245;-1.0532405,0.26953334;-2.0259206,-0.90895903;1.4324296,-1.3674958;1.0952805,-1.0135933;0.35507664,0.9011286;-0.34027183,-1.2781062;-0.339545,-1.2068722;0.44100174,0.23181157;2.0182655,-0.83375925;-0.9380769,-0.3275731;1.8323853,-0.5549963;-0.20266627,0.492575;-0.59128624,0.4239953;-0.64642334,0.39004907;-0.33128405,-1.1862125;0.4290041,2.0230114;0.024412522,-0.5521721;-0.5443336,-0.6754541;1.5672473,-0.43827224;-1.1284802,0.6692832;0.9768433,0.120787784;0.29650107,0.7526601;-1.4486761,-0.41344336;-1.8062423,0.019741476;-0.38790601,0.9013761;0.7121356,-0.09846176;-0.7953284,-0.64436865;2.2565103,-0.64632225;0.43036777,1.9974029;-0.2428021,-1.470956;-1.1749288,-0.40508223;-0.22419088,0.052903485;-0.15107569,0.9137141;1.3401114,-0.29952955;1.6205789,-0.5648404;0.4463084,0.03099488;-1.8832903,-0.9434109;-1.9610155,-0.028740654;0.88145274,-1.4563534;-0.10253692,0.01181936;0.20657133,0.009631466;-0.96493125,0.19060649;-2.0181258,-0.8871744;1.3873724,-1.1145095;0.2626689,-0.4321976;0.81575626,-0.77532023;0.65824294,0.13903472;1.425008,-1.1888107;-1.2886907,0.43275163;0.36299616,1.890074;0.20941027,1.5700748;0.28041792,1.3922323;1.6270059,-0.4976673;-0.04197704,1.1171238;-0.18583941,-1.1184515;1.3452443,-0.37919563;0.40556824,0.15549543;-1.8470542,-0.9634707;-0.6600568,0.23043753;-0.6392578,0.058635473;1.4247835,-0.56637186;0.94026554,0.7583549;-0.063581206,-1.5935134;0.28808975,1.6879432;-0.15382281,-1.5377035;-0.10054481,-1.4361497;0.81717694,-0.10238375;0.6616865,-0.79120463;0.8002039,0.16764493;0.92285514,-0.40787914;-1.6019661,-1.0621765;-2.0425339,-0.019983545;0.3926787,1.9238126;0.027414262,0.7500313;-0.76607156,0.75231105;-1.7316897,-0.7787398;-1.6111023,-0.41554153;-0.6856087,-1.1216246;-0.47323692,0.53978175;0.9138456,1.45154;0.16551419,1.7639995;1.3957679,-0.45697424;1.4148293,-1.2353334;0.13539222,-0.39700973;-0.15236175,-0.5826414;0.7252953,0.08841213;-1.5765374,-0.054778945;-1.5530877,-1.2361382;-0.5091819,0.0023595793;0.20172304,-0.44694895;2.030294,-0.6342709;0.6583115,2.0891383;-1.9602968,-1.0271616;-0.34140965,-1.3764808;-1.8025401,-0.16372086;-1.8714228,-0.73266363;0.40235296,0.97517556;-1.3976187,-0.41411042;-0.4299605,-0.11596661;-1.1983697,-1.1123645;-1.5442064,-0.4181248;-1.7414849,0.048016224;2.1391053,-0.7040693;0.8158048,-0.46396983;0.14065585,0.6137129;0.0252994,-1.3504007;-0.8543088,0.24720128;-0.9634558,-0.4679711;-0.31767747,-1.2490034;1.2872909,-1.3141651;-0.56034124,0.9503139;-1.1410079,-0.061219852;1.039934,-1.0110948;0.61292017,1.3646878;-0.9396216,0.16571808;-0.6674897,0.5406034;0.31867152,1.2599418;0.4762485,0.9893293;-1.9302793,-0.5047526;-1.6352023,-0.8600309;1.01894,0.76164275;0.3800514,1.2245252;2.0780227,-0.6883963;0.04184207,0.53703666;-0.061052922,0.88998383;0.7255726,1.9273479;-0.014467414,0.5957581;1.7800423,-0.26834726;-1.8878609,-0.12323118;-0.03817509,-0.22293627;-0.2702701,1.624367;0.39416218,2.0619276;0.5222724,0.82088786;-0.6256658,0.93677837;-1.1321985,-1.1394917;-0.115878545,0.39496186;-0.20168647,0.5668096;-0.46547374,0.1164899;-1.5623003,-0.8342761;-0.04413629,-0.72348756;0.79021585,1.293434;-0.79723376,-0.6227737;-2.0791166,-0.74461967;1.0025978,-0.39614528;1.2929236,-1.0355556;0.5273834,0.17984417;-1.093366,0.7382446;-1.6710924,-1.0113913;-0.01094636,0.50364524;-0.44775298,-0.90038574;-1.6776181,-0.8169319;0.86963433,1.6468014;-0.59596086,-0.6659591;1.8732284,-0.6681626;0.02367817,1.1992269;-0.5157525,-1.1500177;-1.0624994,0.3634323;-1.1696314,-1.2816855;-0.0625024,-1.16018;0.7492224,-0.72182184;0.48616636,1.4092407;0.76364636,0.8340997;-0.057105426,-1.6738952;1.3285477,-1.2738421;0.20135008,1.618325;0.56320834,1.482232;0.99712855,0.14203398;-1.9236884,-0.059609517;0.9001955,1.413751;1.6477344,-0.6509705;0.17806678,1.8115568;-0.62053096,-0.713924;-0.5347605,-0.73436296;-1.7586113,-0.6818487;-0.49729016,1.0589583;0.055364046,0.5095521;0.86876035,-0.7924158;1.5268297,-1.2813975;-1.8508332,-0.8685283;-0.9516822,-0.42718464;-1.7836174,-0.96745455;0.1409712,0.21075183;1.7574279,-0.2920266;-0.4948572,1.231624;0.14396958,1.4174117;-0.66151106,0.85755086;0.6336339,0.73369694;-0.023786483,-1.4876729;-0.8811554,0.26505977;0.63564104,1.0538399;-0.2417209,-1.4422544;1.5720555,-0.30896306;0.15592317,0.8298142;1.3715452,-0.6119394;0.54542845,1.6106713;-0.7424285,-0.8688376;2.0595815,-0.7287896;2.177517,-0.65609854;0.96322995,0.18912232;-1.8867903,-0.5551859;-0.31146792,0.90004313;1.2544963,-1.0307273;-1.8150561,-0.69255096;-0.3377601,1.2821922;0.24070767,1.7958279;1.3822551,-1.0734328;1.7349447,-0.43855315;-0.16947387,-1.4746962;-0.37412187,1.1192161;-0.5175475,-0.7013305;0.26997823,-0.6037977;-0.083461754,-1.6352893;-0.03671874,0.5774908;0.6892521,0.07693163;-0.5384389,1.0869466;0.8391561,1.6417391;0.16778582,1.168062;0.74060047,-1.5164429;0.49112815,1.9629093;0.23123786,0.98330605;-1.895606,-0.5778357;-0.8661337,0.32311246;1.8966925,-0.3549356;1.5205188,-0.20833804;1.0790058,-0.4280575;-0.23916659,0.5982655;1.059943,-0.51492816;1.5765692,-1.2833735;0.2551263,1.7213572;0.15368903,0.9200085;-1.7659645,-0.18367697;-0.6826203,-1.170965;-1.8811706,-0.90739495;-1.959232,-0.14242738;-1.2263573,0.32411015;-0.40147313,-0.5402531;0.7663935,0.12838835;1.4474932,-1.3382775;0.13282496,-1.7602692;1.4806588,-0.63401484;1.2244834,-1.1074741;-0.017065322,-0.6248498;2.0499682,-0.79155487;0.2920248,1.9871706;0.37229648,-0.56589013;-0.07975075,0.48083892;0.2989646,0.84292495;-0.27765524,-1.3761563;-1.9832579,-0.83826506;-0.13370271,1.114434;0.7497645,-0.49732623;-0.11577208,-1.4007758;-0.666281,-0.8584075;-1.1814929,-1.1402311;-0.6927124,1.0652843;-1.2478969,-0.36049664;-1.2565225,0.42161438;-1.0525527,-0.87747973;0.5666026,-0.71560335;-1.9813112,-0.6037905;-0.401581,-1.2149788;1.2625971,0.102040306;-2.057338,-0.6328719;-0.2729641,-1.3402723;-0.8113234,-0.98859686;0.23805788,0.5499526;0.10983505,-1.7126294;0.11981017,0.7644626;-1.4841815,0.0789583;1.2114449,-0.99985564;0.9691532,0.7579947;-0.34421563,0.7869859;2.252932,-0.6333091;-2.043963,-0.85331744;0.46082363,1.0904547;0.6540107,-0.7447298;-0.745766,-0.42335263;1.455611,-1.1086669;1.7786201,-0.5754684;0.74356675,0.17110445;-0.12231963,0.23763415;-0.24786104,0.6135493;1.410847,-1.2158539;0.19832264,1.7414325;-1.1160129,-1.2557827;-0.06795751,-0.32269147;-0.12421598,0.93208414;-1.20055,-1.2588534;-0.4369839,0.12586692;0.6189188,1.8757982;0.39519796,0.5504064;-2.0848112,-0.6087675;1.0151229,0.7263296;0.02105041,-1.7031777;0.42870185,0.17763782;0.37679306,-0.45715097;0.2862079,-0.6659458;1.5095536,-0.22253264;-0.12969835,1.6424589;-0.7504605,0.18555096;-0.6187625,-0.024376256;0.4860423,-0.05870678;0.17372075,1.6100496;0.34343415,-0.38483116;-1.736745,-0.7351541;0.65063953,1.1435338;-0.9453602,-1.283526;-0.064717904,-1.6114554;-0.84805554,-0.9709344;0.47296825,1.5691377;-0.5683772,-1.1349616;-0.09243838,-0.12605004;-1.9336635,-1.0039814;-0.090439424,-0.62504727;-0.8230373,-1.260884;1.4875919,-0.18147248;-0.16357617,0.58134204;-0.49888167,-0.7613952;1.7148737,-1.249837;0.08664331,1.4577821;1.2128123,-0.6430141;-1.5552365,-0.7605279;-0.9047995,0.41448268;-1.6359301,-0.88798064;0.31965846,0.9727674;0.7064509,1.9729178;0.46621257,2.068464;-0.56479496,-0.7627652;1.5935307,-1.0792469;1.9406316,-0.7114304;-0.7107483,-0.36386228;-1.7226403,-0.7556361;-0.6248164,-0.6964746;-0.3677205,0.6179043;-0.3502533,1.0473753;-0.36883253,0.35209954;1.2254441,-0.3152748;0.2939863,0.002566567;-0.16724716,1.2030534;1.0148028,-0.2871452;1.2419691,-0.47211125;0.021818183,1.6820174;-0.27585924,1.0081341;-0.2679508,1.007298;-1.9957955,-0.5975419;-1.8164699,-0.12860721;-0.45591614,0.65290266;0.16590129,0.831162;0.7150959,1.3028382;0.105509475,0.7136585;0.64393663,1.4159858;-1.3732345,-1.2205356;1.4024186,-1.2794354;-0.43234745,0.98195815;0.5965987,1.8972872;0.5022374,-0.18264176;-1.4105685,0.11296563;0.382578,1.3028737;-0.8806957,-1.025163;-0.1271504,0.16631222;1.7676194,-0.3029201;-0.25844187,-0.6487051;0.44520006,1.3073722;0.29551312,1.1824168;-1.0130868,-0.3971346;-0.13849482,0.25482523;0.07857426,-1.7741858;0.029135944,-1.5638826;-0.07093023,1.1649004;0.041227117,-1.7330848;0.16784476,0.46437547;1.5992973,-0.33361655;-0.30389896,-1.2552598;-1.7130647,-0.051373962;0.5742212,0.840141;0.44626144,-0.69322145;-1.154931,-1.2928631;1.5422281,-0.5430396;0.31729212,1.9780321;0.56162924,0.91237015;-1.9859644,-0.4630665;-0.31771627,-1.4988673;1.4339582,-1.1478949;-0.42997992,-0.7338468;0.841863,0.18656597;0.940012,1.4397513;-1.9085808,-0.7657119;0.7847161,1.5916678;-1.7918916,-0.7519383;-0.40558365,0.06330528;0.37615812,1.5835856;0.09170192,-1.5898697;0.68162763,-0.12402384;-0.57674164,0.77826357;-0.106470816,-1.4784787;0.91091174,-0.7945776;-0.20861967,1.2605932;0.069829166,0.72312284;-0.96595687,0.32333812;-0.55311906,-1.5414101;-1.1851151,0.602772;0.56796664,1.9900339;-0.5653887,-0.61236334;1.5747187,-0.22722726;-0.83221316,-0.9500955;0.18681046,1.9111426;1.5960556,-0.58652544;0.019579915,-1.7472138;-0.7867171,-0.64681685;0.4338327,1.2138264;0.058902584,0.77134883;-0.25939795,1.0565798;0.26047832,1.8838296;-1.111409,0.38791466;1.0287583,0.7257732;-2.0022204,0.02228427;0.5561366,1.4645152;1.3399845,-0.62756085;0.81164265,0.09698925;0.046054296,1.2303181;0.52919835,1.6225128;1.3144108,-0.40408307;-0.13456045,-1.2804358;0.13036788,1.8566586;-0.2890807,-0.26635793;-0.9400088,0.13615085;0.7047522,0.7878165;-1.9071823,-0.1564902;-1.8977896,-0.44712523;-1.3654925,-0.068758994;0.21998483,1.1954964;-0.80933625,0.81380445;0.9462231,-1.4487581;0.13295971,1.7977673;0.009305297,0.63235843;-0.77752936,-0.3888531;0.97255355,-0.0029577562;-1.4476882,-1.2400619;0.5014916,-0.4386124;-0.9800416,-1.0368633;0.78442365,1.9033076;0.9639512,-0.07787991;-1.2808502,-0.37538207;-2.0515234,-0.9288109;1.2050133,-1.1375781;0.2544451,-0.5149748;-0.9577679,-1.1521538;1.2952359,-1.1875702;0.6700413,0.8751907;1.5131398,-1.070598;0.7325129,1.6136147;1.6412613,-0.38404387;1.392413,-1.2995142;-0.5834271,-1.1143366;-0.93190557,-0.39699692;-0.5542851,-0.061819203;-1.6824232,-0.1415672;1.1091313,-1.0380464;0.5941851,1.6668527;-0.9384893,-0.9756553;-1.0983254,-1.2114216;-0.16866222,-1.5080621;1.4494901,-1.1611849;0.67045313,-0.014691197;0.5448786,1.0879297;0.8323076,1.6917466;-0.72610885,-0.68686014;-1.1170014,-0.12364849;-0.6544325,0.802343;0.5757688,2.057133;0.34232423,-0.10554365;-0.06345486,-1.3660041;-1.0769877,-1.1645621;0.44370386,1.4730507;-1.2679894,-0.06449063;-1.0086602,0.17332928;1.0360317,-0.39507493;1.4020276,-1.0958875;-1.809891,-0.06427258;0.20801719,1.3053457;0.013088643,-1.4601113;0.10973007,1.7944107;0.9602867,-1.4714824;0.5594643,1.8360085;-0.253018,0.47951922;0.25840908,1.7412788;-0.72894526,0.15408286;-0.25077772,-0.58619857;0.74105304,0.04619049;0.59781045,-0.050550427;0.22965929,1.0115746;-0.4186817,0.3192048;2.1965766,-0.8403311;-1.8576739,-0.05402945;1.2792687,-0.45174912;-0.64370036,0.80169874;-0.46018583,0.7157922;0.34686917,0.92232406;-0.13966227,-1.332074;0.64166343,-0.8005797;1.127648,-0.0002871701;0.7564956,0.7397047;0.36940354,1.2527139;0.43402877,1.3436224;-0.8499915,0.11794951;-0.6775369,-0.6159144;-0.41216913,0.7055126;-1.6660951,-1.1060545;-0.77290857,0.25459567;-2.0488486,-0.72226155;1.0803705,-1.0010852;1.9260658,-0.41260573;0.7561609,-1.5116178;0.009065815,-0.16330175;-0.37583444,0.29062012;0.17237167,0.086550005;-1.7648742,0.123822644;-0.59611845,-0.7533665;0.96564233,0.7324941;0.38096258,0.7539628;0.13505185,-1.6407554;-2.011264,-0.7990506;0.7256376,-0.77526253;0.28790367,1.5092148;-0.40684578,0.30564943;0.564984,1.5062746;0.45750907,-0.19898745;-0.066488355,-1.737788;0.51469207,-0.06248389;-0.28535658,0.87998354;-0.33077124,0.24105328;2.1072161,-0.80411;1.0384365,-0.43199933;1.2433134,-0.25337994;-0.54639256,0.16046801;0.27977347,1.439648;0.74520487,1.1361693;1.2894009,-0.7549135;0.5532452,2.10044;1.3439119,-0.42423886;-0.3925842,0.5060392;-0.6542581,0.73591;-0.97245795,0.45410421;1.130094,-0.19226114;0.2121788,0.09859377;-0.5279955,-0.6330719;0.5107042,0.69418436;0.96028984,-1.4714814;-1.7365699,-0.087638676;-0.8355565,0.39329126;-0.36981547,1.2107099;0.002624184,0.47788864;1.2115057,-0.13327204;0.1284797,1.5204351;0.42648566,1.0180402;-0.4693693,0.25600645;0.034866173,0.43787068;1.1090513,-0.74830157;-0.10734097,-0.61107856;-1.9929596,-1.709871e-05;-1.1331561,-0.048137635;0.5573261,1.9306548;0.96572113,0.037347794;-1.3693779,-0.3552624;-1.7057626,-1.0564798;0.40031275,1.8650981;0.28911775,1.4503956;2.059583,-0.7530341;1.2254896,-0.7541166;-0.3011263,-1.4339455;-0.26582173,-1.1963556;0.7076652,-0.68944377;0.87554836,-1.4476576;-0.16750321,-1.2773204;-0.4603801,0.24170285;1.2347338,-1.1588618;0.15865418,-1.7398618;-0.00026641728,0.99739033;-0.5751402,0.16086245;-0.4698419,1.3003172;0.6635783,1.7017328;-0.45932186,0.971561;-1.1089889,0.6415007;0.5943188,-0.44858748;-1.9781424,-0.6367767;0.6291781,2.0597029;0.529056,1.353139;-1.983123,-0.100132;0.7445044,1.243515;0.061770458,-0.54883635;-0.36190003,1.1087713;-0.70286524,-0.0012640815;1.8428367,-0.5018583;-1.8647786,-0.5066691;-1.0009222,-0.9073218;-0.07950021,1.7136592;-0.80928314,0.8048215;0.006202393,-1.5011214;0.00022914838,0.6985872;-0.18627657,-1.3843472;-1.9251686,-0.86621547;1.6093216,-0.3914026;1.1292652,-1.0679221;0.85280365,-0.22198908;-0.39441255,0.48563373;1.4965055,-0.53600246;-1.2599963,0.20986362;1.5433742,-1.2600961;1.8061411,-0.512678;2.232389,-0.81938225;0.8043058,-0.42888585;0.67390823,1.0714355;1.9193188,-0.36697435;-0.14341773,1.6267716;0.7625289,1.8550763;-0.42181316,-1.2018776;-0.21829984,-0.5682107;0.9142021,1.6000926;-0.53924555,-0.08420348;0.92047465,-0.23734315;0.6543763,0.122973524;0.38956892,-0.35502806;0.012290041,-0.4669677;0.3548012,0.525245;0.086828254,-0.022097966;0.7150387,1.7944242;-0.69232684,-1.1967596;1.7455964,-1.1370032;1.3485855,-1.1271973;0.18448544,1.5464307;-0.12787887,-1.4572381;-0.14382353,-0.47750282;1.5647901,-1.2510506;-0.9641109,-0.9717677;-1.8686299,-1.0403975;-0.2714824,-0.2851206;-0.12107657,-0.15818942;0.76833683,-0.8353165;-0.8903001,-0.9426143;-0.114208885,-0.42279384;-1.4985362,-1.2452954;0.2878892,1.5883015;0.2304509,0.53952885;-1.548584,-1.0405422;0.098020464,1.6248518;-0.47604266,1.2190317;1.569961,-0.6331452;0.20261675,1.279405;-0.48089305,0.09040739;0.7571343,1.7060182;-1.3226767,0.33517444;0.35938525,-0.14044432;-1.0167124,-1.0999662;1.0253502,-0.3130487;2.098283,-0.77791005;1.786157,-0.6101369;0.36210012,2.0157309;1.7547816,-1.1273;0.6411859,1.8092728;1.1771852,-0.3240738;-0.7210869,0.58141655;2.1570783,-0.75448173;-0.67632025,-1.0894257;1.6924993,-0.4599982;-0.92598075,-0.45448145;-1.1075664,0.6741306;-0.21269813,-1.2431496;-1.7734109,-0.71871895;0.39852,1.9640516;-1.0417081,-1.2784511;-1.6355729,-0.1934576;-0.06241948,0.6213543;1.1437953,-1.0668553;-0.78206426,-1.2527993;-0.1306026,1.1519753;0.19063616,0.6367898;1.9146299,-0.6592435;-0.122525394,-0.10363173;1.4270363,-0.23928526;-0.23234019,1.6823609;0.97874606,0.16431756;0.027663436,-0.45008475;0.15879783,1.6025364;0.5988605,1.5935639;-1.0410726,0.45131883;-0.9996575,-0.42284626;0.35037863,1.2003328;1.6332531,-0.40301988;0.3865056,1.2020038;-1.9346423,-0.8158966;0.5415109,2.0445035;0.34002477,1.7240129;0.0771577,-1.6879271;1.4370794,-0.33971143;0.46826237,0.19910379;-0.52104706,0.14442492;-1.6935643,-1.0079314;0.03435374,1.4819354;-2.0470974,-0.74725235;-1.0489266,-1.0339749;2.0091858,-0.6357128;-0.13402425,0.16046438;-0.08477128,-0.14855328;0.37165844,0.23704045;0.40618446,1.7795719;0.15522765,1.5104476;0.039670147,0.87201357;1.2936615,-1.1544399;0.36000615,0.29344192;-0.11850201,-0.20235369;-0.89316875,0.30602685;0.8251876,-0.6890101;-1.4036719,-1.2315873;-1.0840318,0.72767967;0.73770946,2.0561275;-0.63305163,0.020720776;-0.1715597,0.38960713;-0.37290806,0.28103617;-0.3082911,0.64410377;-0.26066333,1.6914585;0.77453357,-0.036206536;-0.012477066,0.84004396;1.4977856,-1.3349024;-1.7897465,-0.09761616;0.3231402,0.14205338;-0.4061706,-0.42401823;0.8462784,-0.14615493;1.399753,-1.3079642;0.5565284,1.7001306;0.13130045,-0.29114494;-1.3030839,-0.3299364;0.75415146,1.7321806;-1.6309524,-0.95463604;-1.9449993,-0.70165837;-0.4805631,-1.1971956;0.2540088,1.531401;-0.890935,0.1709171;1.6414399,-1.2943773;-0.10679656,0.61375636;1.6351753,-0.51534736;-1.1969495,-0.39783174;0.10158679,1.2887701;-1.4787649,-1.2622379;0.65887076,2.0802417;0.43218735,1.6569445;-0.7042983,0.54441226;0.0016160352,-1.6094793;0.667066,-0.758124;0.15643932,0.6449426;0.15118843,1.2539551;-0.303371,1.0107272;0.7756172,0.76202744;2.198382,-0.82529485;0.028632931,1.2621459;-0.5665733,1.0742879;-0.5058602,0.22219294;0.48375487,0.91351867;1.4559397,-1.359327;0.33835614,0.17380379;-0.2785837,0.43353224;-0.068343066,-1.7090495;0.44278756,2.0996313;-1.1280701,-0.119970374;0.84529084,1.410114;-0.56775045,1.025786;-0.17615706,0.13684161;-0.2663479,1.293224;-0.16822131,-0.66254747;-0.82338095,-0.36889476;-0.25039223,0.42119247;-0.55658805,0.6369788;-1.2537539,-0.07992572;-0.7021738,-0.65855753;-1.5671954,-0.7559205;-1.987034,-0.015775189;-0.22563761,-1.1372843;0.6600611,0.98539966;2.113641,-0.64898473;0.61015683,1.9467188;-1.874227,-0.5947775;0.5530971,1.69852;0.21405116,0.89805603;1.406661,-1.2154248;-1.6483368,-0.11422864;-0.78407496,0.41895622;1.574156,-0.31938586;-1.0524606,-0.4091214;-0.5113104,0.7300258;1.2805063,-1.2087727;-1.0745809,-0.9453216;0.6915431,1.8650854;-0.20773391,0.2792258;1.5218989,-1.2454909;0.47688767,0.24627686;-0.5980504,0.39880863;0.56329226,1.3824813;-0.10649813,0.8491436;-1.8947257,-0.109112136;-0.78673416,-0.893784;0.31244868,1.6389569;-0.46040154,1.1840465;-0.06996059,0.9891421;-0.47525308,-0.7465534;-2.0362346,-0.12615317;-1.051407,-1.1246473;0.45181468,1.9461739;0.37566584,1.7886835;0.6508401,-0.12170444;-1.8823583,-1.0304451;0.86304325,-0.81128454;-0.84090334,0.1400918;0.6709642,2.0471137;-1.9749011,-0.99339175;-0.14701468,0.9442098;-0.54653764,-1.5475839;0.3891613,0.5246141;-0.65926695,0.72845846;0.988936,-0.36475876;0.6469201,-0.47098055;0.70760065,-0.6869185;-1.4163055,0.086438276;-0.5378682,1.2304357;1.702743,-1.1337674;0.1673609,-1.685401;-0.35492456,0.43873385;-0.52246785,0.93296427;0.59701437,1.7344909;-0.69799197,-1.1337026;-1.3134227,0.4283594;0.819655,1.570536;-0.59823424,1.0942252;1.1812452,-1.1009288;-0.03137149,-1.5340108;-1.0727015,-1.2907315;0.94120395,-0.05002206;0.54047203,1.8845593;-0.17199527,-0.3031495;0.41656062,0.1109577;-0.088252775,0.10454452;-0.4377403,-0.8994772;0.2759011,-0.6013467;-0.21775283,-0.7129351;-0.6119449,1.1333946;0.72504973,-0.44988635;1.1021535,-0.527966;-0.72870505,0.27854457;1.8507044,-0.60188293;-1.0685946,0.69113266;-0.9927333,0.71413654;0.60375434,1.337585;-1.6672232,-0.9180168;-0.5775319,0.435791;-1.121691,-1.2469897;-0.64255285,0.9713197;0.52870166,1.5779613;-0.07584782,-0.44708765;0.63856125,1.4723344;-1.8485806,-0.10090341;-1.7392524,-0.91081446;-0.17061469,-0.36962622;0.601636,1.7702812;0.23011746,-0.12429395;-1.9687384,-0.9601;-0.53917897,0.78099257;0.40064165,0.27085274;-0.33958983,0.47835338;-0.23420018,-0.5519358;-0.73136467,0.054543827;-0.14289768,-1.6420811;0.24264209,-1.5500281;-0.012724447,0.8535206;-0.2953318,1.3031515;0.02213469,1.1298944;1.2078128,-0.27456433;0.23515305,1.3747637;0.4853836,1.3799152;-1.76664,0.13321678;-1.0367603,-0.908327;-0.9666892,0.110699;0.5629092,2.0684555;0.7042453,0.84954494;0.67521,1.3209866;0.7549772,-0.120303616;-0.63577294,0.6983415;-0.61533403,0.5144122;0.33800283,1.1069239;0.6596289,1.7266899;0.88471633,-1.4671961;0.13383247,-1.6094898;1.4102405,-0.32887113;-0.83745563,-0.37367028;-0.32912582,-0.94295585;-1.0275589,0.07711732;-0.26414248,1.6895635;-0.23456809,0.7016398;-0.24231203,0.77850544;-0.58379775,0.13041726;0.44209465,1.5010085;1.7670145,-0.53446424;-0.33522466,0.6620454;-0.29971352,0.20758216;1.0054721,0.025221152;0.073136,0.5736675;0.06421259,1.3430231;0.05656983,1.1657349;0.81911707,-1.49296;2.3004894,-0.6509001;1.4678417,-1.216938;-0.07524817,-1.6883471;1.490777,-1.1363478;0.1616234,-0.016947374;-0.008444733,0.21404842;-0.00054309133,-1.6728169;0.5906224,1.0778834;-1.35497,0.40568644;1.8941402,-0.6871095;0.34742787,0.07294192
p3d-kl
0.5828303098678589
p3d-iter
599
p3d
-0.076256275,0.56927234,0.48452836;0.6883188,1.6240716,0.10599384;-1.4695576,-1.5576178,1.1129286;-0.366502,-0.2957133,0.6631108;-2.2578351,-1.6200849,1.1429032;-0.56510246,-0.26683965,1.1059184;-1.5153841,-1.7521887,0.4403474;-0.632953,-0.08381347,1.0650791;-0.3187234,0.33498713,0.65294135;0.051737234,1.0883187,0.11098081;-1.1093466,-1.358354,0.9997607;1.1650115,0.7890646,-0.60137886;-0.9917444,-1.0840541,0.8272343;1.1189822,0.08608152,-0.77211004;0.74990034,0.6389144,-1.2356275;-2.0708926,-1.6305494,1.1971687;-1.5498914,-2.1087167,0.63408285;-2.2536569,-1.6670809,1.2155194;-0.40825966,-0.34617665,0.6435783;1.3577087,0.61117417,-0.82313997;0.052948955,0.81692064,0.97901154;0.35135922,0.16654658,1.1023939;1.5251036,0.56859314,-1.2665297;0.90320927,0.8493766,-1.9923587;0.4343318,1.630568,-0.5231364;0.828612,0.24226043,-0.23334603;0.6844323,0.52412415,-1.689321;-0.9194396,-1.544777,1.0494038;0.55513585,0.47564816,0.04498809;-0.6451274,0.52806497,0.014250504;1.440313,0.396973,-0.6991292;-0.30980882,-0.59220606,1.5243478;-1.2266784,-1.3919214,1.0145936;-2.1361856,-1.7018074,1.1521484;-0.6717876,0.360348,0.15756454;0.44561574,0.23198459,0.9835521;-0.04931415,0.9716952,0.37909868;1.2667516,0.8638227,-0.8358581;0.82290286,0.6384335,-1.2786878;-0.24728255,-0.113260485,0.48510137;-1.391225,-0.08876058,0.5436679;0.048699938,0.6603343,-0.3580343;0.20601659,0.049477033,0.15974009;-0.29002514,-0.8047803,0.4648467;0.05639248,0.0348765,-0.02671087;0.6061953,0.40880746,-2.19712;-0.124407575,-0.27661905,0.7020549;-1.4345881,-0.35023624,0.35110158;0.024167351,-0.414791,1.1799495;0.80379593,-0.76087606,0.093413234;0.21320792,-1.4367898,0.61885196;0.25819495,-0.30500865,1.1432554;0.5866321,0.71191686,-2.2789435;0.9919843,0.953941,-1.4404389;-0.99809957,-1.1413282,0.8345114;0.8719022,0.13501622,-1.8567454;0.45724234,0.7827938,-2.2944653;0.0443031,0.9465082,0.914945;-1.2949595,-1.1830865,1.3827542;0.0036508713,0.72211236,0.41297597;0.6452689,1.1109321,0.19606243;-0.67537296,-0.5671648,1.4942225;-0.42162925,0.976679,0.2549059;0.12931617,0.0863776,-0.036838274;-0.015025528,0.68149644,0.044330046;-2.2472289,-1.6887403,1.202136;0.9593571,0.8012055,-2.0165002;1.2571601,0.6919179,-1.2932932;-1.8152843,-1.5182525,1.3104918;0.08338291,0.97514623,0.13811357;-0.76718056,-1.2816967,0.31716225;1.3252943,0.44247892,-0.63249916;-0.5501158,-0.72834504,0.33659714;0.5062604,-0.6817065,0.2684987;-1.6678687,-0.57182074,0.5087722;-2.5770636,-1.699735,1.199617;-0.48508146,-0.32444292,0.5875297;-2.4038386,-1.5547318,1.2330203;0.03831532,0.2094219,0.25736943;-0.17923519,-0.44658557,1.3736156;-1.7573657,-2.1277647,0.68177444;-0.67250764,0.048862074,0.10676018;0.33708942,-1.1580503,0.43880528;0.93923044,0.37401038,0.0962007;-0.2398353,-0.5472241,1.4945894;-1.8817987,-2.0525126,0.7987308;-1.0146197,-1.5865401,0.4329113;1.3036436,0.39557996,-0.64126176;-1.2336959,-1.3633674,1.0769758;-1.0364312,-1.540349,1.0498394;0.149216,1.2579495,-0.19939476;-1.7832869,-0.8273132,0.59200346;-0.110846944,0.79900694,0.8117313;-1.1966124,-0.006432904,0.294102;0.78635985,1.106843,-0.3712149;0.94338316,0.6718064,-0.23203573;0.90193856,0.5784067,-0.1723981;-0.98299915,-1.4713784,1.029441;0.4785493,0.63218105,-2.3822465;-0.16384351,-0.62434554,0.6810675;0.15194957,-1.3317667,0.54526997;-0.9677508,0.37452072,0.22905271;1.2789634,1.5101029,-0.23424928;0.089829154,0.40611953,-0.26113638;0.9099621,0.3483978,-0.72555345;0.15119827,0.54758334,0.9832606;0.81220543,-0.48018685,0.026960494;1.154645,1.2343168,-0.6468305;-0.19027777,0.09636805,0.13737501;0.34593982,-1.2780162,0.51060677;-1.4273559,-0.052819915,0.5784212;0.489565,0.6545223,-2.3255436;-1.6847324,-1.5595772,1.203759;-0.06863212,0.59478766,1.020153;0.23652385,1.2672236,0.2453339;1.1384423,0.91847837,-0.62321514;-0.6695649,0.60068184,0.043512255;-1.1231333,-0.06103822,0.4454137;-0.01589722,0.6631002,0.057767864;-0.3920436,-0.5158575,1.4736801;0.8224092,-0.7437802,0.079787344;-1.8934796,-0.8938804,0.66621023;0.090611175,1.1615847,0.2817211;0.021213943,0.80928606,0.17115183;0.9221602,1.4178374,0.06881974;-0.19907732,-0.52795637,1.4629071;-1.3086865,-1.9295632,0.43246928;-0.40710723,-0.13546382,0.5682143;-0.75046766,-1.1807165,0.34602165;0.08868742,0.7192187,-0.15750715;-1.4264863,-2.2326496,0.5276929;1.0494372,-0.11461007,-0.23623036;0.71140075,0.508923,-2.1951168;0.7989559,0.84450877,-1.7532197;0.7731665,0.5909691,-1.3956167;-1.0119879,-0.12110034,0.3259288;1.4982034,0.81551933,-1.1280708;-0.8177541,-1.2837391,0.88430077;-0.75950915,0.48571372,0.26995265;0.10374538,1.0479547,-0.09537097;-0.44417804,-0.52403396,1.471697;0.7778116,0.97003293,0.14277065;0.5577165,0.86868626,0.2542918;-0.9790417,-0.14934434,0.41405463;1.0912721,-0.41654536,-0.45789564;-2.0745363,-1.7344267,1.183362;0.6579159,0.43065673,-1.7516485;-1.8628564,-1.7697315,1.1942526;-1.6453812,-1.6093062,1.116672;-0.23342536,0.07122129,0.07185192;-0.6786613,-1.2547197,0.2882853;0.01680177,0.73298013,-0.2612652;-0.6986556,0.4031275,0.49613345;-0.75318134,-0.61629933,1.4444172;0.85069317,-0.7382541,0.051182386;0.726542,0.50476193,-2.3114517;0.84588796,0.51620924,-0.8054947;1.1939319,1.8464825,-0.5158473;-0.03236466,-0.5498613,1.2062205;0.27234316,0.52778536,0.96627593;-0.7408461,-1.3669394,1.1568743;0.8023749,1.5031126,-0.31420714;0.8768535,0.11290527,-1.4786742;0.58094454,0.5302257,-1.9236729;-0.98566127,0.44004843,0.35968837;-1.553977,-2.347603,0.59034497;-0.25914118,-0.12466623,0.49172893;-0.057946198,-0.69827044,0.407919;0.11005103,0.50090754,-0.1132926;0.65816045,-0.40572733,0.20836906;-1.1852137,-0.8008681,1.4825969;0.52812743,0.66326916,0.24192439;-0.37267843,-0.17832594,0.5916414;-1.3611284,-0.19706877,0.4916841;0.48396456,0.79909307,-2.5602942;-0.5452823,-0.7315069,1.5741795;-1.479071,-1.4267739,1.1680052;0.49890357,-0.9137441,0.31177756;0.08535863,-0.41052195,1.2199223;1.4642202,0.46183655,-0.75760335;0.11068767,0.53916156,0.9799825;0.26030877,0.547757,0.45473343;-0.8043889,-0.94441545,1.3454493;0.22192088,0.52162516,0.98270315;0.82708687,-0.32287607,-0.020888314;-1.441481,-0.42477366,0.5036563;-0.81637126,0.20728768,0.6142536;0.6009325,1.2695215,-0.6721918;-1.4312619,-1.7149324,1.0075388;0.96109045,0.8836873,0.09883494;-0.38314673,0.23305239,1.0278865;-1.1600332,-1.3448652,1.0412999;-1.6927308,-1.9994305,0.7425606;1.3530121,1.3114935,-0.75291795;0.47800624,0.01034781,0.28864846;-0.9946095,-1.5727254,0.4418296;0.75909275,0.8405042,-1.3133233;0.8862871,1.389753,0.13748772;1.0005465,1.413491,-0.24005125;1.0161822,0.17411661,-1.233529;1.5078969,0.4259048,-0.78728396;0.41697368,0.27784252,1.0393041;-0.2483065,-0.64603275,1.2407538;1.1126505,-0.46330607,-0.45725313;1.0385991,0.28839213,-1.0723345;-1.5114608,-0.29124352,0.49085805;0.6564915,1.0836093,-0.47609663;1.3037639,0.89716995,-0.57024974;0.7914632,0.69350886,-2.3204575;0.586936,1.382504,-0.5562647;-0.52108896,0.080471076,0.12908728;0.6218784,-0.89345914,0.25047278;-0.06934084,0.45197242,0.4740538;0.9964843,-0.0711346,-1.7357613;0.36856753,0.7026867,-2.4532294;1.1108073,0.123551704,-0.59615886;1.3657931,1.4150316,-0.73383665;-0.8688921,-1.049116,1.3208537;0.62742543,1.5326128,-0.25656697;0.6165253,1.5935135,-0.38071224;0.57822573,1.5889096,0.10304698;-0.2649024,-0.54899937,1.1596258;-0.27072695,-1.0644419,0.72329265;0.821619,1.1720716,-1.2052035;0.37091935,-1.208722,0.46700373;0.078671865,-0.24919124,1.3371673;-0.7177064,0.5352488,0.48357448;-1.1907508,-1.5203923,0.46698895;0.020374177,1.0830268,-0.1619506;1.3205332,1.3061103,-0.36784148;-0.6549238,-0.45502913,1.4590309;0.58724976,1.1225722,-0.42689195;-0.6010486,-0.4900732,0.8264731;-0.18163146,-0.45167685,1.210538;1.2760184,0.46217993,-1.816376;0.19280869,-1.3179158,0.53259146;-1.4463196,-0.21540247,0.35147557;1.2821417,0.69096327,-1.1094338;-0.8207741,-1.4856613,1.1103142;1.1695987,0.39225176,-0.21790667;-1.1749383,-1.3752342,1.4553589;-1.0149618,-1.2206284,0.8930767;-0.6574993,-0.94600475,0.33735695;0.87881655,0.8952672,-1.3908976;1.2247884,-0.083253466,-0.60500675;-2.2934153,-1.731199,1.2069199;-1.6139616,-2.0599709,0.6614936;0.92796636,1.0821344,-1.8384241;1.1458933,0.88441056,-1.5336219;0.070666686,0.47186032,-0.30765355;0.7523944,-0.7552334,0.14183003;0.8342048,0.12479659,-1.4080553;-1.2075489,-0.4560144,0.37601066;0.66395575,0.6478503,-1.975588;0.16366066,-1.4151995,0.6247162;0.07430363,-1.4722272,0.6630556;0.23175435,-0.39852518,1.1379397;1.2494309,1.2997336,-0.96687555;0.6027084,1.009967,-0.4332296;-0.802798,-1.2559133,0.36303297;-1.7377393,-2.1710594,0.6045187;-0.23719172,-0.3549773,1.3743569;-0.24039821,0.4210019,0.9798994;-0.47663853,-0.5124076,1.440978;0.28731698,0.8601493,-0.112709425;-0.60269165,0.077163726,0.11988962;1.0987911,1.3039858,-1.2289677;0.79718196,0.7668644,-1.4973195;1.0939126,1.7890528,-0.7991763;0.92710215,-0.15435652,-0.5244249;-1.7765282,-1.605177,1.1044141;0.9816148,0.78287214,0.080303825;1.585197,0.41620612,-0.92901087;-1.6372874,-1.7359427,1.1878637;-0.57223827,0.20612401,0.047689274;1.2767246,0.4932084,-0.32653674;-0.96411204,-0.43112987,0.39139715;1.0005261,0.4656311,-1.6943172;-0.36173078,-0.54349357,0.9782544;-1.5636413,-0.44003737,0.47461548;-1.4209193,-0.121410556,0.5479073;0.052735712,0.6641625,-0.35955995;0.3130221,0.16689834,1.0997866;1.1745673,1.1341505,-0.60304266;-1.1440315,-1.5434997,0.44558725;0.20455201,-0.3860078,1.1674829;1.2351742,1.143812,-1.3229723;0.7604518,0.5020131,-1.9611568;-1.2439597,-1.8089255,0.38205612;-0.9770043,0.047614515,0.22855003;-1.7188015,-1.5421598,1.1665626;1.3785628,1.1450132,-1.0838403;0.10862363,-1.3828619,0.5986648;-0.4010029,-0.7886821,0.57641;-2.171499,-1.733174,1.2125311;0.59027696,1.4003308,-0.5230507;0.08001091,0.51817846,-0.08987107;1.3219606,1.3256795,-1.0127726;1.2627405,0.46709818,-1.806479;1.310201,0.34993663,-1.1870927;-2.0190697,-1.1236434,0.7980233;0.5796198,0.75322986,-2.2857845;1.3694181,0.583597,-0.80546576;0.27557763,0.10591253,1.1355875;0.9696263,0.53088605,-0.019049957;-0.7701332,-0.18075137,0.09532367;-0.4897,0.44754496,0.2481109;-0.7798943,0.6157288,0.47030833;0.7035424,1.5617415,-0.4088432;-0.7529489,0.06951298,0.47272018;-1.7270743,-2.068586,0.60084915;0.6189783,0.4063773,-1.8428149;1.1795683,0.57471806,-0.70649266;0.43987927,-0.9650246,0.33231732;-0.8992245,-1.1721667,1.1137654;-0.31679726,-0.4309482,1.4241569;0.5869663,-1.0129106,0.27881294;1.187841,0.39646602,-0.04103164;0.18195157,-0.75636584,0.415796;0.14699776,0.63376504,-0.19633168;-1.8260841,-2.092903,0.74101174;-2.5920043,-1.7138491,1.1713898;-1.076361,-0.4516455,0.43289945;-1.2517427,-1.7751479,0.52300197;-0.16723906,-0.7796323,0.5623339;-1.6918511,-0.6302439,0.5219412;0.47278765,0.610452,-2.2988534;-0.510513,-0.6044591,0.59316087;0.591264,1.1056843,-0.3589733;1.2050685,0.41546416,-0.52228945;-1.477501,-1.4649024,1.1388314;-0.11039795,-0.46147218,1.3981936;1.4919115,0.9142423,-1.1236576;-0.23210274,-0.87384695,1.0013143;-1.546097,-1.5183811,1.0751041;-0.40278122,-0.51026505,0.8813824;-0.8746462,-1.0248252,1.3497634;1.3822865,1.4388428,-0.962961;0.0063906265,0.7942124,0.97193646;1.0553938,-0.07611952,-0.2276769;-0.55092907,0.107010946,1.0311325;-0.52364874,-0.98556644,0.35102528;0.26569206,0.06305845,1.1967509;-1.0279248,-1.4698378,1.0653372;0.449395,0.11910636,-0.19763432;0.22046274,0.013118933,1.260784;-1.4501525,-1.3964349,1.0536462;-0.64393544,-0.52603596,1.1037389;0.7617594,0.74088496,-0.4578502;-2.4413445,-1.671417,1.1512189;0.88430226,0.45628184,-0.828853;0.6148271,-0.0014435719,0.006254743;-1.0612267,-1.6651392,0.3642879;1.0979437,-0.4361461,-0.45430574;0.9251096,1.3027239,-0.7149939;-1.4058114,-0.03316758,0.5762269;-0.116191566,-0.44439808,1.4343692;1.5748377,0.4794342,-1.075004;-0.6117009,-1.111869,0.3519951;-0.10661564,0.2970167,0.8846849;-1.3502281,-1.8916808,0.41703945;-1.1981835,-0.11072937,0.3209662;-0.022451285,0.78332466,-0.24569133;0.45312583,0.64746994,-0.06324782;0.66737825,1.6300313,-0.43518582;-1.503776,-2.291423,0.57028025;0.5835812,0.43007043,-1.8863914;-1.1217538,-1.328658,1.4289612;-0.14036627,0.2804491,0.5725199;1.1925241,0.91510135,-0.6585692;-1.1308087,-1.2816889,1.4540471;0.6327266,1.6475185,0.03484526;0.7360911,0.8464325,-2.148685;0.8234788,0.53949785,-0.44042933;0.2748131,0.092029534,1.2504741;1.088082,-0.48193264,-0.3816427;-2.3946052,-1.7298489,1.1872716;0.015903326,1.146693,-0.11325466;-0.49701548,-0.100734994,0.62627935;-0.33104864,-0.88067853,0.419839;-0.5328494,0.48573026,0.26142097;0.93785167,0.08132721,-1.7763904;0.77116525,1.1790866,0.17796409;0.5414331,0.49831393,0.26614118;-0.048320822,0.32288015,0.19648339;0.934591,1.1042006,-1.8047559;-0.4045235,0.29565808,0.5969237;0.08056441,-0.52866066,1.1916434;1.39657,0.5690596,-1.4823384;-1.2481529,-1.155783,1.3811308;-2.1073513,-1.6607038,1.1665374;-0.61410743,-0.46160433,1.0939593;1.0119241,0.58060783,-1.6823381;-0.76903117,-1.5310328,1.1591173;-0.036130726,0.8413326,0.39324382;-0.49587438,-0.6644928,1.5585064;-0.12989962,-0.82649577,0.49510732;-1.2273902,-1.0488338,1.3010405;-0.40988985,0.39125746,0.22120877;0.59557503,1.594734,-0.46677843;0.034844887,-1.5182071,0.69810057;-1.6996354,-1.8791027,0.52882075;0.7675354,0.46720108,-1.4936873;-0.9031211,-0.586134,0.4858268;-0.042765982,-0.60453194,1.0920146;0.8202371,0.21408679,-0.21002215;-0.32545787,-0.64200294,1.277664;1.3965634,0.4972106,-0.77543235;0.72166646,0.6243236,-2.3698013;0.40260723,0.709044,-2.4875264;0.044539038,-1.5158497,0.7025055;-1.3605317,-1.9614754,0.30376562;-1.5162871,-0.38417172,0.39246047;-0.25821048,0.53041035,0.7989825;0.02301332,-0.51113486,1.1851436;0.18107459,-1.3980919,0.5967496;0.5862768,1.7284663,-0.53924996;1.1047322,1.1127263,-0.9423079;0.73363173,0.7629809,-0.17904438;-0.65540665,0.6209714,0.20011711;-0.0775414,0.7987036,0.16083877;1.3718771,0.8700015,-1.2811666;-0.51830876,0.919956,0.2452557;-1.0062002,0.5697164,0.42042273;0.864629,0.17454484,-1.8184452;1.0466194,1.1832463,-0.8355024;1.0214608,1.1929464,-0.8335614;0.28108692,0.06313505,1.1918197;0.5923027,-0.8553674,0.25889465;0.6973025,1.9244267,-0.56093854;1.2700297,0.4859679,-0.33382645;0.9211529,1.1845062,-1.257857;0.8374501,0.7515983,-0.7112227;1.188417,0.4214801,-1.5427967;-1.1493961,-0.9138494,1.433458;-1.6606171,-2.130523,0.66315985;1.2301224,1.2529122,-0.81461585;0.7015277,0.8871789,-2.1674442;0.11054796,-0.2797337,0.24876848;0.6185821,0.19778068,-0.04812993;0.84098524,0.5788237,-1.133415;-0.75151026,-0.6930424,1.0607636;0.40574494,0.97402495,0.07004006;-0.6071819,0.042222373,0.09062708;-0.05016541,-1.0426661,0.49637163;0.7955714,0.609236,-1.1469982;1.1822495,0.280667,-1.0686158;-0.16811663,0.52587897,0.9594511;0.4800888,0.7165711,-0.07462484;-2.609613,-1.7183267,1.1902021;-1.9865915,-1.63606,1.1081504;1.4241128,0.7496397,-1.2461871;-2.5030274,-1.7236954,1.2050282;0.40206864,0.93515944,-0.38440877;-0.67491037,0.26773426,0.15728003;-1.1761764,-1.3963814,1.0409105;0.7310247,-0.5744967,0.19887815;1.1396469,0.114683315,-0.6311715;-0.42263722,-0.9357737,0.37466285;-1.1978067,-1.3918442,1.452027;-1.0930084,0.084892035,0.5028796;0.46466035,0.78423905,-2.2809887;1.2891289,0.21208839,-0.72574365;0.5100224,0.2780913,0.9651574;-1.7809191,-1.4809122,1.2599558;-1.4121618,-2.001909,0.46978387;0.024685042,-1.4109018,0.6719427;0.049058337,0.7514481,-0.31077367;0.8672685,0.07707204,-1.4405853;0.036088664,-0.41135126,1.2584687;1.2596108,0.37948743,-1.7147363;0.0668574,-0.5671199,1.2154527;0.39379367,1.4724286,0.29706016;0.9294595,0.81379807,-1.797837;-2.0749269,-1.6525177,1.089263;-0.14173368,-0.06063674,0.14816794;1.1008574,1.6943485,-0.5997417;-1.7327267,-1.5602406,1.140169;-0.8186468,-1.2570834,0.38595143;1.2308158,0.9321598,-1.2849584;0.8294798,0.6324696,-0.72080225;1.0420824,0.52150023,-0.02117357;-1.7060791,-1.4103442,1.4265244;0.6683333,1.7452697,-0.03303414;0.5582697,0.8630296,-2.3412292;0.23163289,-1.1460899,0.41449636;-0.55023426,0.45869547,0.28485557;-0.57244325,-0.4436138,1.0806708;0.55740607,0.42549586,-2.174124;-1.1628419,-0.111675255,0.49872395;-2.5376062,-1.7035532,1.2072688;0.33298978,-1.2814327,0.5178311;1.0341301,0.2499913,-1.0269868;0.83905846,0.4901888,-0.8768814;1.076415,0.9894917,-0.9760656;0.63542724,0.46473444,-2.1460485;1.1725348,0.29513,-0.25555313;1.0802982,-0.49862635,-0.38286296;0.9411731,-0.66077536,0.019592416;1.132383,0.87446433,-1.512131;-0.9739031,-0.46361506,0.45650852;0.020727992,0.52331,-0.15093964;1.1438341,0.6699233,-1.133394;0.96710783,0.4312785,-1.7155998;-0.8170617,0.47887027,0.32973242;-1.2817856,-1.4002824,0.9819718;0.5478969,0.48405537,-2.0534449;0.09310463,0.36381656,0.58995855;0.8561231,1.4750218,0.17927054;1.0879358,-0.07151019,-0.5022312;0.5492909,-1.0073769,0.31410044;0.48871964,0.23102778,0.93567437;0.5291064,-0.2615985,0.24914697;1.2344121,0.3913933,-1.1262112;1.2950362,1.7106954,-0.6151367;-1.8873136,-0.8788219,0.661968;0.6739458,0.6764257,-1.931574;0.7247556,1.2742733,-0.60613394;-0.16450158,0.5111001,0.84480745;-0.093155235,0.16421008,-0.098009825;-1.1776891,-0.85684556,1.4650141;-0.5558752,0.12346595,0.63073593;-0.77477586,-0.72972506,1.1201013;0.8819907,0.7581794,-2.2823632;-0.030644748,-0.24957561,0.056126;0.012712259,0.75938797,0.99208355;-0.2902995,-0.5359911,1.5303848;-1.3200644,-1.870472,0.5627331;-0.47569296,-0.4155715,0.71095276;-0.8680863,-1.2289171,1.2985337;-1.3978556,-2.1333725,0.5746373;1.1020088,0.07717412,-0.742429;-1.282064,-1.9039068,0.3298576;1.1854107,0.43340388,-1.7256459;-0.8121768,0.07371272,0.19827925;-1.7070111,-2.1257133,0.69590664;-0.7109426,-1.517636,1.1644728;-0.22573681,0.5106165,0.9441665;0.4164274,0.45262897,0.34007904;0.49176148,-0.7403766,0.28050408;-1.0587702,-1.7049644,0.44624037;1.22067,0.81341386,-1.8445959;-0.63809335,-0.38704693,1.1067327;-1.0044639,-1.2620882,1.3912659;-1.805064,-1.623277,1.1978586;-1.4437337,-2.0328255,0.48350206;0.0023086155,0.27489018,0.029367743;1.6002734,0.4386376,-1.0305594;1.2022433,0.49675244,-1.9262302;0.25796598,-1.3971198,0.58437586;0.34709013,-0.21822181,0.38706315;1.0988672,1.8065941,-0.65770465;0.48591307,0.71118236,-2.5168557;0.12551412,0.130629,0.2592845;-1.4469501,-1.7214749,1.0838196;-0.89263636,-1.1685945,1.3463593;1.0895457,1.0340747,-1.5179738;0.503306,-0.1424476,0.2662993;0.93094146,1.4321307,0.11121988;-0.74960905,0.56609493,0.49013522;-1.3201414,-1.8299768,0.41918913;0.6647638,-0.679799,0.14350493;0.9274485,0.59929156,-1.128929;-1.7266926,-1.7755026,1.1185268;0.67634296,0.71166486,-1.9071631;-1.911654,-0.93952525,0.68005574;0.7582753,0.98889595,-2.0590763;0.82801056,1.0821328,-0.3359118;0.6391179,0.41030693,-1.8933437;0.62318915,1.2865962,0.30323547;0.0075479373,-0.6564859,0.3682626;0.17018037,0.2908935,-0.057184543;-0.05212734,0.2591345,0.12923257;1.3374833,0.5682687,-0.8605221;0.74535567,0.8070864,-0.07583173;-1.8297164,-0.69330686,0.61142045;0.7332275,-0.70782083,0.14895393;-0.94859624,0.5432108,0.38663697;1.1028742,1.7947363,-0.65806544;0.94431245,1.8704705,-0.5920899;1.3553389,0.4307777,-0.6606106;-1.3249477,-1.62779,1.0913541;-0.6769173,-1.2729311,0.27069923;-0.28701478,0.2755802,-0.057347957;0.9930512,-0.2226257,-0.44826773;1.002168,0.16340329,-1.2044098;0.74859476,0.64037657,-1.2350717;0.8047302,1.3083938,0.2264289;0.31409863,-1.1745851,0.4436396;0.88544446,1.9018371,-0.6090272;-0.91198295,-0.7253758,1.497109;0.888238,0.7832662,0.114416935;0.106078826,-0.20533605,1.3057498;-0.99493045,-1.5896739,0.42629018;-0.92104155,-0.32101282,0.1786866;-2.0093217,-1.1086878,0.7885383;-0.20165044,0.826237,0.4373473;0.6798911,0.807466,-0.029496968;0.093311615,1.0718185,0.09471112;0.84035355,-0.3600342,-0.2928255;0.06738013,-1.5123068,0.6924408;1.0770853,-0.44934782,-0.398746;0.91814554,0.24925144,-0.6845663;-2.2296298,-1.681761,1.0956346;-0.02312748,-0.37681687,1.3631278;-0.69217986,-1.1937772,0.3197224;0.8093648,0.8676914,-1.6068265;0.7048506,0.7454889,-0.058256675;1.1132513,0.83585966,-1.5946568;0.09654473,-0.25276786,0.29721364;-2.4904416,-1.6391735,1.2275944;-0.043867465,0.27376422,0.1928618;1.1201717,1.1079458,-0.5353932;0.55021423,0.84666365,0.045966208;-1.7325363,-0.67530704,0.5481621;-0.7568743,0.6444774,0.49457103;-0.5209799,0.70237327,0.018589942;0.5719235,1.3099991,0.18034904;0.9401133,0.61959124,-1.47736;1.4269814,0.4297584,-1.485156;-1.0772741,-0.8655127,0.29169133;0.40092248,0.7474282,-2.5661511;-0.9038178,0.39134064,0.36294574;0.96882355,1.1781818,-0.36102724;1.0959616,1.8541102,-0.49515775;0.9233954,0.14817968,-0.3313857;-0.22288926,0.92331344,0.28765604;0.082402796,1.122614,0.07009317;0.17416696,-1.1767672,0.46114168;0.81658477,-0.10003586,-0.48621005;-1.9116533,-0.939524,0.68005604;0.6331859,-0.6777461,0.21406043;0.8600143,0.34475482,-0.20500055;1.1393839,1.1433337,-1.1781595;0.5559344,1.1012712,-0.37248614;-0.46367675,-0.044074226,0.050222613;0.7634676,0.64131206,-1.6316338;1.5994163,0.5119004,-0.7389154;0.66665006,0.80202854,0.068906076;0.47833753,1.2862844,-0.33311626;-0.9332798,-0.89840955,0.29883385;-0.12928179,-0.79580516,0.45441878;0.8823485,-0.71701825,0.0528489;0.51837903,0.04506384,0.2743483;0.63711387,0.8396945,-2.2412193;-0.11752203,0.35197243,-0.09450615;0.078278475,0.8303092,0.970599;-0.67155254,-0.7397103,1.4835904;0.8129279,0.52227587,-2.1566703;0.95269185,0.7239206,-1.4963472;-1.6124096,-0.5330889,0.47961447;-1.0253625,-0.88512266,0.28773382;-1.6013831,-1.8172761,1.1993201;-1.0170112,-1.4141089,1.0071992;-0.6066839,-0.8009734,0.34526318;-1.9004142,-0.8835892,0.6707095;-1.269698,-1.3749804,0.9915956;0.65332144,0.8025782,0.07905503;-1.3386261,-1.9745442,0.56657726;-2.5451713,-1.707502,1.1454118;1.2856152,0.8381326,-0.8341959;0.61339486,1.2986444,0.15492134;1.3357463,1.2982422,-1.3277154;1.0919691,0.5134296,-1.9362475;1.252684,1.2958952,-0.79369587;1.198168,1.5182188,-0.19036934;-0.6485298,0.12474732,0.6481826;0.21496028,-0.03546454,1.2316318;0.49746618,0.75989616,-2.518611;0.7401494,0.72546786,-1.264368;0.6842422,-0.9313567,0.20858367;0.9437452,0.19164596,-0.81756413;-0.18540792,-0.62327856,0.72550774;1.402699,1.126265,-1.0648782;0.5768089,0.4137645,0.16644266;-1.1464676,0.25130108,0.3400032;0.38348505,0.30641857,1.0350866;-0.6490935,-0.09732694,1.0630522;0.9323378,0.17704275,-1.9190477;1.2837719,1.7310898,-0.6139715;-1.8237908,-1.6062386,1.0950525;0.7767552,0.69275767,-0.68136555;-1.4741027,-1.6082394,1.1330277;-0.18687548,-0.45095906,1.397461;-0.8227185,0.13355768,0.21756823;-1.1057807,-1.8756437,0.46331465;-0.27855843,1.1372838,0.15276487;0.91992533,1.1508045,-0.31146747;-1.0493584,0.10376533,0.5119007;0.82410145,0.93323857,0.3049912;-1.6887577,-2.176024,0.5667771;-1.1404098,0.13850889,0.3010191;-1.7951146,-0.6197325,0.58916473;-0.73768425,0.3462073,0.6047637;1.6163207,0.40342706,-0.9604399;-0.7979754,-0.23492537,0.106583856;0.9015493,0.04234033,-1.7582258;0.91094476,0.80713713,-2.1818948;-0.996929,-1.500656,1.073798;0.011097087,-0.6146887,0.35750917;1.2816938,0.44927642,-1.6387568;0.36693203,0.4567335,0.3873784;-0.3511695,1.070073,0.1460767;0.10981475,0.7146257,-0.14051536;-0.3902211,0.47913924,0.5459806;-0.23934637,-0.22571255,0.63419974;0.84023964,0.65430063,-0.41974902;-0.027362952,0.9569503,0.24363376;0.9610987,0.79487133,-2.063098;-0.9890543,-1.1066598,1.1081259;-1.551391,-1.6502253,0.42759058;-1.3081536,-1.9461554,0.47076896;0.7768595,0.8200835,-1.6806009;-1.6887974,-1.5905318,1.1447848;-0.1318907,-0.26763913,0.66095996;-1.671156,-2.161202,0.5564487;-0.6346279,-0.34580007,1.109128;-0.60066015,-0.70885044,1.5530701;0.07926486,0.24083525,0.5948255;-0.054843638,0.7723377,0.4463012;-0.81182486,-1.3909211,0.285378;-0.5185838,-0.37636977,1.0966765;-0.12788971,-0.0043875393,0.6460728;-1.2006171,-0.83413607,1.4712445;0.8785884,0.87975764,-1.8003839;0.8074363,0.7835784,-0.44685116;-0.63955706,-0.81199735,1.419174;1.0171943,1.1648091,-1.7886848;1.0989683,1.2914613,-1.2088076;-1.1265904,-0.41152304,0.39294052;1.018206,0.30545178,-1.2401586;0.4890735,1.4706781,0.24247584;1.1729994,0.6087378,-1.9470912;1.4690485,0.34252346,-0.3169338;0.19870591,0.078815676,0.21411146;-0.7776815,-0.9827519,1.261552;-0.574929,0.86278147,0.27926636;-1.6712099,-0.58878875,0.5151812;-1.2549627,-0.20284623,0.3355353;0.44506106,0.64665425,-2.3494558;-1.5409162,-1.6228268,0.4200281;0.89674026,0.9323864,-2.0282655;-0.666624,0.67727554,0.21820392;1.0991348,1.2326913,-0.3610605;-1.6204244,-0.5795933,0.47631702;-0.6633372,-1.3355979,1.1239644;-1.0426972,0.17560002,0.24596462;-0.36201614,0.27337024,1.0038062;1.269549,1.4907818,-0.25223446;-1.1576483,-1.3037087,1.0072137;0.1393284,-0.4951648,1.1894011;0.54383594,0.64060897,-2.2822897;-1.21901,-1.3565377,1.3982877;0.27686608,-0.7644605,0.3388933;0.6940772,1.3478543,-0.5458442;-1.1108952,-1.8323231,0.47070354;-1.2079726,-1.0335289,1.2672746;1.4531219,0.8595164,-1.2091142;0.7558806,1.1799183,-0.64231265;-1.4306606,-0.18599081,0.38618842;0.00097476074,0.9222788,0.37988394;-0.5760225,0.5306333,0.22509666;1.1049447,0.063246414,-1.8537924;0.06493156,0.5699712,-0.33177084;-0.28020284,-0.13822208,0.66516364;0.9420212,1.1122197,-1.7809068;1.0772659,0.3984468,-1.7391702;0.98260087,0.109451815,-0.32354352;-0.21605751,0.45761022,0.9864692;1.1040691,0.2662711,-1.0559719;-0.8564786,0.14418177,0.21893957;1.0609375,0.28929505,-1.0363038;-0.059815336,-0.4900634,1.358144;0.48235303,0.69466156,-2.4826682;0.6250279,0.30132693,-1.8664279;-2.3637013,-1.7342833,1.1519189;-0.7966082,0.458436,0.048958454;0.019030666,1.1916659,-0.16576712;0.5580849,1.4253726,0.15404354;-0.62722963,-0.48840877,1.4574319;0.7721114,0.36203492,-1.5658754;0.06608825,-0.25658685,1.3237352;-0.7648817,-0.70374244,1.1499621;-1.355535,-0.3088378,0.5001481;0.40250194,0.9418957,0.08593722;-0.072071746,0.8406039,0.43713027;0.16025054,1.289354,-0.21196665;0.91760176,0.41472912,-1.9798325;0.7787451,0.71367,-1.600259;1.2447237,0.73891574,-0.5034655;-1.3004965,-2.050887,0.53033954;0.3255511,1.4637072,-0.1784715;-0.05592753,0.56386715,0.482742;0.99802864,0.5780065,0.019933572;-0.6988848,-0.7369763,0.3142988;-1.1661128,-0.8963189,1.442792;1.3483433,1.4055285,-0.3488527;0.5695284,0.70354337,-2.5466983;0.52346087,0.49915683,0.1659108;0.66169727,1.4551394,-0.1856964;0.6632542,0.7964652,-0.009883424;0.7270387,1.7478741,-0.4947805;1.1061513,0.028808424,-1.8698163;-0.014747568,0.09236661,0.02567893;1.17224,0.78376144,-0.4214378;-1.8221768,-2.0957649,0.7316915;0.6390111,-0.75556225,0.21996872;0.117898144,1.1435872,-0.03890881;-0.26382688,0.08426126,0.8059474;-0.34076193,0.0702062,0.13203311;-1.7233673,-2.1283035,0.7041466;1.1146915,0.73695123,-1.9135768;-0.1255276,-0.0030500025,0.42629647;0.046678375,0.90061074,0.9412696;1.1805845,0.6945538,-2.0063858;-0.4727229,-0.80818814,1.3929851;0.16926602,-0.2951065,1.2347125;-0.97158575,-1.5418869,1.1025236;0.75432205,0.8270156,-1.6626906;0.8668767,1.3423183,0.1426037;-1.764147,-1.9780478,0.60458213;0.6599427,1.4249874,-0.52545196;-1.0419362,0.045811474,0.38713047;-0.039691318,0.614933,1.0019234;1.0363443,0.5313226,-1.2160771;-1.2217568,-0.8558377,1.4791329;0.49020526,0.78789407,-2.5499096;0.809804,0.2895697,-1.7085075;1.0268444,1.4787635,-0.22503464;-2.1135826,-1.6974397,1.1547657;-0.628304,-1.1306865,0.3260672;0.737207,1.2112737,-0.6901924;1.0399922,0.56452096,-1.1456434;1.0739379,1.194525,-0.8473632;1.0457319,-0.1553145,-0.36588004;-1.7944286,-0.6291708,0.5886106;1.1556368,0.3870521,-1.2545059;1.273447,1.359039,-1.0012374;0.63122755,0.69890046,0.16185875;1.3365018,0.26071218,-0.6813587;-1.8684638,-2.0684443,0.7808012;0.119007304,1.1402402,-0.09425134;0.7641303,1.1640534,-0.23090994;-2.3926983,-1.6746064,1.2432376;0.32824543,0.7467412,-2.5323532;0.36503175,-0.20472631,0.37993687;0.860662,0.17520942,-1.3894126;1.2188678,1.4443443,-0.90003705;0.394946,1.0040495,0.13221243;1.217542,1.0595999,-1.3546059;-0.09165974,-1.0019825,0.56458133;-0.20809187,0.54641795,0.84496415;0.75654674,1.3704212,-0.21599849;0.61799854,2.044504,-0.5745919;0.4300311,-0.1664915,0.2579041;0.28745136,-1.3077456,0.5215924;-0.035899673,-0.5933917,1.0945274;0.8505965,-0.73288727,0.061347213;-0.86846095,-1.3118559,0.92878604;1.5146806,0.33866304,-0.3698642;-1.4099793,-0.109065734,0.5125821;0.6348718,0.9138221,-2.2705858;0.22303839,0.10300327,1.1609968;1.1062074,0.76221853,-1.9127654;1.3242158,0.5690553,-0.6023901;-1.502318,-2.290181,0.5698234;0.5338099,-0.64881134,0.2574426;0.703472,0.28043398,-0.22432168;-0.64458746,0.23178229,0.04266581;-0.16901219,0.52532005,0.987889;0.9886053,1.9233103,-0.5872353;-1.4486656,-2.1293805,0.6024846;-0.5050141,-0.11195261,1.0861202;0.83917993,0.8110474,-2.178118;0.56531364,0.7195111,-0.08152976;-1.6403493,-2.1683905,0.55886346;0.1988149,1.2202122,-0.19979224;0.845005,0.5995641,-0.20402603;0.76291555,0.76905185,-1.3440108;1.2016313,0.87281513,-0.43537793;0.6543229,-0.86545455,0.24924316;-0.41031843,-0.54417527,1.0419016;1.0746443,0.8806577,-1.7948313;1.1029543,1.2358856,-1.1302178;1.2409731,0.89613384,-0.8145734;0.039011654,-1.4891421,0.6773655;0.6573271,-1.0530407,0.24073336;-0.82065237,-1.0633891,1.3029329;0.64881366,0.6370394,-2.3091166;0.863914,0.45431024,-1.9896599;-0.117919706,-0.05970927,0.14520149;-0.5817674,-0.7114096,1.5532465;-0.81449485,-1.3025881,0.36476013;0.79916793,1.3192328,0.21763565;0.5395388,0.7050452,-2.5337436;-0.46278232,-0.6698089,1.5573324;1.1994566,0.92604405,-0.70933545;-1.7202158,-1.4154646,1.4298868;0.8496356,0.5713644,-0.38045517;1.077042,1.8765082,-0.4984865;-0.83459395,0.445528,0.53465414;-0.6216874,0.18996638,0.69192904;-0.6098769,-0.79497063,0.34663185;0.5390105,0.094804965,-0.008163168;1.1012411,1.3561509,-1.2292755;-1.5365235,-1.6857264,0.42367792;-2.3765895,-1.6639222,1.1075672;0.83485276,1.0393604,-0.2461436;1.3026778,1.3413603,-0.7250294;1.1399081,0.7333327,-2.0272422;-0.7731922,-1.360882,1.1705621;1.0552254,-0.13438153,-0.21719334;1.3248596,0.3896799,-1.6443669;1.3295153,1.3700982,-1.0283498;-1.2356237,-1.7279792,0.53056926;-1.8920903,-1.5877026,1.140331;-1.2273067,-1.3510329,1.417594;0.06219316,-0.15659969,0.014080828;0.7818618,0.7696662,-2.1860075;-0.036131095,0.14842379,0.5871156;-0.095904276,1.082665,-0.029123908;0.37643343,0.33680677,0.05091244;-0.60300714,-0.48740408,0.8170486;-0.4113013,-0.80371106,0.604748;-0.115965694,-1.1698605,0.6485345;1.3169844,1.3822644,-1.1425338;-0.73670256,0.22335793,0.6568332;-0.8136236,-0.00022081628,0.4836608;0.8342347,0.613423,0.14407557;-1.3143051,-0.058159675,0.34228203;1.2845173,1.5079848,-0.2902426;1.3197649,1.5946226,-0.35338968;0.7704488,0.86275893,-1.2763186;-0.35121995,-0.7282985,1.3461782;0.97678506,0.70586306,-0.2470835;-1.098859,-1.3257005,1.4290742;1.4140482,1.3375884,-0.797925;1.0253973,0.5035073,-1.6803718;-0.21230568,-0.101252116,0.6852963;1.0534654,0.78174627,-1.5181819;0.6599933,-0.8032321,0.24355136;-0.3199858,-0.6945442,1.3741648;-0.31087807,0.28928754,0.6749018;0.9690374,0.75473374,-2.0135715;0.10411879,0.2896331,0.32050297;-0.3685245,-0.6359862,1.5115373;1.1040528,1.6080801,-0.58836836;0.263864,1.3225319,-0.23088424;0.8745999,1.1690158,-0.30293655;0.034268897,-0.60315454,0.350792;0.5676284,0.86131054,0.29406562;-2.1909668,-1.6545365,1.22509;-1.9309359,-1.9226868,0.898732;1.1875908,0.7903156,-0.45297655;1.1643937,1.1493034,-1.3537176;1.4942299,0.7276249,-1.1774457;-0.5676932,0.7444345,0.073661104;0.8320276,0.6116334,-1.3606973;0.7809597,0.7804661,-1.3518744;0.88589466,-0.3298672,-0.3228576;-0.6518859,-0.07695767,1.0680845;0.83287305,1.6020645,0.20865433;0.47844315,0.7140301,-2.518641;1.2054118,-0.011085127,-0.649963;0.78776705,1.0107763,-1.2584599;-0.16690734,-0.06082317,0.12311845;1.0040447,1.9005996,-0.45816562;0.9394314,1.46608,-0.15738384;1.569575,0.46856958,-1.1605836;1.1096138,0.6872692,-1.9782608;-1.9026921,-0.91234076,0.6744514;-2.1322641,-1.6516597,1.0781815;-0.76450276,0.49696738,0.065121196;-0.2266851,0.5215991,0.8600771;-0.7905106,-0.6457506,0.9087038;0.88208014,1.6475936,0.27869534;1.1176908,0.035867166,-1.866936;0.86749315,1.8032954,-0.55513847;0.8542219,1.2429674,-0.7429903;0.5873551,1.478155,0.1641384;0.9701313,0.8549655,-1.5732431;-1.1641812,0.13780662,0.32356822;0.7588841,1.8025502,-0.5226391;0.5670253,0.41738918,0.03663231;-0.1440635,0.2990533,-0.095297076;0.65657824,1.1543115,-0.54794794;0.9909993,0.91332835,-1.1537125;1.3568131,0.51386446,-1.2271101;-1.9703465,-1.0394367,0.7455785;-1.4480063,-0.04591695,0.5928533;-1.5201471,-2.290776,0.5706034;-2.333978,-1.7093273,1.2172441;-1.4227217,-1.9531909,0.44154218;-0.014745913,0.83648515,0.23881976;0.33494765,0.68118906,-0.06807586;-2.2963889,-1.7210025,1.2021646;1.5937362,0.4252349,-0.98518103;1.0569625,-0.16014472,-0.17506702;-1.4653269,-0.2985029,0.35865024;0.018493935,0.91577977,0.033855416
