data_set
babi-q1
num_classes
6
data_points
1000
model
saved_models/babi-q1-e0191.ckpt
color_schema
#4E79A7,#F28E2B,#E15759,#76B7B2,#59A14F,#EDC948,#B07AA1,#FF9DA7,#9C755F,#BAB0AC
test_accuracy
0.913
test_loss
0.31271798530220984
train_accuracy
0.976
train_loss
0.0741565961218439
val_accuracy
0.9425
val_loss
0.22530030082166194
labels
12,9,15,12,15,12,11,12,17,17,15,11,17,10,10,15,11,15,17,15,12,17,17,12,10,10,10,15,15,15,12,17,15,15,9,17,9,11,15,10,9,11,9,12,11,15,12,9,17,10,10,17,11,11,15,10,15,12,11,12,12,17,9,11,11,15,15,9,17,17,11,12,11,10,9,15,15,15,12,17,11,9,10,11,17,11,11,12,15,15,9,9,12,9,9,15,15,15,10,10,10,9,17,11,11,12,10,9,17,10,9,9,15,12,15,11,17,15,9,17,10,9,10,12,10,17,11,11,11,9,11,12,9,11,15,9,17,15,9,9,17,12,12,17,10,15,15,15,15,15,11,11,9,17,10,9,11,10,17,12,10,10,10,11,9,11,11,11,15,10,17,17,11,9,9,17,15,10,17,17,12,12,12,12,10,9,17,11,15,17,12,15,11,12,12,11,17,15,9,10,12,17,17,10,12,9,15,12,9,12,9,10,12,10,9,10,9,12,12,9,9,12,15,12,10,17,12,11,9,9,17,11,12,17,12,10,10,10,10,17,12,15,11,11,15,15,11,11,11,11,10,17,9,9,10,10,17,17,15,11,11,17,12,17,17,9,11,10,9,10,15,17,17,15,9,17,15,12,17,9,9,11,17,17,11,17,9,17,11,9,15,15,10,15,15,11,11,12,12,9,9,9,9,17,12,11,9,17,17,15,11,11,17,10,11,17,10,17,17,11,11,15,15,11,11,9,10,11,11,10,15,17,15,10,10,17,12,17,12,12,12,11,17,15,11,17,12,12,15,15,10,11,11,10,10,9,17,12,11,12,11,9,11,11,11,11,11,12,12,12,12,12,11,11,17,10,15,9,9,10,9,10,10,17,17,15,17,17,17,15,15,12,9,10,17,17,10,17,9,11,10,11,10,15,17,15,12,10,11,15,10,11,9,12,17,10,10,15,12,9,12,12,9,12,10,15,15,17,10,10,17,15,15,15,17,11,15,9,10,11,10,12,9,11,10,11,10,12,11,15,15,15,15,11,9,15,10,12,11,12,9,11,10,17,11,11,10,10,10,17,12,17,17,9,15,11,9,15,11,9,10,10,12,12,11,10,9,12,10,9,15,10,10,11,11,15,15,10,12,12,15,11,9,12,9,15,10,17,17,10,10,17,10,10,17,9,9,10,12,11,17,17,12,12,11,12,17,11,11,12,11,11,11,17,9,11,10,12,12,10,11,17,12,12,15,11,15,15,12,10,10,9,17,10,15,12,15,10,10,10,11,10,11,15,10,9,9,15,10,10,10,10,15,15,17,9,10,12,10,10,12,12,11,15,10,10,11,12,10,10,17,12,17,11,9,9,17,17,11,10,10,10,15,15,17,11,15,12,11,10,15,17,9,11,9,17,15,12,15,17,11,17,17,15,9,10,9,9,10,10,9,10,10,15,11,11,11,15,12,9,11,11,10,17,11,11,12,17,15,15,9,11,15,15,11,9,15,15,11,15,15,15,11,10,10,9,17,17,17,17,10,10,17,9,15,9,17,12,12,12,15,15,15,17,9,11,9,17,9,12,11,9,9,17,11,11,11,10,15,10,12,12,9,9,17,12,12,9,17,12,11,11,15,15,12,11,12,17,12,17,11,12,11,17,17,11,17,9,11,9,10,10,12,17,10,12,9,9,9,15,11,11,15,17,9,10,9,12,17,15,17,17,12,10,12,11,11,17,15,9,17,10,9,11,12,15,9,15,12,10,9,10,17,17,15,15,9,9,9,17,10,17,17,9,12,17,17,12,12,11,11,11,11,17,11,17,17,17,17,17,12,9,17,10,17,11,10,10,12,12,11,11,17,12,12,17,17,15,11,17,11,11,9,12,9,17,9,10,9,15,11,9,11,15,10,9,9,9,17,12,11,11,17,15,15,10,10,11,11,17,10,12,9,10,10,10,10,10,15,17,9,11,17,15,12,11,10,10,15,12,10,11,12,12,11,11,11,15,12,17,10,12,17,17,12,10,10,12,17,10,11,17,11,12,17,17,11,12,11,17,9,9,11,17,11,11,15,15,17,17,10,10,17,12,11,15,12,11,11,10,9,12,12,15,10,9,17,15,17,9,17,17,10,17,15,12,12,11,10,10,10,17,17,15,12,17,9,9,15,10,12,15,15,15,17,17,15,11,15,10,12,9,9,10,11,11,9,9,12,15,9,15,9,12,12,10,17,17,10,12,15,9,10,17,11,11,11,17,9,9,11,15,11,11,11,15,12,17,9,10
pred_labels
12,9,15,12,15,12,11,12,17,17,15,11,17,10,10,15,11,15,15,12,12,17,17,12,10,10,10,15,15,17,12,17,15,15,9,17,9,11,15,10,9,11,10,12,11,15,12,9,17,10,10,17,11,12,15,10,15,12,12,12,12,17,9,11,11,15,15,9,17,17,11,12,11,10,9,15,11,15,12,17,11,9,10,15,17,11,11,12,15,15,9,9,12,9,9,15,15,15,10,10,10,9,17,11,11,12,10,9,17,10,9,9,15,12,15,11,17,15,9,17,10,9,9,12,10,17,11,15,11,9,11,10,9,11,15,9,17,15,9,9,17,12,17,17,10,15,15,15,15,15,11,11,9,17,10,9,11,10,17,12,10,10,10,11,9,11,11,11,15,10,17,17,11,9,9,17,15,10,17,17,12,17,12,12,10,9,17,11,15,17,12,15,11,12,11,11,17,11,9,10,12,17,12,10,12,9,15,12,9,9,9,10,12,10,11,10,9,12,12,12,9,12,15,11,10,17,17,11,9,9,17,11,12,17,12,10,10,9,10,10,12,15,11,11,15,15,11,11,17,11,10,17,9,9,10,10,17,17,15,11,11,17,12,17,17,9,11,10,9,10,15,17,15,15,15,17,15,12,17,9,9,11,17,12,11,17,9,9,11,9,15,15,10,15,15,11,11,12,12,9,9,11,15,17,17,11,9,17,9,15,11,11,17,10,12,17,10,17,15,11,11,15,15,11,17,9,10,11,11,10,15,17,15,10,10,17,12,17,12,11,12,11,17,15,11,17,17,12,12,15,10,11,11,10,10,9,17,12,11,12,11,9,11,11,11,11,11,12,12,12,12,12,11,11,17,10,15,9,11,10,9,10,10,17,17,15,17,17,17,15,15,12,9,10,17,17,10,17,9,11,10,11,10,15,17,15,12,12,17,15,10,11,9,12,17,10,10,15,12,9,12,12,9,12,10,15,15,17,10,10,17,15,15,11,17,11,15,9,12,11,10,12,9,11,10,11,10,12,11,15,15,15,15,11,9,15,10,12,11,12,9,11,10,17,11,11,10,10,10,17,12,17,17,9,15,11,9,15,11,9,10,10,12,12,11,10,9,12,10,9,15,10,10,11,10,15,15,10,12,12,15,11,9,12,9,15,10,17,17,10,10,17,10,10,12,9,9,10,12,11,17,17,12,12,11,12,17,11,11,12,11,11,11,12,9,11,10,12,12,10,11,17,12,12,15,11,15,15,12,10,10,9,17,10,15,12,15,10,10,9,11,10,11,15,10,9,9,15,10,12,10,10,15,15,17,9,10,12,10,9,12,12,11,11,10,10,11,12,10,9,17,12,17,11,9,9,17,17,12,10,10,10,15,15,17,11,15,12,12,10,15,17,9,11,9,17,15,12,11,17,11,17,12,15,9,10,9,9,10,10,9,10,10,15,11,11,11,15,17,9,11,11,10,17,11,11,12,17,15,10,9,11,15,15,11,9,15,15,11,15,15,15,11,10,10,9,17,17,17,15,10,10,17,9,15,9,17,12,15,9,15,15,15,17,9,11,9,17,9,12,11,9,11,17,11,11,11,12,15,10,12,12,9,9,17,12,12,9,12,12,11,11,15,15,12,11,12,17,15,17,11,12,12,17,17,11,17,9,11,9,10,10,12,17,12,12,9,9,9,15,11,11,15,17,9,10,9,12,17,15,17,17,12,10,10,11,11,17,15,9,17,10,9,11,12,15,9,15,12,10,9,10,17,17,11,15,9,9,9,17,10,17,17,9,12,17,17,12,12,11,11,11,9,17,11,17,17,9,17,17,12,9,17,10,17,11,10,10,12,17,11,11,12,12,12,17,17,15,11,17,11,11,9,12,15,17,9,10,9,15,11,9,9,15,10,9,9,9,17,17,11,11,17,15,15,10,10,11,11,15,10,12,9,10,10,10,10,10,15,17,9,11,17,15,12,11,10,10,15,12,10,11,12,12,12,11,11,15,15,17,10,12,17,15,12,10,10,12,12,12,11,17,11,12,17,17,11,12,11,17,9,9,11,12,11,11,15,15,12,17,10,10,17,10,11,15,12,11,11,10,9,12,12,15,10,9,17,15,17,9,17,17,10,17,15,12,12,12,10,10,10,17,17,15,12,17,9,9,15,10,12,15,15,15,17,17,15,11,15,10,12,9,9,10,11,11,9,9,12,15,9,15,9,12,12,10,17,17,10,12,15,9,10,17,11,11,11,17,9,9,11,15,11,9,11,15,12,17,9,9
pred_correctness
True,True,True,True,True,True,True,True,True,True,True,True,True,True,True,True,True,True,False,False,True,True,True,True,True,True,True,True,True,False,True,True,True,True,True,True,True,True,True,True,True,True,False,True,True,True,True,True,True,True,True,True,True,False,True,True,True,True,False,True,True,True,True,True,True,True,True,True,True,True,True,True,True,True,True,True,False,True,True,True,True,True,True,False,True,True,True,True,True,True,True,True,True,True,True,True,True,True,True,True,True,True,True,True,True,True,True,True,True,True,True,True,True,True,True,True,True,True,True,True,True,True,False,True,True,True,True,False,True,True,True,False,True,True,True,True,True,True,True,True,True,True,False,True,True,True,True,True,True,True,True,True,True,True,True,True,True,True,True,True,True,True,True,True,True,True,True,True,True,True,True,True,True,True,True,True,True,True,True,True,True,False,True,True,True,True,True,True,True,True,True,True,True,True,False,True,True,False,True,True,True,True,False,True,True,True,True,True,True,False,True,True,True,True,False,True,True,True,True,False,True,True,True,False,True,True,False,True,True,True,True,True,True,True,True,True,True,False,True,False,True,True,True,True,True,True,True,True,False,True,True,True,True,True,True,True,True,True,True,True,True,True,True,True,True,True,True,True,True,True,True,True,False,True,False,True,True,True,True,True,True,True,True,False,True,True,True,False,True,True,True,True,True,True,True,True,True,True,True,True,True,False,False,True,False,True,True,True,False,True,True,True,True,True,False,True,True,True,False,True,True,True,True,True,False,True,True,True,True,True,True,True,True,True,True,True,True,True,True,False,True,True,True,True,True,True,False,True,False,True,True,True,True,True,True,True,True,True,True,True,True,True,True,True,True,True,True,True,True,True,True,True,True,True,True,True,True,True,False,True,True,True,True,True,True,True,True,True,True,True,True,True,True,True,True,True,True,True,True,True,True,True,True,True,True,True,True,False,False,True,True,True,True,True,True,True,True,True,True,True,True,True,True,True,True,True,True,True,True,True,True,True,True,False,True,True,True,True,False,True,True,True,True,True,True,True,True,True,True,True,True,True,True,True,True,True,True,True,True,True,True,True,True,True,True,True,True,True,True,True,True,True,True,True,True,True,True,True,True,True,True,True,True,True,True,True,True,True,True,True,True,True,True,True,False,True,True,True,True,True,True,True,True,True,True,True,True,True,True,True,True,True,True,True,False,True,True,True,True,True,True,True,True,True,True,True,True,True,True,True,True,True,True,False,True,True,True,True,True,True,True,True,True,True,True,True,True,True,True,True,True,True,True,True,True,True,True,True,True,False,True,True,True,True,True,True,True,True,True,False,True,True,True,True,True,True,True,True,True,False,True,True,True,False,True,True,True,True,True,False,True,True,True,True,True,True,True,True,False,True,True,True,True,True,True,True,True,True,False,True,True,True,True,True,True,True,True,True,False,True,True,True,False,True,True,True,True,True,True,True,True,True,True,True,True,True,True,True,False,True,True,True,True,True,True,True,True,True,True,False,True,True,True,True,True,True,True,True,True,True,True,True,True,True,True,True,True,True,True,False,True,True,True,True,True,True,True,True,False,False,True,True,True,True,True,True,True,True,True,True,True,True,False,True,True,True,True,False,True,True,True,True,True,True,True,True,True,True,False,True,True,True,True,True,True,True,True,True,False,True,True,True,False,True,True,True,True,True,True,True,True,True,True,True,False,True,True,True,True,True,True,True,True,True,True,True,True,True,True,True,True,True,True,True,False,True,True,True,True,True,True,True,True,True,True,True,True,True,True,True,True,True,True,True,False,True,True,True,True,True,True,True,True,True,True,True,True,True,True,True,True,True,False,True,True,True,True,False,True,True,True,True,True,True,True,True,True,True,True,False,True,True,False,True,True,True,True,True,True,True,True,True,True,True,False,True,True,True,True,True,True,True,False,True,True,True,True,True,True,False,True,True,True,True,True,True,True,True,True,False,True,True,True,True,True,True,True,True,True,True,True,True,True,True,True,True,True,True,True,True,True,True,True,True,False,True,True,True,False,True,True,True,True,False,True,True,True,True,False,False,True,True,True,True,True,True,True,True,True,True,True,True,True,False,True,True,True,True,False,True,True,True,True,False,True,True,True,True,True,True,True,True,True,True,True,True,True,True,True,True,True,True,True,True,True,True,True,False,True,True,True,True,True,True,True,True,True,True,True,True,True,True,True,True,True,True,True,True,True,True,True,True,True,True,True,True,True,True,True,True,True,True,True,True,True,True,True,True,True,True,True,True,True,True,True,True,True,True,True,True,True,True,True,False,True,True,True,True,True,False
p2d-kl
0.4970678687095642
p2d-iter
599
p2d
-0.44018096,2.012625;1.4026595,0.62025785;-0.03424397,-1.4895595;-0.44131458,1.9998084;-0.050103515,-1.7429364;-0.25871152,1.7596489;1.3429844,-0.88792115;-0.078029454,1.3088089;0.04504224,-0.107471764;-0.19566697,0.24116604;-0.04944757,-1.612394;0.94381094,-0.6161773;-0.6864618,0.8409938;-1.1388252,-0.4957746;0.3452818,0.25210124;-0.039371736,-1.4327301;1.325795,-0.9393734;-0.0072075343,-2.1454442;0.2834047,0.007377804;0.09708013,-0.09166049;-0.26407328,1.7314607;-1.5107151,0.8405153;-0.6793568,0.8400083;0.84479374,0.29432446;0.13928439,0.21698366;-1.4598436,-0.3769235;-1.4985782,-0.3405588;-0.06828393,-2.1989462;0.017565694,-0.73488945;-0.056171067,-0.6556467;-0.40880668,1.7260997;-1.3624034,0.9795517;-0.019274203,-1.8180041;0.011343091,-2.0720901;1.99052,0.94139564;-1.5341282,0.76735413;1.0689212,0.6381121;0.9342417,-0.39666653;-0.05601262,-0.85646975;-0.3538319,-0.152809;1.7950597,0.9645578;1.3327409,-0.90505475;0.27109715,0.23392971;-0.3963738,0.7315857;1.3250601,-0.8370067;0.16590098,-0.8902557;-0.38012326,0.47480655;1.8604006,0.8905741;-1.5061866,0.9117541;-1.0389628,-1.105738;-1.1426197,-0.9518056;-1.4321024,0.6954601;0.99064994,-0.5091117;0.48588252,0.13178986;0.45523033,0.043934803;-1.4838064,-0.3763109;0.10517592,-1.0180721;-0.15741341,1.5578773;-0.42082605,0.8305129;-0.5236623,1.2445886;-0.42737314,1.9304268;-1.412877,0.9888158;1.8909659,0.9837772;1.190459,-0.780011;-0.32492852,0.12255567;-0.035461817,-2.006744;0.23960097,-0.74251544;0.4888051,0.42167258;-0.7821739,1.115014;-0.6783233,1.2998893;1.6065469,-0.9873416;-0.44923937,1.3439871;1.3090959,-0.9672045;-1.0350989,-1.1713095;2.019278,0.9726916;-0.09294151,-2.2305777;0.11289868,-0.015450096;-0.003449377,-1.9496901;-0.43417037,1.0265243;-1.2876191,1.0675691;1.5848697,-1.0707383;1.0660753,0.7454915;-1.3443403,-0.89697397;0.07163782,-0.627805;-1.5550679,0.9086066;1.4688311,-0.89618355;1.5054688,-0.9473559;-0.4417197,1.7949625;-0.073533505,-2.0492456;-0.14540012,-2.1558414;1.8708376,0.95487034;1.797234,0.9161972;-0.10743651,1.3721801;1.5001135,0.76512736;0.7567903,0.48121265;0.038681235,-1.1527089;-0.074171126,-1.116312;-0.021051604,-1.5792923;-1.0643533,-0.70301265;0.337075,0.2629017;-1.3613389,-0.7957196;1.1518856,0.75073403;-0.9755914,1.0254395;0.9852889,-0.6112584;0.715651,-0.21683563;-0.12852025,1.6527385;-1.1710383,-0.9670542;0.70835793,0.51065105;-0.9616756,0.98072124;-1.3202698,-0.8932326;1.3192388,0.80614376;0.90669245,0.3720428;-0.001066955,-2.103325;-0.32065934,1.7230923;0.2008532,-0.59788984;0.97688377,-0.48122376;-0.5407134,0.83812606;0.039958913,-1.4769857;0.64037985,0.35807565;-1.6614091,0.7288956;-1.0933788,-0.95622116;1.8043507,0.8981496;0.36873633,0.4013459;-0.5243286,1.2620661;-1.402938,-0.46034425;-1.4277185,0.7948617;1.2007885,-0.78382117;-0.0044193105,-0.06728566;1.4389468,-1.0596653;1.0505062,0.60763675;1.6750431,-1.0065547;-0.4621049,-0.09981078;1.0568416,0.6001126;0.7771799,-0.37890974;0.36347538,0.0010275465;1.9378424,1.0183926;-0.99344283,1.0938419;-0.079606585,-1.9681302;1.2391067,0.5581069;0.79964024,-0.1881586;-1.6103987,0.6597959;-0.46689484,1.5044188;-0.005755168,0.27408603;-0.7369984,1.0926745;-1.02174,-1.2181432;-0.057065133,-1.9466455;-0.08642361,-1.1344008;-0.08147161,-2.1360385;-0.021715466,-1.6825811;0.1199581,-0.7626204;1.6270188,-1.1524585;1.1163471,-0.64389396;1.1251603,0.5379864;-0.93381166,1.071165;-1.0145196,-1.0564884;1.3208848,0.7456261;0.7722886,-0.5048991;-1.285147,-0.34992734;-1.6850065,0.7333138;-0.046963785,1.2307775;-1.4810708,-0.30617982;-0.4343592,-0.12785503;-1.0455676,-1.0437639;0.9293918,-0.41081923;0.89700776,0.5700966;1.7131255,-1.2064698;0.52054006,-0.87073475;0.49088293,-0.7570321;0.012737194,-1.106902;-1.227649,-1.0053521;-1.4045095,0.93725234;-0.6105259,0.5544811;0.5191598,-0.7848877;1.4468781,0.7388161;0.98761755,0.5434518;-1.3904504,0.79892725;-0.08787443,-1.6082124;-1.4415992,-0.5321771;-1.4821374,0.6793557;-0.60967743,0.5088229;-0.17545709,1.7076834;-0.38852018,0.2899589;-0.16951025,1.8047106;-0.082592376,1.5768151;-1.2538068,-0.95467967;1.92231,0.9869418;-0.9604012,1.1773372;0.9047849,-0.58736646;-0.0018443593,-1.3322389;-0.9207576,1.1653068;-0.24304514,1.8077832;-0.061618317,-1.8759558;1.4628161,-1.2626816;-0.45274767,1.7785592;0.21406996,0.036264293;1.6973953,-1.1666137;-0.088590205,0.2968657;0.56729054,-0.52459216;1.0359459,0.5056629;-1.2090628,-1.0263348;-0.39681458,1.7350801;-1.6225692,0.78150594;-0.5834703,0.8093158;-0.9602119,-1.24382;-0.6803913,0.40706453;1.8260628,0.94516987;0.05951173,-1.03328;-0.45598787,1.9516048;1.2114801,0.5257092;1.0486021,0.37340465;1.1117809,0.68821543;-1.0699549,-1.1458671;-0.50376153,1.3450484;-0.59126693,-0.23750897;0.35932103,0.16470437;-1.2360165,-0.5413868;1.1078705,0.6497948;-0.18866646,1.6259832;-0.3888789,1.7834666;-0.08751283,0.09982853;0.9433441,0.6558417;-0.43948728,0.83695143;-0.116404034,-2.1691892;0.0013728753,-0.0366311;-1.1990583,-0.97635865;-1.6519943,0.6624974;-0.2818491,0.258412;1.2634593,-0.82882726;1.4771359,0.8120629;1.3801436,0.55468416;-1.4940002,0.87239355;0.77692336,-0.22190185;-0.47246367,1.8585669;-1.3498017,1.0421797;-0.35157725,0.35760316;-1.3321975,-0.78502536;-1.3878957,-0.25552738;0.4599546,0.40082106;-1.208102,-0.9861163;0.07891383,0.01084381;-0.0641639,1.4589763;-0.09732559,-2.008301;1.4663869,-1.2545978;0.29627508,0.13892142;-0.06724896,-1.4422265;-0.049358636,-1.9346713;1.3597357,-0.88093966;0.5019761,-0.6817827;-0.19267443,0.1922762;0.7598128,-0.40265322;-1.1522561,-1.036244;-0.51834214,0.4110267;1.6397928,0.7491726;0.6554127,0.4632086;-1.3552378,-0.78391397;-1.3446324,-0.83225507;-1.4104918,0.67816633;-0.84013015,0.8562271;0.25762087,-0.63584125;1.4516679,-0.99170744;1.7553018,-1.2287861;-1.7465706,0.62586623;-0.076871365,1.4449185;-1.7022493,0.6712712;-0.82776886,0.8889735;1.218216,0.72270703;0.9679923,-0.5656461;-1.5272909,-0.2873222;1.3657563,0.58309424;-0.9832296,-1.1990103;-0.06557348,-2.166348;-0.9636815,0.8359642;0.31090397,-0.03305344;-0.126593,-2.2333639;-0.09452377,0.016687494;-1.0744468,0.7770662;-0.050113708,-1.0107739;-0.35509318,1.8824041;-0.89308745,1.1926818;1.3474276,0.77774966;1.7995766,0.9683394;0.9434186,-0.6714639;-1.8109752,0.5789798;-0.46293378,0.814874;1.4986851,-1.19564;-1.5300603,0.78954583;0.87197465,0.68112004;0.55354875,0.44365865;1.1942554,-0.8277407;1.0113747,0.74149257;-0.060624965,-2.0856936;-0.03490655,-0.10873195;-1.1869615,-1.0321248;-0.022955207,-1.5740974;-0.13859753,-2.0424316;1.0606105,-0.5892389;0.65006256,-0.49815565;-0.43729365,0.7830477;-0.4856666,1.3510008;0.96633637,0.64928216;1.9563364,1.0296453;0.6578719,0.33976045;0.4191147,0.060690027;-1.6574556,0.69603467;-0.5248547,0.30208588;1.3795487,-1.120683;1.5136403,0.73437214;-0.9286067,1.0676647;0.45195773,0.3988976;-0.029676432,-1.5485966;1.5860621,-1.1043137;0.42546773,0.16986956;-0.6477665,0.5225954;-1.4534074,-0.5680439;0.130812,0.03134862;-1.5525233,0.717471;-1.0461303,-0.7588939;-1.4804935,0.7306934;-0.122611485,-0.8806171;0.5074988,-0.6750629;1.645465,-1.1123875;-0.03345294,-1.8316799;0.14801407,-0.69762504;1.4242084,-1.2418123;-0.01799826,-0.018754655;1.8948642,1.0162225;-1.1997391,-0.56736255;1.7919542,-1.143218;0.4768464,-0.81499267;-1.3384202,-0.2776301;-0.040266965,-1.44006;-1.4950119,0.86948174;-0.034092072,-0.9816421;-1.2140512,-0.44265833;-0.35811386,0.017802248;-1.0279176,1.0318571;-0.017536465,1.4112514;0.49341545,0.15034689;-0.040078476,1.4452033;0.433401,0.161567;-0.2399337,1.7822912;1.7281792,-1.176522;-1.8126154,0.5974442;-0.09327474,-1.836664;1.493883,-1.0069572;-1.5375365,0.71992576;-0.6514834,1.2343954;-0.09329632,1.5959264;0.09808795,0.15490785;-0.038368475,-2.1302927;-1.5298567,-0.31646928;0.7384471,-0.5286813;1.5370841,-1.2187442;-1.2754395,-0.9695046;-0.93016744,-0.3743168;1.0609866,0.70264554;-1.3012921,1.0121305;-0.4753713,0.71849656;1.6217649,-1.1520423;-0.20037864,1.5720758;1.1719987,-0.8625175;1.0996128,0.7581471;0.9452035,-0.41907376;0.5265219,-0.6986394;0.7174909,-0.45870438;1.775669,-1.1768918;0.53534234,-0.8396817;0.007180659,1.3432757;-0.41265956,1.8273413;-0.41852382,0.255032;-0.07211016,1.3950572;-0.4516817,0.8021006;0.8865003,-0.37117386;0.5616836,-0.54406583;-1.7101766,0.6449544;-1.1365403,-0.9039862;-0.05553791,-1.9212269;1.35767,0.61490464;0.5976629,0.31219476;-1.1874272,-0.57059276;1.9263903,1.0367279;-0.51261264,-0.18343782;0.5193146,0.47779286;-0.6750627,0.9135183;-0.8732238,0.99770737;0.14513719,-0.9980013;-1.4739041,0.77344817;-1.7807744,0.58248305;-0.12569274,0.33130255;0.040537514,-1.6066403;-0.029393816,-1.8678972;-0.15406434,1.5417625;0.9821585,0.7164692;-0.9314343,-1.213728;-0.9057231,1.1864548;-1.3501245,0.98677963;-1.3628879,-0.25646594;-0.8820163,1.2452027;1.3770891,0.7454715;0.9129124,-0.34122622;-1.3446432,-0.8257661;1.7087009,-1.3107103;-1.3583355,-0.4479601;-0.015637267,-1.7323327;-1.3476875,0.93926054;0.22500284,-0.63613766;-0.367878,0.8434265;-0.16177802,0.31267852;-0.1378912,0.007953467;0.042490575,-1.0527196;-1.4547743,-0.68440807;1.5533283,-1.0391585;1.9353219,0.95522773;-0.022812186,1.269032;-1.4609584,0.92744714;-1.0996207,-1.1382037;-1.062207,-0.41203693;0.0903659,-1.0108951;-0.43204385,1.3232375;1.1106255,0.7170701;-0.4326332,0.74713373;-0.2947524,0.86556953;1.5525806,0.8042848;-0.31165573,0.29400104;-0.9690699,-1.1662916;0.09269656,-1.0956557;-0.09846297,-0.062640205;-1.8409455,0.56923836;-1.422593,-0.69327015;-0.94715345,-0.4291582;-1.0866947,0.76775074;0.019465333,-1.0335925;0.11452341,-1.0659204;0.1261683,0.01119118;-1.3335302,1.0332534;1.5580801,-0.9997818;0.45432472,0.087326445;1.0041313,0.5533137;0.01339286,0.10552377;0.553734,-0.50069535;-1.4990065,-0.3610532;-0.4302044,1.8623844;1.2631421,0.53315455;0.8493675,-0.6380822;-1.3244756,-0.6140612;0.8836718,-0.40385824;-1.1692736,-0.46054748;-0.11040699,1.345685;0.89200395,-0.5045448;-0.026610367,-2.246178;-0.042782288,-1.7929256;-0.057163615,-1.0747473;-0.024772339,-2.2441826;1.1560538,-0.66929305;1.0906807,0.75389624;-0.0548357,-1.6005001;-1.0830227,-1.0725087;-0.39040518,1.8153644;1.5528703,-0.94962364;-0.31493255,1.7653214;1.0169694,0.6727157;0.74860454,-0.24306498;-0.93431336,-0.52591455;-1.5304378,0.88885975;1.4460349,-1.2543532;1.3777696,-0.9065331;-1.1178666,-1.0198576;-0.9510565,-0.38485426;-1.0022832,-1.2003398;-1.2347497,1.0497286;-0.399258,1.9601555;-1.4083033,0.7571799;-0.13895956,0.31468529;1.6044352,0.67594814;-0.083479136,-1.9033061;1.1395061,-0.69206774;2.020517,0.99746037;-0.022361778,-1.3804246;1.4823018,-1.1085236;1.1540194,0.68066317;-1.4610542,-0.42544243;-0.4203904,-0.09075168;-0.43922597,1.8368032;-0.61394286,1.2571167;0.90217924,-0.6269642;-1.1182368,-1.0838208;1.6315302,0.8241833;-0.07791836,1.4403958;-1.425604,-0.40492734;1.4019953,0.6203095;-0.086999476,-2.2090714;-1.0930308,-1.1022593;-1.2432842,-0.3738355;0.37352034,0.17231224;-0.45340705,-0.17658065;0.091657154,-1.0187281;0.3717014,-0.0064458023;-1.472294,-0.647371;0.006292216,1.3568571;-0.42815056,0.35112327;0.011846317,-1.5606605;1.026189,-0.621382;0.88039744,0.61119056;-0.40231878,1.9610287;1.7857988,0.84673;-0.035485834,-1.815523;-1.1805459,-0.6487466;-1.7912817,0.54297876;-0.50581956,0.3942869;-1.0968398,-1.0030059;-1.39694,-0.77814704;-1.73701,0.5942225;-1.2170423,-0.5346773;0.1687525,0.3199478;-0.49815738,0.8588619;2.0141447,1.0193415;0.611865,0.38141528;-1.3094499,-0.26958388;-0.064659,1.2886057;1.0067052,-0.6909352;-1.4375249,0.76589036;-0.9245298,0.8930681;-0.4232686,1.3739891;-0.36903253,0.15900669;1.6812794,-1.3031703;-0.20450234,1.6231445;-1.3180693,1.0178176;1.1011862,-0.8728297;0.18991975,-0.082236916;-0.2004634,1.7835903;1.760052,-1.258857;0.6090991,-0.6943252;1.3803447,-0.86156845;0.25271532,0.31265828;0.90013564,0.64070225;1.5921389,-1.0137098;-1.3584656,-0.74597204;-0.19655754,1.4663132;-0.3762976,0.43698272;-1.3242023,-0.35946643;1.6845845,-1.2008961;-1.0069339,0.6964695;-0.14456855,1.5974709;-0.16559656,1.4788958;-0.0067199273,-1.5624372;1.5711361,-1.0333515;0.072347574,-0.96411794;0.37477598,0.016671656;-0.42558324,1.8003798;-0.9496234,-1.1686869;-1.4727179,-0.4574493;0.9634017,0.6698355;-0.98262745,0.6720433;-1.3908157,-0.25080168;-0.028463403,-1.8773891;-0.2288833,1.7549347;0.2596024,-0.48509863;-1.2711046,-0.4969445;-0.45937645,-0.090486035;0.92190546,0.37132;1.2685497,-0.9214462;-1.0910361,-1.1956164;0.69836235,-0.67480785;0.020869713,-1.896094;-1.1176034,-0.624154;1.745937,0.9233629;1.0097085,0.57485765;-0.07284713,-0.9599251;-1.0731437,-0.7686014;0.040131364,-0.6496995;-1.5439565,-0.2552654;-0.43686032,-0.13616908;0.4927691,0.078666076;0.2782878,-0.021357458;-0.7015325,1.041159;1.6660599,0.8789059;-1.4749198,-0.634438;-0.51456344,1.4059683;-1.1793394,-0.5158015;0.60958594,0.48643833;-0.42980486,2.00263;-0.47578362,0.76073;1.7216476,-1.2814171;0.6678477,-0.52572715;-0.9711042,-1.2354043;-1.3877085,-0.5072605;0.87893873,-0.32767388;-0.3668477,0.8105526;-1.3945433,-0.68770635;0.36385602,0.41181004;-1.3551612,0.8637871;-0.46284956,1.3134676;-1.4500604,0.90978336;1.4617614,-1.2221752;2.0491905,1.0081655;1.9886428,1.0543766;-0.9671515,1.0373343;0.0053821146,0.28179708;-0.37795857,0.17607401;-1.0629148,-1.1974313;-1.4204137,-0.74857014;-1.0908611,-1.148722;0.23502642,-0.50197715;0.008521899,-2.0377624;-1.7921499,0.62482077;1.6721101,-1.1089908;0.16628136,-0.864623;-0.2803986,0.7378044;-0.33178103,0.8313449;0.2999287,0.2905203;-0.055460915,-2.026804;-0.58639187,0.7983158;1.0343941,0.44436577;0.5805578,-0.57043296;1.7051206,0.8523542;-0.99138755,1.0521636;0.14513539,-0.9541493;-0.0014397635,1.3059782;0.15550709,0.07853996;-0.8116242,0.8709901;1.356239,-0.99355996;-1.0326138,0.84800464;-0.38943186,-0.069433644;0.20690502,-0.8025972;1.6122586,0.73231584;-1.1958548,-0.3393847;1.0471078,0.6458291;0.62663937,0.4437869;-1.040402,-1.1395826;-0.53132606,-0.1885257;1.745937,0.9233629;-1.1164366,-0.98018533;-0.87961274,-1.1776338;-0.06725109,-1.1384697;1.3899308,-1.1388445;1.0775181,-0.6169734;0.8427958,-0.6104327;0.056065936,-1.0136487;-0.610192,0.4727794;1.4213481,0.7524842;1.041714,-0.58078754;0.10870918,0.050753523;-1.3019477,-0.7322144;-0.7002066,0.5455409;0.64037734,-0.65734255;1.024552,-0.5491054;-0.11197079,1.5932903;-1.2573808,0.96712077;0.080421895,-1.0850817;0.1693573,0.1966358;1.5590832,0.7657527;1.1690731,-0.742636;0.02320398,-1.838768;-0.0023514288,-1.6085871;1.4916852,-1.0878359;1.9579039,1.0124106;-0.009099214,-1.4261926;0.17954873,-0.76861435;1.5300456,-1.066967;-0.0545698,-2.0782173;0.16463664,-0.88407296;0.4723128,0.05952868;0.93013537,-0.57671756;-1.1133629,-0.46003792;-0.49023944,-0.13519114;1.0684446,0.67777073;-0.67334133,0.52211154;-1.7257919,0.6925155;-0.65217024,1.1192759;0.026855186,-0.07163605;-1.3885022,-0.81664807;-1.3125154,-0.22240321;-0.98027974,1.00231;0.68828934,0.48307347;-0.050567307,-0.9717767;1.7878585,0.916723;-1.4888418,0.79393214;-0.27460915,1.853592;-0.054847285,-0.82568485;0.5975885,0.4609037;-0.053647887,-2.1711645;-0.10568365,-0.9277164;0.07665269,-1.9250714;-1.3597215,0.76146525;0.34738776,0.4671387;1.4889601,-1.0388646;1.717665,0.89567316;-0.14007528,0.0035487954;0.824898,0.6646146;-0.028308786,1.3764874;1.6136893,-1.0432365;1.7277765,0.88602805;0.7771449,-0.21835335;-0.98660415,0.9512956;0.93298566,-0.51274174;1.7405801,-1.0541462;0.71073526,-0.48800716;0.04742393,0.1285952;-0.044205427,-1.7645789;-0.9261458,-0.36939308;-0.38647637,1.82446;-0.3164826,0.31998968;1.8718916,0.91292536;1.0694796,0.454254;-1.8045542,0.6032648;-0.42282832,1.9539179;0.034115415,0.2558091;1.1041195,0.42110378;0.46309277,0.13267693;-0.2819467,0.75496364;1.5882882,-1.1062288;1.4178743,-0.90006334;0.23095775,-0.53864104;-0.013123599,-1.5251529;-0.38041732,1.3313265;1.7062482,-1.1226236;-0.0026225916,1.2492872;-1.3892453,0.9249573;-0.035196163,-0.6826405;-0.72349346,0.8800504;1.7390134,-1.1692519;-0.11606297,1.4321219;-0.3643894,0.83769155;-1.1345692,1.0995975;-0.7163479,0.8850718;1.0104295,-0.57026404;-0.577806,0.41506472;1.9755003,0.9850983;0.91534007,-0.46395707;1.7357687,0.8054501;-1.4849287,-0.38637218;0.13196462,0.24486494;-0.34681436,0.25714338;-1.462442,0.88243204;0.064636245,0.16581137;-0.21015975,1.7491992;1.3655953,0.752267;1.4970498,0.7820515;1.0744275,0.4392675;0.28673914,-0.76725316;1.6474924,-1.1457351;0.56887496,-0.6592619;0.19227374,-0.7157115;-0.06717659,0.27642488;1.4501464,0.65906984;-1.3261046,-0.4513893;1.8877592,0.9247653;-0.21367277,1.708031;-0.9421178,1.0931404;-0.024599576,-1.493197;-1.5301443,0.68550366;-0.63303095,0.45542166;-0.10046549,1.513934;-1.3059037,-0.6148839;-0.81722015,-0.3201331;1.4439005,-0.84458524;0.44709122,-0.8041448;-0.99551797,1.076053;0.3804277,0.030098548;1.351311,0.62930286;-1.0288755,0.89531785;-1.1428912,-0.60597616;0.8010418,0.65161854;0.9282576,-0.5440092;-0.4854835,1.4472876;0.1508234,-0.99190384;0.7708925,0.5348598;0.21110845,-0.62096405;-0.05389065,1.5691956;-1.0869249,-0.6276769;1.1029885,0.59594554;-1.3958888,-0.43893668;-1.4518253,0.89655316;-0.8425488,0.9589131;0.41476354,-0.013006601;-0.098016046,-2.0866702;1.677614,0.8673533;0.871774,0.50534207;0.5869196,0.36912757;-1.3935707,1.0467043;-1.4819582,-0.4205951;-1.6658822,0.649531;-0.7264074,1.0197521;1.5389988,0.8099307;-0.39705786,0.3024914;-1.0440372,0.77453583;-0.4924481,0.30375528;-0.502752,1.477171;0.54939544,0.43968025;0.6232219,-0.7157009;1.765026,-1.2298924;0.52787983,-0.6073231;0.6505271,0.40893355;-0.6855953,1.0355234;1.5247436,-1.2511082;-1.0177778,1.0467236;-0.8514284,1.2584835;0.8835413,0.32812455;-0.90216523,0.8218299;0.23580332,0.3236881;-0.44063577,1.8996707;0.95798117,0.7094847;-1.0548764,0.8929093;-0.9842516,-0.3921905;-1.0085689,1.060334;1.3824292,-0.9823917;-1.4278035,-0.72294384;-1.2680768,-0.2843405;-0.04623666,1.262287;-0.43044376,0.8710602;1.5619423,-1.0054193;0.5605411,-0.6455412;-0.21040326,0.10486163;-0.14049609,1.6409177;-0.3335968,0.92592216;-1.6526247,0.6880741;-1.7061237,0.64106506;-0.049369626,-1.5410436;0.83408433,-0.64060295;-0.5617593,0.48755863;1.5364668,-1.0548099;0.5234892,-0.7053216;1.1629978,0.61932933;-0.68247014,0.387007;0.598642,0.25654638;-1.4786494,0.75543916;0.8497581,0.65665287;-1.4353601,-0.62776303;0.92822295,0.41886324;-0.11343671,-2.1189117;1.6335326,-1.0590819;1.5408856,0.75715077;0.35454977,0.4462707;0.2856132,-0.5259975;-1.1821051,-0.9836894;1.752058,0.9114521;1.0357404,0.6220153;0.68752736,0.51760477;-0.8750296,1.2039783;-0.07787394,0.28739187;1.4594642,-0.8970373;0.5599538,-0.74430984;-0.24315576,0.22431533;0.017748479,-1.92671;0.015873646,-0.7778821;-1.3588543,-0.5161781;-1.3048872,-0.47413522;0.37344578,0.09912892;0.60146904,0.29947102;-0.12779735,-0.07188423;-1.4550624,-0.36262384;-0.04053468,1.2542686;1.1425806,0.48819754;-1.040744,-1.1953189;-0.55944604,-0.21167086;-1.078861,-0.9752053;-1.2690108,-0.2627442;-1.1445843,-1.0622371;-0.004690758,-1.4608042;-1.5560087,0.83120155;1.2462419,0.72463596;0.89962584,-0.36291772;-1.3927138,0.6891499;0.22156568,-0.78627115;-0.53435516,1.3058158;1.7752964,-1.1741917;-1.292434,-0.8196268;-1.0462003,-0.4567599;0.0640918,-0.71354467;-0.15570837,1.744544;-1.435583,-0.38312867;1.7613779,-1.2850121;-0.27170625,1.7696233;-0.5175854,1.3009957;-0.07278069,0.10656931;1.5265687,-0.9748507;0.6367204,-0.67589515;0.24686839,-0.5499172;0.04094238,-0.7104282;-1.7733244,0.5172583;-1.367398,-0.8127445;-0.4050443,1.4109123;-0.82471085,1.2737598;0.35246325,-0.07534142;-0.37914538,0.4380581;-1.3666337,-0.8565107;-1.0906206,-0.5517944;-0.123723686,1.5164573;-0.35657293,0.33571625;0.2800006,0.34065253;1.1389333,-0.6899571;-1.4763345,0.96293485;1.6360943,-1.2682751;-0.4193065,1.3011744;-0.5727571,0.956697;-1.479381,0.8120365;0.8947202,-0.445767;-0.17598179,1.4799203;0.21831049,-0.07113571;-0.6664016,0.8215283;1.2917651,0.80713296;0.9132131,0.34248894;1.2983481,-0.8484924;0.30453202,0.06170716;0.5309676,-0.90610844;1.6382835,-1.0000783;-0.028578442,-2.0916433;0.17524366,-0.71426666;0.23531325,0.046042185;-1.770462,0.6110677;-1.4860193,-0.3070019;-1.2304987,-0.5363343;-0.67550343,0.5100324;0.20627615,0.3144273;1.6952162,-1.0415853;-0.026372746,-1.90764;-0.1970445,1.4512086;1.2368568,-0.833247;-0.1903384,0.014173801;-1.2604637,-0.4401588;0.83859926,0.62829703;-0.46816918,1.496221;-0.433853,1.7534859;-0.14527093,-2.0543816;-1.228117,-0.57714385;1.1675571,0.70374036;-1.8100901,0.54195577;-0.11180904,-2.2682772;-1.4469994,0.9909683;1.9301683,0.98970413;-1.0404716,0.7851499;-0.88319933,0.85748285;-1.3499125,-0.23798688;-1.3767396,0.872332;0.022369038,-0.97304183;-0.22441575,1.7756947;-0.44191986,0.7907276;0.17627306,-0.05668623;-0.9214164,-0.51676196;0.18308897,0.23748411;-1.3797721,-0.83774215;-1.3986063,0.6347357;-0.7764056,0.5164249;0.033803586,-1.1042244;-0.47678632,1.2687562;-1.4634001,0.7282049;1.8917619,1.0007643;1.1328737,0.5868768;0.21969597,-0.6865659;-1.0054396,-1.0459534;-0.42667142,1.9214377;-0.12743288,-2.0585003;0.12759174,-0.6826238;-0.09653885,-0.91146654;-0.69306713,1.0604273;-1.0536964,0.80141693;0.041086134,-1.1291827;0.75425035,-0.42155087;0.23704746,-0.57049733;-1.0446633,-1.0342681;-0.22169265,1.7176844;0.6300237,0.4455028;0.6540705,0.49450538;-1.0739833,-0.7031612;0.60702217,-0.7626345;0.94806314,-0.47870612;2.0102336,1.034515;0.9455188,0.4383132;-0.07494219,1.4959925;0.52190554,0.17041793;1.639566,0.7992245;-0.0930405,-1.8931348;1.4542942,0.73937136;-0.03110915,1.5270365;-0.33506548,0.11805295;-1.5078367,-0.2703352;-1.0404989,0.90714914;0.5505566,0.37522873;-1.2823198,-0.34250894;-0.14424942,1.4261234;0.098860234,-1.0384969;1.1185386,0.7399652;0.32645127,0.3951929;-0.9134823,1.0871007;1.0333444,-0.6303058;1.0841839,-0.64332956;0.36826062,0.046774708;-0.7016684,0.48575515;1.7681456,0.8790479;1.9506074,0.94884676;1.7236098,-1.0798112;-0.046810698,-2.2442632;1.0068241,-0.6991932;-0.11738635,0.053264484;0.45788333,-0.6859377;-0.04944275,-1.9780699;-0.45830554,1.4397668;-1.0005159,0.73332006;1.5914236,0.7866321;-0.32773608,0.091431476
p3d-kl
0.38451698422431946
p3d-iter
599
p3d
-0.9218343,2.6948533,-0.23562904;1.2850288,-0.13097048,-0.964737;-1.4157376,-0.44320542,0.058767907;-0.91518784,2.6711097,-0.23433456;-1.8229079,-0.40275872,0.17434067;-1.1045612,2.0851514,-0.0011870344;-0.392119,-0.7338654,-1.7777549;-0.9340206,1.0497607,0.26904774;0.34340984,-0.42074674,0.10726929;0.45176396,-0.002266618,0.2436093;-1.6221923,-0.48299944,0.06533569;0.084815525,-0.714797,-1.1748731;0.06984758,1.0679611,0.057085544;-0.06625504,-0.39420873,1.4280016;0.6555346,-1.1652219,0.49616623;-1.3241211,-0.47570157,0.02275011;-0.48162168,-0.6997398,-1.7171569;-2.449034,-0.607668,0.32322252;0.4220029,-0.92227733,0.06072077;0.29875436,-0.5658504,0.014705908;-1.084179,2.0524688,0.01529206;0.9247278,1.6265899,0.49687412;0.05602828,1.0613586,0.0649583;0.8059571,-0.5291219,0.044867568;0.4926588,-0.6692576,0.5838198;-0.40569782,-0.16510119,1.9282051;-0.46834642,-0.07211187,1.9509511;-2.5748537,-0.51265544,0.25144094;-0.37785345,-0.123040125,-0.09051089;-0.23244044,0.009228601,-0.14361249;-0.78561103,2.102654,-0.018711064;0.6311497,1.8298186,0.29415026;-1.9208035,-0.5187091,0.12985693;-2.3097913,-0.57456845,0.35071015;2.2643108,0.31265056,-1.554529;0.9424816,1.437727,0.57295704;1.321759,-0.61611974,-0.45687315;0.37810308,-0.92553073,-1.0359005;-0.5987064,0.14107701,0.0013905045;0.14182791,-0.6201908,0.5452275;2.0621235,0.26359206,-1.2458184;-0.41804314,-0.7154072,-1.7635715;0.6080523,-0.959896,0.42870617;-0.26457575,0.5931334,0.09631451;-0.3016544,-0.7686802,-1.7735268;-0.5915149,-0.72984207,-0.040938772;-0.15175228,0.35379472,0.15167244;2.0775461,0.14143299,-1.4287487;0.8863732,1.6548942,0.34575662;0.56801206,-1.2256142,1.5835233;0.29219356,-1.1144834,1.7028675;0.7556323,1.4408966,0.7533156;0.1505068,-1.0043687,-1.1133611;0.62671846,-1.2900742,0.07738757;0.47553214,-1.3085641,-0.003986226;-0.4122633,-0.12970337,1.9507791;-0.8199381,-0.51056594,-0.07379446;-1.0737727,1.5970676,0.13704225;-0.3676429,0.71577054,0.22103548;-0.3899723,1.4894854,0.031191537;-0.8750641,2.5189886,-0.19942716;0.7139889,1.799979,0.24427193;2.2368686,0.23949642,-1.3430378;-0.1991923,-0.7416322,-1.5229374;0.14154609,0.08923454,-0.22061218;-2.2372136,-0.54335517,0.19177409;-0.4537113,-0.5823297,-0.3036519;1.0201112,-0.9968293,0.19296527;0.058616802,1.7147253,0.10160649;-0.32777396,1.8902895,-0.0038773492;-0.6334017,-0.7846351,-2.265233;-0.5993481,1.5326174,-0.03644323;-0.52402997,-0.6815376,-1.6648552;0.7059605,-1.2087944,1.6404724;2.3518639,0.2685522,-1.5761889;-2.6335807,-0.46954414,0.23424508;0.18043038,-0.69541633,0.2311356;-2.146342,-0.5706183,0.052339192;-0.32541928,0.74301827,-0.20453331;0.45246357,1.8803158,0.17321938;-0.752146,-0.80882645,-2.158203;1.3627281,-0.77004373,-0.64921045;0.042934954,-1.1004887,1.959892;-0.17795658,-0.34336704,-0.10517508;0.97557956,1.6374681,0.32760864;-0.41779807,-0.80567396,-2.0332737;-0.53204036,-0.8187379,-2.079066;-0.7917672,2.1810558,-0.18644747;-2.3234084,-0.4599039,0.18577927;-2.5274827,-0.42936638,0.088037364;2.1586683,0.23211816,-1.3613812;2.036935,0.14517263,-1.2717452;-0.99849087,1.1683306,0.16912986;1.5960777,-0.074284665,-0.99113744;1.1171075,-1.2659135,-0.16110267;-1.0628637,-0.42141044,-0.0032148408;-1.0005305,-0.07319251,-0.00483851;-1.5576644,-0.4154763,0.09284943;0.22562528,-0.6561971,1.4828373;0.669042,-1.1510217,0.53591037;-0.08828423,-0.9488164,1.8993186;1.4064269,-0.6508412,-0.7451158;0.065825716,1.7017914,0.5618367;0.1062439,-0.79848087,-1.2783056;0.5121603,-0.88630205,-0.56086713;-1.203786,1.7581733,0.10370524;0.33233556,-1.017651,1.7726067;1.1863242,-1.1488181,-0.03210619;0.054022983,1.6122288,0.64926636;0.06425331,-1.0885221,1.9318655;1.5398211,-0.18168478,-0.61719775;0.97880286,-0.5990283,-0.052370198;-2.3710842,-0.6260963,0.2985168;-0.98564464,2.1708777,0.07657498;-0.33212447,-0.7564173,-0.07650314;0.23178804,-0.9711159,-1.1424824;-0.18038604,0.92477447,0.16169043;-1.3710681,-0.4202722,0.21217354;0.976087,-1.3694824,0.007791721;1.1287748,1.2261784,0.53929;0.31521568,-1.122628,1.6019267;2.0189545,0.1640413,-1.2990046;0.94635636,-0.8616773,0.39873934;-0.41139606,1.520919,0.010053421;-0.19319905,-0.1192524,1.8590678;0.7519536,1.4744757,0.55243045;-0.2115863,-0.75440806,-1.5386428;0.16518447,-0.4155073,0.09388011;-0.6971133,-0.6845208,-1.8616766;1.2409093,-0.6555673,-0.49039018;-0.7198928,-0.78595155,-2.3956637;0.1547319,-0.35435098,0.7639293;1.2469337,-0.61256826,-0.45065072;0.3606339,-0.78672713,-0.7428321;0.37213674,-1.1370469,0.006319141;2.3225455,0.26759073,-1.3764306;0.06158765,1.8115444,0.47372347;-2.1803503,-0.43513614,0.17285234;1.1520147,-0.27533624,-0.6834607;0.7107762,-0.7730418,-0.6237726;1.0619205,1.2106546,0.717503;-0.69654,1.7946111,-0.2505144;0.6639293,-0.4199385,0.19583671;-0.044333596,1.5827215,0.07435821;0.7146936,-1.2935829,1.5521883;-2.1338897,-0.4796074,0.18091178;-1.0321549,-0.048255913,0.00092742353;-2.4706233,-0.6341424,0.14368783;-1.7207795,-0.38995618,0.17754468;-0.4311989,-0.27287525,-0.2779289;-0.92022145,-0.81541747,-2.183724;-0.08222353,-0.99217343,-1.3675598;1.1646352,-0.40459245,-0.45800185;-0.033488292,1.7529134,0.55422693;0.5141824,-1.0846229,1.5261877;1.4973023,-0.27082458,-0.7236903;0.12028268,-0.81122667,-0.77269924;-0.409253,-0.31174636,1.5650188;1.1643887,1.2510848,0.54083264;-0.8803622,0.9206648,0.3861058;-0.519802,-0.0566929,1.9134293;0.20290627,-0.4370777,0.7244218;0.48636714,-1.0901927,1.5786529;0.3579938,-0.91364574,-1.034464;1.1672708,-0.90730715,-0.27348757;-1.0608133,-0.70459527,-2.3091557;-0.36846024,0.0070098983,-0.6388772;-0.29567608,-0.28917542,-0.5834508;-0.992164,-0.3314793,-0.02552401;0.3537571,-1.0121517,1.8757517;0.7215043,1.7817055,0.36153308;0.24494402,0.70301986,0.2687447;-0.34886718,-0.22709346,-0.65712184;1.5196161,-0.118448965,-0.9369643;1.076253,-0.7528053,-0.5586697;0.69316673,1.5528247,0.6218908;-1.6393268,-0.5693428,0.056148812;-0.29126477,-0.4299542,1.9113734;0.8570594,1.3880711,0.76573575;0.24792664,0.59252936,0.3508834;-1.1785743,1.9074801,0.032906607;0.0932591,0.1576471,0.13290147;-1.1994041,2.0936832,0.0870455;-1.1691762,1.6060277,0.22663243;0.23454249,-1.0708199,1.9335617;2.2746713,0.24256156,-1.3800119;-0.041837182,1.9778805,0.40671185;0.1935642,-0.6561369,-1.1631758;-1.2723196,-0.21882379,0.030278124;-0.08223385,1.9086428,0.38821006;-1.1315244,2.1037643,-0.11336121;-2.0365329,-0.43859956,0.09709892;-0.94761467,-0.576205,-1.775523;-0.785652,2.1274455,-0.2099333;0.41209695,-0.7913109,0.1489471;-0.9861349,-0.7369559,-2.3233092;0.6094254,-0.21009651,0.35418642;0.008665309,-0.6135718,-0.49092785;1.11071,-0.5617229,-0.3347605;0.34168074,-1.1499192,1.876245;-0.8098183,2.1065469,-0.028555294;1.1024318,1.4074107,0.50538605;-0.15172994,0.83850306,-0.03640287;0.802551,-1.2617942,1.4437153;0.06508588,0.5324453,0.6002549;2.1043346,0.16053358,-1.2819346;-0.8524925,-0.43055293,-0.032517202;-0.8658045,2.5726159,-0.21027881;1.1086011,-0.27891642,-0.6094595;0.8168319,-0.3604152,-0.25773495;1.4026902,-0.6132342,-0.59613484;0.62875324,-1.244867,1.6766411;-0.52647924,1.5534966,-0.1157625;0.20597115,-0.5462982,1.1367333;0.52031165,-1.2063153,0.32977813;-0.07188785,-0.42279968,1.6420223;1.3254515,-0.5699442,-0.5475951;-1.1104555,1.7200987,0.026867025;-0.8572319,2.160062,-0.1289736;0.7261711,-0.33854744,-0.24495663;1.3801515,-0.8363036,-0.333254;-0.3516624,0.7637268,0.19860402;-2.5246818,-0.40734953,0.19123884;0.15730137,-0.46462375,0.10235736;0.303845,-1.0786026,1.8252312;1.133574,1.2082071,0.68236554;0.29093102,0.12136873,0.24409457;-0.28644335,-0.75206274,-1.64042;1.6381013,-0.031655893,-0.8955942;1.1608192,-0.15781584,-0.970768;0.884337,1.6459391,0.42311126;0.6002332,-0.7982387,-0.6335212;-0.7740608,2.379473,-0.11140836;0.5625568,1.7910945,0.17049518;0.041654035,0.19759569,0.34264722;-0.072381385,-0.9213647,1.8551053;-0.5957339,-0.14895806,1.6805849;0.95209056,-1.0106987,0.26127866;0.29706147,-1.1176637,1.8507257;0.17383525,-0.8111321,0.4246267;-1.1212387,1.3162743,0.2346858;-2.2654164,-0.42873672,0.09576274;-0.9436423,-0.58733666,-1.7828636;0.42821056,-1.0649216,0.35208586;-1.3374311,-0.51554924,-0.009265994;-2.1016254,-0.5014922,0.20951204;-0.38500163,-0.7175967,-1.8158542;-0.30661336,-0.51145977,-0.68745327;0.41180113,-0.051731553,0.20024471;0.31821287,-0.7307402,-0.739217;0.39179316,-1.1891499,1.7659475;0.25442547,0.35573807,0.29789767;1.6259282,0.1268143,-1.2321305;1.1083646,-1.2402599,0.056758936;-0.09866807,-0.9567909,1.8720348;-0.044410303,-1.0007468,1.9084903;0.7631704,1.5420797,0.7913478;0.013759645,1.1702871,0.46740618;-0.40603167,-0.8290161,-0.17050181;-0.6001449,-0.8224451,-1.9460888;-1.1423706,-0.7521453,-2.3623881;1.2510071,1.0130564,0.6922335;-1.0928454,1.3084741,0.23058791;1.202266,1.163359,0.66538286;-0.0017265754,1.2303065,0.40933827;1.4476316,-0.4566063,-0.73922485;0.10295868,-0.85502297,-1.151374;-0.5735186,-0.0046295254,1.9548461;1.2069123,-0.18715818,-0.9423739;0.76547974,-1.2074486,1.5206828;-2.516807,-0.53223383,0.23918891;0.1764206,1.2579256,0.5817575;0.37889603,-0.96305037,-0.020126674;-2.654748,-0.43550426,0.1773021;0.4867,-0.32082704,-0.14663081;0.41240397,1.2616528,0.63104355;-0.8119798,-0.13940594,-0.13273464;-0.93525004,2.2900884,-0.29044574;-0.13419448,1.9330931,0.3417568;1.5379587,-0.20602712,-0.72279924;2.0697284,0.27012247,-1.2457931;0.13384582,-0.60288674,-1.2654554;1.3173151,0.8446287,0.7099867;-0.29860428,0.78553766,0.21830724;-0.8962609,-0.5581634,-1.9216563;0.93254733,1.4605099,0.52770543;1.3233974,-1.047985,-0.34589475;1.0601012,-1.4092818,0.3000818;-0.27476346,-0.7109435,-1.5023414;1.3854861,-0.8707326,-0.5583462;-2.377629,-0.4873325,0.22709192;0.19261494,-0.31073558,0.044242244;0.35085484,-1.1841598,1.8405502;-1.5566862,-0.42766377,0.10761745;-2.344373,-0.3212826,0.10948921;0.03408124,-0.95671076,-1.2959146;0.10502491,-0.63888043,-0.6130002;-0.2924292,0.6941851,0.16575654;-0.55808306,1.538636,-0.10075422;1.3535453,-0.7875448,-0.34241432;2.3466291,0.20646767,-1.4243212;0.93105716,-1.3025137,-0.01556339;0.48544392,-1.1998937,0.03762545;1.1383007,1.2412452,0.63196725;0.37036073,0.3657866,0.07379637;-0.6882535,-0.35341975,-2.152428;1.5493108,-0.03599166,-1.0330452;-0.038816657,1.7432367,0.55854243;0.9327929,-1.0019687,0.28496778;-1.5227573,-0.4321263,0.093711756;-0.8089245,-0.84167963,-2.1374683;0.6012814,-1.2534549,0.22503784;0.27607647,0.6779936,0.40617806;-0.3022301,-0.52375454,1.9391916;0.27668893,-0.69125694,0.28124413;0.95290095,1.3197045,0.6428309;0.30513015,-0.75683916,1.5047493;0.8617203,1.4661239,0.66384673;-0.6558955,0.16714385,0.07405946;-0.31665388,-0.53926516,-0.7508205;-0.87214285,-0.8063129,-2.2481961;-1.94623,-0.50851417,0.16091144;-0.30580562,-0.4059867,-0.2985262;-0.89904577,-0.5878496,-1.7252123;0.21368518,-0.38936347,0.17013352;2.2718174,0.21981378,-1.3340694;-0.0032522748,-0.40191185,1.6385285;-1.0234858,-0.5955503,-2.4452908;-0.28225926,-0.083513975,-0.53441465;-0.5577125,-0.23226474,1.6027685;-1.333659,-0.47419468,0.023886427;0.88574946,1.6344801,0.4205444;-0.7641067,-0.1523507,-0.09591937;-0.24513033,-0.49161395,1.4904066;0.13790083,-0.22187233,0.4953674;0.14390397,1.7105197,0.46734804;-1.1074438,1.2072711,0.336518;0.6612492,-1.2395017,0.067888655;-1.1380391,1.259931,0.24631692;0.6027438,-1.279331,0.2119859;-1.1302979,2.0855885,-0.061002407;-1.0285718,-0.72134644,-2.3580964;1.3255911,0.8800386,0.7116462;-1.971243,-0.34702677,0.14121656;-0.605134,-0.66914153,-2.0204935;0.9458056,1.3513043,0.6582524;-0.25446123,1.728931,-0.0011339503;-1.1745918,1.6440333,0.19333157;0.3813317,-0.6193344,0.5397247;-2.4389253,-0.5053527,0.29763934;-0.5293031,-0.019944953,1.9729059;0.076716654,-0.7200087,-0.7525148;-0.967026,-0.63287395,-1.945686;0.21497291,-1.127711,1.9420574;-0.14192156,-0.4849543,1.0365059;1.4554809,-0.669833,-0.53805417;0.51302063,1.8200192,0.24555779;-0.17764693,0.6689994,0.29027128;-0.9188175,-0.78338563,-2.1808946;-1.0355567,1.6498989,0.0708815;-0.32320744,-0.6464441,-1.4735032;1.297105,-0.7235002,-0.7113542;0.34627205,-0.94438934,-1.0573825;-0.27381134,-0.45494884,-0.6863872;0.19389291,-0.7368745,-0.69513774;-1.0545503,-0.68767625,-2.4380164;-0.28772604,-0.041110937,-0.650926;-1.0485885,1.104446,0.43054718;-0.82897866,2.2659538,-0.13847429;0.044284064,0.17432249,0.017626327;-1.0611235,1.1872234,0.2206299;-0.3028727,0.75001246,0.21946187;0.41155797,-0.95409465,-0.93893385;-0.008568239,-0.547069,-0.47799513;1.2054865,1.1032727,0.67440635;0.19952412,-1.0921935,1.644473;-2.0956845,-0.48414192,0.17598048;1.2572393,-0.21367757,-0.93511546;0.8763974,-1.3767629,0.06822187;0.00051709544,-0.4411091,1.5944197;2.3292964,0.20223743,-1.3730255;0.19428,-0.5049304,0.9194796;1.0117464,-1.2873707,0.37122777;-0.039299645,1.1862909,0.07271515;0.051100895,1.5212593,0.35984656;-0.7742361,-0.58697087,-0.13203983;0.8390983,1.4551985,0.5726145;1.302678,0.89117694,0.71454597;0.5393475,-0.23084426,0.52643734;-1.5872048,-0.35943213,0.24381205;-2.0119932,-0.50057834,0.08987682;-1.1452354,1.5225112,0.043486353;1.3218464,-0.8789573,-0.50422186;0.79034334,-1.1819316,1.4015099;-0.117942095,1.935651,0.36645398;0.6110259,1.8464116,0.28381062;-0.5861968,-0.17312497,1.6411359;-0.15016441,2.0238483,0.27060774;1.5118022,-0.20506464,-0.81284386;0.46458364,-0.94387674,-0.95612043;-0.05117538,-0.9920154,1.9043822;-1.2270488,-0.6825225,-2.1843827;-0.22022185,-0.21597184,1.7817234;-1.8156798,-0.377,0.22823493;0.6181539,1.7659678,0.36468747;-0.41412815,-0.773696,-0.11339305;-0.46659124,0.6148052,0.20958541;0.48305163,-0.16195165,0.49286565;0.39123395,-0.17569795,-0.077263094;-0.8725802,-0.37771842,-0.0811856;-0.3014912,-0.784553,1.9244981;-0.67479444,-0.65299404,-2.1509972;2.2404222,0.23391892,-1.4642447;-0.919975,0.9680397,0.39304578;0.82469517,1.7469499,0.35458365;0.60064393,-1.2436367,1.7214286;-0.048430245,-0.3634337,1.2439802;-0.8150648,-0.4853847,-0.07423984;-0.60834986,1.4672734,-0.011911912;1.2967452,-0.6778128,-0.66875666;-0.25742337,0.61015224,0.23152713;-0.58088875,0.33431992,0.07778115;1.6789051,-0.008334253,-1.0428501;0.18168284,0.084855065,0.34907207;0.7588541,-1.1227431,1.5253236;-0.9475979,-0.5005246,-0.094792366;0.302606,-0.23075584,-0.023607269;1.3559856,0.8059411,0.72623414;-0.29634604,-0.831988,1.8555974;0.01961517,-0.4392711,1.0468097;0.44070065,1.2557856,0.63319314;-0.8671591,-0.34375775,0.029086493;-0.895296,-0.5415762,-0.09272177;0.23282675,-0.7113175,0.27159137;0.55301327,1.835188,0.20135358;-0.6270393,-0.75396824,-2.162312;0.540305,-1.2833109,0.046324365;1.1144929,-0.7182004,-0.48929426;0.2684182,-0.40637413,0.40280434;0.03611078,-0.6246033,-0.4263993;-0.4324634,-0.08427507,1.950552;-0.8164114,2.3631923,-0.119431786;1.1579943,-0.17939177,-0.63394505;-0.012154517,-0.6478264,-1.0064213;-0.2871169,-0.6522824,1.5760169;0.35435352,-0.97207034,-0.9480556;-0.15736434,-0.5206616,1.411922;-0.9585656,1.1265285,0.17843877;0.15354516,-0.9090321,-1.0012939;-2.6313417,-0.52152276,0.37232304;-1.878832,-0.49931365,0.11564001;-0.93227035,-0.10992649,-0.042771436;-2.6305628,-0.5245651,0.3720745;-0.14825274,-0.99935055,-1.4382721;1.3367168,-0.7446777,-0.6922687;-1.60914,-0.49055618,0.0671017;0.5019307,-1.1758956,1.6609751;-0.86581784,2.2190793,-0.1673568;-0.5705792,-0.8596428,-2.1500955;-0.98451847,2.0979946,-0.034281984;1.4089295,-0.7248942,-0.42910287;0.52259713,-0.81468177,-0.6179983;0.097096026,-0.22731313,1.0313686;0.9087399,1.5800561,0.34710002;-0.9368169,-0.57732904,-1.7579453;-0.42057824,-0.74367154,-1.8351194;0.35330477,-1.2854679,1.6577173;-0.1416856,-0.48738214,1.0828898;0.7560535,-1.2266903,1.556124;0.37383682,1.8182399,0.22386454;-0.91191596,2.5595722,-0.23329905;0.71538466,1.3897588,0.6087906;0.5487424,-0.1486955,0.45311242;1.5588562,0.29060736,-1.0699542;-2.077715,-0.40375617,0.1382807;-0.12925693,-0.9308768,-1.4426056;2.3852503,0.299745,-1.54837;-1.2238617,-0.4354842,0.016399078;-0.76163715,-0.6649795,-1.9528224;1.3325342,-0.544689,-0.67496085;-0.3198976,-0.14913115,1.9456671;0.213472,-0.36261737,0.6800883;-0.7929752,2.2914271,-0.18260647;-0.31766447,1.7011558,-0.045072295;0.033839647,-0.6897329,-1.1074342;0.494234,-1.2142394,1.7290496;1.7530478,0.1009923,-1.1296617;-1.1064117,1.2808176,0.20100923;-0.3595046,-0.2590097,1.8831978;1.2848947,-0.12945227,-0.95606804;-2.5936007,-0.46766216,0.24656542;0.539278,-1.2351713,1.6921445;-0.3427798,-0.34024063,1.4978522;0.48533708,-1.306017,0.35305104;0.25687745,-0.53522426,0.744397;-0.8255783,-0.5048802,-0.039616708;0.388713,-1.1387734,-0.011442014;-0.3593598,-0.7085665,1.910376;-1.0628964,1.1213799,0.41779926;0.09690739,0.2546717,0.1759633;-1.5423616,-0.408743,0.13830519;-0.021235863,-0.88533103,-1.2034733;1.2658296,-0.9379394,-0.2292959;-0.9055051,2.5619926,-0.23442397;1.923103,0.24212463,-1.3220849;-1.9176121,-0.50155556,0.12278499;0.115215,-0.48355556,1.6916915;1.2775129,0.781015,0.70813614;0.2547654,0.35642594,0.26774937;0.39747116,-1.0358422,1.6836761;-0.15354994,-0.9542085,1.906509;1.234006,0.9706626,0.7084167;-0.08725366,-0.47183904,1.5814077;0.6884549,-0.6639072,0.52549255;-0.2892147,0.8669744,0.1013851;2.4039965,0.291912,-1.5194467;1.0298893,-1.4112546,0.08211734;-0.5500643,-0.23653668,1.5478246;-0.91793114,1.0089375,0.31169513;0.0019859453,-0.6829148,-1.3461595;0.77073246,1.3743364,0.5720988;0.045828026,1.3466487,0.6090161;-0.6286091,1.6457583,0.007922582;0.06291599,0.13843754,-0.18711166;-1.1922073,-0.6606438,-2.1420233;-1.087141,1.736608,0.016238319;0.5349876,1.8364931,0.23143145;-0.36528417,-0.57934225,-0.9151698;0.20992315,-0.78951275,0.03377438;-1.1891192,2.0804102,-0.06707664;-1.1863688,-0.7144346,-2.3276205;-0.12483425,-0.37283105,-0.74282295;-0.35565352,-0.7333103,-1.869401;0.72048855,-0.9022077,0.45062548;1.3099436,-0.92513466,-0.28042674;-0.66347,-0.7587687,-2.2161324;-0.16012032,-0.96931344,1.8083123;-1.0505567,1.3782603,-0.033532064;-0.1074101,0.28886488,0.17625786;-0.4244651,-0.36833248,1.6586281;-1.0371231,-0.76376545,-2.2609797;0.3833303,1.0135535,0.60541916;-1.2225544,1.6103902,0.0295475;-1.0739102,1.394257,0.021614442;-1.5387706,-0.4198313,0.12579802;-0.6796325,-0.7045397,-2.1738133;-0.7410343,-0.4396841,-0.006184798;0.36888474,-1.1570573,0.029835748;-0.8313209,2.1759126,-0.22676915;0.7409293,-1.1229743,1.4609578;-0.25572696,-0.1487516,1.9890165;1.345814,-0.80644673,-0.35223407;0.37052408,0.93431795,0.57792145;-0.60646456,-0.1586735,1.6736141;-2.0188189,-0.53041196,0.16412635;-1.1296148,2.0325677,-0.05464635;-0.1810478,-0.9756528,-0.07940259;-0.14790428,-0.3451257,1.6697237;0.17040293,-0.31094357,0.80363303;0.991277,-0.5692747,-0.06337887;-0.44468212,-0.6751346,-1.6104845;0.70586634,-1.2573091,1.7291447;-0.04626599,-0.40413958,-0.8542836;-2.0581062,-0.6416008,0.10035381;0.13822503,-0.47730723,1.4983984;1.987647,0.119121134,-1.2117139;1.1553725,-0.7159671,-0.47248888;-0.75671214,-0.028977353,-0.048728045;0.2847982,-0.76273054,1.5401073;-0.2280511,-0.20075595,-0.024966056;-0.62904614,0.035112128,1.9656519;0.1996398,-0.4541528,0.7351983;0.5584926,-1.3455613,-0.0021408463;0.35019004,-0.93120366,0.03372948;-0.07561469,1.4214634,0.07539116;1.8560991,0.0756047,-1.131263;-0.35798547,-0.67451125,1.9221554;-0.6056534,1.5142572,-0.22522001;-0.043282807,-0.2702526,1.5794961;1.0826135,-1.1469117,0.15040804;-0.9196351,2.6697402,-0.23545338;-0.2295367,0.68143153,0.24726273;-1.2070417,-0.76679236,-2.2398562;0.108853124,-0.5629255,-0.6931331;0.791537,-1.2555742,1.4658751;-0.12006927,-0.22269215,1.9097068;0.47509554,-0.9822796,-0.9013038;-0.46537918,0.67082524,0.20081718;-0.2998938,-0.8477698,1.7847507;0.9657673,-0.8366566,0.41045314;0.63444525,1.583216,0.43241408;-0.5443519,1.5523355,0.013852785;0.80480623,1.6942143,0.36804736;-0.9205441,-0.59199756,-1.8113892;2.420389,0.29288903,-1.5864902;2.423961,0.28137955,-1.4423064;0.07723585,1.6988041,0.52180433;0.7150799,-0.44488657,0.16013712;0.042233013,0.15281838,-0.1494599;0.7163256,-1.2674816,1.6690869;-0.20343445,-0.86362296,1.9319936;0.6180024,-1.2617531,1.7056633;-0.25133803,-0.9917465,-0.06914769;-2.2566833,-0.5497792,0.33329841;1.3056153,0.93599063,0.6919421;-0.8814086,-0.80449206,-2.305687;-0.5667585,-0.7034926,-0.07288955;-0.4197326,0.4477111,-0.08768156;-0.5096154,0.5571247,0.18166696;0.70317745,-1.0034293,0.54395205;-2.2841976,-0.52262634,0.15780349;-0.12898463,0.8383346,-0.015373127;0.967529,-0.52447206,-0.3483461;-0.03419884,-0.5603582,-0.56903815;1.8592833,0.1285128,-1.1935121;0.07923439,1.7530743,0.5221325;-0.70564723,-0.6015554,-0.11480352;-0.9921933,1.0327919,0.42688134;0.3267819,-0.7783098,0.34774196;-0.007789325,1.1777531,0.39620444;-0.5870006,-0.67273146,-1.744931;0.2846611,1.3757764,0.6160375;0.19912978,-0.31748736,0.57669115;-0.55698854,-0.56680495,-0.22471236;1.5871723,0.15928571,-1.178309;-0.36232638,-0.35143414,1.3826426;1.364985,-0.59135693,-0.3915093;1.079216,-1.2385904,0.11851362;0.6307289,-1.253696,1.6116437;0.1515937,-0.49161547,0.95525044;1.9876472,0.11912117,-1.211714;0.3138818,-1.2251492,1.6457051;0.76631063,-1.060601,1.2856508;-1.0446244,-0.10439419,-0.0043852082;-0.73299015,-0.36242208,-1.9851366;-0.012639517,-0.9490397,-1.3248677;0.037998445,-0.6373474,-0.9978881;-0.8341367,-0.41754562,-0.023561815;0.1588653,0.5601611,0.4108731;1.5305989,-0.14875712,-0.88945484;0.05116877,-0.9557329,-1.2580824;0.2498121,-0.6584568,0.3374955;-0.10040176,-0.87519443,1.6927772;0.228878,0.78256744,0.49234867;-0.04771377,-0.23712274,-0.63916844;0.11323091,-0.96344006,-1.2395257;-1.1713165,1.6341871,0.15157895;0.45842147,1.6845658,0.340012;-0.9278849,-0.4515826,-0.11332053;0.4937878,-0.7429004,0.51224434;1.6220267,0.026402095,-1.0750663;-0.1611366,-0.81726444,-1.5022912;-1.9460897,-0.6081332,0.0385663;-1.5979571,-0.36214358,0.111368775;-0.7125869,-0.6070452,-1.9922738;2.339219,0.21627463,-1.4168286;-1.3059185,-0.44610342,0.057955258;-0.48464295,-0.5186701,-0.21801583;-0.7160801,-0.71480685,-2.074621;-2.362993,-0.48785603,0.23781359;-0.58198416,-0.7253632,-0.04349096;0.5111621,-1.33933,0.0007412152;0.097601034,-0.7876871,-1.0987382;-0.07354453,-0.22053622,1.4278009;0.19489183,-0.420713,0.83394057;1.4486445,-0.5883903,-0.47589314;0.25548998,0.7098103,0.45477548;1.2396582,1.1733019,0.61285406;-0.21644104,1.4970995,0.037689622;0.21487837,-0.4729882,0.13196678;-0.07727256,-0.9535707,1.9384251;-0.6142886,-0.2030087,1.519615;0.070359185,1.6615047,0.60275686;1.175934,-1.202834,0.020059932;-0.7529028,-0.10571558,-0.10049992;2.0333714,0.109744124,-1.2682754;0.8624696,1.4810717,0.5397893;-1.1053818,2.2481494,-0.16358894;-0.52942306,0.230297,-0.023331402;1.0814543,-1.2677377,0.18096301;-2.5202096,-0.541981,0.2550902;-0.71431094,0.06519097,0.013591548;-2.0891018,-0.7899608,0.14540218;0.67235637,1.3149087,0.55191725;1.0430822,-0.7211519,0.43164748;-0.6976526,-0.88382304,-2.0129213;1.92745,0.09486262,-1.1995616;0.3966556,-0.12674423,-0.013723378;1.3413348,-1.1233418,-0.28289217;-1.0607367,1.1854547,0.35286617;-0.7280026,-0.7335816,-2.24292;1.9297187,0.11770934,-1.2011013;0.6013048,-0.79613227,-0.63066304;0.14113674,1.5596943,0.6283341;0.24354292,-0.83422756,-1.1104428;-0.8277681,-0.65692073,-2.465881;0.15170203,-0.6721819,-0.720809;0.32070276,-0.5235748,0.5227466;-1.8424276,-0.44331777,0.14623827;-0.1530369,-0.49507907,1.0362829;-0.8592995,2.2587729,-0.09556046;0.11685385,0.10525536,0.34611878;2.1053123,0.19980137,-1.4207209;0.9519362,-0.505799,-0.44363227;1.3189358,0.89481026,0.7077423;-0.8956837,2.557644,-0.22358653;0.6306408,-0.52190846,0.22169477;0.9046412,-0.3602723,-0.35519227;0.615479,-1.219021,0.08997162;-0.45185602,0.44012377,-0.07033713;-0.81725824,-0.81065154,-2.1387608;-0.4155748,-0.7761283,-1.9269663;-0.29854107,-0.93196106,-0.07714033;-1.4803604,-0.38863957,0.07133718;-0.6682409,1.5230819,0.09883264;-0.9289153,-0.81664735,-2.3680782;-0.9129898,0.9415061,0.4293891;0.73570764,1.8611875,0.44798127;-0.30394745,-0.046756007,-0.16708449;0.03141532,1.1321326,0.17792548;-1.042738,-0.7970329,-2.3898559;-1.0371249,1.3131819,0.16229056;-0.47137105,0.60833275,0.22530974;0.23460685,1.8525267,0.21946374;0.01808773,1.1537884,0.15612437;0.08423407,-0.9237261,-1.2263958;0.14588574,0.36745924,0.4314743;2.3179846,0.29030746,-1.4726772;0.22740567,-1.0053962,-1.0029794;1.8069558,0.21406545,-1.3096337;-0.39464888,-0.11915786,1.9483126;0.5354762,-0.6438247,0.58969676;0.1581465,0.043447442,0.20496204;0.8579689,1.7602887,0.45875978;0.3757207,-0.5409476,0.579424;-1.1528635,2.013362,-0.043847177;1.5200058,-0.24358465,-0.8140932;1.6147555,-0.06883912,-0.97891164;0.9326321,-0.45440188,-0.39815927;-0.436232,-0.47157162,-0.436251;-0.92451596,-0.8322298,-2.2213771;-0.16130166,-0.49843797,-0.7096743;-0.3712344,-0.49621922,-0.2649955;0.6248591,-0.23122273,0.26798922;1.3738356,-0.042445168,-0.9917773;-0.24656373,-0.30411497,1.7400764;2.1297164,0.24593708,-1.4176966;-1.157803,1.9286537,-0.058182657;-0.030701622,1.7723103,0.50630677;-1.4206319,-0.46007746,0.078888126;0.9346831,1.3295561,0.7235559;0.19722636,0.54130596,0.4711135;-1.1516786,1.4465677,0.1596112;-0.2576298,-0.65450364,1.5424513;-0.2267286,-0.38522917,0.83769876;-0.34129086,-0.87929875,-1.9783827;-0.21393761,-0.05794129,-0.45973742;0.07876163,1.7693735,0.46784207;0.39853024,-1.1622113,0.0534926;1.2849416,-0.22106719,-0.90938306;0.24683692,1.4626127,0.5754722;0.09150452,-0.5053216,1.544552;1.3511773,-1.1554241,-0.25323907;0.22107401,-0.76450884,-1.1443341;-0.63407874,1.6631913,-0.23931436;-0.76400006,-0.5996845,-0.13689953;1.165454,-1.0351814,-0.116254784;-0.41362998,-0.77998173,-0.08115167;-1.1881398,1.5789068,0.26664755;0.16997641,-0.47795525,1.4048517;1.2759435,-0.48769185,-0.43831733;-0.22404455,-0.09894629,1.8332802;0.80891114,1.6713789,0.38186583;0.052837282,1.4165422,0.33355314;0.535826,-1.0207727,-0.026600443;-2.3998797,-0.44257498,0.14892669;1.858719,0.07177461,-1.1382817;0.8939778,-0.8266409,-0.5829158;0.977904,-1.4003716,0.13338982;0.6342272,1.7514642,0.12049101;-0.32716995,-0.12306147,1.963001;1.158307,1.1861452,0.696318;-0.02667355,1.4251908,0.080798134;1.6726213,0.007474179,-1.0101348;0.06501273,0.17994228,0.1327006;0.36784312,1.2294933,0.62665015;0.32020712,0.26128468,0.11839835;-0.63585967,1.7497817,-0.26443708;1.036807,-1.375688,0.29541177;-0.1410873,-0.31878886,-0.7753947;-1.1446759,-0.70620453,-2.3644984;-0.14271866,-0.5525551,-0.5483942;1.0144894,-1.2471002,0.06079178;-0.10379345,1.3940889,0.087087706;-0.99208647,-0.5464133,-1.9270234;0.12124363,1.7350465,0.48451543;-0.17001806,2.0193367,0.20240775;0.90085953,-0.5436358,-0.0046578525;0.09305003,1.1575758,0.58478546;0.7326287,-0.8459295,0.4666679;-0.84229386,2.4367602,-0.22605823;1.2890526,-0.89952564,-0.46934417;0.2891683,1.4776018,0.5623203;-0.16317378,-0.48571718,1.1693047;0.099677585,1.7347844,0.4494637;-0.57030654,-0.69818246,-1.8034137;-0.2735536,-0.89343584,1.8795502;-0.5031332,-0.2812091,1.4731059;-0.9082017,0.9654726,0.36641523;-0.36889645,0.7637856,0.34232566;-0.6383247,-0.75720924,-2.1655326;-0.15093295,-0.48007783,-0.6376247;0.22001356,-0.23245743,0.31292793;-1.2136219,1.7049745,0.05585369;-0.5890319,0.8305044,0.22766367;1.1293207,1.2141181,0.6329476;1.2000806,1.099496,0.672768;-1.5072342,-0.48386487,0.10189083;-0.0123484805,-0.6059944,-1.0066507;0.26820055,0.50875986,0.2805836;-0.70057964,-0.7311807,-2.0840828;-0.25887293,-0.42497543,-0.6330265;1.3709403,-0.3649806,-0.5188519;0.022034073,0.5072778,0.6269621;0.8259051,-1.4895657,0.02987891;0.83295095,1.3855953,0.5923028;1.3524497,-1.0480989,-0.26376742;-0.2540409,-0.6726222,1.9418344;1.0555302,-0.644618,-0.10473468;-2.4526331,-0.5520554,0.09537184;-0.7625497,-0.80377036,-2.266797;1.5966761,-0.008174713,-1.0641454;1.0090871,-0.77366203,0.41915262;-0.24274227,-0.97253704,-0.1467572;0.32481265,-1.0682423,1.8090123;1.9864881,0.111053,-1.2159392;1.2664542,-0.6707416,-0.4811393;1.1626203,-1.1243398,-0.0024889153;-0.1590763,1.9369736,0.30152386;0.6285512,-0.20341592,0.30835935;-0.41752508,-0.803451,-2.0164897;-0.27602223,-0.3257467,-0.72553784;0.34624305,0.030553373,0.17365569;-2.1153688,-0.5709024,-0.011792404;-0.46891198,-0.14344457,-0.072996944;-0.09193701,-0.25982106,1.8533316;-0.1926472,-0.31879637,1.7130667;0.4297422,-1.2167869,0.20453946;0.85715115,-1.3889381,0.044625554;0.27490655,-0.13266475,-0.01775847;-0.41629362,-0.15168078,1.9200027;-0.90808094,0.95490867,0.3797978;1.0821714,-0.3238932,-0.43497312;0.73367155,-1.230528,1.6372494;0.17035067,-0.5183815,1.0515732;0.36706856,-1.0542529,1.6131898;-0.5377606,-0.27275234,1.4613447;0.4342703,-1.217478,1.7610193;-1.3581617,-0.43413454,0.083969265;0.9718371,1.4973365,0.4372019;1.4527637,-0.44190148,-0.8048623;0.4263262,-0.96749294,-0.95369947;0.805319,1.6363362,0.7527005;-0.51965064,-0.51460457,-0.2870227;-0.44850758,1.6069717,-0.036749445;-1.0508152,-0.68813086,-2.4397461;0.014436526,-0.9688198,1.8050145;-0.07432207,-0.3640282,1.2566404;-0.35538828,-0.2546813,-0.1135258;-1.2585757,1.9603866,-0.04891055;-0.38190687,-0.18718064,1.8982667;-1.2177615,-0.6774579,-2.2964537;-1.0775433,2.0894313,-0.024411945;-0.45610377,1.5220051,-0.066541046;0.71374875,-0.3638429,-0.20424308;-0.56079865,-0.7434414,-2.120262;-0.080814645,-0.30888292,-0.7095541;-0.25971678,-0.8725369,-0.09980961;-0.3375559,-0.19737528,-0.096256666;1.2323693,0.7171304,0.69686097;-0.0797622,-0.9835699,1.9117764;-0.6822465,1.8028982,0.002094725;-0.21413057,2.0209336,0.15112145;0.51405215,-0.8702556,-0.100363255;-0.10416365,0.297687,0.17815724;-0.037529487,-1.0414213,1.947006;0.0023806116,-0.6137935,1.4560351;-1.2022747,1.4218353,0.07106445;0.035119943,0.16653784,0.25946063;0.8005012,-0.9247175,0.3956994;-0.12710394,-0.9349255,-1.4410601;0.80530006,1.6696519,0.25419638;-1.1027331,-0.6200779,-2.098395;-0.59788895,1.4877113,0.06866904;-0.17400631,1.1565732,0.3744759;0.85012203,1.4944181,0.49955398;0.27416933,-0.96292883,-0.9743107;-1.0692098,1.3989159,0.0011440063;0.25690183,-0.84964865,-0.0005002511;0.060172707,1.0094135,0.048487347;1.5186741,-0.22156027,-0.5584868;0.9200795,-0.5270912,-0.029677365;-0.31405324,-0.7515362,-1.7124596;0.49184424,-1.0001554,0.13603117;-0.4155707,0.065311484,-0.67390287;-0.67200184,-0.7508622,-2.326111;-2.3698456,-0.56832415,0.26204935;-0.38535777,-0.49785924,-0.20961854;0.4931536,-0.7751579,0.11035312;1.2837579,0.9495767,0.6986394;-0.52106106,-0.054763235,1.9191306;-0.05714066,-0.40842122,1.6468214;0.27464786,0.6910769,0.46722454;0.70447,-0.772975,0.49828354;-0.7754692,-0.6359502,-2.378251;-2.084378,-0.49351746,0.074838586;-1.0297984,1.3540366,-0.027425796;-0.29337537,-0.7297049,-1.594158;0.2587998,-0.18035768,-0.1995268;-0.273249,-0.44300273,1.5822263;1.3149966,-1.0472673,-0.21140288;-0.6862686,1.7476511,-0.27481258;-0.76719105,2.1776135,-0.062999114;-2.3583674,-0.29503036,0.14639513;-0.051783808,-0.49571145,1.642495;1.3820127,-0.5410505,-0.6931013;1.2983725,0.76657534,0.7127376;-2.7036345,-0.4520369,0.20181778;0.74284315,1.7054297,0.2108737;2.28183,0.1924974,-1.413445;0.3579375,1.2429273,0.6192695;0.030314578,1.2214779,0.5338751;-0.6016877,-0.1729651,1.6101974;0.66905975,1.6255728,0.43310767;-0.7818644,-0.28654802,0.03214975;-1.1462253,2.0638444,-0.059527885;-0.3020496,0.7179135,0.2196438;0.29224023,-0.7266996,0.030628327;0.10700669,-0.25425544,0.980522;0.5757722,-0.7400241,0.55095;-0.06887567,-1.0207043,1.9373341;0.7819407,1.589622,0.875311;0.3842237,0.7425949,0.5706454;-0.9848849,-0.38239998,-0.019801347;-0.48718747,1.4866704,0.050606824;0.8229977,1.4287251,0.6690079;2.2538664,0.17666748,-1.3605956;1.2505026,-0.43429962,-0.50354886;-0.39010733,-0.64993334,-0.20558862;0.5263693,-1.0297749,1.5294791;-0.8687011,2.5002975,-0.19260645;-2.3629394,-0.3386572,0.133398;-0.30148134,-0.40477028,-0.18735899;-0.7005665,0.04179845,0.033940773;-0.10384135,1.4491076,0.06382239;0.36068612,1.2850798,0.6251432;-1.0215303,-0.4047112,-0.022611694;0.28056377,-0.7213432,-0.74164706;-0.33073464,-0.88219744,-0.09538236;0.49251527,-1.0313395,1.6030704;-1.1290355,1.9549899,-0.025072273;1.1207843,-1.2790694,0.113431856;1.1421273,-1.1925843,0.058603406;0.22008166,-0.6490124,1.4996545;-0.22349474,-0.26282248,-0.81159735;0.22984052,-0.96830773,-1.0768105;2.415212,0.276976,-1.5015689;1.0777694,-0.64569485,-0.15184517;-1.1319813,1.4123936,0.22682448;0.69815606,-1.3475226,0.057077713;1.7208201,0.12892377,-1.1620039;-2.0562766,-0.3908958,0.1947938;1.5226268,-0.12531316,-0.9541825;-1.1863006,1.4703048,0.31507733;0.13484046,0.093019165,-0.22511718;-0.58706456,-0.006711544,1.9320966;0.2555343,1.4897286,0.5408766;0.9928522,-1.4763396,0.23922141;-0.42154443,-0.33768535,1.5499177;-0.9824488,1.3704357,0.13725458;-0.8436811,-0.5133351,-0.04826151;1.3966434,-0.69177186,-0.6837588;0.90650827,-0.7921042,0.48089337;-0.07156469,1.748325,0.53679055;-0.027435698,-0.88500977,-1.229017;-0.046576817,-0.93278724,-1.3440175;0.36665508,-1.1644366,0.09556347;0.22042595,0.6948514,0.5401816;1.9581702,0.1777074,-1.264137;2.2778077,0.36503,-1.3761246;-0.8562104,-0.7303954,-2.4327867;-2.6334236,-0.50756544,0.34352252;-0.010193036,-0.67058337,-1.3495197;0.53276336,-0.25901175,-0.15312113;-0.26872554,-0.45861,-0.50041693;-2.183775,-0.49349156,0.19668101;-0.6613977,1.6773471,-0.17673708;0.33592305,1.0665421,0.595182;1.667264,0.08416201,-1.0920107;0.16138224,0.06503707,-0.25740433
